-0.057
-0.056
-0.054
-0.052
-0.051
-0.051
-0.051
-0.051
-0.052
-0.052
-0.051
-0.051
-0.05
-0.049
-0.047
-0.045
-0.044
-0.043
-0.043
-0.042
-0.042
-0.042
-0.042
-0.042
-0.043
-0.043
-0.043
-0.041
-0.039
-0.036
-0.033
-0.03
-0.027
-0.026
-0.028
-0.033
-0.041
-0.052
-0.066
-0.081
-0.089
-0.096
-0.101
-0.105
-0.108
-0.108
-0.106
-0.102
-0.098
-0.094
-0.09
-0.085
-0.079
-0.073
-0.068
-0.063
-0.057
-0.05
-0.041
-0.034
-0.028
-0.023
-0.018
-0.015
-0.014
-0.017
-0.021
-0.023
-0.026
-0.028
-0.03
-0.031
-0.03
-0.029
-0.027
-0.025
-0.024
-0.023
-0.022
-0.02
-0.019
-0.017
-0.015
-0.014
-0.012
-0.01
-0.008
-0.006
-0.004
-0.001
0.001
0.006
0.016
0.023
0.027
0.03
0.031
0.033
0.034
0.036
0.037
0.037
0.038
0.038
0.038
0.038
0.038
0.037
0.035
0.034
0.032
0.03
0.027
0.025
0.023
0.021
0.019
0.015
0.005
-0.001
-0.007
-0.011
-0.014
-0.017
-0.02
-0.022
-0.023
-0.023
-0.023
-0.022
-0.02
-0.017
-0.014
-0.012
-0.009
-0.007
-0.006
-0.005
-0.004
-0.002
0.0
0.001
0.003
0.006
0.008
0.01
0.011
0.012
0.012
0.011
0.01
0.008
0.005
0.003
0.001
0.0
-0.002
-0.003
-0.005
-0.007
-0.009
-0.013
-0.018
-0.023
-0.027
-0.03
-0.033
-0.037
-0.04
-0.043
-0.046
-0.049
-0.052
-0.055
-0.058
-0.061
-0.064
-0.066
-0.069
-0.072
-0.074
-0.077
-0.08
-0.083
-0.087
-0.091
-0.096
-0.102
-0.108
-0.113
-0.118
-0.124
-0.128
-0.134
-0.138
-0.139
-0.137
-0.132
-0.126
-0.118
-0.107
-0.097
-0.089
-0.082
-0.078
-0.079
-0.085
-0.093
-0.098
-0.102
-0.107
-0.111
-0.113
-0.115
-0.117
-0.117
-0.117
-0.116
-0.114
-0.11
-0.104
-0.096
-0.066
0.0
0.098
0.233
0.401
0.579
0.719
0.768
0.691
0.486
0.196
-0.094
-0.312
-0.401
-0.407
-0.348
-0.272
-0.224
-0.2
-0.189
-0.183
-0.179
-0.176
-0.173
-0.17
-0.168
-0.167
-0.166
-0.165
-0.165
-0.164
-0.164
-0.163
-0.162
-0.161
-0.16
-0.159
-0.158
-0.157
-0.155
-0.153
-0.15
-0.147
-0.144
-0.137
-0.122
-0.111
-0.106
-0.103
-0.1
-0.098
-0.097
-0.095
-0.093
-0.092
-0.089
-0.087
-0.085
-0.083
-0.081
-0.079
-0.076
-0.074
-0.071
-0.068
-0.065
-0.061
-0.058
-0.055
-0.052
-0.049
-0.047
-0.045
-0.043
-0.04
-0.037
-0.032
-0.027
-0.021
-0.015
-0.012
-0.009
-0.006
-0.004
-0.001
0.0
0.002
0.004
0.006
0.008
0.01
0.012
0.014
0.016
0.019
0.022
0.025
0.026
0.025
0.023
0.019
0.014
0.01
0.006
0.001
-0.002
-0.006
-0.008
-0.006
-0.002
0.001
0.006
0.009
0.013
0.017
0.02
0.024
0.025
0.025
0.025
0.024
0.023
0.022
0.02
0.019
0.017
0.015
0.014
0.014
0.015
0.017
0.019
0.022
0.024
0.025
0.027
0.029
0.031
0.031
0.028
0.025
0.022
0.019
0.016
0.014
0.011
0.009
0.006
0.004
0.002
0.0
0.0
-0.002
-0.003
-0.005
-0.006
-0.006
-0.007
-0.009
-0.01
-0.012
-0.013
-0.014
-0.015
-0.015
-0.016
-0.017
-0.017
-0.018
-0.018
-0.018
-0.019
-0.019
-0.02
-0.021
-0.022
-0.023
-0.024
-0.024
-0.024
-0.024
-0.024
-0.023
-0.023
-0.023
-0.022
-0.022
-0.023
-0.024
-0.025
-0.026
-0.027
-0.027
-0.027
-0.027
-0.026
-0.026
-0.025
-0.024
-0.023
-0.023
-0.024
-0.027
-0.031
-0.036
-0.044
-0.054
-0.061
-0.066
-0.071
-0.076
-0.082
-0.086
-0.088
-0.09
-0.092
-0.094
-0.095
-0.097
-0.098
-0.1
-0.101
-0.102
-0.103
-0.103
-0.103
-0.104
-0.104
-0.105
-0.106
-0.106
-0.108
-0.111
-0.11
-0.099
-0.088
-0.077
-0.066
-0.055
-0.044
-0.038
-0.033
-0.029
-0.026
-0.029
-0.035
-0.038
-0.04
-0.042
-0.044
-0.045
-0.046
-0.047
-0.047
-0.047
-0.046
-0.044
-0.042
-0.038
-0.034
-0.025
-0.008
0.02
0.062
0.123
0.21
0.331
0.487
0.655
0.788
0.83
0.744
0.539
0.268
0.002
-0.187
-0.248
-0.248
-0.191
-0.132
-0.107
-0.102
-0.098
-0.096
-0.094
-0.092
-0.091
-0.09
-0.088
-0.086
-0.085
-0.084
-0.084
-0.083
-0.081
-0.079
-0.077
-0.075
-0.071
-0.066
-0.061
-0.055
-0.047
-0.037
-0.031
-0.028
-0.025
-0.023
-0.021
-0.02
-0.02
-0.02
-0.022
-0.023
-0.024
-0.025
-0.026
-0.028
-0.03
-0.03
-0.028
-0.025
-0.02
-0.012
-0.001
0.002
0.004
0.006
0.008
0.009
0.009
0.009
0.008
0.008
0.007
0.006
0.005
0.004
0.002
0.002
0.007
0.013
0.016
0.019
0.023
0.026
0.029
0.033
0.036
0.039
0.042
0.047
0.055
0.068
0.075
0.079
0.082
0.085
0.087
0.089
0.092
0.094
0.096
0.098
0.1
0.102
0.104
0.106
0.108
0.109
0.11
0.11
0.108
0.105
0.102
0.1
0.098
0.096
0.094
0.093
0.091
0.09
0.09
0.09
0.09
0.091
0.093
0.095
0.097
0.099
0.102
0.105
0.107
0.108
0.107
0.105
0.101
0.097
0.091
0.082
0.074
0.067
0.062
0.058
0.056
0.053
0.051
0.048
0.046
0.043
0.041
0.038
0.035
0.031
0.024
0.018
0.014
0.011
0.008
0.006
0.004
0.003
0.002
0.001
0.001
0.001
0.001
0.003
0.005
0.007
0.009
0.011
0.014
0.018
0.026
0.03
0.032
0.034
0.035
0.036
0.036
0.033
0.029
0.026
0.023
0.02
0.018
0.018
0.019
0.023
0.027
0.031
0.034
0.037
0.041
0.044
0.046
0.045
0.043
0.04
0.037
0.035
0.034
0.033
0.031
0.03
0.028
0.026
0.024
0.021
0.019
0.017
0.014
0.012
0.011
0.01
0.009
0.009
0.007
0.006
0.004
0.001
0.0
-0.001
-0.003
-0.004
-0.005
-0.004
-0.003
-0.001
0.0
0.004
0.007
0.011
0.015
0.022
0.028
0.031
0.034
0.036
0.038
0.04
0.041
0.039
0.034
0.029
0.026
0.023
0.02
0.018
0.015
0.013
0.012
0.012
0.012
0.013
0.015
0.017
0.021
0.026
0.045
0.086
0.15
0.242
0.367
0.521
0.681
0.807
0.849
0.773
0.578
0.308
0.041
-0.151
-0.222
-0.226
-0.178
-0.126
-0.115
-0.113
-0.11
-0.105
-0.099
-0.087
-0.076
-0.071
-0.068
-0.066
-0.069
-0.075
-0.079
-0.083
-0.086
-0.087
-0.087
-0.086
-0.084
-0.08
-0.076
-0.071
-0.063
-0.054
-0.045
-0.037
-0.03
-0.025
-0.022
-0.019
-0.017
-0.016
-0.015
-0.013
-0.012
-0.01
-0.008
-0.004
-0.001
0.001
0.004
0.005
0.007
0.009
0.01
0.011
0.012
0.014
0.015
0.017
0.019
0.021
0.022
0.022
0.023
0.024
0.024
0.024
0.025
0.025
0.026
0.027
0.028
0.031
0.033
0.036
0.038
0.041
0.044
0.048
0.053
0.062
0.071
0.076
0.08
0.083
0.085
0.087
0.087
0.087
0.087
0.088
0.088
0.088
0.088
0.088
0.088
0.088
0.088
0.088
0.087
0.087
0.088
0.089
0.09
0.093
0.095
0.1
0.11
0.128
0.155
0.196
0.253
0.329
0.423
0.526
0.628
0.709
0.744
0.742
0.695
0.608
0.509
0.421
0.353
0.301
0.256
0.222
0.211
0.221
0.249
0.291
0.319
0.328
0.315
0.275
0.214
0.149
0.088
0.037
-0.002
-0.034
-0.059
-0.082
-0.097
-0.113
-0.128
-0.134
-0.137
-0.14
