-0.02
-0.019
-0.018
-0.016
-0.015
-0.014
-0.012
-0.01
-0.007
0.0
0.019
0.03
0.036
0.04
0.044
0.046
0.046
0.045
0.041
0.036
0.03
0.023
0.017
0.008
-0.001
-0.009
-0.015
-0.02
-0.023
-0.025
-0.028
-0.031
-0.033
-0.034
-0.035
-0.035
-0.035
-0.034
-0.034
-0.032
-0.031
-0.028
-0.025
-0.022
-0.017
-0.007
-0.007
-0.021
-0.034
-0.046
-0.051
-0.048
-0.039
-0.015
0.038
0.126
0.244
0.383
0.524
0.639
0.711
0.72
0.691
0.579
0.431
0.267
0.122
0.017
-0.039
-0.064
-0.078
-0.087
-0.096
-0.104
-0.111
-0.118
-0.122
-0.121
-0.114
-0.104
-0.095
-0.086
-0.077
-0.07
-0.062
-0.047
-0.023
-0.009
0.0
0.005
0.007
0.004
-0.002
-0.011
-0.018
-0.026
-0.034
-0.037
-0.034
-0.027
-0.019
-0.014
-0.01
-0.007
-0.003
0.0
0.004
0.007
0.011
0.014
0.018
0.023
0.031
0.046
0.063
0.076
0.086
0.094
0.102
0.11
0.12
0.13
0.139
0.148
0.155
0.162
0.169
0.177
0.186
0.194
0.202
0.211
0.221
0.231
0.239
0.246
0.253
0.258
0.26
0.258
0.254
0.248
0.239
0.223
0.194
0.17
0.152
0.132
0.113
0.094
0.073
0.058
0.046
0.036
0.027
0.018
0.012
0.007
0.002
-0.002
-0.007
-0.012
-0.018
-0.023
-0.027
-0.03
-0.034
-0.037
-0.041
-0.044
-0.046
-0.049
-0.052
-0.055
-0.057
-0.059
-0.06
-0.06
-0.061
-0.061
-0.061
-0.061
-0.061
-0.061
-0.06
-0.061
-0.061
-0.062
-0.062
-0.062
-0.062
-0.062
-0.061
-0.061
-0.06
-0.06
-0.059
-0.059
-0.059
-0.06
-0.061
-0.063
-0.064
-0.065
-0.065
-0.066
-0.067
-0.068
-0.069
-0.07
-0.071
-0.073
-0.074
-0.076
-0.077
-0.079
-0.08
-0.081
-0.081
-0.082
-0.082
-0.082
-0.083
-0.085
-0.088
-0.089
-0.089
-0.088
-0.087
-0.084
-0.083
-0.081
-0.077
-0.073
-0.07
-0.068
-0.07
-0.072
-0.075
-0.077
-0.079
-0.081
-0.083
-0.085
-0.088
-0.089
-0.089
-0.088
-0.087
-0.085
-0.083
-0.081
-0.079
-0.078
-0.077
-0.076
-0.075
-0.075
-0.075
-0.074
-0.072
-0.07
-0.067
-0.064
-0.06
-0.056
-0.052
-0.049
-0.046
-0.043
-0.04
-0.037
-0.034
-0.03
-0.026
-0.021
-0.016
-0.013
-0.01
-0.008
-0.007
-0.006
-0.005
-0.004
-0.003
-0.002
-0.001
0.0
0.003
0.005
0.006
0.004
0.001
-0.002
-0.006
-0.01
-0.013
-0.016
-0.019
-0.022
-0.024
-0.025
-0.025
-0.026
-0.026
-0.026
-0.027
-0.027
-0.028
-0.03
-0.031
-0.032
-0.033
-0.033
-0.034
-0.034
-0.034
-0.034
-0.035
-0.036
-0.04
-0.049
-0.039
-0.01
0.044
0.131
0.249
0.392
0.542
0.667
0.742
0.749
0.709
0.578
0.414
0.252
0.124
0.038
-0.016
-0.05
-0.073
-0.088
-0.097
-0.098
-0.09
-0.08
-0.073
-0.068
-0.062
-0.057
-0.052
-0.047
-0.041
-0.035
-0.028
-0.022
-0.015
-0.009
-0.004
0.0
0.004
0.008
0.012
0.015
0.018
0.02
0.022
0.025
0.029
0.032
0.034
0.033
0.031
0.028
0.025
0.021
0.017
0.011
0.006
0.006
0.015
0.027
0.036
0.045
0.054
0.062
0.069
0.077
0.086
0.096
0.106
0.113
0.121
0.13
0.144
0.165
0.188
0.208
0.216
0.219
0.222
0.224
0.227
0.229
0.23
0.231
0.231
0.231
0.231
0.229
0.227
0.223
0.218
0.212
0.205
0.198
0.185
0.16
0.145
0.128
0.102
0.077
0.06
0.044
0.032
0.023
0.013
0.002
-0.008
-0.012
-0.014
-0.017
-0.02
-0.023
-0.025
-0.026
-0.027
-0.027
-0.028
-0.029
-0.03
-0.031
-0.031
-0.031
-0.031
-0.033
-0.035
-0.036
-0.036
-0.037
-0.038
-0.04
-0.041
-0.042
-0.044
-0.045
-0.047
-0.054
-0.061
-0.064
-0.063
-0.057
-0.051
-0.047
-0.043
-0.039
-0.035
-0.033
-0.032
-0.034
-0.038
-0.042
-0.047
-0.052
-0.057
-0.063
-0.068
-0.073
-0.078
-0.082
-0.086
-0.089
-0.091
-0.092
-0.093
-0.094
-0.094
-0.095
-0.096
-0.096
-0.097
-0.098
-0.098
-0.098
-0.098
-0.098
-0.099
-0.099
-0.099
-0.098
-0.098
-0.097
-0.098
-0.098
-0.099
-0.099
-0.1
-0.1
-0.1
-0.101
-0.101
-0.102
-0.103
-0.103
-0.103
-0.103
-0.104
-0.106
-0.106
-0.107
-0.107
-0.107
-0.107
-0.108
-0.108
-0.108
-0.109
-0.109
-0.11
-0.112
-0.114
-0.116
-0.117
-0.116
-0.111
-0.106
-0.101
-0.097
-0.094
-0.091
-0.088
-0.085
-0.083
-0.081
-0.079
-0.077
-0.075
-0.073
-0.071
-0.07
-0.068
-0.066
-0.063
-0.061
-0.058
-0.055
-0.051
-0.046
-0.035
-0.026
-0.02
-0.015
-0.012
-0.009
-0.007
-0.005
-0.004
-0.004
-0.004
-0.006
-0.01
-0.016
-0.022
-0.029
-0.036
-0.042
-0.05
-0.058
-0.065
-0.069
-0.069
-0.066
-0.061
-0.055
-0.049
-0.042
-0.032
-0.024
-0.021
-0.02
-0.019
-0.018
-0.017
-0.015
-0.015
-0.017
-0.023
-0.029
-0.036
-0.044
-0.05
-0.051
-0.046
-0.038
-0.012
0.035
0.108
0.206
0.334
0.478
0.624
0.749
0.819
0.822
0.768
0.638
0.476
0.309
0.171
0.069
-0.002
-0.04
-0.049
-0.055
-0.059
-0.06
-0.06
-0.057
-0.054
-0.048
-0.041
-0.025
-0.003
0.002
0.005
0.008
0.01
0.011
0.013
0.014
0.015
0.015
0.016
0.015
0.015
0.014
0.012
0.011
0.01
0.009
0.01
0.011
0.012
0.014
0.015
0.017
0.019
0.021
0.022
0.024
0.026
0.029
0.035
0.053
0.076
0.093
0.105
0.114
0.122
0.128
0.134
0.139
0.145
0.152
0.16
0.17
0.181
0.196
0.214
0.23
0.242
0.252
0.26
0.267
0.273
0.278
0.282
0.286
0.288
0.289
0.288
0.284
0.278
0.273
0.268
0.26
0.253
0.249
0.254
0.264
0.278
0.291
0.308
0.317
0.309
0.291
0.266
0.232
0.2
0.167
0.113
0.043
0.002
-0.008
-0.015
-0.02
-0.025
-0.03
-0.034
-0.037
-0.038
-0.04
-0.041
-0.043
-0.044
-0.044
-0.045
-0.045
-0.045
-0.046
-0.047
-0.047
-0.048
-0.048
-0.049
-0.05
-0.051
-0.052
-0.052
-0.052
-0.052
-0.052
-0.051
-0.049
-0.048
-0.047
-0.046
-0.046
-0.045
-0.046
-0.047
-0.047
-0.048
-0.048
-0.049
-0.049
-0.048
-0.048
-0.048
-0.048
-0.048
-0.049
-0.05
-0.051
-0.052
-0.053
-0.055
-0.057
-0.058
-0.06
-0.061
-0.063
-0.065
-0.066
-0.068
-0.069
-0.07
-0.071
-0.072
-0.074
-0.076
-0.079
-0.082
-0.085
-0.087
-0.089
-0.09
-0.089
-0.088
-0.085
-0.083
-0.08
-0.078
-0.076
-0.074
-0.072
-0.071
-0.07
-0.069
-0.068
-0.068
-0.067
-0.066
-0.065
-0.064
-0.063
-0.063
-0.063
-0.063
-0.063
-0.063
-0.063
-0.064
-0.064
-0.065
-0.065
-0.065
-0.064
-0.063
-0.062
-0.06
-0.059
-0.057
-0.056
-0.054
-0.053
-0.053
-0.052
-0.051
-0.05
-0.05
-0.049
-0.048
-0.047
-0.046
-0.044
-0.041
-0.037
-0.034
-0.031
-0.028
-0.025
-0.022
-0.02
-0.017
-0.015
-0.013
-0.01
-0.006
-0.001
0.003
0.006
0.006
0.004
0.0
-0.007
-0.014
-0.022
-0.034
-0.046
-0.055
-0.062
-0.067
-0.072
-0.076
-0.079
-0.082
-0.085
-0.086
-0.086
-0.085
-0.084
-0.083
-0.082
-0.081
-0.08
-0.078
-0.075
-0.073
-0.07
-0.067
-0.063
-0.06
-0.056
-0.053
-0.05
-0.046
-0.041
-0.023
0.03
0.117
0.229
0.361
0.495
0.614
0.709
0.749
0.746
0.689
0.565
0.397
0.231
0.095
-0.016
-0.067
-0.084
-0.093
-0.093
-0.085
-0.075
-0.069
-0.065
-0.062
-0.058
-0.055
-0.052
-0.048
-0.043
-0.039
-0.035
-0.031
-0.028
-0.025
-0.023
-0.021
-0.019
-0.017
-0.015
-0.013
-0.01
-0.007
-0.004
-0.001
0.0
0.002
0.004
0.005
0.006
0.007
0.009
0.01
0.012
0.014
0.018
0.026
0.037
0.052
0.064
0.076
0.086
0.093
0.1
0.105
0.109
0.113
0.116
0.121
0.127
0.134
0.143
0.156
0.176
0.192
0.207
0.222
0.238
0.254
0.269
0.282
0.289
0.296
0.301
0.304
0.303
0.298
0.291
0.281
0.267
0.247
0.233
0.222
0.212
0.2
0.187
0.171
0.154
0.14
0.123
0.103
0.083
0.062
0.045
0.032
0.019
0.011
0.006
0.003
0.0
-0.001
-0.002
-0.003
-0.004
-0.004
-0.005
-0.006
-0.008
-0.009
-0.01
-0.011
-0.011
-0.012
-0.013
-0.014
-0.016
-0.018
-0.021
-0.024
-0.031
-0.035
-0.032
-0.025
-0.021
-0.018
-0.014
-0.011
-0.012
-0.015
-0.02
-0.024
-0.027
-0.03
-0.033
-0.036
-0.039
-0.04
-0.039
-0.038
-0.034
-0.031
-0.027
-0.024
-0.02
-0.016
-0.012
-0.01
-0.011
-0.015
-0.019
-0.022
-0.024
-0.026
-0.026
-0.027
-0.028
-0.03
-0.031
-0.032
-0.033
-0.034
-0.034
-0.035
-0.035
-0.035
-0.035
-0.034
-0.034
-0.034
-0.034
-0.034
-0.035
-0.036
-0.037
-0.037
-0.038
-0.039
-0.04
-0.041
-0.041
-0.042
-0.043
-0.044
-0.044
-0.045
-0.047
-0.049
-0.051
-0.051
-0.049
-0.045
-0.04
-0.035
-0.03
-0.023
-0.017
-0.012
-0.011
-0.015
-0.021
-0.029
-0.04
-0.054
-0.058
-0.06
-0.062
-0.063
-0.063
-0.064
-0.064
-0.064
-0.064
-0.062
-0.06
-0.058
-0.055
-0.052
-0.05
-0.047
-0.044
-0.041
-0.038
-0.035
-0.032
-0.031
-0.029
-0.026
-0.023
-0.017
-0.006
0.0
0.003
0.005
0.007
0.009
0.011
0.012
0.013
0.011
0.008
0.004
0.0
-0.005
-0.012
-0.023
-0.034
-0.043
-0.058
-0.077
-0.085
-0.09
-0.093
-0.095
-0.096
-0.097
-0.096
-0.094
-0.091
-0.089
-0.087
-0.086
-0.085
-0.083
-0.08
-0.078
-0.076
-0.074
-0.072
-0.071
-0.07
-0.068
-0.065
-0.062
-0.045
0.001
0.072
0.166
0.286
0.422
0.561
0.679
0.738
0.738
0.683
0.571
0.423
0.254
0.116
0.017
-0.039
-0.066
-0.079
-0.088
-0.094
-0.098
-0.096
-0.091
-0.086
-0.082
-0.079
-0.076
-0.073
-0.069
-0.065
-0.06
-0.054
-0.049
-0.044
-0.04
-0.036
-0.031
-0.028
-0.025
-0.023
-0.022
-0.021
-0.021
-0.021
-0.022
-0.023
-0.025
-0.026
-0.027
-0.029
-0.031
-0.034
-0.035
-0.036
-0.035
-0.033
-0.03
-0.026
-0.022
-0.017
-0.012
-0.005
0.0
0.007
0.013
0.02
0.028
0.036
0.043
0.051
0.06
0.072
0.086
0.104
0.125
0.14
0.152
0.166
0.174
0.178
0.182
0.185
0.188
0.19
0.191
0.191
0.192
0.191
0.19
0.188
0.185
0.181
0.177
0.171
0.159
0.134
0.113
0.097
0.081
0.068
0.059
0.049
0.039
0.029
0.019
0.007
-0.003
-0.012
-0.018
-0.023
-0.028
-0.031
-0.031
-0.029
-0.025
-0.02
-0.017
-0.014
-0.012
-0.011
-0.009
-0.008
-0.008
-0.01
-0.014
-0.018
-0.023
-0.027
-0.029
-0.031
-0.033
-0.035
-0.037
-0.038
-0.039
-0.039
-0.04
-0.041
-0.042
-0.043
-0.043
-0.042
-0.041
-0.04
-0.04
-0.04
-0.04
-0.039
-0.038
-0.037
-0.037
-0.036
-0.036
-0.037
-0.037
-0.037
-0.038
-0.04
-0.041
-0.042
-0.043
-0.044
-0.045
-0.045
-0.046
-0.046
-0.047
-0.047
-0.049
-0.053
-0.058
-0.062
-0.062
-0.06
-0.057
-0.054
-0.053
-0.052
-0.05
-0.049
-0.047
-0.045
-0.044
-0.044
-0.044
-0.045
-0.045
-0.046
-0.046
-0.047
-0.046
-0.045
-0.044
-0.043
-0.041
-0.04
-0.039
-0.038
-0.037
-0.035
-0.034
-0.033
-0.03
-0.026
-0.022
-0.02
-0.02
-0.021
-0.022
-0.025
-0.026
-0.028
-0.029
-0.031
-0.033
-0.035
-0.036
-0.038
-0.039
-0.039
-0.039
-0.037
-0.036
-0.033
-0.03
-0.026
-0.023
-0.019
-0.015
-0.011
-0.007
-0.004
-0.001
0.0
0.002
0.003
0.005
0.006
0.007
0.008
0.009
0.009
0.009
0.006
0.001
-0.004
-0.01
-0.016
-0.021
-0.026
-0.03
-0.034
-0.039
-0.042
-0.046
-0.048
-0.05
-0.051
-0.052
-0.052
-0.052
-0.053
-0.053
-0.054
-0.055
-0.056
-0.057
-0.058
-0.06
-0.063
-0.068
-0.073
-0.08
-0.087
-0.098
-0.103
-0.099
-0.086
-0.053
0.017
0.121
0.246
0.377
0.5
0.6
0.639
0.634
0.567
0.434
0.286
0.158
0.053
-0.004
-0.049
-0.074
-0.1
-0.118
-0.128
-0.135
-0.12
-0.101
-0.085
-0.073
-0.068
-0.065
-0.063
-0.061
-0.059
-0.056
-0.053
-0.051
-0.048
-0.045
-0.043
-0.04
-0.038
-0.037
-0.036
-0.034
-0.03
-0.025
-0.021
-0.018
-0.017
-0.017
-0.018
-0.019
-0.021
-0.023
-0.027
-0.03
-0.026
-0.015
-0.006
0.002
0.011
0.018
0.024
0.031
0.038
0.046
0.055
0.064
0.081
0.108
0.131
0.148
0.166
0.177
0.184
0.19
0.195
0.2
0.204
0.207
0.21
0.214
0.221
0.234
0.243
0.249
0.254
0.258
0.259
0.256
0.249
0.24
0.231
0.219
0.207
0.195
0.181
0.164
0.15
0.135
0.121
0.105
0.089
0.074
0.063
0.053
0.045
0.035
0.024
0.015
0.009
0.003
-0.002
-0.007
-0.011
-0.015
-0.017
-0.019
-0.02
-0.021
-0.022
-0.023
-0.024
-0.024
-0.025
-0.025
-0.025
-0.025
-0.025
-0.024
-0.025
-0.026
-0.028
-0.03
-0.032
-0.034
-0.035
-0.037
-0.039
-0.041
-0.043
-0.045
-0.046
-0.048
-0.05
-0.053
-0.056
-0.059
-0.063
-0.067
-0.071
-0.075
-0.078
-0.081
-0.083
-0.084
-0.086
-0.088
-0.09
-0.093
-0.097
-0.102
-0.107
-0.111
-0.115
-0.12
-0.125
-0.132
-0.143
-0.153
-0.157
-0.16
-0.163
-0.165
-0.166
-0.166
-0.167
-0.167
-0.167
-0.167
-0.166
-0.165
-0.164
-0.163
-0.163
-0.162
-0.161
-0.16
-0.158
-0.155
-0.149
-0.144
-0.144
-0.149
-0.154
-0.157
-0.16
-0.163
-0.166
-0.168
-0.17
-0.171
-0.173
-0.173
-0.172
-0.171
-0.17
-0.167
-0.165
-0.162
-0.158
-0.154
-0.146
-0.13
-0.122
-0.117
-0.114
-0.112
-0.114
-0.117
-0.121
-0.125
-0.129
-0.133
-0.138
-0.143
-0.15
-0.157
-0.166
-0.178
-0.187
-0.195
-0.197
-0.199
-0.2
-0.201
-0.202
-0.203
-0.204
-0.204
-0.204
-0.205
-0.205
-0.206
-0.206
-0.206
-0.205
-0.205
-0.204
-0.204
-0.204
-0.204
-0.204
-0.204
-0.205
-0.206
-0.209
-0.197
-0.162
-0.11
-0.041
0.045
0.155
0.274
0.387
0.472
0.504
0.5
0.447
0.346
0.212
0.086
-0.034
-0.128
-0.182
-0.201
-0.202
-0.192
-0.183
-0.172
-0.157
-0.136
-0.109
-0.086
-0.07
-0.055
-0.048
-0.044
-0.04
-0.037
-0.035
-0.033
-0.03
-0.028
-0.025
-0.022
-0.019
-0.015
-0.012
-0.008
-0.003
0.002
0.009
0.015
0.023
0.029
0.036
0.042
0.048
0.054
0.059
0.062
0.065
0.068
0.075
0.086
0.101
0.117
0.132
0.147
0.157
0.163
0.169
0.174
0.179
0.183
0.186
0.191
0.201
0.224
0.25
0.281
0.301
0.311
0.318
0.323
0.329
0.333
0.336
0.339
0.343
0.346
0.351
0.356
0.359
0.359
0.355
0.349
0.341
0.327
0.3
0.28
0.268
0.259
0.251
0.243
0.236
0.227
0.219
0.209
0.199
0.188
0.177
0.166
0.157
0.147
0.137
0.128
0.121
0.117
0.114
0.112
0.11
0.109
0.107
0.105
0.103
0.101
0.098
0.095
0.092
0.089
0.086
0.084
0.082
0.081
0.079
0.076
0.073
0.07
0.067
0.064
0.062
0.059
0.057
0.056
0.055
0.055
0.055
0.054
0.053
0.052
0.05
0.048
0.046
0.043
0.039
0.034
0.029
0.022
0.015
0.01
0.007
0.004
0.001
0.0
-0.003
-0.005
-0.007
-0.008
-0.01
-0.012
-0.013
-0.014
-0.014
-0.014
-0.014
-0.014
-0.014
-0.015
-0.016
-0.017
-0.019
-0.02
-0.021
-0.022
-0.023
-0.025
-0.026
-0.027
-0.028
-0.03
-0.033
-0.036
-0.039
-0.041
-0.041
-0.039
-0.036
-0.033
-0.031
-0.031
-0.03
-0.029
-0.028
-0.027
-0.026
-0.025
-0.024
-0.023
-0.02
-0.017
-0.015
-0.013
-0.012
-0.011
-0.009
-0.007
-0.004
-0.002
0.0
0.003
0.007
0.012
0.018
0.024
0.029
0.033
0.036
0.039
0.041
0.044
0.047
0.049
0.053
0.057
0.06
0.061
0.059
0.055
0.048
0.04
0.031
0.017
0.006
-0.002
-0.009
-0.015
-0.02
-0.025
-0.028
-0.03
-0.033
-0.036
-0.04
-0.044
-0.046
-0.043
-0.036
-0.027
-0.019
-0.009
-0.001
-0.001
-0.009
-0.02
-0.029
-0.04
-0.048
-0.048
-0.04
-0.025
0.019
0.092
0.187
0.294
0.411
0.522
0.618
0.679
0.683
0.645
0.53
0.369
0.204
0.072
-0.015
-0.053
-0.064
-0.071
-0.076
-0.08
-0.086
-0.092
-0.095
-0.09
-0.081
-0.075
-0.071
-0.068
-0.065
-0.061
-0.057
-0.052
-0.046
-0.039
-0.033
-0.027
-0.02
-0.009
0.0
0.003
0.002
0.002
0.002
0.002
0.002
0.003
0.003
0.003
0.003
0.002
0.003
0.005
0.008
0.012
0.016
0.021
0.029
0.046
0.064
0.075
0.082
0.088
0.092
0.097
0.101
0.105
0.109
0.113
0.117
0.123
0.131
0.138
0.146
0.159
0.182
0.204
0.22
0.231
0.24
0.249
0.255
0.26
0.264
0.269
0.272
0.266
0.254
0.241
0.224
0.212
0.196
0.173
0.148
0.122
0.102
0.09
0.077
0.063
0.046
0.027
0.01
-0.003
-0.014
-0.025
-0.035
-0.04
-0.044
-0.047
-0.049
-0.052
-0.054
-0.056
-0.059
-0.063
-0.066
-0.069
-0.071
-0.073
-0.075
-0.078
-0.08
-0.082
-0.086
-0.089
-0.093
-0.096
-0.099
-0.1
-0.098
-0.096
-0.092
-0.089
-0.085
-0.081
-0.078
-0.075
-0.072
-0.069
-0.066
-0.064
-0.063
-0.063
-0.063
-0.064
-0.066
-0.069
-0.072
-0.076
-0.08
-0.084
-0.087
-0.09
-0.094
-0.098
-0.1
-0.102
-0.102
-0.1
-0.096
-0.092
-0.088
-0.086
-0.084
-0.083
-0.081
-0.079
-0.077
-0.076
-0.075
-0.075
-0.074
-0.073
-0.072
-0.071
-0.071
-0.071
-0.071
-0.07
-0.07
-0.068
-0.067
-0.066
-0.065
-0.063
-0.062
-0.06
-0.059
-0.058
-0.058
-0.057
-0.057
-0.057
-0.056
-0.056
-0.055
-0.055
-0.054
-0.054
-0.053
-0.053
-0.053
-0.053
-0.053
-0.054
-0.054
-0.055
-0.056
-0.055
-0.054
-0.053
-0.051
-0.05
-0.048
-0.046
-0.044
-0.041
-0.039
-0.036
-0.035
-0.033
-0.031
-0.028
-0.026
-0.023
-0.021
-0.019
-0.018
-0.018
-0.019
-0.022
-0.026
-0.031
-0.037
-0.044
-0.052
-0.064
-0.077
-0.089
-0.099
-0.104
-0.108
-0.112
-0.115
-0.118
-0.12
-0.123
-0.125
-0.126
-0.128
-0.129
-0.131
-0.132
-0.132
-0.131
-0.13
-0.129
-0.127
-0.125
-0.123
-0.12
-0.117
-0.113
-0.108
-0.103
-0.092
-0.061
-0.009
0.066
0.165
0.285
0.411
0.527
0.6
0.624
0.602
0.535
0.407
0.267
0.139
0.042
-0.027
-0.081
-0.128
-0.145
-0.151
-0.149
-0.144
-0.14
-0.138
-0.136
-0.134
-0.131
-0.127
-0.121
-0.115
-0.109
-0.104
-0.102
-0.1
-0.099
-0.099
-0.099
-0.098
-0.097
-0.095
-0.093
-0.09
-0.087
-0.084
-0.082
-0.08
-0.078
-0.076
-0.074
-0.072
-0.071
-0.07
-0.069
-0.068
-0.065
-0.062
-0.058
-0.054
-0.05
-0.045
-0.041
-0.037
-0.034
-0.031
-0.028
-0.025
-0.021
-0.013
0.004
0.023
0.044
0.064
0.083
0.097
0.107
0.117
0.127
0.136
0.147
0.16
0.171
0.18
0.187
0.193
0.198
0.201
0.198
0.191
0.181
0.168
0.149
0.125
0.104
0.087
0.075
0.066
0.056
0.042
0.02
0.006
-0.002
-0.008
-0.014
-0.02
-0.025
-0.03
-0.034
-0.037
-0.04
-0.043
-0.046
-0.049
-0.051
-0.053
-0.055
-0.056
-0.058
-0.059
-0.059
-0.059
-0.058
-0.056
-0.054
-0.052
-0.05
-0.048
-0.046
-0.044
-0.041
-0.039
-0.037
-0.035
-0.033
-0.031
-0.029
-0.028
-0.026
-0.024
-0.024
-0.024
-0.024
-0.023
-0.023
-0.023
-0.023
-0.023
-0.023
-0.023
-0.024
-0.024
-0.025
-0.026
-0.027
-0.028
-0.029
-0.03
-0.031
-0.032
-0.032
-0.033
-0.034
-0.035
-0.036
-0.036
-0.037
-0.038
-0.038
-0.039
-0.04
-0.041
-0.04
-0.04
-0.04
-0.04
-0.041
-0.041
-0.041
-0.041
-0.041
-0.041
-0.041
-0.04
-0.04
-0.039
-0.038
-0.037
-0.036
-0.034
-0.033
-0.029
-0.026
-0.029
-0.033
-0.035
-0.037
-0.039
-0.042
-0.044
-0.045
-0.046
-0.047
-0.048
-0.048
-0.047
-0.045
-0.042
-0.039
-0.036
-0.033
-0.03
-0.027
-0.025
-0.022
-0.02
-0.017
-0.014
-0.012
-0.008
-0.004
0.0
0.005
0.011
0.016
0.021
0.025
0.031
0.039
0.045
0.049
0.048
0.045
0.039
0.033
0.027
0.023
0.019
0.014
0.009
0.004
0.0
-0.005
-0.009
-0.013
-0.016
-0.02
-0.023
-0.025
-0.026
-0.026
-0.027
-0.028
-0.029
-0.031
-0.033
-0.035
-0.038
-0.04
-0.041
-0.042
-0.041
-0.04
-0.039
-0.038
-0.036
-0.034
-0.032
-0.029
-0.025
-0.021
-0.003
0.047
0.123
0.222
0.341
0.468
0.597
0.707
0.77
0.775
0.733
0.62
0.459
0.283
0.133
0.031
-0.025
-0.049
-0.062
-0.071
-0.074
-0.069
-0.056
-0.042
-0.028
-0.021
-0.018
-0.015
-0.012
-0.01
-0.016
-0.028
-0.037
-0.045
-0.053
-0.058
-0.057
-0.052
-0.045
-0.038
-0.033
-0.029
-0.025
-0.021
-0.017
-0.014
-0.011
-0.008
-0.006
-0.004
-0.001
0.0
0.001
0.003
0.005
0.008
0.013
0.018
0.024
0.031
0.038
0.046
0.053
0.06
0.067
0.072
0.078
0.084
0.092
0.104
0.115
0.125
0.136
0.149
0.164
0.179
0.194
0.211
0.226
0.238
0.248
0.255
0.261
0.267
0.271
0.273
0.27
0.263
0.253
0.243
0.23
0.219
0.209
0.198
0.184
0.17
0.156
0.142
0.13
0.118
0.105
0.092
0.083
0.078
0.074
0.07
0.066
0.063
0.06
0.057
0.053
0.048
0.043
0.036
0.029
0.021
0.011
0.006
0.003
0.0
-0.002
-0.003
-0.002
0.001
0.006
0.011
0.014
0.017
0.02
0.023
0.026
0.028
0.029
0.03
0.029
0.029
0.027
0.025
0.022
0.018
0.014
0.008
-0.001
-0.008
-0.013
-0.016
-0.017
-0.018
-0.019
-0.02
-0.021
-0.023
-0.024
-0.026
-0.027
-0.029
-0.03
-0.032
-0.034
-0.037
-0.04
-0.046
-0.058
-0.069
-0.077
-0.084
-0.087
-0.084
-0.078
-0.075
-0.072
-0.069
-0.067
-0.065
-0.064
-0.065
-0.067
-0.069
-0.071
-0.072
-0.073
-0.074
-0.076
-0.077
-0.078
-0.08
-0.081
-0.082
-0.082
-0.083
-0.083
-0.083
-0.083
-0.083
-0.084
-0.085
-0.086
-0.086
-0.086
-0.086
-0.086
-0.086
-0.087
-0.087
-0.087
-0.087
-0.087
-0.088
-0.09
-0.089
-0.079
-0.064
-0.046
-0.039
-0.035
-0.032
-0.029
-0.027
-0.025
-0.023
-0.022
-0.022
-0.022
-0.022
-0.023
-0.025
-0.028
-0.031
-0.035
-0.038
-0.042
-0.05
-0.064
-0.072
-0.08
-0.089
-0.096
-0.101
-0.107
-0.11
-0.109
-0.104
-0.101
-0.097
-0.094
-0.092
-0.094
-0.101
-0.108
-0.113
-0.117
-0.121
-0.125
-0.128
-0.131
-0.133
-0.136
-0.137
-0.14
-0.143
-0.149
-0.149
-0.134
-0.096
-0.025
0.072
0.197
0.336
0.473
0.583
0.637
0.637
0.587
0.48
0.331
0.176
0.043
-0.056
-0.123
-0.173
-0.215
-0.242
-0.251
-0.242
-0.214
-0.172
-0.153
-0.144
-0.14
-0.138
-0.136
-0.133
-0.131
-0.129
-0.127
-0.124
-0.122
-0.12
-0.119
-0.118
-0.116
-0.114
-0.111
-0.107
-0.104
-0.1
-0.096
-0.092
-0.086
-0.079
-0.074
-0.068
-0.063
-0.058
-0.054
-0.05
-0.046
-0.042
-0.038
-0.034
-0.03
-0.027
-0.023
-0.019
-0.015
-0.011
-0.006
-0.001
0.005
0.02
0.043
0.059
0.071
0.08
0.093
0.109
0.119
0.125
0.129
0.134
0.138
0.142
0.147
0.157
0.176
0.187
0.193
0.198
0.201
0.201
0.199
0.196
0.19
0.184
0.177
0.167
0.156
0.146
0.135
0.121
0.107
0.093
0.078
0.064
0.05
0.037
0.02
0.013
0.01
0.007
0.005
0.004
0.003
0.002
0.001
0.0
0.0
-0.001
-0.003
-0.004
-0.005
-0.006
-0.007
-0.008
-0.009
-0.01
-0.011
-0.013
-0.015
-0.018
-0.021
-0.024
-0.028
-0.032
-0.035
-0.037
-0.039
-0.039
-0.038
-0.036
-0.033
-0.031
-0.028
-0.025
-0.022
-0.02
-0.017
-0.015
-0.012
-0.008
-0.006
-0.005
-0.004
-0.004
-0.005
-0.007
-0.011
-0.015
-0.021
-0.029
-0.044
-0.053
-0.059
-0.063
-0.066
-0.068
-0.068
-0.065
-0.059
-0.053
-0.047
-0.043
-0.041
-0.039
-0.036
-0.034
-0.033
-0.031
-0.029
-0.028
-0.026
-0.025
-0.023
-0.022
-0.021
-0.021
-0.021
-0.022
-0.022
-0.023
-0.023
-0.023
-0.023
-0.023
-0.023
-0.02
-0.016
-0.014
-0.016
-0.018
-0.02
-0.022
-0.023
-0.021
-0.014
-0.007
-0.003
0.0
0.002
0.006
0.01
0.013
0.017
0.019
0.021
0.023
0.024
0.026
0.029
0.035
0.04
0.039
0.034
0.024
0.009
-0.009
-0.018
-0.022
-0.026
-0.028
-0.029
-0.026
-0.022
-0.017
-0.013
-0.007
-0.002
