-0.477
-0.569
-0.664
-0.758
-0.837
-0.863
-0.87
-0.861
-0.845
-0.822
-0.804
-0.795
-0.788
-0.781
-0.772
-0.764
-0.755
-0.747
-0.741
-0.735
-0.729
-0.724
-0.719
-0.71
-0.695
-0.679
-0.663
-0.647
-0.629
-0.611
-0.594
-0.577
-0.56
-0.544
-0.528
-0.52
-0.516
-0.512
-0.508
-0.506
-0.505
-0.505
-0.507
-0.511
-0.517
-0.524
-0.532
-0.543
-0.562
-0.577
-0.589
-0.609
-0.635
-0.66
-0.686
-0.707
-0.723
-0.74
-0.749
-0.755
-0.76
-0.764
-0.766
-0.767
-0.767
-0.764
-0.76
-0.754
-0.748
-0.743
-0.737
-0.732
-0.726
-0.72
-0.714
-0.709
-0.704
-0.7
-0.696
-0.691
-0.685
-0.677
-0.664
-0.652
-0.64
-0.63
-0.62
-0.611
-0.602
-0.593
-0.586
-0.58
-0.574
-0.569
-0.563
-0.557
-0.552
-0.548
-0.544
-0.542
-0.539
-0.536
-0.533
-0.53
-0.526
-0.523
-0.52
-0.517
-0.514
-0.51
-0.506
-0.501
-0.494
-0.487
-0.48
-0.473
-0.467
-0.461
-0.456
-0.449
-0.442
-0.435
-0.429
-0.423
-0.417
-0.412
-0.405
-0.398
-0.391
-0.384
-0.377
-0.371
-0.367
-0.364
-0.361
-0.358
-0.356
-0.353
-0.349
-0.346
-0.342
-0.338
-0.335
-0.331
-0.326
-0.32
-0.313
-0.305
-0.297
-0.291
-0.285
-0.279
-0.272
-0.264
-0.257
-0.25
-0.242
-0.235
-0.23
-0.225
-0.222
-0.218
-0.214
-0.21
-0.205
-0.201
-0.197
-0.192
-0.186
-0.179
-0.171
-0.163
-0.155
-0.147
-0.142
-0.137
-0.133
-0.13
-0.126
-0.122
-0.119
-0.115
-0.112
-0.108
-0.104
-0.099
-0.093
-0.086
-0.079
-0.071
-0.063
-0.055
-0.049
-0.044
-0.039
-0.035
-0.031
-0.027
-0.024
-0.022
-0.02
-0.018
-0.017
-0.017
-0.017
-0.017
-0.017
-0.018
-0.018
-0.018
-0.018
-0.017
-0.016
-0.016
-0.015
-0.014
-0.013
-0.012
-0.01
-0.008
-0.005
-0.003
0.0
0.002
0.005
0.008
0.011
0.014
0.016
0.019
0.021
0.023
0.025
0.027
0.029
0.03
0.031
0.032
0.033
0.035
0.036
0.037
0.039
0.04
0.042
0.043
0.044
0.045
0.046
0.047
0.047
0.048
0.048
0.049
0.05
0.051
0.053
0.055
0.055
0.055
0.054
0.05
0.046
0.041
0.035
0.031
0.027
0.024
0.021
0.018
0.015
0.012
0.009
0.006
0.003
0.002
0.002
0.003
0.004
0.007
0.01
0.014
0.018
0.022
0.028
0.034
0.049
0.084
0.118
0.136
0.143
0.148
0.135
0.095
0.054
0.01
-0.037
-0.091
-0.118
-0.139
-0.152
-0.137
-0.114
-0.084
-0.058
-0.039
-0.021
-0.003
0.013
0.027
0.033
0.036
0.038
0.04
0.041
0.041
0.042
0.043
0.044
0.044
0.045
0.046
0.047
0.049
0.052
0.054
0.056
0.059
0.061
0.064
0.067
0.069
0.072
0.074
0.076
0.079
0.081
0.084
0.087
0.09
0.094
0.097
0.101
0.104
0.106
0.108
0.109
0.112
0.114
0.117
0.12
0.125
0.133
0.143
0.151
0.159
0.167
0.175
0.184
0.195
0.206
0.219
0.231
0.244
0.255
0.263
0.27
0.275
0.279
0.283
0.287
0.289
0.29
0.289
0.286
0.282
0.276
0.268
0.258
0.238
0.217
0.195
0.174
0.156
0.139
0.122
0.103
0.083
0.064
0.045
0.028
0.013
0.0
-0.015
-0.026
-0.036
-0.044
-0.048
-0.048
-0.049
-0.049
-0.049
-0.049
-0.049
-0.049
-0.05
-0.05
-0.049
-0.047
-0.043
-0.039
-0.036
-0.033
-0.031
-0.029
-0.028
-0.026
-0.025
-0.024
-0.023
-0.022
-0.021
-0.019
-0.018
-0.016
-0.014
-0.011
-0.007
-0.004
0.0
0.003
0.007
0.011
0.015
0.018
0.022
0.025
0.028
0.031
0.034
0.037
0.039
0.041
0.043
0.044
0.044
0.045
0.046
0.046
0.046
0.046
0.046
0.045
0.045
0.045
0.045
0.045
0.045
0.046
0.047
0.047
0.048
0.049
0.05
0.051
0.051
0.052
0.052
0.052
0.051
0.052
0.052
0.052
0.051
0.05
0.048
0.045
0.043
0.039
0.036
0.033
0.029
0.026
0.022
0.02
0.018
0.016
0.014
0.012
0.01
0.007
0.004
0.002
0.0
-0.002
-0.004
-0.005
-0.006
-0.006
-0.006
-0.006
-0.006
-0.006
-0.006
-0.007
-0.009
-0.011
-0.013
-0.015
-0.016
-0.017
-0.018
-0.019
-0.019
-0.02
-0.02
-0.021
-0.022
-0.024
-0.025
-0.027
-0.028
-0.029
-0.03
-0.031
-0.031
-0.03
-0.029
-0.028
-0.028
-0.027
-0.026
-0.026
-0.025
-0.023
-0.022
-0.021
-0.019
-0.017
-0.015
-0.013
-0.01
-0.008
-0.006
-0.004
-0.002
0.0
0.001
0.003
0.005
0.007
0.009
0.012
0.014
0.016
0.018
0.02
0.022
0.024
0.025
0.027
0.029
0.03
0.032
0.034
0.036
0.037
0.039
0.04
0.043
0.045
0.048
0.051
0.054
0.058
0.061
0.064
0.068
0.071
0.074
0.077
0.079
0.082
0.084
0.086
0.089
0.092
0.095
0.098
0.102
0.104
0.107
0.108
0.11
0.111
0.111
0.111
0.11
0.108
0.107
0.105
0.103
0.101
0.099
0.097
0.095
0.092
0.09
0.087
0.084
0.081
0.078
0.074
0.071
0.067
0.064
0.061
0.06
0.059
0.059
0.058
0.058
0.057
0.056
0.056
0.053
0.047
0.048
0.063
0.106
0.152
0.206
0.257
0.274
0.263
0.228
0.137
0.026
-0.079
-0.145
-0.168
-0.167
-0.144
-0.112
-0.077
-0.049
-0.02
0.008
0.045
0.064
0.071
0.077
0.082
0.086
0.089
0.091
0.093
0.095
0.096
0.097
0.098
0.098
0.098
0.099
0.1
0.101
0.102
0.102
0.103
0.103
0.104
0.104
0.104
0.105
0.106
0.107
0.108
0.109
0.11
0.113
0.116
0.119
0.123
0.126
0.13
0.133
0.137
0.141
0.145
0.149
0.153
0.157
0.162
0.166
0.17
0.175
0.179
0.184
0.188
0.192
0.197
0.203
0.21
0.219
0.228
0.238
0.247
0.256
0.266
0.274
0.28
0.284
0.287
0.29
0.295
0.299
0.298
0.291
0.28
0.268
0.25
0.236
0.218
0.193
0.17
0.153
0.138
0.118
0.093
0.068
0.043
0.022
0.006
-0.011
-0.03
-0.047
-0.064
-0.07
-0.072
-0.075
-0.077
-0.079
-0.081
-0.083
-0.085
-0.086
-0.088
-0.089
-0.089
-0.089
-0.088
-0.088
-0.086
-0.085
-0.083
-0.082
-0.081
-0.08
-0.08
-0.08
-0.08
-0.08
-0.08
-0.08
-0.08
-0.08
-0.08
-0.079
-0.078
-0.077
-0.075
-0.074
-0.074
-0.073
-0.072
-0.072
-0.071
-0.07
-0.07
-0.069
-0.068
-0.067
-0.065
-0.064
-0.062
-0.06
-0.058
-0.056
-0.054
-0.053
-0.051
-0.05
-0.05
-0.05
-0.05
-0.05
-0.05
-0.049
-0.049
-0.049
-0.049
-0.05
-0.05
-0.05
-0.05
-0.05
-0.051
-0.052
-0.053
-0.053
-0.053
-0.053
-0.053
-0.052
-0.052
-0.051
-0.051
-0.051
-0.051
-0.051
-0.051
-0.051
-0.052
-0.052
-0.052
-0.053
-0.053
-0.053
-0.053
-0.053
-0.053
-0.053
-0.054
-0.054
-0.055
-0.055
-0.056
-0.056
-0.056
-0.056
-0.056
-0.056
-0.056
-0.056
-0.056
-0.056
-0.057
-0.058
-0.059
-0.059
-0.059
-0.059
-0.059
-0.059
-0.059
-0.059
-0.059
-0.059
-0.059
-0.059
-0.059
-0.059
-0.06
-0.06
-0.06
-0.06
-0.059
-0.059
-0.059
-0.058
-0.057
-0.056
-0.055
-0.054
-0.053
-0.053
-0.052
-0.052
-0.051
-0.05
-0.05
-0.049
-0.048
-0.047
-0.045
-0.043
-0.041
-0.04
-0.039
-0.038
-0.037
-0.036
-0.035
-0.035
-0.035
-0.035
-0.035
-0.035
-0.035
-0.035
-0.034
-0.033
-0.032
-0.031
-0.03
-0.029
-0.027
-0.025
-0.023
-0.021
-0.019
-0.017
-0.015
-0.012
-0.01
-0.007
-0.004
-0.001
0.001
0.005
0.008
0.012
0.015
0.018
0.02
0.022
0.023
0.023
0.023
0.023
0.023
0.022
0.021
0.021
0.02
0.02
0.02
0.019
0.018
0.016
0.014
0.012
0.01
0.008
0.006
0.003
0.002
0.0
0.0
-0.001
-0.002
-0.004
-0.007
-0.009
-0.008
-0.003
0.005
0.017
0.039
0.076
0.111
0.141
0.161
0.176
0.176
0.156
0.101
0.022
-0.065
-0.145
-0.192
-0.208
-0.208
-0.189
-0.163
-0.126
-0.088
-0.049
-0.017
0.005
0.021
0.027
0.031
0.034
0.036
0.037
0.038
0.038
0.039
0.039
0.039
0.039
0.04
0.041
0.043
0.046
0.048
0.05
0.052
0.054
0.057
0.059
0.061
0.064
0.066
0.069
0.072
0.076
0.081
0.085
0.09
0.094
0.098
0.102
0.104
0.106
0.109
0.111
0.113
0.115
0.118
0.123
0.129
0.135
0.143
0.152
0.161
0.172
0.182
0.192
0.201
0.208
0.215
0.221
0.227
0.233
0.24
0.245
0.25
0.254
0.258
0.262
0.265
0.267
0.267
0.265
0.263
0.259
0.253
0.247
0.238
0.22
0.202
0.184
0.166
0.15
0.128
0.104
0.081
0.059
0.036
0.014
-0.007
-0.03
-0.049
-0.064
-0.08
-0.086
-0.088
-0.09
-0.092
-0.094
-0.097
-0.098
-0.1
-0.101
-0.102
-0.103
-0.104
-0.105
-0.105
-0.104
-0.103
-0.103
-0.102
-0.102
-0.102
-0.101
-0.1
-0.099
-0.098
-0.096
-0.095
-0.093
-0.091
-0.088
-0.086
-0.083
-0.081
-0.079
-0.077
-0.075
-0.073
-0.07
-0.068
-0.066
-0.064
-0.062
-0.06
-0.057
-0.055
-0.054
-0.053
-0.052
-0.051
-0.05
-0.049
-0.048
-0.047
-0.046
-0.045
-0.044
-0.042
-0.041
-0.04
-0.039
-0.037
-0.036
-0.035
-0.034
-0.033
-0.032
-0.03
-0.029
-0.028
-0.027
-0.026
-0.025
-0.024
-0.023
-0.023
-0.023
-0.023
-0.023
-0.023
-0.024
-0.024
-0.025
-0.026
-0.027
-0.028
-0.029
-0.029
-0.03
-0.031
-0.032
-0.033
-0.033
-0.033
-0.033
-0.034
-0.034
-0.035
-0.035
-0.035
-0.035
-0.035
-0.035
-0.035
-0.034
-0.034
-0.034
-0.034
-0.034
-0.035
-0.035
-0.034
-0.034
-0.034
-0.034
-0.034
-0.034
-0.034
-0.033
-0.033
-0.033
-0.033
-0.033
-0.033
-0.033
-0.032
-0.032
-0.032
-0.032
-0.031
-0.03
-0.029
-0.028
-0.027
-0.026
-0.026
-0.024
-0.023
-0.021
-0.02
-0.02
-0.019
-0.018
-0.017
-0.017
-0.017
-0.016
-0.016
-0.016
-0.016
-0.016
-0.017
-0.017
-0.017
-0.017
-0.016
-0.016
-0.015
-0.014
-0.013
-0.012
-0.01
-0.008
-0.006
-0.004
-0.001
0.001
0.003
0.006
0.008
0.011
0.014
0.017
0.02
0.022
0.025
0.028
0.031
0.034
0.037
0.039
0.041
0.042
0.044
0.044
0.045
0.045
0.044
0.044
0.043
0.042
0.041
0.04
0.039
0.038
0.036
0.035
0.033
0.031
0.03
0.028
0.026
0.024
0.022
0.021
0.019
0.018
0.018
0.017
0.017
0.014
0.012
0.01
0.011
0.015
0.023
0.035
0.054
0.084
0.128
0.168
0.183
0.184
0.169
0.127
0.047
-0.043
-0.127
-0.173
-0.191
-0.192
-0.177
-0.137
-0.091
-0.046
-0.007
0.016
0.027
0.031
0.035
0.038
0.041
0.044
0.046
0.049
0.052
0.055
0.057
0.059
0.061
0.063
0.066
0.068
0.071
0.074
0.076
0.079
0.081
0.084
0.086
0.087
0.089
0.09
0.091
0.093
0.094
0.096
0.097
0.099
0.102
0.105
0.109
0.112
0.115
0.117
0.12
0.123
0.126
0.13
0.133
0.137
0.142
0.148
0.155
0.162
0.169
0.177
0.186
0.197
0.207
0.215
0.222
0.229
0.238
0.248
0.258
0.268
0.278
0.286
0.291
0.296
0.3
0.306
0.309
0.309
0.303
0.292
0.28
0.264
0.252
0.237
0.216
0.193
0.169
0.141
0.117
0.095
0.072
0.05
0.027
0.003
-0.016
-0.027
-0.034
-0.041
-0.048
-0.057
-0.066
-0.074
-0.077
-0.079
-0.081
-0.082
-0.084
-0.085
-0.087
-0.089
-0.091
-0.093
-0.095
-0.096
-0.097
-0.098
-0.1
-0.101
-0.103
-0.106
-0.108
-0.111
-0.112
-0.113
-0.112
-0.111
-0.108
-0.106
-0.103
-0.102
-0.1
-0.098
-0.097
-0.095
-0.094
-0.094
-0.093
-0.093
-0.092
-0.092
-0.092
-0.092
-0.092
-0.092
-0.091
-0.091
-0.09
-0.089
-0.088
-0.088
-0.087
-0.086
-0.086
-0.086
-0.086
-0.087
-0.087
-0.087
-0.087
-0.087
-0.087
-0.087
-0.087
-0.086
-0.086
-0.086
-0.086
-0.086
-0.086
-0.086
-0.085
-0.085
-0.085
-0.085
-0.085
-0.085
-0.085
-0.085
-0.085
-0.085
-0.086
-0.086
-0.087
-0.087
-0.088
-0.088
-0.089
-0.089
-0.089
-0.089
-0.09
-0.09
-0.09
-0.09
-0.091
-0.092
-0.093
-0.094
-0.095
-0.095
-0.096
-0.097
-0.097
-0.098
-0.099
-0.099
-0.099
-0.1
-0.1
-0.101
-0.102
-0.103
-0.104
-0.104
-0.105
-0.106
-0.107
-0.108
-0.109
-0.109
-0.109
-0.11
-0.11
-0.11
-0.11
-0.11
-0.109
-0.109
-0.108
-0.107
-0.106
-0.104
-0.102
-0.1
-0.098
-0.096
-0.095
-0.093
-0.091
-0.089
-0.087
-0.086
-0.084
-0.082
-0.081
-0.079
-0.077
-0.075
-0.074
-0.072
-0.071
-0.07
-0.069
-0.068
-0.067
-0.066
-0.066
-0.065
-0.064
-0.064
-0.064
-0.063
-0.063
-0.062
-0.061
-0.059
-0.058
-0.056
-0.054
-0.052
-0.049
-0.046
-0.043
-0.039
-0.035
-0.031
-0.025
-0.019
-0.014
-0.01
-0.006
-0.002
0.0
0.003
0.006
0.008
0.009
0.01
0.008
0.006
0.002
-0.001
-0.005
-0.013
-0.025
-0.033
-0.037
-0.039
-0.041
-0.042
-0.044
-0.046
-0.048
-0.049
-0.05
-0.05
-0.05
-0.05
-0.049
-0.048
-0.047
-0.045
-0.042
-0.04
-0.037
-0.035
-0.032
-0.024
-0.008
0.014
0.045
0.081
0.115
0.128
0.128
0.111
0.063
-0.015
-0.1
-0.173
-0.208
-0.219
-0.206
-0.165
-0.122
-0.085
-0.056
-0.037
-0.022
-0.014
-0.008
-0.001
0.004
0.009
0.012
0.015
0.018
0.021
0.024
0.027
0.03
0.032
0.034
0.036
0.038
0.04
0.041
0.043
0.045
0.047
0.048
0.05
0.052
0.054
0.056
0.058
0.061
0.064
0.067
0.072
0.078
0.083
0.088
0.091
0.095
0.097
0.099
0.102
0.104
0.106
0.108
0.11
0.113
0.116
0.119
0.123
0.128
0.139
0.148
0.156
0.165
0.176
0.188
0.198
0.207
0.216
0.225
0.234
0.242
0.249
0.254
0.258
0.261
0.264
0.266
0.267
0.266
0.263
0.259
0.253
0.246
0.234
0.223
0.208
0.187
0.165
0.141
0.114
0.088
0.064
0.042
0.022
0.0
-0.017
-0.031
-0.048
-0.059
-0.068
-0.074
-0.078
-0.08
-0.082
-0.083
-0.084
-0.084
-0.085
-0.086
-0.086
-0.087
-0.087
-0.087
-0.088
-0.088
-0.088
-0.088
-0.088
-0.087
-0.086
-0.085
-0.084
-0.082
-0.08
-0.078
-0.076
-0.073
-0.071
-0.069
-0.067
-0.065
-0.064
-0.062
-0.061
-0.059
-0.058
-0.056
-0.054
-0.052
-0.05
-0.048
-0.047
-0.045
-0.043
-0.042
-0.041
-0.039
-0.038
-0.037
-0.035
-0.034
-0.033
-0.032
-0.031
-0.03
-0.029
-0.027
-0.026
-0.025
-0.024
-0.023
-0.022
-0.021
-0.02
-0.02
-0.02
-0.02
-0.02
-0.02
-0.021
-0.021
-0.021
-0.021
-0.022
-0.022
-0.022
-0.022
-0.021
-0.021
-0.021
-0.022
-0.022
-0.023
-0.023
-0.024
-0.025
-0.026
-0.027
-0.027
-0.028
-0.028
-0.028
-0.028
-0.029
-0.03
-0.03
-0.031
-0.032
-0.032
-0.033
-0.034
-0.036
-0.036
-0.037
-0.038
-0.038
-0.039
-0.039
-0.04
-0.04
-0.04
-0.04
-0.041
-0.042
-0.043
-0.044
-0.045
-0.046
-0.047
-0.048
-0.049
-0.05
-0.051
-0.051
-0.052
-0.052
-0.052
-0.053
-0.053
-0.054
-0.054
-0.055
-0.055
-0.055
-0.056
-0.056
-0.056
-0.056
-0.056
-0.055
-0.055
-0.055
-0.055
-0.055
-0.056
-0.056
-0.056
-0.056
-0.055
-0.055
-0.055
-0.055
-0.055
-0.056
-0.056
-0.057
-0.057
-0.058
-0.058
-0.058
-0.059
-0.059
-0.059
-0.059
-0.058
-0.058
-0.057
-0.056
-0.055
-0.054
-0.053
-0.052
-0.051
-0.05
-0.049
-0.047
-0.046
-0.043
-0.034
-0.027
-0.021
-0.016
-0.013
-0.01
-0.008
-0.006
-0.005
-0.005
-0.007
-0.01
-0.014
-0.019
-0.023
-0.027
-0.029
-0.032
-0.034
-0.036
-0.037
-0.039
-0.04
-0.042
-0.044
-0.046
-0.049
-0.051
-0.053
-0.054
-0.056
-0.057
-0.058
-0.059
-0.06
-0.063
-0.068
-0.074
-0.076
-0.074
-0.069
-0.06
-0.044
-0.02
0.019
0.062
0.107
0.144
0.157
0.151
0.132
0.074
-0.001
-0.087
-0.168
-0.23
-0.253
-0.261
-0.246
-0.223
-0.196
-0.168
-0.143
-0.107
-0.068
-0.046
-0.034
-0.029
-0.025
-0.022
-0.018
-0.015
-0.012
-0.009
-0.008
-0.006
-0.004
-0.003
-0.002
-0.002
-0.001
0.0
0.001
0.003
0.004
0.006
0.007
0.008
0.009
0.012
0.014
0.017
0.02
0.024
0.029
0.035
0.04
0.045
0.049
0.053
0.058
0.062
0.066
0.071
0.077
0.083
0.09
0.096
0.102
0.108
0.114
0.119
0.122
0.127
0.134
0.145
0.155
0.164
0.172
0.179
0.187
0.199
0.218
0.23
0.236
0.241
0.244
0.247
0.248
0.25
0.252
0.255
0.257
0.257
0.252
0.244
0.235
0.222
0.205
0.182
0.156
0.132
0.11
0.09
0.069
0.047
0.024
0.004
-0.009
-0.024
-0.036
-0.047
-0.057
-0.067
-0.071
-0.074
-0.076
-0.078
-0.08
-0.081
-0.083
-0.084
-0.084
-0.085
-0.086
-0.086
-0.087
-0.087
-0.087
-0.086
-0.085
-0.084
-0.082
-0.08
-0.077
-0.075
-0.072
-0.069
-0.067
-0.065
-0.064
-0.063
-0.062
-0.062
-0.061
-0.06
-0.059
-0.058
-0.056
-0.055
-0.053
-0.051
-0.049
-0.048
-0.047
-0.046
-0.046
-0.046
-0.046
-0.046
-0.046
-0.046
-0.047
-0.047
-0.047
-0.046
-0.046
-0.046
-0.047
-0.047
-0.047
-0.047
-0.047
-0.046
-0.046
-0.046
-0.046
-0.045
-0.044
-0.043
-0.042
-0.041
-0.04
-0.039
-0.038
-0.037
-0.035
-0.033
-0.032
-0.03
-0.028
-0.027
-0.025
-0.023
-0.022
-0.021
-0.02
-0.02
-0.02
-0.02
-0.02
-0.021
-0.021
-0.022
-0.022
-0.022
-0.022
-0.022
-0.022
-0.022
-0.023
-0.023
-0.024
-0.024
-0.025
-0.026
-0.027
-0.027
-0.027
-0.027
-0.027
-0.026
-0.026
-0.025
-0.024
-0.024
-0.024
-0.024
-0.024
-0.024
-0.024
-0.023
-0.023
-0.022
-0.022
-0.021
-0.02
-0.019
-0.018
-0.017
-0.017
-0.016
-0.016
-0.015
-0.015
-0.014
-0.014
-0.013
-0.013
-0.012
-0.012
-0.012
-0.011
-0.01
-0.01
-0.01
-0.01
-0.01
-0.01
-0.01
-0.009
-0.009
-0.009
-0.009
-0.009
-0.008
-0.008
-0.007
-0.007
-0.007
-0.008
-0.008
-0.007
-0.006
-0.005
-0.005
-0.005
-0.004
-0.003
-0.001
0.0
0.002
0.003
0.004
0.005
0.007
0.009
0.01
0.011
0.013
0.015
0.019
0.022
0.026
0.029
0.032
0.035
0.038
0.04
0.042
0.042
0.04
0.039
0.037
0.036
0.034
0.032
0.03
0.027
0.025
0.023
0.022
0.02
0.018
0.015
0.012
0.009
0.007
0.005
0.004
0.003
0.002
0.003
0.004
0.006
0.009
0.011
0.014
0.017
0.025
0.046
0.068
0.089
0.125
0.166
0.185
0.203
0.203
0.174
0.113
0.03
-0.059
-0.142
-0.195
-0.215
-0.216
-0.203
-0.167
-0.127
-0.09
-0.051
-0.025
0.0
0.018
0.028
0.036
0.044
0.05
0.054
0.058
0.062
0.065
0.066
0.066
0.065
0.065
0.064
0.064
0.063
0.063
0.062
0.062
0.061
0.061
0.062
0.064
0.068
0.072
0.076
0.079
0.082
0.084
0.085
0.088
0.09
0.093
0.095
0.097
0.1
0.102
0.105
0.108
0.112
0.115
0.118
0.122
0.129
0.137
0.145
0.153
0.161
0.174
0.192
0.204
0.212
0.219
0.224
0.23
0.236
0.241
0.247
0.254
0.261
0.27
0.278
0.285
0.291
0.297
0.301
0.303
0.302
0.299
0.294
0.287
0.276
0.256
0.238
0.219
0.201
0.18
0.158
0.131
0.099
0.07
0.042
0.019
0.004
-0.007
-0.024
-0.034
-0.039
-0.044
-0.048
-0.051
-0.053
-0.055
-0.057
-0.059
-0.061
-0.063
-0.065
-0.066
-0.067
-0.068
-0.07
-0.071
-0.073
-0.074
-0.074
-0.074
-0.073
-0.072
-0.071
-0.069
-0.066
-0.063
-0.059
-0.056
-0.054
-0.052
-0.05
-0.048
-0.046
-0.044
-0.043
-0.042
-0.042
-0.041
-0.04
-0.039
-0.039
-0.039
-0.039
-0.039
-0.039
-0.038
-0.037
-0.036
-0.037
-0.037
-0.037
-0.037
-0.037
-0.037
-0.037
-0.037
-0.037
-0.036
-0.035
-0.034
-0.034
-0.034
-0.034
-0.034
-0.034
-0.034
-0.034
-0.035
-0.035
-0.036
-0.037
-0.038
-0.039
-0.039
-0.04
-0.041
-0.042
-0.043
-0.043
-0.044
-0.044
-0.045
-0.045
-0.046
-0.047
-0.047
-0.048
-0.048
-0.049
-0.049
-0.049
-0.049
-0.049
-0.049
-0.049
-0.049
-0.049
-0.049
-0.049
-0.049
-0.049
-0.049
-0.048
-0.049
-0.049
-0.05
-0.05
-0.051
-0.051
-0.051
-0.051
-0.051
-0.052
-0.052
-0.051
-0.051
-0.051
-0.05
-0.051
-0.051
-0.051
-0.051
-0.05
-0.05
-0.05
-0.05
-0.051
-0.051
-0.05
-0.049
-0.048
-0.048
-0.047
-0.047
-0.046
-0.044
-0.043
-0.042
-0.042
-0.042
-0.042
-0.042
-0.042
-0.042
-0.043
-0.043
-0.044
-0.044
-0.044
-0.044
-0.043
-0.042
-0.042
-0.041
-0.04
-0.04
-0.039
-0.039
-0.039
-0.039
-0.039
-0.039
-0.038
-0.036
-0.034
-0.032
-0.029
-0.027
-0.024
-0.021
-0.018
-0.014
-0.011
-0.007
0.0
0.006
0.012
0.015
0.016
0.017
0.018
0.019
0.02
0.021
0.022
0.022
0.022
0.021
0.018
0.014
0.009
0.005
0.001
-0.001
-0.005
-0.008
-0.011
-0.014
-0.017
-0.019
-0.02
-0.021
-0.022
-0.022
-0.023
-0.023
-0.023
-0.024
-0.024
-0.025
-0.03
-0.03
-0.019
-0.002
0.018
0.049
0.09
0.136
0.181
0.196
0.19
0.17
0.1
0.006
-0.093
-0.176
-0.213
-0.224
-0.205
-0.174
-0.144
-0.121
-0.099
-0.079
-0.057
-0.018
0.012
0.018
0.023
0.026
0.029
0.03
0.031
0.032
0.033
0.035
0.037
0.038
0.039
0.04
0.04
0.04
0.041
0.043
0.045
0.047
0.049
0.052
0.054
0.057
0.06
0.063
0.066
0.068
0.07
0.072
0.074
0.077
0.08
0.083
0.086
0.089
0.092
0.095
0.098
0.102
0.105
0.108
0.112
0.117
0.124
0.132
0.142
0.152
0.163
0.174
0.184
0.191
0.198
0.205
0.212
0.219
0.227
0.236
0.245
0.253
0.26
0.263
0.265
0.266
0.267
0.27
0.271
0.272
0.269
0.262
0.253
0.244
0.232
0.219
0.204
0.18
0.15
0.12
0.095
0.073
0.052
0.031
0.004
-0.017
-0.029
-0.04
-0.05
-0.059
-0.066
-0.072
-0.077
-0.081
-0.084
-0.085
-0.087
-0.088
-0.089
-0.089
-0.09
-0.091
-0.091
-0.092
-0.092
-0.091
-0.091
-0.09
-0.09
-0.089
-0.089
-0.089
-0.089
-0.089
-0.09
-0.09
-0.09
-0.09
-0.09
-0.089
-0.088
-0.086
-0.084
-0.082
-0.081
-0.079
-0.078
-0.076
-0.075
-0.073
-0.073
-0.072
-0.071
-0.071
-0.07
-0.069
-0.068
-0.067
-0.066
-0.066
-0.065
-0.065
-0.064
-0.064
-0.064
-0.064
-0.065
-0.065
-0.065
-0.065
-0.065
-0.066
-0.066
-0.067
-0.068
-0.068
-0.068
-0.069
-0.069
-0.07
-0.07
-0.07
-0.069
-0.069
-0.069
-0.069
-0.069
-0.069
-0.069
-0.069
-0.07
-0.071
-0.072
-0.073
-0.074
-0.074
-0.074
-0.075
-0.075
-0.076
-0.076
-0.077
-0.077
-0.077
-0.078
-0.079
-0.08
-0.081
-0.082
-0.083
-0.084
-0.085
-0.086
-0.087
-0.087
-0.088
-0.089
-0.09
-0.09
-0.09
-0.09
-0.09
-0.091
-0.091
-0.091
-0.092
-0.092
-0.093
-0.094
-0.095
-0.095
-0.096
-0.097
-0.097
-0.097
-0.097
-0.097
-0.097
-0.096
-0.095
-0.095
-0.095
-0.095
-0.096
-0.097
-0.097
-0.098
-0.098
-0.099
-0.099
-0.099
-0.099
-0.098
-0.097
-0.096
-0.095
-0.095
-0.094
-0.094
-0.092
-0.091
-0.09
-0.089
-0.089
-0.088
-0.086
-0.085
-0.083
-0.081
-0.08
-0.079
-0.078
-0.076
-0.075
-0.073
-0.071
-0.07
-0.068
-0.067
-0.065
-0.064
-0.062
-0.06
-0.058
-0.057
-0.056
-0.055
-0.054
-0.052
-0.05
-0.048
-0.045
-0.042
-0.039
-0.033
-0.027
-0.02
-0.015
-0.009
-0.005
0.0
0.002
0.006
0.009
0.012
0.014
0.015
0.016
0.016
0.014
0.012
0.009
0.005
0.002
-0.001
-0.004
-0.006
-0.008
-0.01
-0.013
-0.017
-0.02
-0.024
-0.027
-0.029
-0.032
-0.034
-0.035
-0.035
-0.035
-0.034
-0.032
-0.031
-0.029
-0.027
-0.025
-0.022
-0.019
-0.016
-0.012
-0.001
0.024
0.05
0.078
0.102
0.119
0.12
0.108
0.074
0.006
-0.073
-0.15
-0.2
-0.218
-0.218
-0.205
-0.168
-0.125
-0.1
-0.072
-0.046
-0.02
-0.001
0.004
0.007
0.01
0.012
0.014
0.016
0.018
0.02
0.023
0.025
0.027
0.028
0.029
0.03
0.031
0.033
0.035
0.037
0.039
0.042
0.045
0.047
0.049
0.05
0.051
0.053
0.055
0.058
0.061
0.064
0.068
0.073
0.078
0.083
0.088
0.092
0.095
0.098
0.102
0.107
0.113
0.121
0.127
0.133
0.139
