-0.286
-0.285
-0.285
-0.284
-0.284
-0.284
-0.285
-0.29
-0.294
-0.298
-0.301
-0.304
-0.307
-0.309
-0.309
-0.305
-0.298
-0.289
-0.279
-0.267
-0.248
-0.236
-0.233
-0.231
-0.23
-0.229
-0.228
-0.227
-0.226
-0.224
-0.223
-0.22
-0.217
-0.212
-0.206
-0.197
-0.179
-0.143
-0.12
-0.106
-0.092
-0.076
-0.06
-0.044
-0.028
-0.014
-0.002
0.006
0.014
0.025
0.037
0.048
0.055
0.062
0.067
0.072
0.076
0.079
0.081
0.081
0.079
0.077
0.074
0.071
0.067
0.063
0.059
0.052
0.045
0.037
0.031
0.023
0.015
0.006
-0.002
-0.011
-0.021
-0.031
-0.04
-0.052
-0.062
-0.067
-0.07
-0.072
-0.075
-0.08
-0.079
-0.068
-0.061
-0.056
-0.05
-0.046
-0.045
-0.045
-0.047
-0.049
-0.051
-0.055
-0.063
-0.046
-0.037
-0.034
-0.032
-0.03
-0.027
-0.024
-0.022
-0.019
-0.015
-0.013
-0.011
-0.008
-0.006
-0.003
0.001
0.026
0.127
0.295
0.519
0.762
0.976
1.12
1.159
1.147
1.045
0.885
0.697
0.493
0.302
0.154
0.068
0.04
0.058
0.082
0.098
0.085
0.047
-0.013
-0.047
-0.056
-0.061
-0.065
-0.07
-0.074
-0.077
-0.082
-0.087
-0.094
-0.1
-0.105
-0.105
-0.099
-0.09
-0.081
-0.073
-0.062
-0.053
-0.053
-0.059
-0.066
-0.071
-0.077
-0.082
-0.084
-0.081
-0.074
-0.063
-0.05
-0.031
-0.012
-0.004
-0.001
0.002
0.005
0.007
0.008
0.009
0.01
0.012
0.015
0.017
0.019
0.02
0.02
0.021
0.023
0.026
0.031
0.037
0.051
0.086
0.106
0.115
0.123
0.129
0.134
0.137
0.139
0.141
0.143
0.144
0.144
0.145
0.149
0.141
0.109
0.079
0.058
0.045
0.036
0.027
0.019
0.015
0.011
0.007
0.003
0.0
-0.002
-0.006
-0.01
-0.014
-0.018
-0.022
-0.026
-0.032
-0.037
-0.041
-0.043
-0.046
-0.048
-0.05
-0.053
-0.055
-0.055
-0.053
-0.052
-0.05
-0.048
-0.046
-0.046
-0.049
-0.054
-0.059
-0.064
-0.072
-0.077
-0.074
-0.07
-0.068
-0.066
-0.064
-0.062
-0.06
-0.059
-0.058
-0.056
-0.054
-0.053
-0.051
-0.05
-0.048
-0.046
-0.044
-0.042
-0.039
-0.037
-0.035
-0.035
-0.034
-0.032
-0.03
-0.028
-0.025
-0.024
-0.03
-0.04
-0.046
-0.05
-0.054
-0.058
-0.059
-0.059
-0.055
-0.05
-0.044
-0.038
-0.034
-0.03
-0.025
-0.02
-0.015
-0.011
-0.006
-0.002
0.001
0.004
0.008
0.011
0.015
0.02
0.028
0.037
0.041
0.043
0.045
0.046
0.047
0.048
0.05
0.05
0.051
0.051
0.051
0.051
0.051
0.051
0.051
0.049
0.047
0.045
0.043
0.039
0.041
0.059
0.071
0.08
0.086
0.091
0.094
0.095
0.096
0.097
0.101
0.092
0.054
0.022
0.002
-0.011
-0.019
-0.024
-0.026
-0.03
-0.035
-0.018
0.011
0.026
0.03
0.032
0.018
-0.022
-0.064
-0.103
-0.116
-0.107
-0.083
0.005
0.143
0.326
0.541
0.768
0.98
1.141
1.214
1.216
1.149
1.006
0.837
0.654
0.467
0.291
0.135
0.017
-0.061
-0.105
-0.129
-0.148
-0.159
-0.161
-0.163
-0.165
-0.166
-0.163
-0.157
-0.153
-0.15
-0.147
-0.144
-0.143
-0.143
-0.145
-0.146
-0.148
-0.152
-0.158
-0.157
-0.139
-0.122
-0.106
-0.102
-0.101
-0.1
-0.1
-0.099
-0.098
-0.097
-0.096
-0.095
-0.093
-0.09
-0.088
-0.085
-0.082
-0.078
-0.074
-0.069
-0.063
-0.056
-0.048
-0.041
-0.034
-0.028
-0.021
-0.014
-0.008
-0.001
0.003
0.008
0.013
0.017
0.021
0.025
0.029
0.032
0.036
0.041
0.046
0.052
0.059
0.065
0.07
0.075
0.079
0.084
0.087
0.09
0.091
0.091
0.089
0.085
0.079
0.07
0.054
0.022
0.005
-0.002
-0.008
-0.013
-0.018
-0.023
-0.027
-0.03
-0.033
-0.034
-0.036
-0.038
-0.042
-0.045
-0.048
-0.052
-0.055
-0.058
-0.062
-0.065
-0.068
-0.07
-0.071
-0.072
-0.072
-0.073
-0.074
-0.075
-0.075
-0.077
-0.079
-0.082
-0.084
-0.087
-0.088
-0.088
-0.087
-0.085
-0.084
-0.082
-0.08
-0.079
-0.079
-0.08
-0.081
-0.082
-0.082
-0.081
-0.08
-0.079
-0.079
-0.077
-0.075
-0.07
-0.065
-0.056
-0.041
0.006
0.113
0.276
0.494
0.749
1.003
1.202
1.262
1.247
1.107
0.877
0.63
0.426
0.286
0.206
0.158
0.11
0.053
-0.004
-0.041
-0.06
-0.068
-0.074
-0.08
-0.084
-0.088
-0.094
-0.099
-0.105
-0.111
-0.116
-0.12
-0.124
-0.13
-0.137
-0.143
-0.148
-0.148
-0.145
-0.138
-0.131
-0.123
-0.117
-0.108
-0.099
-0.089
-0.078
-0.068
-0.058
-0.051
-0.045
-0.039
-0.034
-0.03
-0.026
-0.022
-0.018
-0.015
-0.013
-0.01
-0.007
-0.003
0.0
0.008
0.024
0.034
0.038
0.041
0.044
0.047
0.049
0.05
0.052
0.054
0.056
0.058
0.059
0.059
0.058
0.057
0.056
0.055
0.054
0.052
0.049
0.047
0.046
0.044
0.043
0.041
0.038
0.035
0.032
0.029
0.026
0.023
0.019
0.015
0.012
0.009
0.007
0.005
0.003
0.0
-0.004
-0.015
-0.028
-0.041
-0.053
-0.059
-0.065
-0.071
-0.069
-0.058
-0.049
-0.043
-0.037
-0.033
-0.033
-0.036
-0.042
-0.049
-0.062
-0.078
-0.085
-0.091
-0.076
-0.062
-0.052
-0.044
-0.036
-0.031
-0.025
-0.018
-0.013
-0.012
-0.015
-0.02
-0.027
-0.035
-0.043
-0.051
-0.056
-0.06
-0.064
-0.067
-0.069
-0.07
-0.071
-0.071
-0.071
-0.072
-0.072
-0.073
-0.074
-0.074
-0.074
-0.074
-0.074
-0.073
-0.072
-0.071
-0.069
-0.065
-0.075
-0.082
-0.087
-0.09
-0.093
-0.095
-0.096
-0.095
-0.093
-0.09
-0.086
-0.081
-0.076
-0.067
-0.063
-0.066
-0.072
-0.079
-0.087
-0.088
-0.083
-0.079
-0.077
-0.074
-0.072
-0.069
-0.067
-0.064
-0.061
-0.056
-0.052
-0.046
-0.041
-0.035
-0.03
-0.022
-0.013
-0.004
0.003
0.01
0.019
0.022
0.019
0.016
0.014
0.012
0.009
0.005
0.002
0.0
-0.001
-0.003
-0.005
-0.007
-0.01
-0.011
-0.011
-0.01
-0.008
-0.006
-0.004
-0.001
0.002
0.006
0.006
0.003
-0.001
-0.007
-0.013
-0.016
-0.01
0.0
0.01
0.019
0.028
0.036
0.042
0.046
0.05
0.054
0.057
0.058
0.059
0.06
0.061
0.062
0.063
0.063
0.064
0.066
0.071
0.057
0.047
0.041
0.035
0.031
0.03
0.031
0.036
0.043
0.05
0.067
0.081
0.083
0.085
0.086
0.087
0.084
0.077
0.07
0.065
0.062
0.058
0.055
0.053
0.051
0.05
0.051
0.053
0.056
0.061
0.067
0.077
0.097
0.107
0.113
0.117
0.121
0.122
0.122
0.121
0.118
0.115
0.112
0.105
0.095
0.107
0.115
0.12
0.126
0.129
0.132
0.132
0.129
0.124
0.119
0.114
0.111
0.107
0.103
0.099
0.096
0.094
0.093
0.093
0.093
0.093
0.093
0.094
0.096
0.099
0.102
0.105
0.108
0.112
0.117
0.12
0.118
0.113
0.107
0.102
0.096
0.089
0.082
0.074
0.068
0.064
0.06
0.056
0.052
0.049
0.045
0.043
0.04
0.036
0.031
0.024
0.006
-0.012
-0.019
-0.024
-0.006
0.048
0.146
0.293
0.484
0.707
0.946
1.166
1.325
1.389
1.344
1.197
0.987
0.765
0.557
0.382
0.25
0.148
0.062
-0.008
-0.056
-0.072
-0.081
-0.086
-0.094
-0.112
-0.151
-0.193
-0.208
-0.216
-0.221
-0.209
-0.194
-0.18
-0.17
-0.164
-0.157
-0.154
-0.161
-0.174
-0.182
-0.188
-0.194
-0.198
-0.201
-0.2
-0.199
-0.196
-0.192
-0.187
-0.175
-0.151
-0.127
-0.112
-0.105
-0.101
-0.098
-0.096
-0.092
-0.087
-0.08
-0.072
-0.056
-0.034
-0.016
0.003
0.02
0.031
0.034
0.035
0.037
0.039
0.036
0.031
0.027
0.028
0.041
0.054
0.07
0.086
0.094
0.099
0.102
0.106
0.11
0.113
0.116
0.117
0.118
0.118
0.118
0.118
0.118
0.119
0.119
0.118
0.118
0.118
0.119
0.12
0.121
0.12
0.118
0.115
0.11
0.105
0.099
0.092
0.081
0.069
0.058
0.047
0.038
0.029
0.021
0.014
0.009
0.005
0.002
0.0
-0.006
-0.011
-0.015
-0.017
-0.015
-0.013
-0.011
-0.01
-0.009
-0.007
-0.004
-0.002
0.0
-0.002
-0.005
-0.008
-0.01
-0.011
-0.012
-0.014
-0.016
-0.018
-0.019
-0.019
-0.017
-0.016
-0.015
-0.013
-0.011
-0.008
-0.004
0.0
0.003
0.009
0.015
0.017
0.016
0.012
0.006
0.001
-0.005
-0.011
-0.011
-0.004
0.005
0.019
0.037
0.042
0.047
0.052
0.05
0.035
0.017
0.0
-0.002
-0.003
-0.005
-0.006
-0.006
0.001
0.009
0.012
0.015
0.017
0.019
0.02
0.022
0.025
0.027
0.029
0.03
0.031
0.033
0.034
0.035
0.037
0.038
0.04
0.042
0.043
0.045
0.046
0.048
0.049
0.051
0.052
0.054
0.055
0.056
0.058
0.06
0.062
0.064
0.066
0.068
0.07
0.071
0.072
0.072
0.072
0.072
0.071
0.071
0.071
0.072
0.074
0.076
0.08
0.088
0.073
0.051
0.035
0.033
0.032
0.03
0.028
0.026
0.027
0.03
0.034
0.039
0.047
0.044
0.026
0.011
-0.002
-0.008
-0.003
0.005
0.031
0.099
0.209
0.371
0.59
0.85
1.124
1.362
1.506
1.522
1.465
1.279
1.045
0.816
0.618
0.457
0.329
0.222
0.119
0.021
-0.024
-0.042
-0.044
-0.037
-0.031
-0.025
-0.021
-0.021
-0.027
-0.037
-0.045
-0.055
-0.062
-0.062
-0.057
-0.051
-0.046
-0.04
-0.035
-0.033
-0.033
-0.034
-0.036
-0.038
-0.041
-0.044
-0.036
-0.021
-0.011
0.0
0.007
0.011
0.009
0.004
0.0
-0.003
-0.009
-0.013
-0.013
-0.004
0.009
0.026
0.049
0.071
0.085
0.094
0.102
0.11
0.117
0.121
0.125
0.128
0.135
0.148
0.166
0.186
0.203
0.212
0.219
0.226
0.227
0.223
0.22
0.218
0.216
0.214
0.212
0.21
0.207
0.204
0.2
0.193
0.185
0.166
0.135
0.123
0.117
0.113
0.11
0.107
0.102
0.097
0.092
0.087
0.082
0.075
0.067
0.057
0.047
0.037
0.028
0.022
0.016
0.011
0.007
0.004
0.003
0.003
0.003
0.004
0.005
0.007
0.009
0.012
0.014
0.015
0.017
0.019
0.021
0.024
0.027
0.028
0.028
0.028
0.027
0.026
0.025
0.024
0.023
0.023
0.024
0.028
0.028
0.018
0.011
0.005
0.0
0.0
0.0
0.006
0.015
0.022
0.028
0.036
0.044
0.051
0.053
0.05
0.042
0.032
0.022
0.013
0.0
-0.012
-0.019
-0.024
-0.027
-0.032
-0.038
-0.042
-0.039
-0.033
-0.031
-0.03
-0.028
-0.027
-0.027
-0.026
-0.025
-0.023
-0.02
-0.017
-0.015
-0.014
-0.013
-0.012
-0.011
-0.01
-0.01
-0.009
-0.007
-0.004
0.004
0.011
0.012
0.004
-0.004
-0.009
-0.014
-0.019
-0.023
-0.027
-0.03
-0.031
-0.031
-0.032
-0.032
-0.032
-0.033
-0.032
-0.031
-0.03
-0.028
-0.027
-0.027
-0.027
-0.028
-0.028
-0.028
-0.028
-0.03
-0.031
-0.033
-0.033
-0.03
-0.025
-0.019
-0.013
-0.008
-0.002
0.003
0.009
0.011
0.009
0.003
-0.006
-0.017
-0.032
-0.056
-0.075
-0.089
-0.102
-0.112
-0.119
-0.124
-0.129
-0.133
-0.137
-0.14
-0.141
-0.141
-0.139
-0.132
-0.124
-0.112
-0.068
0.013
0.141
0.322
0.555
0.82
1.071
1.258
1.311
1.292
1.141
0.921
0.685
0.463
0.289
0.17
0.077
-0.016
-0.106
-0.161
-0.177
-0.186
-0.193
-0.202
-0.21
-0.217
-0.226
-0.243
-0.268
-0.279
-0.285
-0.291
-0.293
-0.294
-0.289
-0.28
-0.269
-0.258
-0.246
-0.232
-0.221
-0.208
-0.19
-0.167
-0.138
-0.126
-0.12
-0.115
-0.112
-0.109
-0.106
-0.104
-0.104
-0.103
-0.102
-0.101
-0.1
-0.098
-0.097
-0.096
-0.095
-0.095
-0.095
-0.094
-0.094
-0.094
-0.094
-0.091
-0.088
-0.083
-0.072
-0.042
-0.01
0.02
0.042
0.057
0.075
0.094
0.106
0.114
0.122
0.128
0.132
0.135
0.135
0.132
0.128
0.122
0.115
0.107
0.096
0.076
0.058
0.04
0.023
0.006
-0.01
-0.027
-0.041
-0.052
-0.062
-0.07
-0.077
-0.084
-0.091
-0.097
-0.101
-0.104
-0.106
-0.108
-0.11
-0.112
-0.114
-0.115
-0.116
-0.116
-0.116
-0.116
-0.116
-0.115
-0.113
-0.111
-0.109
-0.106
-0.104
-0.102
-0.1
-0.099
-0.097
-0.096
-0.095
-0.094
-0.093
-0.092
-0.091
-0.089
-0.088
-0.088
-0.088
-0.089
-0.09
-0.091
-0.092
-0.093
-0.093
-0.093
-0.093
-0.09
-0.087
-0.083
-0.079
-0.076
-0.073
-0.07
-0.068
-0.066
-0.064
-0.063
-0.062
-0.06
-0.056
-0.051
-0.046
-0.041
-0.037
-0.034
-0.032
-0.031
-0.033
-0.036
-0.042
-0.049
-0.055
-0.06
-0.064
-0.068
-0.073
-0.08
-0.085
-0.088
-0.087
-0.083
-0.077
-0.071
-0.066
-0.063
-0.059
-0.054
-0.049
-0.044
-0.038
-0.034
-0.029
-0.024
-0.019
-0.016
-0.014
-0.013
-0.013
-0.013
-0.013
-0.012
-0.012
-0.012
-0.012
-0.012
-0.011
-0.01
-0.009
-0.008
-0.007
-0.007
-0.006
-0.005
-0.004
-0.003
-0.001
0.0
0.0
0.002
0.006
0.009
0.013
0.016
0.02
0.024
0.029
0.033
0.036
0.035
0.031
0.025
0.019
0.014
0.011
0.006
0.001
-0.005
-0.012
-0.018
-0.021
-0.023
-0.024
-0.025
-0.024
-0.021
-0.017
-0.009
0.0
0.011
0.024
0.079
0.192
0.341
0.533
0.758
0.991
1.193
1.322
1.339
1.296
1.129
0.9
0.645
0.407
0.224
0.111
0.046
0.012
-0.018
-0.054
-0.095
-0.124
-0.138
-0.149
-0.153
-0.144
-0.126
-0.115
-0.107
-0.1
-0.094
-0.088
-0.081
-0.074
-0.065
-0.057
-0.05
-0.044
-0.038
-0.031
-0.025
-0.02
-0.018
-0.017
-0.016
-0.015
-0.014
-0.014
-0.013
-0.013
-0.012
-0.01
-0.008
-0.007
-0.006
-0.006
-0.003
0.002
0.01
0.02
0.029
0.038
0.05
0.062
0.072
0.08
0.086
0.089
0.092
0.094
0.097
0.1
0.102
0.105
0.107
0.11
0.114
0.119
0.125
0.132
0.14
0.148
0.161
0.186
0.201
0.211
0.218
0.224
0.229
0.232
0.232
0.228
0.221
0.209
0.189
0.157
0.134
0.116
0.093
0.062
0.028
0.014
0.006
0.001
-0.002
-0.005
-0.008
-0.011
-0.015
-0.018
-0.022
-0.025
-0.028
-0.031
-0.033
-0.035
-0.038
-0.042
-0.044
-0.044
-0.043
-0.039
-0.035
-0.031
-0.027
-0.024
-0.021
-0.019
-0.016
-0.014
-0.012
-0.009
-0.006
-0.002
0.002
0.006
0.01
0.012
0.015
0.018
0.022
0.026
0.03
0.034
0.041
0.049
0.058
0.065
0.067
0.065
0.061
0.056
0.05
0.046
0.042
0.037
0.031
0.024
0.018
0.012
0.008
0.003
-0.001
-0.007
-0.013
-0.017
-0.018
-0.016
-0.013
-0.009
-0.003
0.018
0.074
0.161
0.293
0.475
0.698
0.938
1.157
1.316
