-0.093
-0.13
-0.173
-0.215
-0.258
-0.298
-0.328
-0.35
-0.369
-0.387
-0.406
-0.425
-0.444
-0.463
-0.48
-0.503
-0.534
-0.554
-0.564
-0.572
-0.578
-0.582
-0.586
-0.588
-0.59
-0.591
-0.593
-0.595
-0.597
-0.599
-0.6
-0.6
-0.601
-0.6
-0.598
-0.595
-0.592
-0.589
-0.584
-0.579
-0.574
-0.561
-0.529
-0.502
-0.486
-0.479
-0.475
-0.473
-0.47
-0.467
-0.464
-0.461
-0.458
-0.455
-0.451
-0.446
-0.442
-0.438
-0.435
-0.431
-0.428
-0.425
-0.422
-0.421
-0.422
-0.423
-0.425
-0.429
-0.434
-0.44
-0.451
-0.457
-0.451
-0.435
-0.409
-0.376
-0.326
-0.282
-0.239
-0.19
-0.159
-0.124
-0.097
-0.076
-0.052
-0.027
0.0
0.055
0.137
0.245
0.366
0.488
0.601
0.695
0.746
0.762
0.743
0.688
0.585
0.455
0.315
0.179
0.06
-0.035
-0.107
-0.144
-0.155
-0.162
-0.167
-0.169
-0.17
-0.169
-0.166
-0.161
-0.155
-0.149
-0.141
-0.13
-0.119
-0.108
-0.097
-0.077
-0.046
-0.019
0.0
0.014
0.032
0.055
0.078
0.103
0.13
0.158
0.177
0.187
0.195
0.203
0.21
0.217
0.224
0.23
0.236
0.242
0.248
0.256
0.264
0.273
0.285
0.292
0.286
0.274
0.254
0.227
0.202
0.173
0.144
0.125
0.121
0.116
0.113
0.128
0.152
0.181
0.209
0.235
0.275
0.322
0.37
0.403
0.428
0.445
0.451
0.448
0.437
0.408
0.355
0.28
0.193
0.099
0.006
-0.076
-0.15
-0.22
-0.288
-0.346
-0.379
-0.411
-0.442
-0.47
-0.501
-0.535
-0.569
-0.599
-0.618
-0.629
-0.637
-0.646
-0.645
-0.632
-0.597
-0.552
-0.506
-0.459
-0.433
-0.391
-0.348
-0.299
-0.258
-0.242
-0.243
-0.258
-0.279
-0.306
-0.351
-0.398
-0.449
-0.505
-0.535
-0.551
-0.562
-0.569
-0.572
-0.569
-0.561
-0.549
-0.528
-0.496
-0.473
-0.454
-0.432
-0.403
-0.365
-0.323
-0.288
-0.263
-0.245
-0.231
-0.213
-0.19
-0.166
-0.139
-0.117
-0.104
-0.09
-0.074
-0.05
-0.017
0.003
0.015
0.024
0.029
0.033
0.036
0.038
0.04
0.042
0.044
0.048
0.053
0.059
0.065
0.07
0.075
0.08
0.084
0.087
0.089
0.09
0.088
0.083
0.077
0.071
0.067
0.062
0.057
0.052
0.048
0.044
0.04
0.037
0.035
0.033
0.031
0.029
0.028
0.026
0.022
0.02
0.027
0.043
0.062
0.085
0.104
0.115
0.124
0.131
0.138
0.145
0.152
0.158
0.163
0.166
0.169
0.173
0.177
0.179
0.178
0.178
0.177
0.175
0.174
0.172
0.168
0.163
0.178
0.222
0.275
0.347
0.442
0.552
0.667
0.768
0.819
0.837
0.818
0.761
0.66
0.537
0.405
0.275
0.161
0.08
0.058
0.05
0.055
0.083
0.11
0.143
0.175
0.195
0.205
0.213
0.221
0.229
0.237
0.248
0.262
0.268
0.27
0.27
0.271
0.272
0.272
0.272
0.272
0.272
0.271
0.27
0.269
0.267
0.265
0.263
0.262
0.26
0.258
0.257
0.256
0.255
0.254
0.253
0.254
0.256
0.259
0.262
0.265
0.268
0.271
0.274
0.276
0.279
0.282
0.285
0.289
0.294
0.3
0.31
0.327
0.34
0.358
0.382
0.404
0.422
0.442
0.461
0.477
0.485
0.49
0.494
0.497
0.5
0.502
0.502
0.497
0.488
0.476
0.454
0.417
0.382
0.348
0.316
0.283
0.248
0.215
0.188
0.168
0.152
0.139
0.128
0.116
0.104
0.092
0.079
0.069
0.06
0.053
0.046
0.038
0.026
0.011
-0.014
-0.044
-0.057
-0.064
-0.07
-0.073
-0.073
-0.07
-0.063
-0.054
-0.044
-0.034
-0.022
-0.012
-0.009
-0.008
-0.008
-0.007
-0.005
-0.004
-0.003
-0.003
-0.002
-0.003
-0.003
-0.004
-0.005
-0.007
-0.009
-0.011
-0.012
-0.013
-0.015
-0.017
-0.018
-0.02
-0.022
-0.026
-0.03
-0.036
-0.041
-0.047
-0.052
-0.058
-0.066
-0.073
-0.075
-0.076
-0.077
-0.078
-0.078
-0.08
-0.08
-0.081
-0.082
-0.082
-0.084
-0.086
-0.087
-0.088
-0.09
-0.092
-0.094
-0.097
-0.1
-0.104
-0.108
-0.114
-0.121
-0.124
-0.12
-0.111
-0.099
-0.082
-0.06
-0.051
-0.046
-0.042
-0.039
-0.036
-0.034
-0.034
-0.035
-0.038
-0.044
-0.05
-0.057
-0.065
-0.075
-0.085
-0.093
-0.1
-0.105
-0.107
-0.11
-0.112
-0.114
-0.116
-0.118
-0.12
-0.122
-0.124
-0.126
-0.127
-0.127
-0.127
-0.126
-0.125
-0.124
-0.123
-0.122
-0.12
-0.119
-0.118
-0.117
-0.117
-0.116
-0.114
-0.108
-0.104
-0.103
-0.11
-0.121
-0.14
-0.16
-0.168
-0.174
-0.174
-0.161
-0.126
-0.07
0.014
0.128
0.263
0.404
0.536
0.64
0.697
0.698
0.645
0.503
0.309
0.096
-0.107
-0.269
-0.373
-0.394
-0.401
-0.377
-0.34
-0.298
-0.26
-0.22
-0.178
-0.141
-0.119
-0.103
-0.096
-0.1
-0.11
-0.126
-0.151
-0.166
-0.173
-0.178
-0.182
-0.184
-0.184
-0.181
-0.176
-0.17
-0.166
-0.162
-0.158
-0.154
-0.15
-0.146
-0.142
-0.139
-0.136
-0.134
-0.131
-0.127
-0.12
-0.106
-0.088
-0.072
-0.06
-0.05
-0.042
-0.035
-0.025
-0.012
0.01
0.023
0.031
0.037
0.042
0.047
0.052
0.056
0.059
0.063
0.068
0.075
0.085
0.099
0.118
0.129
0.137
0.144
0.15
0.154
0.157
0.159
0.159
0.158
0.155
0.152
0.147
0.14
0.132
0.119
0.095
0.074
0.046
0.011
-0.022
-0.053
-0.072
-0.083
-0.091
-0.098
-0.103
-0.109
-0.116
-0.119
-0.112
-0.099
-0.088
-0.078
-0.07
-0.064
-0.06
-0.055
-0.05
-0.045
-0.042
-0.044
-0.05
-0.056
-0.06
-0.063
-0.065
-0.068
-0.07
-0.071
-0.071
-0.07
-0.066
-0.062
-0.058
-0.055
-0.051
-0.047
-0.043
-0.041
-0.043
-0.049
-0.056
-0.062
-0.065
-0.069
-0.074
-0.079
-0.084
-0.089
-0.091
-0.092
-0.092
-0.091
-0.089
-0.086
-0.081
-0.075
-0.068
-0.062
-0.057
-0.052
-0.045
-0.037
-0.03
-0.024
-0.02
-0.018
-0.016
-0.014
-0.012
-0.01
-0.008
-0.006
-0.002
0.0
0.003
0.001
-0.004
-0.01
-0.015
-0.019
-0.022
-0.026
-0.029
-0.034
-0.04
-0.046
-0.053
-0.063
-0.079
-0.103
-0.109
-0.117
-0.113
-0.077
-0.015
0.069
0.175
0.3
0.43
0.551
0.647
0.682
0.674
0.6
0.449
0.256
0.048
-0.144
-0.295
-0.358
-0.379
-0.357
-0.293
-0.22
-0.153
-0.103
-0.069
-0.036
-0.013
0.0
0.005
0.009
0.012
0.014
0.016
0.017
0.018
0.019
0.019
0.019
0.019
0.019
0.018
0.018
0.018
0.018
0.018
0.018
0.018
0.018
0.019
0.019
0.019
0.019
0.019
0.02
0.021
0.023
0.025
0.027
0.029
0.031
0.036
0.044
0.051
0.059
0.068
0.076
0.086
0.097
0.108
0.119
0.13
0.146
0.166
0.178
0.189
0.197
0.207
0.218
0.235
0.261
0.28
0.293
0.303
0.31
0.317
0.323
0.327
0.327
0.32
0.307
0.286
0.258
0.233
0.205
0.175
0.142
0.105
0.07
0.034
0.003
-0.023
-0.054
-0.073
-0.081
-0.087
-0.093
-0.099
-0.105
-0.111
-0.118
-0.126
-0.138
-0.149
-0.159
-0.171
-0.182
-0.19
-0.197
-0.201
-0.205
-0.209
-0.212
-0.214
-0.216
-0.215
-0.212
-0.208
-0.203
-0.198
-0.193
-0.189
-0.184
-0.18
-0.175
-0.17
-0.165
-0.16
-0.155
-0.148
-0.139
-0.125
-0.111
-0.098
-0.09
-0.083
-0.077
-0.072
-0.069
-0.067
-0.068
-0.071
-0.075
-0.081
-0.086
-0.094
-0.107
-0.108
-0.094
-0.056
0.016
0.117
0.243
0.382
0.524
0.653
0.722
0.723
0.654
0.469
0.214
-0.058
-0.29
-0.435
-0.483
-0.441
-0.339
-0.229
-0.178
-0.161
-0.159
-0.166
-0.173
-0.18
-0.164
-0.152
-0.145
-0.141
-0.137
-0.134
-0.131
-0.127
-0.122
-0.116
-0.11
-0.104
-0.098
-0.092
-0.087
-0.081
-0.075
-0.07
-0.065
-0.061
-0.057
-0.05
-0.042
-0.029
-0.016
-0.002
0.009
0.019
0.028
0.037
0.046
0.054
0.06
0.065
0.07
0.076
0.081
0.086
0.091
0.095
0.099
0.104
0.11
0.116
0.123
0.131
0.14
0.149
0.161
0.173
0.183
0.193
0.208
0.225
0.232
0.237
0.241
0.244
0.245
0.245
0.241
0.234
0.224
0.206
0.177
0.15
0.124
0.104
0.088
0.075
0.046
0.007
-0.034
-0.063
-0.09
-0.11
-0.123
-0.132
-0.14
-0.145
-0.147
-0.144
-0.137
-0.129
-0.123
-0.116
-0.109
-0.101
-0.092
-0.083
-0.076
-0.069
-0.062
-0.056
-0.052
-0.048
-0.046
-0.044
-0.042
-0.039
-0.034
-0.029
-0.023
-0.017
-0.012
-0.007
-0.002
0.003
0.008
0.011
0.011
0.01
0.008
0.007
0.007
0.006
0.005
0.003
0.001
0.0
-0.001
-0.003
-0.006
-0.01
-0.016
-0.021
-0.025
-0.027
-0.029
-0.032
-0.035
-0.038
-0.04
-0.043
-0.045
-0.047
-0.05
-0.054
-0.056
-0.059
-0.061
-0.063
-0.065
-0.068
-0.071
-0.074
-0.079
-0.085
-0.09
-0.094
-0.094
-0.092
-0.088
-0.082
-0.074
-0.059
-0.034
-0.023
-0.016
-0.009
-0.006
-0.006
-0.009
-0.013
-0.018
-0.025
-0.034
-0.034
-0.028
-0.024
-0.021
-0.018
-0.015
-0.013
-0.014
-0.018
-0.024
-0.028
-0.032
-0.035
-0.038
-0.042
-0.047
-0.051
-0.054
-0.058
-0.061
-0.068
-0.078
-0.079
-0.074
-0.07
-0.065
-0.062
-0.068
-0.078
-0.085
-0.091
-0.096
-0.099
-0.101
-0.102
-0.1
-0.098
-0.095
-0.093
-0.09
-0.088
-0.086
-0.084
-0.082
-0.081
-0.078
-0.076
-0.072
-0.069
-0.065
-0.062
-0.058
-0.054
-0.05
-0.045
-0.039
-0.033
-0.028
-0.025
-0.022
-0.02
-0.018
-0.015
-0.011
-0.009
-0.009
-0.011
-0.017
-0.025
-0.032
-0.04
-0.049
-0.059
-0.065
-0.069
-0.072
-0.076
-0.08
-0.083
-0.083
-0.078
-0.067
-0.035
0.005
0.073
0.171
0.295
0.441
0.597
0.747
0.858
0.898
0.843
0.689
0.458
0.195
-0.042
-0.225
-0.319
-0.35
-0.337
-0.295
-0.239
-0.192
-0.16
-0.122
-0.085
-0.061
-0.047
-0.036
-0.027
-0.018
-0.002
0.016
0.023
0.029
0.032
0.033
0.031
0.026
0.018
0.004
-0.006
-0.008
-0.008
-0.009
-0.009
-0.009
-0.01
-0.01
-0.011
-0.011
-0.01
-0.01
-0.01
-0.009
-0.007
-0.007
-0.006
-0.006
-0.005
-0.004
-0.003
-0.001
0.001
0.004
0.008
0.015
0.028
0.055
0.073
0.085
0.096
0.107
0.121
0.136
0.155
0.165
0.171
0.175
0.179
0.182
0.186
0.19
0.194
0.198
0.202
0.206
0.211
0.22
0.235
0.242
0.245
0.249
0.253
0.251
0.233
0.213
0.193
0.176
0.16
0.143
0.125
0.1
0.068
0.041
0.021
0.004
-0.011
-0.027
-0.041
-0.047
-0.049
-0.052
-0.054
-0.055
-0.056
-0.057
-0.058
-0.06
-0.062
-0.064
-0.066
-0.068
-0.069
-0.07
-0.071
-0.071
-0.071
-0.071
-0.07
-0.071
-0.071
-0.072
-0.073
-0.074
-0.075
-0.076
-0.077
-0.078
-0.079
-0.078
-0.077
-0.076
-0.075
-0.074
-0.073
-0.071
-0.069
-0.067
-0.065
-0.064
-0.063
-0.062
-0.061
-0.059
-0.057
-0.057
-0.057
-0.057
-0.056
-0.055
-0.054
-0.053
-0.052
-0.052
-0.051
-0.05
-0.049
-0.049
-0.049
-0.05
-0.052
-0.054
-0.055
-0.058
-0.06
-0.062
-0.065
-0.067
-0.069
-0.071
-0.072
-0.073
-0.075
-0.075
-0.075
-0.075
-0.075
-0.075
-0.075
-0.075
-0.076
-0.076
-0.076
-0.075
-0.074
-0.074
-0.072
-0.071
-0.069
-0.067
-0.064
-0.06
-0.059
-0.06
-0.062
-0.065
-0.068
-0.072
-0.075
-0.077
-0.073
-0.063
-0.052
-0.042
-0.032
-0.022
-0.013
-0.004
0.003
0.01
0.014
0.018
0.021
0.023
0.026
0.029
0.031
0.034
0.036
0.038
0.039
0.04
0.039
0.038
0.036
0.035
0.034
0.034
0.034
0.036
0.038
0.038
0.033
0.025
0.02
0.015
0.009
0.004
0.001
0.002
0.004
0.008
0.012
0.016
0.02
0.024
0.03
0.037
0.043
0.051
0.065
0.116
0.206
0.333
0.48
0.621
0.73
0.77
0.762
0.68
0.525
0.334
0.14
-0.032
-0.164
-0.224
-0.244
-0.228
-0.182
-0.124
-0.065
-0.034
-0.017
-0.008
-0.001
0.005
0.013
0.02
0.026
0.033
0.039
0.044
0.047
0.047
0.046
0.045
0.045
0.046
0.047
0.046
0.045
0.043
0.042
0.046
0.053
0.061
0.068
0.076
0.085
0.089
0.087
0.08
0.072
0.065
0.056
0.048
0.044
0.047
0.054
