-0.069
-0.089
-0.108
-0.125
-0.135
-0.142
-0.147
-0.152
-0.156
-0.161
-0.167
-0.174
-0.181
-0.189
-0.197
-0.208
-0.217
-0.222
-0.222
-0.222
-0.222
-0.223
-0.224
-0.224
-0.224
-0.224
-0.219
-0.212
-0.204
-0.197
-0.191
-0.185
-0.179
-0.174
-0.168
-0.162
-0.156
-0.152
-0.148
-0.144
-0.14
-0.136
-0.132
-0.128
-0.125
-0.122
-0.12
-0.118
-0.116
-0.113
-0.11
-0.107
-0.099
-0.094
-0.099
-0.114
-0.156
-0.207
-0.268
-0.334
-0.396
-0.418
-0.433
-0.433
-0.403
-0.358
-0.306
-0.253
-0.2
-0.147
-0.128
-0.119
-0.112
-0.117
-0.121
-0.122
-0.124
-0.124
-0.125
-0.125
-0.124
-0.124
-0.124
-0.123
-0.122
-0.12
-0.117
-0.115
-0.114
-0.112
-0.111
-0.11
-0.109
-0.109
-0.113
-0.119
-0.125
-0.132
-0.136
-0.14
-0.144
-0.147
-0.151
-0.154
-0.157
-0.16
-0.164
-0.167
-0.171
-0.174
-0.178
-0.181
-0.184
-0.186
-0.188
-0.19
-0.192
-0.194
-0.196
-0.199
-0.202
-0.204
-0.207
-0.209
-0.211
-0.213
-0.213
-0.214
-0.214
-0.214
-0.213
-0.212
-0.21
-0.208
-0.207
-0.206
-0.205
-0.203
-0.201
-0.198
-0.195
-0.192
-0.188
-0.183
-0.169
-0.155
-0.14
-0.122
-0.102
-0.086
-0.065
-0.039
-0.014
0.009
0.032
0.056
0.077
0.092
0.109
0.123
0.135
0.148
0.162
0.169
0.174
0.178
0.182
0.185
0.188
0.19
0.193
0.195
0.197
0.199
0.2
0.201
0.202
0.203
0.205
0.207
0.209
0.21
0.212
0.213
0.214
0.214
0.213
0.208
0.202
0.195
0.188
0.183
0.18
0.177
0.174
0.171
0.168
0.165
0.163
0.16
0.157
0.154
0.152
0.15
0.149
0.148
0.146
0.145
0.143
0.142
0.141
0.14
0.14
0.139
0.138
0.138
0.138
0.139
0.139
0.14
0.14
0.14
0.14
0.141
0.141
0.141
0.141
0.141
0.14
0.14
0.14
0.14
0.14
0.139
0.139
0.138
0.139
0.139
0.139
0.139
0.139
0.139
0.139
0.139
0.138
0.137
0.136
0.135
0.133
0.133
0.132
0.131
0.13
0.13
0.13
0.13
0.129
0.128
0.127
0.126
0.124
0.122
0.12
0.118
0.116
0.113
0.11
0.106
0.103
0.099
0.095
0.091
0.087
0.082
0.077
0.072
0.068
0.064
0.061
0.058
0.057
0.057
0.059
0.061
0.063
0.067
0.07
0.074
0.078
0.082
0.086
0.09
0.095
0.099
0.103
0.107
0.11
0.111
0.111
0.11
0.109
0.108
0.106
0.104
0.102
0.099
0.096
0.093
0.089
0.083
0.076
0.071
0.066
0.06
0.035
-0.018
-0.083
-0.152
-0.214
-0.253
-0.266
-0.265
-0.249
-0.207
-0.151
-0.085
-0.012
0.05
0.084
0.096
0.1
0.089
0.07
0.061
0.055
0.05
0.046
0.042
0.039
0.036
0.032
0.029
0.026
0.024
0.023
0.022
0.021
0.021
0.02
0.018
0.017
0.015
0.012
0.007
-0.004
-0.021
-0.029
-0.034
-0.037
-0.04
-0.042
-0.044
-0.047
-0.05
-0.053
-0.055
-0.058
-0.06
-0.062
-0.065
-0.068
-0.071
-0.074
-0.077
-0.081
-0.085
-0.09
-0.095
-0.1
-0.105
-0.11
-0.116
-0.123
-0.134
-0.143
-0.148
-0.152
-0.154
-0.156
-0.158
-0.16
-0.161
-0.162
-0.163
-0.163
-0.163
-0.162
-0.16
-0.156
-0.152
-0.147
-0.142
-0.137
-0.131
-0.123
-0.114
-0.105
-0.096
-0.086
-0.071
-0.05
-0.032
-0.013
0.004
0.022
0.038
0.051
0.065
0.079
0.09
0.099
0.106
0.111
0.115
0.118
0.12
0.122
0.124
0.127
0.129
0.13
0.131
0.13
0.128
0.125
0.121
0.117
0.114
0.11
0.107
0.103
0.1
0.097
0.094
0.092
0.089
0.087
0.084
0.081
0.078
0.074
0.07
0.065
0.06
0.054
0.048
0.041
0.035
0.027
0.019
0.007
-0.004
-0.014
-0.023
-0.03
-0.035
-0.04
-0.045
-0.049
-0.052
-0.055
-0.057
-0.058
-0.06
-0.06
-0.06
-0.06
-0.06
-0.061
-0.061
-0.062
-0.062
-0.062
-0.062
-0.062
-0.062
-0.061
-0.061
-0.061
-0.06
-0.06
-0.06
-0.06
-0.06
-0.061
-0.062
-0.065
-0.067
-0.07
-0.073
-0.076
-0.079
-0.082
-0.086
-0.089
-0.091
-0.093
-0.095
-0.097
-0.099
-0.101
-0.103
-0.104
-0.107
-0.109
-0.111
-0.114
-0.115
-0.117
-0.118
-0.12
-0.121
-0.123
-0.124
-0.125
-0.126
-0.128
-0.13
-0.132
-0.136
-0.139
-0.143
-0.146
-0.149
-0.151
-0.152
-0.152
-0.149
-0.145
-0.14
-0.135
-0.129
-0.123
-0.118
-0.114
-0.11
-0.107
-0.103
-0.099
-0.095
-0.092
-0.088
-0.085
-0.083
-0.081
-0.079
-0.078
-0.078
-0.079
-0.08
-0.081
-0.083
-0.085
-0.087
-0.09
-0.093
-0.098
-0.102
-0.107
-0.137
-0.179
-0.238
-0.312
-0.398
-0.481
-0.53
-0.532
-0.488
-0.376
-0.237
-0.104
-0.024
0.002
-0.014
-0.044
-0.073
-0.081
-0.082
-0.084
-0.086
-0.088
-0.09
-0.092
-0.095
-0.097
-0.098
-0.098
-0.098
-0.098
-0.098
-0.098
-0.098
-0.098
-0.098
-0.099
-0.099
-0.099
-0.099
-0.098
-0.098
-0.098
-0.098
-0.098
-0.098
-0.098
-0.098
-0.098
-0.099
-0.099
-0.1
-0.1
-0.101
-0.101
-0.101
-0.102
-0.103
-0.103
-0.104
-0.105
-0.106
-0.106
-0.107
-0.108
-0.109
-0.11
-0.111
-0.112
-0.114
-0.115
-0.117
-0.118
-0.121
-0.124
-0.127
-0.131
-0.134
-0.137
-0.139
-0.14
-0.139
-0.138
-0.136
-0.132
-0.128
-0.123
-0.118
-0.111
-0.099
-0.086
-0.074
-0.062
-0.049
-0.037
-0.025
-0.01
0.005
0.022
0.044
0.071
0.091
0.107
0.126
0.142
0.155
0.169
0.182
0.193
0.203
0.211
0.216
0.22
0.223
0.224
0.226
0.227
0.228
0.229
0.23
0.231
0.232
0.232
0.232
0.232
0.231
0.231
0.23
0.228
0.226
0.223
0.22
0.217
0.214
0.211
0.207
0.205
0.202
0.2
0.197
0.195
0.193
0.19
0.187
0.184
0.181
0.179
0.177
0.175
0.173
0.171
0.17
0.169
0.167
0.165
0.164
0.162
0.161
0.16
0.158
0.156
0.155
0.153
0.149
0.144
0.139
0.133
0.127
0.12
0.113
0.107
0.102
0.097
0.093
0.089
0.085
0.081
0.077
0.073
0.069
0.065
0.061
0.058
0.055
0.052
0.05
0.048
0.046
0.045
0.044
0.042
0.041
0.039
0.038
0.037
0.035
0.034
0.034
0.033
0.033
0.034
0.034
0.035
0.035
0.036
0.036
0.037
0.037
0.037
0.038
0.037
0.036
0.036
0.035
0.033
0.03
0.028
0.025
0.022
0.019
0.015
0.01
0.004
0.0
-0.004
-0.007
-0.008
-0.007
-0.003
0.0
0.005
0.01
0.015
0.019
0.023
0.027
0.03
0.033
0.035
0.036
0.037
0.037
0.037
0.036
0.035
0.034
0.033
0.031
0.03
0.03
0.03
0.03
0.029
0.029
0.028
0.027
0.026
0.025
0.023
0.022
0.018
0.0
-0.045
-0.108
-0.189
-0.287
-0.391
-0.473
-0.501
-0.486
-0.44
-0.321
-0.187
-0.069
-0.009
0.01
-0.007
-0.037
-0.066
-0.078
-0.084
-0.089
-0.093
-0.097
-0.102
-0.106
-0.11
-0.114
-0.118
-0.121
-0.124
-0.127
-0.13
-0.133
-0.135
-0.138
-0.141
-0.143
-0.146
-0.149
-0.152
-0.155
-0.158
-0.161
-0.164
-0.166
-0.169
-0.171
-0.173
-0.176
-0.179
-0.182
-0.187
-0.191
-0.194
-0.197
-0.2
-0.201
-0.202
-0.202
-0.202
-0.203
-0.204
-0.206
-0.21
-0.213
-0.215
-0.215
-0.213
-0.211
-0.207
-0.204
-0.201
-0.2
-0.199
-0.199
-0.199
-0.2
-0.201
-0.201
-0.2
-0.199
-0.197
-0.195
-0.193
-0.19
-0.187
-0.182
-0.176
-0.163
-0.151
-0.139
-0.125
-0.108
-0.096
-0.079
-0.06
-0.042
-0.02
0.007
0.032
0.056
0.077
0.095
0.116
0.131
0.14
0.147
0.153
0.158
0.162
0.165
0.166
0.167
0.168
0.168
0.168
0.169
0.169
0.17
0.172
0.175
0.177
0.18
0.183
0.185
0.188
0.19
0.192
0.195
0.199
0.203
0.208
0.212
0.215
0.217
0.219
0.219
0.219
0.218
0.216
0.215
0.214
0.213
0.213
0.213
0.211
0.205
0.199
0.196
0.192
0.189
0.185
0.181
0.178
0.175
0.172
0.169
0.166
0.164
0.162
0.16
0.158
0.156
0.154
0.152
0.15
0.148
0.146
0.145
0.144
0.142
0.141
0.14
0.138
0.137
0.135
0.133
0.131
0.129
0.127
0.124
0.121
0.119
0.117
0.115
0.113
0.112
0.111
0.111
0.111
0.11
0.111
0.112
0.112
0.112
0.112
0.112
0.112
0.112
0.111
0.111
0.111
0.111
0.11
0.109
0.108
0.106
0.104
0.102
0.1
0.097
0.094
0.09
0.086
0.082
0.077
0.073
0.069
0.064
0.059
0.054
0.049
0.044
0.04
0.036
0.032
0.028
0.025
0.021
0.019
0.017
0.017
0.017
0.018
0.02
0.022
0.026
0.029
0.034
0.04
0.051
0.062
0.072
0.082
0.091
0.098
0.103
0.106
0.108
0.111
0.113
0.113
0.109
0.102
0.094
0.088
0.081
0.074
0.068
0.063
0.06
0.056
0.049
0.037
0.012
-0.042
-0.125
-0.23
-0.343
-0.443
-0.486
-0.48
-0.4
-0.249
-0.078
0.058
0.116
0.118
0.07
0.001
-0.043
-0.059
-0.064
-0.062
-0.06
-0.059
-0.058
-0.056
-0.055
-0.054
-0.058
-0.064
-0.073
-0.082
-0.096
-0.105
-0.112
-0.116
-0.119
-0.122
-0.124
-0.127
-0.129
-0.131
-0.133
-0.134
-0.136
-0.14
-0.144
-0.154
-0.174
-0.184
-0.19
-0.195
-0.2
-0.207
-0.213
-0.219
-0.224
-0.228
-0.232
-0.235
-0.239
-0.242
-0.245
-0.248
-0.251
-0.255
-0.259
-0.263
-0.269
-0.275
-0.279
-0.282
-0.285
-0.287
-0.289
-0.291
-0.293
-0.295
-0.297
-0.298
-0.298
-0.297
-0.297
-0.295
-0.294
-0.291
-0.288
-0.285
-0.282
-0.278
-0.272
-0.261
-0.25
-0.24
-0.225
-0.201
-0.175
-0.149
-0.122
-0.097
-0.073
-0.05
-0.026
-0.003
0.016
0.031
0.046
0.061
0.075
0.089
0.095
0.098
0.101
0.103
0.105
0.106
0.108
0.109
0.111
0.112
0.113
0.114
0.114
0.114
0.113
0.113
0.113
0.112
0.111
0.11
0.109
0.107
0.105
0.103
0.101
0.098
0.095
0.092
0.088
0.083
0.07
0.059
0.048
0.04
0.033
0.027
0.02
0.016
0.012
0.006
0.0
-0.007
-0.014
-0.021
-0.029
-0.037
-0.044
-0.049
-0.054
-0.057
-0.059
-0.06
-0.062
-0.064
-0.066
-0.067
-0.069
-0.071
-0.073
-0.074
-0.075
-0.076
-0.076
-0.077
-0.077
-0.077
-0.078
-0.078
-0.079
-0.08
-0.081
-0.083
-0.083
-0.083
-0.083
-0.084
-0.085
-0.088
-0.092
-0.1
-0.122
-0.137
-0.145
-0.152
-0.159
-0.166
-0.172
-0.177
-0.182
-0.188
-0.192
-0.196
-0.199
-0.201
-0.202
-0.204
-0.206
-0.208
-0.211
-0.214
-0.217
-0.218
-0.218
-0.218
-0.218
-0.218
-0.217
-0.218
-0.219
-0.221
-0.224
-0.227
-0.229
-0.231
-0.232
-0.231
-0.229
-0.226
-0.222
-0.218
-0.213
-0.208
-0.204
-0.2
-0.193
-0.186
-0.179
-0.176
-0.174
-0.172
-0.171
-0.171
-0.172
-0.172
-0.173
-0.173
-0.174
-0.174
-0.173
-0.17
-0.166
-0.162
-0.159
-0.155
-0.149
-0.139
-0.139
-0.147
-0.167
-0.217
-0.292
-0.384
-0.476
-0.52
-0.516
-0.446
-0.319
-0.177
-0.057
-0.004
0.012
-0.001
-0.043
-0.078
-0.089
-0.095
-0.096
-0.097
-0.099
-0.099
-0.098
-0.097
-0.096
-0.096
-0.095
-0.095
-0.095
-0.095
-0.094
-0.095
-0.096
-0.096
-0.097
-0.098
-0.099
-0.1
-0.101
-0.101
-0.102
-0.104
-0.106
-0.107
-0.107
-0.108
-0.108
-0.108
-0.108
-0.108
-0.108
-0.108
-0.108
-0.109
-0.109
-0.109
-0.11
-0.11
-0.109
-0.108
-0.107
-0.107
-0.106
-0.106
-0.105
-0.104
-0.103
-0.102
-0.1
-0.099
-0.097
-0.094
-0.092
-0.09
-0.088
-0.086
-0.081
-0.075
-0.07
-0.066
-0.063
-0.06
-0.057
-0.053
-0.048
-0.043
-0.036
-0.027
-0.018
-0.007
0.002
0.011
0.024
0.044
0.065
0.087
0.106
0.12
0.132
0.147
0.168
0.185
0.195
0.206
0.217
0.23
0.246
0.262
0.278
0.294
0.31
0.317
0.322
0.327
0.33
0.334
0.336
0.339
0.34
0.34
0.338
0.335
0.331
0.327
0.322
0.317
0.314
0.311
0.309
0.307
0.305
0.303
0.3
0.298
0.294
0.292
0.29
0.289
0.289
0.288
0.288
0.289
0.289
0.288
0.288
0.289
0.289
0.289
0.288
0.288
0.289
0.289
0.288
0.287
0.286
0.286
0.284
0.28
0.275
0.267
0.257
0.247
0.239
0.231
0.223
0.215
0.207
0.202
0.197
0.192
0.187
0.184
0.181
0.179
0.175
0.171
0.168
0.165
0.162
0.159
0.155
0.152
0.148
0.144
0.14
0.135
0.129
0.124
0.118
0.113
0.108
0.103
0.098
0.093
0.089
0.085
0.082
0.08
0.079
0.077
0.076
0.075
0.074
0.072
0.07
0.069
0.067
0.064
0.062
0.06
0.058
0.056
0.053
0.049
0.046
0.042
0.034
0.021
0.008
-0.004
-0.017
-0.033
-0.04
-0.044
-0.049
-0.053
-0.057
-0.059
-0.061
-0.062
-0.062
-0.06
-0.057
-0.054
-0.051
-0.047
-0.042
-0.037
-0.032
-0.024
-0.011
0.0
0.005
0.01
0.013
0.016
0.018
0.019
0.021
0.021
0.02
0.017
0.013
0.008
0.003
-0.003
-0.014
-0.025
-0.036
-0.052
-0.076
-0.115
-0.167
-0.243
-0.338
-0.436
-0.515
-0.532
-0.52
-0.435
-0.308
-0.178
-0.082
-0.046
-0.049
-0.077
-0.103
-0.112
-0.115
-0.117
-0.12
-0.123
-0.125
-0.125
-0.125
-0.125
-0.125
-0.126
-0.126
-0.126
-0.127
-0.128
-0.129
-0.131
-0.133
-0.134
-0.136
-0.137
-0.138
-0.14
-0.142
-0.145
-0.147
-0.148
-0.149
-0.15
-0.153
-0.156
-0.16
-0.165
-0.17
-0.175
-0.179
-0.182
-0.185
-0.186
-0.187
-0.187
-0.188
-0.189
-0.191
-0.193
-0.195
-0.197
-0.197
-0.196
-0.195
-0.194
-0.194
-0.194
-0.194
-0.195
-0.196
-0.196
-0.195
-0.194
-0.192
-0.189
-0.186
-0.184
-0.183
-0.182
-0.179
-0.175
-0.171
-0.165
-0.158
-0.152
-0.148
-0.144
-0.134
-0.114
-0.091
-0.066
-0.038
-0.011
0.012
0.039
0.07
0.097
0.123
0.143
0.152
0.156
0.159
0.159
0.157
0.153
0.146
0.139
0.134
0.127
0.119
0.115
0.114
0.119
0.127
0.136
0.148
0.163
0.171
0.175
0.177
0.18
0.182
0.182
0.179
0.174
0.17
0.167
0.165
0.162
0.159
0.158
0.157
0.157
0.157
0.157
0.157
0.157
0.157
0.157
0.157
0.155
0.154
0.153
0.152
0.151
0.15
0.149
0.147
0.145
0.149
0.159
0.17
0.184
0.196
0.213
0.235
0.255
0.27
0.285
0.297
0.307
0.311
0.313
0.314
0.316
0.318
0.319
0.32
0.319
0.316
0.313
0.308
0.303
0.298
0.291
0.284
0.277
0.27
0.265
0.26
0.255
0.251
0.246
0.241
0.236
0.229
0.222
0.215
0.208
0.2
0.191
0.179
0.165
0.156
0.149
0.144
0.139
0.134
0.129
0.122
0.113
0.104
0.095
0.084
0.072
0.059
0.05
0.043
0.037
0.03
0.024
0.018
0.009
-0.002
-0.014
-0.029
-0.049
-0.07
-0.091
-0.104
-0.112
-0.119
-0.126
-0.132
-0.138
-0.145
-0.152
-0.16
-0.169
-0.177
-0.181
-0.184
-0.188
-0.192
-0.195
-0.196
-0.198
-0.2
-0.202
-0.202
-0.204
-0.205
-0.206
-0.208
-0.211
-0.215
-0.219
-0.225
-0.232
-0.239
-0.246
-0.253
-0.262
-0.27
-0.278
-0.287
-0.3
-0.312
-0.343
-0.382
-0.433
-0.498
-0.58
-0.673
-0.758
-0.815
-0.821
-0.789
-0.694
-0.582
-0.492
-0.463
-0.47
-0.532
-0.616
-0.692
-0.736
-0.75
-0.759
-0.768
-0.773
-0.777
-0.784
-0.793
-0.806
-0.811
-0.814
-0.818
-0.821
-0.823
-0.825
-0.825
-0.825
-0.825
-0.824
-0.822
-0.821
-0.818
-0.816
-0.814
-0.811
-0.808
-0.805
-0.801
-0.797
-0.792
-0.786
-0.779
-0.771
-0.765
-0.759
-0.753
-0.746
-0.74
-0.734
-0.728
-0.717
-0.702
-0.691
-0.676
-0.658
-0.64
-0.618
-0.593
-0.571
-0.556
-0.544
-0.533
-0.518
-0.5
-0.484
-0.472
-0.461
-0.447
-0.427
-0.407
-0.383
-0.357
-0.332
-0.312
-0.292
-0.275
-0.263
-0.253
-0.244
-0.237
-0.231
-0.222
-0.212
-0.194
-0.173
-0.144
-0.112
-0.071
-0.041
-0.007
0.024
0.053
0.081
0.109
0.132
0.156
0.179
0.205
0.227
0.248
0.271
0.29
0.305
0.32
0.336
0.352
0.369
0.378
0.384
0.389
0.39
0.393
0.397
0.4
0.404
0.408
0.413
0.418
0.422
0.425
0.431
0.434
0.438
0.441
0.446
0.451
0.457
0.462
0.47
0.476
0.479
0.48
0.48
0.48
0.482
0.481
0.482
0.486
0.481
0.472
0.465
0.46
0.455
0.451
0.446
0.441
0.437
0.431
0.427
0.424
0.423
0.424
0.42
0.418
0.417
0.416
0.415
0.414
0.414
0.414
0.414
0.415
0.415
0.414
0.412
0.41
0.408
0.407
0.406
0.404
0.401
0.397
0.393
0.386
0.378
0.37
0.362
0.354
0.347
0.343
0.339
0.335
0.33
0.325
0.322
0.319
0.315
0.312
0.309
0.306
0.303
0.298
0.293
0.288
0.282
0.277
0.27
0.263
0.256
0.247
0.237
0.227
0.219
0.211
0.203
0.195
0.189
0.186
0.182
0.173
0.168
0.164
0.161
0.158
0.155
0.153
0.153
0.15
0.148
0.146
0.146
0.147
0.149
0.152
0.161
0.168
0.172
0.176
0.179
0.183
0.185
0.185
0.182
0.177
0.172
0.168
0.164
0.161
0.159
0.157
0.155
0.154
0.152
0.151
0.15
0.146
0.14
0.13
0.096
0.037
-0.041
-0.134
-0.233
-0.313
-0.339
-0.331
-0.263
-0.156
-0.044
0.029
0.056
0.058
0.041
0.028
0.02
0.014
0.007
0.0
-0.006
-0.011
-0.016
-0.023
-0.032
-0.042
-0.055
-0.066
-0.077
-0.086
-0.092
-0.099
-0.107
-0.112
-0.117
-0.124
-0.134
-0.142
-0.15
-0.158
-0.164
-0.167
-0.175
-0.179
-0.18
-0.184
-0.186
-0.189
-0.192
-0.193
-0.196
-0.197
-0.203
-0.207
-0.213
-0.218
-0.228
-0.228
-0.231
-0.236
-0.238
-0.241
-0.242
-0.246
-0.25
-0.252
-0.254
-0.254
-0.254
-0.254
-0.256
-0.26
-0.269
-0.286
-0.309
-0.332
-0.356
-0.373
-0.39
-0.407
-0.416
-0.421
-0.426
-0.432
-0.435
-0.432
-0.423
-0.414
-0.404
-0.391
-0.377
-0.363
-0.349
-0.335
-0.319
-0.303
-0.284
-0.262
-0.24
-0.222
-0.209
-0.194
-0.179
-0.166
-0.156
-0.148
-0.137
-0.125
-0.117
-0.113
-0.109
-0.106
-0.103
-0.1
-0.096
-0.093
-0.09
-0.088
-0.086
-0.084
-0.082
-0.08
-0.078
-0.076
-0.075
-0.073
-0.071
-0.07
-0.069
-0.069
-0.068
-0.067
-0.067
-0.066
-0.065
-0.063
-0.061
-0.059
-0.058
-0.057
-0.057
-0.058
-0.058
-0.059
-0.059
-0.059
-0.059
-0.059
-0.06
-0.061
-0.061
-0.059
-0.058
-0.056
-0.052
-0.048
-0.045
-0.041
-0.037
-0.034
-0.03
-0.026
-0.018
-0.007
0.002
0.012
0.024
0.034
0.041
0.046
0.052
0.056
0.061
0.067
0.072
0.075
0.074
0.073
0.072
0.073
0.073
0.074
0.076
0.078
0.08
0.083
0.082
0.08
0.079
0.08
0.081
0.08
0.079
0.076
0.072
0.07
0.069
0.068
0.065
0.064
0.064
0.063
0.061
0.059
0.056
0.053
0.05
0.048
0.042
0.029
0.016
0.006
-0.002
-0.015
-0.029
-0.043
-0.057
-0.063
-0.066
-0.07
-0.074
-0.078
-0.081
-0.085
-0.088
-0.09
-0.091
-0.091
-0.09
-0.089
-0.09
-0.09
-0.089
-0.086
-0.082
-0.077
-0.071
-0.066
-0.062
-0.058
-0.055
-0.054
-0.052
-0.05
-0.047
-0.045
-0.044
-0.043
-0.044
-0.046
-0.048
-0.049
-0.05
-0.052
-0.055
-0.06
-0.068
-0.079
-0.124
-0.184
-0.265
-0.362
-0.459
-0.516
-0.535
-0.508
-0.425
-0.301
-0.176
-0.088
-0.056
-0.068
-0.091
-0.127
-0.155
-0.17
-0.184
-0.195
-0.203
-0.209
-0.213
-0.215
-0.216
-0.217
-0.22
-0.222
-0.223
-0.225
-0.226
-0.225
-0.223
-0.222
-0.221
-0.218
-0.215
-0.214
-0.212
-0.21
-0.206
-0.2
-0.194
-0.189
-0.186
-0.185
-0.183
-0.182
-0.181
-0.179
-0.177
-0.175
-0.173
-0.171
-0.17
-0.169
-0.169
-0.167
-0.165
-0.164
-0.163
-0.162
-0.161
-0.16
-0.159
-0.157
-0.153
-0.15
-0.147
-0.143
-0.137
-0.131
-0.124
-0.116
-0.11
-0.104
-0.1
-0.097
-0.095
-0.094
-0.091
-0.089
-0.087
-0.088
-0.089
-0.089
-0.085
-0.079
-0.066
-0.042
-0.024
-0.009
0.003
0.015
0.026
0.038
0.055
0.075
0.1
0.128
0.154
0.185
0.222
0.258
0.293
0.329
0.357
0.375
0.386
0.393
0.396
0.398
0.401
0.404
0.406
0.407
0.407
0.406
0.403
0.397
0.391
0.384
0.374
0.366
0.361
0.356
0.35
0.344
0.339
0.335
0.332
0.33
0.328
0.329
0.331
0.334
0.334
0.33
0.326
0.315
0.289
0.259
0.23
0.2
0.162
0.138
0.126
0.115
0.107
0.104
0.102
0.1
0.1
0.101
0.102
0.1
0.098
0.1
0.115
0.138
0.172
0.207
0.242
0.265
0.28
0.29
0.29
0.288
0.286
0.284
0.285
0.286
0.287
0.281
0.27
0.261
0.253
0.249
0.243
0.24
0.237
0.23
0.226
0.22
0.213
0.203
0.198
0.193
0.185
0.177
0.169
0.162
0.155
0.151
0.148
0.146
0.141
0.137
0.134
0.129
0.121
0.109
0.099
0.088
0.078
0.066
0.055
0.044
0.032
0.02
0.009
-0.001
-0.012
-0.022
-0.03
-0.034
-0.037
-0.041
-0.042
-0.044
-0.047
-0.047
-0.046
-0.045
-0.044
-0.044
-0.045
-0.046
-0.047
-0.05
-0.052
-0.055
-0.059
-0.062
-0.065
-0.068
-0.072
-0.075
-0.079
-0.08
-0.081
-0.081
-0.082
-0.082
-0.082
-0.083
-0.082
-0.085
-0.093
-0.121
-0.175
-0.256
-0.346
-0.438
-0.501
-0.523
-0.496
-0.416
-0.277
-0.142
-0.035
0.003
0.002
-0.05
-0.094
-0.105
-0.111
-0.116
-0.118
-0.119
-0.115
-0.113
-0.113
-0.11
-0.11
-0.115
-0.115
-0.117
-0.119
-0.117
-0.118
-0.118
-0.12
-0.127
-0.128
-0.131
-0.135
-0.142
-0.147
-0.152
-0.16
-0.167
-0.173
-0.177
-0.18
-0.184
-0.185
-0.187
-0.19
-0.19
-0.191
-0.192
-0.193
-0.193
-0.194
-0.194
-0.193
-0.193
-0.192
-0.193
-0.195
-0.196
-0.197
-0.199
-0.203
-0.207
-0.209
-0.212
-0.217
-0.223
-0.228
-0.231
-0.231
-0.228
-0.224
-0.219
-0.214
-0.211
-0.206
-0.201
-0.195
-0.191
-0.186
-0.182
-0.179
-0.175
-0.171
-0.164
-0.151
-0.14
-0.124
-0.105
-0.088
-0.071
-0.052
-0.034
-0.016
0.001
0.019
0.037
0.053
0.07
0.082
0.089
0.096
0.104
0.112
0.116
0.12
0.122
0.124
0.126
0.127
0.129
0.13
0.131
0.133
0.136
0.138
0.14
0.142
0.145
0.152
0.158
0.162
0.165
0.168
0.171
0.172
0.168
0.16
0.15
0.138
0.129
0.119
0.103
0.089
0.078
0.071
0.067
0.065
0.063
0.062
0.062
0.061
0.061
0.06
0.062
0.064
0.067
0.07
0.073
0.076
0.079
0.082
0.086
0.091
0.095
0.1
0.106
0.111
0.114
0.117
0.12
0.124
0.126
0.128
0.129
0.128
0.126
0.123
0.119
0.115
0.111
0.108
0.107
0.106
0.105
0.104
0.104
0.103
0.103
0.103
0.102
0.102
0.103
0.103
0.105
0.104
0.102
0.1
0.096
0.09
0.078
0.065
0.053
0.04
0.033
0.028
0.027
0.025
0.023
0.02
0.019
0.017
0.015
0.015
0.015
0.017
0.019
0.022
0.024
0.025
0.028
0.031
0.04
0.051
0.057
0.061
0.065
0.068
0.071
0.073
0.075
0.077
0.079
0.081
0.083
0.085
0.088
0.092
0.097
0.101
0.103
0.106
0.109
0.112
0.105
0.085
0.051
-0.004
-0.082
-0.175
-0.267
-0.318
-0.319
-0.264
-0.151
-0.022
0.087
0.145
0.154
0.136
0.095
0.078
0.072
0.075
0.077
0.078
0.077
0.074
0.071
0.069
0.068
0.067
0.068
0.07
0.072
0.075
0.079
0.082
0.077
0.069
0.066
0.064
0.06
0.058
0.056
0.052
0.049
0.046
0.046
0.045
0.042
0.039
0.031
0.013
0.0
-0.011
-0.019
-0.027
-0.035
-0.043
-0.052
-0.06
-0.069
-0.076
-0.082
-0.086
-0.09
-0.093
-0.096
-0.099
-0.102
-0.105
-0.107
-0.109
-0.113
-0.121
-0.136
-0.144
-0.148
-0.153
-0.156
-0.158
-0.157
-0.155
-0.153
-0.151
-0.147
-0.143
-0.139
-0.133
-0.127
-0.121
-0.116
-0.104
-0.089
-0.076
-0.063
-0.05
-0.034
-0.016
0.0
0.019
0.035
0.059
0.088
0.111
0.131
0.152
0.167
0.178
0.185
0.186
0.188
0.188
0.189
0.189
0.188
0.187
0.185
0.19
0.191
0.194
0.195
0.196
0.198
0.2
0.204
0.204
0.206
0.209
0.21
0.212
0.212
0.213
0.212
0.21
0.21
0.212
0.215
0.216
0.217
0.218
0.218
0.219
0.22
0.221
0.222
0.224
0.226
0.228
0.23
0.232
0.233
0.234
0.233
0.23
0.227
0.223
0.218
0.211
0.198
0.187
0.176
0.164
0.151
0.141
0.134
0.128
0.122
0.118
0.113
0.106
0.096
0.086
0.077
0.071
0.066
0.06
0.055
0.051
0.047
0.044
0.041
0.037
0.034
0.03
0.026
0.02
0.011
0.002
-0.004
-0.013
-0.023
-0.034
-0.043
-0.05
-0.055
-0.059
-0.062
-0.064
-0.065
-0.067
-0.069
-0.072
-0.075
-0.078
-0.082
-0.086
-0.092
-0.102
-0.111
-0.119
-0.128
-0.139
-0.152
-0.166
-0.178
-0.191
-0.202
-0.211
-0.219
-0.227
-0.232
-0.235
-0.239
-0.242
-0.244
-0.246
-0.246
-0.246
-0.245
-0.244
-0.242
-0.239
-0.235
-0.23
-0.222
-0.203
-0.188
-0.176
-0.164
-0.156
-0.152
-0.148
-0.145
-0.142
-0.14
-0.137
-0.134
-0.132
-0.128
-0.122
-0.112
-0.102
-0.09
-0.076
-0.066
-0.06
-0.067
-0.089
-0.138
-0.211
-0.31
-0.422
-0.516
-0.56
-0.519
-0.433
-0.301
-0.181
-0.098
-0.072
-0.073
-0.105
-0.149
-0.186
-0.204
-0.212
-0.218
-0.221
-0.221
-0.214
-0.206
-0.202
-0.199
-0.197
-0.195
-0.193
-0.19
-0.188
-0.187
-0.186
-0.186
-0.186
-0.186
-0.185
-0.185
-0.185
-0.184
-0.185
-0.184
-0.184
-0.183
-0.182
-0.181
-0.178
-0.176
-0.168
-0.156
-0.141
-0.13
-0.126
-0.123
-0.121
-0.12
-0.12
-0.122
-0.126
-0.132
-0.142
-0.159
-0.168
-0.173
-0.175
-0.179
-0.181
-0.183
-0.185
-0.186
-0.187
-0.187
-0.186
-0.186
-0.186
-0.186
-0.186
-0.187
-0.188
-0.189
-0.188
-0.186
-0.184
-0.181
-0.179
-0.176
-0.173
-0.169
-0.165
-0.16
-0.154
-0.146
-0.132
-0.119
-0.101
-0.078
-0.055
-0.032
-0.01
0.01
0.025
0.036
0.05
0.061
0.071
0.081
0.092
0.102
0.11
0.118
0.126
0.134
0.139
0.142
0.146
0.149
0.152
0.156
0.16
0.164
0.168
0.172
0.175
0.178
0.18
0.182
0.183
0.185
0.187
0.188
0.188
0.189
0.19
0.191
0.192
0.193
0.193
0.194
0.194
0.193
0.192
0.192
0.191
0.19
0.188
0.187
0.186
0.185
0.183
0.182
0.181
0.18
0.178
0.177
0.174
0.168
0.159
0.151
0.142
0.133
0.122
0.111
0.098
0.09
0.083
0.077
0.073
0.071
0.069
0.067
0.065
0.062
0.06
0.057
0.054
0.051
0.047
0.043
0.04
0.037
0.036
0.034
0.033
0.031
0.03
0.029
0.028
0.026
0.026
0.025
0.026
0.027
0.029
0.03
0.032
0.033
0.035
0.036
0.038
0.038
0.039
0.041
0.042
0.043
0.043
0.042
0.038
0.032
0.025
0.016
0.002
-0.014
-0.03
-0.047
-0.062
-0.071
-0.076
-0.081
-0.084
-0.086
-0.087
-0.087
-0.086
-0.082
-0.078
-0.073
-0.068
-0.061
-0.048
-0.038
-0.029
-0.023
-0.019
-0.015
-0.012
-0.009
-0.004
0.0
0.005
0.009
0.014
0.019
0.024
0.028
0.032
0.036
0.038
0.039
0.039
0.039
0.037
0.035
0.031
0.026
0.007
-0.039
-0.109
-0.203
-0.309
-0.397
-0.417
-0.401
-0.295
-0.138
0.004
0.1
0.12
0.113
0.061
0.026
0.013
0.014
0.022
0.03
0.037
0.04
0.033
0.019
0.011
0.005
0.0
-0.003
-0.008
-0.013
-0.017
-0.021
-0.025
-0.028
-0.033
-0.04
-0.044
-0.045
-0.044
-0.044
-0.045
-0.045
-0.046
-0.047
-0.048
-0.049
-0.05
-0.052
-0.054
-0.056
-0.058
-0.059
-0.061
-0.064
-0.066
-0.069
-0.072
-0.075
-0.079
-0.082
-0.086
-0.091
-0.099
-0.114
-0.128
-0.143
-0.157
-0.172
-0.186
-0.197
-0.205
-0.211
-0.214
-0.216
-0.217
-0.218
-0.22
-0.221
-0.222
-0.222
-0.222
-0.222
-0.222
-0.221
-0.219
-0.217
-0.214
-0.211
-0.208
-0.205
-0.203
-0.2
-0.197
-0.194
-0.19
-0.187
-0.183
-0.18
-0.177
-0.172
-0.166
-0.157
-0.14
-0.123
-0.108
-0.096
-0.083
-0.071
-0.065
-0.062
-0.058
-0.056
-0.054
-0.052
-0.05
-0.049
-0.047
-0.045
-0.043
-0.041
-0.04
-0.038
-0.037
-0.034
-0.031
-0.028
-0.024
-0.019
-0.014
-0.009
-0.007
-0.005
-0.004
-0.004
-0.003
-0.003
-0.002
-0.002
-0.002
-0.002
-0.002
-0.002
-0.003
-0.005
-0.007
-0.009
-0.012
-0.013
-0.015
-0.017
-0.018
-0.02
-0.021
-0.022
-0.022
-0.021
-0.02
-0.018
-0.016
-0.013
-0.009
-0.005
-0.002
0.0
0.002
0.004
0.006
0.008
0.01
0.011
0.012
0.013
0.014
0.014
0.014
0.014
0.014
0.013
0.013
0.013
0.013
0.013
0.013
0.014
0.013
0.013
0.013
0.012
0.011
0.01
0.009
0.008
0.007
0.005
0.004
0.003
0.003
0.001
0.0
0.0
-0.002
-0.003
-0.005
-0.007
-0.01
-0.013
-0.016
-0.019
-0.023
-0.029
-0.035
-0.04
-0.044
-0.046
-0.047
-0.047
-0.047
-0.047
-0.047
-0.047
-0.046
-0.046
-0.045
-0.042
-0.027
-0.013
0.0
0.011
0.022
0.029
0.034
0.038
0.042
0.045
0.048
0.051
0.054
0.057
0.06
0.064
0.067
0.071
0.074
0.077
0.079
0.082
0.084
0.085
0.087
0.088
0.088
0.09
0.093
0.098
0.082
0.036
-0.029
-0.119
-0.226
-0.334
-0.403
-0.406
-0.35
-0.215
-0.054
0.089
0.168
0.176
0.143
0.103
0.092
0.085
0.08
0.073
0.066
0.059
0.052
0.047
0.041
0.035
0.031
0.027
0.027
0.027
0.028
0.029
0.03
0.032
0.034
0.036
0.039
0.042
0.045
0.047
0.048
0.045
0.039
0.032
0.025
0.02
0.014
0.009
0.003
-0.001
-0.006
-0.008
-0.011
-0.013
-0.016
-0.019
-0.024
-0.03
-0.039
-0.051
-0.063
-0.074
-0.081
-0.083
-0.084
-0.085
-0.085
-0.086
-0.086
-0.087
-0.087
-0.086
-0.084
-0.081
-0.077
-0.073
-0.069
-0.066
-0.063
-0.06
-0.057
-0.055
-0.053
-0.05
-0.047
-0.044
-0.041
-0.038
-0.035
-0.031
-0.026
-0.019
-0.006
0.006
0.017
0.031
0.048
0.062
0.077
0.091
0.105
0.124
0.145
0.165
0.185
0.204
0.223
0.24
0.252
0.265
0.279
0.291
0.295
0.297
0.299
0.3
0.301
0.302
0.301
0.299
0.294
0.289
0.283
0.278
0.271
0.264
0.258
0.252
0.246
0.241
0.237
0.234
0.231
0.229
0.228
0.226
0.225
0.225
0.225
0.224
0.224
0.224
0.225
0.225
0.226
0.227
0.228
0.23
0.231
0.232
0.233
0.234
0.234
0.234
0.233
0.232
0.229
0.226
0.223
0.22
0.217
0.214
0.211
0.206
0.199
0.193
0.186
0.18
0.173
0.166
0.158
0.15
0.143
0.136
0.13
0.125
0.12
0.115
0.11
0.106
0.102
0.099
0.097
0.095
0.092
0.09
0.087
0.085
0.083
0.081
0.078
0.074
0.069
0.061
0.046
0.034
0.024
0.017
0.01
0.002
-0.006
-0.013
-0.019
-0.025
-0.031
-0.036
-0.041
-0.048
-0.061
-0.082
-0.098
-0.11
-0.126
-0.137
-0.145
-0.152
-0.155
-0.152
-0.145
-0.138
-0.135
-0.132
-0.129
-0.127
-0.125
-0.124
-0.122
-0.12
-0.118
-0.117
-0.115
-0.114
-0.114
-0.113
-0.112
-0.111
-0.111
-0.11
-0.109
-0.108
-0.107
-0.105
-0.104
-0.104
-0.104
-0.103
-0.103
-0.102
-0.101
-0.098
-0.09
-0.089
-0.097
-0.117
-0.169
-0.249
-0.361
-0.494
-0.613
-0.662
-0.652
-0.552
-0.38
-0.19
-0.039
0.011
0.011
-0.043
-0.112
-0.144
-0.154
-0.159
-0.162
-0.163
-0.163
-0.16
-0.155
-0.151
-0.146
-0.142
-0.136
-0.13
-0.125
-0.123
-0.123
-0.123
-0.123
-0.123
-0.122
-0.121
-0.122
-0.13
-0.14
-0.146
-0.152
-0.156
-0.161
-0.165
-0.17
-0.173
-0.177
-0.18
-0.182
-0.185
-0.188
-0.192
-0.196
-0.2
-0.205
-0.209
-0.211
-0.213
-0.216
-0.218
-0.22
-0.222
-0.223
-0.225
-0.227
-0.228
-0.23
-0.231
-0.231
-0.232
-0.233
-0.234
-0.235
-0.236
-0.236
-0.236
-0.236
-0.235
-0.235
-0.234
-0.232
-0.231
-0.229
-0.227
-0.224
-0.222
-0.219
-0.216
-0.21
-0.194
-0.18
-0.167
-0.154
-0.138
-0.122
-0.106
-0.09
-0.069
-0.043
-0.023
-0.007
0.007
0.022
0.036
0.051
0.071
0.097
0.11
0.115
0.119
0.123
0.126
0.128
0.131
0.133
0.135
0.137
0.138
0.14
0.141
0.142
0.143
0.146
0.149
0.15
0.149
0.145
0.139
0.135
0.134
0.133
0.132
0.131
0.13
0.129
0.128
0.128
0.128
0.128
0.128
0.128
0.128
0.128
0.129
0.13
0.13
0.131
0.131
0.131
0.131
0.131
0.131
0.13
0.129
0.127
0.126
0.124
0.122
0.12
0.117
0.114
0.111
0.109
0.106
0.104
0.102
0.1
0.097
0.094
0.092
0.09
0.088
0.085
0.083
0.08
0.078
0.076
0.076
0.075
0.075
0.074
0.074
0.074
0.075
0.075
0.076
0.076
0.075
0.075
0.074
0.074
0.074
0.073
0.071
0.069
0.068
0.066
0.06
0.045
0.029
0.016
0.006
-0.003
-0.013
-0.023
-0.036
-0.053
-0.07
-0.078
-0.083
-0.087
-0.091
-0.093
-0.095
-0.096
-0.095
-0.093
-0.089
-0.085
-0.08
-0.075
-0.07
-0.062
-0.053
-0.041
-0.029
-0.021
-0.013
-0.006
0.0
0.002
0.002
0.001
-0.001
-0.005
-0.011
-0.021
-0.043
-0.064
-0.079
-0.092
-0.101
-0.108
-0.115
-0.123
-0.133
-0.15
-0.177
-0.223
-0.293
-0.381
-0.468
-0.519
-0.521
-0.478
-0.369
-0.226
-0.085
0.016
0.039
0.031
-0.027
-0.092
-0.119
-0.126
-0.13
-0.135
-0.142
-0.149
-0.155
-0.16
-0.164
-0.168
-0.171
-0.174
-0.175
-0.176
-0.175
-0.175
-0.174
-0.174
-0.173
-0.171
-0.169
-0.166
-0.164
-0.162
-0.161
-0.16
-0.16
-0.159
-0.158
-0.158
-0.158
-0.157
-0.157
-0.157
-0.156
-0.157
-0.157
-0.158
-0.159
-0.161
-0.162
-0.164
-0.166
-0.168
-0.17
-0.172
-0.174
-0.176
-0.179
-0.183
-0.194
-0.202
-0.21
-0.214
-0.217
-0.22
-0.222
-0.225
-0.227
-0.229
-0.231
-0.233
-0.234
-0.234
-0.234
-0.233
-0.232
-0.23
-0.229
-0.227
-0.224
-0.22
-0.216
-0.211
-0.206
-0.196
-0.174
-0.162
-0.146
-0.125
-0.101
-0.074
-0.05
-0.031
-0.013
0.009
0.039
0.068
0.099
0.12
0.133
0.142
0.151
0.158
0.162
0.164
0.166
0.168
0.17
0.171
0.173
0.174
0.175
0.175
0.176
0.177
0.178
0.178
0.178
0.177
0.176
0.175
0.173
0.171
0.168
0.165
0.163
0.161
0.159
0.157
0.156
0.155
0.155
0.153
0.152
0.15
0.149
0.147
0.145
0.143
0.141
0.139
0.137
0.136
0.135
0.135
0.134
0.134
0.134
0.133
0.133
0.132
0.131
0.13
0.129
0.129
0.129
0.13
0.131
0.132
0.134
0.135
0.137
0.139
0.14
0.141
0.142
0.143
0.144
0.145
0.145
0.147
0.149
0.151
0.154
0.156
0.157
0.156
0.153
0.148
0.143
0.137
0.128
0.115
0.104
0.095
0.091
0.089
0.087
0.085
0.083
0.082
0.08
0.079
0.077
0.075
0.073
0.071
0.068
0.066
0.063
0.059
0.054
0.048
0.035
0.021
0.008
0.001
-0.002
-0.006
-0.01
-0.013
-0.016
-0.018
-0.02
-0.021
-0.022
-0.023
-0.023
-0.023
-0.022
-0.02
-0.019
-0.016
-0.014
-0.01
-0.007
-0.004
-0.001
0.001
0.004
0.007
0.01
0.015
0.018
0.022
0.024
0.026
0.027
0.027
0.026
0.025
0.021
0.018
0.014
0.008
-0.002
-0.027
-0.073
-0.144
-0.241
-0.349
-0.437
-0.452
-0.436
-0.325
-0.17
-0.019
0.086
0.12
0.117
0.069
0.023
0.007
0.001
0.003
0.005
0.006
0.007
0.008
0.008
0.008
0.008
0.008
0.009
0.01
0.009
0.008
0.005
0.001
-0.002
-0.005
-0.008
-0.012
-0.017
-0.023
-0.029
-0.035
-0.042
-0.05
-0.059
-0.066
-0.071
-0.074
-0.077
-0.078
-0.079
-0.08
-0.08
-0.08
-0.081
-0.081
-0.082
-0.082
-0.083
-0.083
-0.084
-0.086
-0.087
-0.089
-0.091
-0.094
-0.098
-0.101
-0.105
-0.11
-0.115
-0.12
-0.131
-0.142
-0.147
-0.146
-0.145
-0.144
-0.144
-0.143
-0.143
-0.143
-0.143
-0.142
-0.141
-0.14
-0.138
-0.136
-0.133
-0.129
-0.124
-0.113
-0.101
-0.086
-0.067
-0.05
-0.034
-0.019
-0.001
0.02
0.042
0.061
0.075
0.087
0.098
0.11
0.122
0.136
0.149
0.162
0.172
0.179
0.185
0.189
0.193
0.195
0.198
0.2
0.201
0.202
0.203
0.204
0.204
0.203
0.2
0.196
0.193
0.189
0.186
0.183
0.18
0.178
0.176
0.174
0.173
0.171
0.169
0.166
0.163
0.16
0.158
0.155
0.153
0.151
0.149
0.147
0.145
0.143
0.142
0.14
0.138
0.136
0.133
0.131
0.128
0.125
0.122
0.119
0.117
0.115
0.114
0.112
0.11
0.108
0.106
0.103
0.101
0.098
0.096
0.093
0.091
0.09
0.088
0.087
0.087
0.086
0.086
0.085
0.084
0.083
0.081
0.08
0.078
0.077
0.076
0.075
0.074
0.073
0.072
0.072
0.071
0.071
0.07
0.068
0.066
0.064
0.062
0.061
0.058
0.056
0.053
0.05
0.047
0.045
0.041
0.036
0.031
0.027
0.022
0.017
0.012
0.006
0.0
-0.007
-0.014
-0.023
-0.033
-0.043
-0.049
-0.054
-0.058
-0.06
-0.06
-0.059
-0.055
-0.05
-0.044
-0.035
-0.021
-0.007
0.0
0.004
0.008
0.011
0.013
0.014
0.014
0.013
0.01
0.007
0.004
0.0
-0.003
-0.006
-0.01
-0.014
-0.018
-0.022
-0.025
-0.027
-0.03
-0.034
-0.052
-0.094
-0.154
-0.23
-0.318
-0.405
-0.463
-0.467
-0.43
-0.317
-0.174
-0.045
0.028
0.039
0.021
-0.033
-0.088
-0.111
-0.116
-0.12
-0.123
-0.125
-0.127
-0.13
-0.133
-0.135
-0.137
-0.139
-0.141
-0.143
-0.145
-0.148
-0.151
-0.154
-0.157
-0.16
-0.163
-0.166
-0.169
-0.173
-0.18
-0.191
-0.197
-0.201
-0.203
-0.205
-0.206
-0.207
-0.209
-0.213
-0.216
-0.22
-0.224
-0.228
-0.231
-0.234
-0.237
-0.241
-0.244
-0.248
-0.251
-0.253
-0.256
-0.26
-0.264
-0.27
-0.281
-0.292
-0.298
-0.301
-0.305
-0.307
-0.31
-0.311
-0.312
-0.311
-0.309
-0.307
-0.305
-0.302
-0.299
-0.295
-0.29
-0.284
-0.278
-0.273
-0.267
-0.255
-0.236
-0.223
-0.212
-0.202
-0.189
-0.171
-0.156
-0.144
-0.132
-0.117
-0.099
-0.082
-0.065
-0.049
-0.031
-0.015
-0.002
0.011
0.022
0.029
0.035
0.041
0.045
0.049
0.051
0.053
0.055
0.057
0.059
0.059
0.06
0.06
0.059
0.058
0.056
0.054
0.051
0.047
0.045
0.043
0.041
0.039
0.037
0.035
0.032
0.03
0.028
0.026
0.024
0.023
0.021
0.02
0.018
0.016
0.014
0.012
0.01
0.008
0.006
0.004
0.002
0.002
0.001
0.002
0.003
0.004
0.005
0.007
0.009
0.011
0.013
0.013
0.01
0.005
0.0
-0.003
-0.006
-0.01
-0.014
-0.018
-0.022
-0.024
-0.026
-0.028
-0.03
-0.031
-0.033
-0.034
-0.036
-0.037
-0.039
-0.04
-0.041
-0.042
-0.042
-0.043
-0.042
-0.041
-0.039
-0.037
-0.035
-0.033
-0.031
-0.029
-0.027
-0.025
-0.023
-0.021
-0.018
-0.015
-0.015
-0.017
-0.022
-0.028
-0.034
-0.04
-0.047
-0.054
-0.058
-0.059
-0.057
-0.052
-0.046
-0.04
-0.032
-0.024
-0.018
-0.011
-0.005
0.0
0.007
0.014
0.021
0.027
0.034
0.043
0.05
0.054
0.058
0.06
0.061
0.062
0.063
0.064
0.066
0.068
0.07
0.072
0.074
0.076
0.078
0.08
0.083
0.088
0.096
0.101
0.099
0.092
0.07
0.024
-0.043
-0.131
-0.227
-0.312
-0.342
-0.332
-0.25
-0.114
0.033
0.152
0.211
0.218
0.196
0.151
0.11
0.096
0.091
0.09
0.09
0.089
0.088
0.087
0.086
0.086
0.085
0.081
0.078
0.074
0.072
0.071
0.07
0.069
0.067
0.065
0.063
0.062
0.06
0.059
0.058
0.057
0.056
0.056
0.055
0.054
0.054
0.052
0.051
0.05
0.048
0.046
0.045
0.042
0.037
0.031
0.024
0.015
0.004
-0.009
-0.023
-0.032
-0.039
-0.044
-0.049
-0.054
-0.059
-0.064
-0.069
-0.074
-0.08
-0.086
-0.094
-0.104
-0.116
-0.123
-0.127
-0.13
-0.132
-0.134
-0.136
-0.137
-0.136
-0.132
-0.127
-0.12
-0.111
-0.096
-0.084
-0.073
-0.062
-0.049
-0.039
-0.03
-0.021
-0.012
0.0
0.012
0.026
0.044
0.066
0.088
0.109
0.129
0.151
0.17
0.184
0.198
0.212
0.226
0.239
0.252
0.264
0.27
0.273
0.276
0.278
0.279
0.279
0.276
0.271
0.266
0.263
0.26
0.257
0.253
0.249
0.246
0.243
0.239
0.236
0.232
0.228
0.225
0.221
0.219
0.216
0.213
0.209
0.206
0.203
0.2
0.197
0.194
0.192
0.189
0.187
0.184
0.182
0.179
0.177
0.175
0.173
0.171
0.17
0.168
0.167
0.165
0.164
0.162
0.161
0.16
0.159
0.158
0.157
0.156
0.154
0.152
0.151
0.149
0.147
0.142
0.131
0.118
0.11
0.104
0.1
0.096
0.095
0.095
0.098
0.101
0.104
0.108
0.112
0.116
0.119
0.117
0.111
0.104
0.097
0.089
0.081
0.072
0.064
0.057
0.051
0.046
0.042
0.038
0.034
0.03
0.026
0.022
0.017
0.013
0.008
0.003
0.0
-0.007
-0.02
-0.042
-0.058
-0.071
-0.084
-0.096
-0.106
-0.111
-0.113
-0.115
-0.117
-0.118
-0.119
-0.12
-0.12
-0.12
-0.12
-0.117
-0.113
-0.108
-0.102
-0.096
-0.09
-0.083
-0.076
-0.072
-0.071
-0.071
-0.071
-0.071
-0.07
-0.069
-0.068
-0.068
-0.07
-0.074
-0.078
-0.082
-0.085
-0.089
-0.094
-0.1
-0.105
-0.114
-0.143
-0.185
-0.243
-0.319
-0.407
-0.492
-0.547
-0.552
-0.513
-0.409
-0.272
-0.137
-0.058
-0.03
-0.043
-0.082
-0.115
-0.124
-0.129
-0.133
-0.137
-0.142
-0.147
-0.152
-0.157
-0.16
-0.162
-0.164
-0.165
-0.166
-0.166
-0.168
-0.17
-0.172
-0.174
-0.176
-0.178
-0.178
-0.179
-0.179
-0.18
-0.181
-0.181
-0.182
-0.184
-0.186
-0.188
-0.19
-0.193
-0.196
-0.2
-0.205
-0.212
-0.218
-0.223
-0.228
-0.233
-0.237
-0.241
-0.245
-0.248
-0.251
-0.254
-0.256
-0.259
-0.262
-0.265
-0.267
-0.268
-0.269
-0.271
-0.273
-0.275
-0.277
-0.279
-0.28
-0.281
-0.281
-0.282
-0.282
-0.281
-0.28
-0.279
-0.277
-0.275
-0.273
-0.27
-0.266
-0.263
-0.259
-0.252
-0.235
-0.218
-0.203
-0.191
-0.179
-0.167
-0.146
-0.119
-0.094
-0.068
-0.047
-0.03
-0.013
0.004
0.021
0.042
0.055
0.064
0.072
0.076
0.078
0.077
0.077
0.077
0.076
0.076
0.075
0.074
0.073
0.072
0.071
0.069
0.065
0.061
0.058
0.056
0.054
0.052
0.05
0.049
0.048
0.047
0.047
0.048
0.049
0.051
0.052
0.054
0.056
0.057
0.059
0.06
0.061
0.061
0.061
0.061
0.061
0.062
0.063
0.063
0.063
0.063
0.062
0.062
0.061
0.06
0.059
0.058
0.056
0.055
0.053
0.052
0.05
0.047
0.045
0.042
0.039
0.037
0.033
0.03
0.028
0.026
0.024
0.022
0.021
0.02
0.018
0.017
0.016
0.015
0.014
0.012
0.011
0.009
0.008
0.007
0.007
0.006
0.006
0.005
0.003
0.001
0.0
-0.003
-0.01
-0.019
-0.028
-0.038
-0.047
-0.054
-0.06
-0.065
-0.07
-0.074
-0.076
-0.076
-0.076
-0.074
-0.072
-0.068
-0.063
-0.057
-0.043
-0.017
0.004
0.02
0.036
0.048
0.056
0.064
0.072
0.08
0.09
0.103
0.123
0.141
0.16
0.178
0.193
0.2
0.204
0.206
0.209
0.211
0.213
0.215
0.217
0.219
0.22
0.221
0.222
0.222
0.223
0.223
0.224
0.224
0.228
0.234
0.219
0.173
0.107
0.021
-0.076
-0.173
-0.24
-0.246
-0.21
-0.094
0.052
0.189
0.261
0.285
0.262
0.238
0.222
0.211
0.204
0.198
0.192
0.187
0.183
0.178
0.172
0.164
0.157
0.151
0.147
0.143
0.14
0.136
0.133
0.129
0.126
0.122
0.119
0.115
0.112
0.11
0.107
0.105
0.101
0.097
0.092
0.086
0.081
0.075
0.069
0.064
0.058
0.052
0.047
0.042
0.037
0.033
0.028
0.024
0.02
0.016
0.012
0.007
0.001
-0.004
-0.01
-0.017
-0.025
-0.034
-0.043
-0.051
-0.058
-0.064
-0.068
-0.071
-0.074
-0.077
-0.08
-0.082
-0.084
-0.085
-0.086
-0.086
-0.085
-0.084
-0.083
-0.081
-0.078
-0.075
-0.071
-0.066
-0.061
-0.052
-0.033
-0.016
0.006
0.032
0.056
0.08
0.104
0.128
0.151
0.175
0.194
0.206
0.218
0.229
0.24
0.25
0.258
0.264
0.268
0.271
0.273
0.275
0.276
0.278
0.279
0.28
0.28
0.28
0.28
0.279
0.277
0.274
0.271
0.267
0.262
0.258
0.253
0.246
0.239
0.232
0.226
0.221
0.218
0.215
0.212
0.209
0.207
0.205
0.201
0.197
0.193
0.189
0.185
0.181
0.176
0.167
0.151
0.142
0.137
0.134
0.132
0.129
0.127
0.124
0.122
0.119
0.115
0.11
0.104
0.099
0.094
0.091
0.089
0.087
0.086
0.083
0.081
0.079
0.077
0.075
0.072
0.07
0.069
0.067
0.066
0.065
0.065
0.064
0.064
0.063
0.063
0.062
0.062
0.061
0.061
0.061
0.061
0.061
0.061
0.06
0.06
0.059
0.059
0.058
0.058
0.057
0.057
0.056
0.056
0.055
0.054
0.053
0.051
0.048
0.044
0.039
0.035
0.03
0.026
0.022
0.017
0.013
0.008
0.002
-0.006
-0.015
-0.023
-0.032
-0.038
-0.043
-0.047
-0.05
-0.052
-0.052
-0.05
-0.047
-0.044
-0.04
-0.036
-0.033
-0.03
-0.026
-0.023
-0.019
-0.017
-0.015
-0.014
-0.013
-0.014
-0.016
-0.019
-0.022
-0.025
-0.028
-0.031
-0.035
-0.039
-0.042
-0.047
-0.052
-0.058
-0.064
-0.069
-0.073
-0.079
-0.089
-0.125
-0.195
-0.289
-0.391
-0.484
-0.523
-0.518
-0.453
-0.326
-0.186
-0.068
-0.028
-0.014
-0.03
-0.079
-0.119
-0.13
-0.137
-0.144
-0.151
-0.156
-0.158
-0.162
-0.164
-0.165
-0.165
-0.166
-0.167
-0.169
-0.171
-0.173
-0.175
-0.177
-0.179
-0.182
-0.185
-0.189
-0.194
-0.207
-0.236
-0.261
-0.278
-0.293
-0.307
-0.321
-0.337
-0.347
-0.353
-0.358
-0.361
-0.365
-0.368
-0.372
-0.376
-0.38
-0.385
-0.391
-0.397
-0.404
-0.411
-0.418
-0.425
-0.432
-0.439
-0.447
-0.454
-0.458
-0.46
-0.461
-0.464
-0.466
-0.469
-0.469
-0.462
-0.454
-0.448
-0.444
-0.44
-0.437
-0.433
-0.429
-0.424
-0.421
-0.416
-0.411
-0.404
-0.387
-0.358
-0.33
-0.307
-0.287
-0.268
-0.249
-0.229
-0.208
-0.189
-0.171
-0.154
-0.136
-0.118
-0.098
-0.074
-0.053
-0.039
-0.029
-0.02
-0.014
-0.009
-0.005
-0.002
0.0
0.001
0.003
0.005
0.006
0.008
0.01
0.012
0.014
0.015
0.013
0.01
0.007
0.004
0.001
0.0
-0.002
-0.005
-0.008
-0.01
-0.011
-0.012
-0.012
-0.013
-0.013
-0.013
-0.012
-0.011
-0.009
-0.007
-0.005
-0.002
0.0
0.002
0.005
0.007
0.009
0.011
0.014
0.017
0.02
0.022
0.025
0.028
0.031
0.033
0.035
0.036
0.037
0.038
0.038
0.038
0.038
0.038
0.039
0.038
0.038
0.038
0.039
0.04
0.041
0.041
0.042
0.043
0.043
0.042
0.041
0.039
0.036
0.033
0.029
0.025
0.021
0.017
0.011
0.002
-0.006
-0.011
-0.016
-0.02
-0.025
-0.03
-0.032
-0.03
-0.024
-0.016
-0.002
0.019
0.038
0.058
0.079
0.1
0.11
0.116
0.121
0.124
0.125
0.123
0.119
0.115
0.111
0.108
0.105
0.102
0.098
0.095
0.093
0.091
0.091
0.091
0.092
0.094
0.097
0.101
0.106
0.111
0.116
0.122
0.131
0.141
0.149
0.155
0.16
0.164
0.167
0.17
0.173
0.176
0.178
0.179
0.18
0.18
0.18
0.18
0.179
0.177
0.174
0.171
0.167
0.163
0.143
0.106
0.051
-0.021
-0.103
-0.177
-0.2
-0.192
-0.128
-0.024
0.088
0.175
0.195
0.202
0.181
0.145
0.115
0.105
0.101
0.098
0.095
0.093
0.091
0.087
0.084
0.081
0.079
0.076
0.073
0.069
0.063
0.058
0.051
0.045
0.038
0.032
0.026
0.021
0.016
0.01
0.004
-0.001
-0.005
-0.009
-0.013
-0.015
-0.019
-0.022
-0.025
-0.028
-0.03
-0.034
-0.037
-0.041
-0.046
-0.054
-0.062
-0.069
-0.075
-0.081
-0.085
-0.089
-0.093
-0.096
-0.1
-0.104
-0.107
-0.11
-0.113
-0.115
-0.117
-0.119
-0.121
-0.124
-0.126
-0.127
-0.129
-0.13
-0.13
-0.13
-0.129
-0.128
-0.127
-0.126
-0.124
-0.122
-0.12
-0.117
-0.114
-0.111
-0.107
-0.101
-0.085
-0.069
-0.053
-0.037
-0.022
-0.006
0.01
0.027
0.041
0.051
0.06
0.07
0.079
0.085
0.091
0.096
0.101
0.105
0.111
0.116
0.121
0.125
0.128
0.13
0.132
0.135
0.137
0.139
0.141
0.143
0.145
0.147
0.148
0.15
0.151
0.152
0.152
0.153
0.153
0.153
0.153
0.152
0.152
0.151
0.15
0.148
0.147
0.145
0.143
0.141
0.138
0.136
0.134
0.132
0.13
0.128
0.126
0.124
0.122
0.12
0.117
0.115
0.113
0.111
0.11
0.109
0.108
0.107
0.107
0.107
0.107
0.108
0.108
0.109
0.109
0.11
0.111
0.113
0.115
0.117
0.119
0.121
0.123
0.125
0.127
0.129
0.13
0.131
0.132
0.134
0.135
0.137
0.139
0.142
0.145
0.147
0.15
0.152
0.154
0.155
0.156
0.157
0.157
0.158
0.159
0.16
0.162
0.164
0.166
0.168
0.17
0.171
0.172
0.171
0.17
0.167
0.164
0.16
0.155
0.15
0.145
0.14
0.133
0.12
0.112
0.107
0.105
0.103
0.1
0.098
0.097
0.095
0.094
0.093
0.093
0.093
0.095
0.097
0.1
0.103
0.107
0.111
0.114
0.117
0.12
0.122
0.124
0.126
0.128
0.132
0.136
0.14
0.144
0.147
0.15
0.151
0.151
0.15
0.149
0.148
0.146
0.143
0.14
0.136
0.133
0.129
0.111
0.065
-0.002
-0.083
-0.179
-0.27
-0.322
-0.339
-0.318
-0.252
-0.156
-0.066
-0.027
-0.013
-0.016
-0.038
-0.05
-0.057
-0.063
-0.067
-0.071
-0.075
-0.079
-0.081
-0.085
-0.087
-0.09
-0.091
-0.093
-0.094
-0.095
-0.097
-0.098
-0.099
-0.101
-0.102
-0.104
-0.107
-0.109
-0.112
-0.115
-0.118
-0.121
-0.124
-0.127
-0.13
-0.133
-0.136
-0.139
-0.142
-0.146
-0.149
-0.153
-0.156
-0.159
-0.162
-0.165
-0.167
-0.169
-0.172
-0.175
-0.178
-0.182
-0.188
-0.195
-0.201
-0.207
-0.212
-0.216
-0.219
-0.222
-0.225
-0.227
-0.23
-0.233
-0.235
-0.238
-0.24
-0.242
-0.243
-0.242
-0.242
-0.241
-0.24
-0.239
-0.238
-0.236
-0.234
-0.231
-0.228
-0.225
-0.222
-0.211
-0.188
-0.169
-0.148
-0.124
-0.104
-0.085
-0.066
-0.048
-0.027
-0.009
0.004
0.019
0.035
0.05
0.064
0.076
0.086
0.095
0.103
0.107
0.109
0.111
0.112
0.114
0.115
0.117
0.118
0.12
0.122
0.123
0.125
0.126
0.127
0.128
0.129
0.129
0.13
0.131
0.132
0.134
0.135
0.137
0.139
0.141
0.142
0.143
0.144
0.145
0.145
0.145
0.145
0.144
0.144
0.143
0.142
0.141
0.139
0.138
0.137
0.135
0.133
0.131
0.128
0.126
0.124
0.122
0.119
0.116
0.113
0.111
0.108
0.106
0.104
0.101
0.098
0.095
0.092
0.089
0.085
0.082
0.078
0.075
0.073
0.07
0.067
0.063
0.061
0.058
0.056
0.054
0.052
0.05
0.047
0.044
0.042
0.04
0.038
0.035
0.033
0.031
0.03
0.029
0.028
0.026
0.025
0.023
0.021
0.019
0.017
0.015
0.012
0.01
0.008
0.007
0.005
0.002
0.0
-0.005
-0.012
-0.028
-0.043
-0.057
-0.068
-0.078
-0.085
-0.09
-0.093
-0.096
-0.098
-0.099
-0.1
-0.101
-0.1
-0.099
-0.097
-0.094
-0.091
-0.087
-0.084
-0.081
-0.078
-0.075
-0.073
-0.072
-0.07
-0.068
-0.067
-0.065
-0.063
-0.06
-0.058
-0.056
-0.055
-0.054
-0.054
-0.053
-0.052
-0.05
-0.047
-0.043
-0.031
-0.03
-0.037
-0.057
-0.103
-0.172
-0.261
-0.358
-0.435
-0.455
-0.442
-0.352
-0.223
-0.092
0.007
0.041
0.051
0.037
0.026
0.019
0.014
0.01
0.005
0.0
-0.004
-0.008
-0.013
-0.018
-0.022
-0.024
-0.024
-0.025
-0.026
-0.027
-0.028
-0.028
-0.028
-0.027
-0.027
-0.027
-0.027
-0.028
-0.029
-0.03
-0.031
-0.033
-0.036
-0.038
-0.04
-0.042
-0.044
-0.046
-0.048
-0.051
-0.053
-0.056
-0.059
-0.063
-0.066
-0.068
-0.071
-0.073
-0.076
-0.079
-0.082
-0.086
-0.09
-0.094
-0.098
-0.102
-0.106
-0.111
-0.116
-0.122
-0.129
-0.136
-0.143
-0.149
-0.156
-0.163
-0.166
-0.167
-0.167
-0.168
-0.168
-0.169
-0.17
-0.17
-0.168
-0.162
-0.155
-0.148
-0.138
-0.128
-0.118
-0.103
-0.083
-0.066
-0.047
-0.028
-0.01
0.006
0.022
0.037
0.055
0.07
0.081
0.094
0.101
0.106
0.109
0.112
0.113
0.113
0.112
0.11
0.108
0.106
0.105
0.104
0.102
0.101
0.099
0.097
0.095
0.093
0.091
0.088
0.086
0.084
0.082
0.081
0.08
0.079
0.077
0.075
0.074
0.072
0.071
0.069
0.068
0.067
0.066
0.065
0.064
0.063
0.061
0.06
0.059
0.058
0.056
0.055
0.053
0.051
0.049
0.047
0.045
0.043
0.04
0.037
0.033
0.03
0.027
0.024
0.021
0.019
0.017
0.015
0.013
0.011
0.01
0.009
0.008
0.008
0.007
0.007
0.007
0.007
0.007
0.007
0.006
0.006
0.006
0.005
0.004
0.004
0.003
0.003
0.002
0.001
0.0
0.0
0.0
0.0
0.0
0.0
-0.001
-0.001
-0.002
-0.003
-0.004
-0.005
-0.007
-0.009
-0.011
-0.013
-0.014
-0.016
-0.018
-0.02
-0.022
-0.025
-0.028
-0.031
-0.035
-0.041
-0.049
-0.056
-0.062
-0.068
-0.074
-0.082
-0.09
-0.095
-0.1
-0.104
-0.109
-0.112
-0.111
-0.106
-0.099
-0.092
-0.085
-0.077
-0.07
-0.064
-0.058
-0.052
-0.046
-0.04
-0.033
-0.027
-0.024
-0.021
-0.019
-0.016
-0.014
-0.011
-0.009
-0.008
-0.007
-0.007
-0.007
-0.007
-0.007
-0.008
-0.01
-0.011
-0.013
-0.015
-0.018
-0.031
-0.077
-0.157
-0.264
-0.383
-0.487
-0.527
-0.519
-0.433
-0.286
-0.129
-0.011
0.039
0.044
0.017
-0.014
-0.026
-0.029
-0.03
-0.031
-0.032
-0.032
-0.033
-0.034
-0.036
-0.039
-0.041
-0.044
-0.046
-0.048
-0.051
-0.054
-0.057
-0.06
-0.062
-0.066
-0.069
-0.073
-0.076
-0.079
-0.082
-0.084
-0.087
-0.089
-0.091
-0.094
-0.096
-0.098
-0.1
-0.103
-0.105
-0.107
-0.109
-0.111
-0.113
-0.115
-0.118
-0.121
-0.124
-0.127
-0.13
-0.133
-0.136
-0.141
-0.146
-0.155
-0.165
-0.175
-0.182
-0.188
-0.193
-0.198
-0.2
-0.203
-0.204
-0.206
-0.207
-0.208
-0.21
-0.211
-0.212
-0.213
-0.213
-0.212
-0.21
-0.206
-0.202
-0.195
-0.183
-0.162
-0.148
-0.137
-0.124
-0.107
-0.087
-0.066
-0.045
-0.026
-0.013
-0.003
0.008
0.026
0.041
0.053
0.065
0.075
0.084
0.092
0.099
0.111
0.129
0.143
0.15
0.155
0.158
0.161
0.163
0.164
0.165
0.166
0.167
0.169
0.17
0.171
0.172
0.172
0.172
0.171
0.17
0.17
0.168
0.166
0.163
0.161
0.158
0.156
0.153
0.15
0.144
0.137
0.134
0.132
0.13
0.129
0.128
0.126
0.125
0.124
0.123
0.123
0.122
0.122
0.122
0.122
0.123
0.124
0.125
0.126
0.126
0.127
0.127
0.127
0.127
0.127
0.127
0.127
0.128
0.129
0.13
0.129
0.126
0.123
0.121
0.121
0.12
0.119
0.117
0.116
0.115
0.113
0.112
0.111
0.109
0.108
0.107
0.107
0.107
0.106
0.106
0.105
0.105
0.104
0.103
0.101
0.1
0.098
0.096
0.094
0.092
0.091
0.09
0.089
0.088
0.087
0.087
0.085
0.084
0.083
0.081
0.079
0.076
0.073
0.07
0.066
0.062
0.057
0.049
0.035
0.024
0.014
0.004
-0.005
-0.01
-0.013
-0.016
-0.019
-0.021
-0.022
-0.021
-0.02
-0.018
-0.015
-0.012
-0.008
-0.002
0.006
0.013
0.019
0.021
0.023
0.025
0.027
0.028
0.03
0.031
0.033
0.034
0.036
0.036
0.036
0.036
0.035
0.035
0.034
0.032
0.03
0.028
0.025
0.022
0.018
-0.005
-0.069
-0.16
-0.275
-0.395
-0.491
-0.525
-0.481
-0.366
-0.208
-0.061
0.041
0.077
0.051
0.015
-0.014
-0.022
-0.027
-0.031
-0.033
-0.036
-0.039
-0.041
-0.044
-0.046
-0.048
-0.05
-0.051
-0.051
-0.052
-0.053
-0.054
-0.055
-0.055
-0.056
-0.057
-0.058
-0.06
-0.061
-0.062
-0.063
-0.063
-0.065
-0.066
-0.068
-0.07
-0.073
-0.076
-0.083
-0.098
-0.108
-0.115
-0.121
-0.128
-0.137
-0.146
-0.153
-0.16
-0.166
-0.171
-0.177
-0.184
-0.191
-0.198
-0.204
-0.211
-0.218
-0.225
-0.232
-0.239
-0.244
-0.247
-0.249
-0.25
-0.251
-0.252
-0.253
-0.254
-0.254
-0.255
-0.255
-0.254
-0.253
-0.252
-0.25
-0.247
-0.244
-0.239
-0.231
-0.212
-0.194
-0.182
-0.172
-0.159
-0.14
-0.12
-0.1
-0.078
-0.06
-0.046
-0.03
-0.015
0.002
0.018
0.03
0.04
0.05
0.06
0.071
0.082
0.091
0.099
0.107
0.111
0.113
0.115
0.117
0.118
0.119
0.12
0.121
0.122
0.123
0.124
0.125
0.126
0.127
0.127
0.127
0.127
0.126
0.125
0.123
0.121
0.119
0.117
0.115
0.113
0.111
0.11
0.109
0.108
0.108
0.107
0.105
0.104
0.102
0.101
0.099
0.098
0.097
0.096
0.096
0.096
0.096
0.096
0.097
0.097
0.097
0.096
0.096
0.096
0.095
0.094
0.093
0.092
0.092
0.091
0.091
0.09
0.089
0.088
0.087
0.086
0.084
0.082
0.079
0.076
0.073
0.071
0.068
0.065
0.062
0.06
0.057
0.055
0.052
0.049
0.045
0.04
0.036
0.033
0.03
0.026
0.023
0.019
0.015
0.011
0.007
0.003
0.0
-0.004
-0.008
-0.012
-0.016
-0.02
-0.024
-0.029
-0.035
-0.04
-0.046
-0.054
-0.06
-0.064
-0.067
-0.07
-0.072
-0.073
-0.075
-0.076
-0.076
-0.075
-0.073
-0.069
-0.064
-0.06
-0.054
-0.048
-0.042
-0.038
-0.035
-0.033
-0.031
-0.031
-0.03
-0.03
-0.029
-0.028
-0.027
-0.026
-0.025
-0.024
-0.024
-0.024
-0.023
-0.023
-0.023
-0.023
-0.022
-0.02
-0.015
-0.023
-0.044
-0.078
-0.133
-0.2
-0.281
-0.357
-0.398
-0.397
-0.346
-0.228
-0.092
0.03
0.105
0.115
0.088
0.04
-0.017
-0.054
-0.067
-0.068
-0.061
-0.055
-0.048
-0.049
-0.061
-0.076
-0.09
-0.093
-0.094
-0.095
-0.095
-0.096
-0.097
-0.099
-0.1
-0.102
-0.103
-0.105
-0.106
-0.107
-0.107
-0.108
-0.108
-0.109
-0.11
-0.111
-0.113
-0.116
-0.118
-0.121
-0.123
-0.126
-0.129
-0.131
-0.133
-0.135
-0.137
-0.139
-0.142
-0.145
-0.148
-0.151
-0.154
-0.157
-0.16
-0.162
-0.165
-0.167
-0.168
-0.169
-0.17
-0.171
-0.172
-0.174
-0.175
-0.176
-0.176
-0.176
-0.176
-0.176
-0.175
-0.173
-0.171
-0.168
-0.164
-0.16
-0.153
-0.14
-0.13
-0.121
-0.111
-0.097
-0.084
-0.071
-0.058
-0.045
-0.033
-0.021
-0.004
0.015
0.03
0.043
0.054
0.068
0.09
0.108
0.12
0.13
0.14
0.146
0.149
0.152
0.155
0.157
0.16
0.162
0.163
0.164
0.164
0.164
0.164
0.165
0.165
0.165
0.164
0.164
0.164
0.165
0.165
0.165
0.16
0.154
0.148
0.144
0.141
0.138
0.134
0.13
0.127
0.124
0.121
0.119
0.117
0.115
0.113
0.112
0.112
0.112
0.111
0.111
0.111
0.11
0.11
0.108
0.107
0.106
0.104
0.103
0.102
0.101
0.1
0.099
0.099
0.098
0.098
0.097
0.096
0.094
0.092
0.09
0.087
0.084
0.081
0.078
0.075
0.073
0.07
0.067
0.064
0.06
0.056
0.049
0.042
0.035
0.031
0.026
0.022
0.019
0.016
0.014
0.012
0.01
0.008
0.008
0.007
0.008
0.008
0.009
0.009
0.009
0.009
0.009
0.009
0.01
0.01
0.01
0.011
0.013
0.014
0.014
0.009
0.002
-0.006
-0.018
-0.033
-0.044
-0.053
-0.061
-0.067
-0.072
-0.076
-0.08
-0.083
-0.085
-0.084
-0.081
-0.075
-0.069
-0.063
-0.055
-0.048
-0.043
-0.039
-0.037
-0.035
-0.034
-0.033
-0.032
-0.032
-0.031
-0.031
-0.03
-0.03
-0.03
-0.03
-0.031
-0.032
-0.033
-0.035
-0.037
-0.039
-0.043
-0.047
-0.051
-0.06
-0.081
-0.117
-0.168
-0.238
-0.325
-0.408
-0.457
-0.458
-0.415
-0.304
-0.18
-0.074
-0.016
0.003
-0.012
-0.04
-0.061
-0.066
-0.067
-0.069
-0.07
-0.072
-0.072
-0.073
-0.074
-0.074
-0.074
-0.074
-0.073
-0.073
-0.073
-0.074
-0.075
-0.077
-0.079
-0.082
-0.083
-0.085
-0.086
-0.087
-0.088
-0.089
-0.09
-0.091
-0.092
-0.093
-0.094
-0.096
-0.097
-0.098
-0.1
-0.101
-0.102
-0.103
-0.103
-0.104
-0.104
-0.104
-0.105
-0.105
-0.106
-0.106
-0.106
-0.106
-0.107
-0.107
-0.106
-0.106
-0.105
-0.104
-0.102
-0.1
-0.098
-0.096
-0.094
-0.093
-0.09
-0.088
-0.085
-0.079
-0.072
-0.065
-0.06
-0.056
-0.052
-0.048
-0.043
-0.037
-0.031
-0.025
-0.019
-0.011
0.0
0.01
0.022
0.033
0.046
0.063
0.085
0.109
0.13
0.151
0.17
0.187
0.208
0.224
0.232
0.238
0.242
0.245
0.248
0.25
0.252
0.254
0.256
0.258
0.259
0.26
0.261
0.26
0.258
0.255
0.251
0.247
0.242
0.236
0.228
0.219
0.21
0.201
0.195
0.19
0.185
0.181
0.177
0.174
0.172
0.17
0.169
0.168
0.166
0.165
0.164
0.162
0.161
0.16
0.158
0.156
0.154
0.152
0.15
0.147
0.145
0.142
0.139
0.136
0.133
0.129
0.125
0.121
0.117
0.112
0.107
0.102
0.097
0.092
0.086
0.08
0.075
0.071
0.067
0.064
0.061
0.057
0.052
0.048
0.044
0.038
0.034
0.031
0.029
0.027
0.026
0.024
0.023
0.021
0.02
0.018
0.017
0.015
0.013
0.012
0.011
0.01
0.009
0.007
0.006
0.004
0.001
-0.001
-0.004
-0.007
-0.01
-0.013
-0.017
-0.02
-0.023
-0.026
-0.029
-0.033
-0.039
-0.05
-0.061
-0.072
-0.077
-0.081
-0.085
-0.088
-0.091
-0.093
-0.095
-0.095
-0.095
-0.095
-0.095
-0.094
-0.092
-0.089
-0.086
-0.082
-0.078
-0.073
-0.068
-0.058
-0.048
-0.039
-0.032
-0.027
-0.023
-0.019
-0.016
-0.013
-0.01
-0.008
-0.006
-0.005
-0.004
-0.002
-0.001
0.0
0.003
0.008
0.011
0.008
0.0
-0.025
-0.078
-0.155
-0.253
-0.357
-0.439
-0.462
-0.45
-0.36
-0.22
-0.082
0.016
0.047
0.058
0.04
0.012
-0.012
-0.019
-0.021
-0.023
-0.024
-0.025
-0.026
-0.027
-0.029
-0.03
-0.031
-0.032
-0.033
-0.035
-0.036
-0.037
-0.038
-0.038
-0.038
-0.038
-0.038
-0.039
-0.04
-0.041
-0.041
-0.042
-0.043
-0.044
-0.046
-0.047
-0.048
-0.049
-0.05
-0.052
-0.053
-0.055
-0.057
-0.06
-0.063
-0.066
-0.072
-0.081
-0.091
-0.099
-0.106
-0.115
-0.125
-0.135
-0.145
-0.151
-0.156
-0.16
-0.164
-0.167
-0.169
-0.172
-0.175
-0.177
-0.18
-0.182
-0.184
-0.187
-0.19
-0.192
-0.193
-0.192
-0.189
-0.185
-0.179
-0.173
-0.166
-0.153
-0.143
-0.135
-0.126
-0.115
-0.104
-0.093
-0.082
-0.071
-0.057
-0.039
-0.019
-0.002
0.012
0.029
0.05
0.071
0.09
0.104
0.114
0.12
0.124
0.127
0.129
0.131
0.134
0.136
0.137
0.139
0.14
0.141
0.143
0.145
0.148
0.15
0.152
0.152
0.151
0.15
0.148
0.146
0.145
0.143
0.141
0.14
0.139
0.137
0.136
0.136
0.136
0.136
0.136
0.136
0.136
0.135
0.134
0.133
0.132
0.13
0.129
0.128
0.127
0.127
0.126
0.126
0.125
0.125
0.124
0.123
0.122
0.12
0.119
0.117
0.115
0.114
0.113
0.112
0.111
0.11
0.108
0.106
0.103
0.101
0.098
0.094
0.085
0.077
0.068
0.065
0.063
0.061
0.06
0.059
0.058
0.058
0.058
0.058
0.058
0.058
0.058
0.058
0.058
0.058
0.057
0.056
0.055
0.054
0.054
0.054
0.054
0.053
0.052
0.051
0.05
0.049
0.048
0.046
0.044
0.042
0.039
0.035
0.026
0.016
0.006
-0.005
-0.02
-0.033
-0.042
-0.05
-0.056
-0.059
-0.062
-0.064
-0.066
-0.067
-0.069
-0.07
-0.071
-0.071
-0.071
-0.07
-0.068
-0.065
-0.061
-0.056
-0.052
-0.047
-0.038
-0.032
-0.031
-0.03
-0.029
-0.028
-0.027
-0.027
-0.026
-0.024
-0.023
-0.021
-0.02
-0.019
-0.02
-0.021
-0.022
-0.023
-0.025
-0.028
-0.032
-0.036
-0.04
-0.046
-0.079
-0.144
-0.23
-0.332
-0.421
-0.462
-0.457
-0.387
-0.26
-0.126
-0.019
0.003
0.011
-0.013
-0.03
-0.039
-0.046
-0.052
-0.056
-0.058
-0.06
-0.061
-0.063
-0.064
-0.065
-0.065
-0.064
-0.064
-0.065
-0.066
-0.067
-0.068
-0.07
-0.072
-0.075
-0.078
-0.081
-0.084
-0.086
-0.088
-0.091
-0.093
-0.095
-0.098
-0.1
-0.102
-0.105
-0.107
-0.11
-0.114
-0.119
-0.129
-0.138
-0.146
-0.151
-0.154
-0.157
-0.159
-0.16
-0.163
-0.165
-0.167
-0.169
-0.171
-0.174
-0.176
-0.179
-0.182
-0.189
-0.196
-0.203
-0.206
-0.208
-0.211
-0.214
-0.216
-0.218
-0.219
-0.22
-0.22
-0.22
-0.22
-0.219
-0.217
-0.214
-0.211
-0.208
-0.205
-0.201
-0.195
-0.18
-0.169
-0.158
-0.147
-0.137
-0.125
-0.108
-0.092
-0.074
-0.056
-0.038
-0.022
-0.005
0.009
0.025
0.037
0.044
0.049
0.055
0.06
0.063
0.065
0.068
0.07
0.071
0.072
0.072
0.072
0.07
0.068
0.065
0.061
0.058
0.055
0.052
0.05
0.048
0.046
0.044
0.042
0.04
0.039
0.037
0.035
0.033
0.032
0.03
0.029
0.028
0.027
0.026
0.025
0.024
0.023
0.022
0.02
0.018
0.015
0.013
0.011
0.008
0.006
0.004
0.002
0.001
0.0
0.0
-0.001
-0.002
-0.003
-0.005
-0.006
-0.008
-0.01
-0.012
-0.015
-0.016
-0.017
-0.018
-0.019
-0.02
-0.021
-0.023
-0.026
-0.029
-0.033
-0.038
-0.044
-0.05
-0.056
-0.061
-0.064
-0.067
-0.069
-0.071
-0.072
-0.073
-0.074
-0.075
-0.077
-0.078
-0.079
-0.079
-0.08
-0.08
-0.081
-0.081
-0.081
-0.081
-0.081
-0.082
-0.083
-0.084
-0.086
-0.088
-0.091
-0.097
-0.103
-0.111
-0.118
-0.124
-0.129
-0.133
-0.137
-0.14
-0.14
-0.138
-0.134
-0.13
-0.125
-0.118
-0.108
-0.099
-0.091
-0.082
-0.075
-0.068
-0.063
-0.059
-0.054
-0.049
-0.046
-0.043
-0.04
-0.038
-0.037
-0.035
-0.033
-0.032
-0.031
-0.031
-0.03
-0.03
-0.031
-0.033
-0.037
-0.04
-0.044
-0.05
-0.072
-0.123
-0.19
-0.272
-0.353
-0.393
-0.388
-0.321
-0.193
-0.037
0.098
0.146
0.147
0.101
0.032
-0.032
-0.043
-0.046
-0.048
-0.05
-0.051
-0.051
-0.052
-0.052
-0.051
-0.051
-0.05
-0.048
-0.047
-0.046
-0.045
-0.044
-0.044
-0.043
-0.042
-0.041
-0.039
-0.038
-0.036
-0.035
-0.034
-0.034
-0.035
-0.036
-0.038
-0.04
-0.043
-0.045
-0.047
-0.05
-0.052
-0.054
-0.057
-0.061
-0.066
-0.07
-0.074
-0.078
-0.081
-0.084
-0.086
-0.088
-0.09
-0.092
-0.093
-0.095
-0.096
-0.098
-0.099
-0.1
-0.101
-0.102
-0.102
-0.101
-0.099
-0.098
-0.096
-0.094
-0.092
-0.089
-0.086
-0.084
-0.081
-0.077
-0.071
-0.064
-0.058
-0.053
-0.048
-0.038
-0.021
-0.003
0.014
0.031
0.047
0.062
0.078
0.095
0.11
0.124
0.14
0.153
0.163
0.173
0.186
0.205
0.216
0.222
0.226
0.229
0.233
0.237
0.241
0.244
0.247
0.249
0.252
0.254
0.256
0.257
0.257
0.256
0.254
0.252
0.249
0.246
0.243
0.24
0.238
0.235
0.233
0.231
0.228
0.226
0.224
0.222
0.22
0.218
0.217
0.215
0.213
0.211
0.208
0.204
0.197
0.192
0.19
0.189
0.188
0.188
0.187
0.187
0.186
0.186
0.185
0.183
0.182
0.18
0.179
0.176
0.174
0.171
0.166
0.161
0.155
0.148
0.143
0.138
0.133
0.128
0.124
0.12
0.115
0.11
0.105
0.099
0.095
0.09
0.087
0.085
0.083
0.082
0.08
0.079
0.078
0.078
0.078
0.078
0.078
0.078
0.078
0.077
0.077
0.076
0.076
0.075
0.075
0.074
0.074
0.073
0.073
0.072
0.07
0.069
0.066
0.06
0.054
0.047
0.04
0.033
0.028
0.023
0.017
0.012
0.007
0.003
0.0
-0.002
-0.006
-0.009
-0.011
-0.011
-0.01
-0.008
-0.005
0.0
0.003
0.008
0.017
0.025
0.031
0.036
0.041
0.045
0.049
0.052
0.056
0.06
0.064
0.067
0.07
0.073
0.076
0.078
0.079
0.079
0.079
0.078
0.075
0.072
0.068
0.053
0.024
-0.023
-0.095
-0.185
-0.279
-0.354
-0.375
-0.366
-0.293
-0.179
-0.06
0.04
0.086
0.102
0.093
0.067
0.041
0.035
0.031
0.028
0.026
0.023
0.02
0.017
0.014
0.012
0.009
0.007
0.005
0.003
0.0
-0.001
-0.005
-0.008
-0.011
-0.015
-0.02
-0.025
-0.03
-0.036
-0.041
-0.047
-0.053
-0.059
-0.066
-0.073
-0.079
-0.086
-0.092
-0.097
-0.101
-0.105
-0.108
-0.11
-0.112
-0.114
-0.116
-0.119
-0.12
-0.122
-0.124
-0.126
-0.129
-0.135
-0.144
-0.154
-0.162
-0.169
-0.177
-0.185
-0.191
-0.197
-0.201
-0.204
-0.205
-0.207
-0.208
-0.208
-0.209
-0.21
-0.211
-0.212
-0.211
-0.209
-0.205
-0.199
-0.193
-0.185
-0.172
-0.164
-0.158
-0.149
-0.133
-0.113
-0.094
-0.078
-0.066
-0.055
-0.04
-0.02
0.0
0.016
0.032
0.046
0.057
0.065
0.078
0.086
0.091
0.094
0.098
0.101
0.104
0.106
0.108
0.111
0.114
0.118
0.121
0.122
0.121
0.117
0.112
0.107
0.103
0.098
0.092
0.087
0.083
0.08
0.077
0.074
0.07
0.067
0.064
0.061
0.058
0.054
0.05
0.046
0.045
0.044
0.044
0.044
0.044
0.044
0.043
0.043
0.043
0.042
0.042
0.043
0.043
0.044
0.044
0.045
0.045
0.046
0.046
0.045
0.045
0.044
0.043
0.042
0.041
0.04
0.039
0.037
0.036
0.035
0.033
0.032
0.031
0.03
0.029
0.028
0.027
0.026
0.025
0.024
0.023
0.022
0.022
0.022
0.022
0.021
0.021
0.02
0.019
0.018
0.017
0.016
0.015
0.015
0.015
0.015
0.014
0.014
0.013
0.013
0.011
0.01
0.009
0.008
0.006
0.005
0.002
-0.006
-0.014
-0.021
-0.026
-0.033
-0.042
-0.047
-0.051
-0.054
-0.057
-0.059
-0.06
-0.06
-0.059
-0.058
-0.056
-0.053
-0.049
-0.045
-0.038
-0.03
-0.023
-0.015
-0.006
0.001
0.005
0.006
0.007
0.008
0.008
0.009
0.01
0.011
0.013
0.015
0.016
0.017
0.018
0.019
0.02
0.022
0.025
0.03
0.033
