-0.153
-0.141
-0.134
-0.125
-0.118
-0.108
-0.086
-0.047
-0.011
0.011
0.016
0.02
0.023
-0.001
-0.017
-0.025
-0.031
-0.036
-0.039
-0.041
-0.042
-0.043
-0.042
-0.039
-0.034
-0.027
-0.019
-0.011
-0.002
0.008
0.019
0.029
0.039
0.049
0.059
0.069
0.079
0.09
0.1
0.108
0.116
0.124
0.131
0.138
0.146
0.154
0.162
0.169
0.176
0.185
0.199
0.22
0.24
0.252
0.26
0.266
0.27
0.273
0.274
0.271
0.265
0.257
0.246
0.225
0.188
0.168
0.158
0.15
0.137
0.124
0.108
0.077
0.038
0.017
0.003
-0.012
-0.03
-0.062
-0.089
-0.097
-0.101
-0.105
-0.108
-0.11
-0.111
-0.111
-0.11
-0.109
-0.107
-0.104
-0.102
-0.098
-0.095
-0.092
-0.091
-0.09
-0.089
-0.088
-0.086
-0.085
-0.082
-0.081
-0.08
-0.079
-0.079
-0.077
-0.076
-0.075
-0.076
-0.078
-0.08
-0.081
-0.082
-0.082
-0.081
-0.081
-0.081
-0.081
-0.079
-0.075
-0.071
-0.069
-0.067
-0.067
-0.066
-0.064
-0.062
-0.059
-0.057
-0.056
-0.055
-0.05
-0.042
-0.035
-0.03
-0.031
-0.035
-0.04
-0.043
-0.045
-0.045
-0.045
-0.048
-0.051
-0.053
-0.054
-0.054
-0.053
-0.054
-0.055
-0.056
-0.057
-0.058
-0.059
-0.059
-0.06
-0.06
-0.059
-0.057
-0.054
-0.051
-0.048
-0.045
-0.042
-0.039
-0.036
-0.032
-0.028
-0.024
-0.018
-0.001
0.01
0.013
0.015
0.018
0.021
0.018
-0.003
-0.023
-0.041
-0.057
-0.071
-0.084
-0.098
-0.106
-0.11
-0.113
-0.117
-0.12
-0.123
-0.125
-0.125
-0.121
-0.114
-0.108
-0.103
-0.098
-0.093
-0.086
-0.078
-0.07
-0.06
-0.048
-0.023
0.016
0.054
0.088
0.111
0.127
0.126
0.099
0.027
-0.075
-0.204
-0.343
-0.462
-0.53
-0.533
-0.478
-0.359
-0.234
-0.13
-0.061
-0.036
-0.028
-0.037
-0.055
-0.073
-0.092
-0.089
-0.056
-0.026
0.002
0.017
0.013
0.002
-0.007
-0.017
-0.025
-0.024
-0.014
-0.001
0.005
0.009
0.011
0.014
0.016
0.02
0.024
0.029
0.033
0.037
0.041
0.045
0.048
0.052
0.056
0.062
0.073
0.086
0.097
0.109
0.121
0.132
0.143
0.153
0.163
0.172
0.181
0.189
0.199
0.212
0.222
0.228
0.232
0.235
0.238
0.242
0.244
0.245
0.244
0.241
0.234
0.224
0.212
0.194
0.164
0.138
0.113
0.089
0.07
0.059
0.052
0.047
0.043
0.038
0.032
0.026
0.018
0.009
-0.004
-0.027
-0.052
-0.072
-0.087
-0.098
-0.102
-0.102
-0.102
-0.103
-0.104
-0.106
-0.107
-0.104
-0.098
-0.092
-0.088
-0.085
-0.083
-0.081
-0.079
-0.077
-0.075
-0.073
-0.072
-0.072
-0.072
-0.073
-0.074
-0.075
-0.076
-0.078
-0.08
-0.082
-0.083
-0.084
-0.084
-0.085
-0.086
-0.088
-0.089
-0.09
-0.091
-0.091
-0.091
-0.092
-0.095
-0.097
-0.098
-0.099
-0.101
-0.103
-0.104
-0.105
-0.105
-0.104
-0.102
-0.099
-0.096
-0.094
-0.092
-0.089
-0.087
-0.085
-0.083
-0.081
-0.079
-0.075
-0.069
-0.062
-0.058
-0.057
-0.059
-0.063
-0.067
-0.07
-0.074
-0.078
-0.083
-0.089
-0.092
-0.092
-0.088
-0.082
-0.074
-0.067
-0.063
-0.058
-0.053
-0.049
-0.046
-0.043
-0.041
-0.038
-0.034
-0.03
-0.027
-0.024
-0.022
-0.02
-0.017
-0.013
-0.009
-0.004
0.003
0.016
0.031
0.042
0.053
0.069
0.088
0.098
0.107
0.116
0.114
0.093
0.07
0.045
0.026
0.016
0.01
0.005
0.0
-0.003
-0.006
-0.007
-0.007
-0.005
-0.003
0.0
0.006
0.013
0.025
0.053
0.085
0.12
0.16
0.199
0.237
0.269
0.29
0.304
0.304
0.281
0.217
0.108
-0.026
-0.17
-0.267
-0.3
-0.275
-0.204
-0.1
-0.016
0.007
0.021
0.032
0.041
0.049
0.063
0.082
0.094
0.098
0.1
0.101
0.101
0.1
0.099
0.1
0.101
0.104
0.107
0.109
0.111
0.113
0.115
0.118
0.122
0.126
0.13
0.135
0.139
0.145
0.152
0.159
0.166
0.171
0.176
0.182
0.187
0.191
0.195
0.198
0.201
0.203
0.206
0.21
0.215
0.22
0.225
0.23
0.237
0.245
0.253
0.263
0.281
0.297
0.307
0.316
0.324
0.332
0.338
0.343
0.343
0.34
0.334
0.326
0.31
0.279
0.251
0.229
0.2
0.161
0.116
0.085
0.066
0.047
0.029
0.017
0.009
0.002
-0.002
-0.009
-0.017
-0.026
-0.036
-0.045
-0.051
-0.057
-0.064
-0.07
-0.075
-0.08
-0.084
-0.087
-0.089
-0.09
-0.089
-0.089
-0.089
-0.088
-0.088
-0.087
-0.086
-0.086
-0.085
-0.086
-0.086
-0.085
-0.083
-0.081
-0.079
-0.078
-0.078
-0.077
-0.077
-0.076
-0.075
-0.076
-0.078
-0.08
-0.082
-0.083
-0.081
-0.074
-0.065
-0.057
-0.052
-0.048
-0.042
-0.038
-0.034
-0.032
-0.03
-0.03
-0.032
-0.033
-0.036
-0.039
-0.042
-0.046
-0.048
-0.05
-0.053
-0.056
-0.059
-0.061
-0.062
-0.064
-0.065
-0.066
-0.066
-0.066
-0.064
-0.062
-0.059
-0.055
-0.051
-0.046
-0.04
-0.034
-0.029
-0.023
-0.015
-0.006
0.002
0.01
0.017
0.024
0.033
0.045
0.051
0.043
0.027
0.009
-0.012
-0.04
-0.056
-0.066
-0.075
-0.082
-0.087
-0.089
-0.089
-0.087
-0.083
-0.079
-0.076
-0.072
-0.067
-0.063
-0.062
-0.064
-0.069
-0.074
-0.079
-0.086
-0.092
-0.092
-0.081
-0.062
-0.031
0.011
0.047
0.083
0.109
0.128
0.128
0.102
0.03
-0.098
-0.248
-0.388
-0.491
-0.526
-0.506
-0.448
-0.331
-0.21
-0.12
-0.079
-0.061
-0.05
-0.042
-0.038
-0.038
-0.038
-0.041
-0.045
-0.05
-0.058
-0.062
-0.052
-0.031
-0.007
0.02
0.035
0.04
0.043
0.046
0.048
0.05
0.05
0.051
0.052
0.055
0.058
0.062
0.064
0.066
0.067
0.07
0.074
0.08
0.085
0.091
0.098
0.11
0.124
0.139
0.155
0.17
0.185
0.201
0.221
0.24
0.25
0.255
0.258
0.261
0.264
0.268
0.272
0.275
0.275
0.271
0.263
0.254
0.245
0.234
0.216
0.199
0.182
0.156
0.116
0.069
0.027
0.002
-0.011
-0.025
-0.044
-0.06
-0.067
-0.07
-0.074
-0.077
-0.08
-0.084
-0.087
-0.09
-0.092
-0.095
-0.098
-0.099
-0.099
-0.098
-0.097
-0.095
-0.094
-0.093
-0.093
-0.092
-0.09
-0.087
-0.085
-0.084
-0.084
-0.084
-0.084
-0.084
-0.083
-0.082
-0.081
-0.08
-0.079
-0.075
-0.07
-0.067
-0.071
-0.08
-0.091
-0.102
-0.115
-0.124
-0.123
-0.111
-0.092
-0.06
-0.023
-0.01
-0.003
0.001
0.005
0.006
0.006
0.001
-0.006
-0.014
-0.023
-0.031
-0.038
-0.046
-0.054
-0.059
-0.063
-0.063
-0.061
-0.058
-0.053
-0.045
-0.036
-0.019
0.017
0.037
0.046
0.054
0.06
0.065
0.067
0.066
0.063
0.056
0.047
0.038
0.03
0.021
0.011
0.003
-0.004
-0.013
-0.021
-0.028
-0.034
-0.039
-0.044
-0.048
-0.052
-0.055
-0.057
-0.059
-0.061
-0.061
-0.06
-0.059
-0.055
-0.05
-0.043
-0.037
-0.03
-0.016
0.018
0.058
0.102
0.152
0.204
0.25
0.278
0.266
0.23
0.097
-0.083
-0.282
-0.443
-0.51
-0.512
-0.451
-0.344
-0.229
-0.134
-0.064
-0.035
-0.021
-0.011
-0.007
-0.009
-0.014
-0.018
-0.021
-0.024
-0.024
-0.018
-0.005
0.006
0.011
0.014
0.017
0.021
0.025
0.029
0.033
0.037
0.04
0.043
0.046
0.048
0.05
0.052
0.055
0.057
0.059
0.061
0.062
0.064
0.068
0.072
0.076
0.08
0.085
0.089
0.094
0.1
0.107
0.115
0.127
0.149
0.164
0.177
0.188
0.203
0.228
0.26
0.29
0.296
0.301
0.307
0.288
0.265
0.244
0.219
0.185
0.146
0.12
0.104
0.089
0.075
0.054
0.023
-0.003
-0.023
-0.046
-0.068
-0.089
-0.11
-0.125
-0.135
-0.143
-0.152
-0.16
-0.168
-0.175
-0.181
-0.187
-0.192
-0.197
-0.201
-0.204
-0.207
-0.21
-0.214
-0.219
-0.223
-0.227
-0.231
-0.235
-0.238
-0.241
-0.242
-0.241
-0.238
-0.234
-0.228
-0.222
-0.216
-0.21
-0.201
-0.193
-0.186
-0.183
-0.181
-0.18
-0.18
-0.178
-0.173
-0.176
-0.191
-0.201
-0.207
-0.212
-0.216
-0.218
-0.219
-0.217
-0.213
-0.209
-0.202
-0.196
-0.189
-0.179
-0.169
-0.163
-0.162
-0.166
-0.171
-0.176
-0.179
-0.184
-0.188
-0.193
-0.195
-0.194
-0.19
-0.184
-0.177
-0.171
-0.166
-0.16
-0.154
-0.148
-0.141
-0.134
-0.127
-0.119
-0.111
-0.103
-0.093
-0.084
-0.078
-0.079
-0.084
-0.092
-0.103
-0.118
-0.142
-0.16
-0.169
-0.175
-0.181
-0.185
-0.189
-0.191
-0.193
-0.194
-0.193
-0.191
-0.187
-0.183
-0.178
-0.171
-0.163
-0.154
-0.139
-0.125
-0.116
-0.108
-0.099
-0.087
-0.074
-0.058
-0.009
0.048
0.096
0.112
0.085
0.006
-0.15
-0.327
-0.486
-0.589
-0.602
-0.565
-0.465
-0.342
-0.227
-0.141
-0.119
-0.114
-0.11
-0.122
-0.136
-0.147
-0.146
-0.13
-0.105
-0.072
-0.055
-0.046
-0.041
-0.038
-0.034
-0.028
-0.023
-0.017
-0.013
-0.007
-0.002
0.002
0.007
0.012
0.016
0.02
0.024
0.029
0.034
0.039
0.045
0.051
0.058
0.065
0.071
0.077
0.085
0.102
0.133
0.158
0.177
0.198
0.22
0.241
0.258
0.28
0.308
0.323
0.331
0.337
0.341
0.342
0.339
0.332
0.32
0.308
0.295
0.276
0.261
0.253
0.247
0.24
0.234
0.226
0.217
0.206
0.187
0.159
0.131
0.102
0.08
0.066
0.05
0.031
0.01
-0.014
-0.035
-0.051
-0.066
-0.08
-0.093
-0.103
-0.112
-0.12
-0.124
-0.12
-0.11
-0.099
-0.089
-0.079
-0.069
-0.064
-0.068
-0.077
-0.085
-0.091
-0.097
-0.103
-0.108
-0.111
-0.114
-0.115
-0.115
-0.113
-0.11
-0.106
-0.1
-0.092
-0.085
-0.074
-0.054
-0.043
-0.038
-0.034
-0.03
-0.028
-0.03
-0.045
-0.06
-0.066
-0.07
-0.075
-0.08
-0.084
-0.087
-0.091
-0.093
-0.095
-0.096
-0.097
-0.098
-0.098
-0.097
-0.097
-0.096
-0.096
-0.096
-0.096
-0.096
-0.096
-0.096
-0.095
-0.095
-0.095
-0.094
-0.095
-0.096
-0.098
-0.102
-0.107
-0.108
-0.1
-0.091
-0.084
-0.079
-0.075
-0.07
-0.064
-0.058
-0.051
-0.045
-0.038
-0.032
-0.025
-0.017
-0.01
-0.005
-0.007
-0.013
-0.023
-0.035
-0.049
-0.069
-0.082
-0.091
-0.096
-0.1
-0.104
-0.108
-0.113
-0.116
-0.119
-0.119
-0.12
-0.12
-0.118
-0.116
-0.113
-0.108
-0.101
-0.094
-0.087
-0.079
-0.066
-0.037
-0.017
0.007
0.04
0.073
0.102
0.12
0.134
0.134
0.105
0.02
-0.135
-0.322
-0.49
-0.577
-0.579
-0.502
-0.349
-0.192
-0.07
-0.04
-0.033
-0.03
-0.027
-0.022
-0.017
-0.011
-0.005
0.0
0.003
0.007
0.011
0.014
0.017
0.021
0.026
0.032
0.037
0.041
0.045
0.048
0.051
0.055
0.06
0.066
0.073
0.08
0.088
0.097
0.107
0.12
0.134
0.143
0.15
0.157
0.168
0.184
0.204
0.22
0.232
0.243
0.258
0.274
0.288
0.301
0.313
0.323
0.331
0.34
0.352
0.367
0.377
0.384
0.389
0.393
0.397
0.399
0.4
0.4
0.397
0.391
0.383
0.374
0.36
0.335
0.316
0.298
0.279
0.249
0.221
0.198
0.178
0.16
0.145
0.133
0.122
0.114
0.105
0.099
0.095
0.092
0.09
0.087
0.085
0.084
0.084
0.084
0.084
0.083
0.082
0.081
0.081
0.081
0.081
0.081
0.081
0.082
0.084
0.087
0.09
0.093
0.097
0.1
0.103
0.106
0.109
0.112
0.114
0.115
0.117
0.12
0.122
0.125
0.127
0.13
0.133
0.137
0.141
0.144
0.146
0.147
0.148
0.15
0.151
0.152
0.152
0.153
0.153
0.154
0.156
0.158
0.16
0.161
0.161
0.162
0.164
0.167
0.17
0.172
0.174
0.175
0.176
0.178
0.181
0.184
0.186
0.188
0.19
0.194
0.2
0.207
0.214
0.22
0.224
0.227
0.231
0.235
0.24
0.244
0.248
0.252
0.259
0.267
0.277
0.287
0.296
0.302
0.305
0.308
0.31
0.31
0.309
0.306
0.3
0.293
0.286
0.278
0.269
0.247
0.199
0.163
0.136
0.108
0.094
0.084
0.074
0.066
0.058
0.052
0.049
0.048
0.047
0.048
0.05
0.054
0.057
0.062
0.068
0.075
0.083
0.097
0.126
0.15
0.176
0.197
0.183
0.141
0.032
-0.13
-0.327
-0.492
-0.565
-0.568
-0.505
-0.381
-0.246
-0.156
-0.123
-0.123
-0.146
-0.174
-0.199
-0.199
-0.199
-0.198
-0.197
-0.196
-0.191
-0.182
-0.174
-0.172
-0.171
-0.17
-0.169
-0.167
-0.166
-0.165
-0.164
-0.165
-0.165
-0.165
-0.164
-0.163
-0.161
-0.159
-0.155
-0.152
-0.148
-0.144
-0.141
-0.138
-0.135
-0.13
-0.124
-0.117
-0.109
-0.097
-0.082
-0.068
-0.055
-0.046
-0.038
-0.03
-0.02
-0.009
0.007
0.025
0.046
0.066
0.084
0.096
0.101
0.104
0.107
0.111
0.115
0.117
0.117
0.111
0.101
0.086
0.062
0.018
-0.025
-0.072
-0.102
-0.118
-0.13
-0.136
-0.139
-0.14
-0.141
-0.143
-0.144
-0.145
-0.146
-0.147
-0.149
-0.151
-0.156
-0.162
-0.168
-0.174
-0.18
-0.188
-0.2
-0.212
-0.221
-0.226
-0.231
-0.234
-0.237
-0.24
-0.244
-0.246
-0.248
-0.249
-0.25
-0.251
-0.25
-0.249
-0.247
-0.244
-0.241
-0.239
-0.238
-0.238
-0.236
-0.233
-0.229
-0.228
-0.228
-0.231
-0.236
-0.242
-0.247
-0.252
-0.258
-0.265
-0.272
-0.275
-0.274
-0.27
-0.264
-0.256
-0.248
-0.236
-0.229
-0.234
-0.244
-0.249
-0.254
-0.259
-0.263
-0.266
-0.266
-0.265
-0.26
-0.253
-0.246
-0.238
-0.232
-0.224
-0.215
-0.208
-0.203
-0.201
-0.199
-0.198
-0.195
-0.192
-0.187
-0.187
-0.193
-0.196
-0.198
-0.2
-0.201
-0.198
-0.192
-0.183
-0.169
-0.14
-0.113
-0.095
-0.087
-0.083
-0.08
-0.078
-0.077
-0.076
-0.075
-0.074
-0.071
-0.067
-0.063
-0.059
-0.056
-0.053
-0.049
-0.045
-0.041
-0.036
-0.031
-0.027
-0.023
-0.018
-0.013
-0.007
-0.002
0.004
0.016
0.023
0.013
-0.004
-0.02
-0.036
-0.049
-0.055
-0.06
-0.065
-0.073
-0.077
-0.071
-0.059
-0.053
-0.049
-0.045
-0.041
-0.037
-0.034
-0.029
-0.023
-0.018
-0.012
-0.006
0.001
0.011
0.035
0.075
0.122
0.174
0.234
0.283
0.299
0.277
0.211
0.042
-0.178
-0.401
-0.571
-0.621
-0.611
-0.505
-0.356
-0.216
-0.118
-0.087
-0.081
-0.078
-0.076
-0.074
-0.072
-0.068
-0.064
-0.06
-0.056
-0.052
-0.048
-0.042
-0.035
-0.029
-0.025
-0.022
-0.019
-0.015
-0.012
-0.009
-0.005
-0.002
0.001
0.006
0.013
0.021
0.03
0.039
0.053
0.079
0.094
0.102
0.11
0.119
0.123
0.117
0.104
0.094
0.083
0.076
0.082
0.096
0.113
0.133
0.151
0.168
0.185
0.203
0.218
0.23
0.241
0.25
0.258
0.264
