-0.254
-0.255
-0.256
-0.257
-0.256
-0.254
-0.251
-0.246
-0.237
-0.222
-0.208
-0.191
-0.174
-0.162
-0.153
-0.147
-0.142
-0.138
-0.135
-0.132
-0.13
-0.128
-0.125
-0.12
-0.114
-0.106
-0.096
-0.088
-0.081
-0.076
-0.069
-0.062
-0.05
-0.034
-0.017
-0.003
0.005
0.009
0.014
0.019
0.023
0.026
0.028
0.031
0.032
0.033
0.033
0.033
0.033
0.031
0.029
0.027
0.023
0.015
0.005
0.002
0.001
0.0
0.0
-0.001
-0.001
0.0
0.0
0.001
0.002
0.003
0.004
0.005
0.006
0.006
0.006
0.004
0.001
-0.001
-0.004
-0.008
-0.017
-0.028
-0.035
-0.041
-0.045
-0.044
-0.038
-0.03
-0.021
-0.012
-0.003
0.003
0.008
0.012
0.015
0.018
0.021
0.023
0.025
0.027
0.03
0.035
0.05
0.065
0.077
0.091
0.101
0.109
0.115
0.119
0.122
0.125
0.129
0.132
0.133
0.13
0.123
0.116
0.106
0.092
0.085
0.075
0.062
0.039
0.011
0.0
-0.003
-0.005
-0.007
-0.008
-0.009
-0.011
-0.013
-0.017
-0.02
-0.024
-0.031
-0.041
-0.042
-0.037
-0.025
0.026
0.118
0.255
0.439
0.67
0.945
1.25
1.557
1.83
2.021
2.085
1.99
1.748
1.405
1.025
0.67
0.385
0.184
0.047
-0.044
-0.116
-0.181
-0.238
-0.275
-0.288
-0.293
-0.293
-0.294
-0.295
-0.296
-0.283
-0.262
-0.242
-0.23
-0.223
-0.217
-0.211
-0.206
-0.2
-0.193
-0.182
-0.176
-0.171
-0.168
-0.164
-0.161
-0.158
-0.156
-0.154
-0.152
-0.149
-0.143
-0.136
-0.127
-0.113
-0.095
-0.084
-0.079
-0.074
-0.068
-0.063
-0.056
-0.044
-0.029
-0.021
-0.016
-0.01
-0.003
0.008
0.022
0.028
0.032
0.035
0.037
0.036
0.033
0.028
0.024
0.02
0.016
0.013
0.009
0.005
0.002
0.0
-0.002
-0.005
-0.007
-0.01
-0.012
-0.012
-0.012
-0.01
-0.009
-0.007
-0.004
-0.002
0.003
0.003
-0.004
-0.01
-0.014
-0.018
-0.021
-0.025
-0.028
-0.031
-0.035
-0.04
-0.044
-0.046
-0.045
-0.041
-0.037
-0.031
-0.022
-0.014
-0.004
0.008
0.015
0.019
0.022
0.025
0.028
0.032
0.036
0.042
0.052
0.061
0.07
0.079
0.09
0.098
0.104
0.11
0.115
0.121
0.133
0.143
0.146
0.148
0.149
0.147
0.141
0.132
0.12
0.103
0.079
0.051
0.026
0.013
0.004
-0.002
-0.01
-0.016
-0.021
-0.024
-0.024
-0.023
-0.021
-0.019
-0.016
-0.02
-0.025
-0.028
-0.016
0.021
0.096
0.214
0.382
0.604
0.878
1.182
1.489
1.761
1.96
2.045
1.995
1.81
1.518
1.166
0.808
0.501
0.27
0.104
-0.012
-0.097
-0.163
-0.212
-0.245
-0.259
-0.265
-0.268
-0.271
-0.272
-0.272
-0.271
-0.268
-0.264
-0.258
-0.246
-0.231
-0.219
-0.209
-0.196
-0.182
-0.171
-0.166
-0.163
-0.162
-0.159
-0.156
-0.152
-0.147
-0.143
-0.137
-0.131
-0.126
-0.121
-0.112
-0.098
-0.072
-0.048
-0.035
-0.025
-0.018
-0.008
0.006
0.016
0.019
0.02
0.021
0.022
0.022
0.022
0.022
0.021
0.019
0.018
0.015
0.012
0.005
-0.009
-0.019
-0.024
-0.028
-0.028
-0.024
-0.019
-0.009
0.0
0.004
0.007
0.008
0.005
-0.002
-0.01
-0.02
-0.026
-0.029
-0.031
-0.033
-0.035
-0.036
-0.037
-0.037
-0.037
-0.036
-0.035
-0.033
-0.03
-0.026
-0.019
-0.001
0.01
0.016
0.02
0.023
0.025
0.027
0.028
0.031
0.034
0.033
0.023
0.015
0.009
0.004
0.002
0.003
0.008
0.014
0.021
0.032
0.04
0.058
0.086
0.103
0.118
0.129
0.14
0.15
0.159
0.162
0.163
0.164
0.165
0.166
0.164
0.158
0.149
0.135
0.121
0.107
0.093
0.076
0.057
0.044
0.031
0.024
0.02
0.017
0.014
0.011
0.008
0.006
0.004
-0.003
-0.012
-0.017
-0.021
-0.012
0.013
0.055
0.12
0.224
0.373
0.569
0.805
1.07
1.346
1.609
1.819
1.93
1.903
1.727
1.432
1.082
0.74
0.454
0.244
0.101
0.004
-0.07
-0.138
-0.191
-0.214
-0.223
-0.223
-0.215
-0.209
-0.206
-0.204
-0.202
-0.199
-0.196
-0.193
-0.19
-0.187
-0.183
-0.178
-0.172
-0.166
-0.161
-0.157
-0.148
-0.137
-0.13
-0.126
-0.122
-0.118
-0.113
-0.098
-0.068
-0.054
-0.049
-0.046
-0.043
-0.04
-0.036
-0.032
-0.027
-0.021
-0.014
-0.005
0.006
0.024
0.042
0.051
0.057
0.06
0.06
0.056
0.049
0.041
0.032
0.025
0.018
0.013
0.009
0.005
0.002
0.0
0.0
0.0
0.0
-0.001
-0.003
-0.004
-0.005
-0.005
-0.004
-0.003
-0.003
-0.003
-0.002
-0.002
-0.001
0.0
0.0
0.0
0.0
0.0
0.0
-0.002
-0.004
-0.006
-0.008
-0.011
-0.012
-0.014
-0.016
-0.018
-0.019
-0.021
-0.022
-0.021
-0.02
-0.018
-0.015
-0.012
-0.007
-0.003
0.002
0.01
0.018
0.025
0.032
0.038
0.042
0.046
0.05
0.054
0.058
0.062
0.067
0.075
0.086
0.092
0.095
0.098
0.1
0.101
0.101
0.095
0.087
0.078
0.068
0.056
0.045
0.037
0.03
0.017
0.0
-0.009
-0.014
-0.018
-0.021
-0.022
-0.021
-0.017
-0.013
-0.008
-0.003
0.002
0.009
0.015
0.024
0.055
0.111
0.201
0.332
0.513
0.747
1.022
1.313
1.586
1.803
1.913
1.877
1.688
1.384
1.024
0.677
0.399
0.206
0.084
0.007
-0.049
-0.098
-0.132
-0.151
-0.166
-0.177
-0.188
-0.201
-0.212
-0.215
-0.217
-0.219
-0.217
-0.206
-0.197
-0.191
-0.185
-0.179
-0.174
-0.169
-0.16
-0.148
-0.135
-0.122
-0.109
-0.095
-0.087
-0.082
-0.078
-0.074
-0.07
-0.067
-0.064
-0.059
-0.052
-0.04
-0.031
-0.025
-0.02
-0.016
-0.01
-0.003
0.003
0.012
0.022
0.03
0.036
0.04
0.044
0.048
0.051
0.053
0.051
0.046
0.04
0.034
0.027
0.021
0.019
0.017
0.015
0.013
0.01
0.009
0.008
0.009
0.01
0.012
0.013
0.015
0.017
0.019
0.021
0.023
0.023
0.023
0.023
0.021
0.018
0.013
0.005
-0.01
-0.019
-0.024
-0.027
-0.029
-0.03
-0.03
-0.029
-0.026
-0.022
-0.015
-0.003
0.002
0.005
0.007
0.009
0.011
0.012
0.014
0.015
0.017
0.019
0.021
0.024
0.029
0.039
0.058
0.075
0.09
0.098
0.103
0.107
0.111
0.114
0.117
0.12
0.122
0.124
0.124
0.124
0.121
0.117
0.112
0.102
0.085
0.07
0.059
0.05
0.039
0.023
0.011
0.003
-0.002
-0.005
-0.008
-0.01
-0.012
-0.014
-0.017
-0.021
-0.025
-0.033
-0.042
-0.033
-0.009
0.049
0.147
0.292
0.49
0.743
1.034
1.338
1.621
1.842
1.934
1.926
1.787
1.512
1.173
0.829
0.522
0.279
0.098
-0.033
-0.125
-0.188
-0.231
-0.249
-0.257
-0.263
-0.267
-0.27
-0.275
-0.28
-0.272
-0.258
-0.241
-0.224
-0.209
-0.201
-0.197
-0.195
-0.192
-0.189
-0.187
-0.185
-0.183
-0.18
-0.177
-0.173
-0.167
-0.16
-0.153
-0.146
-0.14
-0.135
-0.131
-0.123
-0.109
-0.097
-0.087
-0.078
-0.067
-0.051
-0.036
-0.025
-0.019
-0.012
-0.006
0.0
0.003
0.005
0.007
0.01
0.011
0.013
0.014
0.017
0.021
0.011
0.002
-0.004
-0.009
-0.014
-0.018
-0.023
-0.028
-0.027
-0.02
-0.009
0.003
0.01
0.014
0.017
0.018
0.017
0.015
0.01
0.005
0.0
-0.01
-0.016
-0.019
-0.022
-0.023
-0.024
-0.025
-0.026
-0.026
-0.026
-0.026
-0.024
-0.023
-0.021
-0.018
-0.015
-0.009
-0.004
0.0
0.002
0.006
0.008
0.006
0.001
-0.001
-0.005
-0.008
-0.008
-0.004
0.001
0.011
0.026
0.049
0.075
0.091
0.103
0.109
0.115
0.12
0.125
0.13
0.134
0.138
0.139
0.138
0.135
0.13
0.122
0.108
0.092
0.077
0.055
0.033
0.009
-0.001
-0.006
-0.008
-0.01
-0.011
-0.011
-0.013
-0.015
-0.016
-0.018
-0.02
-0.024
-0.029
-0.037
-0.032
-0.016
0.023
0.09
0.194
0.348
0.553
0.803
1.082
1.369
1.642
1.863
1.955
1.944
1.795
1.504
1.142
0.782
0.481
0.26
0.107
0.004
-0.072
-0.139
-0.191
-0.226
-0.243
-0.252
-0.257
-0.261
-0.262
-0.26
-0.256
-0.249
-0.238
-0.218
-0.207
-0.201
-0.197
-0.194
-0.192
-0.19
-0.187
-0.183
-0.176
-0.166
-0.158
-0.151
-0.145
-0.14
-0.132
-0.116
-0.102
-0.096
-0.091
-0.087
-0.083
-0.08
-0.076
-0.07
-0.062
-0.057
-0.051
-0.042
-0.025
0.0
0.012
0.017
0.02
0.022
0.023
0.024
0.025
0.026
0.026
0.028
0.029
0.03
0.033
0.037
0.035
0.023
0.016
0.011
0.006
0.002
0.0
0.0
0.0
0.0
0.001
0.003
0.005
0.009
0.01
0.006
0.005
0.004
0.003
0.001
0.0
0.0
0.0
-0.001
-0.003
-0.004
-0.006
-0.007
-0.007
-0.007
-0.008
-0.009
-0.011
-0.013
-0.014
-0.014
-0.012
-0.01
-0.006
-0.003
0.0
0.005
0.011
0.016
0.021
0.026
0.033
0.044
0.053
0.062
0.068
0.076
0.084
0.092
0.1
0.108
0.114
0.121
0.128
0.133
0.136
0.14
0.143
0.145
0.142
0.133
0.12
0.1
0.079
0.062
0.049
0.035
0.022
0.012
0.001
-0.005
-0.009
-0.012
-0.014
-0.016
-0.017
-0.017
-0.017
-0.016
-0.015
-0.012
-0.009
-0.004
0.014
0.08
0.191
0.356
0.579
0.855
1.166
1.484
1.769
1.984
2.09
2.056
1.88
1.589
1.233
0.868
0.544
0.289
0.105
-0.022
-0.107
-0.158
-0.189
-0.221
-0.258
-0.277
-0.285
-0.283
-0.272
-0.263
-0.255
-0.248
-0.242
-0.237
-0.23
-0.221
-0.211
-0.198
-0.18
-0.159
-0.148
-0.147
-0.146
-0.145
-0.144
-0.144
-0.143
-0.142
-0.141
-0.139
-0.137
-0.135
-0.129
-0.114
-0.097
-0.085
-0.078
-0.069
-0.056
-0.041
-0.026
-0.01
0.004
0.017
0.025
0.034
0.041
0.046
0.049
0.049
0.042
0.034
0.03
0.027
0.025
0.022
0.02
0.019
0.018
0.017
0.016
0.016
0.016
0.016
0.016
0.017
0.018
0.019
0.02
0.021
0.022
0.022
0.023
0.023
0.021
0.016
0.011
0.007
0.003
0.0
-0.004
-0.008
-0.01
-0.013
-0.02
-0.026
-0.028
-0.03
-0.031
-0.031
-0.027
-0.021
-0.014
-0.006
0.0
0.002
0.004
0.007
0.009
0.011
0.012
0.013
0.015
0.017
0.019
0.024
0.031
0.041
0.059
0.076
0.088
0.095
0.103
0.117
0.135
0.148
0.154
0.158
0.161
0.162
0.16
0.157
0.15
0.13
0.104
0.076
0.059
0.042
0.025
0.01
0.0
-0.003
-0.005
-0.007
-0.009
-0.01
-0.011
-0.012
-0.012
-0.012
-0.012
-0.011
-0.01
-0.007
-0.003
0.0
0.007
0.032
0.104
0.228
0.411
0.648
0.929
1.237
1.543
1.814
2.003
2.068
1.986
1.766
1.448
1.092
0.75
0.46
0.246
0.111
0.022
-0.058
-0.142
-0.212
-0.257
-0.268
-0.271
-0.273
-0.274
-0.275
-0.275
-0.275
-0.274
-0.273
-0.271
-0.268
-0.265
-0.258
-0.242
-0.225
-0.21
-0.198
-0.188
-0.179
-0.17
-0.161
-0.153
-0.149
-0.146
-0.144
-0.141
-0.138
-0.134
-0.129
-0.118
-0.103
-0.092
-0.084
-0.077
-0.067
-0.052
-0.039
-0.031
-0.024
-0.019
-0.014
-0.01
-0.003
0.005
0.01
0.014
0.018
0.021
0.023
0.023
0.021
0.019
0.016
0.013
0.011
0.007
0.004
0.001
0.0
0.0
0.0
0.001
0.003
0.003
0.004
0.006
0.007
0.008
0.008
0.005
0.001
-0.003
-0.012
-0.028
-0.037
-0.042
-0.045
-0.048
-0.049
-0.047
-0.044
-0.04
-0.036
-0.032
-0.028
-0.024
-0.02
-0.017
-0.014
-0.012
-0.011
-0.009
-0.007
-0.004
-0.002
0.0
0.002
0.005
0.009
0.016
0.022
0.029
0.039
0.055
0.068
0.077
0.082
0.086
0.092
0.104
0.119
0.131
0.136
0.139
0.142
0.142
0.141
0.138
0.133
0.126
0.11
0.092
0.077
0.063
0.048
0.035
0.02
0.01
0.005
0.002
0.0
-0.002
-0.003
-0.004
-0.005
-0.007
-0.009
-0.011
-0.012
-0.01
-0.005
0.004
0.033
0.088
0.175
0.303
0.48
0.709
0.985
1.289
1.584
1.823
1.941
1.943
1.833
1.583
1.262
0.925
0.617
0.366
0.182
0.053
-0.037
-0.103
-0.157
-0.203
-0.228
-0.236
-0.225
-0.215
-0.209
-0.204
-0.201
-0.198
-0.195
-0.193
-0.19
-0.186
-0.182
-0.177
-0.172
-0.167
-0.162
-0.158
-0.154
-0.148
-0.139
-0.124
-0.111
-0.1
-0.089
-0.078
-0.068
-0.059
-0.051
-0.042
-0.034
-0.022
-0.005
0.006
0.012
0.017
0.02
0.022
0.023
0.024
0.026
0.027
0.028
0.028
0.029
0.029
0.029
0.029
0.028
0.027
0.025
0.022
0.02
0.018
0.016
0.013
0.007
0.002
0.0
-0.001
-0.003
-0.005
-0.007
-0.008
-0.009
-0.009
-0.007
-0.005
-0.003
-0.001
0.001
0.004
0.006
0.006
0.003
-0.001
-0.01
-0.023
-0.03
-0.033
-0.036
-0.038
-0.039
-0.038
-0.036
-0.031
-0.027
-0.023
-0.019
-0.016
-0.012
-0.009
-0.005
-0.001
0.001
0.004
0.007
0.01
0.013
0.016
0.018
0.021
0.024
0.029
0.036
0.047
0.057
0.065
0.07
0.076
0.083
0.09
0.096
0.101
0.106
0.11
0.111
0.11
0.108
0.104
0.099
0.091
0.075
0.043
0.016
0.006
0.0
-0.005
-0.007
-0.009
-0.011
-0.012
-0.014
-0.016
-0.017
-0.019
-0.021
-0.024
-0.028
-0.028
-0.021
-0.002
0.039
0.106
0.203
0.338
0.512
0.727
0.978
1.25
1.512
1.719
1.803
1.792
1.655
1.383
1.044
0.702
0.407
0.187
0.043
-0.043
-0.09
-0.121
-0.139
-0.169
-0.197
-0.208
-0.212
-0.215
-0.216
-0.217
-0.218
-0.218
-0.217
-0.215
-0.211
-0.207
-0.2
-0.185
-0.169
-0.157
-0.148
-0.14
-0.133
-0.125
-0.12
-0.117
-0.115
-0.111
-0.108
-0.104
-0.099
-0.093
-0.085
-0.075
-0.066
-0.051
-0.032
-0.018
-0.009
0.0
0.007
0.018
0.027
0.028
0.029
0.029
0.03
0.031
0.031
0.03
0.027
0.024
0.02
0.017
0.014
0.011
0.007
0.003
0.0
-0.005
-0.017
-0.025
-0.025
-0.026
-0.026
-0.023
-0.017
-0.013
-0.011
-0.009
-0.007
-0.005
-0.005
-0.004
-0.004
-0.006
-0.008
-0.009
-0.011
-0.013
-0.016
-0.019
-0.023
-0.026
-0.027
-0.027
-0.026
-0.025
-0.024
-0.023
-0.022
-0.025
-0.03
-0.035
-0.038
-0.041
-0.043
-0.042
-0.039
-0.033
-0.025
-0.011
0.011
0.026
0.038
0.047
0.056
0.065
0.074
0.083
0.092
0.102
0.108
0.113
0.117
0.119
0.119
0.117
0.113
0.109
0.101
0.088
0.076
0.061
0.048
0.038
0.027
0.021
0.016
0.012
0.008
0.005
0.002
0.0
-0.002
-0.005
-0.009
-0.012
-0.014
-0.015
-0.013
-0.011
-0.007
0.005
0.041
0.097
0.181
0.303
0.474
0.694
0.958
1.25
1.539
1.783
1.915
1.92
1.808
1.543
1.198
0.832
0.506
0.263
0.104
0.007
-0.058
-0.11
-0.156
-0.193
-0.217
-0.224
-0.228
-0.23
-0.227
-0.223
-0.217
-0.211
-0.204
-0.198
-0.191
-0.185
-0.179
-0.172
-0.166
-0.161
-0.157
-0.153
-0.149
-0.146
-0.143
-0.141
-0.14
-0.138
-0.134
-0.123
-0.108
-0.095
-0.085
-0.077
-0.068
-0.059
-0.05
-0.041
-0.029
-0.015
-0.005
0.0
0.006
0.013
0.016
0.018
0.021
0.023
0.024
0.025
0.025
0.025
0.025
0.025
0.025
0.025
0.025
0.024
0.024
0.024
0.024
0.024
0.024
0.023
0.023
0.022
0.022
0.021
0.02
0.018
0.016
0.014
0.012
0.011
0.01
0.008
0.006
0.005
0.003
0.001
0.0
-0.001
-0.003
-0.005
-0.007
-0.008
-0.008
-0.008
-0.009
-0.01
-0.011
-0.012
-0.015
-0.017
-0.019
-0.017
-0.014
-0.008
-0.002
0.004
0.013
0.022
0.029
0.037
0.043
0.047
0.052
0.057
0.065
0.076
0.086
0.094
0.101
0.105
0.111
0.118
0.121
0.124
0.127
0.126
0.116
0.108
0.101
0.095
0.09
0.087
0.08
0.067
0.058
0.053
0.047
0.042
0.035
0.024
0.011
0.005
0.002
0.0
-0.001
-0.002
-0.001
0.0
0.002
0.007
0.014
0.041
0.096
0.191
0.336
0.532
0.778
1.061
1.355
1.63
1.845
1.956
1.926
1.755
1.475
1.142
0.802
0.5
0.262
0.094
-0.016
-0.091
-0.144
-0.183
-0.205
-0.212
-0.216
-0.218
-0.216
-0.212
-0.207
-0.203
-0.199
-0.195
-0.191
-0.189
-0.186
-0.183
-0.178
-0.17
-0.161
-0.155
-0.152
-0.149
-0.146
-0.144
-0.141
-0.139
-0.136
-0.132
-0.126
-0.12
-0.114
-0.103
-0.089
-0.075
-0.061
-0.05
-0.041
-0.032
-0.02
-0.002
0.01
0.019
0.023
0.025
0.025
0.026
0.028
0.029
0.026
0.021
0.018
0.014
0.012
0.01
0.012
0.017
0.023
0.028
0.035
0.04
0.041
0.04
0.04
0.04
0.041
0.04
0.033
0.027
0.021
0.014
0.006
0.0
-0.006
-0.01
-0.011
-0.009
-0.007
-0.004
-0.002
0.0
0.001
0.001
-0.001
-0.005
-0.009
-0.014
-0.021
-0.024
-0.021
-0.015
-0.009
-0.004
0.0
0.001
0.003
0.004
0.005
0.007
0.008
0.01
0.013
0.016
0.02
0.026
0.037
0.052
0.06
0.066
0.072
0.089
0.109
0.116
0.12
0.123
0.123
0.123
0.121
0.119
0.114
0.1
0.075
0.062
0.054
0.049
0.044
0.039
0.034
0.028
0.023
0.018
0.012
0.006
0.002
-0.001
-0.004
-0.007
-0.01
-0.012
-0.013
-0.015
-0.019
-0.024
-0.02
-0.006
0.033
0.105
0.22
0.382
0.59
0.844
1.126
1.413
1.672
1.859
1.934
1.867
1.656
1.34
0.981
0.64
0.367
0.18
0.056
-0.031
-0.102
-0.161
-0.201
-0.217
-0.222
-0.226
-0.231
-0.237
-0.248
-0.259
-0.265
-0.263
-0.249
-0.236
-0.221
-0.207
-0.194
-0.181
-0.173
-0.169
-0.166
-0.163
-0.158
-0.152
-0.146
-0.141
-0.135
-0.13
-0.125
-0.122
-0.119
-0.116
-0.108
-0.095
-0.085
-0.077
-0.07
-0.06
-0.048
-0.028
-0.005
0.006
0.013
0.016
0.019
0.022
0.024
0.026
0.028
0.029
0.031
0.032
0.033
0.033
0.031
0.03
0.029
0.028
0.028
0.028
0.027
0.027
0.027
0.027
0.027
0.026
0.026
0.025
0.024
0.023
0.021
0.02
0.019
0.017
0.015
0.012
0.008
0.002
-0.002
-0.008
-0.011
-0.015
-0.019
-0.023
-0.025
-0.025
-0.024
-0.022
-0.019
-0.016
-0.014
-0.012
-0.009
-0.005
0.0
0.003
0.008
0.012
0.016
0.021
0.025
0.029
0.032
0.036
0.038
0.041
0.044
0.047
0.05
0.054
0.068
0.094
0.108
0.115
0.119
0.124
0.129
0.136
0.145
0.155
0.156
0.145
0.129
0.114
0.103
0.091
0.075
0.045
0.008
-0.026
-0.039
-0.044
-0.047
-0.048
-0.049
-0.047
-0.042
-0.037
-0.032
-0.027
-0.022
-0.018
-0.014
-0.01
0.007
0.053
0.126
0.239
0.402
0.62
0.883
1.172
1.456
1.699
1.864
1.91
1.816
1.592
1.277
0.931
0.612
0.356
0.169
0.035
-0.061
-0.133
-0.188
-0.226
-0.248
-0.255
-0.259
-0.263
-0.265
-0.267
-0.269
-0.27
-0.271
-0.271
-0.269
-0.268
-0.265
-0.261
-0.254
-0.241
-0.228
-0.213
-0.195
-0.176
-0.164
-0.157
-0.152
-0.148
-0.144
-0.138
-0.131
-0.123
-0.115
-0.109
-0.104
-0.1
-0.095
-0.089
-0.081
-0.072
-0.064
-0.059
-0.053
-0.047
-0.04
-0.029
-0.017
-0.008
-0.002
0.0
0.0
-0.001
-0.003
-0.005
0.001
0.009
0.013
0.017
0.02
0.022
0.025
0.03
0.036
0.025
0.016
0.009
0.004
0.002
0.001
0.001
0.0
-0.001
0.005
0.012
0.018
0.018
0.012
0.007
0.003
0.0
-0.005
-0.01
-0.015
-0.021
-0.024
-0.021
-0.016
-0.013
-0.01
-0.007
-0.004
-0.004
-0.005
-0.006
-0.008
-0.009
-0.01
-0.012
-0.015
-0.016
-0.017
-0.015
-0.011
-0.006
0.0
0.008
0.016
0.026
0.039
0.052
0.07
0.084
0.092
0.098
0.103
0.107
0.115
0.124
0.127
0.129
0.13
0.127
0.121
0.112
0.101
0.087
0.067
0.042
0.02
0.011
0.003
-0.008
-0.017
-0.02
-0.023
-0.023
-0.019
-0.016
-0.014
-0.012
-0.012
-0.015
-0.02
-0.027
-0.034
-0.028
-0.012
0.039
0.132
0.278
0.477
0.727
1.02
1.333
1.628
1.868
1.994
1.999
1.896
1.636
1.295
0.933
0.595
0.321
0.13
0.005
-0.08
-0.142
-0.187
-0.221
-0.237
-0.242
-0.245
-0.247
-0.248
-0.249
-0.249
-0.249
-0.248
-0.246
-0.244
-0.241
-0.237
-0.229
-0.214
-0.198
-0.184
-0.177
-0.172
-0.166
-0.16
-0.155
-0.15
-0.145
-0.141
-0.137
-0.129
-0.117
-0.107
-0.097
-0.086
-0.074
-0.062
-0.054
-0.046
-0.04
-0.035
-0.029
-0.024
-0.014
-0.002
0.007
0.018
0.023
0.026
0.028
0.03
0.031
0.032
0.033
0.033
0.032
0.032
0.032
0.031
0.03
0.028
0.025
0.022
0.016
0.005
-0.002
-0.007
0.0
0.007
0.012
0.016
0.016
0.013
0.007
0.0
-0.013
-0.021
-0.026
-0.029
-0.031
-0.029
-0.025
-0.019
-0.014
-0.008
-0.003
-0.003
-0.005
-0.007
-0.008
-0.009
-0.01
-0.01
-0.011
-0.01
-0.008
-0.004
0.0
0.003
0.007
0.011
0.015
0.019
0.022
0.026
0.028
0.03
0.033
0.036
0.039
0.047
0.063
0.088
0.116
0.133
0.151
0.166
0.176
0.182
0.182
0.172
0.161
0.148
0.137
0.124
0.106
0.088
0.067
0.044
0.025
0.013
0.003
-0.005
-0.012
-0.017
-0.021
-0.021
-0.018
-0.014
-0.012
-0.009
-0.007
-0.004
-0.001
0.0
0.005
0.024
0.071
0.155
0.286
0.469
0.7
0.974
1.276
1.576
1.835
2.005
2.051
1.952
1.714
1.383
1.021
0.674
0.386
0.177
0.037
-0.062
-0.142
-0.205
-0.239
-0.249
-0.256
-0.259
-0.26
-0.26
-0.26
-0.261
-0.261
-0.263
-0.262
-0.253
-0.244
-0.233
-0.219
-0.204
-0.192
-0.183
-0.178
-0.173
-0.169
-0.164
-0.159
-0.154
-0.149
-0.144
-0.139
-0.134
-0.13
-0.124
-0.113
-0.095
-0.081
-0.072
-0.064
-0.059
-0.05
-0.033
-0.019
-0.012
-0.006
-0.001
0.001
0.005
0.014
0.027
0.033
0.038
0.04
0.039
0.032
0.024
0.018
0.014
0.01
0.006
0.004
0.003
0.003
0.004
0.005
0.006
0.008
0.009
0.01
0.012
0.014
0.015
0.015
0.013
0.009
0.006
0.003
0.001
0.0
-0.002
-0.005
-0.007
-0.008
-0.01
-0.011
-0.013
-0.014
-0.014
-0.014
-0.013
-0.012
-0.012
-0.011
-0.01
-0.009
-0.007
-0.006
-0.005
-0.004
-0.003
-0.001
0.0
0.002
0.005
0.008
0.011
0.015
0.02
0.026
0.038
0.061
0.084
0.107
0.119
0.124
0.129
0.133
0.135
0.137
0.138
0.137
0.135
0.132
0.129
0.125
0.12
0.114
0.101
0.088
0.07
0.043
0.028
0.021
0.015
0.01
0.007
0.004
0.003
0.001
0.0
0.0
0.0
-0.001
-0.001
-0.002
-0.003
-0.007
0.006
0.047
0.117
0.228
0.386
0.596
0.855
1.149
1.451
1.725
1.93
2.021
1.975
1.787
1.484
1.131
0.789
0.498
0.273
0.111
-0.006
-0.097
-0.169
-0.214
-0.229
-0.22
-0.205
-0.194
-0.185
-0.19
-0.212
-0.226
-0.232
-0.236
-0.235
-0.225
-0.21
-0.19
-0.169
-0.151
-0.143
-0.139
-0.136
-0.133
-0.129
-0.125
-0.122
-0.117
-0.11
-0.098
-0.087
-0.075
-0.064
-0.054
-0.045
-0.039
-0.033
-0.028
-0.023
-0.014
0.002
0.02
0.032
0.036
0.039
0.04
0.042
0.043
0.044
0.045
0.046
0.046
0.047
0.048
0.048
0.049
0.049
0.05
0.052
0.054
0.049
0.039
0.034
0.031
0.028
0.026
0.023
0.021
0.018
0.016
0.014
0.012
0.011
0.009
0.007
0.005
0.0
-0.005
-0.009
-0.012
-0.014
-0.017
-0.018
-0.017
-0.014
-0.01
-0.006
0.0
0.004
0.007
0.011
0.015
0.005
-0.003
-0.009
-0.013
-0.013
-0.01
-0.005
-0.001
0.003
0.008
0.014
0.022
0.028
0.033
0.038
0.044
0.049
0.054
0.061
0.075
0.097
0.107
0.112
0.115
0.118
0.119
0.12
0.12
0.12
0.119
0.117
0.114
0.111
0.104
0.092
0.079
0.068
0.05
0.027
0.004
-0.01
-0.02
-0.027
-0.03
-0.027
-0.019
-0.014
-0.011
-0.008
-0.005
-0.002
0.0
0.0
0.001
0.006
0.018
0.067
0.154
0.29
0.476
0.711
0.987
1.281
1.559
1.782
1.882
1.877
1.751
1.484
1.138
0.787
0.477
0.228
0.053
-0.052
-0.11
-0.139
-0.155
-0.168
-0.181
-0.191
-0.199
-0.205
-0.21
-0.215
-0.217
-0.215
-0.208
-0.201
-0.192
-0.182
-0.174
-0.169
-0.164
-0.159
-0.155
-0.15
-0.146
-0.143
-0.14
-0.137
