-0.081
-0.089
-0.096
-0.102
-0.107
-0.112
-0.117
-0.121
-0.121
-0.117
-0.11
-0.089
-0.054
0.009
0.097
0.204
0.34
0.491
0.648
0.764
0.816
0.784
0.651
0.454
0.252
0.091
-0.009
-0.046
-0.057
-0.064
-0.072
-0.079
-0.086
-0.092
-0.099
-0.106
-0.111
-0.113
-0.115
-0.116
-0.117
-0.119
-0.121
-0.123
-0.123
-0.121
-0.116
-0.109
-0.104
-0.1
-0.097
-0.094
-0.09
-0.086
-0.083
-0.08
-0.077
-0.074
-0.071
-0.068
-0.065
-0.061
-0.056
-0.046
-0.028
-0.015
-0.004
0.004
0.013
0.024
0.029
0.034
0.038
0.042
0.045
0.047
0.049
0.052
0.054
0.055
0.056
0.058
0.06
0.061
0.063
0.067
0.07
0.072
0.069
0.064
0.056
0.046
0.031
0.014
0.001
-0.008
-0.016
-0.022
-0.028
-0.034
-0.041
-0.049
-0.061
-0.074
-0.088
-0.099
-0.108
-0.116
-0.121
-0.124
-0.127
-0.13
-0.129
-0.119
-0.112
-0.106
-0.101
-0.096
-0.091
-0.088
-0.085
-0.083
-0.08
-0.077
-0.075
-0.073
-0.072
-0.071
-0.07
-0.069
-0.068
-0.067
-0.066
-0.066
-0.065
-0.062
-0.059
-0.058
-0.059
-0.062
-0.068
-0.076
-0.088
-0.095
-0.1
-0.09
-0.074
-0.058
-0.051
-0.047
-0.044
-0.041
-0.04
-0.041
-0.044
-0.048
-0.051
-0.054
-0.057
-0.059
-0.062
-0.064
-0.066
-0.066
-0.066
-0.067
-0.069
-0.072
-0.062
-0.052
-0.045
-0.04
-0.038
-0.038
-0.037
-0.037
-0.036
-0.035
-0.033
-0.033
-0.035
-0.037
-0.04
-0.044
-0.049
-0.048
-0.037
-0.029
-0.022
-0.017
-0.015
-0.014
-0.013
-0.012
-0.009
-0.008
-0.013
-0.021
-0.028
-0.036
-0.042
-0.043
-0.039
-0.033
-0.025
-0.016
-0.01
-0.006
-0.002
0.0
-0.003
-0.007
-0.011
-0.015
-0.018
-0.019
-0.018
-0.015
-0.01
-0.002
0.013
0.022
0.027
0.03
0.032
0.035
0.038
0.042
0.045
0.047
0.05
0.052
0.056
0.06
0.063
0.065
0.065
0.065
0.064
0.064
0.064
0.063
0.062
0.061
0.059
0.057
0.055
0.052
0.048
0.044
0.037
0.028
0.021
0.014
0.009
0.009
0.01
0.013
0.016
0.021
0.021
0.011
0.001
-0.009
-0.02
-0.027
-0.033
-0.037
-0.037
-0.032
-0.024
-0.011
0.004
0.023
0.05
0.104
0.195
0.33
0.508
0.697
0.853
0.927
0.888
0.735
0.495
0.236
0.038
-0.061
-0.076
-0.055
-0.01
0.016
0.026
0.018
0.006
-0.01
-0.021
-0.027
-0.031
-0.034
-0.033
-0.031
-0.027
-0.021
-0.009
0.002
0.006
0.009
0.012
0.009
0.004
0.001
-0.002
-0.006
-0.007
-0.005
0.0
0.008
0.014
0.023
0.029
0.03
0.027
0.023
0.019
0.015
0.011
0.011
0.016
0.023
0.033
0.049
0.066
0.082
0.1
0.115
0.128
0.141
0.155
0.167
0.174
0.179
0.178
0.168
0.155
0.143
0.135
0.13
0.125
0.122
0.122
0.124
0.128
0.13
0.134
0.136
0.136
0.131
0.123
0.112
0.093
0.075
0.057
0.045
0.037
0.028
0.017
0.011
0.006
0.003
0.0
-0.002
-0.005
-0.009
-0.011
-0.013
-0.016
-0.019
-0.023
-0.033
-0.052
-0.062
-0.067
-0.07
-0.073
-0.074
-0.072
-0.067
-0.061
-0.056
-0.052
-0.049
-0.047
-0.043
-0.04
-0.037
-0.034
-0.031
-0.029
-0.027
-0.025
-0.024
-0.024
-0.023
-0.023
-0.023
-0.02
-0.015
-0.012
-0.017
-0.025
-0.031
-0.036
-0.041
-0.044
-0.044
-0.042
-0.037
-0.031
-0.023
-0.011
-0.006
-0.003
0.0
0.002
-0.001
-0.01
-0.019
-0.029
-0.03
-0.024
-0.008
0.045
0.132
0.252
0.401
0.568
0.718
0.795
0.795
0.72
0.558
0.371
0.202
0.084
0.024
0.004
0.008
0.013
0.017
0.004
-0.018
-0.038
-0.046
-0.051
-0.055
-0.057
-0.058
-0.056
-0.053
-0.051
-0.048
-0.045
-0.042
-0.041
-0.042
-0.044
-0.047
-0.05
-0.056
-0.059
-0.055
-0.046
-0.037
-0.028
-0.019
-0.01
-0.004
0.0
0.004
0.008
0.013
0.019
0.025
0.031
0.037
0.044
0.05
0.055
0.058
0.059
0.061
0.063
0.065
0.068
0.071
0.074
0.079
0.085
0.092
0.097
0.102
0.107
0.112
0.114
0.114
0.112
0.109
0.105
0.1
0.092
0.079
0.07
0.058
0.04
0.022
0.009
-0.005
-0.02
-0.034
-0.052
-0.064
-0.074
-0.081
-0.082
-0.082
-0.082
-0.082
-0.082
-0.082
-0.081
-0.075
-0.068
-0.064
-0.061
-0.059
-0.056
-0.055
-0.053
-0.051
-0.05
-0.049
-0.049
-0.049
-0.049
-0.05
-0.051
-0.051
-0.053
-0.055
-0.057
-0.055
-0.051
-0.048
-0.044
-0.042
-0.04
-0.043
-0.05
-0.057
-0.063
-0.07
-0.076
-0.081
-0.081
-0.078
-0.072
-0.065
-0.058
-0.047
-0.038
-0.03
-0.022
-0.015
-0.009
-0.005
-0.003
0.0
0.003
0.002
-0.009
-0.02
-0.03
-0.04
-0.049
-0.057
-0.065
-0.07
-0.07
-0.063
-0.054
-0.047
-0.041
-0.035
-0.031
-0.029
-0.028
-0.026
-0.025
-0.024
-0.022
-0.021
-0.019
-0.018
-0.018
-0.019
-0.019
-0.019
-0.02
-0.02
-0.021
-0.022
-0.023
-0.024
-0.025
-0.026
-0.029
-0.035
-0.035
-0.025
-0.019
-0.015
-0.012
-0.01
-0.008
-0.007
-0.007
-0.007
-0.008
-0.009
-0.011
-0.013
-0.016
-0.021
-0.02
-0.009
-0.003
0.0
0.004
0.009
0.012
0.015
0.017
0.02
0.023
0.026
0.029
0.033
0.039
0.045
0.05
0.057
0.064
0.068
0.068
0.064
0.057
0.049
0.042
0.033
0.026
0.025
0.027
0.029
0.031
0.033
0.035
0.037
0.036
0.032
0.027
0.021
0.017
0.013
0.009
0.005
0.001
-0.002
-0.005
-0.008
-0.011
-0.014
-0.017
-0.02
-0.024
-0.028
-0.031
-0.032
-0.031
-0.027
-0.021
-0.012
0.004
0.034
0.083
0.159
0.276
0.428
0.594
0.726
0.775
0.719
0.562
0.353
0.143
-0.008
-0.061
-0.064
-0.022
0.018
0.033
0.033
0.02
0.002
-0.021
-0.041
-0.055
-0.061
-0.067
-0.072
-0.06
-0.039
-0.023
-0.016
-0.012
-0.008
-0.009
-0.014
-0.021
-0.027
-0.034
-0.039
-0.039
-0.035
-0.03
-0.027
-0.025
-0.023
-0.02
-0.016
-0.013
-0.009
-0.005
-0.001
0.005
0.018
0.036
0.046
0.051
0.055
0.059
0.062
0.065
0.068
0.072
0.074
0.077
0.079
0.081
0.084
0.087
0.092
0.097
0.102
0.105
0.109
0.112
0.116
0.119
0.119
0.117
0.113
0.108
0.105
0.102
0.1
0.096
0.091
0.085
0.079
0.071
0.063
0.054
0.041
0.028
0.015
0.004
0.001
0.0
-0.001
-0.003
-0.006
-0.008
-0.011
-0.013
-0.014
-0.016
-0.019
-0.021
-0.022
-0.023
-0.023
-0.024
-0.026
-0.026
-0.026
-0.026
-0.026
-0.026
-0.026
-0.026
-0.026
-0.026
-0.025
-0.025
-0.025
-0.025
-0.025
-0.024
-0.023
-0.022
-0.021
-0.02
-0.019
-0.018
-0.016
-0.015
-0.014
-0.013
-0.013
-0.014
-0.014
-0.015
-0.016
-0.017
-0.018
-0.019
-0.02
-0.02
-0.019
-0.018
-0.016
-0.015
-0.014
-0.013
-0.012
-0.011
-0.009
-0.008
-0.006
-0.004
0.006
0.034
0.076
0.135
0.225
0.342
0.475
0.612
0.731
0.777
0.77
0.682
0.515
0.316
0.135
0.037
0.002
-0.001
0.004
0.01
0.016
0.013
-0.006
-0.021
-0.034
-0.045
-0.05
-0.048
-0.045
-0.041
-0.039
-0.036
-0.034
-0.035
-0.037
-0.039
-0.04
-0.042
-0.044
-0.045
-0.045
-0.04
-0.033
-0.025
-0.021
-0.017
-0.013
-0.008
-0.003
0.001
0.006
0.01
0.014
0.019
0.025
0.031
0.037
0.043
0.053
0.063
0.071
0.076
0.079
0.082
0.083
0.085
0.086
0.088
0.091
0.092
0.092
0.092
0.093
0.094
0.095
0.095
0.096
0.097
0.097
0.1
0.105
0.09
0.073
0.06
0.049
0.039
0.025
0.0
-0.023
-0.04
-0.055
-0.067
-0.075
-0.082
-0.088
-0.092
-0.097
-0.101
-0.104
-0.105
-0.103
-0.099
-0.093
-0.088
-0.082
-0.077
-0.072
-0.068
-0.064
-0.062
-0.059
-0.057
-0.056
-0.055
-0.055
-0.057
-0.059
-0.061
-0.063
-0.065
-0.067
-0.07
-0.072
-0.074
-0.076
-0.077
-0.077
-0.077
-0.077
-0.075
-0.073
-0.07
-0.066
-0.061
-0.056
-0.052
-0.045
-0.03
-0.026
-0.026
-0.024
-0.022
-0.032
-0.042
-0.051
-0.057
-0.06
-0.062
-0.064
-0.066
-0.068
-0.07
-0.07
-0.07
-0.069
-0.068
-0.065
-0.062
-0.059
-0.054
-0.048
-0.038
-0.033
-0.03
-0.028
-0.026
-0.025
-0.024
-0.023
-0.024
-0.026
-0.028
-0.03
-0.03
-0.032
-0.034
-0.036
-0.037
-0.037
-0.036
-0.034
-0.033
-0.031
-0.03
-0.028
-0.027
-0.026
-0.026
-0.026
-0.025
-0.025
-0.024
-0.023
-0.023
-0.023
-0.022
-0.022
-0.021
-0.021
-0.02
-0.02
-0.019
-0.017
-0.015
-0.012
-0.009
0.0
0.013
0.016
0.018
0.02
0.021
0.022
0.023
0.025
0.028
0.033
0.038
0.043
0.056
0.074
0.081
0.086
0.089
0.091
0.091
0.086
0.079
0.071
0.062
0.05
0.041
0.036
0.028
0.019
0.012
0.008
0.005
0.003
0.0
-0.001
-0.003
-0.006
-0.009
-0.012
-0.015
-0.018
-0.021
-0.025
-0.028
-0.031
-0.033
-0.033
-0.032
-0.03
-0.026
-0.021
-0.011
0.006
0.037
0.086
0.161
0.265
0.402
0.562
0.711
0.802
0.808
0.747
0.572
0.359
0.166
0.029
-0.015
-0.015
0.026
0.051
0.051
0.02
-0.026
-0.044
-0.052
-0.058
-0.058
-0.047
-0.041
-0.037
-0.034
-0.032
-0.029
-0.026
-0.023
-0.019
-0.014
-0.01
-0.007
-0.004
-0.001
0.0
0.003
0.006
0.008
0.011
0.014
0.017
0.02
0.022
0.024
0.025
0.027
0.029
0.033
0.038
0.047
0.058
0.068
0.077
0.085
0.094
0.102
0.111
0.122
0.132
0.142
0.147
0.152
0.155
0.158
0.16
0.162
0.163
0.163
0.163
0.162
0.16
0.158
0.156
0.153
0.149
0.144
0.132
0.117
0.104
0.093
0.083
0.074
0.067
0.06
0.052
0.044
0.034
0.023
0.012
0.003
-0.003
-0.007
-0.01
-0.013
-0.015
-0.018
-0.02
-0.022
-0.024
-0.025
-0.026
-0.027
-0.028
-0.028
-0.029
-0.031
-0.033
-0.035
-0.037
-0.038
-0.04
-0.042
-0.044
-0.047
-0.049
-0.05
-0.051
-0.052
-0.055
-0.058
-0.059
-0.056
-0.049
-0.043
-0.04
-0.038
-0.038
-0.037
-0.036
-0.035
-0.034
-0.033
-0.032
-0.03
-0.029
-0.027
-0.026
-0.025
-0.024
-0.024
-0.024
-0.024
-0.023
-0.022
-0.021
-0.019
-0.016
-0.012
-0.002
0.021
0.06
0.125
0.217
0.341
0.494
0.647
0.751
0.764
0.729
0.592
0.411
0.233
0.111
0.074
0.064
0.055
0.043
0.03
0.005
-0.027
-0.04
-0.047
-0.052
-0.056
-0.059
-0.061
-0.063
-0.065
-0.067
-0.069
-0.069
-0.07
-0.07
-0.071
-0.074
-0.077
-0.08
-0.079
-0.073
-0.063
-0.053
-0.045
-0.037
-0.029
-0.022
-0.017
-0.013
-0.01
-0.008
-0.007
-0.005
-0.002
0.0
0.003
0.006
0.009
0.012
0.016
0.021
0.027
0.034
0.042
0.049
0.054
0.058
0.063
0.068
0.073
0.076
0.077
0.078
0.079
0.08
0.08
0.078
0.075
0.072
0.068
0.065
0.061
0.056
0.049
0.033
0.018
0.003
-0.012
-0.027
-0.04
-0.051
-0.06
-0.069
-0.075
-0.08
-0.084
-0.087
-0.089
-0.092
-0.094
-0.096
-0.097
-0.098
-0.097
-0.094
-0.091
-0.087
-0.083
-0.08
-0.076
-0.073
-0.069
-0.066
-0.063
-0.061
-0.059
-0.058
-0.058
-0.057
-0.057
-0.057
-0.056
-0.055
-0.054
-0.053
-0.053
-0.052
-0.052
-0.051
-0.05
-0.049
-0.048
-0.048
-0.048
-0.048
-0.048
-0.048
-0.047
-0.046
-0.046
-0.046
-0.045
-0.044
-0.044
-0.044
-0.045
-0.045
-0.046
-0.046
-0.046
-0.046
-0.045
-0.045
-0.043
-0.042
-0.04
-0.038
-0.035
-0.033
-0.032
-0.03
-0.029
-0.028
-0.027
-0.025
-0.023
-0.022
-0.02
-0.019
-0.018
-0.017
-0.015
-0.014
-0.014
-0.014
-0.014
-0.015
-0.015
-0.015
-0.014
-0.014
-0.014
-0.014
-0.014
-0.013
-0.013
-0.012
-0.012
-0.012
-0.012
-0.009
-0.006
-0.003
-0.002
-0.004
-0.005
-0.007
-0.007
-0.008
-0.009
-0.011
-0.012
-0.014
-0.015
-0.016
-0.016
-0.016
-0.016
-0.015
-0.012
-0.009
-0.006
-0.002
0.0
0.003
0.007
0.016
0.025
0.033
0.058
0.076
0.081
0.085
0.088
0.09
0.09
0.089
0.087
0.083
0.079
0.071
0.062
0.07
0.077
0.083
0.085
0.078
0.065
0.053
0.039
0.03
0.024
0.022
0.02
0.019
0.018
0.016
0.015
0.013
0.011
0.009
0.008
0.006
0.004
0.003
0.002
0.002
0.001
0.0
-0.003
-0.007
-0.01
-0.012
-0.011
-0.009
-0.004
0.002
0.028
0.064
0.119
0.211
0.343
0.504
0.667
0.785
0.826
0.777
0.644
0.464
0.28
0.134
0.048
0.011
-0.009
-0.021
-0.027
-0.031
-0.035
-0.04
-0.044
-0.048
-0.052
-0.056
-0.06
-0.063
-0.065
-0.064
-0.061
-0.057
-0.052
-0.047
-0.042
-0.034
-0.026
-0.018
-0.01
-0.002
0.007
0.012
0.009
0.003
0.001
-0.001
-0.003
-0.006
-0.007
-0.008
-0.009
-0.01
-0.01
-0.01
-0.009
-0.006
-0.003
0.0
0.004
0.008
0.018
0.034
0.056
0.091
0.11
0.119
0.125
0.129
0.132
0.134
0.134
0.133
0.131
0.129
0.127
0.126
0.124
0.122
0.12
0.118
0.116
0.113
0.111
0.109
0.105
0.1
0.09
0.068
0.052
0.039
0.028
0.02
0.014
0.009
0.004
0.0
-0.003
-0.007
-0.014
-0.023
-0.03
-0.036
-0.043
-0.049
-0.053
-0.055
-0.056
-0.058
-0.06
-0.061
-0.061
-0.061
-0.061
-0.06
-0.058
-0.057
-0.055
-0.052
-0.05
-0.049
-0.048
-0.047
-0.046
-0.044
-0.043
-0.041
-0.039
-0.038
-0.037
-0.035
-0.034
-0.033
-0.033
-0.033
-0.034
-0.034
-0.035
-0.036
-0.036
-0.036
-0.036
-0.036
-0.036
-0.037
-0.037
-0.037
-0.038
-0.039
-0.042
-0.042
-0.033
-0.019
-0.002
0.026
0.067
0.124
0.203
0.301
0.419
0.553
0.679
0.759
0.765
0.714
0.57
0.388
0.215
0.085
0.035
0.018
0.009
0.004
-0.013
-0.04
-0.05
-0.057
-0.061
-0.064
-0.066
-0.068
-0.068
-0.069
-0.07
-0.072
-0.075
-0.074
-0.067
-0.059
-0.05
-0.039
-0.033
-0.028
-0.024
-0.022
-0.021
-0.021
-0.023
-0.024
-0.026
-0.028
-0.029
-0.026
-0.018
-0.009
0.0
0.008
0.015
0.023
0.029
0.033
0.037
0.041
0.045
0.05
0.054
0.057
0.059
0.062
0.063
0.065
0.067
0.068
0.07
0.071
0.074
0.075
0.076
0.076
0.076
0.075
0.073
0.07
0.066
0.059
0.043
0.033
0.027
0.022
0.016
0.009
-0.002
-0.017
-0.026
-0.031
-0.036
-0.041
-0.046
-0.057
-0.069
-0.075
-0.079
-0.081
-0.081
-0.077
-0.072
-0.067
-0.06
-0.055
-0.051
-0.047
-0.043
-0.04
-0.043
-0.048
-0.051
-0.054
-0.056
-0.058
-0.059
-0.06
-0.061
-0.061
-0.061
-0.06
-0.059
-0.057
-0.055
-0.053
-0.052
-0.049
-0.044
-0.04
-0.038
-0.037
-0.035
-0.033
-0.031
-0.031
-0.032
-0.033
-0.035
-0.028
-0.023
-0.02
-0.017
-0.016
-0.016
-0.017
-0.018
-0.02
-0.023
-0.025
-0.027
-0.029
-0.031
-0.033
-0.034
-0.034
-0.035
-0.035
-0.035
-0.034
-0.033
-0.031
-0.028
-0.022
-0.012
-0.007
-0.003
-0.001
-0.005
-0.012
-0.016
-0.019
-0.022
-0.025
-0.027
-0.028
-0.029
-0.029
-0.029
-0.028
-0.027
-0.025
-0.023
-0.021
-0.018
-0.015
-0.008
-0.002
0.001
0.004
0.007
0.009
0.009
0.009
0.008
0.008
0.008
0.007
0.006
0.005
0.005
0.004
0.002
0.0
0.0
0.003
0.007
0.01
0.012
0.014
0.016
0.016
0.017
0.017
0.016
0.015
0.014
0.011
0.008
0.016
0.028
0.043
0.057
0.067
0.073
0.08
0.087
0.091
0.095
0.098
0.087
0.078
0.072
0.068
0.063
0.059
0.056
0.053
0.048
0.042
0.036
0.031
0.024
0.017
0.012
0.009
0.005
0.003
0.004
0.007
0.01
0.013
0.015
0.011
0.003
-0.005
-0.016
-0.019
-0.021
-0.023
-0.024
-0.024
-0.02
-0.015
0.002
0.034
0.083
0.153
0.258
0.393
0.54
0.671
0.728
0.72
0.626
0.46
0.278
0.121
0.023
-0.003
-0.005
0.002
0.007
-0.003
-0.023
-0.037
-0.043
-0.048
-0.038
-0.031
-0.028
-0.024
-0.022
-0.021
-0.02
-0.018
-0.017
-0.015
-0.014
-0.012
-0.011
-0.009
-0.006
-0.003
0.0
0.006
0.011
0.018
0.021
0.019
0.015
0.005
-0.014
-0.022
-0.022
-0.014
-0.006
0.002
0.012
0.026
0.043
0.061
0.077
0.088
0.094
0.098
0.099
0.1
0.101
0.102
0.103
0.103
0.104
0.104
0.105
0.106
0.107
0.108
0.109
0.11
0.11
0.112
0.114
0.115
0.116
0.116
0.113
0.109
0.105
0.097
0.083
0.075
0.069
0.061
0.049
0.032
0.014
0.006
0.001
-0.001
-0.005
-0.008
-0.011
-0.014
-0.018
-0.023
-0.028
-0.033
-0.039
-0.044
-0.05
-0.055
-0.058
-0.056
-0.053
-0.048
-0.044
-0.039
-0.035
-0.035
-0.038
-0.042
-0.046
-0.05
-0.054
-0.054
-0.048
-0.041
-0.035
-0.027
-0.024
-0.028
-0.034
-0.038
-0.041
-0.044
-0.047
-0.048
-0.049
-0.047
-0.045
-0.042
-0.039
-0.033
-0.025
-0.035
-0.048
-0.059
-0.064
-0.068
-0.071
-0.073
-0.072
-0.067
-0.059
-0.046
-0.026
-0.01
-0.001
0.007
0.015
0.027
0.043
0.069
0.113
0.182
0.278
0.399
0.53
0.641
0.691
0.69
0.635
0.507
0.348
0.19
0.065
0.0
-0.022
-0.031
-0.042
-0.051
-0.056
-0.06
-0.059
-0.051
-0.045
-0.039
-0.035
-0.035
-0.041
-0.049
-0.058
-0.068
-0.073
-0.07
-0.064
-0.054
-0.039
-0.029
-0.022
-0.019
-0.019
-0.024
-0.03
-0.036
-0.044
-0.048
-0.044
-0.037
-0.029
-0.019
-0.006
0.007
0.019
0.027
0.032
0.035
0.039
0.042
0.046
0.049
0.053
0.058
0.065
0.075
0.08
0.083
0.085
0.086
0.088
0.089
0.09
0.091
0.09
0.088
0.086
0.083
0.08
0.077
0.073
0.07
0.066
0.062
0.059
0.056
0.05
0.04
0.021
0.006
-0.005
-0.018
-0.035
-0.055
-0.074
-0.088
-0.093
-0.097
-0.098
-0.099
-0.096
-0.089
-0.083
-0.078
-0.073
-0.069
-0.064
-0.062
-0.061
-0.062
-0.063
-0.065
-0.067
-0.069
-0.07
-0.072
-0.074
-0.076
-0.077
-0.076
-0.075
-0.072
-0.07
-0.067
-0.065
-0.062
-0.059
-0.056
-0.053
-0.051
-0.05
-0.049
-0.048
-0.047
-0.046
-0.045
-0.045
-0.044
-0.044
-0.041
-0.038
-0.036
-0.038
-0.043
-0.049
-0.053
-0.056
-0.059
-0.062
-0.064
-0.065
-0.065
-0.064
-0.061
-0.059
-0.057
-0.056
-0.055
-0.053
-0.052
-0.05
-0.049
-0.048
-0.048
-0.047
-0.045
-0.044
-0.042
-0.041
-0.04
-0.04
-0.039
-0.038
-0.036
-0.035
-0.034
-0.033
-0.031
-0.028
-0.024
-0.02
-0.018
-0.019
-0.02
-0.022
-0.025
-0.027
-0.031
-0.035
-0.035
-0.032
-0.029
-0.026
-0.023
-0.02
-0.018
-0.017
-0.016
-0.017
-0.019
-0.021
-0.024
-0.028
-0.035
-0.035
-0.025
-0.015
-0.002
0.011
0.023
0.034
0.042
0.047
0.051
0.055
0.059
0.062
0.066
0.069
0.071
0.073
0.076
0.079
0.08
0.08
0.077
0.072
0.066
0.06
0.055
0.048
0.04
0.032
0.024
0.015
0.002
-0.013
-0.019
-0.023
-0.027
-0.029
-0.029
-0.024
-0.018
-0.007
0.004
0.01
0.013
0.015
0.015
0.01
0.003
-0.002
-0.008
-0.013
-0.017
-0.017
-0.014
-0.009
0.0
0.029
0.1
0.205
0.35
0.525
0.699
0.825
0.862
0.784
0.612
0.403
0.208
0.069
0.017
-0.001
-0.012
-0.026
-0.045
-0.061
-0.071
-0.071
-0.056
-0.034
-0.014
-0.006
-0.001
0.002
0.003
0.001
-0.004
-0.012
-0.026
-0.042
-0.05
-0.055
-0.059
-0.059
-0.054
