0.047
0.044
0.038
0.03
0.023
0.017
0.011
0.004
-0.001
-0.005
-0.008
-0.009
-0.007
-0.004
0.0
0.006
0.014
0.031
0.062
0.107
0.166
0.247
0.361
0.508
0.682
0.874
1.056
1.176
1.188
1.134
0.945
0.691
0.43
0.214
0.067
-0.019
-0.061
-0.077
-0.078
-0.064
-0.02
0.037
0.07
0.082
0.086
0.084
0.079
0.077
0.076
0.074
0.073
0.071
0.068
0.064
0.06
0.056
0.051
0.045
0.038
0.027
0.006
-0.006
-0.016
-0.025
-0.03
-0.031
-0.022
-0.007
0.016
0.052
0.082
0.113
0.136
0.151
0.162
0.171
0.178
0.183
0.187
0.191
0.195
0.2
0.206
0.211
0.214
0.216
0.218
0.22
0.222
0.224
0.226
0.228
0.231
0.234
0.237
0.238
0.238
0.236
0.235
0.233
0.23
0.227
0.223
0.219
0.215
0.211
0.207
0.199
0.177
0.16
0.149
0.142
0.136
0.13
0.122
0.114
0.107
0.099
0.087
0.07
0.059
0.052
0.047
0.043
0.04
0.037
0.033
0.029
0.025
0.02
0.016
0.01
0.002
-0.003
-0.002
0.007
0.021
0.038
0.06
0.071
0.077
0.081
0.084
0.086
0.087
0.088
0.088
0.086
0.083
0.079
0.074
0.069
0.065
0.059
0.052
0.048
0.045
0.046
0.05
0.056
0.062
0.068
0.077
0.084
0.085
0.077
0.067
0.058
0.05
0.041
0.033
0.026
0.02
0.015
0.011
0.008
0.005
0.002
0.0
-0.003
-0.006
-0.009
-0.013
-0.017
-0.021
-0.025
-0.028
-0.031
-0.034
-0.037
-0.04
-0.042
-0.044
-0.046
-0.048
-0.051
-0.053
-0.055
-0.057
-0.059
-0.061
-0.063
-0.065
-0.066
-0.067
-0.068
-0.069
-0.07
-0.07
-0.071
-0.072
-0.073
-0.075
-0.078
-0.081
-0.082
-0.082
-0.08
-0.078
-0.076
-0.075
-0.074
-0.073
-0.071
-0.069
-0.067
-0.066
-0.066
-0.066
-0.065
-0.065
-0.065
-0.064
-0.064
-0.064
-0.063
-0.062
-0.061
-0.06
-0.058
-0.057
-0.056
-0.055
-0.053
-0.051
-0.05
-0.049
-0.047
-0.045
-0.042
-0.04
-0.036
-0.032
-0.029
-0.025
-0.021
-0.016
-0.011
-0.004
0.006
0.027
0.047
0.055
0.059
0.063
0.067
0.071
0.075
0.078
0.08
0.082
0.084
0.085
0.086
0.087
0.087
0.087
0.086
0.083
0.08
0.077
0.073
0.07
0.067
0.064
0.061
0.058
0.056
0.053
0.051
0.048
0.044
0.039
0.034
0.029
0.025
0.021
0.019
0.016
0.014
0.013
0.012
0.011
0.01
0.007
-0.001
0.0
0.012
0.044
0.089
0.157
0.25
0.375
0.529
0.703
0.881
1.025
1.072
1.055
0.921
0.694
0.435
0.197
0.019
-0.093
-0.147
-0.168
-0.168
-0.153
-0.132
-0.096
-0.076
-0.07
-0.064
-0.06
-0.057
-0.054
-0.052
-0.05
-0.049
-0.047
-0.045
-0.043
-0.041
-0.04
-0.04
-0.039
-0.038
-0.037
-0.034
-0.032
-0.03
-0.027
-0.025
-0.022
-0.018
-0.014
-0.01
-0.005
-0.001
0.001
0.005
0.009
0.013
0.017
0.022
0.029
0.037
0.048
0.06
0.07
0.081
0.09
0.098
0.105
0.111
0.116
0.12
0.125
0.129
0.132
0.133
0.132
0.129
0.126
0.123
0.12
0.118
0.116
0.113
0.109
0.106
0.103
0.101
0.098
0.096
0.094
0.091
0.087
0.083
0.078
0.071
0.058
0.044
0.029
0.011
-0.009
-0.024
-0.036
-0.046
-0.058
-0.07
-0.085
-0.1
-0.107
-0.109
-0.11
-0.111
-0.113
-0.114
-0.115
-0.116
-0.117
-0.118
-0.119
-0.119
-0.119
-0.119
-0.118
-0.118
-0.118
-0.117
-0.116
-0.114
-0.112
-0.11
-0.108
-0.105
-0.103
-0.1
-0.097
-0.093
-0.09
-0.088
-0.085
-0.081
-0.076
-0.07
-0.065
-0.063
-0.064
-0.066
-0.069
-0.072
-0.075
-0.076
-0.079
-0.082
-0.085
-0.087
-0.089
-0.09
-0.091
-0.091
-0.091
-0.09
-0.088
-0.086
-0.083
-0.08
-0.077
-0.074
-0.069
-0.064
-0.064
-0.07
-0.077
-0.083
-0.088
-0.094
-0.098
-0.1
-0.099
-0.096
-0.091
-0.085
-0.08
-0.074
-0.067
-0.062
-0.061
-0.062
-0.065
-0.068
-0.07
-0.073
-0.077
-0.08
-0.081
-0.079
-0.074
-0.07
-0.067
-0.064
-0.062
-0.059
-0.057
-0.053
-0.05
-0.047
-0.045
-0.043
-0.042
-0.042
-0.042
-0.041
-0.042
-0.042
-0.043
-0.043
-0.042
-0.041
-0.039
-0.037
-0.035
-0.034
-0.031
-0.028
-0.024
-0.02
-0.016
-0.013
-0.011
-0.008
-0.006
-0.004
-0.002
-0.001
0.0
0.001
0.004
0.006
0.009
0.012
0.014
0.016
0.018
0.019
0.02
0.022
0.023
0.025
0.026
0.028
0.031
0.035
0.04
0.046
0.053
0.059
0.064
0.07
0.076
0.081
0.086
0.091
0.096
0.1
0.103
0.103
0.099
0.093
0.086
0.078
0.07
0.061
0.052
0.044
0.039
0.035
0.031
0.029
0.028
0.027
0.026
0.026
0.025
0.025
0.024
0.023
0.021
0.02
0.018
0.016
0.014
0.013
0.012
0.01
0.008
0.006
0.0
-0.004
-0.006
-0.004
0.003
0.015
0.05
0.113
0.197
0.307
0.449
0.621
0.818
1.012
1.165
1.206
1.189
1.057
0.841
0.582
0.327
0.132
0.043
0.011
0.01
0.023
0.037
0.048
0.047
0.029
0.019
0.012
0.005
0.0
-0.001
-0.002
-0.003
-0.004
-0.004
-0.002
0.0
0.005
0.011
0.018
0.025
0.033
0.045
0.057
0.065
0.072
0.076
0.079
0.083
0.086
0.09
0.092
0.095
0.097
0.1
0.103
0.106
0.109
0.111
0.114
0.117
0.121
0.125
0.131
0.139
0.147
0.155
0.162
0.169
0.176
0.182
0.188
0.195
0.201
0.208
0.215
0.222
0.228
0.233
0.238
0.244
0.248
0.252
0.253
0.252
0.249
0.245
0.239
0.232
0.222
0.203
0.183
0.168
0.158
0.148
0.138
0.129
0.12
0.11
0.099
0.088
0.078
0.068
0.052
0.034
0.032
0.03
0.028
0.027
0.026
0.027
0.029
0.03
0.031
0.033
0.034
0.028
0.019
0.015
0.011
0.008
0.005
0.002
0.001
0.0
0.0
0.001
0.003
0.005
0.008
0.011
0.013
0.014
0.014
0.015
0.016
0.017
0.019
0.02
0.021
0.022
0.023
0.025
0.027
0.027
0.027
0.027
0.026
0.026
0.026
0.026
0.026
0.026
0.026
0.026
0.027
0.028
0.028
0.028
0.027
0.026
0.025
0.023
0.022
0.02
0.018
0.016
0.015
0.014
0.013
0.012
0.011
0.01
0.008
0.006
0.004
0.001
-0.001
-0.004
-0.007
-0.009
-0.011
-0.012
-0.014
-0.016
-0.018
-0.02
-0.023
-0.026
-0.029
-0.033
-0.037
-0.04
-0.043
-0.045
-0.046
-0.046
-0.047
-0.047
-0.046
-0.046
-0.047
-0.048
-0.05
-0.051
-0.053
-0.055
-0.056
-0.057
-0.057
-0.056
-0.055
-0.053
-0.051
-0.049
-0.047
-0.045
-0.043
-0.042
-0.041
-0.041
-0.039
-0.036
-0.033
-0.031
-0.03
-0.031
-0.033
-0.035
-0.036
-0.037
-0.038
-0.04
-0.042
-0.045
-0.047
-0.048
-0.049
-0.049
-0.048
-0.047
-0.045
-0.042
-0.038
-0.035
-0.032
-0.03
-0.027
-0.02
-0.015
-0.012
-0.009
-0.007
-0.006
-0.005
-0.002
0.001
0.006
0.013
0.024
0.046
0.06
0.067
0.073
0.076
0.075
0.07
0.063
0.056
0.05
0.044
0.038
0.032
0.025
0.019
0.013
0.007
0.0
-0.009
-0.017
-0.022
-0.025
-0.027
-0.028
-0.029
-0.03
-0.032
-0.034
-0.036
-0.039
-0.042
-0.045
-0.049
-0.052
-0.055
-0.059
-0.064
-0.069
-0.074
-0.076
-0.076
-0.075
-0.072
-0.066
-0.049
-0.006
0.054
0.14
0.255
0.401
0.576
0.77
0.956
1.09
1.136
1.074
0.916
0.69
0.439
0.207
0.031
-0.068
-0.092
-0.1
-0.085
-0.075
-0.071
-0.067
-0.064
-0.062
-0.061
-0.06
-0.06
-0.061
-0.062
-0.063
-0.064
-0.067
-0.07
-0.073
-0.076
-0.078
-0.078
-0.077
-0.073
-0.068
-0.063
-0.059
-0.054
-0.048
-0.042
-0.035
-0.029
-0.023
-0.018
-0.011
-0.001
0.007
0.013
0.018
0.022
0.025
0.028
0.032
0.037
0.042
0.047
0.053
0.062
0.076
0.089
0.101
0.113
0.126
0.135
0.141
0.147
0.152
0.153
0.153
0.153
0.152
0.152
0.152
0.151
0.151
0.15
0.148
0.146
0.144
0.141
0.137
0.133
0.128
0.122
0.114
0.101
0.089
0.081
0.074
0.064
0.05
0.033
0.015
-0.001
-0.016
-0.025
-0.031
-0.035
-0.039
-0.043
-0.046
-0.048
-0.05
-0.052
-0.054
-0.055
-0.056
-0.057
-0.058
-0.059
-0.059
-0.059
-0.06
-0.06
-0.06
-0.059
-0.059
-0.058
-0.057
-0.057
-0.056
-0.055
-0.054
-0.053
-0.053
-0.053
-0.052
-0.052
-0.051
-0.049
-0.048
-0.047
-0.047
-0.047
-0.048
-0.047
-0.046
-0.045
-0.045
-0.045
-0.044
-0.044
-0.044
-0.043
-0.043
-0.043
-0.044
-0.043
-0.042
-0.039
-0.036
-0.034
-0.034
-0.036
-0.038
-0.041
-0.043
-0.046
-0.048
-0.05
-0.053
-0.055
-0.056
-0.056
-0.057
-0.057
-0.058
-0.06
-0.061
-0.063
-0.065
-0.064
-0.061
-0.057
-0.056
-0.054
-0.053
-0.051
-0.05
-0.049
-0.048
-0.048
-0.048
-0.048
-0.049
-0.051
-0.052
-0.054
-0.056
-0.057
-0.059
-0.062
-0.065
-0.066
-0.066
-0.065
-0.064
-0.062
-0.059
-0.055
-0.052
-0.052
-0.054
-0.054
-0.054
-0.055
-0.056
-0.057
-0.058
-0.06
-0.061
-0.062
-0.063
-0.062
-0.062
-0.06
-0.059
-0.059
-0.058
-0.059
-0.059
-0.059
-0.06
-0.061
-0.062
-0.063
-0.064
-0.065
-0.065
-0.064
-0.063
-0.063
-0.063
-0.063
-0.062
-0.062
-0.061
-0.061
-0.061
-0.06
-0.058
-0.055
-0.05
-0.045
-0.04
-0.035
-0.03
-0.024
-0.019
-0.013
-0.009
-0.004
0.0
0.003
0.006
0.009
0.013
0.016
0.018
0.02
0.021
0.022
0.023
0.023
0.022
0.021
0.019
0.017
0.014
0.013
0.011
0.009
0.006
0.004
0.001
-0.002
-0.005
-0.009
-0.012
-0.016
-0.018
-0.019
-0.02
-0.02
-0.019
-0.019
-0.018
-0.017
-0.017
-0.018
-0.018
-0.019
-0.021
-0.022
-0.022
-0.021
-0.019
-0.016
-0.012
-0.007
0.002
0.025
0.072
0.15
0.27
0.432
0.622
0.827
1.023
1.168
1.221
1.158
0.985
0.726
0.438
0.187
0.022
-0.026
-0.042
-0.027
-0.01
0.003
0.004
-0.003
-0.01
-0.016
-0.019
-0.017
-0.015
-0.012
-0.01
-0.01
-0.01
-0.011
-0.011
-0.011
-0.01
-0.009
-0.009
-0.009
-0.01
-0.011
-0.012
-0.013
-0.014
-0.015
-0.017
-0.003
0.01
0.021
0.03
0.038
0.043
0.047
0.052
0.056
0.06
0.063
0.066
0.069
0.073
0.083
0.103
0.114
0.118
0.121
0.124
0.127
0.13
0.133
0.136
0.138
0.14
0.142
0.145
0.147
0.149
0.152
0.155
0.158
0.162
0.165
0.168
0.169
0.169
0.168
0.166
0.163
0.158
0.153
0.144
0.127
0.11
0.089
0.063
0.041
0.026
0.012
0.003
-0.002
-0.008
-0.013
-0.018
-0.022
-0.026
-0.032
-0.041
-0.055
-0.067
-0.074
-0.079
-0.082
-0.085
-0.086
-0.086
-0.084
-0.08
-0.076
-0.071
-0.066
-0.059
-0.052
-0.049
-0.051
-0.054
-0.056
-0.057
-0.057
-0.058
-0.06
-0.061
-0.062
-0.063
-0.064
-0.064
-0.065
-0.066
-0.066
-0.066
-0.066
-0.064
-0.063
-0.061
-0.059
-0.057
-0.055
-0.054
-0.052
-0.051
-0.049
-0.048
-0.046
-0.042
-0.038
-0.035
-0.034
-0.035
-0.039
-0.044
-0.048
-0.052
-0.057
-0.062
-0.065
-0.064
-0.061
-0.057
-0.052
-0.048
-0.043
-0.038
-0.035
-0.034
-0.033
-0.032
-0.03
-0.026
-0.027
-0.036
-0.048
-0.059
-0.063
-0.064
-0.065
-0.066
-0.066
-0.067
-0.068
-0.068
-0.069
-0.069
-0.07
-0.07
-0.069
-0.067
-0.065
-0.064
-0.063
-0.062
-0.06
-0.059
-0.057
-0.056
-0.054
-0.053
-0.05
-0.046
-0.043
-0.042
-0.045
-0.05
-0.055
-0.061
-0.068
-0.073
-0.069
-0.063
-0.061
-0.059
-0.056
-0.054
-0.052
-0.05
-0.048
-0.046
-0.043
-0.042
-0.04
-0.039
-0.039
-0.039
-0.039
-0.039
-0.038
-0.037
-0.036
-0.035
-0.034
-0.033
-0.032
-0.032
-0.032
-0.032
-0.032
-0.032
-0.033
-0.033
-0.034
-0.033
-0.033
-0.032
-0.031
-0.03
-0.028
-0.027
-0.026
-0.023
-0.021
-0.018
-0.01
0.01
0.022
0.029
0.034
0.037
0.039
0.041
0.042
0.044
0.046
0.045
0.039
0.034
0.031
0.027
0.021
0.012
0.003
-0.005
-0.014
-0.023
-0.028
-0.032
-0.035
-0.036
-0.037
-0.038
-0.04
-0.042
-0.044
-0.046
-0.048
-0.049
-0.051
-0.051
-0.051
-0.051
-0.05
-0.049
-0.048
-0.046
-0.045
-0.043
-0.041
-0.038
-0.034
-0.026
-0.003
0.04
0.106
0.2
0.328
0.492
0.683
0.879
1.04
1.097
1.087
0.972
0.767
0.521
0.286
0.1
-0.025
-0.1
-0.129
-0.139
-0.131
-0.105
-0.063
-0.041
-0.037
-0.034
-0.032
-0.031
-0.029
-0.028
-0.025
-0.023
-0.02
-0.018
-0.016
-0.015
-0.012
-0.009
-0.003
0.01
0.024
0.031
0.035
0.038
0.041
0.043
0.046
0.049
0.052
0.054
0.057
0.059
0.062
0.065
0.068
0.072
0.08
0.088
0.093
0.099
0.11
0.124
0.131
0.135
0.138
0.142
0.145
0.15
0.155
0.16
0.166
0.176
0.182
0.184
0.186
0.187
0.188
0.19
0.191
0.192
0.192
0.192
0.192
0.19
0.188
0.185
0.18
0.175
0.167
0.153
0.141
0.13
0.118
0.102
0.088
0.076
0.065
0.056
0.047
0.04
0.032
0.023
0.014
-0.002
-0.027
-0.046
-0.06
-0.073
-0.081
-0.087
-0.091
-0.092
-0.088
-0.08
-0.071
-0.063
-0.054
-0.046
-0.042
-0.04
-0.038
-0.036
-0.034
-0.031
-0.028
-0.027
-0.026
-0.026
-0.026
-0.026
-0.027
-0.028
-0.03
-0.031
-0.027
-0.022
-0.019
-0.017
-0.015
-0.014
-0.013
-0.011
-0.009
-0.006
-0.004
-0.002
0.0
0.002
0.004
0.006
0.007
0.009
0.011
0.013
0.016
0.02
0.024
0.027
0.029
0.029
0.027
0.025
0.021
0.017
0.013
0.009
0.005
0.001
-0.002
-0.005
-0.008
-0.009
-0.008
-0.007
-0.004
-0.002
0.0
0.003
0.005
0.007
0.01
0.012
0.015
0.016
0.016
0.015
0.014
0.012
0.011
0.009
0.008
0.006
0.004
0.002
0.001
0.0
0.0
0.0
0.0
0.0
0.0
0.002
0.004
0.007
0.009
0.009
0.007
0.005
0.004
0.003
0.002
0.0
-0.001
-0.003
-0.004
-0.004
-0.004
-0.004
-0.004
-0.003
0.0
0.002
0.006
0.009
0.012
0.014
0.016
0.019
0.021
0.023
0.024
0.025
0.025
0.026
0.028
0.029
0.03
0.031
0.033
0.037
0.026
0.016
0.007
0.004
0.009
0.019
0.028
0.036
0.042
0.048
0.052
0.055
0.057
0.059
0.062
0.065
0.067
0.069
0.072
0.075
0.078
0.081
0.084
0.087
0.09
0.094
0.101
0.108
0.114
0.115
0.111
0.105
0.098
0.093
0.088
0.083
0.078
0.074
0.069
0.064
0.06
0.056
0.052
0.047
0.041
0.035
0.031
0.031
0.034
0.039
0.044
0.048
0.052
0.056
0.06
0.062
0.061
0.059
0.056
0.051
0.046
0.037
0.038
0.053
0.073
0.103
0.163
0.252
0.376
0.535
0.724
0.923
1.089
1.155
1.148
1.051
0.87
0.648
0.432
0.251
0.119
0.03
-0.018
-0.036
-0.035
-0.015
-0.004
0.004
0.011
0.016
0.02
0.021
0.021
0.019
0.017
0.015
0.013
0.01
0.005
0.0
-0.004
-0.005
-0.001
0.003
0.008
0.01
0.013
0.015
0.018
0.021
0.024
0.027
0.029
0.031
0.033
0.035
0.037
0.038
0.04
0.041
0.044
0.049
0.054
0.06
0.067
0.075
0.082
0.086
0.09
0.094
0.098
0.101
0.104
0.106
0.109
0.111
0.113
0.114
0.115
0.115
0.114
0.114
0.114
0.113
0.112
0.11
0.109
0.107
0.105
0.102
0.1
0.096
0.093
0.087
0.079
0.071
0.062
0.051
0.036
0.016
-0.007
-0.031
-0.055
-0.079
-0.095
-0.108
-0.117
-0.123
-0.126
-0.128
-0.129
-0.13
-0.13
-0.13
-0.13
-0.13
-0.13
-0.13
-0.13
-0.131
-0.131
-0.132
-0.133
-0.134
-0.134
-0.135
-0.136
-0.137
-0.137
-0.137
-0.137
-0.138
-0.138
-0.138
-0.137
-0.137
-0.137
-0.137
-0.138
-0.138
-0.137
-0.136
-0.134
-0.132
-0.129
-0.127
-0.124
-0.122
-0.12
-0.119
-0.118
-0.117
-0.117
-0.117
-0.117
-0.116
-0.116
-0.116
-0.116
-0.116
-0.115
-0.115
-0.114
-0.114
-0.113
-0.113
-0.113
-0.113
-0.113
-0.114
-0.115
-0.116
-0.117
-0.118
-0.118
-0.117
-0.116
-0.115
-0.114
-0.114
-0.113
-0.112
-0.112
-0.112
-0.112
-0.113
-0.113
-0.113
-0.112
-0.111
-0.109
-0.108
-0.107
-0.106
-0.103
-0.101
-0.098
-0.096
-0.094
-0.09
-0.085
-0.081
-0.078
-0.077
-0.079
-0.083
-0.086
-0.089
-0.093
-0.101
-0.106
-0.1
-0.088
-0.084
-0.082
-0.08
-0.077
-0.075
-0.074
-0.072
-0.069
-0.067
-0.066
-0.065
-0.064
-0.064
-0.063
-0.062
-0.06
-0.058
-0.057
-0.056
-0.055
-0.054
-0.052
-0.05
-0.049
-0.048
-0.047
-0.046
-0.045
-0.043
-0.041
-0.038
-0.035
-0.032
-0.029
-0.025
-0.022
-0.019
-0.017
-0.016
-0.014
-0.013
-0.011
-0.01
-0.009
-0.008
-0.006
-0.003
0.0
0.005
0.009
0.013
0.017
0.022
0.026
0.031
0.036
0.04
0.044
0.049
0.056
0.062
0.068
0.071
0.071
0.07
0.067
0.064
0.061
0.057
0.053
0.049
0.045
0.042
0.039
0.036
0.033
0.03
0.026
0.023
0.02
0.019
0.017
0.016
0.014
0.011
0.009
0.007
0.005
0.002
0.0
-0.002
-0.003
-0.005
-0.006
-0.007
-0.009
-0.012
-0.018
-0.027
-0.026
-0.01
0.032
0.124
0.259
0.433
0.634
0.842
1.03
1.154
1.17
1.126
0.965
0.731
0.474
0.256
0.103
0.028
0.0
-0.007
-0.01
-0.012
-0.014
-0.015
-0.016
-0.016
-0.016
-0.016
-0.016
-0.017
-0.017
-0.017
-0.017
-0.017
-0.016
-0.015
-0.013
-0.012
-0.009
-0.006
-0.002
0.001
0.006
0.009
0.013
0.017
0.02
0.024
0.029
0.034
0.04
0.045
0.05
0.054
0.057
0.06
0.064
0.067
0.072
0.076
0.082
0.09
0.098
0.11
0.121
0.127
0.131
0.136
0.14
0.143
0.146
0.148
0.151
0.152
0.154
0.156
0.156
0.156
0.156
0.156
0.155
0.153
0.151
0.148
0.145
0.141
0.138
0.135
0.131
0.126
0.122
0.117
0.111
0.097
0.084
0.076
0.069
0.056
0.034
0.016
0.002
-0.01
-0.021
-0.03
-0.037
-0.042
-0.045
-0.047
-0.048
-0.05
-0.052
-0.053
-0.054
-0.054
-0.054
-0.053
-0.051
-0.049
-0.046
-0.042
-0.039
-0.036
-0.033
-0.032
-0.031
-0.03
-0.03
-0.029
-0.027
-0.025
-0.022
-0.02
-0.018
-0.015
-0.012
-0.009
-0.006
-0.003
-0.001
0.002
0.006
0.014
0.023
0.028
0.031
0.034
0.036
0.038
0.04
0.041
0.042
0.042
0.043
0.044
0.046
0.048
0.049
0.05
0.05
0.05
0.051
0.052
0.053
0.055
0.058
0.065
0.069
0.065
0.057
0.053
0.05
0.047
0.045
0.044
0.044
0.045
0.046
0.047
0.048
0.049
0.05
0.051
0.051
0.052
0.052
0.052
0.053
0.053
0.053
0.053
0.053
0.051
0.051
0.05
0.049
0.049
0.048
0.048
0.047
0.045
0.044
0.043
0.042
0.042
0.042
0.042
0.042
0.042
0.042
0.042
0.04
0.038
0.036
0.036
0.036
0.038
0.04
0.042
0.045
0.048
0.048
0.041
0.033
0.03
0.028
0.026
0.023
0.021
0.018
0.016
0.014
0.012
0.011
0.009
0.008
0.007
0.006
0.006
0.006
0.005
0.004
0.003
0.001
0.0
-0.003
-0.005
-0.009
-0.012
-0.018
-0.031
-0.044
-0.051
-0.056
-0.061
-0.064
-0.065
-0.065
-0.06
-0.054
-0.046
-0.039
-0.034
-0.028
-0.023
-0.017
-0.011
-0.007
-0.004
-0.003
-0.001
0.0
0.0
0.0
0.0
0.001
0.002
0.003
0.004
0.004
0.0
-0.006
-0.014
-0.023
-0.034
-0.047
-0.062
-0.069
-0.074
-0.078
-0.082
-0.085
-0.088
-0.091
-0.094
-0.097
-0.1
-0.103
-0.106
-0.108
-0.11
-0.112
-0.115
-0.118
-0.121
-0.124
-0.127
-0.129
-0.13
-0.13
-0.13
-0.128
-0.124
-0.118
-0.11
-0.075
-0.001
0.108
0.255
0.438
0.646
0.85
1.006
1.067
1.008
0.839
0.597
0.327
0.09
-0.068
-0.107
-0.118
-0.126
-0.129
-0.131
-0.131
-0.131
-0.13
-0.13
-0.128
-0.127
-0.126
-0.13
-0.14
-0.15
-0.163
-0.167
-0.167
-0.168
-0.17
-0.157
-0.14
-0.126
-0.111
-0.104
-0.099
-0.096
-0.093
-0.09
-0.087
-0.083
-0.079
-0.076
-0.072
-0.069
-0.065
-0.06
-0.055
-0.046
-0.037
-0.032
-0.029
-0.025
-0.021
-0.017
-0.012
-0.005
0.001
0.01
0.021
0.036
0.059
0.077
0.085
0.089
0.093
0.097
0.1
0.103
0.106
0.107
0.108
0.108
0.108
0.108
0.107
0.105
0.103
0.1
0.097
0.093
0.089
0.085
0.079
0.067
0.056
0.047
0.037
0.028
0.018
0.009
0.0
-0.008
-0.018
-0.028
-0.043
-0.066
-0.078
-0.085
-0.09
-0.094
-0.096
-0.097
-0.097
-0.096
-0.095
-0.094
-0.093
-0.091
-0.09
-0.091
-0.094
-0.096
-0.099
-0.101
-0.096
-0.086
-0.08
-0.075
-0.071
-0.068
-0.065
-0.063
-0.061
-0.059
-0.057
-0.054
-0.052
-0.05
-0.048
-0.046
-0.044
-0.042
-0.039
-0.036
-0.034
-0.032
-0.03
-0.028
-0.026
-0.023
-0.022
-0.021
-0.02
-0.02
-0.019
-0.017
-0.016
-0.016
-0.016
-0.015
-0.014
-0.01
-0.01
-0.017
-0.022
-0.027
-0.031
-0.033
-0.031
-0.025
-0.019
-0.014
-0.008
-0.002
-0.002
-0.006
-0.011
-0.012
-0.013
-0.014
-0.016
-0.017
-0.019
-0.02
-0.021
-0.022
-0.024
-0.025
-0.026
-0.026
-0.026
-0.026
-0.026
-0.026
-0.026
-0.025
-0.025
-0.024
-0.023
-0.023
-0.023
-0.023
-0.022
-0.02
-0.019
-0.018
-0.018
-0.018
-0.017
-0.015
-0.013
-0.01
-0.009
-0.008
-0.009
-0.01
-0.012
-0.013
-0.014
-0.017
-0.02
-0.023
-0.024
-0.024
-0.022
-0.018
-0.015
-0.012
-0.01
-0.008
-0.006
-0.003
-0.002
0.0
0.0
-0.001
-0.002
-0.003
-0.005
-0.007
-0.01
-0.017
-0.017
-0.008
-0.004
-0.001
0.0
0.002
0.002
0.002
0.003
0.003
0.004
0.005
0.004
0.004
0.004
0.005
0.006
0.007
0.008
0.008
0.009
0.01
0.012
0.015
0.019
0.023
0.028
0.042
0.068
0.084
0.096
0.106
0.112
0.118
0.122
0.123
0.117
0.107
0.095
0.077
0.061
0.052
0.047
0.042
0.038
0.035
0.033
0.032
0.031
0.03
0.029
0.028
0.027
0.026
0.025
0.023
0.021
0.019
0.017
0.014
0.011
0.007
0.002
-0.004
-0.013
-0.02
-0.02
-0.021
-0.022
-0.023
-0.021
-0.011
0.015
0.056
0.124
0.225
0.359
0.53
0.736
0.959
1.153
1.239
1.227
1.085
0.827
0.535
0.268
0.072
-0.039
-0.067
-0.077
-0.081
-0.081
-0.074
-0.064
-0.057
-0.051
-0.046
-0.041
-0.036
-0.032
-0.027
-0.022
-0.018
-0.014
-0.009
-0.004
-0.001
0.0
0.0
0.001
0.001
0.001
0.001
0.002
0.003
0.005
0.006
0.007
0.008
0.009
0.01
0.013
0.017
0.022
0.034
0.054
0.062
0.066
0.069
0.072
0.074
0.077
0.081
0.084
0.088
0.092
0.099
0.113
0.137
0.148
0.156
0.16
0.161
0.157
0.153
0.147
0.14
0.141
0.152
0.16
0.166
0.171
0.174
0.175
0.176
0.177
0.18
0.184
0.168
0.14
0.116
0.103
0.095
0.085
0.074
0.061
0.045
0.029
0.016
0.008
0.0
-0.01
-0.023
-0.04
-0.061
-0.076
-0.084
-0.09
-0.094
-0.097
-0.099
-0.101
-0.103
-0.104
-0.104
-0.105
-0.105
-0.107
-0.108
-0.108
-0.107
-0.101
-0.094
-0.089
-0.085
-0.083
-0.08
-0.077
-0.075
-0.073
-0.072
-0.071
-0.07
-0.069
-0.067
-0.066
-0.064
-0.063
-0.062
-0.061
-0.06
-0.058
-0.057
-0.056
-0.056
-0.056
-0.055
-0.053
-0.052
-0.051
-0.05
-0.049
-0.048
-0.047
-0.045
-0.043
-0.042
-0.041
-0.04
-0.039
-0.038
-0.037
-0.036
-0.036
-0.036
-0.035
-0.034
-0.032
-0.031
-0.031
-0.031
-0.031
-0.031
-0.029
-0.028
-0.027
-0.027
-0.027
-0.027
-0.028
-0.028
-0.029
-0.031
-0.033
-0.036
-0.038
-0.039
-0.041
-0.042
-0.042
-0.043
-0.044
-0.044
-0.043
-0.042
-0.041
-0.04
-0.039
-0.038
-0.038
-0.037
-0.037
-0.036
-0.036
-0.037
-0.037
-0.037
-0.037
-0.037
-0.036
-0.036
-0.035
-0.035
-0.035
-0.035
-0.036
-0.036
-0.037
-0.038
-0.038
-0.039
-0.039
-0.04
-0.04
-0.04
-0.041
-0.041
-0.041
-0.04
-0.04
-0.04
-0.04
-0.041
-0.041
-0.041
-0.04
-0.038
-0.037
-0.036
-0.035
-0.033
-0.031
-0.029
