0.145
0.177
0.203
0.22
0.224
0.229
0.231
0.229
0.215
0.2
0.183
0.168
0.153
0.137
0.117
0.102
0.09
0.08
0.072
0.064
0.058
0.05
0.044
0.042
0.045
0.053
0.068
0.112
0.17
0.231
0.296
0.361
0.414
0.431
0.419
0.383
0.296
0.187
0.066
-0.052
-0.158
-0.249
-0.321
-0.36
-0.372
-0.358
-0.335
-0.306
-0.281
-0.262
-0.246
-0.237
-0.231
-0.227
-0.223
-0.221
-0.22
-0.221
-0.224
-0.228
-0.231
-0.234
-0.236
-0.239
-0.242
-0.244
-0.246
-0.247
-0.248
-0.25
-0.251
-0.253
-0.255
-0.256
-0.256
-0.256
-0.256
-0.255
-0.254
-0.252
-0.25
-0.249
-0.247
-0.245
-0.243
-0.241
-0.239
-0.237
-0.234
-0.231
-0.227
-0.221
-0.215
-0.208
-0.203
-0.199
-0.194
-0.189
-0.184
-0.176
-0.163
-0.152
-0.142
-0.129
-0.114
-0.096
-0.08
-0.068
-0.055
-0.041
-0.028
-0.016
-0.007
-0.002
0.0
0.004
0.007
0.01
0.012
0.013
0.013
0.01
0.006
0.0
-0.007
-0.018
-0.037
-0.056
-0.081
-0.11
-0.136
-0.161
-0.183
-0.21
-0.242
-0.273
-0.294
-0.307
-0.322
-0.34
-0.349
-0.355
-0.36
-0.365
-0.368
-0.371
-0.374
-0.376
-0.378
-0.38
-0.382
-0.383
-0.384
-0.384
-0.385
-0.385
-0.386
-0.387
-0.389
-0.39
-0.39
-0.391
-0.391
-0.389
-0.386
-0.381
-0.375
-0.368
-0.362
-0.356
-0.351
-0.346
-0.341
-0.336
-0.331
-0.327
-0.323
-0.32
-0.317
-0.315
-0.312
-0.31
-0.309
-0.307
-0.306
-0.304
-0.303
-0.302
-0.301
-0.3
-0.299
-0.296
-0.294
-0.292
-0.291
-0.29
-0.288
-0.286
-0.284
-0.281
-0.277
-0.272
-0.264
-0.244
-0.225
-0.211
-0.199
-0.189
-0.18
-0.172
-0.164
-0.157
-0.148
-0.139
-0.13
-0.12
-0.11
-0.1
-0.09
-0.081
-0.076
-0.072
-0.069
-0.067
-0.065
-0.064
-0.063
-0.062
-0.061
-0.061
-0.06
-0.058
-0.056
-0.055
-0.054
-0.052
-0.05
-0.048
-0.046
-0.045
-0.044
-0.043
-0.043
-0.042
-0.041
-0.039
-0.036
-0.034
-0.032
-0.029
-0.027
-0.026
-0.025
-0.025
-0.026
-0.027
-0.03
-0.033
-0.036
-0.04
-0.043
-0.046
-0.049
-0.053
-0.056
-0.061
-0.066
-0.072
-0.077
-0.083
-0.089
-0.094
-0.099
-0.102
-0.105
-0.107
-0.109
-0.112
-0.114
-0.117
-0.119
-0.121
-0.123
-0.124
-0.125
-0.126
-0.127
-0.128
-0.129
-0.129
-0.131
-0.132
-0.134
-0.136
-0.138
-0.14
-0.14
-0.141
-0.142
-0.143
-0.144
-0.145
-0.145
-0.146
-0.147
-0.149
-0.15
-0.15
-0.15
-0.149
-0.147
-0.145
-0.143
-0.14
-0.137
-0.134
-0.13
-0.128
-0.125
-0.123
-0.12
-0.117
-0.114
-0.112
-0.109
-0.107
-0.104
-0.101
-0.097
-0.094
-0.09
-0.087
-0.084
-0.079
-0.075
-0.071
-0.066
-0.062
-0.058
-0.054
-0.049
-0.043
-0.037
-0.029
-0.017
-0.006
0.002
0.009
0.014
0.019
0.024
0.027
0.03
0.03
0.027
0.021
0.014
0.005
-0.007
-0.028
-0.047
-0.061
-0.074
-0.082
-0.086
-0.089
-0.09
-0.091
-0.093
-0.093
-0.094
-0.094
-0.094
-0.094
-0.094
-0.095
-0.095
-0.094
-0.092
-0.091
-0.089
-0.087
-0.084
-0.083
-0.084
-0.088
-0.093
-0.098
-0.085
-0.044
0.005
0.069
0.143
0.223
0.297
0.351
0.369
0.359
0.33
0.248
0.142
0.028
-0.081
-0.179
-0.257
-0.293
-0.306
-0.305
-0.285
-0.255
-0.215
-0.176
-0.14
-0.107
-0.076
-0.059
-0.049
-0.041
-0.031
-0.021
-0.013
-0.008
-0.005
-0.002
0.0
0.001
0.002
0.003
0.005
0.007
0.009
0.011
0.014
0.015
0.017
0.018
0.02
0.023
0.025
0.026
0.027
0.028
0.029
0.032
0.035
0.039
0.042
0.046
0.049
0.053
0.055
0.058
0.06
0.063
0.066
0.07
0.078
0.086
0.096
0.106
0.114
0.121
0.128
0.134
0.139
0.144
0.148
0.152
0.158
0.167
0.179
0.192
0.206
0.218
0.23
0.239
0.244
0.249
0.252
0.255
0.258
0.26
0.262
0.262
0.26
0.256
0.251
0.245
0.233
0.208
0.181
0.154
0.124
0.096
0.07
0.045
0.02
-0.006
-0.024
-0.033
-0.04
-0.048
-0.057
-0.063
-0.068
-0.071
-0.075
-0.078
-0.081
-0.083
-0.086
-0.088
-0.09
-0.092
-0.094
-0.095
-0.095
-0.095
-0.094
-0.095
-0.095
-0.095
-0.095
-0.096
-0.097
-0.099
-0.101
-0.102
-0.101
-0.097
-0.093
-0.089
-0.086
-0.083
-0.08
-0.078
-0.076
-0.074
-0.073
-0.072
-0.07
-0.069
-0.067
-0.066
-0.064
-0.062
-0.06
-0.057
-0.054
-0.052
-0.05
-0.049
-0.047
-0.046
-0.045
-0.044
-0.043
-0.043
-0.042
-0.041
-0.04
-0.039
-0.039
-0.039
-0.039
-0.039
-0.039
-0.039
-0.04
-0.04
-0.04
-0.04
-0.039
-0.039
-0.038
-0.037
-0.036
-0.035
-0.034
-0.033
-0.032
-0.031
-0.03
-0.029
-0.027
-0.026
-0.024
-0.022
-0.02
-0.017
-0.014
-0.012
-0.009
-0.007
-0.005
-0.003
-0.002
0.0
0.001
0.003
0.006
0.009
0.012
0.014
0.017
0.02
0.022
0.024
0.026
0.027
0.029
0.03
0.032
0.034
0.036
0.038
0.039
0.04
0.041
0.041
0.041
0.042
0.042
0.042
0.043
0.043
0.044
0.044
0.045
0.046
0.047
0.047
0.048
0.048
0.047
0.047
0.046
0.047
0.048
0.049
0.05
0.052
0.054
0.055
0.056
0.057
0.058
0.058
0.058
0.058
0.058
0.057
0.057
0.058
0.059
0.061
0.063
0.063
0.064
0.064
0.064
0.064
0.064
0.064
0.063
0.063
0.064
0.066
0.067
0.069
0.07
0.07
0.071
0.071
0.071
0.07
0.069
0.068
0.067
0.067
0.067
0.068
0.068
0.069
0.069
0.07
0.07
0.07
0.07
0.07
0.07
0.07
0.071
0.071
0.072
0.074
0.075
0.077
0.078
0.08
0.082
0.084
0.086
0.088
0.09
0.092
0.095
0.099
0.103
0.108
0.113
0.121
0.136
0.147
0.155
0.16
0.165
0.168
0.171
0.172
0.17
0.165
0.157
0.148
0.134
0.113
0.093
0.079
0.069
0.059
0.048
0.038
0.032
0.028
0.025
0.022
0.019
0.016
0.013
0.011
0.01
0.01
0.01
0.01
0.01
0.01
0.011
0.012
0.013
0.014
0.015
0.017
0.019
0.022
0.025
0.029
0.034
0.044
0.071
0.123
0.197
0.294
0.406
0.514
0.594
0.621
0.602
0.544
0.411
0.239
0.056
-0.106
-0.222
-0.258
-0.269
-0.25
-0.191
-0.137
-0.089
-0.061
-0.038
-0.021
-0.001
0.007
0.012
0.016
0.019
0.02
0.021
0.022
0.023
0.024
0.026
0.028
0.03
0.032
0.033
0.034
0.035
0.036
0.037
0.039
0.042
0.044
0.048
0.053
0.059
0.064
0.069
0.074
0.079
0.083
0.087
0.091
0.094
0.097
0.1
0.104
0.107
0.11
0.113
0.116
0.119
0.123
0.127
0.132
0.138
0.145
0.151
0.157
0.163
0.17
0.178
0.188
0.197
0.205
0.213
0.224
0.239
0.258
0.272
0.283
0.291
0.297
0.302
0.306
0.309
0.313
0.316
0.318
0.32
0.32
0.318
0.314
0.307
0.299
0.283
0.252
0.219
0.188
0.159
0.13
0.101
0.072
0.051
0.037
0.025
0.013
0.002
-0.009
-0.021
-0.034
-0.046
-0.057
-0.066
-0.074
-0.08
-0.082
-0.083
-0.085
-0.086
-0.087
-0.088
-0.089
-0.09
-0.091
-0.092
-0.092
-0.092
-0.093
-0.093
-0.094
-0.095
-0.096
-0.097
-0.097
-0.098
-0.098
-0.098
-0.097
-0.097
-0.096
-0.096
-0.095
-0.095
-0.094
-0.093
-0.092
-0.092
-0.092
-0.092
-0.092
-0.09
-0.089
-0.087
-0.087
-0.086
-0.085
-0.085
-0.084
-0.083
-0.083
-0.083
-0.084
-0.084
-0.084
-0.084
-0.084
-0.084
-0.083
-0.083
-0.082
-0.081
-0.08
-0.079
-0.079
-0.079
-0.079
-0.079
-0.078
-0.077
-0.076
-0.075
-0.075
-0.074
-0.072
-0.07
-0.068
-0.067
-0.067
-0.067
-0.067
-0.067
-0.066
-0.065
-0.064
-0.064
-0.064
-0.063
-0.062
-0.061
-0.06
-0.06
-0.06
-0.06
-0.06
-0.059
-0.059
-0.058
-0.058
-0.058
-0.057
-0.056
-0.055
-0.053
-0.052
-0.051
-0.051
-0.05
-0.049
-0.048
-0.047
-0.046
-0.046
-0.045
-0.044
-0.043
-0.042
-0.041
-0.04
-0.039
-0.038
-0.037
-0.036
-0.035
-0.035
-0.034
-0.034
-0.034
-0.033
-0.032
-0.031
-0.03
-0.029
-0.028
-0.027
-0.025
-0.024
-0.023
-0.023
-0.022
-0.022
-0.022
-0.022
-0.021
-0.021
-0.02
-0.019
-0.018
-0.016
-0.015
-0.014
-0.013
-0.012
-0.012
-0.011
-0.011
-0.01
-0.01
-0.009
-0.008
-0.007
-0.006
-0.004
-0.002
-0.001
0.0
0.0
0.001
0.002
0.003
0.004
0.005
0.005
0.005
0.005
0.006
0.006
0.006
0.006
0.005
0.004
0.004
0.004
0.004
0.004
0.004
0.003
0.003
0.004
0.004
0.005
0.005
0.005
0.004
0.004
0.004
0.004
0.005
0.005
0.005
0.005
0.005
0.005
0.005
0.004
0.003
0.003
0.002
0.002
0.003
0.003
0.005
0.007
0.01
0.013
0.017
0.021
0.026
0.03
0.035
0.045
0.054
0.059
0.062
0.064
0.067
0.07
0.073
0.075
0.075
0.073
0.067
0.058
0.047
0.031
0.006
-0.012
-0.027
-0.039
-0.049
-0.057
-0.064
-0.068
-0.071
-0.074
-0.075
-0.077
-0.078
-0.079
-0.08
-0.08
-0.08
-0.08
-0.081
-0.081
-0.08
-0.079
-0.078
-0.076
-0.073
-0.071
-0.068
-0.064
-0.06
-0.055
-0.05
-0.039
-0.008
0.051
0.131
0.23
0.339
0.445
0.514
0.537
0.513
0.44
0.303
0.139
-0.026
-0.169
-0.271
-0.303
-0.314
-0.3
-0.259
-0.212
-0.163
-0.117
-0.07
-0.043
-0.031
-0.026
-0.022
-0.018
-0.015
-0.014
-0.012
-0.009
-0.007
-0.004
-0.002
0.0
0.001
0.003
0.005
0.008
0.011
0.014
0.018
0.022
0.026
0.03
0.034
0.037
0.04
0.044
0.047
0.05
0.053
0.057
0.061
0.065
0.068
0.072
0.076
0.079
0.082
0.085
0.087
0.09
0.092
0.094
0.097
0.101
0.109
0.117
0.127
0.137
0.145
0.153
0.161
0.17
0.179
0.188
0.196
0.203
0.21
0.217
0.225
0.233
0.24
0.245
0.249
0.254
0.259
0.263
0.265
0.266
0.265
0.263
0.26
0.256
0.251
0.245
0.234
0.215
0.198
0.176
0.148
0.117
0.088
0.059
0.031
0.006
-0.022
-0.046
-0.06
-0.072
-0.08
-0.083
-0.086
-0.088
-0.09
-0.092
-0.093
-0.095
-0.097
-0.099
-0.1
-0.101
-0.101
-0.101
-0.1
-0.1
-0.099
-0.099
-0.099
-0.098
-0.098
-0.097
-0.097
-0.096
-0.095
-0.093
-0.091
-0.089
-0.087
-0.085
-0.082
-0.08
-0.078
-0.076
-0.074
-0.073
-0.072
-0.07
-0.068
-0.065
-0.063
-0.061
-0.059
-0.057
-0.055
-0.052
-0.051
-0.049
-0.049
-0.049
-0.048
-0.047
-0.046
-0.045
-0.044
-0.043
-0.043
-0.041
-0.04
-0.039
-0.038
-0.038
-0.038
-0.039
-0.039
-0.039
-0.04
-0.04
-0.041
-0.041
-0.041
-0.04
-0.039
-0.038
-0.037
-0.037
-0.037
-0.037
-0.037
-0.036
-0.037
-0.037
-0.038
-0.038
-0.038
-0.037
-0.036
-0.035
-0.034
-0.034
-0.033
-0.032
-0.031
-0.03
-0.03
-0.03
-0.029
-0.029
-0.028
-0.027
-0.027
-0.026
-0.026
-0.025
-0.025
-0.025
-0.025
-0.025
-0.026
-0.026
-0.026
-0.026
-0.026
-0.026
-0.027
-0.027
-0.027
-0.028
-0.028
-0.029
-0.03
-0.032
-0.033
-0.034
-0.034
-0.035
-0.035
-0.036
-0.036
-0.037
-0.038
-0.038
-0.039
-0.04
-0.041
-0.042
-0.043
-0.044
-0.044
-0.045
-0.045
-0.045
-0.045
-0.045
-0.045
-0.045
-0.045
-0.046
-0.046
-0.047
-0.048
-0.048
-0.049
-0.049
-0.05
-0.05
-0.05
-0.05
-0.05
-0.049
-0.049
-0.048
-0.048
-0.048
-0.048
-0.048
-0.047
-0.047
-0.047
-0.047
-0.048
-0.048
-0.049
-0.049
-0.048
-0.047
-0.046
-0.045
-0.045
-0.044
-0.043
-0.042
-0.041
-0.041
-0.04
-0.04
-0.04
-0.039
-0.038
-0.038
-0.037
-0.037
-0.037
-0.036
-0.036
-0.035
-0.034
-0.034
-0.034
-0.034
-0.033
-0.032
-0.031
-0.03
-0.03
-0.029
-0.029
-0.028
-0.027
-0.026
-0.025
-0.025
-0.025
-0.024
-0.022
-0.021
-0.019
-0.018
-0.016
-0.014
-0.011
-0.008
-0.005
-0.001
0.002
0.01
0.03
0.049
0.065
0.077
0.086
0.091
0.095
0.098
0.102
0.105
0.106
0.103
0.095
0.086
0.077
0.066
0.055
0.042
0.03
0.024
0.019
0.014
0.011
0.008
0.005
0.003
0.0
-0.001
-0.003
-0.004
-0.005
-0.005
-0.005
-0.005
-0.006
-0.007
-0.008
-0.009
-0.009
-0.008
-0.006
-0.005
-0.002
0.0
0.002
0.006
0.01
0.014
0.02
0.025
0.062
0.136
0.234
0.348
0.462
0.555
0.595
0.591
0.53
0.402
0.233
0.05
-0.119
-0.248
-0.286
-0.299
-0.276
-0.208
-0.148
-0.095
-0.059
-0.038
-0.028
-0.021
-0.015
-0.011
-0.005
0.0
0.003
0.006
0.009
0.012
0.014
0.016
0.018
0.019
0.021
0.023
0.025
0.027
0.029
0.032
0.035
0.038
0.04
0.042
0.044
0.046
0.049
0.052
0.055
0.059
0.062
0.067
0.071
0.076
0.081
0.086
0.09
0.095
0.1
0.104
0.109
0.113
0.118
0.122
0.127
0.131
0.135
0.139
0.144
0.15
0.159
0.173
0.187
0.199
0.209
0.217
0.223
0.23
0.237
0.244
0.252
0.264
0.281
0.3
0.312
0.32
0.327
0.331
0.333
0.331
0.327
0.321
0.314
0.304
0.287
0.271
0.256
0.24
0.224
0.202
0.177
0.152
0.124
0.099
0.08
0.065
0.049
0.034
0.014
0.0
-0.01
-0.018
-0.026
-0.034
-0.039
-0.042
-0.043
-0.045
-0.046
-0.047
-0.049
-0.049
-0.049
-0.049
-0.05
-0.051
-0.052
-0.052
-0.051
-0.051
-0.051
-0.052
-0.052
-0.053
-0.052
-0.051
-0.05
-0.05
-0.05
-0.051
-0.05
-0.05
-0.049
-0.049
-0.05
-0.052
-0.053
-0.053
-0.053
-0.053
-0.053
-0.055
-0.056
-0.056
-0.057
-0.057
-0.058
-0.059
-0.061
-0.063
-0.063
-0.063
-0.063
-0.063
-0.063
-0.064
-0.064
-0.063
-0.063
-0.063
-0.063
-0.064
-0.065
-0.066
-0.066
-0.066
-0.067
-0.067
-0.067
-0.067
-0.066
-0.065
-0.065
-0.065
-0.064
-0.064
-0.063
-0.063
-0.062
-0.062
-0.062
-0.062
-0.062
-0.062
-0.062
-0.062
-0.062
-0.061
-0.06
-0.059
-0.058
-0.057
-0.057
-0.057
-0.056
-0.056
-0.056
-0.056
-0.056
-0.057
-0.057
-0.057
-0.057
-0.056
-0.055
-0.055
-0.055
-0.054
-0.054
-0.053
-0.053
-0.053
-0.054
-0.054
-0.054
-0.054
-0.053
-0.053
-0.053
-0.052
-0.052
-0.051
-0.05
-0.049
-0.048
-0.048
-0.048
-0.047
-0.046
-0.045
-0.044
-0.044
-0.044
-0.044
-0.043
-0.042
-0.041
-0.04
-0.039
-0.039
-0.038
-0.036
-0.035
-0.034
-0.033
-0.032
-0.031
-0.031
-0.03
-0.03
-0.029
-0.03
-0.03
-0.03
-0.03
-0.03
-0.03
-0.03
-0.031
-0.032
-0.033
-0.033
-0.034
-0.035
-0.036
-0.037
-0.038
-0.039
-0.039
-0.04
-0.042
-0.043
-0.045
-0.046
-0.047
-0.048
-0.05
-0.052
-0.054
-0.055
-0.056
-0.058
-0.059
-0.06
-0.062
-0.062
-0.063
-0.062
-0.062
-0.062
-0.062
-0.062
-0.062
-0.062
-0.062
-0.062
-0.063
-0.064
-0.065
-0.065
-0.065
-0.065
-0.065
-0.065
-0.066
-0.066
-0.066
-0.066
-0.066
-0.066
-0.066
-0.066
-0.066
-0.066
-0.065
-0.064
-0.063
-0.061
-0.06
-0.058
-0.056
-0.054
-0.051
-0.048
-0.046
-0.043
-0.037
-0.029
-0.02
-0.013
-0.005
0.001
0.008
0.017
0.025
0.033
0.04
0.046
0.052
0.057
0.062
0.067
0.069
0.069
0.065
0.059
0.052
0.043
0.031
0.011
-0.006
-0.012
-0.016
-0.019
-0.022
-0.024
-0.026
-0.028
-0.029
-0.03
-0.03
-0.031
-0.032
-0.032
-0.033
-0.034
-0.035
-0.036
-0.036
-0.036
-0.037
-0.037
-0.038
-0.039
-0.041
-0.042
-0.045
-0.047
-0.053
-0.065
-0.057
-0.029
0.022
0.1
0.204
0.323
0.442
0.543
0.588
0.584
0.519
0.389
0.221
0.039
-0.125
-0.247
-0.289
-0.303
-0.288
-0.244
-0.196
-0.167
-0.135
-0.104
-0.075
-0.041
-0.024
-0.017
-0.01
-0.006
-0.002
0.0
0.002
0.004
0.006
0.007
0.009
0.01
0.01
0.011
0.011
0.012
0.014
0.015
0.017
0.019
0.021
0.024
0.027
0.029
0.032
0.036
0.041
0.046
0.051
0.055
0.058
0.062
0.065
0.069
0.074
0.078
0.081
0.085
0.088
0.09
0.093
0.095
0.097
0.099
0.102
0.107
0.118
0.13
0.142
0.155
0.167
0.178
0.188
0.196
0.203
0.21
0.217
0.224
0.231
0.239
0.248
0.257
0.267
0.275
0.281
0.287
0.293
0.297
0.3
0.3
0.297
0.293
0.286
0.278
0.262
0.23
0.204
0.184
0.166
0.142
0.112
0.081
0.048
0.022
0.006
-0.008
-0.022
-0.031
-0.038
-0.044
-0.049
-0.055
-0.061
-0.067
-0.072
-0.077
-0.081
-0.085
-0.089
-0.092
-0.095
-0.096
-0.097
-0.097
-0.096
-0.095
-0.094
-0.092
-0.09
-0.088
-0.087
-0.086
-0.086
-0.085
-0.084
-0.083
-0.082
-0.081
-0.08
-0.08
-0.08
-0.08
-0.08
-0.08
-0.081
-0.082
-0.082
-0.082
-0.082
-0.081
-0.08
-0.079
-0.079
-0.079
-0.078
-0.077
-0.076
-0.075
-0.075
-0.075
-0.074
-0.074
-0.072
-0.071
-0.071
-0.07
-0.07
-0.069
-0.068
-0.067
-0.067
-0.067
-0.067
-0.067
-0.067
-0.066
-0.065
-0.064
-0.064
-0.063
-0.062
-0.061
-0.06
-0.059
-0.058
-0.058
-0.058
-0.057
-0.057
-0.056
-0.055
-0.055
-0.054
-0.054
-0.054
-0.053
-0.053
-0.052
-0.052
-0.051
-0.05
-0.049
-0.048
-0.046
-0.045
-0.043
-0.041
-0.039
-0.038
-0.037
-0.037
-0.037
-0.036
-0.036
-0.035
-0.035
-0.033
-0.032
-0.031
-0.03
-0.029
-0.028
-0.028
-0.027
-0.027
-0.027
-0.026
-0.026
-0.025
-0.025
-0.024
-0.023
-0.023
-0.022
-0.021
-0.02
-0.019
-0.019
-0.019
-0.018
-0.017
-0.017
-0.016
-0.015
-0.014
-0.013
-0.013
-0.014
-0.014
-0.015
-0.016
-0.017
-0.019
-0.02
-0.021
-0.021
-0.02
-0.02
-0.019
-0.018
-0.017
-0.016
-0.015
-0.015
-0.015
-0.016
-0.016
-0.016
-0.017
-0.017
-0.017
-0.017
-0.016
-0.015
-0.014
-0.013
-0.013
-0.013
-0.013
-0.013
-0.013
-0.014
-0.015
-0.016
-0.017
-0.017
-0.017
-0.015
-0.014
-0.014
-0.014
-0.013
-0.013
-0.012
-0.011
-0.01
-0.01
-0.009
-0.009
-0.008
-0.007
-0.005
-0.005
-0.004
-0.004
-0.004
-0.003
-0.004
-0.004
-0.005
-0.005
-0.006
-0.006
-0.005
-0.005
-0.004
-0.003
-0.001
0.0
0.0
0.002
0.003
0.004
0.005
0.006
0.007
0.008
0.009
0.012
0.015
0.019
0.023
0.027
0.031
0.035
0.039
0.043
0.047
0.051
0.055
0.059
0.066
0.077
0.087
0.091
0.094
0.098
0.101
0.104
0.105
0.104
0.1
0.094
0.085
0.074
0.057
0.041
0.024
0.008
-0.005
-0.01
-0.013
-0.016
-0.018
-0.02
-0.022
-0.022
-0.023
-0.024
-0.024
-0.024
-0.024
-0.024
-0.024
-0.024
-0.024
-0.025
-0.025
-0.025
-0.024
-0.023
-0.022
-0.022
-0.02
-0.018
-0.016
-0.013
-0.01
-0.007
0.011
0.062
0.135
0.231
0.339
0.452
0.548
0.593
0.591
0.532
0.395
0.214
0.019
-0.152
-0.27
-0.307
-0.319
-0.299
-0.238
-0.178
-0.127
-0.097
-0.073
-0.055
-0.037
-0.027
-0.021
-0.016
-0.012
-0.008
-0.004
0.0
0.003
0.007
0.011
0.014
0.017
0.02
0.023
0.026
0.028
0.031
0.033
0.036
0.039
0.041
0.044
0.046
0.048
0.05
0.052
0.054
0.057
0.059
0.061
0.064
0.066
0.069
0.072
0.076
0.079
0.082
0.085
0.089
0.095
0.105
0.115
0.123
0.13
0.136
0.141
0.146
0.151
0.156
0.162
0.167
0.172
0.179
0.188
0.2
0.213
0.227
0.239
0.25
0.26
0.271
0.28
0.286
0.292
0.297
0.301
0.304
0.305
0.304
0.301
0.296
0.29
0.283
0.272
0.252
0.234
0.209
0.177
0.149
0.128
0.109
0.091
0.071
0.045
0.025
0.009
-0.003
-0.014
-0.024
-0.038
-0.055
-0.07
-0.075
-0.076
-0.077
-0.078
-0.079
-0.08
-0.081
-0.082
-0.084
-0.085
-0.086
-0.087
-0.088
-0.089
-0.089
-0.09
-0.09
-0.09
-0.089
-0.089
-0.089
-0.09
-0.09
-0.091
-0.091
-0.092
-0.092
-0.093
-0.094
-0.094
-0.094
-0.094
-0.093
-0.093
-0.093
-0.092
-0.092
-0.092
-0.091
-0.091
-0.092
-0.092
-0.092
-0.091
-0.09
-0.089
-0.088
-0.088
-0.087
-0.086
-0.085
-0.084
-0.083
-0.082
-0.081
-0.08
-0.08
-0.079
-0.079
-0.078
-0.078
-0.077
-0.076
-0.076
-0.075
-0.075
-0.075
-0.075
-0.075
-0.075
-0.075
-0.075
-0.076
-0.076
-0.076
-0.076
-0.075
-0.072
-0.064
-0.061
-0.06
-0.06
-0.06
-0.059
-0.059
-0.06
-0.06
-0.06
-0.06
-0.06
-0.061
-0.061
-0.061
-0.061
-0.061
-0.06
-0.06
-0.059
-0.059
-0.059
-0.059
-0.059
-0.058
-0.058
-0.058
-0.058
-0.058
-0.058
-0.057
-0.056
-0.055
-0.055
-0.054
-0.053
-0.053
-0.053
-0.052
-0.052
-0.052
-0.052
-0.052
-0.051
-0.05
-0.05
-0.049
-0.048
-0.048
-0.048
-0.047
-0.046
-0.045
-0.044
-0.044
-0.043
-0.042
-0.041
-0.039
-0.038
-0.037
-0.037
-0.038
-0.038
-0.037
-0.037
-0.037
-0.037
-0.038
-0.038
-0.037
-0.035
-0.033
-0.031
-0.03
-0.029
-0.028
-0.027
-0.025
-0.025
-0.025
-0.026
-0.026
-0.026
-0.026
-0.026
-0.026
-0.026
-0.026
-0.025
-0.025
-0.024
-0.023
-0.022
-0.022
-0.021
-0.021
-0.021
-0.02
-0.02
-0.019
-0.019
-0.019
-0.018
-0.017
-0.016
-0.014
-0.013
-0.012
-0.01
-0.009
-0.008
-0.007
-0.006
-0.006
-0.006
-0.006
-0.006
-0.007
-0.007
-0.007
-0.006
-0.005
-0.004
-0.004
-0.003
-0.002
-0.001
0.0
0.0
0.0
0.0
0.0
0.0
0.0
0.001
0.003
0.005
0.007
0.01
0.013
0.017
0.02
0.024
0.029
0.033
0.037
0.041
0.046
0.05
0.054
0.059
0.065
0.071
0.076
0.08
0.082
0.083
0.082
0.079
0.075
0.069
0.063
0.056
0.047
0.032
0.015
-0.004
-0.013
-0.018
-0.023
-0.027
-0.031
-0.034
-0.037
-0.039
-0.041
-0.043
-0.044
-0.045
-0.047
-0.047
-0.048
-0.048
-0.048
-0.048
-0.048
-0.048
-0.048
-0.048
-0.048
-0.049
-0.049
-0.05
-0.05
-0.05
-0.054
-0.052
-0.037
0.001
0.062
0.143
0.243
0.354
0.46
0.522
0.543
0.512
0.418
0.263
0.084
-0.084
-0.213
-0.283
-0.309
-0.31
-0.29
-0.262
-0.23
-0.182
-0.13
-0.091
-0.066
-0.055
-0.048
-0.042
-0.037
-0.032
-0.028
-0.024
-0.02
-0.017
-0.013
-0.01
-0.007
-0.005
-0.004
-0.001
0.0
0.002
0.004
0.007
0.009
0.012
0.014
0.016
0.018
0.021
0.024
0.026
0.029
0.032
0.035
0.038
0.041
0.044
0.047
0.051
0.054
0.058
0.062
0.066
0.071
0.076
0.081
0.086
0.092
0.099
0.106
0.113
0.118
0.122
0.127
0.132
0.139
0.149
0.159
0.169
0.18
0.191
0.205
0.22
0.237
0.246
0.253
0.259
0.264
0.268
0.271
0.273
0.273
0.273
0.271
0.269
0.266
0.262
0.256
0.25
0.24
0.22
0.203
0.181
0.154
0.13
0.103
0.08
0.062
0.042
0.024
0.009
-0.003
-0.014
-0.025
-0.034
-0.043
-0.051
-0.058
-0.061
-0.064
-0.066
-0.067
-0.069
-0.07
-0.071
-0.072
-0.074
-0.074
-0.075
-0.076
-0.076
-0.076
-0.076
-0.076
-0.076
-0.075
-0.074
-0.074
-0.073
-0.072
-0.072
-0.07
-0.069
-0.067
-0.065
-0.064
-0.063
-0.062
-0.061
-0.06
-0.06
-0.06
-0.06
-0.06
-0.059
-0.058
-0.057
-0.055
-0.054
-0.052
-0.051
-0.05
-0.05
-0.05
-0.05
-0.051
-0.052
-0.053
-0.054
-0.054
-0.055
-0.055
-0.055
-0.055
-0.055
-0.054
-0.054
-0.054
-0.054
-0.055
-0.056
-0.057
-0.058
-0.059
-0.06
-0.061
-0.061
-0.061
-0.061
-0.06
-0.06
-0.06
-0.059
-0.059
-0.058
-0.058
-0.057
-0.057
-0.056
-0.056
-0.055
-0.054
-0.053
-0.052
-0.051
-0.051
-0.05
-0.05
-0.049
-0.048
-0.048
-0.048
-0.047
-0.047
-0.047
-0.046
-0.045
-0.044
-0.044
-0.043
-0.042
-0.041
-0.039
-0.038
-0.037
-0.036
-0.036
-0.035
-0.034
-0.034
-0.033
-0.033
-0.034
-0.034
-0.034
-0.033
-0.032
-0.032
-0.031
-0.031
-0.031
-0.03
-0.029
-0.029
-0.028
-0.029
-0.03
-0.03
-0.031
-0.03
-0.03
-0.03
-0.03
-0.029
-0.028
-0.028
-0.027
-0.026
-0.025
-0.025
-0.026
-0.026
-0.026
-0.027
-0.028
-0.028
-0.028
-0.029
-0.029
-0.029
-0.028
-0.028
-0.027
-0.027
-0.027
-0.027
-0.028
-0.029
-0.03
-0.031
-0.032
-0.033
-0.034
-0.034
-0.034
-0.034
-0.033
-0.032
-0.032
-0.032
-0.032
-0.032
-0.032
