0.039
0.099
0.173
0.259
0.348
0.423
0.459
0.471
0.451
0.39
0.303
0.196
0.078
-0.04
-0.15
-0.242
-0.29
-0.3
-0.309
-0.315
-0.32
-0.324
-0.327
-0.329
-0.33
-0.331
-0.331
-0.33
-0.328
-0.325
-0.322
-0.319
-0.316
-0.313
-0.309
-0.305
-0.301
-0.297
-0.293
-0.287
-0.279
-0.271
-0.264
-0.258
-0.252
-0.246
-0.24
-0.234
-0.228
-0.221
-0.214
-0.207
-0.199
-0.191
-0.182
-0.174
-0.166
-0.158
-0.15
-0.141
-0.132
-0.123
-0.115
-0.108
-0.1
-0.091
-0.081
-0.068
-0.055
-0.046
-0.039
-0.032
-0.027
-0.023
-0.021
-0.023
-0.028
-0.035
-0.044
-0.053
-0.062
-0.074
-0.086
-0.094
-0.099
-0.102
-0.104
-0.106
-0.107
-0.109
-0.11
-0.111
-0.111
-0.111
-0.111
-0.111
-0.11
-0.108
-0.106
-0.103
-0.099
-0.095
-0.091
-0.087
-0.084
-0.082
-0.08
-0.078
-0.077
-0.076
-0.075
-0.074
-0.073
-0.073
-0.073
-0.073
-0.073
-0.074
-0.074
-0.073
-0.073
-0.072
-0.073
-0.074
-0.075
-0.076
-0.077
-0.077
-0.079
-0.08
-0.081
-0.082
-0.082
-0.081
-0.08
-0.079
-0.077
-0.075
-0.072
-0.069
-0.066
-0.063
-0.059
-0.056
-0.051
-0.039
-0.028
-0.022
-0.018
-0.015
-0.011
-0.008
-0.005
-0.004
-0.004
-0.006
-0.012
-0.019
-0.027
-0.034
-0.043
-0.053
-0.06
-0.062
-0.06
-0.057
-0.054
-0.051
-0.048
-0.045
-0.04
-0.035
-0.027
-0.016
0.003
0.038
0.102
0.19
0.299
0.419
0.537
0.63
0.664
0.675
0.654
0.589
0.494
0.383
0.268
0.157
0.058
-0.021
-0.077
-0.105
-0.114
-0.117
-0.119
-0.121
-0.122
-0.123
-0.124
-0.125
-0.126
-0.128
-0.129
-0.131
-0.133
-0.134
-0.135
-0.136
-0.136
-0.136
-0.135
-0.136
-0.137
-0.139
-0.144
-0.149
-0.152
-0.151
-0.149
-0.146
-0.144
-0.142
-0.14
-0.138
-0.136
-0.133
-0.131
-0.128
-0.125
-0.122
-0.119
-0.115
-0.11
-0.103
-0.088
-0.075
-0.063
-0.051
-0.038
-0.026
-0.014
0.0
0.016
0.031
0.05
0.072
0.093
0.118
0.14
0.156
0.178
0.19
0.197
0.204
0.209
0.212
0.214
0.214
0.213
0.21
0.207
0.202
0.195
0.181
0.156
0.132
0.107
0.082
0.054
0.022
-0.009
-0.027
-0.036
-0.043
-0.048
-0.052
-0.055
-0.057
-0.058
-0.059
-0.06
-0.06
-0.061
-0.062
-0.063
-0.064
-0.065
-0.065
-0.065
-0.064
-0.061
-0.057
-0.052
-0.045
-0.039
-0.033
-0.029
-0.025
