-0.025
-0.024
-0.023
-0.02
-0.016
-0.015
-0.015
-0.018
-0.021
-0.023
-0.025
-0.028
-0.03
-0.03
-0.024
-0.015
-0.004
0.006
0.022
0.03
0.025
0.016
0.009
0.004
-0.001
-0.005
-0.008
-0.009
-0.01
-0.013
-0.016
-0.02
-0.023
-0.023
-0.021
-0.016
-0.012
-0.01
-0.009
-0.007
-0.004
-0.001
0.002
0.004
0.006
0.007
0.008
0.01
0.012
0.014
0.017
0.019
0.022
0.026
0.03
0.034
0.038
0.041
0.044
0.047
0.049
0.052
0.055
0.059
0.062
0.064
0.063
0.058
0.05
0.04
0.031
0.019
0.008
-0.001
-0.01
-0.016
-0.021
-0.026
-0.03
-0.033
-0.034
-0.033
-0.029
-0.024
-0.017
-0.01
-0.002
0.006
0.016
0.024
0.029
0.034
0.045
0.063
0.094
0.14
0.203
0.282
0.369
0.447
0.48
0.473
0.406
0.277
0.127
0.001
-0.05
-0.064
-0.071
-0.079
-0.086
-0.094
-0.105
-0.121
-0.119
-0.097
-0.087
-0.082
-0.077
-0.072
-0.069
-0.068
-0.067
-0.065
-0.062
-0.058
-0.054
-0.05
-0.048
-0.047
-0.047
-0.047
-0.046
-0.046
-0.045
-0.043
-0.042
-0.04
-0.038
-0.035
-0.033
-0.03
-0.028
-0.026
-0.024
-0.023
-0.022
-0.021
-0.021
-0.022
-0.022
-0.022
-0.022
-0.02
-0.019
-0.018
-0.018
-0.017
-0.016
-0.014
-0.012
-0.011
-0.01
-0.009
-0.008
-0.007
-0.004
-0.001
0.001
0.006
0.015
0.025
0.034
0.039
0.043
0.048
0.057
0.07
0.077
0.081
0.085
0.087
0.089
0.09
0.09
0.089
0.087
0.084
0.081
0.077
0.072
0.063
0.072
0.082
0.091
0.091
0.082
0.076
0.071
0.066
0.061
0.056
0.051
0.047
0.044
0.041
0.039
0.037
0.035
0.034
0.033
0.031
0.028
0.025
0.022
0.02
0.02
0.02
0.019
0.018
0.016
0.013
0.008
0.003
0.003
0.011
0.02
0.026
0.033
0.04
0.045
0.045
0.042
0.035
0.027
0.019
0.007
-0.001
-0.003
-0.001
0.001
0.002
0.003
0.005
0.006
0.006
0.007
0.008
0.008
0.009
0.009
0.009
0.009
0.008
0.006
0.005
0.003
0.001
0.0
-0.003
-0.006
-0.012
-0.011
0.0
0.009
0.019
0.023
0.019
0.011
0.008
0.006
0.004
0.002
0.001
0.0
0.0
0.0
0.0
0.0
0.0
0.0
0.0
0.0
0.0
0.001
0.002
0.003
0.005
0.006
0.006
0.005
0.004
0.004
0.004
0.005
0.005
0.006
0.007
0.009
0.011
0.013
0.015
0.019
0.022
0.026
0.033
0.04
0.046
0.049
0.053
0.059
0.066
0.066
0.053
0.047
0.043
0.039
0.036
0.033
0.03
0.027
0.024
0.021
0.017
0.014
0.01
0.006
-0.005
-0.025
-0.034
-0.04
-0.044
-0.046
-0.047
-0.044
-0.038
-0.03
-0.015
0.007
0.026
0.046
0.079
0.128
0.193
0.269
0.347
0.411
0.433
0.413
0.35
0.205
0.028
-0.124
-0.191
-0.213
-0.188
-0.146
-0.113
-0.105
-0.103
-0.101
-0.099
-0.097
-0.096
-0.095
-0.093
-0.09
-0.088
-0.086
-0.085
-0.084
-0.083
-0.081
-0.08
-0.079
-0.079
-0.079
-0.08
-0.08
-0.079
-0.077
-0.076
-0.075
-0.074
-0.074
-0.073
-0.073
-0.073
-0.073
-0.073
-0.073
-0.072
-0.072
-0.072
-0.071
-0.071
-0.07
-0.069
-0.067
-0.066
-0.066
-0.067
-0.067
-0.067
-0.066
-0.065
-0.064
-0.062
-0.06
-0.057
-0.053
-0.047
-0.041
-0.036
-0.031
-0.026
-0.02
-0.014
-0.01
-0.005
-0.002
0.0
0.003
0.007
0.012
0.017
0.022
0.027
0.031
0.034
0.038
0.044
0.049
0.053
0.054
0.051
0.044
0.036
0.03
0.026
0.023
0.02
0.017
0.014
0.011
0.009
0.007
0.005
0.003
0.0
-0.002
-0.003
-0.004
-0.005
-0.005
-0.006
-0.007
-0.009
-0.011
-0.014
-0.02
-0.032
-0.035
-0.036
-0.038
-0.039
-0.038
-0.031
-0.022
-0.015
-0.008
-0.003
0.002
0.007
0.012
0.016
0.021
0.027
0.032
0.034
0.032
0.027
0.019
0.009
-0.003
-0.008
-0.01
-0.012
-0.014
-0.015
-0.014
-0.012
-0.01
-0.009
-0.008
-0.006
-0.004
-0.003
-0.001
-0.001
0.0
0.0
-0.001
-0.002
-0.004
-0.006
-0.009
-0.012
-0.015
-0.019
-0.026
-0.03
-0.024
-0.013
-0.002
0.01
0.017
0.022
0.026
0.031
0.033
0.027
0.016
0.007
-0.002
-0.009
-0.01
-0.008
-0.006
-0.005
-0.004
-0.003
-0.002
-0.001
-0.001
0.0
0.002
0.006
0.01
0.014
0.018
0.021
0.024
0.028
0.033
0.037
0.04
0.042
0.045
0.048
0.053
0.061
0.06
0.047
0.033
0.018
0.006
0.0
-0.004
-0.008
-0.011
-0.013
-0.014
-0.013
-0.011
-0.009
-0.006
-0.001
0.003
0.012
0.022
0.032
0.041
0.048
0.055
0.062
0.068
0.076
0.089
0.111
0.149
0.192
0.245
0.303
0.34
0.352
0.33
0.268
0.165
0.049
-0.062
-0.151
-0.188
-0.19
-0.159
-0.116
-0.09
-0.066
-0.049
-0.041
-0.034
-0.027
-0.026
-0.032
-0.036
-0.04
-0.043
-0.043
-0.041
-0.038
-0.034
-0.033
-0.032
-0.032
-0.032
-0.031
-0.031
-0.03
-0.029
-0.029
-0.028
-0.028
-0.029
-0.029
-0.03
-0.03
-0.029
-0.028
-0.027
-0.026
-0.025
-0.025
-0.025
-0.025
-0.024
-0.022
-0.021
-0.02
-0.018
-0.017
-0.015
-0.012
-0.009
-0.007
-0.005
-0.003
-0.001
0.0
0.002
0.004
0.007
0.009
0.012
0.017
0.022
0.028
0.034
0.039
0.046
0.061
0.075
0.081
0.085
0.08
0.075
0.071
0.068
0.064
0.06
0.056
0.051
0.044
0.04
0.044
0.05
0.053
0.057
0.06
0.062
0.063
0.063
0.062
0.059
0.055
0.05
0.045
0.039
0.032
0.024
0.018
0.013
0.009
0.005
0.0
-0.004
-0.004
-0.003
0.0
0.004
0.009
0.002
-0.004
-0.007
-0.011
-0.014
-0.018
-0.022
-0.025
-0.027
-0.03
-0.033
-0.036
-0.037
-0.038
-0.038
-0.038
-0.037
-0.035
-0.033
-0.03
-0.026
-0.022
-0.019
-0.017
-0.015
-0.011
-0.008
-0.005
-0.003
-0.004
-0.005
-0.007
-0.009
-0.011
-0.012
-0.013
-0.015
-0.016
-0.018
-0.019
-0.02
-0.021
-0.023
-0.024
-0.025
-0.025
-0.024
-0.023
-0.022
-0.022
-0.021
-0.021
-0.019
-0.017
-0.016
-0.014
-0.014
-0.013
-0.009
-0.009
-0.013
-0.016
-0.02
-0.02
-0.015
-0.012
-0.01
-0.008
-0.006
-0.002
0.0
0.003
0.005
0.009
0.012
0.014
0.015
0.016
0.017
0.019
0.021
0.022
0.024
0.025
0.024
0.025
0.027
0.03
0.032
0.031
0.028
0.022
0.013
0.002
-0.003
-0.006
-0.008
-0.01
-0.013
-0.015
-0.016
-0.017
-0.017
-0.016
-0.016
-0.015
-0.013
-0.01
-0.006
-0.001
0.004
0.01
0.024
0.052
0.077
0.097
0.121
0.164
0.23
0.309
0.37
0.376
0.344
0.231
0.072
-0.091
-0.212
-0.243
-0.235
-0.165
-0.089
-0.061
-0.051
-0.051
-0.057
-0.062
-0.067
-0.066
-0.054
-0.046
-0.041
-0.038
-0.035
-0.033
-0.03
-0.027
-0.022
-0.019
-0.016
-0.013
-0.01
-0.007
-0.004
-0.002
-0.002
-0.004
-0.008
-0.012
-0.015
-0.018
-0.022
-0.027
-0.031
-0.035
-0.036
-0.036
-0.035
-0.034
-0.033
-0.031
-0.028
-0.023
-0.022
-0.024
-0.027
-0.03
-0.031
-0.026
-0.016
-0.01
-0.006
-0.003
-0.001
0.001
0.004
0.007
0.01
0.013
0.016
0.019
0.022
0.025
0.029
0.033
0.038
0.042
0.046
0.05
0.057
0.069
0.09
0.103
0.112
0.116
0.116
0.112
0.104
0.092
0.073
0.061
0.053
0.048
0.048
0.053
0.06
0.066
0.072
0.075
0.07
0.061
0.055
0.051
0.045
0.039
0.03
0.022
0.015
0.009
0.003
-0.001
-0.005
-0.008
-0.01
-0.012
-0.013
-0.015
-0.017
-0.019
-0.021
-0.021
-0.021
-0.02
-0.02
-0.02
-0.019
-0.018
-0.015
-0.01
-0.007
-0.01
-0.017
-0.021
-0.025
-0.028
-0.031
-0.032
-0.032
-0.031
-0.03
-0.028
-0.025
-0.023
-0.021
-0.019
-0.017
-0.015
-0.013
-0.012
-0.011
-0.011
-0.011
-0.012
-0.013
-0.015
-0.017
-0.019
-0.022
-0.024
-0.026
-0.028
-0.029
-0.032
-0.037
-0.041
-0.044
-0.045
-0.043
-0.041
-0.038
-0.036
-0.034
-0.032
-0.03
-0.027
-0.026
-0.025
-0.026
-0.028
-0.03
-0.033
-0.036
-0.04
-0.045
-0.05
-0.052
-0.049
-0.042
-0.034
-0.027
-0.018
-0.012
-0.01
-0.01
-0.01
-0.01
-0.01
-0.011
-0.011
-0.012
-0.011
-0.012
-0.014
-0.017
-0.02
-0.023
-0.026
-0.029
-0.032
-0.035
-0.037
-0.039
-0.041
-0.043
-0.044
-0.046
-0.047
-0.048
-0.049
-0.049
-0.051
-0.055
-0.057
-0.051
-0.037
-0.015
0.014
0.042
0.067
0.082
0.093
0.099
0.103
0.117
0.156
0.218
0.281
0.296
0.282
0.192
0.059
-0.073
-0.166
-0.189
-0.182
-0.146
-0.127
-0.121
-0.118
-0.116
-0.113
-0.11
-0.108
-0.106
-0.105
-0.104
-0.104
-0.103
-0.102
-0.102
-0.1
-0.099
-0.097
-0.096
-0.094
-0.092
-0.089
-0.082
-0.061
-0.041
-0.029
-0.022
-0.019
-0.018
-0.016
-0.014
-0.017
-0.033
-0.048
-0.062
-0.072
-0.08
-0.087
-0.093
-0.098
-0.097
-0.091
-0.082
-0.071
-0.055
-0.043
-0.027
-0.007
0.002
0.007
0.012
0.015
0.017
0.017
0.016
0.012
0.008
0.004
0.0
-0.007
-0.012
-0.008
0.0
0.007
0.014
0.021
0.03
0.037
0.04
0.042
0.044
0.046
0.047
0.049
0.05
0.052
0.053
0.055
0.056
0.057
0.056
0.055
0.054
0.051
0.049
0.046
0.044
0.042
0.039
0.036
0.033
0.029
0.018
0.002
0.0
-0.002
-0.003
-0.004
-0.006
-0.006
-0.005
-0.003
0.0
0.003
0.007
0.013
0.018
0.021
0.02
0.015
0.011
0.008
0.006
0.003
0.001
0.0
-0.002
-0.004
-0.005
-0.004
-0.003
-0.002
-0.001
0.0
0.0
0.001
0.003
0.004
0.005
0.006
0.007
0.009
0.01
0.012
0.013
0.013
0.013
0.014
0.014
0.015
0.015
0.014
0.013
0.012
0.013
0.015
0.017
0.018
0.018
0.018
0.017
0.018
0.019
0.02
0.021
0.021
0.022
0.025
0.027
0.029
0.03
0.028
0.024
0.019
0.01
-0.005
-0.019
-0.029
-0.03
-0.022
-0.016
-0.011
-0.006
0.0
0.006
0.013
0.024
0.038
0.025
0.012
0.002
-0.002
0.002
0.01
0.017
0.023
0.029
0.034
0.039
0.045
0.051
0.059
0.064
0.059
0.049
0.041
0.035
0.029
0.023
0.017
0.01
0.003
-0.005
-0.011
-0.012
-0.01
-0.008
-0.005
-0.001
-0.001
-0.003
-0.006
-0.008
-0.005
0.006
0.019
0.033
0.046
0.061
0.08
0.094
0.103
0.112
0.12
0.146
0.192
0.252
0.306
0.324
0.306
0.25
0.132
0.0
-0.111
-0.161
-0.163
-0.128
-0.071
-0.046
-0.037
-0.038
-0.042
-0.045
-0.048
-0.039
-0.028
-0.019
-0.02
-0.034
-0.046
-0.058
-0.065
-0.057
-0.043
-0.035
-0.029
-0.024
-0.02
-0.016
-0.013
-0.01
-0.007
-0.006
-0.004
-0.002
0.0
0.003
0.008
0.012
0.011
0.003
-0.005
-0.01
-0.015
-0.02
-0.024
-0.026
-0.026
-0.024
-0.021
-0.017
-0.015
-0.013
-0.012
-0.01
-0.008
-0.006
-0.004
-0.002
-0.001
0.0
0.001
0.003
0.005
0.005
0.006
0.006
0.007
0.009
0.011
0.013
0.015
0.016
0.02
0.025
0.03
0.033
0.036
0.039
0.045
0.052
0.045
0.039
0.035
0.031
0.029
0.029
0.031
0.034
0.037
0.04
0.045
0.048
0.041
0.029
0.018
0.006
-0.001
-0.003
-0.005
-0.006
-0.007
-0.008
-0.01
-0.01
-0.011
-0.011
-0.011
-0.01
-0.009
-0.006
-0.003
0.001
0.009
0.013
0.005
-0.01
-0.019
-0.027
-0.033
-0.038
-0.041
-0.042
-0.041
-0.038
-0.034
-0.028
-0.021
-0.011
-0.001
0.0
-0.007
-0.015
-0.02
-0.024
-0.028
-0.032
-0.034
-0.034
-0.034
-0.032
-0.03
-0.028
-0.025
-0.023
-0.019
-0.015
-0.012
-0.009
-0.008
-0.006
-0.006
-0.005
-0.005
-0.005
-0.007
-0.009
-0.011
-0.013
-0.016
-0.019
-0.019
-0.015
-0.012
-0.01
-0.009
-0.007
-0.006
-0.005
-0.005
-0.005
-0.006
-0.007
-0.009
-0.011
-0.014
-0.016
-0.018
-0.019
-0.02
-0.021
-0.022
-0.023
-0.024
-0.024
-0.023
-0.021
-0.018
-0.015
-0.012
-0.01
-0.007
-0.003
0.0
0.002
0.007
0.012
0.017
0.021
0.023
0.024
0.023
0.021
0.018
0.013
0.008
0.0
-0.015
-0.025
-0.031
-0.037
-0.042
-0.041
-0.033
-0.021
-0.013
-0.003
0.005
0.009
0.006
0.0
-0.009
-0.016
-0.026
-0.033
-0.033
-0.025
-0.014
0.003
0.032
0.084
0.132
0.177
0.206
0.237
0.261
0.277
0.288
0.287
0.266
0.209
0.122
0.024
-0.07
-0.139
-0.162
-0.155
-0.132
-0.083
-0.035
-0.011
0.0
0.007
0.012
0.013
0.01
0.005
0.0
-0.002
-0.005
-0.008
-0.011
-0.012
-0.012
-0.01
-0.006
-0.002
0.0
0.001
0.002
0.004
0.005
0.007
0.007
0.008
0.009
0.011
0.012
0.013
0.013
0.014
0.014
0.014
0.013
0.013
0.011
0.009
0.007
0.005
0.004
0.003
0.003
0.002
0.002
0.001
0.0
0.0
0.0
-0.001
-0.002
-0.004
-0.005
-0.005
-0.004
0.0
0.007
0.015
0.023
0.031
0.041
0.051
0.059
0.063
0.066
0.068
0.071
0.075
0.081
0.081
0.069
0.064
0.061
0.058
0.056
0.054
0.053
0.052
0.05
0.048
0.044
0.04
0.037
0.035
0.034
0.032
0.03
0.027
0.025
0.023
0.021
0.019
0.015
0.009
0.004
0.0
-0.002
-0.004
-0.005
-0.007
-0.008
-0.009
-0.01
-0.012
-0.014
-0.02
-0.023
-0.017
-0.006
0.0
0.002
0.006
0.008
0.01
0.012
0.013
0.014
0.014
0.013
0.011
0.009
0.006
0.003
0.001
-0.001
-0.003
-0.005
-0.006
-0.008
-0.01
-0.013
-0.015
-0.017
-0.018
-0.018
-0.018
-0.019
-0.019
-0.019
-0.018
-0.017
-0.016
-0.016
-0.015
-0.014
-0.013
-0.012
-0.01
-0.009
-0.009
-0.009
-0.01
-0.01
-0.01
-0.01
-0.01
-0.009
-0.009
-0.008
-0.006
-0.004
-0.003
-0.003
-0.005
-0.008
-0.011
-0.012
-0.015
-0.019
-0.022
-0.025
-0.027
-0.028
-0.026
-0.023
-0.018
-0.013
-0.007
0.001
0.008
0.01
0.004
-0.003
-0.01
-0.018
-0.025
-0.025
-0.016
-0.005
0.0
0.005
0.01
0.014
0.019
0.022
0.023
0.023
0.02
0.017
0.014
0.011
0.009
0.005
0.001
-0.002
-0.005
-0.008
-0.009
-0.01
-0.011
-0.012
-0.014
-0.015
-0.016
-0.016
-0.017
-0.02
-0.022
-0.024
-0.025
-0.024
-0.021
-0.017
-0.01
-0.003
0.009
0.03
0.051
0.072
0.093
0.109
0.13
0.159
0.192
0.233
0.287
0.316
0.337
0.288
0.184
0.056
-0.056
-0.105
-0.12
-0.13
-0.133
-0.13
-0.122
-0.111
-0.09
-0.06
-0.039
-0.025
-0.025
-0.035
-0.044
-0.054
-0.054
-0.044
-0.034
-0.025
-0.02
-0.024
-0.033
-0.037
-0.041
-0.043
-0.044
-0.045
-0.046
-0.046
-0.047
-0.047
-0.046
-0.044
-0.042
-0.04
-0.038
-0.035
-0.032
-0.029
-0.025
-0.023
-0.021
-0.02
-0.021
-0.021
-0.022
-0.022
-0.023
-0.023
-0.023
-0.021
-0.017
-0.015
-0.016
-0.017
-0.018
-0.018
-0.018
-0.017
-0.017
-0.018
-0.019
-0.02
-0.02
-0.017
-0.013
-0.008
-0.003
0.0
0.004
0.009
0.015
0.02
0.026
0.031
0.036
0.041
0.045
0.05
0.055
0.06
0.063
0.065
0.066
0.065
0.064
0.061
0.058
0.056
0.053
0.051
0.048
0.045
0.04
0.034
0.028
0.023
0.019
0.014
0.01
0.006
0.003
0.001
0.001
0.002
0.004
0.007
0.009
0.013
0.019
0.019
0.008
0.002
-0.002
-0.006
-0.009
-0.011
-0.012
-0.013
-0.014
-0.016
-0.019
-0.012
-0.006
-0.001
0.001
0.003
0.004
0.004
0.004
0.005
0.006
0.007
0.006
0.006
0.005
0.004
0.005
0.005
0.006
0.005
0.004
0.003
0.003
0.003
0.002
0.002
0.001
0.0
0.0
0.002
0.006
0.01
0.014
0.018
0.022
0.026
0.029
0.032
0.033
0.032
0.028
0.023
0.019
0.015
0.011
0.007
0.001
-0.003
-0.007
-0.008
-0.004
0.001
0.008
0.013
0.016
0.02
0.025
0.03
0.035
0.037
0.036
0.034
0.031
0.029
0.027
0.026
0.022
0.017
0.014
0.016
0.024
0.031
0.035
0.038
0.04
0.042
0.044
0.047
0.05
0.052
0.053
0.054
0.055
0.056
0.057
0.058
0.057
0.055
0.052
0.049
0.047
0.045
0.043
0.04
0.038
0.035
0.032
0.029
0.026
0.022
0.017
0.013
0.01
0.007
0.005
0.003
0.002
0.002
0.002
0.005
0.008
0.013
0.018
0.025
0.04
0.068
0.09
0.106
0.121
0.158
0.201
0.258
0.323
0.374
0.39
0.371
0.315
0.21
0.102
0.028
0.005
-0.008
-0.017
-0.025
-0.041
-0.06
-0.071
-0.078
-0.065
-0.052
-0.041
-0.04
-0.049
-0.061
-0.073
-0.058
-0.046
-0.037
-0.03
-0.024
-0.021
-0.02
-0.022
-0.023
-0.024
-0.025
-0.028
-0.031
-0.021
-0.017
-0.016
-0.015
-0.014
-0.013
-0.012
-0.011
-0.01
-0.009
-0.008
-0.007
-0.007
-0.008
-0.01
-0.011
-0.012
-0.012
-0.011
-0.01
-0.01
-0.01
-0.012
-0.013
-0.013
-0.013
-0.012
-0.012
-0.011
-0.011
-0.011
-0.011
-0.01
-0.008
-0.006
-0.004
-0.002
0.0
0.003
0.007
0.013
0.023
0.033
0.04
0.047
0.055
0.061
0.065
0.065
0.063
0.059
0.054
0.049
0.046
0.041
0.037
0.032
0.028
0.024
0.02
0.018
0.015
0.014
0.013
0.012
0.011
0.01
0.01
0.01
0.009
0.008
0.005
0.003
0.001
0.0
0.0
-0.001
-0.001
-0.001
-0.002
-0.004
-0.006
-0.008
-0.011
-0.018
-0.023
-0.02
-0.014
-0.01
-0.005
-0.001
0.0
-0.003
-0.009
-0.016
-0.02
-0.024
-0.027
-0.03
-0.033
-0.035
-0.037
-0.038
-0.039
-0.04
-0.041
-0.041
-0.042
-0.044
-0.048
-0.04
-0.034
-0.031
-0.028
-0.025
-0.024
-0.025
-0.028
-0.034
-0.04
-0.053
-0.07
-0.078
-0.085
-0.069
-0.048
-0.031
-0.019
-0.009
0.0
0.004
0.007
0.01
0.014
0.011
-0.01
-0.022
-0.03
-0.037
-0.042
-0.046
-0.047
-0.047
-0.045
-0.042
-0.038
-0.034
-0.03
-0.027
-0.024
-0.019
-0.015
-0.011
-0.007
-0.004
-0.002
0.0
0.0
0.001
0.001
0.001
0.0
0.0
0.0
0.0
0.0
0.001
0.002
0.0
-0.003
-0.008
-0.013
-0.02
-0.026
-0.025
-0.014
-0.002
0.006
0.013
0.02
0.025
0.028
0.028
0.027
0.024
0.019
0.012
-0.002
-0.025
-0.033
-0.037
-0.04
-0.044
-0.047
-0.05
-0.052
-0.054
-0.055
-0.056
-0.056
-0.055
-0.054
-0.052
-0.049
-0.047
-0.044
-0.041
-0.037
-0.032
-0.021
0.0
0.026
0.066
0.124
0.193
0.268
0.346
0.41
0.433
0.419
0.373
0.249
0.091
-0.065
-0.183
-0.229
-0.23
-0.188
-0.12
-0.082
-0.068
-0.067
-0.069
-0.069
-0.07
-0.07
-0.071
-0.071
-0.072
-0.073
-0.074
-0.075
-0.077
-0.077
-0.076
-0.074
-0.072
-0.069
-0.067
-0.065
-0.063
-0.061
-0.06
-0.058
-0.056
-0.054
-0.048
-0.041
-0.037
-0.036
-0.038
-0.039
-0.04
-0.04
-0.041
-0.043
-0.046
-0.048
-0.049
-0.048
-0.046
-0.044
-0.042
-0.041
-0.038
-0.035
-0.033
-0.031
-0.03
-0.032
-0.034
-0.038
-0.041
-0.046
-0.055
-0.053
-0.038
-0.024
-0.013
-0.003
0.003
0.01
0.018
0.03
0.039
0.044
0.048
0.052
0.055
0.057
0.056
0.055
0.052
0.05
0.047
0.043
0.038
0.036
0.037
0.04
0.043
0.045
0.047
0.049
0.05
0.051
0.052
0.048
0.043
0.036
0.03
0.026
0.022
0.018
0.014
0.01
0.007
0.004
0.003
0.001
0.0
0.0
0.0
0.0
0.0
0.0
0.0
0.0
-0.001
-0.001
-0.002
-0.003
-0.004
-0.005
-0.005
-0.005
-0.005
-0.005
-0.005
-0.005
-0.005
-0.005
-0.005
-0.005
-0.008
-0.011
-0.015
-0.016
-0.015
-0.01
-0.005
0.0
0.003
0.007
0.01
0.013
0.016
0.018
0.018
0.017
0.015
0.012
0.008
0.005
0.002
-0.001
-0.007
-0.013
-0.018
-0.019
-0.017
-0.012
-0.006
0.0
0.003
0.009
0.015
0.02
0.021
0.016
0.009
0.002
-0.001
-0.005
-0.009
-0.013
-0.016
-0.02
-0.022
-0.022
-0.023
-0.022
-0.022
-0.021
-0.021
-0.021
-0.02
-0.02
-0.019
-0.018
-0.017
-0.016
-0.014
-0.012
-0.01
-0.007
-0.004
-0.002
0.0
0.003
0.006
0.01
0.014
0.018
0.022
0.026
0.031
0.035
0.04
0.044
0.048
0.05
0.052
0.054
0.057
0.06
0.064
0.072
0.078
0.077
0.068
0.058
0.053
0.048
0.043
0.039
0.036
0.034
0.032
0.032
0.033
0.034
0.036
0.039
0.043
0.047
0.053
0.063
0.072
0.081
0.089
0.096
0.102
0.108
0.112
0.119
0.144
0.19
0.257
0.338
0.415
0.463
0.465
0.43
0.336
0.224
0.123
0.058
0.034
0.021
0.008
-0.003
-0.01
-0.015
-0.018
-0.021
-0.026
-0.033
-0.043
-0.056
-0.073
-0.074
-0.061
-0.042
-0.01
0.022
0.043
0.05
0.054
0.057
0.054
0.036
0.022
0.009
0.0
0.0
0.0
0.0
0.001
0.002
0.003
0.004
0.005
0.005
0.007
0.009
0.012
0.015
0.016
0.017
0.017
0.018
0.02
0.022
0.023
0.023
0.022
0.022
0.023
0.024
0.025
0.025
0.024
0.023
0.021
0.02
0.02
0.019
0.019
0.02
0.021
0.023
0.026
0.029
0.034
0.039
0.045
0.051
0.062
0.081
0.084
0.086
0.087
0.088
0.089
0.089
0.089
0.089
0.089
0.089
0.087
0.086
0.084
0.082
0.079
0.076
0.074
0.071
0.069
0.068
0.066
0.064
0.062
0.06
0.057
0.055
0.053
0.052
0.051
0.049
0.048
0.047
0.046
0.044
0.043
0.041
0.038
0.036
0.034
0.034
0.035
0.037
0.038
0.04
0.041
0.043
0.047
0.046
0.036
0.029
0.023
0.018
0.014
0.011
0.008
0.005
0.001
-0.005
-0.01
-0.01
-0.003
0.006
0.017
0.03
0.035
0.037
0.04
0.043
0.045
0.046
0.04
0.031
0.022
0.016
0.011
0.006
0.0
-0.003
-0.007
-0.008
-0.009
-0.008
-0.006
-0.003
0.0
0.006
