-0.011
-0.013
-0.015
-0.016
-0.018
-0.019
-0.025
-0.046
-0.065
-0.082
-0.093
-0.101
-0.108
-0.114
-0.119
-0.122
-0.124
-0.124
-0.124
-0.124
-0.123
-0.12
-0.117
-0.112
-0.106
-0.1
-0.085
-0.056
-0.03
-0.002
0.027
0.058
0.086
0.106
0.122
0.136
0.147
0.156
0.165
0.168
0.17
0.172
0.174
0.175
0.175
0.176
0.178
0.18
0.181
0.182
0.181
0.18
0.179
0.178
0.177
0.176
0.173
0.17
0.166
0.164
0.161
0.159
0.157
0.155
0.153
0.151
0.15
0.148
0.144
0.141
0.137
0.133
0.13
0.126
0.123
0.119
0.117
0.115
0.115
0.113
0.111
0.106
0.096
0.088
0.088
0.092
0.096
0.1
0.103
0.107
0.108
0.106
0.1
0.094
0.089
0.083
0.077
0.073
0.071
0.073
0.076
0.081
0.086
0.092
0.097
0.096
0.09
0.082
0.075
0.069
0.063
0.054
0.044
0.035
0.029
0.024
0.019
0.015
0.011
0.009
0.007
0.007
0.007
0.008
0.01
0.013
0.017
0.023
0.028
0.032
0.037
0.045
0.055
0.064
0.071
0.077
0.082
0.087
0.091
0.095
0.098
0.102
0.104
0.107
0.11
0.112
0.114
0.116
0.117
0.118
0.121
0.124
0.127
0.129
0.13
0.13
0.129
0.126
0.121
0.114
0.104
0.087
0.054
0.0
-0.066
-0.144
-0.232
-0.318
-0.386
-0.407
-0.392
-0.347
-0.232
-0.081
0.076
0.223
0.348
0.447
0.497
0.514
0.501
0.459
0.392
0.315
0.245
0.186
0.153
0.126
0.105
0.081
0.066
0.056
0.049
0.042
0.035
0.029
0.023
0.019
0.014
0.01
0.006
0.003
0.001
-0.001
-0.004
-0.008
-0.012
-0.015
-0.018
-0.021
-0.024
-0.03
-0.036
-0.038
-0.038
-0.039
-0.039
-0.04
-0.041
-0.041
-0.043
-0.044
-0.047
-0.051
-0.056
-0.062
-0.076
-0.104
-0.128
-0.146
-0.16
-0.17
-0.178
-0.186
-0.196
-0.208
-0.217
-0.226
-0.234
-0.242
-0.251
-0.258
-0.265
-0.272
-0.278
-0.283
-0.285
-0.283
-0.279
-0.271
-0.262
-0.244
-0.212
-0.181
-0.147
-0.116
-0.094
-0.079
-0.059
-0.031
-0.01
0.0
0.007
0.016
0.025
0.034
0.044
0.057
0.063
0.066
0.068
0.069
0.07
0.071
0.071
0.071
0.072
0.073
0.074
0.074
0.073
0.071
0.068
0.066
0.063
0.062
0.06
0.059
0.056
0.052
0.047
0.046
0.045
0.045
0.045
0.045
0.045
0.043
0.042
0.04
0.038
0.037
0.037
0.036
0.034
0.033
0.031
0.029
0.027
0.025
0.023
0.02
0.017
0.013
0.009
0.004
0.001
0.0
-0.001
0.0
0.001
0.003
0.006
0.01
0.014
0.018
0.023
0.029
0.034
0.039
0.042
0.04
0.034
0.026
0.015
0.004
-0.009
-0.022
-0.031
-0.039
-0.045
-0.051
-0.056
-0.06
-0.062
-0.059
-0.052
-0.044
-0.036
-0.031
-0.026
-0.02
-0.015
-0.01
-0.005
0.0
0.003
0.007
0.011
0.017
0.024
0.036
0.047
0.057
0.067
0.077
0.091
0.109
0.127
0.144
0.159
0.17
0.179
0.187
0.193
0.195
0.192
0.183
0.172
0.16
0.144
0.132
0.122
0.115
0.109
0.103
0.096
0.091
0.086
0.081
0.059
0.011
-0.058
-0.146
-0.236
-0.293
-0.313
-0.312
-0.288
-0.225
-0.113
0.026
0.177
0.323
0.449
0.528
0.555
0.547
0.522
0.46
0.381
0.301
0.233
0.178
0.128
0.098
0.079
0.069
0.06
0.051
0.043
0.039
0.036
0.033
0.031
0.028
0.025
0.022
0.017
0.013
0.008
0.004
0.0
-0.003
-0.007
-0.012
-0.019
-0.027
-0.035
-0.041
-0.047
-0.053
-0.058
-0.063
-0.067
-0.071
-0.074
-0.077
-0.079
-0.083
-0.086
-0.088
-0.092
-0.096
-0.102
-0.112
-0.129
-0.148
-0.163
-0.174
-0.185
-0.197
-0.209
-0.223
-0.238
-0.25
-0.258
-0.266
-0.273
-0.279
-0.286
-0.292
-0.299
-0.308
-0.312
-0.306
-0.294
-0.281
-0.265
-0.248
-0.224
-0.196
-0.171
-0.152
-0.136
-0.115
-0.088
-0.064
-0.047
-0.03
-0.014
0.0
0.004
0.005
0.005
0.005
0.005
0.006
0.007
0.008
0.008
0.009
0.011
0.014
0.017
0.019
0.022
0.024
0.027
0.031
0.034
0.037
0.039
0.041
0.042
0.042
0.042
0.042
0.041
0.039
0.038
0.038
0.037
0.037
0.035
0.032
0.027
0.022
0.022
0.026
0.031
0.033
0.036
0.038
0.041
0.044
0.046
0.046
0.046
0.045
0.043
0.041
0.037
0.034
0.032
0.032
0.033
0.035
0.035
0.036
0.037
0.039
0.036
0.028
0.019
0.013
0.007
0.002
-0.002
-0.007
-0.011
-0.015
-0.018
-0.02
-0.022
-0.024
-0.025
-0.026
-0.026
-0.027
-0.027
-0.028
-0.029
-0.031
-0.032
-0.033
-0.032
-0.029
-0.025
-0.02
-0.016
-0.014
-0.01
-0.007
-0.004
0.0
0.001
0.003
0.005
0.006
0.007
0.008
0.008
0.007
0.007
0.006
0.005
0.003
0.002
0.0
-0.002
-0.005
-0.01
-0.014
-0.026
-0.058
-0.121
-0.203
-0.301
-0.404
-0.496
-0.546
-0.543
-0.476
-0.308
-0.077
0.167
0.382
0.531
0.576
0.571
0.5
0.398
0.306
0.237
0.183
0.133
0.101
0.074
0.054
0.033
0.022
0.015
0.01
0.005
0.001
-0.002
-0.006
-0.01
-0.014
-0.017
-0.02
-0.023
-0.024
-0.025
-0.026
-0.026
-0.026
-0.026
-0.026
-0.027
-0.028
-0.03
-0.031
-0.032
-0.033
-0.034
-0.035
-0.037
-0.038
-0.04
-0.042
-0.045
-0.051
-0.069
-0.088
-0.099
-0.106
-0.112
-0.118
-0.122
-0.127
-0.131
-0.135
-0.139
-0.144
-0.153
-0.167
-0.18
-0.197
-0.222
-0.241
-0.252
-0.26
-0.263
-0.26
-0.254
-0.245
-0.237
-0.225
-0.214
-0.204
-0.186
-0.159
-0.133
-0.114
-0.096
-0.079
-0.062
-0.043
-0.025
-0.007
0.011
0.029
0.043
0.055
0.064
0.072
0.079
0.086
0.094
0.104
0.114
0.121
0.127
0.132
0.137
0.141
0.142
0.141
0.137
0.131
0.125
0.12
0.116
0.112
0.108
0.105
0.101
0.098
0.094
0.091
0.089
0.089
0.09
0.092
0.094
0.096
0.098
0.1
0.103
0.105
0.107
0.109
0.112
0.116
0.12
0.123
0.124
0.124
0.123
0.12
0.118
0.116
0.114
0.111
0.107
0.104
0.101
0.1
0.101
0.102
0.102
0.102
0.102
0.103
0.104
0.105
0.105
0.105
0.105
0.105
0.104
0.104
0.104
0.102
0.1
0.099
0.098
0.097
0.096
0.094
0.091
0.088
0.086
0.084
0.082
0.079
0.076
0.072
0.069
0.065
0.058
0.051
0.047
0.049
0.054
0.061
0.068
0.079
0.085
0.087
0.089
0.093
0.097
0.098
0.097
0.095
0.095
0.094
0.094
0.094
0.093
0.092
0.09
0.088
0.086
0.085
0.083
0.081
0.077
0.072
0.065
0.031
-0.019
-0.094
-0.192
-0.306
-0.418
-0.494
-0.503
-0.47
-0.348
-0.161
0.058
0.275
0.453
0.541
0.57
0.548
0.48
0.399
0.322
0.246
0.177
0.117
0.086
0.067
0.057
0.048
0.038
0.03
0.024
0.019
0.015
0.01
0.006
0.001
-0.003
-0.008
-0.014
-0.02
-0.025
-0.028
-0.032
-0.034
-0.037
-0.039
-0.041
-0.044
-0.047
-0.05
-0.053
-0.055
-0.056
-0.057
-0.058
-0.059
-0.059
-0.06
-0.062
-0.066
-0.077
-0.092
-0.113
-0.144
-0.166
-0.177
-0.185
-0.193
-0.201
-0.207
-0.214
-0.223
-0.234
-0.246
-0.259
-0.271
-0.283
-0.29
-0.292
-0.293
-0.294
-0.296
-0.297
-0.298
-0.298
-0.297
-0.293
-0.288
-0.281
-0.271
-0.254
-0.236
-0.217
-0.198
-0.182
-0.161
-0.135
-0.114
-0.099
-0.086
-0.073
-0.06
-0.041
-0.028
-0.019
-0.012
-0.006
-0.001
0.001
0.004
0.006
0.007
0.009
0.011
0.012
0.013
0.013
0.012
0.013
0.013
0.015
0.016
0.017
0.017
0.018
0.018
0.019
0.02
0.02
0.02
0.019
0.018
0.019
0.02
0.021
0.021
0.021
0.02
0.019
0.019
0.018
0.018
0.017
0.016
0.015
0.013
0.012
0.011
0.011
0.011
0.011
0.011
0.011
0.012
0.014
0.016
0.018
0.02
0.022
0.023
0.025
0.027
0.029
0.031
0.033
0.034
0.035
0.037
0.039
0.04
0.041
0.042
0.043
0.044
0.045
0.046
0.048
0.049
0.049
0.05
0.05
0.051
0.052
0.052
0.052
0.051
0.049
0.048
0.046
0.045
0.043
0.042
0.041
0.039
0.038
0.037
0.035
0.033
0.029
0.025
0.02
0.018
0.019
0.023
0.029
0.037
0.048
0.066
0.075
0.079
0.083
0.085
0.088
0.09
0.092
0.094
0.096
0.097
0.097
0.097
0.097
0.096
0.094
0.092
0.09
0.087
0.082
0.077
0.072
0.042
-0.005
-0.071
-0.15
-0.238
-0.325
-0.396
-0.426
-0.419
-0.354
-0.204
0.006
0.239
0.449
0.599
0.649
0.645
0.58
0.479
0.369
0.262
0.176
0.126
0.112
0.104
0.098
0.094
0.089
0.086
0.083
0.079
0.076
0.073
0.07
0.066
0.062
0.057
0.052
0.047
0.043
0.04
0.038
0.036
0.035
0.034
0.033
0.032
0.03
0.028
0.026
0.025
0.023
0.021
0.02
0.019
0.019
0.018
0.017
0.016
0.014
0.012
0.008
0.004
-0.001
-0.014
-0.026
-0.034
-0.042
-0.051
-0.064
-0.086
-0.104
-0.12
-0.131
-0.136
-0.14
-0.142
-0.144
-0.146
-0.148
-0.15
-0.152
-0.153
-0.154
-0.155
-0.158
-0.16
-0.159
-0.15
-0.136
-0.113
-0.078
-0.042
-0.017
-0.007
0.0
0.01
0.022
0.04
0.065
0.085
0.097
0.108
0.118
0.132
0.146
0.153
0.157
0.16
0.161
0.163
0.163
0.164
0.164
0.161
0.157
0.152
0.145
0.129
0.114
0.111
0.109
0.108
0.107
0.108
0.112
0.116
0.118
0.121
0.124
0.127
0.128
0.127
0.124
0.118
0.112
0.107
0.102
0.097
0.091
0.086
0.08
0.075
0.07
0.065
0.062
0.059
0.056
0.053
0.051
0.05
0.049
0.048
0.048
0.048
0.047
0.047
0.046
0.045
0.045
0.044
0.043
0.042
0.041
0.041
0.041
0.041
0.04
0.039
0.037
0.034
0.031
0.028
0.024
0.017
0.008
0.001
-0.006
-0.02
-0.038
-0.047
-0.052
-0.057
-0.059
-0.059
-0.055
-0.048
-0.041
-0.035
-0.028
-0.021
-0.016
-0.015
-0.018
-0.024
-0.029
-0.034
-0.04
-0.045
-0.048
-0.045
-0.041
-0.034
-0.028
-0.019
-0.013
-0.011
-0.009
-0.007
-0.005
-0.003
-0.001
0.0
0.0
-0.002
-0.004
-0.006
-0.008
-0.012
-0.015
-0.017
-0.018
-0.016
-0.013
-0.009
-0.002
0.006
-0.005
-0.038
-0.102
-0.189
-0.296
-0.418
-0.542
-0.647
-0.685
-0.673
-0.569
-0.365
-0.106
0.158
0.391
0.553
0.598
0.59
0.498
0.371
0.238
0.123
0.042
-0.007
-0.032
-0.047
-0.057
-0.068
-0.082
-0.09
-0.096
-0.101
-0.106
-0.11
-0.114
-0.117
-0.119
-0.121
-0.123
-0.125
-0.128
-0.13
-0.133
-0.135
-0.136
-0.136
-0.135
-0.132
-0.129
-0.126
-0.122
-0.117
-0.112
-0.11
-0.113
-0.121
-0.13
-0.136
-0.144
-0.151
-0.157
-0.161
-0.161
-0.161
-0.16
-0.16
-0.159
-0.158
-0.155
-0.157
-0.168
-0.185
-0.206
-0.226
-0.246
-0.265
-0.284
-0.295
-0.302
-0.307
-0.309
-0.307
-0.3
-0.292
-0.281
-0.264
-0.249
-0.235
-0.223
-0.212
-0.201
-0.183
-0.161
-0.139
-0.117
-0.094
-0.066
-0.041
-0.023
-0.012
-0.006
-0.001
0.001
0.006
0.011
0.017
0.024
0.039
0.064
0.083
0.098
0.108
0.114
0.121
0.126
0.126
0.12
0.112
0.105
0.096
0.09
0.09
0.092
0.094
0.095
0.097
0.098
0.099
0.1
0.101
0.102
0.103
0.102
0.102
0.1
0.098
0.095
0.092
0.091
0.09
0.089
0.088
0.087
0.085
0.084
0.083
0.082
0.082
0.082
0.08
0.079
0.078
0.078
0.078
0.077
0.077
0.076
0.075
0.074
0.073
0.072
0.071
0.07
0.068
0.066
0.065
0.063
0.061
0.058
0.055
0.053
0.05
0.049
0.048
0.046
0.044
0.042
0.04
0.037
0.031
0.028
0.033
0.042
0.048
0.054
0.059
0.062
0.058
0.05
0.041
0.031
0.016
0.009
0.006
0.003
0.0
-0.002
-0.002
0.004
0.014
0.023
0.033
0.043
0.052
0.062
0.072
0.082
0.092
0.099
0.106
0.12
0.14
0.153
0.161
0.164
0.159
0.146
0.132
0.113
0.097
0.077
0.049
0.019
-0.009
-0.059
-0.123
-0.21
-0.315
-0.42
-0.488
-0.492
-0.442
-0.282
-0.044
0.234
0.499
0.694
0.781
0.785
0.713
0.584
0.441
0.309
0.208
0.15
0.132
0.122
0.114
0.109
0.104
0.095
0.082
0.064
0.057
0.053
0.05
0.047
0.046
0.045
0.044
0.042
0.041
0.04
0.037
0.035
0.032
0.031
0.03
0.03
0.029
0.027
0.025
0.023
0.02
0.018
0.014
0.009
0.003
-0.001
-0.006
-0.012
-0.017
-0.024
-0.034
-0.044
-0.054
-0.064
-0.073
-0.083
-0.093
-0.101
-0.109
-0.117
-0.125
-0.137
-0.152
-0.168
-0.184
-0.195
-0.202
-0.205
-0.209
-0.212
-0.214
-0.216
-0.216
-0.216
-0.214
-0.21
-0.204
-0.197
-0.183
-0.156
-0.134
-0.117
-0.102
-0.082
-0.057
-0.037
-0.022
-0.003
0.013
0.027
0.042
0.059
0.073
0.087
0.099
0.109
0.117
0.122
0.126
0.13
0.132
0.134
0.135
0.134
0.131
0.125
0.119
0.114
0.11
0.107
0.105
0.102
0.099
0.097
0.095
0.093
0.092
0.09
0.088
0.088
0.088
0.088
0.088
0.088
0.087
0.086
0.086
0.085
0.084
0.082
0.08
0.078
0.077
0.076
0.076
0.076
0.075
0.073
0.071
0.068
0.064
0.059
0.056
0.054
0.055
0.057
0.061
0.066
0.071
0.079
0.086
0.086
0.078
0.068
0.063
0.059
0.056
0.052
0.05
0.048
0.046
0.045
0.044
0.043
0.042
0.04
0.038
0.036
0.034
0.033
0.031
0.029
0.027
0.025
0.024
0.023
0.022
0.02
0.016
0.01
0.006
0.007
0.014
0.023
0.031
0.035
0.038
0.041
0.045
0.05
0.054
0.059
0.064
0.067
0.071
0.073
0.075
0.075
0.074
0.072
0.07
0.068
0.064
0.061
0.057
0.052
0.046
0.039
0.032
0.012
-0.03
-0.095
-0.175
-0.272
-0.381
-0.489
-0.567
-0.594
-0.563
-0.468
-0.263
-0.003
0.273
0.511
0.66
0.683
0.648
0.515
0.369
0.252
0.182
0.155
0.141
0.128
0.115
0.096
0.076
0.055
0.035
0.009
-0.025
-0.041
-0.047
-0.051
-0.054
-0.056
-0.057
-0.058
-0.059
-0.059
-0.058
-0.058
-0.059
-0.061
-0.062
-0.064
-0.066
-0.067
-0.069
-0.071
-0.072
-0.073
-0.074
-0.075
-0.076
-0.078
-0.081
-0.085
-0.09
-0.094
-0.099
-0.104
-0.109
-0.114
-0.117
-0.121
-0.126
-0.131
-0.145
-0.174
-0.201
-0.234
-0.258
-0.271
-0.281
-0.291
-0.301
-0.31
-0.318
-0.327
-0.335
-0.34
-0.34
-0.335
-0.327
-0.315
-0.295
-0.255
-0.209
-0.169
-0.132
-0.098
-0.077
-0.065
-0.055
-0.047
-0.04
-0.03
-0.017
0.0
0.025
0.052
0.068
0.079
0.091
0.103
0.112
0.12
0.127
0.135
0.143
0.15
0.158
0.169
0.175
0.169
0.159
0.151
0.142
0.134
0.124
0.116
0.111
0.106
0.101
0.097
0.093
0.092
0.093
0.095
0.098
0.101
0.104
0.106
0.109
0.114
0.118
0.12
0.118
0.112
0.106
0.099
0.094
0.088
0.082
0.075
0.072
0.07
0.069
0.069
0.067
0.064
0.08
0.09
0.097
0.103
0.108
0.111
0.112
0.11
0.106
0.102
0.097
0.092
0.086
0.077
0.066
0.057
0.046
0.025
0.005
-0.003
-0.009
-0.008
0.007
0.022
0.037
0.048
0.056
0.064
0.073
0.078
0.074
0.066
0.052
0.033
0.024
0.02
0.016
0.013
0.011
0.009
0.008
0.007
0.007
0.007
0.008
0.01
0.014
0.018
0.023
0.027
0.031
0.037
0.05
0.061
0.072
0.08
0.089
0.095
0.098
0.097
0.093
0.088
0.081
0.07
0.057
0.043
0.031
0.017
0.0
-0.027
-0.092
-0.188
-0.302
-0.418
-0.522
-0.586
-0.586
-0.525
-0.352
-0.116
0.142
0.389
0.581
0.665
0.669
0.605
0.482
0.348
0.227
0.141
0.102
0.091
0.084
0.077
0.071
0.065
0.056
0.043
0.03
0.012
-0.011
-0.025
-0.031
-0.036
-0.039
-0.042
-0.044
-0.046
-0.047
-0.047
-0.048
-0.049
-0.051
-0.053
-0.056
-0.057
-0.054
-0.048
-0.042
-0.036
-0.03
-0.025
-0.022
-0.025
-0.032
-0.04
-0.051
-0.067
-0.083
-0.103
-0.132
-0.157
-0.175
-0.183
-0.19
-0.195
-0.198
-0.194
-0.188
-0.182
-0.176
-0.173
-0.181
-0.196
-0.209
-0.222
-0.232
-0.239
-0.245
-0.25
-0.255
-0.26
-0.263
-0.264
-0.261
-0.255
-0.247
-0.234
-0.207
-0.178
-0.146
-0.121
-0.105
-0.089
-0.075
-0.062
-0.048
-0.034
-0.017
0.009
0.045
0.084
0.111
0.121
0.128
0.132
0.134
0.131
0.122
0.112
0.104
0.095
0.086
0.083
0.088
0.097
0.107
0.116
0.126
0.134
0.139
0.14
0.141
0.143
0.145
0.148
0.144
0.123
0.108
0.094
0.084
0.078
0.075
0.073
0.069
0.063
0.066
0.086
0.098
0.106
0.113
0.119
0.122
0.122
0.118
0.111
0.105
0.099
0.095
0.092
0.09
0.087
0.085
0.082
0.08
0.078
0.077
