-0.051
-0.028
-0.015
-0.006
0.001
0.008
0.017
0.028
0.035
0.038
0.041
0.042
0.044
0.046
0.048
0.05
0.051
0.053
0.055
0.057
0.059
0.061
0.062
0.062
0.06
0.057
0.053
0.046
0.034
0.029
0.025
0.022
0.021
0.022
0.025
0.029
0.037
0.047
0.05
0.053
0.054
0.054
0.05
0.044
0.04
0.034
0.029
0.024
0.02
0.017
0.014
0.011
0.009
0.007
0.007
0.007
0.008
0.01
0.013
0.016
0.03
0.054
0.093
0.161
0.266
0.407
0.569
0.726
0.843
0.881
0.812
0.637
0.393
0.133
-0.091
-0.235
-0.275
-0.275
-0.241
-0.213
-0.204
-0.197
-0.193
-0.176
-0.134
-0.088
-0.052
-0.041
-0.036
-0.033
-0.043
-0.06
-0.076
-0.086
-0.092
-0.083
-0.075
-0.069
-0.066
-0.066
-0.07
-0.075
-0.08
-0.087
-0.091
-0.094
-0.097
-0.1
-0.099
-0.09
-0.086
-0.083
-0.081
-0.079
-0.077
-0.075
-0.073
-0.071
-0.069
-0.068
-0.065
-0.063
-0.058
-0.049
-0.041
-0.03
-0.018
-0.007
0.006
0.018
0.025
0.029
0.031
0.033
0.034
0.036
0.036
0.033
0.029
0.025
0.034
0.049
0.065
0.074
0.078
0.081
0.083
0.084
0.083
0.08
0.077
0.073
0.069
0.064
0.059
0.055
0.051
0.046
0.038
0.032
0.027
0.023
0.02
0.02
0.022
0.025
0.027
0.029
0.03
0.032
0.034
0.036
0.039
0.043
0.047
0.053
0.062
0.069
0.078
0.088
0.092
0.095
0.097
0.099
0.099
0.097
0.093
0.089
0.085
0.079
0.075
0.078
0.084
0.092
0.101
0.106
0.109
0.112
0.114
0.114
0.112
0.109
0.108
0.106
0.105
0.103
0.099
0.094
0.089
0.086
0.082
0.079
0.077
0.075
0.074
0.073
0.073
0.073
0.073
0.075
0.076
0.08
0.084
0.101
0.145
0.211
0.304
0.422
0.56
0.707
0.844
0.941
0.968
0.896
0.722
0.476
0.208
-0.029
-0.182
-0.224
-0.223
-0.176
-0.122
-0.098
-0.089
-0.083
-0.07
-0.049
-0.025
-0.013
-0.003
0.003
0.008
0.011
0.014
0.017
0.017
0.014
0.01
0.002
-0.01
-0.019
-0.023
-0.025
-0.028
-0.031
-0.034
-0.037
-0.039
-0.041
-0.045
-0.049
-0.053
-0.056
-0.058
-0.06
-0.062
-0.064
-0.064
-0.06
-0.054
-0.049
-0.044
-0.04
-0.035
-0.032
-0.028
-0.022
-0.014
-0.01
-0.008
-0.006
-0.005
-0.005
-0.004
-0.003
-0.001
0.0
0.001
0.003
0.005
0.008
0.014
0.028
0.038
0.045
0.049
0.052
0.055
0.058
0.057
0.049
0.043
0.037
0.031
0.026
0.021
0.013
0.001
-0.004
-0.008
-0.011
-0.013
-0.014
-0.012
-0.009
-0.006
-0.003
0.0
0.002
0.005
0.008
0.009
0.009
0.006
0.003
0.0
-0.002
-0.007
-0.01
-0.011
-0.008
-0.005
-0.001
0.002
0.006
0.009
0.011
0.015
0.018
0.01
0.001
-0.005
-0.008
-0.003
0.006
0.016
0.027
0.034
0.037
0.04
0.044
0.046
0.043
0.038
0.023
0.005
0.0
-0.003
-0.006
-0.008
-0.009
-0.01
-0.011
-0.013
-0.014
-0.015
-0.015
-0.016
-0.016
-0.017
-0.018
-0.018
-0.02
-0.021
-0.024
-0.016
0.007
0.051
0.119
0.219
0.355
0.522
0.699
0.848
0.927
0.898
0.748
0.494
0.191
-0.089
-0.287
-0.364
-0.37
-0.324
-0.261
-0.215
-0.186
-0.173
-0.155
-0.135
-0.11
-0.085
-0.074
-0.07
-0.069
-0.068
-0.068
-0.067
-0.067
-0.067
-0.068
-0.067
-0.067
-0.066
-0.065
-0.065
-0.065
-0.065
-0.064
-0.063
-0.062
-0.06
-0.058
-0.053
-0.038
-0.03
-0.027
-0.024
-0.022
-0.02
-0.019
-0.018
-0.017
-0.016
-0.015
-0.014
-0.013
-0.012
-0.012
-0.012
-0.012
-0.012
-0.011
-0.011
-0.01
-0.009
-0.007
-0.003
0.001
0.009
0.018
0.028
0.035
0.045
0.057
0.067
0.074
0.08
0.085
0.09
0.092
0.089
0.083
0.077
0.071
0.064
0.057
0.048
0.038
0.029
0.024
0.02
0.018
0.015
0.013
0.01
0.008
0.005
0.002
-0.003
-0.012
-0.015
-0.017
-0.019
-0.021
-0.021
-0.021
-0.017
-0.012
-0.006
-0.002
0.002
0.008
0.012
0.015
0.018
0.019
0.02
0.021
0.022
0.023
0.024
0.024
0.024
0.024
0.025
0.026
0.027
0.027
0.027
0.027
0.027
0.027
0.027
0.026
0.025
0.024
0.023
0.022
0.022
0.022
0.021
0.02
0.019
0.017
0.013
0.01
0.009
0.012
0.015
0.019
0.024
0.026
0.023
0.017
0.006
-0.005
-0.011
-0.015
-0.014
0.0
0.036
0.105
0.201
0.325
0.471
0.631
0.778
0.86
0.857
0.757
0.518
0.21
-0.088
-0.3
-0.371
-0.373
-0.308
-0.237
-0.198
-0.187
-0.18
-0.175
-0.157
-0.125
-0.087
-0.063
-0.054
-0.06
-0.071
-0.08
-0.083
-0.086
-0.087
-0.085
-0.08
-0.072
-0.06
-0.053
-0.049
-0.046
-0.046
-0.047
-0.051
-0.056
-0.061
-0.068
-0.073
-0.077
-0.08
-0.082
-0.085
-0.087
-0.086
-0.084
-0.081
-0.077
-0.073
-0.067
-0.061
-0.055
-0.047
-0.032
-0.024
-0.021
-0.018
-0.016
-0.014
-0.012
-0.011
-0.009
-0.008
-0.006
-0.005
-0.003
-0.001
0.002
0.009
0.016
0.022
0.027
0.03
0.032
0.036
0.039
0.033
0.022
0.01
0.005
0.003
0.002
0.001
0.0
0.0
-0.001
-0.002
-0.004
-0.006
-0.007
-0.008
-0.009
-0.01
-0.013
-0.016
-0.025
-0.038
-0.043
-0.046
-0.048
-0.05
-0.05
-0.049
-0.047
-0.044
-0.04
-0.034
-0.025
-0.018
-0.01
0.001
0.014
0.025
0.033
0.038
0.038
0.029
0.019
0.01
0.006
0.004
0.001
0.0
0.004
0.011
0.02
0.029
0.033
0.036
0.037
0.038
0.039
0.038
0.037
0.033
0.03
0.026
0.021
0.016
0.014
0.013
0.012
0.011
0.009
0.009
0.008
0.008
0.008
0.008
0.009
0.01
0.011
0.013
0.016
0.021
0.034
0.061
0.108
0.177
0.269
0.382
0.515
0.654
0.768
0.821
0.781
0.632
0.394
0.117
-0.131
-0.3
-0.358
-0.362
-0.322
-0.266
-0.231
-0.216
-0.197
-0.174
-0.148
-0.124
-0.112
-0.103
-0.096
-0.089
-0.085
-0.083
-0.082
-0.081
-0.08
-0.078
-0.076
-0.074
-0.072
-0.07
-0.068
-0.066
-0.064
-0.062
-0.06
-0.058
-0.057
-0.057
-0.057
-0.057
-0.057
-0.058
-0.06
-0.062
-0.065
-0.071
-0.079
-0.083
-0.087
-0.086
-0.079
-0.068
-0.054
-0.047
-0.043
-0.039
-0.035
-0.031
-0.027
-0.021
-0.015
-0.009
-0.003
0.004
0.01
0.018
0.029
0.037
0.042
0.045
0.046
0.044
0.042
0.038
0.034
0.029
0.023
0.017
0.013
0.01
0.008
0.005
0.003
0.0
-0.002
-0.005
-0.013
-0.025
-0.03
-0.033
-0.035
-0.036
-0.035
-0.032
-0.028
-0.022
-0.014
-0.012
-0.011
-0.01
-0.008
-0.007
-0.006
-0.004
-0.002
0.0
0.003
0.006
0.011
0.016
0.02
0.024
0.026
0.028
0.03
0.032
0.034
0.035
0.034
0.032
0.03
0.028
0.026
0.024
0.022
0.02
0.018
0.016
0.016
0.018
0.022
0.025
0.029
0.034
0.041
0.047
0.048
0.044
0.039
0.034
0.029
0.024
0.02
0.016
0.013
0.009
0.006
0.003
0.0
0.0
0.0
0.0
0.002
0.005
0.01
0.026
0.078
0.154
0.253
0.374
0.517
0.669
0.803
0.88
0.861
0.726
0.494
0.223
-0.026
-0.21
-0.292
-0.304
-0.285
-0.25
-0.213
-0.179
-0.15
-0.12
-0.09
-0.061
-0.035
-0.021
-0.015
-0.011
-0.009
-0.007
-0.006
-0.005
-0.005
-0.004
-0.004
-0.003
-0.003
-0.003
-0.003
-0.003
-0.002
-0.001
-0.002
-0.004
-0.008
-0.013
-0.024
-0.034
-0.038
-0.041
-0.04
-0.032
-0.026
-0.021
-0.015
-0.01
-0.005
0.001
0.01
0.019
0.027
0.032
0.036
0.041
0.046
0.056
0.069
0.075
0.078
0.081
0.082
0.083
0.084
0.085
0.085
0.086
0.087
0.087
0.088
0.088
0.089
0.09
0.091
0.091
0.09
0.089
0.088
0.086
0.084
0.082
0.08
0.077
0.075
0.071
0.067
0.062
0.049
0.037
0.034
0.033
0.032
0.031
0.031
0.03
0.03
0.03
0.03
0.031
0.031
0.033
0.034
0.037
0.04
0.047
0.05
0.054
0.057
0.046
0.038
0.032
0.028
0.025
0.024
0.025
0.027
0.031
0.036
0.047
0.06
0.065
0.068
0.062
0.051
0.037
0.029
0.025
0.022
0.02
0.021
0.022
0.024
0.028
0.035
0.045
0.053
0.058
0.051
0.04
0.025
0.014
0.008
0.003
0.0
-0.003
-0.006
-0.009
-0.011
-0.014
-0.015
-0.016
-0.017
-0.021
-0.018
0.006
0.054
0.129
0.236
0.37
0.524
0.68
0.815
0.876
0.869
0.767
0.558
0.305
0.063
-0.119
-0.219
-0.234
-0.239
-0.242
-0.243
-0.243
-0.24
-0.232
-0.209
-0.16
-0.11
-0.068
-0.057
-0.052
-0.063
-0.083
-0.099
-0.106
-0.11
-0.111
-0.108
-0.101
-0.089
-0.077
-0.072
-0.069
-0.067
-0.066
-0.066
-0.069
-0.073
-0.077
-0.081
-0.087
-0.092
-0.097
-0.1
-0.104
-0.109
-0.112
-0.11
-0.103
-0.094
-0.08
-0.07
-0.065
-0.061
-0.057
-0.053
-0.049
-0.045
-0.042
-0.038
-0.033
-0.025
-0.011
-0.001
0.007
0.015
0.019
0.022
0.024
0.027
0.028
0.03
0.031
0.032
0.033
0.035
0.037
0.039
0.04
0.038
0.035
0.03
0.023
0.011
0.0
-0.008
-0.015
-0.022
-0.027
-0.032
-0.037
-0.041
-0.045
-0.047
-0.047
-0.044
-0.041
-0.038
-0.036
-0.034
-0.031
-0.027
-0.022
-0.016
-0.009
-0.006
-0.008
-0.011
-0.013
-0.014
-0.016
-0.017
-0.018
-0.018
-0.017
-0.014
-0.01
-0.007
-0.003
0.0
0.003
0.007
0.011
0.014
0.016
0.019
0.022
0.025
0.029
0.033
0.035
0.034
0.032
0.029
0.024
0.017
0.004
-0.008
-0.019
-0.023
-0.027
-0.029
-0.029
-0.027
-0.022
-0.018
-0.011
0.0
0.007
0.012
0.017
0.02
0.022
0.023
0.024
0.03
0.055
0.099
0.17
0.276
0.417
0.578
0.733
0.847
0.889
0.831
0.669
0.428
0.165
-0.061
-0.214
-0.262
-0.264
-0.23
-0.191
-0.166
-0.154
-0.144
-0.128
-0.115
-0.109
-0.104
-0.1
-0.097
-0.095
-0.091
-0.077
-0.054
-0.045
-0.04
-0.037
-0.038
-0.047
-0.056
-0.066
-0.074
-0.084
-0.093
-0.097
-0.1
-0.092
-0.085
-0.08
-0.076
-0.072
-0.068
-0.061
-0.051
-0.044
-0.039
-0.045
-0.049
-0.052
-0.055
-0.056
-0.057
-0.057
-0.055
-0.052
-0.048
-0.04
-0.027
-0.02
-0.016
-0.012
-0.008
-0.004
0.0
0.008
0.023
0.033
0.039
0.043
0.045
0.046
0.047
0.048
0.05
0.051
0.048
0.041
0.035
0.029
0.024
0.019
0.015
0.012
0.009
0.006
0.002
0.0
-0.004
-0.013
-0.022
-0.026
-0.029
-0.029
-0.022
-0.016
-0.011
-0.005
0.0
0.01
0.019
0.025
0.029
0.02
0.013
0.009
0.006
0.003
0.001
0.001
0.002
0.004
0.006
0.007
0.007
0.008
0.009
0.011
0.013
0.014
0.015
0.017
0.018
0.019
0.021
0.022
0.024
0.028
0.036
0.04
0.043
0.043
0.035
0.025
0.01
0.0
-0.004
-0.007
-0.008
-0.007
-0.004
0.0
0.008
0.022
0.032
0.039
0.042
0.038
0.03
0.02
0.009
0.001
-0.005
-0.011
-0.012
-0.006
0.009
0.054
0.126
0.232
0.369
0.524
0.681
0.807
0.87
0.837
0.705
0.495
0.245
0.008
-0.167
-0.25
-0.262
-0.241
-0.184
-0.151
-0.14
-0.148
-0.157
-0.165
-0.164
-0.155
-0.141
-0.123
-0.106
-0.089
-0.079
-0.074
-0.069
-0.064
-0.058
-0.054
-0.051
-0.049
-0.047
-0.046
-0.046
-0.046
-0.047
-0.049
-0.052
-0.055
-0.062
-0.076
-0.083
-0.087
-0.09
-0.092
-0.094
-0.093
-0.092
-0.089
-0.085
-0.078
-0.066
-0.06
-0.056
-0.053
-0.049
-0.045
-0.04
-0.031
-0.016
-0.003
0.004
0.011
0.015
0.018
0.02
0.022
0.025
0.027
0.03
0.032
0.034
0.038
0.046
0.06
0.076
0.087
0.093
0.096
0.086
0.071
0.053
0.034
0.017
0.0
-0.011
-0.017
-0.022
-0.02
-0.01
-0.005
-0.001
0.002
0.005
0.006
0.006
0.006
0.004
0.002
0.0
-0.001
-0.003
-0.007
-0.01
-0.013
-0.013
-0.011
-0.008
-0.004
0.003
0.014
0.02
0.024
0.026
0.024
0.02
0.017
0.016
0.015
0.015
0.014
0.014
0.013
0.013
0.013
0.013
0.014
0.015
0.017
0.018
0.019
0.021
0.024
0.024
0.022
0.018
0.012
0.004
-0.005
-0.015
-0.019
-0.022
-0.024
-0.027
-0.028
-0.029
-0.03
-0.03
-0.03
-0.03
-0.03
-0.029
-0.027
-0.024
-0.02
-0.016
-0.001
0.027
0.081
0.166
0.286
0.442
0.621
0.797
0.911
0.918
0.839
0.608
0.307
0.011
-0.213
-0.319
-0.334
-0.308
-0.25
-0.204
-0.187
-0.177
-0.165
-0.143
-0.108
-0.082
-0.076
-0.071
-0.068
-0.065
-0.062
-0.059
-0.057
-0.054
-0.045
-0.03
-0.021
-0.014
-0.012
-0.016
-0.024
-0.032
-0.042
-0.052
-0.058
-0.063
-0.066
-0.069
-0.069
-0.066
-0.062
-0.058
-0.055
-0.052
-0.049
-0.047
-0.044
-0.041
-0.039
-0.036
-0.034
-0.031
-0.029
-0.026
-0.023
-0.019
-0.015
-0.011
-0.006
0.0
0.008
0.015
0.02
0.026
0.033
0.039
0.046
0.052
0.056
0.06
0.064
0.07
0.074
0.079
0.084
0.087
0.089
0.087
0.083
0.078
0.073
0.067
0.061
0.055
0.049
0.045
0.041
0.037
0.033
0.029
0.027
0.024
0.022
0.019
0.015
0.012
0.009
0.008
0.007
0.005
0.001
0.002
0.011
0.019
0.025
0.031
0.035
0.038
0.04
0.042
0.043
0.045
0.046
0.048
0.049
0.05
0.05
0.051
0.051
0.05
0.05
0.051
0.051
0.051
0.053
0.055
0.054
0.044
0.038
0.035
0.032
0.029
0.027
0.025
0.023
0.022
0.02
0.018
0.017
0.015
0.014
0.014
0.013
0.011
0.009
0.007
0.006
0.006
0.006
0.007
0.009
0.012
0.016
0.03
0.06
0.11
0.18
0.272
0.393
0.545
0.717
0.874
0.941
0.926
0.782
0.518
0.22
-0.039
-0.207
-0.25
-0.248
-0.193
-0.139
-0.124
-0.122
-0.119
-0.113
-0.103
-0.086
-0.065
-0.057
-0.052
-0.048
-0.045
-0.043
-0.043
-0.042
-0.041
-0.041
-0.041
-0.042
-0.043
-0.045
-0.047
-0.048
-0.049
-0.05
-0.051
-0.053
-0.055
-0.057
-0.057
-0.056
-0.052
-0.046
-0.041
-0.037
-0.031
-0.025
-0.022
-0.02
-0.019
-0.018
-0.017
-0.016
-0.015
-0.014
-0.013
-0.012
-0.01
-0.007
-0.004
0.0
0.004
0.012
0.02
0.027
0.033
0.038
0.043
0.048
0.052
0.057
0.062
0.069
0.074
0.077
0.08
0.083
0.085
0.084
0.079
0.07
0.06
0.047
0.038
0.03
0.024
0.017
0.011
0.0
-0.01
-0.014
-0.016
-0.018
-0.019
-0.02
-0.02
-0.019
-0.017
-0.014
-0.01
-0.007
-0.004
-0.002
0.0
0.003
0.006
0.008
0.01
0.01
0.011
0.011
0.011
0.011
0.011
0.011
0.011
0.012
0.013
0.014
0.015
0.016
0.016
0.016
0.016
0.015
0.015
0.014
0.012
0.01
0.009
0.007
0.005
0.004
0.002
0.0
0.0
-0.002
-0.004
-0.005
-0.007
-0.008
-0.01
-0.011
-0.013
-0.014
-0.016
-0.02
-0.02
-0.016
-0.012
-0.009
-0.017
-0.025
-0.032
-0.032
-0.021
0.009
0.076
0.181
0.326
0.498
0.675
0.82
0.876
0.865
0.751
0.534
0.268
0.008
-0.19
-0.302
-0.327
-0.325
-0.291
-0.258
-0.235
-0.221
-0.194
-0.163
-0.131
-0.103
-0.087
-0.08
-0.076
-0.073
-0.071
-0.07
-0.069
-0.068
-0.068
-0.069
-0.07
-0.071
-0.072
-0.073
-0.075
-0.076
-0.077
-0.078
-0.079
-0.08
-0.081
-0.081
-0.082
-0.082
-0.082
-0.082
-0.081
-0.079
-0.076
-0.074
-0.07
-0.064
-0.057
-0.049
-0.04
-0.03
-0.023
-0.016
-0.009
-0.001
0.011
0.019
0.021
0.024
0.024
0.023
0.021
0.02
0.019
0.021
0.025
0.03
0.037
0.044
0.05
0.055
0.058
0.055
0.049
0.046
0.044
0.042
0.04
0.038
0.036
0.033
0.031
0.029
0.027
0.026
0.025
0.024
0.023
0.023
0.022
0.021
0.019
0.017
0.015
0.013
0.012
0.01
0.009
0.007
0.005
0.004
0.004
0.002
0.0
0.0
-0.001
-0.001
0.0
0.003
0.006
0.009
0.012
0.016
0.016
0.016
0.015
0.014
0.011
0.012
0.015
0.017
0.019
0.02
0.021
0.021
0.019
0.016
0.012
0.009
0.006
0.004
0.001
-0.001
-0.003
-0.005
-0.007
-0.009
-0.01
-0.011
-0.012
-0.014
-0.016
-0.019
-0.025
-0.029
-0.032
-0.034
-0.036
-0.037
-0.037
-0.036
-0.032
-0.026
-0.006
0.033
0.095
0.187
0.313
0.47
0.639
0.784
0.863
0.843
0.706
0.471
0.184
-0.09
-0.283
-0.349
-0.349
-0.29
-0.221
-0.188
-0.179
-0.173
-0.168
-0.163
-0.142
-0.098
-0.058
-0.046
-0.042
-0.055
-0.065
-0.07
-0.074
-0.077
-0.079
-0.08
-0.082
-0.084
-0.085
-0.086
-0.087
-0.088
-0.089
-0.091
-0.093
-0.095
-0.097
-0.1
-0.103
-0.106
-0.109
-0.111
-0.109
-0.104
-0.099
-0.095
-0.092
-0.089
-0.086
-0.084
-0.081
-0.079
-0.077
-0.075
-0.072
-0.067
-0.058
-0.044
-0.037
-0.032
-0.032
-0.034
-0.036
-0.038
-0.037
