0.337
0.409
0.483
0.554
0.603
0.618
0.627
0.633
0.635
0.635
0.633
0.629
0.624
0.618
0.609
0.593
0.577
0.557
0.531
0.509
0.496
0.483
0.47
0.45
0.418
0.403
0.397
0.392
0.389
0.386
0.384
0.381
0.378
0.375
0.372
0.37
0.368
0.367
0.365
0.363
0.362
0.362
0.362
0.362
0.361
0.359
0.356
0.353
0.35
0.346
0.343
0.34
0.337
0.334
0.33
0.326
0.319
0.305
0.298
0.304
0.319
0.36
0.447
0.562
0.695
0.825
0.931
0.99
1.01
0.995
0.949
0.857
0.742
0.609
0.47
0.34
0.234
0.157
0.101
0.065
0.028
-0.01
-0.051
-0.088
-0.114
-0.134
-0.15
-0.16
-0.168
-0.175
-0.177
-0.174
-0.165
-0.152
-0.129
-0.096
-0.049
0.003
0.059
0.112
0.144
0.181
0.199
0.202
0.203
0.204
0.206
0.207
0.208
0.208
0.209
0.208
0.207
0.205
0.201
0.197
0.192
0.187
0.183
0.178
0.172
0.164
0.157
0.151
0.144
0.138
0.133
0.127
0.123
0.119
0.116
0.113
0.111
0.109
0.106
0.102
0.099
0.096
0.096
0.1
0.107
0.116
0.127
0.146
0.162
0.179
0.195
0.212
0.226
0.237
0.249
0.262
0.276
0.289
0.302
0.314
0.328
0.344
0.361
0.378
0.393
0.399
0.404
0.408
0.41
0.41
0.402
0.39
0.375
0.356
0.339
0.323
0.306
0.289
0.268
0.241
0.215
0.189
0.163
0.138
0.115
0.089
0.062
0.035
0.015
0.003
-0.007
-0.018
-0.035
-0.062
-0.086
-0.104
-0.117
-0.124
-0.128
-0.131
-0.134
-0.138
-0.142
-0.148
-0.154
-0.161
-0.167
-0.173
-0.177
-0.181
-0.185
-0.188
-0.191
-0.194
-0.196
-0.199
-0.201
-0.203
-0.205
-0.206
-0.207
-0.207
-0.208
-0.208
-0.209
-0.21
-0.211
-0.212
-0.212
-0.211
-0.211
-0.211
-0.211
-0.212
-0.212
-0.213
-0.214
-0.216
-0.218
-0.22
-0.221
-0.223
-0.225
-0.227
-0.228
-0.229
-0.23
-0.23
-0.231
-0.232
-0.234
-0.235
-0.236
-0.237
-0.239
-0.242
-0.244
-0.246
-0.246
-0.243
-0.24
-0.236
-0.232
-0.229
-0.226
-0.223
-0.221
-0.219
-0.218
-0.217
-0.218
-0.218
-0.219
-0.22
-0.222
-0.224
-0.225
-0.225
-0.225
-0.225
-0.225
-0.224
-0.224
-0.223
-0.222
-0.221
-0.221
-0.221
-0.221
-0.221
-0.221
-0.22
-0.219
-0.218
-0.217
-0.216
-0.214
-0.212
-0.21
-0.207
-0.205
-0.204
-0.204
-0.204
-0.205
-0.205
-0.206
-0.206
-0.206
-0.205
-0.204
-0.202
-0.199
-0.197
-0.194
-0.192
-0.189
-0.186
-0.184
-0.181
-0.178
-0.175
-0.17
-0.163
-0.153
-0.141
-0.131
-0.12
-0.109
-0.095
-0.08
-0.064
-0.054
-0.046
-0.038
-0.031
-0.025
-0.02
-0.015
-0.01
-0.003
0.005
0.013
0.018
0.022
0.027
0.033
0.031
0.015
0.0
-0.012
-0.025
-0.039
-0.048
-0.056
-0.062
-0.068
-0.071
-0.073
-0.074
-0.074
-0.075
-0.076
-0.077
-0.08
-0.077
-0.058
-0.041
-0.025
-0.01
0.002
0.014
0.026
0.036
0.044
0.05
0.056
0.062
0.067
0.073
0.08
0.086
0.091
0.094
0.096
0.099
0.101
0.103
0.107
0.11
0.112
0.114
0.116
0.12
0.126
0.139
0.165
0.209
0.28
0.381
0.508
0.64
0.758
0.837
0.863
0.853
0.824
0.75
0.652
0.532
0.399
0.268
0.158
0.08
0.029
0.0
-0.03
-0.065
-0.107
-0.145
-0.174
-0.196
-0.214
-0.226
-0.235
-0.243
-0.245
-0.243
-0.237
-0.227
-0.211
-0.18
-0.143
-0.112
-0.066
-0.019
0.033
0.088
0.123
0.147
0.16
0.169
0.174
0.177
0.179
0.181
0.182
0.183
0.183
0.183
0.183
0.183
0.182
0.182
0.181
0.18
0.179
0.179
0.181
0.183
0.185
0.187
0.188
0.19
0.192
0.194
0.197
0.2
0.204
0.21
0.218
0.225
0.232
0.237
0.243
0.249
0.257
0.266
0.275
0.284
0.292
0.304
0.321
0.34
0.356
0.37
0.384
0.398
0.414
0.433
0.452
0.471
0.49
0.507
0.515
0.521
0.525
0.529
0.532
0.533
0.534
0.533
0.532
0.529
0.526
0.522
0.516
0.508
0.493
0.476
0.454
0.425
0.401
0.384
0.366
0.344
0.318
0.292
0.267
0.25
0.239
0.226
0.213
0.203
0.195
0.189
0.183
0.175
0.168
0.162
0.158
0.155
0.152
0.149
0.146
0.142
0.139
0.134
0.129
0.124
0.119
0.114
0.111
0.107
0.105
0.102
0.099
0.095
0.092
0.089
0.085
0.081
0.076
0.072
0.068
0.065
0.063
0.061
0.059
0.058
0.057
0.056
0.055
0.054
0.052
0.05
0.047
0.044
0.042
0.039
0.037
0.035
0.033
0.032
0.031
0.03
0.028
0.027
0.025
0.023
0.021
0.019
0.017
0.015
0.012
0.009
0.008
0.006
0.005
0.004
0.002
0.001
0.0
0.0
0.0
0.0
-0.001
-0.001
-0.001
-0.001
0.0
0.0
0.0
0.0
0.001
0.002
0.003
0.004
0.005
0.006
0.008
0.009
0.01
0.01
0.009
0.008
0.007
0.006
0.006
0.006
0.006
0.006
0.006
0.007
0.008
0.009
0.011
0.011
0.012
0.012
0.012
0.012
0.013
0.014
0.016
0.018
0.021
0.024
0.027
0.028
0.029
0.03
0.029
0.028
0.025
0.021
0.016
0.011
0.007
0.003
0.0
-0.003
-0.007
-0.011
-0.014
-0.018
-0.021
-0.022
-0.022
-0.021
-0.02
-0.018
-0.015
-0.013
-0.01
-0.006
-0.002
0.002
0.008
0.012
0.012
0.009
0.004
-0.004
-0.019
-0.047
-0.075
-0.103
-0.12
-0.129
-0.135
-0.141
-0.147
-0.153
-0.159
-0.166
-0.174
-0.183
-0.193
-0.206
-0.229
-0.263
-0.285
-0.298
-0.311
-0.321
-0.339
-0.366
-0.388
-0.405
-0.423
-0.433
-0.44
-0.445
-0.45
-0.454
-0.458
-0.462
-0.466
-0.47
-0.473
-0.476
-0.478
-0.48
-0.482
-0.483
-0.484
-0.485
-0.486
-0.486
-0.487
-0.488
-0.49
-0.491
-0.491
-0.491
-0.49
-0.488
-0.487
-0.485
-0.483
-0.48
-0.477
-0.472
-0.469
-0.448
-0.378
-0.279
-0.156
-0.02
0.118
0.244
0.317
0.343
0.314
0.223
0.072
-0.094
-0.243
-0.355
-0.423
-0.459
-0.492
-0.525
-0.577
-0.634
-0.684
-0.73
-0.762
-0.798
-0.834
-0.872
-0.905
-0.927
-0.942
-0.943
-0.929
-0.892
-0.84
-0.779
-0.717
-0.659
-0.604
-0.553
-0.503
-0.472
-0.44
-0.41
-0.387
-0.37
-0.356
-0.349
-0.343
-0.338
-0.333
-0.33
-0.328
-0.327
-0.327
-0.327
-0.328
-0.33
-0.334
-0.338
-0.342
-0.346
-0.353
-0.367
-0.385
-0.402
-0.416
-0.422
-0.425
-0.429
-0.435
-0.434
-0.42
-0.407
-0.394
-0.383
-0.373
-0.362
-0.347
-0.33
-0.311
-0.293
-0.278
-0.257
-0.232
-0.207
-0.177
-0.143
-0.111
-0.081
-0.052
-0.024
0.004
0.034
0.064
0.095
0.122
0.146
0.171
0.196
0.225
0.241
0.248
0.254
0.259
0.262
0.264
0.265
0.265
0.264
0.262
0.26
0.255
0.25
0.243
0.23
0.203
0.182
0.166
0.149
0.133
0.12
0.107
0.095
0.082
0.07
0.057
0.042
0.035
0.03
0.026
0.021
0.018
0.015
0.013
0.011
0.011
0.01
0.011
0.012
0.015
0.018
0.022
0.025
0.03
0.034
0.037
0.041
0.044
0.047
0.05
0.053
0.057
0.06
0.062
0.064
0.065
0.065
0.066
0.066
0.067
0.068
0.068
0.067
0.067
0.066
0.065
0.064
0.063
0.063
0.063
0.064
0.063
0.063
0.062
0.061
0.06
0.06
0.06
0.06
0.061
0.061
0.062
0.061
0.06
0.057
0.054
0.052
0.049
0.046
0.043
0.04
0.039
0.038
0.036
0.035
0.033
0.032
0.031
0.029
0.026
0.024
0.022
0.021
0.022
0.023
0.025
0.025
0.025
0.024
0.023
0.021
0.019
0.017
0.015
0.014
0.013
0.012
0.01
0.008
0.006
0.004
0.002
0.001
0.0
0.0
0.0
0.0
0.0
0.0
0.0
0.0
0.0
0.001
0.002
0.003
0.004
0.005
0.006
0.006
0.005
0.002
0.0
-0.003
-0.005
-0.007
-0.007
-0.007
-0.007
-0.008
-0.01
-0.012
-0.015
-0.017
-0.018
-0.016
-0.013
-0.009
-0.006
-0.004
-0.003
-0.004
-0.005
-0.006
-0.007
-0.007
-0.007
-0.007
-0.007
-0.007
-0.005
-0.004
-0.001
0.003
0.009
0.017
0.028
0.04
0.052
0.064
0.074
0.081
0.088
0.094
0.099
0.102
0.104
0.105
0.103
0.101
0.097
0.093
0.087
0.08
0.07
0.056
0.041
0.028
0.016
0.002
-0.012
-0.017
-0.019
-0.02
-0.02
-0.021
-0.022
-0.023
-0.023
-0.022
-0.022
-0.021
-0.02
-0.019
-0.017
-0.015
-0.012
-0.01
-0.008
-0.007
-0.007
-0.006
-0.006
-0.005
-0.005
-0.004
-0.003
-0.002
0.0
0.0
0.0
-0.002
-0.005
-0.008
-0.011
-0.011
-0.009
-0.004
0.002
0.028
0.092
0.182
0.305
0.454
0.615
0.765
0.869
0.885
0.855
0.717
0.521
0.312
0.133
0.018
-0.026
-0.046
-0.059
-0.085
-0.138
-0.204
-0.26
-0.306
-0.335
-0.358
-0.373
-0.383
-0.391
-0.397
-0.404
-0.408
-0.403
-0.39
-0.351
-0.305
-0.252
-0.194
-0.135
-0.077
-0.023
0.011
0.041
0.063
0.082
0.089
0.091
0.094
0.097
0.099
0.101
0.103
0.106
0.108
0.11
0.112
0.113
0.114
0.115
0.116
0.118
0.119
0.12
0.121
0.122
0.123
0.122
0.122
0.123
0.124
0.127
0.133
0.141
0.149
0.157
0.165
0.172
0.179
0.187
0.195
0.203
0.212
0.221
0.232
0.243
0.254
0.265
0.277
0.29
0.3
0.31
0.32
0.33
0.342
0.358
0.373
0.386
0.399
0.411
0.422
0.429
0.435
0.441
0.446
0.451
0.453
0.453
0.449
0.442
0.433
0.422
0.407
0.382
0.359
0.341
0.326
0.311
0.296
0.276
0.252
0.228
0.209
0.196
0.185
0.173
0.162
0.156
0.151
0.145
0.139
0.132
0.125
0.117
0.111
0.104
0.098
0.091
0.084
0.077
0.075
0.072
0.069
0.068
0.069
0.071
0.073
0.076
0.08
0.083
0.086
0.088
0.091
0.094
0.096
0.096
0.096
0.096
0.094
0.092
0.09
0.088
0.087
0.086
0.085
0.085
0.085
0.085
0.086
0.087
0.087
0.088
0.089
0.089
0.09
0.091
0.093
0.095
0.097
0.1
0.102
0.104
0.101
0.094
0.084
0.073
0.063
0.054
0.044
0.036
0.029
0.024
0.02
0.017
0.015
0.013
0.011
0.01
0.008
0.006
0.004
0.003
0.001
0.0
0.0
-0.001
-0.002
-0.004
-0.006
-0.009
-0.011
-0.014
-0.017
-0.019
-0.021
-0.023
-0.026
-0.028
-0.03
-0.033
-0.038
-0.044
-0.05
-0.057
-0.063
-0.069
-0.076
-0.083
-0.089
-0.095
-0.102
-0.109
-0.116
-0.122
-0.129
-0.135
-0.142
-0.15
-0.159
-0.168
-0.176
-0.183
-0.189
-0.192
-0.195
-0.198
-0.201
-0.204
-0.206
-0.209
-0.211
-0.213
-0.215
-0.217
-0.218
-0.22
-0.221
-0.224
-0.226
-0.228
-0.23
-0.232
-0.233
-0.233
-0.233
-0.233
-0.233
-0.233
-0.233
-0.232
-0.23
-0.222
-0.211
-0.201
-0.194
-0.188
-0.182
-0.175
-0.17
-0.166
-0.163
-0.161
-0.161
-0.161
-0.163
-0.166
-0.171
-0.177
-0.183
-0.189
-0.196
-0.202
-0.209
-0.217
-0.227
-0.237
-0.245
-0.251
-0.256
-0.261
-0.264
-0.268
-0.27
-0.272
-0.274
-0.276
-0.277
-0.278
-0.279
-0.28
-0.28
-0.28
-0.279
-0.278
-0.276
-0.275
-0.273
-0.272
-0.27
-0.268
-0.266
-0.264
-0.263
-0.262
-0.261
-0.261
-0.261
-0.26
-0.26
-0.26
-0.26
-0.259
-0.259
-0.258
-0.255
-0.252
-0.233
-0.179
-0.095
0.02
0.16
0.312
0.455
0.548
0.579
0.548
0.452
0.277
0.084
-0.081
-0.194
-0.253
-0.277
-0.296
-0.338
-0.392
-0.453
-0.512
-0.555
-0.599
-0.626
-0.626
-0.625
-0.624
-0.624
-0.617
-0.605
-0.591
-0.574
-0.554
-0.528
-0.49
-0.447
-0.402
-0.353
-0.31
-0.269
-0.232
-0.211
-0.199
-0.187
-0.172
-0.158
-0.152
-0.148
-0.145
-0.142
-0.139
-0.136
-0.134
-0.131
-0.13
-0.128
-0.126
-0.125
-0.124
-0.123
-0.121
-0.12
-0.12
-0.119
-0.119
-0.118
-0.117
-0.117
-0.116
-0.115
-0.113
-0.111
-0.109
-0.105
-0.098
-0.079
-0.055
-0.031
-0.008
0.013
0.032
0.048
0.063
0.078
0.088
0.096
0.102
0.11
0.119
0.129
0.14
0.155
0.175
0.194
0.211
0.226
0.24
0.25
0.253
0.254
0.254
0.255
0.257
0.258
0.258
0.255
0.246
0.234
0.222
0.208
0.194
0.181
0.167
0.15
0.128
0.105
0.082
0.059
0.033
0.009
-0.01
-0.028
-0.046
-0.06
-0.073
-0.084
-0.093
-0.1
-0.107
-0.112
-0.115
-0.117
-0.118
-0.12
-0.122
-0.124
-0.125
-0.127
-0.129
-0.13
-0.131
-0.131
-0.131
-0.13
-0.128
-0.127
-0.126
-0.125
-0.124
-0.124
-0.123
-0.122
-0.121
-0.12
-0.118
-0.116
-0.113
-0.111
-0.107
-0.104
-0.101
-0.098
-0.096
-0.094
-0.093
-0.092
-0.093
-0.093
-0.094
-0.095
-0.096
-0.096
-0.096
-0.096
-0.097
-0.097
-0.098
-0.1
-0.102
-0.104
-0.107
-0.109
-0.11
-0.111
-0.112
-0.111
-0.111
-0.11
-0.109
-0.109
-0.109
-0.109
-0.109
-0.11
-0.109
-0.109
-0.108
-0.107
-0.106
-0.105
-0.104
-0.102
-0.101
-0.101
-0.1
-0.1
-0.1
-0.101
-0.101
-0.102
-0.103
-0.103
-0.104
-0.105
-0.106
-0.106
-0.105
-0.105
-0.105
-0.104
-0.104
-0.103
-0.103
-0.102
-0.101
-0.101
-0.1
-0.099
-0.098
-0.098
-0.097
-0.096
-0.095
-0.095
-0.095
-0.094
-0.093
-0.092
-0.091
-0.09
-0.088
-0.086
-0.085
-0.083
-0.081
-0.08
-0.079
-0.079
-0.078
-0.078
-0.078
-0.078
-0.078
-0.079
-0.08
-0.081
-0.082
-0.083
-0.083
-0.082
-0.082
-0.08
-0.078
-0.075
-0.071
-0.067
-0.062
-0.057
-0.051
-0.042
-0.031
-0.02
-0.011
-0.002
0.005
0.013
0.019
0.025
0.03
0.035
0.039
0.043
0.047
0.05
0.052
0.054
0.055
0.055
0.054
0.053
0.051
0.049
0.045
0.04
0.034
0.027
0.019
0.011
0.0
-0.013
-0.024
-0.029
-0.033
-0.035
-0.037
-0.039
-0.04
-0.042
-0.044
-0.045
-0.046
-0.046
-0.046
-0.044
-0.041
-0.037
-0.031
-0.023
-0.015
-0.006
0.001
0.01
0.025
0.039
0.046
0.047
0.046
0.045
0.044
0.043
0.043
0.043
0.043
0.043
0.045
0.048
0.053
0.062
0.074
0.117
0.216
0.347
0.499
0.656
0.798
0.893
0.906
0.872
0.734
0.54
0.33
0.158
0.051
0.011
-0.007
-0.03
-0.067
-0.138
-0.226
-0.308
-0.37
-0.391
-0.401
-0.405
-0.408
-0.413
-0.417
-0.419
-0.418
-0.408
-0.391
-0.364
-0.323
-0.258
-0.191
-0.146
-0.095
-0.046
-0.007
0.021
0.047
0.06
0.068
0.073
0.079
0.083
0.089
0.095
0.101
0.108
0.114
0.119
0.123
0.127
0.13
0.133
0.136
0.138
0.141
0.145
0.149
0.152
0.155
0.157
0.158
0.159
0.16
0.161
0.162
0.164
0.165
0.167
0.169
0.171
0.173
0.177
0.181
0.186
0.193
0.2
0.208
0.218
0.228
0.239
0.25
0.262
0.274
0.286
0.298
0.311
0.324
0.336
0.345
0.352
0.357
0.361
0.365
0.369
0.372
0.374
0.376
0.376
0.374
0.368
0.361
0.352
0.341
0.329
0.312
0.295
0.279
0.263
0.242
0.215
0.187
0.16
0.133
0.105
0.081
0.06
0.038
0.016
-0.001
-0.015
-0.027
-0.038
-0.048
-0.058
-0.064
-0.068
-0.07
-0.072
-0.074
-0.076
-0.079
-0.082
-0.084
-0.087
-0.089
-0.091
-0.092
-0.093
-0.093
-0.092
-0.092
-0.091
-0.089
-0.088
-0.087
-0.087
-0.087
-0.087
-0.088
-0.088
-0.087
-0.086
-0.084
-0.083
-0.08
-0.078
-0.075
-0.072
-0.069
-0.067
-0.065
-0.063
-0.062
-0.061
-0.06
-0.06
-0.059
-0.059
-0.059
-0.06
-0.06
-0.061
-0.061
-0.062
-0.063
-0.063
-0.064
-0.065
-0.065
-0.066
-0.066
-0.067
-0.067
-0.067
-0.067
-0.066
-0.065
-0.064
-0.062
-0.061
-0.059
-0.058
-0.058
-0.057
-0.057
-0.057
-0.058
-0.058
-0.057
-0.055
-0.053
-0.051
-0.048
-0.046
-0.045
-0.045
-0.045
-0.046
-0.046
-0.047
-0.047
-0.047
-0.047
-0.046
-0.044
-0.041
-0.038
-0.036
-0.034
-0.032
-0.031
-0.031
-0.032
-0.033
-0.034
-0.035
-0.036
-0.036
-0.036
-0.036
-0.036
-0.036
-0.036
-0.036
-0.036
-0.036
-0.038
-0.039
-0.041
-0.043
-0.044
-0.046
-0.047
-0.048
-0.049
-0.049
-0.049
-0.048
-0.046
-0.043
-0.04
-0.037
-0.034
-0.03
-0.026
-0.023
-0.02
-0.016
-0.012
-0.007
0.0
0.008
0.018
0.027
0.036
0.044
0.051
0.059
0.065
0.07
0.075
0.08
0.085
0.091
0.097
0.104
0.11
0.115
0.12
0.123
0.124
0.123
0.12
0.115
0.109
0.102
0.094
0.085
0.076
0.067
0.054
0.039
0.027
0.018
0.012
0.007
0.002
-0.002
-0.006
-0.009
-0.012
-0.014
-0.017
-0.019
-0.019
-0.019
-0.019
-0.018
-0.017
-0.016
-0.014
-0.013
-0.011
-0.01
-0.009
-0.008
-0.007
-0.006
-0.005
-0.004
-0.004
-0.003
-0.001
0.001
0.004
0.007
0.009
0.012
0.016
0.021
0.027
0.033
0.039
0.088
0.182
0.305
0.449
0.603
0.75
0.841
0.873
0.836
0.72
0.523
0.312
0.135
0.033
0.0
-0.024
-0.045
-0.08
-0.135
-0.233
-0.316
-0.347
-0.369
-0.379
-0.387
-0.393
-0.398
-0.401
-0.402
-0.397
-0.388
-0.375
-0.357
-0.322
-0.261
-0.202
-0.147
-0.097
-0.046
-0.005
0.025
0.056
0.068
0.073
0.077
0.081
0.085
0.088
0.091
0.093
0.096
0.097
0.097
0.097
0.096
0.094
0.092
0.09
0.088
0.087
0.085
0.085
0.085
0.085
0.085
0.085
0.085
0.085
0.085
0.085
0.086
0.087
0.09
0.093
0.095
0.098
0.1
0.104
0.108
0.113
0.118
0.123
0.132
0.143
0.156
0.169
0.183
0.198
0.212
0.225
0.239
0.253
0.263
0.267
0.266
0.263
0.26
0.256
0.253
0.25
0.248
0.244
0.238
0.231
0.221
0.211
0.202
0.192
0.184
0.176
0.169
0.162
0.157
0.149
0.139
0.123
0.096
0.068
0.033
-0.011
-0.048
-0.076
-0.111
-0.124
-0.129
-0.134
-0.138
-0.143
-0.146
-0.15
-0.153
-0.157
-0.16
-0.163
-0.165
-0.166
-0.166
-0.165
-0.165
-0.162
-0.16
-0.157
-0.154
-0.152
-0.148
-0.145
-0.142
-0.139
-0.136
-0.133
-0.13
-0.127
-0.123
-0.12
-0.116
-0.113
-0.109
-0.106
-0.103
-0.1
-0.097
-0.095
-0.093
-0.092
-0.09
-0.089
-0.089
-0.088
-0.088
-0.087
-0.086
-0.086
-0.085
-0.085
-0.084
-0.084
-0.084
-0.085
-0.086
-0.087
-0.088
-0.09
-0.091
-0.093
-0.094
-0.095
-0.095
-0.094
-0.093
-0.092
-0.091
-0.09
-0.09
-0.09
-0.091
-0.091
-0.093
-0.094
-0.096
-0.097
-0.098
-0.099
-0.099
-0.099
-0.099
-0.098
-0.097
-0.097
-0.097
-0.097
-0.098
-0.099
-0.1
-0.1
-0.101
-0.101
-0.102
-0.102
-0.102
-0.101
-0.099
-0.098
-0.097
-0.096
-0.095
-0.095
-0.094
-0.093
-0.093
-0.093
-0.093
-0.094
-0.095
-0.096
-0.096
-0.097
-0.097
-0.098
-0.098
-0.098
-0.098
-0.098
-0.098
-0.098
-0.098
-0.097
-0.097
-0.096
-0.095
-0.093
-0.091
-0.089
-0.086
-0.083
-0.079
-0.075
-0.07
-0.066
-0.061
-0.056
-0.05
-0.042
-0.033
-0.025
-0.016
-0.007
0.001
0.009
0.017
0.024
0.032
0.039
0.046
0.051
0.056
0.06
0.064
0.067
0.07
0.073
0.076
0.079
0.084
0.089
0.093
0.096
0.094
0.088
0.077
0.064
0.051
0.04
0.025
0.01
0.0
-0.002
-0.003
-0.003
-0.002
-0.002
-0.002
-0.002
-0.002
-0.002
-0.001
-0.001
0.0
0.0
0.001
0.003
0.004
0.006
0.008
0.01
0.011
0.012
0.013
0.013
0.013
0.012
0.01
0.008
0.006
0.006
0.007
0.008
0.01
0.011
0.013
0.015
0.019
0.022
0.026
0.031
0.036
0.077
0.168
0.289
0.431
0.578
0.702
0.755
0.749
0.662
0.498
0.308
0.133
0.002
-0.075
-0.105
-0.131
-0.162
-0.208
-0.264
-0.313
-0.341
-0.355
-0.366
-0.378
-0.388
-0.397
-0.408
-0.421
-0.431
-0.431
-0.42
-0.402
-0.374
-0.328
-0.281
-0.234
-0.184
-0.137
-0.1
-0.072
-0.048
-0.03
-0.016
-0.003
0.013
0.029
0.042
0.055
0.066
0.075
0.081
0.086
0.089
0.092
0.093
0.094
0.095
0.095
0.095
0.094
0.094
0.093
0.092
0.091
0.089
0.088
0.086
0.085
0.084
0.083
0.083
0.082
0.082
0.082
0.082
0.083
0.085
0.087
0.09
0.092
0.096
0.1
0.104
0.109
0.114
0.121
0.132
0.146
0.158
0.17
0.18
0.191
0.201
0.212
0.223
0.231
0.237
0.241
0.244
0.247
0.252
0.256
0.259
0.261
0.261
0.256
0.247
0.237
0.224
0.209
0.186
0.163
0.142
0.118
0.089
0.064
0.042
0.023
0.005
-0.013
-0.029
-0.043
-0.057
-0.071
-0.083
-0.095
-0.105
-0.114
-0.122
-0.129
-0.136
-0.141
-0.145
-0.148
-0.15
-0.153
-0.156
-0.158
-0.161
-0.163
-0.164
-0.165
-0.165
-0.165
-0.164
-0.162
-0.158
-0.154
-0.15
-0.145
-0.14
-0.135
-0.13
-0.126
-0.122
-0.118
-0.115
-0.111
-0.108
-0.104
-0.101
-0.098
-0.096
-0.094
-0.092
-0.091
-0.091
-0.091
-0.091
-0.091
-0.091
-0.091
-0.091
-0.091
-0.091
-0.091
-0.092
-0.092
-0.093
-0.095
-0.097
-0.098
-0.1
-0.1
-0.101
-0.102
-0.103
-0.104
-0.104
-0.103
-0.103
-0.102
-0.102
-0.102
-0.102
-0.101
-0.101
-0.1
-0.1
-0.099
-0.099
-0.098
-0.096
-0.095
-0.093
-0.091
-0.089
-0.087
-0.085
-0.083
-0.08
-0.077
-0.071
-0.064
-0.056
-0.047
-0.038
-0.03
-0.026
-0.022
-0.019
-0.016
-0.014
-0.012
-0.01
-0.008
-0.007
-0.005
-0.003
-0.001
0.0
0.002
0.004
0.006
0.009
0.011
0.013
0.014
0.015
0.017
0.018
0.019
0.021
0.023
0.025
0.028
0.031
0.034
0.036
0.038
0.04
0.043
0.045
0.048
0.05
0.052
0.054
0.056
0.058
0.062
0.065
0.069
0.074
0.08
0.088
0.107
0.125
0.143
0.155
0.163
0.171
0.178
0.186
0.193
0.199
0.206
0.214
0.225
0.242
0.257
0.271
0.278
0.285
0.29
0.294
0.297
0.297
0.295
0.291
0.286
0.283
0.28
0.277
0.274
0.27
0.267
0.264
0.262
0.261
0.262
0.265
0.269
0.275
0.282
0.289
0.297
0.305
0.313
0.321
0.33
0.338
0.345
0.352
0.359
0.366
0.374
0.382
0.39
0.398
0.405
0.412
0.418
0.425
0.431
0.436
0.441
0.445
0.45
0.456
0.46
0.465
0.47
0.476
0.487
0.531
0.607
0.71
0.837
0.976
1.11
1.221
1.28
1.28
1.225
1.088
0.911
0.732
0.589
0.508
0.481
0.464
0.452
0.413
0.342
0.263
0.196
0.159
0.132
0.114
0.105
0.1
0.095
0.089
0.086
0.098
0.124
0.164
0.216
0.265
0.313
0.363
0.413
0.455
0.485
0.504
0.514
0.521
0.527
0.531
0.534
0.534
0.53
0.523
0.515
0.506
0.499
0.491
0.483
0.474
0.466
0.459
0.453
0.448
0.443
0.439
0.435
0.431
0.426
0.421
0.415
0.408
0.4
0.393
0.386
0.379
0.375
0.37
0.365
0.36
0.354
0.349
0.344
0.34
0.337
0.335
0.335
0.336
0.338
0.341
0.346
0.352
0.358
0.364
0.37
0.375
0.38
0.384
0.389
0.395
0.401
0.407
0.412
0.415
0.416
0.414
0.41
0.405
0.398
0.389
0.379
0.366
0.341
0.322
0.306
0.287
0.265
0.245
0.219
0.181
0.145
0.12
0.095
0.071
0.047
0.027
0.006
-0.014
-0.039
-0.066
-0.092
-0.115
-0.146
-0.185
-0.217
-0.242
-0.266
-0.289
-0.313
-0.34
-0.367
-0.395
-0.427
-0.459
-0.491
-0.519
-0.555
-0.6
-0.635
-0.662
-0.691
-0.72
-0.749
-0.78
-0.812
-0.841
-0.862
-0.872
-0.879
-0.886
-0.891
-0.894
-0.895
-0.893
-0.888
-0.881
-0.873
-0.864
-0.855
-0.844
-0.831
-0.819
-0.808
-0.798
-0.787
-0.776
-0.764
-0.753
-0.743
-0.733
-0.726
-0.721
-0.717
-0.713
-0.71
-0.708
-0.705
-0.701
-0.698
-0.693
-0.688
-0.683
-0.677
-0.67
-0.664
-0.658
-0.653
-0.649
-0.645
-0.641
-0.637
-0.633
-0.63
-0.627
-0.624
-0.621
-0.619
-0.616
-0.614
-0.612
-0.611
-0.609
-0.607
-0.606
-0.604
-0.603
-0.601
-0.6
-0.598
-0.597
-0.595
-0.593
-0.592
-0.591
-0.59
-0.589
-0.587
-0.586
-0.584
-0.583
-0.581
-0.579
-0.577
-0.575
-0.572
-0.569
-0.567
-0.565
-0.563
-0.56
-0.558
-0.555
-0.552
-0.549
-0.547
-0.544
-0.541
-0.538
-0.535
-0.531
-0.528
-0.525
-0.521
-0.518
-0.515
