0.132
0.134
0.136
0.137
0.137
0.137
0.136
0.136
0.137
0.138
0.137
0.135
0.133
0.131
0.13
0.129
0.128
0.126
0.124
0.122
0.12
0.119
0.118
0.116
0.113
0.11
0.109
0.107
0.107
0.106
0.106
0.108
0.112
0.116
0.119
0.122
0.124
0.128
0.132
0.135
0.137
0.136
0.132
0.126
0.12
0.115
0.11
0.104
0.099
0.095
0.095
0.095
0.095
0.095
0.095
0.097
0.099
0.102
0.105
0.106
0.106
0.104
0.102
0.1
0.098
0.095
0.094
0.093
0.092
0.091
0.091
0.091
0.094
0.097
0.101
0.104
0.106
0.109
0.112
0.116
0.118
0.119
0.118
0.116
0.114
0.112
0.109
0.104
0.101
0.11
0.127
0.135
0.139
0.141
0.144
0.146
0.149
0.153
0.156
0.158
0.159
0.16
0.16
0.161
0.163
0.163
0.164
0.164
0.164
0.165
0.166
0.168
0.17
0.173
0.177
0.182
0.196
0.221
0.238
0.247
0.233
0.19
0.1
-0.027
-0.183
-0.353
-0.523
-0.674
-0.785
-0.816
-0.802
-0.698
-0.508
-0.282
-0.061
0.115
0.235
0.301
0.333
0.355
0.373
0.388
0.399
0.409
0.413
0.404
0.388
0.378
0.371
0.365
0.36
0.356
0.352
0.347
0.343
0.339
0.336
0.333
0.33
0.327
0.321
0.314
0.306
0.299
0.29
0.277
0.257
0.237
0.217
0.197
0.175
0.157
0.143
0.131
0.119
0.107
0.095
0.083
0.071
0.061
0.052
0.04
0.023
0.004
-0.005
-0.012
-0.018
-0.022
-0.026
-0.027
-0.027
-0.025
-0.021
-0.015
-0.009
-0.001
0.008
0.025
0.041
0.056
0.079
0.109
0.136
0.167
0.202
0.237
0.267
0.289
0.306
0.313
0.316
0.32
0.323
0.326
0.328
0.33
0.331
0.332
0.332
0.332
0.331
0.33
0.329
0.327
0.326
0.324
0.322
0.319
0.315
0.31
0.307
0.304
0.3
0.295
0.285
0.273
0.263
0.255
0.248
0.243
0.237
0.232
0.228
0.223
0.219
0.214
0.208
0.201
0.193
0.182
0.167
0.139
0.103
0.084
0.073
0.064
0.052
0.039
0.025
0.008
-0.006
-0.018
-0.037
-0.062
-0.086
-0.113
-0.139
-0.157
-0.174
-0.188
-0.199
-0.211
-0.223
-0.237
-0.253
-0.273
-0.294
-0.315
-0.338
-0.355
-0.369
-0.379
-0.386
-0.392
-0.4
-0.409
-0.421
-0.437
-0.45
-0.462
-0.474
-0.486
-0.498
-0.507
-0.514
-0.52
-0.526
-0.531
-0.536
-0.541
-0.545
-0.548
-0.55
-0.552
-0.554
-0.556
-0.558
-0.56
-0.562
-0.564
-0.567
-0.57
-0.573
-0.576
-0.578
-0.579
-0.579
-0.58
-0.581
-0.582
-0.583
-0.584
-0.585
-0.586
-0.588
-0.59
-0.591
-0.591
-0.591
-0.589
-0.585
-0.581
-0.576
-0.57
-0.56
-0.541
-0.524
-0.507
-0.49
-0.473
-0.455
-0.438
-0.419
-0.402
-0.388
-0.376
-0.365
-0.354
-0.342
-0.33
-0.318
-0.299
-0.27
-0.248
-0.235
-0.223
-0.212
-0.193
-0.166
-0.149
-0.138
-0.132
-0.133
-0.141
-0.158
-0.207
-0.302
-0.437
-0.606
-0.787
-0.965
-1.127
-1.244
-1.263
-1.243
-1.105
-0.898
-0.666
-0.444
-0.252
-0.117
-0.06
-0.045
-0.036
-0.03
-0.023
-0.017
-0.012
-0.007
-0.002
0.002
0.007
0.012
0.014
0.016
0.018
0.021
0.024
0.028
0.032
0.035
0.037
0.04
0.043
0.046
0.048
0.049
0.048
0.045
0.04
0.035
0.029
0.024
0.017
0.009
0.002
-0.006
-0.016
-0.026
-0.035
-0.045
-0.055
-0.065
-0.073
-0.08
-0.088
-0.099
-0.114
-0.128
-0.141
-0.153
-0.164
-0.172
-0.177
-0.181
-0.187
-0.194
-0.192
-0.173
-0.145
-0.11
-0.076
-0.043
-0.011
0.021
0.056
0.097
0.147
0.19
0.221
0.245
0.267
0.289
0.311
0.337
0.347
0.352
0.356
0.359
0.362
0.365
0.368
0.371
0.373
0.376
0.378
0.381
0.382
0.383
0.384
0.385
0.384
0.383
0.38
0.377
0.373
0.37
0.367
0.363
0.358
0.355
0.351
0.348
0.345
0.342
0.338
0.334
0.329
0.324
0.319
0.314
0.309
0.304
0.299
0.295
0.291
0.288
0.285
0.282
0.28
0.277
0.275
0.274
0.273
0.271
0.27
0.267
0.265
0.261
0.258
0.254
0.251
0.246
0.242
0.238
0.235
0.234
0.232
0.232
0.231
0.23
0.229
0.227
0.225
0.224
0.221
0.216
0.211
0.207
0.203
0.2
0.198
0.196
0.195
0.193
0.192
0.191
0.19
0.189
0.187
0.184
0.181
0.178
0.174
0.171
0.168
0.166
0.164
0.162
0.161
0.161
0.161
0.161
0.161
0.161
0.16
0.16
0.161
0.163
0.164
0.166
0.168
0.171
0.175
0.178
0.182
0.185
0.189
0.191
0.193
0.195
0.197
0.2
0.203
0.206
0.21
0.215
0.22
0.225
0.229
0.231
0.232
0.232
0.232
0.231
0.229
0.226
0.223
0.22
0.214
0.209
0.203
0.172
0.085
-0.033
-0.186
-0.365
-0.55
-0.715
-0.823
-0.838
-0.804
-0.67
-0.485
-0.277
-0.082
0.076
0.192
0.243
0.261
0.241
0.205
0.178
0.169
0.165
0.162
0.16
0.157
0.155
0.151
0.146
0.14
0.134
0.129
0.124
0.12
0.116
0.112
0.108
0.102
0.096
0.089
0.082
0.075
0.067
0.057
0.04
0.009
-0.01
-0.03
-0.05
-0.071
-0.087
-0.099
-0.111
-0.125
-0.14
-0.156
-0.174
-0.193
-0.21
-0.231
-0.255
-0.28
-0.305
-0.329
-0.35
-0.36
-0.367
-0.373
-0.378
-0.381
-0.383
-0.383
-0.381
-0.376
-0.37
-0.361
-0.349
-0.324
-0.285
-0.255
-0.221
-0.186
-0.146
-0.107
-0.079
-0.056
-0.046
-0.041
-0.036
-0.032
-0.028
-0.024
-0.02
-0.017
-0.015
-0.013
-0.012
-0.012
-0.013
-0.014
-0.015
-0.016
-0.019
-0.022
-0.025
-0.028
-0.032
-0.036
-0.046
-0.073
-0.098
-0.116
-0.134
-0.142
-0.148
-0.152
-0.157
-0.16
-0.163
-0.166
-0.17
-0.173
-0.177
-0.18
-0.184
-0.188
-0.194
-0.202
-0.217
-0.233
-0.248
-0.261
-0.272
-0.282
-0.288
-0.293
-0.297
-0.3
-0.302
-0.304
-0.305
-0.306
-0.307
-0.308
-0.308
-0.308
-0.307
-0.306
-0.303
-0.301
-0.298
-0.294
-0.291
-0.287
-0.284
-0.281
-0.278
-0.275
-0.273
-0.27
-0.267
-0.263
-0.26
-0.257
-0.255
-0.253
-0.252
-0.25
-0.249
-0.247
-0.245
-0.242
-0.239
-0.235
-0.231
-0.227
-0.223
-0.219
-0.216
-0.213
-0.209
-0.205
-0.201
-0.198
-0.194
-0.189
-0.184
-0.178
-0.172
-0.167
-0.163
-0.158
-0.152
-0.142
-0.125
-0.107
-0.095
-0.088
-0.083
-0.077
-0.071
-0.065
-0.059
-0.053
-0.047
-0.04
-0.033
-0.026
-0.019
-0.013
-0.006
0.0
0.007
0.014
0.022
0.031
0.039
0.048
0.058
0.066
0.067
0.06
0.048
0.012
-0.054
-0.151
-0.281
-0.436
-0.606
-0.774
-0.911
-0.995
-1.003
-0.962
-0.826
-0.64
-0.429
-0.223
-0.064
0.038
0.107
0.128
0.135
0.14
0.14
0.127
0.12
0.117
0.115
0.113
0.113
0.112
0.111
0.108
0.104
0.101
0.098
0.095
0.091
0.088
0.084
0.08
0.076
0.073
0.07
0.066
0.062
0.057
0.052
0.047
0.043
0.038
0.034
0.031
0.028
0.024
0.02
0.015
0.005
-0.015
-0.031
-0.052
-0.077
-0.1
-0.13
-0.152
-0.164
-0.173
-0.18
-0.186
-0.19
-0.194
-0.199
-0.204
-0.206
-0.202
-0.194
-0.183
-0.168
-0.146
-0.123
-0.092
-0.057
-0.006
0.048
0.082
0.112
0.135
0.155
0.17
0.18
0.188
0.195
0.201
0.207
0.214
0.224
0.233
0.241
0.245
0.247
0.249
0.25
0.251
0.252
0.252
0.253
0.255
0.256
0.257
0.258
0.258
0.258
0.258
0.259
0.259
0.259
0.258
0.257
0.255
0.254
0.252
0.25
0.248
0.246
0.244
0.242
0.241
0.24
0.238
0.235
0.231
0.227
0.221
0.216
0.209
0.203
0.197
0.191
0.186
0.182
0.179
0.177
0.175
0.173
0.171
0.169
0.167
0.165
0.163
0.161
0.159
0.157
0.156
0.155
0.155
0.155
0.155
0.154
0.153
0.152
0.151
0.149
0.147
0.144
0.141
0.138
0.135
0.133
0.13
0.128
0.126
0.123
0.121
0.119
0.116
0.113
0.11
0.106
0.103
0.1
0.098
0.096
0.094
0.092
0.091
0.09
0.089
0.088
0.086
0.084
0.081
0.078
0.074
0.07
0.066
0.062
0.058
0.055
0.053
0.052
0.051
0.05
0.05
0.049
0.048
0.047
0.044
0.041
0.038
0.037
0.04
0.048
0.058
0.069
0.08
0.092
0.104
0.112
0.115
0.117
0.118
0.119
0.12
0.121
0.122
0.123
0.124
0.124
0.124
0.123
0.122
0.12
0.117
0.112
0.106
0.098
0.084
0.052
-0.011
-0.107
-0.24
-0.407
-0.597
-0.786
-0.949
-1.04
-1.045
-0.98
-0.816
-0.606
-0.396
-0.228
-0.112
-0.033
0.008
0.04
0.061
0.065
0.067
0.069
0.07
0.071
0.07
0.063
0.053
0.043
0.035
0.029
0.024
0.018
0.012
0.006
0.001
-0.002
-0.005
-0.007
-0.009
-0.013
-0.018
-0.026
-0.042
-0.061
-0.074
-0.083
-0.09
-0.098
-0.106
-0.114
-0.121
-0.129
-0.137
-0.146
-0.157
-0.167
-0.179
-0.197
-0.221
-0.237
-0.257
-0.284
-0.312
-0.344
-0.364
-0.376
-0.385
-0.389
-0.389
-0.384
-0.375
-0.366
-0.357
-0.348
-0.338
-0.329
-0.32
-0.308
-0.286
-0.254
-0.224
-0.191
-0.155
-0.115
-0.069
-0.026
0.0
0.016
0.029
0.041
0.051
0.056
0.061
0.066
0.07
0.073
0.075
0.077
0.078
0.077
0.076
0.075
0.073
0.07
0.067
0.065
0.062
0.061
0.059
0.058
0.056
0.053
0.051
0.048
0.046
0.044
0.043
0.041
0.039
0.038
0.036
0.035
0.034
0.034
0.034
0.034
0.034
0.034
0.035
0.036
0.038
0.04
0.042
0.044
0.046
0.049
0.051
0.054
0.06
0.075
0.081
0.084
0.087
0.09
0.092
0.094
0.095
0.095
0.095
0.094
0.093
0.092
0.091
0.089
0.089
0.094
0.101
0.108
0.112
0.116
0.12
0.124
0.127
0.131
0.134
0.137
0.139
0.141
0.143
0.145
0.148
0.15
0.154
0.159
0.165
0.172
0.179
0.189
0.207
0.233
0.256
0.278
0.298
0.32
0.342
0.364
0.376
0.383
0.387
0.392
0.396
0.401
0.408
0.422
0.445
0.464
0.478
0.494
0.509
0.524
0.54
0.555
0.57
0.582
0.592
0.601
0.61
0.62
0.627
0.631
0.635
0.639
0.644
0.649
0.655
0.663
0.674
0.692
0.705
0.715
0.722
0.728
0.735
0.742
0.746
0.75
0.753
0.756
0.759
0.762
0.765
0.767
0.77
0.773
0.776
0.78
0.786
0.795
0.812
0.819
0.827
0.832
0.817
0.77
0.696
0.59
0.451
0.287
0.111
-0.062
-0.216
-0.314
-0.327
-0.294
-0.154
0.054
0.292
0.504
0.668
0.768
0.784
0.787
0.79
0.792
0.795
0.796
0.796
0.797
0.797
0.797
0.796
0.794
0.791
0.788
0.785
0.781
0.777
0.772
0.765
0.757
0.749
0.742
0.731
0.716
0.703
0.671
0.633
0.594
0.57
0.55
0.535
0.517
0.499
0.483
0.472
0.464
0.459
0.453
0.445
0.432
0.391
0.345
0.294
0.241
0.181
0.111
0.037
-0.036
-0.106
-0.17
-0.228
-0.28
-0.326
-0.364
-0.405
-0.452
-0.476
-0.49
-0.5
-0.505
-0.499
-0.487
-0.474
-0.458
-0.443
-0.427
-0.411
-0.398
-0.387
-0.378
-0.367
-0.356
-0.348
-0.341
-0.335
-0.33
-0.329
-0.331
-0.335
-0.342
-0.348
-0.354
-0.361
-0.369
-0.378
-0.388
-0.4
-0.416
-0.439
-0.457
-0.473
-0.489
-0.511
-0.541
-0.574
-0.603
-0.633
-0.663
-0.695
-0.727
-0.759
-0.813
-0.866
-0.914
-0.966
-1.025
-1.083
-1.137
-1.193
-1.253
-1.311
-1.345
-1.379
-1.411
-1.441
-1.475
-1.495
-1.505
-1.517
-1.523
-1.525
-1.524
-1.52
-1.512
-1.503
-1.494
-1.483
-1.468
-1.453
-1.441
-1.431
-1.418
-1.4
-1.378
-1.36
-1.344
-1.33
-1.318
-1.299
-1.273
-1.248
-1.221
-1.199
-1.185
-1.171
-1.157
-1.141
-1.121
-1.105
-1.083
-1.058
-1.035
-1.008
-0.982
-0.953
-0.919
-0.888
-0.866
-0.848
-0.827
-0.8
-0.769
-0.741
-0.708
-0.677
-0.655
-0.635
-0.608
-0.578
-0.55
-0.52
-0.49
-0.459
-0.433
-0.414
-0.394
-0.38
-0.369
-0.363
-0.364
-0.376
-0.391
-0.402
-0.412
-0.422
-0.431
-0.435
-0.434
-0.429
-0.422
-0.411
-0.388
-0.356
-0.332
-0.302
-0.274
-0.254
-0.236
-0.225
-0.219
-0.215
-0.211
-0.206
-0.201
-0.196
-0.19
-0.182
-0.165
-0.134
-0.106
-0.076
-0.048
-0.027
-0.007
0.008
0.021
0.035
0.049
0.066
0.084
0.094
0.104
0.111
0.093
0.046
-0.044
-0.179
-0.352
-0.546
-0.743
-0.913
-1.014
-1.027
-0.984
-0.845
-0.654
-0.446
-0.253
-0.081
0.054
0.143
0.199
0.228
0.253
0.283
0.309
0.328
0.353
0.369
0.379
0.388
0.396
0.404
0.41
0.416
0.422
0.432
0.448
0.468
0.479
0.487
0.493
0.499
0.503
0.505
0.505
0.502
0.497
0.49
0.482
0.473
0.458
0.444
0.429
0.413
0.398
0.383
0.37
0.355
0.336
0.317
0.299
0.282
0.269
0.262
0.257
0.254
0.249
0.243
0.236
0.228
0.221
0.212
0.196
0.174
0.171
0.168
0.163
0.165
0.184
0.213
0.252
0.294
0.337
0.382
0.424
0.464
0.5
0.531
0.563
0.585
0.6
0.616
0.635
0.648
0.659
0.668
0.675
0.679
0.681
0.682
0.684
0.684
0.686
0.689
0.692
0.694
0.691
0.684
0.674
0.66
0.645
0.626
0.609
0.595
0.588
0.584
0.582
0.58
0.579
0.577
0.573
0.568
0.563
0.559
0.555
0.552
0.55
0.55
0.548
0.544
0.54
0.535
0.527
0.519
0.512
0.505
0.5
0.494
0.491
0.486
0.478
0.462
0.445
0.432
0.421
0.409
0.396
0.382
0.368
0.352
0.331
0.305
0.285
0.271
0.257
0.24
0.224
0.21
0.198
0.189
0.181
0.174
0.168
0.164
0.159
0.153
0.147
0.142
0.136
0.13
0.126
0.124
0.123
0.123
0.122
0.121
0.12
0.119
0.118
0.116
0.113
0.111
0.107
0.104
0.1
0.097
0.094
0.089
0.084
0.079
0.075
0.071
0.067
0.064
0.064
0.063
0.062
0.061
0.061
0.06
0.059
0.056
0.054
0.051
0.048
0.045
0.044
0.043
0.04
0.036
0.033
0.031
0.029
0.027
0.024
0.021
0.017
0.014
0.011
0.009
0.007
0.004
0.002
0.003
0.005
0.008
0.011
0.014
0.017
0.022
0.027
0.033
0.038
0.044
0.05
0.056
0.062
0.068
0.073
0.077
0.081
0.084
0.087
0.091
0.094
0.096
0.098
0.098
0.097
0.094
0.091
0.086
0.079
0.068
0.055
-0.002
-0.103
-0.238
-0.406
-0.594
-0.779
-0.939
-1.027
-1.034
-0.972
-0.814
-0.612
-0.406
