0.116
0.14
0.168
0.183
0.189
0.194
0.198
0.201
0.203
0.204
0.206
0.208
0.21
0.213
0.215
0.216
0.217
0.219
0.223
0.227
0.233
0.243
0.264
0.278
0.295
0.32
0.344
0.36
0.369
0.374
0.379
0.382
0.384
0.384
0.381
0.375
0.367
0.352
0.328
0.306
0.283
0.261
0.235
0.211
0.194
0.178
0.164
0.152
0.14
0.129
0.122
0.116
0.11
0.105
0.099
0.095
0.091
0.087
0.084
0.081
0.078
0.075
0.071
0.066
0.061
0.056
0.051
0.044
0.033
0.014
0.003
-0.003
-0.007
-0.01
-0.013
-0.015
-0.016
-0.016
-0.013
-0.009
-0.004
0.0
0.004
0.008
0.012
0.015
0.018
0.02
0.021
0.02
0.018
0.015
0.011
0.008
0.003
0.0
-0.003
-0.01
-0.015
-0.018
-0.014
-0.006
0.005
0.02
0.041
0.056
0.062
0.066
0.069
0.073
0.076
0.079
0.081
0.082
0.082
0.083
0.083
0.082
0.08
0.077
0.075
0.072
0.07
0.068
0.066
0.064
0.061
0.058
0.052
0.046
0.047
0.052
0.059
0.063
0.068
0.072
0.075
0.077
0.077
0.076
0.073
0.071
0.069
0.067
0.065
0.064
0.062
0.061
0.059
0.056
0.053
0.049
0.045
0.043
0.041
0.039
0.037
0.036
0.034
0.033
0.032
0.03
0.028
0.025
0.021
0.016
0.012
0.009
0.006
0.003
0.001
0.0
-0.001
-0.003
-0.005
-0.011
-0.017
-0.023
-0.025
-0.025
-0.024
-0.022
-0.019
-0.016
-0.01
-0.005
-0.004
-0.011
-0.021
-0.028
-0.035
-0.041
-0.046
-0.048
-0.047
-0.045
-0.042
-0.039
-0.036
-0.034
-0.031
-0.029
-0.027
-0.026
-0.025
-0.026
-0.028
-0.032
-0.036
-0.041
-0.044
-0.046
-0.049
-0.051
-0.054
-0.057
-0.058
-0.059
-0.06
-0.061
-0.061
-0.061
-0.061
-0.06
-0.06
-0.061
-0.062
-0.063
-0.063
-0.062
-0.062
-0.061
-0.06
-0.059
-0.057
-0.055
-0.052
-0.05
-0.047
-0.04
-0.017
0.009
0.034
0.076
0.12
0.172
0.231
0.295
0.367
0.449
0.543
0.646
0.747
0.833
0.899
0.919
0.926
0.931
0.915
0.864
0.813
0.752
0.684
0.624
0.573
0.545
0.5
0.456
0.407
0.357
0.311
0.266
0.22
0.176
0.128
0.079
0.03
-0.02
-0.07
-0.12
-0.168
-0.219
-0.251
-0.279
-0.299
-0.307
-0.311
-0.314
-0.316
-0.318
-0.319
-0.32
-0.319
-0.316
-0.311
-0.304
-0.297
-0.289
-0.283
-0.277
-0.27
-0.264
-0.258
-0.253
-0.25
-0.25
-0.251
-0.252
-0.253
-0.254
-0.255
-0.256
-0.258
-0.259
-0.259
-0.26
-0.259
-0.259
-0.259
-0.259
-0.259
-0.26
-0.26
-0.261
-0.262
-0.261
-0.26
-0.259
-0.259
-0.258
-0.258
-0.258
-0.258
-0.261
-0.266
-0.273
-0.28
-0.286
-0.292
-0.298
-0.303
-0.307
-0.309
-0.308
-0.306
-0.302
-0.297
-0.291
-0.283
-0.274
-0.26
-0.248
-0.239
-0.231
-0.215
-0.188
-0.158
-0.126
-0.091
-0.061
-0.036
-0.013
0.01
0.027
0.032
0.034
0.036
0.038
0.039
0.04
0.041
0.041
0.041
0.041
0.041
0.04
0.038
0.037
0.035
0.034
0.032
0.031
0.029
0.027
0.025
0.023
0.022
0.021
0.02
0.019
0.017
0.015
0.012
0.01
0.008
0.005
0.003
0.0
0.0
-0.002
-0.003
-0.004
-0.004
-0.004
-0.005
-0.006
-0.007
-0.008
-0.01
-0.012
-0.014
-0.016
-0.017
-0.018
-0.018
-0.017
-0.017
-0.016
-0.015
-0.015
-0.013
-0.013
-0.013
-0.014
-0.014
-0.013
-0.012
-0.011
-0.01
-0.009
-0.008
-0.006
-0.004
-0.002
0.0
0.0
0.001
0.002
0.004
0.005
0.007
0.008
0.009
0.011
0.013
0.016
0.018
0.02
0.021
0.02
0.018
0.016
0.012
0.009
0.005
0.001
-0.004
-0.009
-0.011
-0.009
-0.002
0.006
0.019
0.037
0.044
0.048
0.053
0.056
0.057
0.053
0.05
0.048
0.047
0.045
0.044
0.043
0.042
0.044
0.047
0.052
0.057
0.061
0.065
0.069
0.072
0.076
0.079
0.082
0.085
0.087
0.087
0.087
0.085
0.083
0.08
0.077
0.074
0.071
0.068
0.066
0.064
0.061
0.056
0.05
0.045
0.044
0.044
0.045
0.045
0.045
0.045
0.046
0.047
0.048
0.049
0.05
0.05
0.05
0.05
0.049
0.049
0.048
0.048
0.048
0.047
0.046
0.045
0.045
0.044
0.043
0.042
0.041
0.039
0.038
0.037
0.035
0.033
0.031
0.029
0.028
0.026
0.024
0.022
0.02
0.017
0.015
0.013
0.011
0.009
0.007
0.003
0.0
-0.003
-0.007
-0.011
-0.015
-0.023
-0.031
-0.035
-0.036
-0.036
-0.037
-0.038
-0.04
-0.041
-0.042
-0.039
-0.031
-0.02
-0.006
0.014
0.037
0.069
0.104
0.156
0.208
0.262
0.324
0.402
0.494
0.593
0.692
0.783
0.857
0.901
0.916
0.906
0.876
0.818
0.758
0.702
0.647
0.592
0.536
0.477
0.42
0.37
0.354
0.345
0.339
0.333
0.311
0.259
0.185
0.103
0.021
-0.051
-0.112
-0.16
-0.188
-0.201
-0.206
-0.211
-0.215
-0.218
-0.22
-0.223
-0.225
-0.227
-0.228
-0.229
-0.228
-0.225
-0.222
-0.219
-0.216
-0.212
-0.208
-0.204
-0.201
-0.198
-0.197
-0.195
-0.193
-0.191
-0.19
-0.188
-0.185
-0.183
-0.182
-0.18
-0.178
-0.176
-0.175
-0.174
-0.173
-0.171
-0.17
-0.169
-0.168
-0.167
-0.165
-0.164
-0.162
-0.159
-0.157
-0.154
-0.15
-0.147
-0.144
-0.143
-0.143
-0.144
-0.145
-0.146
-0.149
-0.152
-0.157
-0.155
-0.138
-0.126
-0.118
-0.111
-0.104
-0.099
-0.095
-0.091
-0.087
-0.081
-0.074
-0.065
-0.053
-0.034
-0.008
0.016
0.043
0.071
0.097
0.12
0.146
0.167
0.183
0.194
0.201
0.208
0.213
0.212
0.206
0.196
0.184
0.168
0.153
0.139
0.125
0.106
0.091
0.079
0.072
0.067
0.063
0.062
0.061
0.06
0.06
0.06
0.061
0.06
0.059
0.058
0.057
0.056
0.055
0.054
0.053
0.051
0.049
0.046
0.043
0.039
0.034
0.029
0.021
0.005
-0.006
-0.015
-0.019
-0.021
-0.024
-0.025
-0.027
-0.028
-0.029
-0.03
-0.03
-0.031
-0.032
-0.033
-0.033
-0.034
-0.034
-0.034
-0.033
-0.033
-0.033
-0.032
-0.032
-0.031
-0.031
-0.031
-0.031
-0.031
-0.032
-0.032
-0.033
-0.035
-0.037
-0.038
-0.039
-0.039
-0.039
-0.039
-0.04
-0.041
-0.041
-0.043
-0.046
-0.05
-0.053
-0.056
-0.057
-0.057
-0.055
-0.053
-0.051
-0.05
-0.049
-0.047
-0.045
-0.043
-0.042
-0.041
-0.04
-0.039
-0.037
-0.036
-0.034
-0.033
-0.032
-0.03
-0.027
-0.023
-0.019
-0.014
-0.01
-0.005
0.0
0.006
0.012
0.017
0.02
0.021
0.022
0.023
0.025
0.026
0.026
0.027
0.028
0.029
0.03
0.032
0.034
0.034
0.033
0.032
0.03
0.029
0.028
0.027
0.025
0.022
0.02
0.018
0.017
0.018
0.018
0.019
0.019
0.019
0.018
0.018
0.016
0.013
0.011
0.015
0.025
0.032
0.038
0.044
0.046
0.043
0.035
0.025
0.008
-0.02
-0.046
-0.064
-0.078
-0.084
-0.089
-0.093
-0.096
-0.097
-0.098
-0.098
-0.097
-0.097
-0.096
-0.094
-0.092
-0.089
-0.086
-0.083
-0.08
-0.077
-0.072
-0.068
-0.064
-0.062
-0.062
-0.062
-0.064
-0.066
-0.068
-0.071
-0.077
-0.081
-0.078
-0.072
-0.069
-0.068
-0.067
-0.066
-0.065
-0.064
-0.062
-0.059
-0.056
-0.054
-0.052
-0.05
-0.048
-0.046
-0.043
-0.038
-0.03
-0.01
0.005
0.027
0.052
0.092
0.14
0.197
0.261
0.333
0.417
0.513
0.618
0.73
0.838
0.933
1.008
1.041
1.052
1.029
0.962
0.865
0.767
0.684
0.636
0.618
0.603
0.566
0.52
0.465
0.409
0.353
0.309
0.28
0.248
0.218
0.168
0.116
0.059
-0.004
-0.068
-0.125
-0.178
-0.212
-0.232
-0.242
-0.25
-0.255
-0.256
-0.254
-0.25
-0.244
-0.238
-0.233
-0.225
-0.218
-0.215
-0.217
-0.222
-0.23
-0.241
-0.256
-0.267
-0.274
-0.28
-0.285
-0.285
-0.276
-0.266
-0.262
-0.258
-0.255
-0.252
-0.249
-0.246
-0.243
-0.239
-0.236
-0.232
-0.229
-0.226
-0.225
-0.223
-0.222
-0.221
-0.22
-0.219
-0.218
-0.217
-0.216
-0.214
-0.212
-0.21
-0.209
-0.209
-0.208
-0.207
-0.205
-0.204
-0.202
-0.201
-0.2
-0.198
-0.197
-0.194
-0.191
-0.187
-0.183
-0.175
-0.158
-0.142
-0.129
-0.108
-0.079
-0.052
-0.022
0.006
0.028
0.05
0.071
0.092
0.115
0.133
0.147
0.157
0.164
0.169
0.172
0.174
0.176
0.178
0.18
0.182
0.184
0.186
0.187
0.187
0.187
0.186
0.185
0.182
0.179
0.176
0.172
0.167
0.162
0.158
0.154
0.15
0.145
0.138
0.132
0.128
0.124
0.122
0.119
0.116
0.112
0.107
0.105
0.105
0.111
0.12
0.128
0.133
0.136
0.14
0.144
0.147
0.151
0.152
0.153
0.153
0.153
0.152
0.151
0.15
0.149
0.147
0.146
0.144
0.143
0.143
0.142
0.142
0.141
0.141
0.141
0.143
0.146
0.151
0.156
0.161
0.165
0.168
0.17
0.172
0.174
0.175
0.175
0.175
0.175
0.175
0.176
0.176
0.176
0.175
0.175
0.175
0.175
0.175
0.176
0.176
0.176
0.177
0.178
0.179
0.18
0.181
0.181
0.182
0.182
0.182
0.182
0.183
0.183
0.183
0.183
0.183
0.182
0.18
0.178
0.174
0.17
0.166
0.162
0.158
0.154
0.15
0.147
0.144
0.142
0.141
0.14
0.139
0.137
0.134
0.131
0.129
0.126
0.124
0.122
0.121
0.12
0.12
0.121
0.122
0.123
0.124
0.125
0.125
0.125
0.125
0.125
0.124
0.122
0.122
0.122
0.123
0.124
0.125
0.125
0.126
0.126
0.128
0.13
0.132
0.133
0.134
0.134
0.135
0.136
0.138
0.14
0.141
0.142
0.143
0.144
0.145
0.146
0.147
0.147
0.147
0.148
0.148
0.149
0.149
0.149
0.148
0.147
0.147
0.147
0.147
0.147
0.146
0.145
0.143
0.142
0.141
0.139
0.137
0.134
0.131
0.128
0.124
0.121
0.117
0.113
0.108
0.104
0.1
0.095
0.09
0.086
0.082
0.079
0.078
0.078
0.079
0.08
0.083
0.087
0.091
0.096
0.102
0.112
0.132
0.155
0.187
0.222
0.276
0.337
0.413
0.502
0.601
0.707
0.812
0.908
0.987
1.04
1.059
1.058
1.039
0.988
0.922
0.852
0.785
0.75
0.698
0.645
0.582
0.54
0.5
0.472
0.452
0.428
0.395
0.336
0.264
0.19
0.122
0.082
0.04
0.003
-0.027
-0.058
-0.087
-0.119
-0.146
-0.165
-0.174
-0.178
-0.181
-0.183
-0.184
-0.185
-0.185
-0.185
-0.185
-0.182
-0.179
-0.173
-0.167
-0.161
-0.155
-0.151
-0.147
-0.142
-0.138
-0.134
-0.13
-0.127
-0.124
-0.12
-0.117
-0.114
-0.112
-0.111
-0.111
-0.11
-0.11
-0.11
-0.111
-0.112
-0.115
-0.117
-0.12
-0.123
-0.126
-0.13
-0.134
-0.138
-0.142
-0.145
-0.148
-0.151
-0.155
-0.159
-0.163
-0.167
-0.17
-0.174
-0.177
-0.18
-0.182
-0.183
-0.183
-0.181
-0.18
-0.177
-0.175
-0.172
-0.169
-0.165
-0.161
-0.157
-0.153
-0.145
-0.126
-0.109
-0.092
-0.074
-0.057
-0.034
-0.004
0.025
0.056
0.079
0.094
0.107
0.12
0.127
0.132
0.136
0.139
0.142
0.143
0.142
0.137
0.13
0.122
0.114
0.108
0.103
0.098
0.092
0.087
0.083
0.079
0.076
0.072
0.069
0.065
0.062
0.059
0.056
0.055
0.053
0.052
0.05
0.049
0.048
0.047
0.047
0.046
0.046
0.044
0.043
0.043
0.043
0.043
0.042
0.041
0.039
0.037
0.035
0.034
0.032
0.03
0.029
0.027
0.026
0.025
0.025
0.024
0.023
0.021
0.019
0.017
0.015
0.013
0.011
0.008
0.005
0.002
0.0
0.0
-0.001
-0.002
-0.002
-0.003
-0.003
-0.003
-0.003
-0.004
-0.004
-0.005
-0.005
-0.006
-0.007
-0.007
-0.008
-0.007
-0.007
-0.006
-0.006
-0.006
-0.006
-0.006
-0.004
-0.003
-0.001
-0.001
-0.001
-0.001
-0.001
-0.001
-0.001
-0.002
-0.003
-0.004
-0.004
-0.002
0.0
0.001
0.003
0.003
0.003
0.003
0.002
0.002
0.0
-0.003
-0.005
-0.006
-0.004
-0.003
-0.002
-0.001
0.0
0.0
0.002
0.005
0.006
0.005
0.001
-0.002
-0.007
-0.013
-0.018
-0.023
-0.029
-0.035
-0.04
-0.044
-0.049
-0.053
-0.058
-0.062
-0.066
-0.068
-0.07
-0.073
-0.075
-0.077
-0.079
-0.081
-0.082
-0.083
-0.084
-0.085
-0.086
-0.086
-0.086
-0.086
-0.084
-0.083
-0.081
-0.079
-0.076
-0.074
-0.072
-0.07
-0.068
-0.067
-0.066
-0.066
-0.066
-0.065
-0.064
-0.063
-0.06
-0.057
-0.053
-0.05
-0.048
-0.046
-0.044
-0.043
-0.043
-0.043
-0.044
-0.044
-0.044
-0.044
-0.043
-0.042
-0.043
-0.045
-0.048
-0.052
-0.054
-0.057
-0.061
-0.065
-0.069
-0.072
-0.072
-0.071
-0.068
-0.065
-0.061
-0.056
-0.051
-0.045
-0.038
-0.03
-0.024
-0.014
0.019
0.066
0.125
0.193
0.268
0.346
0.429
0.517
0.607
0.699
0.79
0.881
0.967
1.022
1.041
1.025
0.977
0.889
0.799
0.723
0.659
0.599
0.562
0.525
0.49
0.458
0.421
0.381
0.343
0.308
0.273
0.214
0.153
0.088
0.025
-0.033
-0.089
-0.125
-0.154
-0.172
-0.187
-0.2
-0.206
-0.211
-0.215
-0.219
-0.222
-0.224
-0.225
-0.226
-0.225
-0.222
-0.219
-0.216
-0.211
-0.206
-0.201
-0.196
-0.192
-0.189
-0.186
-0.182
-0.178
-0.175
-0.172
-0.169
-0.168
-0.166
-0.164
-0.161
-0.159
-0.157
-0.156
-0.156
-0.156
-0.155
-0.154
-0.153
-0.153
-0.153
-0.153
-0.153
-0.152
-0.151
-0.15
-0.149
-0.148
-0.148
-0.148
-0.147
-0.147
-0.147
-0.148
-0.149
-0.15
-0.151
-0.151
-0.15
-0.149
-0.148
-0.147
-0.146
-0.144
-0.141
-0.139
-0.137
-0.134
-0.131
-0.127
-0.113
-0.082
-0.054
-0.027
-0.001
0.027
0.059
0.096
0.122
0.136
0.146
0.153
0.158
0.163
0.167
0.171
0.175
0.18
0.183
0.185
0.185
0.182
0.177
0.169
0.159
0.145
0.122
0.103
0.093
0.087
0.082
0.078
0.074
0.071
0.067
0.064
0.06
0.057
0.055
0.053
0.051
0.05
0.048
0.047
0.046
0.044
0.043
0.042
0.04
0.039
0.037
0.035
0.033
0.032
0.031
0.03
0.029
0.028
0.027
0.026
0.025
0.024
0.022
0.02
0.018
0.016
0.014
0.012
0.01
0.009
0.009
0.009
0.008
0.007
0.006
0.005
0.005
0.004
0.004
0.004
0.004
0.005
0.005
0.006
0.007
0.008
0.009
0.009
0.01
0.01
0.011
0.012
0.012
0.013
0.013
0.014
0.016
0.017
0.019
0.021
0.022
0.024
0.026
0.028
0.029
0.03
0.03
0.03
0.03
0.031
0.033
0.033
0.034
0.036
0.039
0.043
0.045
0.046
0.045
0.042
0.039
0.036
0.033
0.031
0.026
0.02
0.016
0.015
0.021
0.03
0.037
0.04
0.042
0.044
0.047
0.051
0.055
0.058
0.061
0.062
0.063
0.065
0.066
0.066
0.067
0.067
0.067
0.067
0.068
0.069
0.07
0.071
0.071
0.071
0.071
0.071
0.07
0.069
0.068
0.066
0.065
0.065
0.065
0.066
0.067
0.068
0.069
0.068
0.066
0.063
0.063
0.069
0.076
0.078
0.079
0.08
0.082
0.084
0.087
0.09
0.093
0.095
0.096
0.097
0.097
0.098
0.098
0.099
0.098
0.098
0.098
0.097
0.097
0.097
0.095
0.094
0.092
0.09
0.089
0.088
0.087
0.085
0.083
0.082
0.08
0.079
0.077
0.073
0.069
0.065
0.061
0.059
0.057
0.055
0.055
0.055
0.057
0.059
0.063
0.067
0.072
0.077
0.084
0.098
0.134
0.173
0.207
0.258
0.31
0.373
0.448
0.537
0.634
0.729
0.821
0.906
0.975
1.014
1.028
1.014
0.972
0.902
0.828
0.761
0.707
0.676
0.646
0.618
0.592
0.561
0.526
0.495
0.444
0.383
0.316
0.256
0.2
0.168
0.113
0.052
-0.016
-0.085
-0.145
-0.195
-0.214
-0.219
-0.222
-0.223
-0.225
-0.225
-0.225
-0.224
-0.223
-0.22
-0.217
-0.214
-0.212
-0.209
-0.208
-0.206
-0.205
-0.204
-0.204
-0.203
-0.202
-0.2
-0.198
-0.197
-0.196
-0.194
-0.193
-0.192
-0.191
-0.191
-0.191
-0.191
-0.191
-0.19
-0.189
-0.188
-0.187
-0.185
-0.184
-0.183
-0.182
-0.181
-0.181
-0.182
-0.184
-0.186
-0.187
-0.188
-0.19
-0.191
-0.193
-0.194
-0.194
-0.194
-0.194
-0.193
-0.193
-0.193
-0.193
-0.193
-0.192
-0.191
-0.189
-0.187
-0.184
-0.181
-0.177
-0.17
-0.153
-0.132
-0.114
-0.099
-0.081
-0.061
-0.038
-0.011
0.012
0.031
0.048
0.065
0.083
0.093
0.101
0.107
0.113
0.117
0.121
0.123
0.124
0.124
0.122
0.117
0.112
0.105
0.097
0.09
0.084
0.079
0.074
0.068
0.063
0.058
0.053
0.048
0.044
0.04
0.036
0.033
0.03
0.029
0.027
0.026
0.025
0.023
0.023
0.023
0.023
0.024
0.023
0.022
0.022
0.022
0.022
0.023
0.023
0.023
0.023
0.023
0.023
0.023
0.022
0.022
0.021
0.02
0.02
0.02
0.021
0.021
0.022
0.023
0.025
0.027
0.029
0.031
0.033
0.035
0.037
0.039
0.041
0.043
0.045
0.046
0.049
0.052
0.056
0.059
0.062
0.065
0.068
0.071
0.074
0.078
0.08
0.082
0.083
0.084
0.085
0.086
0.086
0.086
0.086
0.086
0.086
0.086
0.086
0.086
0.086
0.086
0.086
0.086
0.085
0.085
0.084
0.083
0.083
0.083
0.084
0.084
0.085
0.085
0.086
0.087
0.087
0.088
0.088
0.088
0.088
0.089
0.09
0.09
0.09
0.09
0.091
0.092
0.092
0.093
0.093
0.092
0.092
0.092
0.092
0.092
0.09
0.088
0.086
0.083
0.081
0.078
0.076
0.073
0.07
0.068
0.067
0.067
0.067
0.066
0.065
0.065
0.064
0.064
0.064
0.063
0.063
0.062
0.061
0.062
0.062
0.063
0.063
0.062
0.062
0.063
0.064
0.065
0.067
0.067
0.067
0.067
0.067
0.067
0.068
0.068
0.067
0.066
0.065
0.064
0.065
0.066
0.066
0.066
0.067
0.068
0.07
0.072
0.073
0.073
0.073
0.072
0.073
0.078
0.075
0.057
0.041
0.028
0.018
0.013
0.009
0.003
-0.004
-0.002
0.016
0.032
0.043
0.054
0.063
0.071
0.078
0.088
0.101
0.117
0.137
0.168
0.209
0.272
0.337
0.411
0.498
0.594
0.695
0.795
0.889
0.968
1.02
1.037
1.025
0.988
0.911
0.831
0.764
0.724
0.684
0.646
0.611
0.57
0.522
0.474
0.435
0.407
0.383
0.353
0.316
0.257
0.197
0.133
0.068
0.009
-0.05
-0.086
-0.125
-0.163
-0.18
-0.188
-0.195
-0.2
-0.204
-0.206
-0.207
-0.206
-0.205
-0.202
-0.197
-0.193
-0.187
-0.182
-0.177
-0.173
-0.171
-0.169
-0.167
-0.165
-0.163
-0.16
-0.158
-0.155
-0.152
-0.149
-0.146
-0.144
-0.143
-0.142
-0.141
-0.141
-0.141
-0.141
-0.141
-0.14
-0.14
-0.138
-0.136
-0.134
-0.132
-0.131
-0.128
-0.126
-0.123
-0.12
-0.119
-0.12
-0.122
-0.124
-0.127
-0.129
-0.132
-0.135
-0.139
-0.143
-0.146
-0.148
-0.148
-0.146
-0.143
-0.138
-0.131
-0.123
-0.111
-0.098
-0.087
-0.076
-0.065
-0.054
-0.043
-0.029
-0.012
0.004
0.021
0.038
0.052
0.084
0.127
0.157
0.18
0.194
0.203
0.204
0.204
0.204
0.204
0.203
0.203
0.203
0.201
0.195
0.187
0.176
0.16
0.139
0.126
0.116
0.109
0.102
0.095
0.09
0.086
0.081
0.075
0.068
0.061
0.056
0.051
0.048
0.046
0.045
0.045
0.044
0.043
0.042
0.041
0.04
0.039
0.038
0.036
0.034
0.032
0.031
0.03
0.029
0.027
0.026
0.025
0.024
0.023
0.022
0.021
0.019
0.016
0.013
0.011
0.009
0.008
0.008
0.008
0.008
0.009
0.011
0.014
0.016
0.019
0.021
0.023
0.025
0.028
0.031
0.034
0.038
0.042
0.047
0.052
0.056
0.06
0.064
0.067
0.069
0.071
0.073
0.075
0.078
0.08
0.083
0.085
0.087
0.09
0.093
0.097
0.1
0.102
0.104
0.105
0.107
0.109
0.111
0.114
0.116
0.118
0.12
0.122
0.125
0.128
0.13
0.131
0.132
0.133
0.135
0.137
0.139
0.141
0.143
0.144
0.146
0.149
0.154
0.165
0.17
0.171
0.171
0.171
0.171
0.172
0.172
0.174
0.174
0.174
0.174
0.175
0.175
0.176
0.176
0.176
0.175
0.175
0.174
0.173
0.173
0.172
0.17
0.168
0.166
0.163
0.16
0.157
0.151
0.138
0.125
0.114
0.102
0.09
0.084
0.081
0.078
0.076
0.074
0.073
0.073
0.074
0.075
0.076
0.077
0.079
0.081
0.085
0.089
0.092
0.095
0.098
0.1
0.103
0.106
0.109
0.111
0.113
0.113
0.112
0.11
0.107
0.104
0.1
0.096
0.091
0.084
0.072
0.065
0.061
0.058
0.054
0.051
0.051
0.057
0.065
0.072
0.079
0.085
0.087
0.085
0.08
0.074
0.068
0.061
0.055
0.055
0.062
0.075
0.097
0.128
0.156
0.181
0.219
0.262
0.313
0.363
0.414
0.472
0.537
0.611
0.686
0.755
0.813
0.835
0.849
0.846
0.805
0.727
0.622
0.512
0.415
0.34
0.287
0.258
0.214
0.148
0.062
-0.035
-0.126
-0.185
-0.214
-0.253
-0.307
-0.375
-0.456
-0.552
-0.647
-0.729
-0.796
-0.849
-0.898
-0.92
-0.932
-0.941
-0.94
-0.926
-0.91
-0.893
-0.873
-0.86
-0.851
-0.843
-0.835
-0.828
-0.821
-0.811
-0.796
-0.778
-0.761
-0.747
-0.734
-0.722
-0.714
-0.708
-0.702
-0.696
-0.691
-0.687
-0.683
-0.676
-0.663
-0.639
-0.618
-0.602
-0.583
-0.57
-0.56
-0.552
-0.544
-0.538
-0.532
-0.524
-0.515
-0.504
-0.493
-0.487
-0.483
-0.48
-0.478
-0.475
-0.473
-0.471
-0.469
-0.466
-0.464
-0.462
-0.46
-0.458
-0.455
-0.451
-0.446
-0.436
-0.424
-0.41
-0.393
-0.374
-0.357
-0.342
-0.33
-0.317
-0.303
-0.286
-0.266
-0.249
-0.228
-0.196
-0.16
-0.123
-0.082
-0.045
-0.019
0.001
0.024
0.044
0.061
0.075
0.087
0.095
0.101
0.106
0.109
0.112
0.112
0.111
0.109
0.105
0.101
0.097
0.094
0.091
0.089
0.088
0.085
0.082
0.079
0.077
0.075
0.074
0.074
0.073
0.072
0.071
0.071
0.073
0.075
0.077
0.079
0.081
0.082
0.085
0.088
0.09
0.092
0.093
0.093
0.094
0.095
0.097
0.099
0.101
0.102
0.105
0.108
0.111
0.114
0.117
0.119
0.122
0.124
0.126
0.128
0.13
0.132
0.134
0.137
0.14
0.144
0.148
0.151
0.155
0.158
0.161
0.165
0.169
0.171
0.173
0.174
0.174
0.175
0.176
0.177
0.177
0.177
0.177
0.178
0.18
0.183
0.186
0.189
0.192
0.195
0.198
0.202
0.206
0.208
0.21
0.212
0.213
0.214
0.215
0.217
0.218
0.22
0.221
0.222
0.224
0.226
0.228
0.229
0.23
0.229
0.229
0.229
0.23
0.231
0.232
0.233
0.233
0.234
0.235
0.237
0.239
0.241
0.242
0.244
0.246
0.25
0.254
0.259
0.263
0.266
0.269
0.272
0.274
0.275
0.274
0.272
0.269
0.266
0.263
0.26
0.257
0.253
0.249
0.245
0.239
0.227
0.215
0.207
0.2
0.195
0.191
0.187
0.183
0.18
0.178
0.176
0.175
0.175
0.176
0.179
0.182
0.187
0.193
0.201
0.217
0.249
0.281
0.315
0.351
0.387
0.443
0.507
0.583
0.672
0.766
0.859
0.948
1.03
1.099
1.124
1.126
1.114
1.082
1.022
0.956
0.895
0.843
0.785
0.722
0.66
0.597
0.528
0.467
0.433
0.406
0.385
0.36
0.326
0.288
0.228
0.162
0.094
0.03
-0.027
-0.082
-0.121
-0.141
-0.15
-0.158
-0.164
-0.168
-0.17
-0.171
-0.171
-0.171
-0.17
-0.169
-0.168
-0.166
-0.163
-0.162
-0.16
-0.158
-0.157
-0.156
-0.154
-0.153
-0.153
-0.152
-0.15
-0.149
-0.148
-0.147
-0.147
-0.148
-0.148
-0.149
-0.15
-0.15
-0.151
-0.152
-0.152
-0.153
-0.153
-0.154
-0.155
-0.156
-0.158
-0.16
-0.163
-0.165
-0.167
-0.17
-0.172
-0.174
-0.177
-0.179
-0.181
-0.183
-0.186
-0.19
-0.196
-0.202
-0.206
-0.206
-0.202
-0.195
-0.187
-0.178
-0.171
-0.163
-0.155
-0.147
-0.139
-0.131
-0.124
-0.116
-0.106
-0.091
-0.065
-0.039
-0.013
0.012
0.037
0.061
0.084
0.1
0.108
0.113
0.117
0.12
0.123
0.124
0.125
0.124
0.121
0.116
0.109
0.101
0.093
0.086
0.078
0.069
0.061
0.054
0.048
0.043
0.038
0.034
0.032
