-0.194
-0.197
-0.202
-0.205
-0.206
-0.208
-0.211
-0.21
-0.201
-0.19
-0.183
-0.177
-0.167
-0.152
-0.139
-0.129
-0.119
-0.108
-0.096
-0.087
-0.082
-0.079
-0.078
-0.074
-0.069
-0.063
-0.057
-0.054
-0.051
-0.052
-0.055
-0.062
-0.073
-0.089
-0.107
-0.12
-0.132
-0.144
-0.154
-0.16
-0.159
-0.156
-0.152
-0.143
-0.132
-0.121
-0.112
-0.106
-0.099
-0.09
-0.077
-0.066
-0.058
-0.06
-0.064
-0.061
-0.019
0.052
0.17
0.334
0.537
0.754
0.932
1.022
1.014
0.914
0.699
0.428
0.158
-0.063
-0.214
-0.262
-0.278
-0.262
-0.209
-0.128
-0.045
-0.012
-0.008
-0.017
-0.02
-0.015
-0.006
0.0
0.001
0.01
0.023
0.031
0.031
0.026
0.023
0.021
0.023
0.028
0.029
0.021
0.01
0.0
-0.01
-0.018
-0.026
-0.033
-0.036
-0.038
-0.04
-0.041
-0.04
-0.039
-0.038
-0.034
-0.029
-0.025
-0.019
-0.009
0.004
0.021
0.041
0.057
0.074
0.092
0.107
0.125
0.143
0.156
0.163
0.166
0.177
0.198
0.224
0.246
0.265
0.283
0.305
0.325
0.336
0.339
0.337
0.338
0.343
0.347
0.349
0.35
0.348
0.344
0.337
0.329
0.323
0.315
0.301
0.282
0.252
0.228
0.206
0.191
0.178
0.17
0.165
0.164
0.163
0.164
0.167
0.168
0.168
0.17
0.171
0.173
0.177
0.183
0.191
0.198
0.199
0.197
0.194
0.19
0.189
0.191
0.193
0.196
0.198
0.202
0.205
0.204
0.198
0.192
0.189
0.185
0.178
0.171
0.164
0.156
0.15
0.152
0.149
0.145
0.14
0.135
0.129
0.121
0.116
0.112
0.107
0.103
0.098
0.091
0.083
0.073
0.061
0.052
0.042
0.029
0.017
0.008
-0.001
-0.011
-0.019
-0.025
-0.031
-0.035
-0.038
-0.04
-0.042
-0.046
-0.052
-0.061
-0.068
-0.074
-0.08
-0.088
-0.097
-0.104
-0.11
-0.115
-0.117
-0.117
-0.116
-0.114
-0.109
-0.101
-0.09
-0.081
-0.071
-0.058
-0.045
-0.035
-0.029
-0.023
-0.003
0.031
0.065
0.101
0.141
0.178
0.21
0.246
0.285
0.326
0.369
0.402
0.419
0.431
0.41
0.341
0.211
0.038
-0.14
-0.295
-0.408
-0.463
-0.494
-0.508
-0.521
-0.543
-0.563
-0.575
-0.583
-0.593
-0.601
-0.606
-0.613
-0.618
-0.623
-0.629
-0.633
-0.637
-0.642
-0.648
-0.654
-0.659
-0.665
-0.669
-0.674
-0.677
-0.678
-0.678
-0.677
-0.68
-0.684
-0.687
-0.69
-0.692
-0.693
-0.693
-0.692
-0.689
-0.686
-0.683
-0.68
-0.675
-0.671
-0.668
-0.664
-0.661
-0.66
-0.661
-0.666
-0.671
-0.675
-0.677
-0.68
-0.681
-0.679
-0.68
-0.68
-0.681
-0.679
-0.676
-0.672
-0.67
-0.666
-0.662
-0.661
-0.662
-0.661
-0.658
-0.654
-0.653
-0.651
-0.651
-0.652
-0.649
-0.63
-0.602
-0.526
-0.432
-0.297
-0.138
0.031
0.181
0.277
0.291
0.246
0.093
-0.118
-0.341
-0.544
-0.71
-0.806
-0.842
-0.84
-0.803
-0.738
-0.678
-0.648
-0.632
-0.623
-0.617
-0.613
-0.607
-0.604
-0.596
-0.585
-0.567
-0.553
-0.533
-0.505
-0.482
-0.466
-0.451
-0.428
-0.398
-0.37
-0.351
-0.333
-0.318
-0.307
-0.294
-0.281
-0.263
-0.24
-0.22
-0.206
-0.197
-0.187
-0.18
-0.174
-0.17
-0.166
-0.162
-0.159
-0.156
-0.151
-0.139
-0.119
-0.092
-0.068
-0.056
-0.048
-0.042
-0.039
-0.037
-0.034
-0.028
-0.024
-0.024
-0.027
-0.023
-0.012
0.006
0.025
0.053
0.089
0.113
0.123
0.127
0.131
0.138
0.142
0.143
0.144
0.144
0.142
0.139
0.135
0.133
0.127
0.118
0.105
0.089
0.079
0.071
0.063
0.054
0.044
0.038
0.033
0.028
0.025
0.024
0.026
0.028
0.032
0.034
0.035
0.039
0.046
0.06
0.086
0.104
0.117
0.13
0.144
0.156
0.175
0.19
0.2
0.207
0.213
0.217
0.221
0.226
0.232
0.237
0.242
0.246
0.253
0.261
0.269
0.277
0.282
0.289
0.299
0.313
0.327
0.345
0.365
0.384
0.404
0.422
0.434
0.447
0.46
0.472
0.483
0.492
0.498
0.501
0.503
0.505
0.505
0.506
0.506
0.505
0.502
0.497
0.485
0.462
0.443
0.427
0.414
0.402
0.389
0.369
0.356
0.348
0.342
0.336
0.331
0.329
0.329
0.327
0.324
0.319
0.311
0.303
0.295
0.285
0.274
0.264
0.254
0.247
0.241
0.235
0.229
0.224
0.22
0.217
0.215
0.212
0.207
0.199
0.19
0.182
0.173
0.163
0.156
0.152
0.148
0.135
0.113
0.094
0.079
0.065
0.053
0.042
0.027
0.012
0.0
-0.009
-0.016
-0.021
-0.024
-0.024
-0.025
-0.027
-0.031
-0.037
-0.044
-0.052
-0.064
-0.074
-0.083
-0.09
-0.094
-0.097
-0.099
-0.099
-0.095
-0.088
-0.079
-0.069
-0.057
-0.05
-0.045
-0.043
-0.041
-0.039
-0.037
-0.035
-0.034
-0.034
-0.035
-0.04
-0.046
-0.055
-0.063
-0.074
-0.091
-0.104
-0.118
-0.133
-0.15
-0.165
-0.178
-0.188
-0.195
-0.202
-0.211
-0.222
-0.239
-0.264
-0.28
-0.288
-0.293
-0.296
-0.297
-0.3
-0.302
-0.302
-0.295
-0.269
-0.221
-0.151
-0.051
0.076
0.231
0.404
0.564
0.667
0.68
0.625
0.451
0.206
-0.069
-0.326
-0.505
-0.589
-0.6
-0.567
-0.506
-0.439
-0.389
-0.364
-0.345
-0.331
-0.321
-0.313
-0.305
-0.297
-0.288
-0.279
-0.272
-0.266
-0.262
-0.258
-0.255
-0.25
-0.245
-0.24
-0.237
-0.234
-0.231
-0.227
-0.223
-0.217
-0.208
-0.194
-0.183
-0.173
-0.164
-0.153
-0.144
-0.133
-0.122
-0.109
-0.09
-0.066
-0.041
-0.023
-0.009
0.009
0.031
0.057
0.089
0.116
0.139
0.16
0.179
0.2
0.224
0.252
0.278
0.297
0.309
0.325
0.348
0.371
0.394
0.415
0.439
0.458
0.471
0.487
0.499
0.51
0.519
0.525
0.528
0.53
0.532
0.533
0.533
0.529
0.522
0.513
0.501
0.481
0.46
0.438
0.416
0.392
0.379
0.373
0.37
0.369
0.369
0.367
0.363
0.359
0.357
0.356
0.355
0.355
0.352
0.345
0.333
0.311
0.29
0.272
0.256
0.249
0.247
0.249
0.251
0.252
0.251
0.251
0.252
0.254
0.256
0.258
0.258
0.26
0.262
0.264
0.264
0.262
0.259
0.256
0.254
0.253
0.253
0.253
0.253
0.253
0.252
0.249
0.245
0.24
0.236
0.234
0.233
0.231
0.225
0.208
0.192
0.18
0.171
0.162
0.154
0.144
0.133
0.121
0.111
0.101
0.089
0.078
0.068
0.055
0.046
0.037
0.028
0.022
0.02
0.02
0.023
0.027
0.033
0.044
0.056
0.073
0.09
0.099
0.105
0.111
0.117
0.122
0.126
0.129
0.13
0.131
0.13
0.129
0.132
0.139
0.148
0.159
0.171
0.184
0.196
0.21
0.226
0.236
0.242
0.247
0.253
0.256
0.25
0.237
0.223
0.206
0.189
0.166
0.138
0.092
0.036
-0.02
-0.076
-0.137
-0.198
-0.251
-0.301
-0.333
-0.374
-0.412
-0.463
-0.511
-0.555
-0.6
-0.632
-0.669
-0.705
-0.73
-0.746
-0.753
-0.745
-0.726
-0.71
-0.697
-0.687
-0.68
-0.68
-0.683
-0.689
-0.694
-0.699
-0.703
-0.709
-0.714
-0.719
-0.723
-0.728
-0.734
-0.736
-0.735
-0.731
-0.728
-0.726
-0.727
-0.729
-0.73
-0.73
-0.728
-0.724
-0.71
-0.671
-0.609
-0.51
-0.365
-0.181
0.026
0.234
0.409
0.491
0.492
0.408
0.214
-0.05
-0.311
-0.541
-0.683
-0.721
-0.716
-0.645
-0.561
-0.476
-0.415
-0.391
-0.369
-0.359
-0.353
-0.345
-0.34
-0.338
-0.339
-0.338
-0.337
-0.337
-0.337
-0.338
-0.342
-0.348
-0.352
-0.355
-0.358
-0.36
-0.362
-0.362
-0.362
-0.36
-0.357
-0.352
-0.347
-0.34
-0.331
-0.32
-0.302
-0.286
-0.273
-0.263
-0.251
-0.239
-0.218
-0.187
-0.159
-0.139
-0.121
-0.11
-0.102
-0.091
-0.078
-0.059
-0.038
-0.021
-0.007
0.005
0.017
0.035
0.062
0.093
0.125
0.153
0.173
0.19
0.205
0.22
0.236
0.247
0.256
0.263
0.266
0.265
0.26
0.254
0.245
0.233
0.214
0.194
0.168
0.132
0.098
0.074
0.051
0.03
0.009
-0.011
-0.024
-0.031
-0.037
-0.042
-0.046
-0.048
-0.049
-0.049
-0.048
-0.044
-0.037
-0.03
-0.023
-0.016
-0.008
0.006
0.024
0.045
0.061
0.074
0.087
0.098
0.108
0.116
0.126
0.138
0.152
0.166
0.178
0.185
0.19
0.194
0.197
0.202
0.205
0.207
0.209
0.211
0.214
0.216
0.219
0.221
0.224
0.227
0.232
0.237
0.245
0.252
0.258
0.262
0.266
0.268
0.27
0.273
0.275
0.278
0.28
0.274
0.257
0.23
0.194
0.164
0.133
0.118
0.114
0.111
0.108
0.104
0.099
0.094
0.091
0.088
0.084
0.08
0.074
0.062
0.041
0.022
0.006
-0.009
-0.025
-0.043
-0.057
-0.07
-0.081
-0.093
-0.104
-0.116
-0.127
-0.136
-0.143
-0.149
-0.154
-0.159
-0.163
-0.167
-0.172
-0.176
-0.182
-0.187
-0.192
-0.199
-0.207
-0.221
-0.245
-0.273
-0.287
-0.297
-0.305
-0.311
-0.316
-0.32
-0.323
-0.324
-0.323
-0.32
-0.317
-0.312
-0.305
-0.299
-0.292
-0.285
-0.276
-0.263
-0.239
-0.222
-0.211
-0.204
-0.199
-0.195
-0.193
-0.193
-0.194
-0.198
-0.204
-0.21
-0.217
-0.223
-0.228
-0.233
-0.238
-0.241
-0.243
-0.241
-0.237
-0.233
-0.23
-0.228
-0.227
-0.224
-0.22
-0.215
-0.208
-0.193
-0.181
-0.147
-0.084
0.016
0.148
0.304
0.469
0.615
0.736
0.756
0.732
0.576
0.338
0.058
-0.202
-0.397
-0.484
-0.514
-0.489
-0.41
-0.313
-0.237
-0.152
-0.084
-0.036
-0.006
0.006
0.015
0.022
0.028
0.034
0.038
0.041
0.044
0.047
0.047
0.047
0.047
0.048
0.051
0.057
0.065
0.073
0.081
0.088
0.093
0.097
0.101
0.106
0.112
0.118
0.125
0.131
0.135
0.135
0.134
0.135
0.137
0.14
0.145
0.151
0.158
0.166
0.176
0.186
0.198
0.21
0.226
0.241
0.252
0.262
0.274
0.287
0.302
0.319
0.334
0.347
0.359
0.372
0.386
0.401
0.417
0.435
0.447
0.458
0.466
0.471
0.475
0.479
0.48
0.478
0.474
0.467
0.457
0.447
0.433
0.412
0.393
0.376
0.348
0.309
0.272
0.234
0.194
0.152
0.116
0.087
0.049
0.029
0.016
0.004
-0.004
-0.01
-0.015
-0.019
-0.02
-0.019
-0.016
-0.009
-0.001
0.008
0.017
0.026
0.032
0.038
0.043
0.047
0.052
0.056
0.058
0.061
0.064
0.068
0.071
0.074
0.077
0.08
0.083
0.085
0.086
0.087
0.087
0.088
0.088
0.088
0.088
0.087
0.087
0.087
0.087
0.088
0.089
0.09
0.091
0.093
0.095
0.095
0.092
0.087
0.082
0.078
0.074
0.071
0.069
0.065
0.063
0.06
0.057
0.054
0.052
0.053
0.056
0.065
0.078
0.093
0.105
0.112
0.118
0.122
0.124
0.126
0.13
0.136
0.142
0.148
0.154
0.16
0.166
0.174
0.184
0.193
0.203
0.213
0.221
0.227
0.23
0.233
0.237
0.241
0.244
0.243
0.239
0.232
0.224
0.216
0.208
0.201
0.194
0.188
0.179
0.163
0.143
0.126
0.11
0.098
0.088
0.08
0.071
0.065
0.06
0.056
0.053
0.048
0.043
0.039
0.036
0.034
0.033
0.032
0.03
0.028
0.023
0.013
0.001
-0.011
-0.031
-0.062
-0.077
-0.09
-0.1
-0.095
-0.065
0.012
0.116
0.243
0.374
0.481
0.518
0.489
0.395
0.179
-0.095
-0.367
-0.587
-0.707
-0.752
-0.74
-0.697
-0.618
-0.559
-0.491
-0.434
-0.38
-0.347
-0.34
-0.336
-0.332
-0.329
-0.328
-0.33
-0.336
-0.343
-0.351
-0.359
-0.366
-0.369
-0.372
-0.372
-0.372
-0.373
-0.374
-0.374
-0.373
-0.372
-0.37
-0.367
-0.363
-0.358
-0.354
-0.349
-0.345
-0.342
-0.338
-0.332
-0.319
-0.288
-0.261
-0.236
-0.214
-0.191
-0.166
-0.139
-0.111
-0.073
-0.025
0.013
0.043
0.069
0.102
0.146
0.179
0.203
0.222
0.237
0.244
0.25
0.254
0.258
0.26
0.262
0.263
0.262
0.26
0.257
0.254
0.247
0.238
0.227
0.216
0.199
0.168
0.147
0.12
0.085
0.051
0.015
-0.015
-0.041
-0.072
-0.087
-0.096
-0.103
-0.108
-0.112
-0.117
-0.121
-0.126
-0.129
-0.133
-0.136
-0.139
-0.139
-0.139
-0.138
-0.138
-0.14
-0.142
-0.144
-0.145
-0.145
-0.145
-0.146
-0.146
-0.148
-0.152
-0.159
-0.168
-0.176
-0.182
-0.187
-0.191
-0.195
-0.201
-0.208
-0.214
-0.218
-0.215
-0.213
-0.21
-0.206
-0.201
-0.194
-0.187
-0.18
-0.176
-0.173
-0.17
-0.166
-0.165
-0.165
-0.166
-0.169
-0.171
-0.17
-0.166
-0.161
-0.157
-0.153
-0.149
-0.145
-0.139
-0.135
-0.131
-0.126
-0.12
-0.114
-0.108
-0.103
-0.1
-0.1
-0.1
-0.101
-0.102
-0.103
-0.105
-0.106
-0.107
-0.107
-0.105
-0.103
-0.101
-0.098
-0.094
-0.09
-0.086
-0.082
-0.078
-0.072
-0.065
-0.056
-0.049
-0.045
-0.046
-0.053
-0.062
-0.072
-0.081
-0.088
-0.095
-0.102
-0.107
-0.111
-0.113
-0.112
-0.109
-0.106
-0.102
-0.098
-0.093
-0.088
-0.084
-0.081
-0.077
-0.073
-0.071
-0.07
-0.075
-0.085
-0.097
-0.107
-0.113
-0.117
-0.121
-0.125
-0.13
-0.135
-0.14
-0.144
-0.148
-0.15
-0.151
-0.151
-0.152
-0.154
-0.158
-0.163
-0.17
-0.176
-0.183
-0.185
-0.175
-0.147
-0.076
0.02
0.155
0.317
0.484
0.643
0.725
0.724
0.643
0.449
0.19
-0.085
-0.324
-0.466
-0.514
-0.513
-0.45
-0.38
-0.333
-0.284
-0.251
-0.226
-0.204
-0.187
-0.171
-0.153
-0.138
-0.124
-0.114
-0.105
-0.098
-0.093
-0.091
-0.087
-0.083
-0.08
-0.079
-0.078
-0.076
-0.075
-0.074
-0.074
-0.074
-0.075
-0.074
-0.073
-0.072
-0.072
-0.074
-0.075
-0.075
-0.074
-0.072
-0.07
-0.067
-0.063
-0.058
-0.052
-0.046
-0.036
-0.013
0.005
0.022
0.042
0.065
0.091
0.116
0.14
0.159
0.175
0.189
0.205
0.223
0.239
0.254
0.271
0.288
0.304
0.325
0.352
0.376
0.391
0.403
0.412
0.42
0.422
0.419
0.413
0.402
0.389
0.371
0.341
0.32
0.294
0.263
0.233
0.2
0.171
0.149
0.122
0.112
0.109
0.107
0.106
0.105
0.103
0.101
0.099
0.097
0.095
0.093
0.092
0.091
0.09
0.091
0.091
0.089
0.085
0.081
0.078
0.075
0.072
0.068
0.066
0.062
0.05
0.035
0.018
0.002
-0.011
-0.025
-0.038
-0.049
-0.057
-0.06
-0.063
-0.066
-0.068
-0.07
-0.072
-0.075
-0.077
-0.077
-0.078
-0.078
-0.077
-0.077
-0.076
-0.076
-0.076
-0.076
-0.077
-0.077
-0.077
-0.076
-0.075
-0.074
-0.074
-0.074
-0.075
-0.077
-0.079
-0.082
-0.084
-0.086
-0.087
-0.088
-0.088
-0.087
-0.086
-0.085
-0.083
-0.083
-0.082
-0.08
-0.078
-0.076
-0.073
-0.07
-0.065
-0.059
-0.052
-0.044
-0.035
-0.026
-0.018
-0.009
-0.002
0.004
0.011
0.017
0.024
0.03
0.037
0.042
0.048
0.054
0.062
0.073
0.09
0.106
0.122
0.138
0.155
0.167
0.174
0.181
0.186
0.191
0.193
0.192
0.186
0.175
0.161
0.146
0.125
0.107
0.092
0.084
0.079
0.074
0.07
0.066
0.063
0.06
0.057
0.055
0.054
0.055
0.056
0.059
0.063
0.068
0.076
0.087
0.099
0.152
0.24
0.36
0.514
0.683
0.839
0.97
1.023
0.969
0.815
0.568
0.281
0.007
-0.2
-0.305
-0.34
-0.325
-0.279
-0.209
-0.167
-0.147
-0.136
-0.129
-0.122
-0.117
-0.115
-0.114
-0.115
-0.116
-0.12
-0.124
-0.129
-0.132
-0.134
-0.135
-0.135
-0.137
-0.139
-0.142
-0.143
-0.14
-0.133
-0.124
-0.113
-0.102
-0.09
-0.078
-0.068
-0.059
-0.048
-0.034
-0.013
0.003
0.021
0.04
0.062
0.084
0.106
0.13
0.15
0.166
0.183
0.2
0.216
0.23
0.242
0.253
0.263
0.273
0.281
0.29
0.301
0.312
0.324
0.336
0.35
0.362
0.369
0.375
0.379
0.384
0.39
0.393
0.393
0.387
0.377
0.363
0.34
0.297
0.253
0.213
0.151
0.096
0.038
-0.023
-0.081
-0.135
-0.169
-0.198
-0.22
-0.244
-0.254
-0.259
-0.263
-0.266
-0.27
-0.272
-0.275
-0.277
-0.28
-0.282
-0.284
-0.285
-0.285
-0.284
-0.282
-0.28
-0.276
-0.273
-0.269
-0.265
-0.262
-0.258
-0.253
-0.248
-0.242
-0.234
-0.223
-0.213
-0.205
-0.201
-0.198
-0.196
-0.194
-0.193
-0.193
-0.193
-0.193
-0.194
-0.195
-0.196
-0.197
-0.198
-0.199
-0.2
-0.201
-0.202
-0.202
-0.201
-0.2
-0.199
-0.197
-0.195
-0.192
-0.19
-0.186
-0.183
-0.178
-0.174
-0.169
-0.163
-0.155
-0.147
-0.14
-0.134
-0.13
-0.126
-0.123
-0.12
-0.118
-0.116
-0.115
-0.115
-0.115
-0.116
-0.116
-0.117
-0.117
-0.118
-0.119
-0.119
-0.12
-0.121
-0.122
-0.124
-0.126
-0.128
-0.13
-0.131
-0.131
-0.13
-0.128
-0.126
-0.123
-0.119
-0.116
-0.112
-0.109
-0.106
-0.103
-0.101
-0.099
-0.096
-0.093
-0.09
-0.086
-0.083
-0.08
-0.079
-0.079
-0.079
-0.081
-0.085
-0.089
-0.094
-0.101
-0.107
-0.113
-0.119
-0.128
-0.137
-0.142
-0.146
-0.149
-0.151
-0.155
-0.158
-0.161
-0.163
-0.161
-0.155
-0.145
-0.13
-0.105
-0.061
0.008
0.108
0.245
0.411
0.597
0.759
0.84
0.838
0.75
0.535
0.261
-0.029
-0.281
-0.444
-0.484
-0.476
-0.403
-0.326
-0.251
-0.202
-0.183
-0.159
-0.149
-0.144
-0.139
-0.137
-0.135
-0.133
-0.132
-0.131
-0.129
-0.127
-0.125
-0.124
-0.123
-0.123
-0.123
-0.122
-0.12
-0.118
-0.115
-0.111
-0.107
-0.102
-0.094
-0.086
-0.077
-0.07
-0.063
-0.056
-0.049
-0.042
-0.034
-0.026
-0.018
-0.008
0.006
0.026
0.046
0.074
0.107
0.139
0.168
0.193
0.219
0.246
0.274
0.293
0.302
0.31
0.32
0.331
0.343
0.356
0.369
0.381
0.393
0.404
0.412
0.421
0.429
0.434
0.434
0.43
0.423
0.414
0.402
0.382
0.362
0.336
0.303
0.271
0.24
0.213
0.186
0.16
0.135
0.11
0.082
0.062
0.05
0.041
0.03
0.02
0.015
0.012
0.01
0.008
0.006
0.004
0.003
0.002
0.0
-0.002
-0.004
-0.006
-0.008
-0.009
-0.01
-0.01
-0.011
-0.012
-0.013
-0.014
-0.016
-0.019
-0.022
-0.024
-0.026
-0.029
-0.031
-0.033
-0.034
-0.036
-0.037
-0.039
-0.042
-0.045
-0.049
-0.054
-0.061
-0.07
-0.079
-0.089
-0.1
-0.109
-0.12
-0.128
-0.134
-0.135
-0.137
-0.138
-0.14
-0.143
-0.14
-0.124
-0.118
-0.115
-0.113
-0.111
-0.109
-0.107
-0.105
-0.104
-0.103
-0.102
-0.102
-0.101
-0.1
-0.099
-0.098
-0.098
-0.098
-0.098
-0.097
-0.096
-0.094
-0.092
-0.091
-0.088
-0.086
-0.083
-0.079
-0.075
-0.069
-0.054
-0.039
-0.024
-0.011
0.0
0.011
0.022
0.033
0.044
0.056
0.066
0.074
0.082
0.085
0.087
0.088
0.089
0.09
0.09
0.091
0.092
0.093
0.095
0.097
0.099
0.1
0.101
0.102
0.104
0.106
0.109
0.113
0.119
0.129
0.139
0.148
0.155
0.162
0.171
0.182
0.193
0.204
0.222
0.245
0.283
0.334
0.402
0.492
0.604
0.738
0.884
1.026
1.138
1.154
1.126
0.972
0.738
0.465
0.222
0.044
-0.024
-0.046
-0.026
0.034
0.095
0.152
0.214
0.262
0.292
0.305
0.312
0.316
0.319
0.321
0.323
0.324
0.326
0.328
0.331
0.334
0.336
0.338
0.34
0.343
0.345
0.347
0.35
0.352
0.354
0.356
0.358
0.36
0.363
0.365
0.368
0.371
0.374
0.375
0.377
0.379
0.381
0.383
0.386
0.39
0.395
0.402
0.417
0.431
0.443
0.454
0.463
0.473
0.483
0.494
0.505
0.516
0.527
0.535
0.542
0.552
0.565
0.583
0.598
0.611
0.621
0.628
0.634
0.639
0.644
0.646
0.646
0.641
0.633
0.62
0.599
0.565
0.54
0.52
0.499
0.476
0.456
0.446
0.439
0.432
0.433
0.45
0.474
0.505
0.554
0.603
0.66
0.726
0.797
0.866
0.93
0.989
1.018
1.037
1.05
1.05
1.034
0.99
0.936
0.878
0.845
0.812
0.785
0.749
0.698
0.619
0.5
0.342
0.181
0.031
-0.095
-0.187
-0.249
-0.282
-0.311
-0.343
-0.369
-0.384
-0.399
-0.413
-0.433
-0.463
-0.514
-0.571
-0.63
-0.667
-0.709
-0.74
-0.751
-0.756
-0.761
-0.764
-0.767
-0.768
-0.769
-0.767
-0.765
-0.76
-0.755
-0.75
-0.745
-0.74
-0.735
-0.731
-0.727
-0.723
-0.719
-0.715
-0.712
-0.709
-0.706
-0.702
-0.698
-0.692
-0.686
-0.678
-0.671
-0.663
-0.655
-0.647
-0.636
-0.622
-0.607
-0.591
-0.577
-0.564
-0.553
-0.544
-0.536
-0.527
-0.516
-0.504
-0.49
-0.476
-0.462
-0.447
-0.433
-0.418
-0.403
-0.395
-0.391
-0.389
-0.388
-0.388
-0.388
-0.388
-0.387
-0.386
-0.385
-0.383
-0.382
-0.381
-0.381
-0.379
-0.377
-0.374
-0.367
-0.354
-0.345
-0.339
-0.348
-0.377
-0.421
-0.474
-0.53
-0.587
-0.641
-0.693
-0.725
-0.736
-0.721
-0.678
-0.599
-0.496
-0.373
-0.238
-0.099
0.013
0.069
0.033
-0.088
-0.277
-0.494
-0.7
-0.855
-0.955
-0.985
-0.98
-0.92
-0.846
-0.769
-0.703
-0.648
-0.617
-0.592
-0.576
-0.564
-0.554
-0.546
-0.535
-0.524
-0.504
-0.478
-0.453
-0.427
-0.4
-0.372
-0.343
-0.318
-0.296
-0.274
-0.255
-0.233
-0.208
-0.181
-0.157
-0.139
-0.126
-0.109
-0.088
-0.068
-0.049
-0.029
-0.007
0.011
0.027
0.045
0.069
0.094
0.105
0.109
0.112
0.113
0.114
0.114
0.116
0.118
0.119
0.121
0.123
0.123
0.123
0.124
0.127
0.13
0.133
0.137
0.142
0.147
0.15
0.152
0.152
0.152
0.15
0.146
0.14
0.135
0.13
0.117
0.094
0.075
0.053
0.027
-0.003
-0.037
-0.068
-0.096
-0.121
-0.139
-0.159
-0.181
-0.203
-0.212
-0.214
-0.217
-0.219
-0.221
-0.222
-0.222
-0.223
-0.224
-0.226
-0.226
-0.226
-0.227
-0.228
-0.229
-0.23
-0.23
-0.23
-0.23
-0.23
-0.23
-0.229
-0.229
-0.228
-0.226
-0.225
-0.224
-0.222
-0.221
-0.22
-0.22
-0.22
-0.221
-0.222
-0.223
-0.223
-0.222
-0.221
-0.218
-0.217
-0.217
-0.216
-0.213
-0.212
-0.209
-0.2
-0.19
-0.182
-0.177
-0.171
-0.166
-0.16
-0.154
-0.149
-0.147
-0.146
-0.145
-0.143
-0.142
-0.14
-0.138
-0.138
-0.14
-0.142
-0.143
-0.147
-0.15
-0.154
-0.159
-0.169
-0.188
-0.204
-0.215
-0.219
-0.22
-0.22
-0.219
-0.215
-0.201
-0.195
-0.191
-0.188
-0.187
-0.185
-0.182
-0.181
-0.18
-0.18
-0.181
-0.183
-0.185
-0.186
-0.185
-0.185
-0.184
-0.182
-0.179
-0.176
-0.17
-0.153
-0.132
-0.112
-0.091
-0.072
-0.055
-0.041
-0.034
-0.031
-0.03
-0.03
-0.031
-0.033
-0.035
-0.036
-0.036
-0.037
-0.037
-0.037
-0.036
-0.035
-0.035
-0.032
-0.026
-0.02
-0.008
0.002
0.011
0.016
0.018
0.019
0.019
0.019
0.018
0.02
0.022
0.029
0.051
0.103
0.186
0.3
0.442
0.598
0.749
0.873
0.936
0.913
0.797
0.6
0.355
0.099
-0.1
-0.234
-0.291
-0.292
-0.246
-0.158
-0.079
-0.007
0.038
0.057
0.067
0.071
0.078
0.088
0.104
0.123
0.141
0.16
0.175
0.186
0.192
0.196
0.2
0.205
0.212
0.221
0.23
0.238
0.247
0.256
0.264
0.274
0.283
0.292
0.301
0.307
0.31
0.312
0.319
0.334
0.354
0.372
0.388
0.399
0.407
0.419
0.436
0.455
0.471
0.479
0.483
0.484
0.482
0.481
0.481
0.481
0.48
0.478
0.473
0.468
0.462
0.46
0.461
0.466
0.472
0.477
0.481
0.484
0.485
0.482
0.476
0.468
0.453
0.43
0.397
0.36
0.317
0.272
0.23
0.192
0.158
0.126
0.096
0.073
0.043
0.019
0.005
-0.003
-0.011
-0.018
-0.021
-0.024
-0.026
-0.026
-0.028
-0.031
-0.034
-0.033
-0.031
-0.027
-0.022
-0.016
-0.012
-0.006
0.0
0.007
0.015
0.017
0.019
0.024
0.029
0.032
0.034
0.036
0.037
0.039
0.039
0.038
0.038
0.038
0.04
0.044
0.047
0.046
0.046
0.044
0.041
0.039
0.037
0.035
0.033
0.032
0.032
0.028
0.022
0.014
0.004
-0.003
-0.008
-0.01
-0.011
-0.013
-0.018
-0.023
-0.025
-0.024
-0.021
-0.019
-0.021
-0.026
-0.031
-0.036
-0.039
-0.04
-0.043
-0.05
-0.061
-0.071
-0.079
-0.083
-0.086
-0.09
-0.095
-0.101
-0.106
-0.11
-0.111
-0.112
-0.113
-0.114
-0.113
-0.109
-0.102
-0.094
-0.086
-0.081
-0.077
-0.073
-0.067
-0.062
-0.057
-0.054
-0.052
-0.053
-0.054
-0.052
-0.048
-0.043
-0.037
-0.031
-0.027
-0.022
-0.017
-0.014
-0.011
-0.011
-0.011
