0.464
0.547
0.626
0.697
0.743
0.759
0.737
0.701
0.668
0.642
0.616
0.596
0.58
0.561
0.54
0.52
0.505
0.492
0.478
0.457
0.444
0.437
0.43
0.426
0.422
0.42
0.42
0.422
0.424
0.428
0.433
0.44
0.454
0.487
0.553
0.638
0.743
0.874
1.025
1.182
1.329
1.454
1.552
1.6
1.616
1.604
1.569
1.523
1.466
1.4
1.341
1.296
1.27
1.248
1.231
1.216
1.199
1.173
1.142
1.109
1.071
1.037
0.983
0.935
0.917
0.908
0.902
0.914
0.951
1.002
1.062
1.124
1.18
1.201
1.202
1.19
1.159
1.106
1.043
0.979
0.915
0.857
0.812
0.764
0.735
0.706
0.676
0.653
0.638
0.624
0.609
0.591
0.573
0.564
0.56
0.558
0.556
0.553
0.551
0.549
0.549
0.548
0.548
0.55
0.552
0.556
0.561
0.568
0.576
0.586
0.607
0.644
0.696
0.743
0.788
0.808
0.819
0.827
0.826
0.802
0.736
0.645
0.538
0.424
0.309
0.193
0.076
-0.035
-0.139
-0.237
-0.322
-0.395
-0.466
-0.53
-0.586
-0.639
-0.692
-0.74
-0.787
-0.834
-0.862
-0.89
-0.917
-0.939
-0.954
-0.97
-0.986
-1.002
-1.029
-1.046
-1.058
-1.067
-1.073
-1.077
-1.08
-1.082
-1.084
-1.087
-1.09
-1.093
-1.094
-1.09
-1.081
-1.067
-1.046
-1.01
-0.953
-0.892
-0.868
-0.849
-0.849
-0.885
-0.944
-1.006
-1.063
-1.114
-1.164
-1.187
-1.202
-1.212
-1.194
-1.163
-1.124
-1.092
-1.072
-1.061
-1.055
-1.044
-1.023
-0.995
-0.968
-0.941
-0.915
-0.89
-0.864
-0.836
-0.801
-0.758
-0.728
-0.712
-0.699
-0.683
-0.662
-0.634
-0.605
-0.58
-0.562
-0.548
-0.534
-0.515
-0.491
-0.475
-0.466
-0.459
-0.457
-0.46
-0.47
-0.484
-0.509
-0.545
-0.597
-0.649
-0.704
-0.754
-0.788
-0.826
-0.868
-0.89
-0.899
-0.906
-0.911
-0.915
-0.919
-0.922
-0.926
-0.928
-0.93
-0.932
-0.934
-0.937
-0.946
-0.969
-0.995
-1.022
-1.052
-1.08
-1.124
-1.168
-1.211
-1.254
-1.299
-1.345
-1.398
-1.42
-1.429
-1.436
-1.44
-1.439
-1.431
-1.418
-1.398
-1.368
-1.321
-1.271
-1.219
-1.166
-1.111
-1.049
-0.975
-0.898
-0.824
-0.758
-0.701
-0.653
-0.624
-0.593
-0.563
-0.535
-0.506
-0.487
-0.475
-0.463
-0.45
-0.429
-0.4
-0.371
-0.344
-0.328
-0.317
-0.305
-0.289
-0.278
-0.269
-0.261
-0.255
-0.25
-0.246
-0.24
-0.229
-0.205
-0.185
-0.176
-0.169
-0.163
-0.158
-0.153
-0.148
-0.144
-0.14
-0.137
-0.134
-0.132
-0.13
-0.128
-0.126
-0.123
-0.121
-0.119
-0.118
-0.116
-0.113
-0.109
-0.103
-0.097
-0.09
-0.081
-0.069
-0.047
-0.028
-0.004
0.033
0.06
0.073
0.083
0.091
0.098
0.103
0.108
0.114
0.121
0.128
0.135
0.143
0.152
0.172
0.202
0.249
0.302
0.363
0.433
0.507
0.581
0.647
0.685
0.699
0.699
0.68
0.63
0.577
0.521
0.465
0.411
0.397
0.393
0.39
0.41
0.444
0.482
0.517
0.551
0.578
0.597
0.609
0.617
0.624
0.629
0.631
0.629
0.626
0.623
0.621
0.618
0.615
0.612
0.611
0.613
0.618
0.626
0.634
0.642
0.652
0.663
0.672
0.681
0.687
0.691
0.693
0.695
0.696
0.697
0.698
0.699
0.7
0.702
0.705
0.707
0.71
0.713
0.715
0.718
0.72
0.723
0.725
0.728
0.731
0.736
0.743
0.749
0.754
0.755
0.753
0.749
0.744
0.737
0.729
0.716
0.704
0.694
0.681
0.666
0.647
0.633
0.623
0.612
0.599
0.586
0.574
0.564
0.555
0.551
0.55
0.548
0.547
0.546
0.545
0.544
0.543
0.541
0.54
0.537
0.532
0.527
0.522
0.517
0.511
0.505
0.499
0.494
0.488
0.481
0.473
0.466
0.457
0.447
0.435
0.419
0.399
0.383
0.374
0.369
0.365
0.362
0.358
0.353
0.349
0.344
0.339
0.332
0.321
0.301
0.285
0.27
0.253
0.238
0.222
0.206
0.188
0.169
0.152
0.137
0.118
0.091
0.069
0.055
0.05
0.048
0.046
0.044
0.043
0.044
0.049
0.056
0.062
0.069
0.075
0.075
0.067
0.054
0.032
0.0
-0.031
-0.061
-0.09
-0.119
-0.142
-0.16
-0.177
-0.189
-0.196
-0.203
-0.212
-0.224
-0.236
-0.247
-0.259
-0.27
-0.278
-0.283
-0.288
-0.293
-0.299
-0.305
-0.307
-0.306
-0.301
-0.291
-0.261
-0.214
-0.144
-0.061
0.021
0.072
0.074
0.031
-0.074
-0.218
-0.377
-0.512
-0.585
-0.609
-0.593
-0.546
-0.478
-0.427
-0.406
-0.387
-0.371
-0.357
-0.352
-0.349
-0.348
-0.348
-0.349
-0.349
-0.349
-0.35
-0.349
-0.348
-0.346
-0.345
-0.344
-0.343
-0.341
-0.338
-0.334
-0.33
-0.321
-0.302
-0.285
-0.272
-0.262
-0.252
-0.242
-0.232
-0.219
-0.202
-0.186
-0.173
-0.161
-0.149
-0.134
-0.121
-0.109
-0.099
-0.091
-0.084
-0.073
-0.058
-0.041
-0.025
-0.008
0.01
0.027
0.041
0.053
0.064
0.071
0.076
0.081
0.084
0.086
0.088
0.087
0.084
0.078
0.071
0.064
0.056
0.045
0.028
0.017
0.015
0.014
0.013
0.012
0.012
0.011
0.011
0.011
0.012
0.013
0.015
0.018
0.021
0.025
0.029
0.031
0.033
0.034
0.035
0.035
0.036
0.037
0.038
0.04
0.041
0.042
0.044
0.045
0.046
0.047
0.049
0.052
0.055
0.059
0.063
0.072
0.093
0.114
0.131
0.146
0.161
0.176
0.19
0.204
0.211
0.21
0.209
0.209
0.209
0.209
0.216
0.214
0.21
0.206
0.204
0.203
0.201
0.199
0.196
0.194
0.192
0.188
0.184
0.181
0.178
0.175
0.172
0.17
0.168
0.168
0.167
0.166
0.164
0.162
0.16
0.154
0.146
0.132
0.108
0.085
0.072
0.064
0.057
0.054
0.052
0.05
0.048
0.049
0.051
0.052
0.05
0.044
0.038
0.032
0.02
0.007
-0.004
-0.016
-0.026
-0.032
-0.028
-0.009
0.041
0.105
0.185
0.28
0.378
0.458
0.488
0.476
0.403
0.265
0.099
-0.041
-0.115
-0.143
-0.128
-0.076
-0.011
0.023
0.04
0.048
0.05
0.048
0.047
0.049
0.052
0.057
0.062
0.064
0.066
0.07
0.073
0.078
0.083
0.088
0.093
0.099
0.104
0.11
0.118
0.127
0.133
0.137
0.139
0.141
0.145
0.147
0.149
0.152
0.155
0.16
0.165
0.169
0.179
0.196
0.21
0.221
0.24
0.262
0.282
0.3
0.316
0.329
0.337
0.344
0.35
0.354
0.353
0.348
0.339
0.326
0.308
0.283
0.27
0.265
0.258
0.247
0.228
0.201
0.167
0.132
0.102
0.076
0.05
0.019
-0.008
-0.02
-0.028
-0.033
-0.032
-0.025
-0.02
-0.016
-0.013
-0.012
-0.011
-0.012
-0.016
-0.021
-0.029
-0.052
-0.073
-0.083
-0.087
-0.09
-0.093
-0.093
-0.093
-0.095
-0.101
-0.107
-0.114
-0.123
-0.135
-0.152
-0.17
-0.182
-0.188
-0.191
-0.192
-0.195
-0.2
-0.205
-0.21
-0.216
-0.219
-0.223
-0.225
-0.228
-0.231
-0.23
-0.223
-0.217
-0.211
-0.213
-0.21
-0.206
-0.203
-0.198
-0.193
-0.188
-0.184
-0.18
-0.177
-0.175
-0.173
-0.171
-0.168
-0.164
-0.161
-0.157
-0.154
-0.151
-0.15
-0.149
-0.15
-0.151
-0.152
-0.154
-0.155
-0.158
-0.16
-0.162
-0.165
-0.168
-0.175
-0.188
-0.195
-0.2
-0.204
-0.208
-0.211
-0.214
-0.217
-0.219
-0.219
-0.219
-0.217
-0.216
-0.214
-0.211
-0.206
-0.202
-0.196
-0.183
-0.156
-0.116
-0.067
-0.01
0.05
0.115
0.184
0.242
0.271
0.268
0.226
0.123
-0.01
-0.138
-0.237
-0.299
-0.32
-0.314
-0.296
-0.256
-0.232
-0.209
-0.178
-0.153
-0.138
-0.129
-0.126
-0.126
-0.124
-0.123
-0.123
-0.123
-0.123
-0.124
-0.125
-0.128
-0.133
-0.138
-0.143
-0.148
-0.153
-0.158
-0.162
-0.165
-0.168
-0.169
-0.169
-0.168
-0.166
-0.163
-0.158
-0.152
-0.143
-0.123
-0.101
-0.08
-0.064
-0.051
-0.038
-0.024
-0.011
0.002
0.012
0.019
0.025
0.031
0.036
0.04
0.045
0.048
0.052
0.056
0.06
0.062
0.063
0.061
0.057
0.053
0.047
0.035
0.014
-0.006
-0.026
-0.048
-0.074
-0.101
-0.131
-0.163
-0.191
-0.212
-0.227
-0.239
-0.245
-0.251
-0.255
-0.257
-0.26
-0.262
-0.264
-0.266
-0.267
-0.269
-0.272
-0.277
-0.281
-0.28
-0.273
-0.263
-0.253
-0.241
-0.229
-0.218
-0.205
-0.191
-0.178
-0.169
-0.162
-0.157
-0.152
-0.148
-0.144
-0.142
-0.141
-0.14
-0.139
-0.138
-0.137
-0.136
-0.134
-0.133
-0.132
-0.132
-0.132
-0.132
-0.132
-0.132
-0.132
-0.13
-0.129
-0.127
-0.125
-0.122
-0.117
-0.112
-0.108
-0.105
-0.102
-0.099
-0.097
-0.094
-0.092
-0.088
-0.084
-0.08
-0.075
-0.071
-0.068
-0.062
-0.056
-0.051
-0.048
-0.048
-0.05
-0.054
-0.059
-0.065
-0.076
-0.1
-0.118
-0.13
-0.138
-0.142
-0.147
-0.152
-0.155
-0.156
-0.154
-0.15
-0.147
-0.145
-0.144
-0.142
-0.139
-0.136
-0.133
-0.129
-0.123
-0.102
-0.061
-0.01
0.049
0.119
0.192
0.252
0.272
0.266
0.215
0.116
-0.014
-0.159
-0.29
-0.384
-0.402
-0.395
-0.336
-0.271
-0.217
-0.194
-0.185
-0.182
-0.183
-0.185
-0.19
-0.185
-0.162
-0.139
-0.127
-0.12
-0.117
-0.114
-0.112
-0.109
-0.106
-0.103
-0.101
-0.099
-0.096
-0.093
-0.091
-0.088
-0.085
-0.081
-0.077
-0.073
-0.068
-0.062
-0.054
-0.046
-0.038
-0.033
-0.03
-0.027
-0.024
-0.022
-0.02
-0.017
-0.015
-0.014
-0.012
-0.01
-0.008
-0.006
-0.001
0.008
0.017
0.03
0.046
0.062
0.079
0.097
0.114
0.141
0.171
0.19
0.202
0.208
0.213
0.216
0.216
0.213
0.208
0.203
0.2
0.198
0.195
0.192
0.189
0.186
0.182
0.178
0.175
0.172
0.169
0.167
0.165
0.164
0.164
0.163
0.162
0.161
0.16
0.16
0.16
0.159
0.159
0.158
0.158
0.159
0.16
0.161
0.162
0.162
0.163
0.162
0.162
0.161
0.16
0.157
0.155
0.153
0.15
0.147
0.144
0.139
0.127
0.123
0.121
0.12
0.12
0.119
0.119
0.118
0.117
0.117
0.117
0.116
0.115
0.114
0.114
0.114
0.114
0.113
0.114
0.114
0.113
0.113
0.112
0.11
0.108
0.106
0.105
0.105
0.106
0.108
0.11
0.114
0.12
0.119
0.106
0.097
0.092
0.087
0.083
0.078
0.073
0.068
0.064
0.06
0.056
0.052
0.049
0.048
0.047
0.046
0.046
0.044
0.043
0.041
0.042
0.047
0.056
0.069
0.088
0.12
0.162
0.213
0.272
0.334
0.39
0.421
0.419
0.379
0.291
0.169
0.038
-0.073
-0.149
-0.175
-0.184
-0.169
-0.124
-0.078
-0.037
0.0
0.023
0.044
0.059
0.069
0.075
0.08
0.084
0.087
0.087
0.083
0.078
0.073
0.068
0.063
0.059
0.055
0.05
0.046
0.042
0.038
0.036
0.033
0.03
0.027
0.026
0.028
0.031
0.036
0.04
0.043
0.047
0.05
0.054
0.057
0.061
0.064
0.067
0.07
0.072
0.074
0.076
0.078
0.082
0.085
0.088
0.088
0.084
0.078
0.071
0.063
0.053
0.044
0.038
0.032
0.021
0.001
-0.021
-0.042
-0.058
-0.071
-0.082
-0.097
-0.118
-0.131
-0.137
-0.142
-0.147
-0.153
-0.158
-0.164
-0.17
-0.176
-0.182
-0.186
-0.188
-0.19
-0.192
-0.194
-0.197
-0.199
-0.2
-0.199
-0.196
-0.194
-0.192
-0.188
-0.185
-0.183
-0.183
-0.185
-0.187
-0.189
-0.193
-0.196
-0.198
-0.197
-0.194
-0.19
-0.188
-0.184
-0.18
-0.178
-0.18
-0.184
-0.191
-0.198
-0.207
-0.214
-0.22
-0.223
-0.225
-0.226
-0.227
-0.228
-0.228
-0.228
-0.229
-0.23
-0.232
-0.232
-0.233
-0.233
-0.234
-0.234
-0.234
-0.234
-0.233
-0.233
-0.234
-0.237
-0.239
-0.233
-0.221
-0.21
-0.198
-0.192
-0.19
-0.19
-0.188
-0.185
-0.186
-0.196
-0.207
-0.218
-0.231
-0.238
-0.242
-0.247
-0.25
-0.253
-0.256
-0.258
-0.259
-0.259
-0.259
-0.259
-0.258
-0.257
-0.256
-0.254
-0.252
-0.25
-0.238
-0.21
-0.175
-0.137
-0.095
-0.045
0.015
0.087
0.159
0.214
0.22
0.199
0.104
-0.035
-0.199
-0.349
-0.433
-0.446
-0.429
-0.375
-0.314
-0.263
-0.233
-0.213
-0.198
-0.19
-0.183
-0.176
-0.17
-0.163
-0.156
-0.148
-0.14
-0.131
-0.12
-0.106
-0.099
-0.096
-0.094
-0.092
-0.09
-0.088
-0.086
-0.084
-0.082
-0.08
-0.078
-0.077
-0.076
-0.074
-0.072
-0.068
-0.06
-0.054
-0.048
-0.04
-0.03
-0.019
-0.008
0.003
0.016
0.029
0.041
0.053
0.066
0.078
0.089
0.097
0.104
0.112
0.12
0.131
0.142
0.15
0.155
0.159
0.162
0.162
0.158
0.151
0.14
0.121
0.102
0.083
0.065
0.045
0.031
0.022
0.017
0.013
0.01
0.008
0.007
0.005
0.004
0.002
0.0
-0.002
-0.004
-0.007
-0.01
-0.013
-0.019
-0.023
-0.025
-0.027
-0.028
-0.03
-0.032
-0.027
-0.017
-0.008
0.002
0.011
0.017
0.022
0.026
0.03
0.032
0.032
0.029
0.026
0.021
0.015
0.007
0.001
-0.003
-0.007
-0.011
-0.014
-0.015
-0.013
-0.009
-0.003
0.004
0.016
0.025
0.03
0.034
0.038
0.041
0.042
0.041
0.038
0.035
0.031
0.028
0.023
0.019
0.019
0.024
0.032
0.041
0.054
0.064
0.078
0.097
0.109
0.117
0.122
0.124
0.123
0.12
0.114
0.106
0.09
0.071
0.052
0.038
0.029
0.024
0.019
0.015
0.011
0.008
0.005
0.003
0.003
0.005
0.008
0.011
0.014
0.017
0.02
0.023
0.026
0.029
0.034
0.05
0.081
0.131
0.198
0.28
0.364
0.434
0.468
0.467
0.43
0.325
0.17
0.0
-0.148
-0.24
-0.267
-0.233
-0.167
-0.099
-0.051
-0.022
-0.01
0.001
0.01
0.018
0.025
0.032
0.037
0.042
0.046
0.047
0.047
0.048
0.048
0.049
0.049
0.05
0.051
0.052
0.053
0.055
0.058
0.062
0.072
0.088
0.102
0.111
0.114
0.116
0.117
0.118
0.121
0.124
0.128
0.133
0.138
0.144
0.15
0.157
0.164
0.177
0.195
0.205
0.211
0.217
0.223
0.231
0.246
0.258
0.262
0.264
0.265
0.262
0.255
0.249
0.243
0.237
0.23
0.221
0.206
0.186
0.169
0.15
0.13
0.112
0.095
0.078
0.07
0.067
0.063
0.06
0.058
0.056
0.056
0.056
0.055
0.056
0.057
0.059
0.062
0.066
0.071
0.076
0.08
0.086
0.096
0.107
0.115
0.123
0.129
0.135
0.14
0.145
0.149
0.154
0.158
0.162
0.165
0.169
0.172
0.175
0.178
0.18
0.182
0.184
0.185
0.184
0.184
0.183
0.182
0.18
0.178
0.177
0.175
0.172
0.169
0.167
0.166
0.164
0.162
0.161
0.161
0.162
0.163
0.166
0.168
0.17
0.172
0.174
0.176
0.179
0.181
0.184
0.188
0.194
0.199
0.201
0.201
0.199
0.195
0.189
0.182
0.17
0.157
0.149
0.143
0.138
0.132
0.127
0.121
0.115
0.104
0.089
0.077
0.07
0.066
0.063
0.06
0.058
0.057
0.057
0.058
0.061
0.064
0.069
0.077
0.104
0.151
0.215
0.29
0.37
0.444
0.493
0.496
0.463
0.366
0.226
0.059
-0.103
-0.234
-0.287
-0.305
-0.291
-0.25
-0.194
-0.142
-0.123
-0.117
-0.113
-0.11
-0.104
-0.095
-0.079
-0.056
-0.042
-0.033
-0.028
-0.028
-0.033
-0.039
-0.043
-0.046
-0.049
-0.052
-0.053
-0.05
-0.046
-0.04
-0.035
-0.032
-0.029
-0.027
-0.024
-0.02
-0.017
-0.014
-0.011
-0.008
-0.007
-0.005
-0.003
0.0
0.003
0.007
0.018
0.04
0.062
0.084
0.101
0.112
0.119
0.124
0.127
0.13
0.132
0.134
0.135
0.136
0.135
0.131
0.127
0.12
0.113
0.104
0.089
0.078
0.069
0.059
0.047
0.033
0.017
0.003
-0.008
-0.017
-0.025
-0.033
-0.042
-0.046
-0.048
-0.05
-0.052
-0.053
-0.055
-0.056
-0.057
-0.058
-0.058
-0.059
-0.059
-0.06
-0.06
-0.059
-0.059
-0.058
-0.058
-0.057
-0.056
-0.054
-0.052
-0.05
-0.048
-0.046
-0.044
-0.043
-0.041
-0.04
-0.038
-0.035
-0.032
-0.028
-0.026
-0.026
-0.026
-0.028
-0.031
-0.034
-0.036
-0.038
-0.04
-0.042
-0.045
-0.048
-0.052
-0.055
-0.059
-0.063
-0.067
-0.073
-0.079
-0.086
-0.09
-0.094
-0.097
-0.099
-0.101
-0.103
-0.105
-0.106
-0.108
-0.109
-0.111
-0.113
-0.114
-0.116
-0.118
-0.121
-0.124
-0.129
-0.142
-0.154
-0.165
-0.174
-0.183
-0.19
-0.196
-0.202
-0.206
-0.21
-0.212
-0.213
-0.215
-0.217
-0.219
-0.221
-0.222
-0.222
-0.219
-0.214
-0.207
-0.195
-0.179
-0.156
-0.126
-0.087
-0.035
0.027
0.099
0.168
0.209
0.209
0.166
0.063
-0.078
-0.232
-0.371
-0.471
-0.498
-0.493
-0.442
-0.382
-0.334
-0.295
-0.261
-0.242
-0.229
-0.22
-0.217
-0.22
-0.227
-0.24
-0.254
-0.26
-0.265
-0.267
-0.262
-0.251
-0.238
-0.224
-0.219
-0.218
-0.217
-0.216
-0.215
-0.214
-0.213
-0.211
-0.21
-0.208
-0.206
-0.204
-0.201
-0.198
-0.193
-0.187
-0.176
-0.166
-0.158
-0.149
-0.14
-0.13
-0.121
-0.111
-0.099
-0.091
-0.081
-0.064
-0.045
-0.034
-0.031
-0.03
-0.029
-0.028
-0.028
-0.027
-0.027
-0.027
-0.027
-0.029
-0.03
-0.033
-0.037
-0.041
-0.046
-0.054
-0.064
-0.075
-0.086
-0.097
-0.106
-0.115
-0.123
-0.132
-0.14
-0.148
-0.152
-0.155
-0.158
-0.16
-0.161
-0.161
-0.161
-0.16
-0.158
-0.155
-0.152
-0.149
-0.146
-0.143
-0.141
-0.139
-0.138
-0.136
-0.133
-0.131
-0.128
-0.126
-0.124
-0.123
-0.121
-0.12
-0.119
-0.118
-0.116
-0.114
-0.111
-0.106
-0.102
-0.098
-0.094
-0.088
-0.08
-0.073
-0.067
-0.061
-0.057
-0.053
-0.048
-0.041
-0.034
-0.027
-0.019
-0.013
-0.007
-0.003
0.0
0.004
0.009
0.013
0.018
0.023
0.031
0.04
0.05
0.057
0.064
0.068
0.064
0.056
0.049
0.043
0.037
0.032
0.027
0.025
0.023
0.022
0.02
0.018
0.016
0.014
0.013
0.013
0.013
0.013
0.013
0.014
0.016
0.018
0.02
0.023
0.027
0.03
0.05
0.088
0.139
0.205
0.283
0.369
0.449
0.497
0.5
0.467
0.368
0.228
0.077
-0.056
-0.148
-0.188
-0.191
-0.171
-0.123
-0.074
-0.03
0.007
0.035
0.063
0.074
0.078
0.08
0.082
0.083
0.084
0.084
0.085
0.087
0.088
0.09
0.092
0.093
0.095
0.097
0.1
0.103
0.106
0.11
0.113
0.116
0.12
0.127
0.138
0.149
0.156
0.161
0.165
0.169
0.173
0.177
0.182
0.187
0.194
0.202
0.214
0.232
0.247
0.259
0.27
0.281
0.291
0.298
0.302
0.306
0.309
0.311
0.313
0.315
0.318
0.321
0.307
0.291
0.279
0.271
0.267
0.253
0.228
0.197
0.179
0.165
0.156
0.148
0.139
0.124
0.109
0.103
0.099
0.097
0.095
0.093
0.092
0.091
0.089
0.087
0.086
0.085
0.084
0.083
0.083
0.081
0.08
0.079
0.078
0.079
0.08
0.081
0.082
0.083
0.085
0.087
0.089
0.091
0.093
0.094
0.094
0.095
0.096
0.098
0.098
0.099
0.1
0.1
0.1
0.101
0.101
0.102
0.102
0.102
0.102
0.102
0.103
0.103
0.104
0.104
0.105
0.105
0.106
0.107
0.108
0.108
0.109
0.109
0.109
0.109
0.11
0.111
0.112
0.113
0.115
0.116
0.114
0.109
0.102
0.093
0.08
0.071
0.065
0.061
0.057
0.051
0.044
0.036
0.031
0.026
0.021
0.018
0.015
0.013
0.012
0.011
0.011
0.011
0.01
0.008
0.005
0.012
0.033
0.081
0.146
0.225
0.31
0.382
0.401
0.39
0.316
0.179
0.013
-0.14
-0.25
-0.294
-0.308
-0.298
-0.267
-0.23
-0.201
-0.178
-0.149
-0.137
-0.133
-0.131
-0.131
-0.13
-0.13
-0.13
-0.13
-0.129
-0.129
-0.128
-0.127
-0.126
-0.126
-0.125
-0.124
-0.122
-0.12
-0.118
-0.117
-0.116
-0.114
-0.112
-0.11
-0.108
-0.105
-0.103
-0.101
-0.099
-0.096
-0.093
-0.088
-0.079
-0.07
-0.063
-0.058
-0.053
-0.047
-0.04
-0.028
-0.009
0.004
0.016
0.027
0.043
0.06
0.078
0.089
0.093
0.096
0.098
0.098
0.093
0.084
0.07
0.052
0.024
-0.001
-0.028
-0.043
-0.056
-0.065
-0.078
-0.085
-0.09
-0.094
-0.098
-0.102
-0.105
-0.109
-0.112
-0.115
-0.119
-0.123
-0.126
-0.127
-0.125
-0.122
-0.118
-0.113
-0.106
-0.095
-0.088
-0.08
-0.072
-0.063
-0.057
-0.052
-0.049
-0.045
-0.041
-0.037
-0.03
-0.023
-0.024
-0.024
-0.024
-0.023
-0.023
-0.023
-0.022
-0.022
-0.023
-0.023
-0.023
-0.024
-0.025
-0.026
-0.028
-0.029
-0.03
-0.031
-0.032
-0.035
-0.038
-0.039
-0.038
-0.035
-0.032
-0.03
-0.028
-0.027
-0.026
-0.025
-0.023
-0.021
-0.019
-0.017
-0.014
-0.007
0.002
0.007
0.01
0.01
0.003
-0.007
-0.019
-0.029
-0.041
-0.049
-0.052
-0.054
-0.056
-0.057
-0.059
-0.06
-0.061
-0.062
-0.063
-0.064
-0.065
-0.066
-0.066
-0.067
-0.066
-0.065
-0.063
-0.06
-0.055
-0.036
-0.001
0.046
0.109
0.187
0.268
0.338
0.385
0.389
0.363
0.269
0.128
-0.035
-0.19
-0.299
-0.343
-0.321
-0.26
-0.191
-0.14
-0.118
-0.11
-0.107
-0.106
-0.104
-0.102
-0.1
-0.101
-0.108
-0.115
-0.12
-0.124
-0.125
-0.12
-0.114
-0.11
-0.108
-0.106
-0.104
-0.101
-0.099
-0.096
-0.094
-0.093
-0.091
-0.088
-0.084
-0.074
-0.06
-0.055
-0.052
-0.05
-0.047
-0.044
-0.04
-0.036
-0.029
-0.019
-0.013
-0.005
0.004
0.025
0.053
0.076
0.085
0.093
0.1
0.107
0.116
0.128
0.142
0.149
0.153
0.155
0.156
0.155
0.151
0.146
0.137
0.124
0.113
0.099
0.082
0.069
0.063
0.061
0.059
0.057
0.056
0.056
0.058
0.062
0.065
0.069
0.071
0.074
0.077
0.08
0.082
0.083
0.083
0.08
0.077
0.073
0.07
0.067
0.062
0.057
0.053
0.05
0.048
0.046
0.044
0.042
0.041
0.039
0.037
0.036
0.035
0.033
0.031
0.028
0.025
0.018
0.005
-0.002
-0.007
-0.011
-0.014
-0.017
-0.019
-0.02
-0.022
-0.024
-0.026
-0.029
-0.032
-0.035
-0.039
-0.045
-0.051
-0.057
-0.064
-0.071
-0.076
-0.081
-0.085
-0.085
-0.078
-0.072
-0.067
-0.063
-0.059
-0.056
-0.053
-0.048
-0.048
-0.054
-0.064
-0.077
-0.091
-0.104
-0.115
-0.128
-0.139
-0.148
-0.157
-0.167
-0.175
-0.178
-0.179
-0.18
-0.181
-0.182
-0.18
-0.175
-0.17
-0.166
-0.161
-0.157
-0.152
-0.148
-0.144
-0.136
-0.122
-0.093
-0.055
-0.004
0.06
0.135
0.205
0.245
0.243
0.197
0.082
-0.067
-0.223
-0.353
-0.43
-0.442
-0.435
-0.386
-0.331
-0.288
-0.265
-0.258
-0.251
-0.244
-0.238
-0.232
-0.227
-0.222
-0.217
-0.209
-0.196
-0.187
-0.182
-0.175
-0.168
-0.16
-0.153
-0.147
-0.142
-0.134
-0.122
-0.11
-0.095
-0.081
-0.073
-0.068
-0.065
-0.062
-0.06
-0.059
-0.056
-0.052
-0.047
-0.037
-0.022
-0.01
0.003
0.017
0.03
0.052
0.074
0.088
0.103
0.117
0.131
0.145
0.156
0.165
0.175
0.181
0.185
0.188
0.191
0.191
0.191
0.189
0.186
0.182
0.174
0.16
0.148
0.134
0.119
0.104
0.09
0.076
0.065
0.056
0.048
0.044
0.041
0.039
0.037
0.035
0.034
0.034
0.034
0.034
0.034
0.034
0.035
0.036
0.037
0.037
0.037
0.037
0.037
0.038
0.039
0.039
0.038
0.035
0.031
0.028
0.027
0.026
0.025
0.024
0.023
0.022
0.022
0.022
0.022
0.021
0.021
0.02
0.02
0.02
0.02
0.02
0.02
0.019
0.018
0.017
0.016
0.015
0.014
0.012
0.01
0.009
0.007
0.005
0.002
-0.002
-0.005
-0.008
-0.009
-0.008
-0.006
-0.002
0.001
0.007
0.018
0.029
0.037
0.043
0.048
0.048
0.045
0.038
0.027
0.011
-0.004
-0.02
-0.027
-0.03
-0.032
-0.035
-0.037
-0.039
-0.041
-0.043
-0.045
-0.048
-0.052
-0.06
-0.077
-0.09
-0.097
-0.103
-0.108
-0.113
-0.118
-0.123
-0.126
-0.126
-0.122
-0.112
-0.084
-0.04
0.024
0.107
0.199
0.283
0.338
0.345
0.322
0.234
0.103
-0.05
-0.202
-0.324
-0.38
-0.398
-0.385
-0.347
-0.31
-0.282
-0.271
-0.262
-0.252
-0.235
-0.202
-0.166
-0.155
-0.152
-0.15
-0.15
-0.154
-0.161
-0.165
-0.168
-0.171
-0.173
-0.175
-0.177
-0.178
-0.179
-0.18
-0.179
-0.178
-0.177
-0.175
-0.173
-0.169
-0.165
-0.161
-0.152
-0.131
-0.118
-0.111
-0.106
-0.1
-0.096
-0.09
-0.079
-0.063
-0.05
-0.041
-0.03
-0.014
0.003
