-0.047
-0.054
-0.067
-0.08
-0.094
-0.113
-0.131
-0.139
-0.144
-0.15
-0.153
-0.153
-0.146
-0.136
-0.123
-0.107
-0.099
-0.092
-0.087
-0.102
-0.126
-0.152
-0.174
-0.191
-0.212
-0.24
-0.275
-0.302
-0.322
-0.321
-0.3
-0.286
-0.275
-0.266
-0.261
-0.26
-0.263
-0.266
-0.27
-0.288
-0.331
-0.345
-0.354
-0.359
-0.359
-0.357
-0.353
-0.351
-0.349
-0.346
-0.343
-0.34
-0.335
-0.331
-0.328
-0.325
-0.32
-0.315
-0.304
-0.284
-0.275
-0.271
-0.268
-0.264
-0.261
-0.258
-0.254
-0.249
-0.243
-0.237
-0.231
-0.225
-0.217
-0.207
-0.195
-0.185
-0.178
-0.171
-0.165
-0.157
-0.149
-0.141
-0.132
-0.124
-0.114
-0.098
-0.073
-0.054
-0.028
-0.009
-0.002
0.001
0.003
-0.001
-0.011
-0.024
-0.04
-0.058
-0.072
-0.085
-0.091
-0.084
-0.07
-0.058
-0.048
-0.038
-0.03
-0.024
-0.019
-0.009
0.005
0.018
0.048
0.091
0.155
0.234
0.311
0.384
0.446
0.466
0.477
0.474
0.442
0.394
0.331
0.27
0.214
0.163
0.135
0.121
0.113
0.107
0.104
0.103
0.105
0.11
0.117
0.125
0.13
0.135
0.141
0.147
0.151
0.153
0.153
0.151
0.149
0.146
0.143
0.139
0.131
0.125
0.124
0.126
0.129
0.13
0.13
0.13
0.131
0.132
0.133
0.136
0.139
0.141
0.144
0.146
0.148
0.152
0.157
0.166
0.185
0.2
0.209
0.216
0.221
0.227
0.234
0.24
0.246
0.251
0.257
0.265
0.273
0.283
0.295
0.31
0.329
0.346
0.369
0.396
0.423
0.451
0.485
0.507
0.515
0.52
0.523
0.525
0.526
0.524
0.518
0.509
0.499
0.487
0.469
0.454
0.442
0.424
0.396
0.367
0.337
0.312
0.293
0.278
0.264
0.248
0.226
0.208
0.194
0.183
0.172
0.163
0.155
0.147
0.142
0.138
0.136
0.134
0.134
0.133
0.132
0.131
0.128
0.126
0.126
0.126
0.127
0.129
0.13
0.132
0.134
0.135
0.136
0.133
0.128
0.122
0.119
0.117
0.114
0.112
0.109
0.107
0.104
0.102
0.101
0.1
0.1
0.099
0.098
0.097
0.097
0.096
0.096
0.095
0.094
0.093
0.092
0.092
0.093
0.093
0.094
0.094
0.093
0.093
0.093
0.093
0.093
0.092
0.09
0.089
0.087
0.085
0.082
0.075
0.068
0.06
0.054
0.047
0.041
0.035
0.029
0.024
0.02
0.018
0.019
0.024
0.03
0.037
0.043
0.05
0.058
0.066
0.072
0.074
0.072
0.066
0.058
0.048
0.036
0.017
0.009
0.006
0.004
0.001
0.0
0.0
0.006
0.018
0.029
0.034
0.036
0.039
0.042
0.044
0.047
0.049
0.051
0.052
0.054
0.055
0.056
0.056
0.056
0.055
0.054
0.053
0.051
0.051
0.05
0.051
0.051
0.053
0.053
0.054
0.053
0.053
0.053
0.054
0.054
0.055
0.055
0.056
0.057
0.059
0.061
0.063
0.065
0.067
0.068
0.069
0.069
0.07
0.072
0.079
0.085
0.084
0.074
0.061
0.055
0.051
0.047
0.044
0.041
0.038
0.036
0.033
0.031
0.028
0.026
0.024
0.024
0.024
0.025
0.026
0.027
0.03
0.034
0.04
0.046
0.051
0.058
0.093
0.167
0.258
0.357
0.443
0.483
0.496
0.471
0.393
0.295
0.188
0.084
0.001
-0.042
-0.053
-0.061
-0.067
-0.072
-0.076
-0.079
-0.081
-0.083
-0.084
-0.084
-0.084
-0.083
-0.083
-0.082
-0.082
-0.083
-0.083
-0.085
-0.088
-0.091
-0.094
-0.097
-0.098
-0.099
-0.1
-0.101
-0.102
-0.103
-0.106
-0.109
-0.113
-0.116
-0.118
-0.119
-0.117
-0.113
-0.108
-0.102
-0.096
-0.087
-0.073
-0.063
-0.056
-0.053
-0.05
-0.048
-0.046
-0.044
-0.042
-0.039
-0.036
-0.033
-0.029
-0.024
-0.018
-0.003
0.026
0.049
0.067
0.081
0.1
0.126
0.151
0.169
0.186
0.202
0.215
0.222
0.226
0.229
0.232
0.234
0.236
0.236
0.232
0.226
0.217
0.202
0.173
0.142
0.108
0.072
0.038
0.007
-0.023
-0.053
-0.085
-0.109
-0.125
-0.136
-0.145
-0.147
-0.149
-0.15
-0.151
-0.152
-0.152
-0.153
-0.153
-0.154
-0.154
-0.154
-0.154
-0.152
-0.151
-0.15
-0.149
-0.148
-0.148
-0.149
-0.15
-0.151
-0.152
-0.153
-0.154
-0.153
-0.152
-0.152
-0.151
-0.15
-0.147
-0.145
-0.144
-0.142
-0.142
-0.141
-0.14
-0.138
-0.135
-0.132
-0.129
-0.126
-0.123
-0.119
-0.115
-0.112
-0.108
-0.105
-0.103
-0.102
-0.1
-0.098
-0.097
-0.095
-0.094
-0.092
-0.09
-0.088
-0.084
-0.081
-0.079
-0.078
-0.08
-0.084
-0.089
-0.094
-0.098
-0.1
-0.102
-0.105
-0.108
-0.11
-0.113
-0.115
-0.117
-0.119
-0.121
-0.122
-0.123
-0.123
-0.123
-0.123
-0.123
-0.124
-0.125
-0.125
-0.126
-0.127
-0.128
-0.13
-0.131
-0.131
-0.131
-0.131
-0.132
-0.132
-0.132
-0.132
-0.131
-0.131
-0.131
-0.131
-0.131
-0.13
-0.13
-0.128
-0.127
-0.126
-0.124
-0.122
-0.12
-0.118
-0.115
-0.113
-0.11
-0.108
-0.105
-0.1
-0.093
-0.085
-0.079
-0.073
-0.069
-0.064
-0.059
-0.054
-0.048
-0.043
-0.039
-0.034
-0.03
-0.025
-0.021
-0.017
-0.015
-0.013
-0.011
-0.008
-0.006
-0.003
0.0
0.002
0.004
0.007
0.011
0.015
0.019
0.025
0.04
0.072
0.093
0.107
0.115
0.119
0.122
0.125
0.127
0.128
0.126
0.121
0.116
0.113
0.11
0.107
0.104
0.101
0.1
0.1
0.102
0.106
0.112
0.119
0.127
0.14
0.153
0.165
0.179
0.197
0.215
0.263
0.325
0.403
0.492
0.578
0.625
0.626
0.588
0.488
0.359
0.23
0.141
0.104
0.095
0.088
0.084
0.082
0.081
0.083
0.085
0.089
0.092
0.095
0.097
0.098
0.1
0.101
0.101
0.102
0.104
0.106
0.108
0.109
0.109
0.109
0.108
0.108
0.108
0.107
0.106
0.105
0.103
0.101
0.1
0.099
0.098
0.096
0.095
0.094
0.093
0.091
0.085
0.087
0.106
0.118
0.128
0.137
0.145
0.151
0.157
0.162
0.167
0.173
0.179
0.186
0.193
0.201
0.211
0.233
0.266
0.287
0.3
0.311
0.322
0.332
0.34
0.349
0.358
0.368
0.38
0.397
0.414
0.438
0.463
0.475
0.482
0.487
0.487
0.479
0.468
0.455
0.436
0.418
0.399
0.379
0.357
0.337
0.32
0.305
0.292
0.271
0.243
0.216
0.185
0.155
0.134
0.114
0.103
0.097
0.092
0.088
0.084
0.08
0.075
0.07
0.066
0.061
0.055
0.049
0.041
0.033
0.026
0.019
0.013
0.007
0.002
-0.001
-0.005
-0.009
-0.012
-0.014
-0.016
-0.019
-0.021
-0.024
-0.027
-0.03
-0.033
-0.037
-0.041
-0.046
-0.052
-0.06
-0.069
-0.076
-0.083
-0.089
-0.092
-0.095
-0.098
-0.1
-0.102
-0.104
-0.105
-0.106
-0.107
-0.107
-0.107
-0.107
-0.107
-0.107
-0.106
-0.104
-0.101
-0.099
-0.097
-0.096
-0.094
-0.092
-0.089
-0.087
-0.086
-0.086
-0.085
-0.085
-0.084
-0.082
-0.082
-0.082
-0.082
-0.082
-0.081
-0.08
-0.08
-0.08
-0.08
-0.08
-0.079
-0.078
-0.077
-0.077
-0.076
-0.075
-0.074
-0.073
-0.072
-0.07
-0.068
-0.066
-0.063
-0.061
-0.058
-0.055
-0.051
-0.045
-0.038
-0.033
-0.027
-0.023
-0.02
-0.017
-0.015
-0.014
-0.013
-0.013
-0.015
-0.018
-0.022
-0.027
-0.031
-0.035
-0.038
-0.04
-0.042
-0.044
-0.045
-0.046
-0.047
-0.047
-0.047
-0.047
-0.046
-0.046
-0.045
-0.045
-0.045
-0.044
-0.044
-0.043
-0.043
-0.042
-0.042
-0.042
-0.042
-0.044
-0.046
-0.049
-0.052
-0.056
-0.066
-0.092
-0.117
-0.135
-0.152
-0.166
-0.179
-0.189
-0.197
-0.205
-0.213
-0.213
-0.201
-0.192
-0.184
-0.18
-0.186
-0.198
-0.212
-0.229
-0.243
-0.262
-0.288
-0.301
-0.307
-0.313
-0.318
-0.322
-0.325
-0.326
-0.327
-0.326
-0.326
-0.325
-0.323
-0.321
-0.316
-0.311
-0.305
-0.294
-0.267
-0.232
-0.201
-0.152
-0.096
-0.026
0.05
0.126
0.152
0.172
0.124
0.034
-0.077
-0.18
-0.234
-0.254
-0.26
-0.258
-0.253
-0.25
-0.249
-0.247
-0.244
-0.239
-0.23
-0.222
-0.216
-0.212
-0.208
-0.205
-0.203
-0.202
-0.201
-0.199
-0.198
-0.196
-0.195
-0.193
-0.192
-0.19
-0.189
-0.188
-0.187
-0.186
-0.185
-0.183
-0.182
-0.18
-0.178
-0.175
-0.172
-0.165
-0.147
-0.125
-0.1
-0.077
-0.059
-0.041
-0.024
-0.007
0.009
0.025
0.043
0.059
0.072
0.083
0.094
0.104
0.114
0.127
0.142
0.16
0.179
0.195
0.209
0.22
0.235
0.254
0.284
0.319
0.338
0.348
0.358
0.369
0.382
0.402
0.422
0.423
0.424
0.425
0.425
0.417
0.399
0.379
0.355
0.329
0.294
0.248
0.215
0.196
0.179
0.165
0.152
0.134
0.111
0.081
0.058
0.039
0.026
0.019
0.014
0.01
0.006
0.002
0.0
-0.003
-0.004
-0.007
-0.01
-0.014
-0.017
-0.02
-0.022
-0.023
-0.023
-0.024
-0.026
-0.028
-0.029
-0.03
-0.031
-0.033
-0.035
-0.037
-0.04
-0.042
-0.044
-0.047
-0.052
-0.057
-0.062
-0.067
-0.072
-0.076
-0.08
-0.084
-0.088
-0.092
-0.095
-0.097
-0.099
-0.101
-0.102
-0.104
-0.105
-0.106
-0.107
-0.106
-0.106
-0.105
-0.105
-0.105
-0.104
-0.103
-0.102
-0.101
-0.099
-0.098
-0.097
-0.097
-0.097
-0.098
-0.098
-0.099
-0.101
-0.104
-0.107
-0.11
-0.112
-0.114
-0.116
-0.117
-0.119
-0.122
-0.124
-0.126
-0.128
-0.133
-0.139
-0.144
-0.146
-0.142
-0.134
-0.123
-0.112
-0.104
-0.096
-0.087
-0.079
-0.071
-0.064
-0.058
-0.054
-0.051
-0.048
-0.046
-0.044
-0.042
-0.041
-0.041
-0.04
-0.039
-0.037
-0.033
-0.029
-0.025
-0.019
-0.014
-0.009
-0.003
0.001
0.007
0.012
0.017
0.024
0.031
0.039
0.047
0.054
0.06
0.064
0.068
0.071
0.074
0.076
0.077
0.077
0.077
0.078
0.079
0.081
0.083
0.085
0.087
0.09
0.092
0.095
0.098
0.1
0.103
0.104
0.106
0.107
0.109
0.111
0.114
0.116
0.118
0.121
0.123
0.127
0.13
0.134
0.138
0.142
0.145
0.148
0.151
0.154
0.157
0.16
0.163
0.165
0.168
0.173
0.179
0.185
0.19
0.192
0.191
0.187
0.182
0.176
0.171
0.166
0.16
0.153
0.146
0.14
0.134
0.13
0.127
0.126
0.126
0.127
0.129
0.132
0.137
0.141
0.147
0.153
0.161
0.179
0.22
0.29
0.364
0.444
0.471
0.485
0.475
0.4
0.292
0.19
0.106
0.064
0.04
0.025
0.007
-0.015
-0.028
-0.039
-0.048
-0.055
-0.061
-0.064
-0.065
-0.065
-0.063
-0.062
-0.061
-0.059
-0.056
-0.053
-0.049
-0.045
-0.041
-0.038
-0.035
-0.03
-0.025
-0.018
-0.012
-0.007
-0.003
0.0
0.004
0.007
0.011
0.014
0.018
0.022
0.026
0.029
0.033
0.035
0.037
0.039
0.041
0.043
0.045
0.048
0.051
0.055
0.06
0.07
0.081
0.092
0.102
0.113
0.127
0.143
0.16
0.176
0.192
0.208
0.225
0.242
0.258
0.271
0.284
0.299
0.313
0.323
0.33
0.337
0.343
0.348
0.351
0.352
0.351
0.348
0.342
0.334
0.325
0.314
0.296
0.262
0.23
0.198
0.166
0.131
0.101
0.076
0.055
0.037
0.024
0.014
0.006
-0.002
-0.014
-0.027
-0.038
-0.044
-0.048
-0.053
-0.056
-0.059
-0.062
-0.064
-0.065
-0.066
-0.067
-0.068
-0.069
-0.07
-0.071
-0.073
-0.075
-0.077
-0.08
-0.082
-0.084
-0.086
-0.087
-0.089
-0.09
-0.091
-0.091
-0.093
-0.094
-0.096
-0.099
-0.101
-0.104
-0.106
-0.107
-0.109
-0.111
-0.113
-0.114
-0.115
-0.116
-0.117
-0.118
-0.119
-0.12
-0.122
-0.124
-0.126
-0.128
-0.13
-0.131
-0.133
-0.134
-0.136
-0.138
-0.139
-0.14
-0.14
-0.14
-0.14
-0.141
-0.142
-0.143
-0.143
-0.143
-0.144
-0.145
-0.147
-0.148
-0.149
-0.15
-0.151
-0.151
-0.152
-0.153
-0.154
-0.155
-0.156
-0.158
-0.16
-0.162
-0.164
-0.166
-0.167
-0.168
-0.169
-0.17
-0.17
-0.171
-0.173
-0.174
-0.175
-0.177
-0.178
-0.18
-0.181
-0.182
-0.183
-0.182
-0.181
-0.179
-0.176
-0.173
-0.169
-0.166
-0.163
-0.161
-0.159
-0.158
-0.157
-0.158
-0.158
-0.158
-0.158
-0.156
-0.154
-0.15
-0.145
-0.141
-0.136
-0.131
-0.126
-0.122
-0.119
-0.115
-0.113
-0.11
-0.108
-0.105
-0.103
-0.1
-0.098
-0.095
-0.091
-0.087
-0.083
-0.078
-0.075
-0.073
-0.071
-0.07
-0.068
-0.067
-0.067
-0.066
-0.066
-0.065
-0.064
-0.062
-0.06
-0.058
-0.056
-0.055
-0.053
-0.051
-0.048
-0.045
-0.042
-0.039
-0.035
-0.029
-0.018
-0.003
0.011
0.025
0.04
0.056
0.073
0.091
0.108
0.12
0.129
0.136
0.141
0.146
0.15
0.154
0.157
0.159
0.159
0.157
0.153
0.147
0.14
0.132
0.124
0.117
0.11
0.102
0.094
0.087
0.081
0.078
0.076
0.075
0.076
0.078
0.083
0.09
0.098
0.108
0.121
0.135
0.169
0.229
0.309
0.385
0.469
0.503
0.528
0.524
0.453
0.354
0.237
0.112
0.004
-0.03
-0.042
-0.051
-0.051
-0.04
-0.031
-0.021
-0.016
-0.02
-0.028
-0.032
-0.034
-0.036
-0.036
-0.037
-0.04
-0.043
-0.047
-0.049
-0.05
-0.049
-0.048
-0.046
-0.044
-0.042
-0.04
-0.038
-0.036
-0.035
-0.034
-0.034
-0.034
-0.033
-0.031
-0.03
-0.029
-0.028
-0.027
-0.025
-0.022
-0.02
-0.018
-0.016
-0.015
-0.013
-0.011
-0.01
-0.009
-0.008
-0.008
-0.007
-0.006
-0.003
0.0
0.005
0.011
0.018
0.026
0.034
0.044
0.053
0.064
0.075
0.09
0.111
0.131
0.145
0.156
0.164
0.172
0.179
0.186
0.191
0.194
0.192
0.186
0.178
0.168
0.155
0.135
0.101
0.077
0.046
0.008
-0.023
-0.046
-0.069
-0.1
-0.135
-0.163
-0.183
-0.201
-0.21
-0.215
-0.219
-0.224
-0.227
-0.229
-0.23
-0.23
-0.23
-0.23
-0.228
-0.226
-0.222
-0.217
-0.213
-0.208
-0.204
-0.199
-0.196
-0.192
-0.188
-0.183
-0.179
-0.175
-0.171
-0.167
-0.163
-0.159
-0.155
-0.151
-0.146
-0.142
-0.136
-0.128
-0.115
-0.102
-0.088
-0.075
-0.066
-0.058
-0.05
-0.045
-0.042
-0.042
-0.045
-0.049
-0.053
-0.057
-0.061
-0.064
-0.067
-0.07
-0.073
-0.075
-0.075
-0.075
-0.074
-0.071
-0.067
-0.062
-0.058
-0.055
-0.052
-0.049
-0.047
-0.044
-0.041
-0.039
-0.037
-0.035
-0.032
-0.03
-0.028
-0.026
-0.025
-0.026
-0.027
-0.029
-0.031
-0.033
-0.036
-0.04
-0.043
-0.046
-0.05
-0.052
-0.055
-0.058
-0.062
-0.067
-0.076
-0.087
-0.096
-0.101
-0.1
-0.095
-0.087
-0.076
-0.053
-0.015
0.012
0.034
0.058
0.074
0.086
0.096
0.105
0.115
0.123
0.129
0.133
0.136
0.138
0.141
0.143
0.145
0.147
0.148
0.15
0.151
0.151
0.152
0.152
0.152
0.152
0.151
0.149
0.148
0.146
0.143
0.141
0.138
0.136
0.134
0.132
0.13
0.128
0.127
0.127
0.126
0.126
0.127
0.127
0.127
0.128
0.128
0.127
0.127
0.127
0.127
0.128
0.128
0.129
0.13
0.13
0.131
0.132
0.132
0.133
0.132
0.132
0.131
0.131
0.13
0.13
0.129
0.129
0.129
0.13
0.13
0.129
0.128
0.126
0.124
0.121
0.119
0.117
0.115
0.113
0.111
0.11
0.108
0.106
0.104
0.101
0.096
0.09
0.083
0.076
0.069
0.063
0.058
0.054
0.051
0.049
0.047
0.045
0.043
0.039
0.032
0.027
0.028
0.038
0.053
0.078
0.117
0.184
0.259
0.342
0.424
0.481
0.5
0.485
0.437
0.331
0.195
0.06
-0.044
-0.087
-0.101
-0.087
-0.069
-0.055
-0.057
-0.077
-0.084
-0.088
-0.091
-0.094
-0.096
-0.098
-0.1
-0.102
-0.104
-0.107
-0.108
-0.109
-0.108
-0.107
-0.105
-0.103
-0.102
-0.101
-0.101
-0.1
-0.1
-0.1
-0.1
-0.1
-0.1
-0.098
-0.097
-0.095
-0.093
-0.09
-0.088
-0.085
-0.082
-0.08
-0.078
-0.075
-0.073
-0.07
-0.065
-0.059
-0.051
-0.044
-0.038
-0.033
-0.029
-0.024
-0.019
-0.013
-0.005
0.007
0.02
0.033
0.048
0.067
0.088
0.105
0.118
0.13
0.143
0.156
0.168
0.18
0.192
0.207
0.221
0.233
0.245
0.255
0.261
0.262
0.258
0.252
0.242
0.225
0.195
0.165
0.133
0.1
0.065
0.037
0.014
-0.01
-0.036
-0.06
-0.072
-0.079
-0.085
-0.089
-0.092
-0.095
-0.098
-0.101
-0.104
-0.107
-0.11
-0.112
-0.113
-0.115
-0.117
-0.12
-0.123
-0.125
-0.127
-0.128
-0.128
-0.127
-0.124
-0.12
-0.115
-0.109
-0.103
-0.098
-0.094
-0.091
-0.089
-0.088
-0.086
-0.084
-0.083
-0.081
-0.08
-0.078
-0.075
-0.072
-0.07
-0.068
-0.067
-0.067
-0.067
-0.067
-0.067
-0.067
-0.067
-0.066
-0.065
-0.064
-0.061
-0.058
-0.055
-0.053
-0.051
-0.05
-0.048
-0.047
-0.047
-0.046
-0.046
-0.046
-0.045
-0.044
-0.043
-0.042
-0.04
-0.039
-0.038
-0.037
-0.037
-0.037
-0.036
-0.036
-0.037
-0.037
-0.037
-0.036
-0.036
-0.035
-0.034
-0.034
-0.033
-0.033
-0.033
-0.033
-0.033
-0.033
-0.034
-0.034
-0.034
-0.034
-0.033
-0.033
-0.032
-0.032
-0.032
-0.032
-0.032
-0.032
-0.032
-0.033
-0.034
-0.034
-0.035
-0.035
-0.035
-0.035
-0.034
-0.033
-0.032
-0.031
-0.029
-0.028
-0.027
-0.026
-0.025
-0.025
-0.026
-0.026
-0.026
-0.026
-0.025
-0.025
-0.025
-0.024
-0.023
-0.022
-0.022
-0.022
-0.022
-0.022
-0.023
-0.024
-0.025
-0.026
-0.027
-0.028
-0.029
-0.029
-0.028
-0.028
-0.028
-0.027
-0.027
-0.027
-0.027
-0.027
-0.027
-0.028
-0.029
-0.03
-0.03
-0.03
-0.03
-0.029
-0.028
-0.026
-0.025
-0.023
-0.022
-0.021
-0.02
-0.019
-0.018
-0.017
-0.017
-0.016
-0.016
-0.015
-0.014
-0.013
-0.012
-0.01
-0.008
-0.007
-0.006
-0.005
-0.004
-0.003
-0.003
-0.002
-0.003
-0.003
-0.004
-0.005
-0.007
-0.009
-0.011
-0.014
-0.018
-0.021
-0.025
-0.03
-0.038
-0.043
-0.036
-0.02
0.003
0.039
0.099
0.173
0.257
0.342
0.417
0.456
0.47
0.453
0.397
0.301
0.185
0.068
-0.021
-0.061
-0.075
-0.075
-0.066
-0.062
-0.06
-0.058
-0.057
-0.056
-0.054
-0.053
-0.051
-0.049
-0.046
-0.044
-0.043
-0.042
-0.041
-0.04
-0.037
-0.034
-0.031
-0.028
-0.025
-0.022
-0.019
-0.017
-0.014
-0.011
-0.008
-0.006
-0.004
-0.002
-0.001
0.0
0.0
0.001
0.002
0.003
0.005
0.007
0.01
0.012
0.014
0.016
0.018
0.021
0.024
0.027
0.032
0.037
0.044
0.053
0.072
0.087
0.099
0.11
0.12
0.131
0.142
0.154
0.168
0.183
0.198
0.213
0.229
0.245
0.26
0.275
0.284
0.291
0.298
0.303
0.306
0.307
0.307
0.304
0.301
0.297
0.292
0.285
0.271
0.253
0.228
0.196
0.162
0.129
0.095
0.065
0.038
0.006
-0.015
-0.026
-0.034
-0.04
-0.045
-0.05
-0.054
-0.056
-0.058
-0.058
-0.059
-0.06
-0.061
-0.062
-0.062
-0.063
-0.063
-0.064
-0.064
-0.064
-0.064
-0.063
-0.062
-0.061
-0.061
-0.06
-0.06
-0.06
-0.06
-0.061
-0.063
-0.065
-0.067
-0.068
-0.07
-0.072
-0.073
-0.076
-0.081
-0.086
-0.089
-0.086
-0.08
-0.074
-0.069
-0.065
-0.062
-0.058
-0.055
-0.051
-0.048
-0.045
-0.042
-0.038
-0.034
-0.028
-0.019
-0.014
-0.019
-0.03
-0.042
-0.054
-0.061
-0.065
-0.069
-0.074
-0.076
-0.072
-0.063
-0.058
-0.054
-0.05
-0.047
-0.046
-0.046
-0.047
-0.049
-0.051
-0.052
-0.052
-0.053
-0.054
-0.056
-0.057
-0.059
-0.06
-0.061
-0.062
-0.062
-0.062
-0.062
-0.061
-0.06
-0.059
-0.058
-0.058
-0.057
-0.058
-0.058
-0.059
-0.059
-0.06
-0.06
-0.06
-0.06
-0.06
-0.059
-0.058
-0.057
-0.056
-0.056
-0.055
-0.055
-0.055
-0.055
-0.055
-0.055
-0.054
-0.053
-0.052
-0.051
-0.049
-0.047
-0.045
-0.044
-0.043
-0.042
-0.04
-0.04
-0.039
-0.039
-0.039
-0.038
-0.037
-0.035
-0.032
-0.03
-0.029
-0.028
-0.026
-0.024
-0.022
-0.02
-0.02
-0.019
-0.019
-0.019
-0.019
-0.018
-0.018
-0.018
-0.019
-0.018
-0.018
-0.016
-0.015
-0.015
-0.014
-0.014
-0.013
-0.012
-0.01
-0.009
-0.008
-0.006
-0.004
-0.001
0.0
0.003
0.006
0.008
0.01
0.012
0.014
0.016
0.017
0.018
0.019
0.02
0.021
0.022
0.023
0.025
0.026
0.028
0.029
0.029
0.03
0.031
0.031
0.031
0.031
0.031
0.032
0.034
0.036
0.038
0.042
0.047
0.052
0.059
0.065
0.071
0.08
0.097
0.127
0.176
0.236
0.31
0.39
0.442
0.458
0.437
0.374
0.279
0.185
0.112
0.072
0.051
0.031
0.006
-0.023
-0.039
-0.045
-0.049
-0.03
-0.02
-0.015
-0.012
-0.008
-0.006
-0.003
-0.002
-0.001
0.0
0.0
0.001
0.001
0.001
0.001
0.001
0.001
0.003
0.006
0.009
0.011
0.013
0.015
0.016
0.018
0.019
0.019
0.02
0.021
0.022
0.024
0.026
0.029
0.033
0.036
0.039
0.043
0.046
0.049
0.05
0.052
0.053
0.054
0.056
0.059
0.065
0.08
0.096
0.112
0.129
0.143
0.163
0.185
0.207
0.228
0.243
0.251
0.258
0.268
0.277
0.284
0.291
0.297
0.301
0.304
0.306
0.309
0.311
0.315
0.318
0.318
0.313
0.303
0.288
0.264
0.239
0.216
0.177
0.135
0.108
0.078
0.048
0.017
-0.014
-0.03
-0.039
-0.046
-0.051
-0.054
-0.055
-0.056
-0.056
-0.057
-0.057
-0.058
-0.058
-0.057
-0.056
-0.055
-0.055
-0.055
-0.055
-0.055
-0.054
-0.054
-0.054
-0.055
-0.056
-0.057
-0.058
-0.059
-0.059
-0.059
-0.06
-0.06
-0.061
-0.061
-0.061
-0.061
-0.061
-0.062
-0.062
-0.063
-0.063
-0.063
-0.06
-0.056
-0.053
-0.05
-0.048
-0.047
-0.046
-0.045
-0.044
-0.044
-0.042
-0.041
-0.04
-0.039
-0.038
-0.038
-0.038
-0.037
-0.037
-0.036
-0.036
-0.036
-0.036
-0.036
-0.035
-0.035
-0.036
-0.036
-0.037
-0.037
-0.036
-0.036
-0.036
-0.036
-0.036
-0.036
-0.037
-0.037
-0.038
-0.039
-0.041
-0.043
-0.045
-0.046
-0.047
-0.047
-0.048
-0.049
-0.05
-0.049
-0.049
-0.048
-0.049
-0.05
-0.052
-0.054
-0.056
-0.058
-0.06
-0.062
-0.064
-0.067
-0.069
-0.07
-0.071
-0.073
-0.076
-0.081
-0.085
-0.087
-0.086
-0.084
-0.081
-0.078
-0.076
-0.075
-0.073
-0.07
-0.067
-0.064
-0.061
-0.059
-0.057
-0.055
-0.053
-0.053
-0.052
-0.053
-0.053
-0.054
-0.054
-0.054
-0.053
-0.052
-0.05
-0.048
-0.047
-0.046
-0.044
-0.044
-0.043
-0.042
-0.042
-0.042
-0.042
-0.041
-0.041
-0.041
-0.039
-0.038
-0.036
-0.034
-0.033
-0.031
-0.029
-0.027
-0.025
-0.023
-0.024
-0.026
-0.03
-0.034
-0.037
-0.04
-0.044
-0.048
-0.051
-0.052
-0.05
-0.046
-0.04
-0.033
-0.023
-0.008
-0.004
-0.002
0.0
0.0
0.001
0.002
0.002
0.002
0.002
0.002
0.002
0.001
0.0
-0.001
-0.003
-0.005
-0.007
-0.009
-0.011
-0.013
-0.019
-0.021
-0.016
-0.003
0.016
0.047
0.101
0.172
0.259
0.352
0.44
0.502
0.51
0.484
0.384
0.248
0.112
0.004
-0.034
-0.047
-0.038
-0.031
-0.027
-0.023
-0.022
-0.02
-0.02
-0.02
-0.022
-0.024
-0.025
-0.028
-0.033
-0.037
-0.037
-0.029
-0.018
-0.007
0.004
0.013
0.014
0.009
0.0
-0.009
-0.023
-0.033
-0.04
-0.047
-0.052
-0.052
-0.047
-0.04
-0.035
-0.031
-0.028
-0.024
-0.02
-0.016
-0.012
-0.008
-0.003
0.001
0.011
0.028
0.04
0.047
0.051
0.055
0.058
0.063
0.067
0.071
0.076
0.082
0.095
0.124
0.14
0.148
0.153
0.157
0.161
0.164
0.167
0.171
0.175
0.184
0.204
0.232
0.258
0.287
0.31
0.321
0.329
0.334
0.334
0.327
0.316
0.298
0.27
0.241
0.21
0.176
0.145
0.115
0.087
0.065
0.049
0.034
0.015
-0.007
-0.03
-0.055
-0.076
-0.09
-0.094
-0.096
-0.098
-0.1
-0.1
-0.095
-0.085
-0.08
-0.075
-0.072
-0.069
-0.067
-0.065
-0.063
-0.062
-0.063
-0.065
-0.067
-0.071
-0.076
-0.082
-0.088
-0.098
-0.117
-0.128
-0.136
-0.144
-0.147
-0.143
-0.133
-0.117
-0.091
-0.078
-0.073
-0.068
-0.064
-0.06
-0.056
-0.053
-0.052
-0.05
-0.05
-0.051
-0.051
-0.052
-0.054
-0.056
-0.059
-0.061
-0.064
-0.066
-0.069
-0.071
-0.074
-0.08
-0.086
-0.086
-0.078
-0.068
-0.059
-0.048
-0.04
-0.038
-0.036
-0.034
-0.032
-0.029
-0.027
-0.027
-0.03
-0.034
-0.038
-0.041
-0.045
-0.048
-0.048
-0.048
-0.046
-0.043
-0.039
-0.033
-0.033
-0.044
-0.054
-0.064
