-0.168
-0.162
-0.157
-0.153
-0.148
-0.144
-0.14
-0.136
-0.134
-0.132
-0.13
-0.127
-0.124
-0.121
-0.118
-0.116
-0.114
-0.111
-0.108
-0.104
-0.1
-0.097
-0.095
-0.094
-0.092
-0.089
-0.086
-0.082
-0.078
-0.074
-0.07
-0.066
-0.061
-0.052
-0.031
-0.019
-0.012
-0.007
-0.002
0.002
0.005
0.005
0.001
-0.005
-0.013
-0.022
-0.035
-0.043
-0.034
-0.015
0.007
0.035
0.05
0.061
0.069
0.076
0.079
0.076
0.067
0.058
0.051
0.044
0.036
0.029
0.025
0.027
0.035
0.044
0.053
0.058
0.063
0.069
0.075
0.083
0.09
0.097
0.104
0.11
0.116
0.122
0.129
0.135
0.141
0.148
0.157
0.168
0.18
0.189
0.198
0.206
0.214
0.221
0.227
0.232
0.237
0.24
0.243
0.245
0.247
0.248
0.25
0.251
0.251
0.251
0.251
0.249
0.247
0.245
0.242
0.238
0.232
0.226
0.219
0.212
0.205
0.193
0.18
0.168
0.158
0.148
0.138
0.127
0.117
0.113
0.118
0.129
0.141
0.15
0.158
0.165
0.172
0.179
0.186
0.192
0.2
0.21
0.25
0.326
0.428
0.56
0.726
0.92
1.123
1.295
1.353
1.333
1.169
0.884
0.556
0.256
0.03
-0.08
-0.118
-0.093
-0.05
0.006
0.038
0.052
0.064
0.073
0.081
0.088
0.097
0.106
0.114
0.12
0.125
0.129
0.131
0.133
0.133
0.134
0.134
0.135
0.136
0.138
0.14
0.142
0.142
0.143
0.143
0.142
0.142
0.141
0.14
0.139
0.138
0.137
0.138
0.138
0.139
0.139
0.14
0.141
0.142
0.143
0.145
0.148
0.15
0.154
0.157
0.16
0.162
0.165
0.169
0.172
0.175
0.178
0.18
0.186
0.194
0.203
0.21
0.213
0.211
0.205
0.197
0.187
0.178
0.169
0.157
0.144
0.133
0.123
0.116
0.108
0.1
0.089
0.075
0.061
0.05
0.039
0.016
-0.016
-0.047
-0.08
-0.109
-0.131
-0.156
-0.183
-0.208
-0.225
-0.236
-0.243
-0.249
-0.256
-0.264
-0.273
-0.283
-0.295
-0.313
-0.325
-0.333
-0.34
-0.348
-0.354
-0.354
-0.344
-0.331
-0.324
-0.316
-0.309
-0.303
-0.298
-0.296
-0.295
-0.295
-0.295
-0.296
-0.297
-0.299
-0.302
-0.305
-0.308
-0.306
-0.301
-0.296
-0.293
-0.291
-0.288
-0.285
-0.282
-0.28
-0.278
-0.277
-0.276
-0.275
-0.273
-0.272
-0.27
-0.269
-0.267
-0.264
-0.262
-0.258
-0.254
-0.251
-0.247
-0.243
-0.237
-0.224
-0.213
-0.209
-0.205
-0.201
-0.196
-0.193
-0.192
-0.193
-0.196
-0.197
-0.199
-0.2
-0.201
-0.202
-0.202
-0.201
-0.197
-0.192
-0.187
-0.182
-0.179
-0.176
-0.174
-0.172
-0.171
-0.17
-0.17
-0.17
-0.17
-0.169
-0.169
-0.168
-0.167
-0.166
-0.164
-0.162
-0.161
-0.16
-0.159
-0.158
-0.157
-0.156
-0.154
-0.152
-0.149
-0.145
-0.141
-0.136
-0.129
-0.12
-0.11
-0.1
-0.088
-0.076
-0.063
-0.053
-0.04
-0.029
-0.02
-0.015
-0.013
-0.011
-0.01
-0.009
-0.008
-0.007
-0.005
-0.004
-0.003
-0.002
-0.002
-0.002
-0.002
-0.003
-0.005
-0.008
-0.012
-0.016
-0.021
-0.025
-0.03
-0.034
-0.04
-0.047
-0.053
-0.057
-0.059
-0.061
-0.063
-0.067
-0.073
-0.078
-0.077
-0.068
-0.052
-0.027
0.013
0.091
0.19
0.314
0.463
0.634
0.82
1.004
1.15
1.19
1.167
1.008
0.731
0.386
0.05
-0.181
-0.256
-0.254
-0.175
-0.062
0.036
0.111
0.15
0.179
0.2
0.221
0.234
0.242
0.25
0.258
0.265
0.272
0.278
0.283
0.288
0.294
0.301
0.307
0.309
0.308
0.305
0.303
0.302
0.301
0.301
0.301
0.301
0.302
0.302
0.302
0.302
0.3
0.297
0.293
0.292
0.291
0.289
0.285
0.28
0.274
0.268
0.258
0.238
0.231
0.227
0.222
0.219
0.217
0.222
0.233
0.243
0.248
0.253
0.258
0.263
0.269
0.274
0.279
0.284
0.289
0.294
0.299
0.303
0.307
0.311
0.318
0.325
0.33
0.329
0.324
0.316
0.305
0.292
0.271
0.257
0.242
0.227
0.209
0.186
0.155
0.122
0.09
0.065
0.045
0.021
0.005
-0.004
-0.013
-0.022
-0.032
-0.042
-0.049
-0.052
-0.055
-0.057
-0.059
-0.06
-0.061
-0.062
-0.063
-0.065
-0.066
-0.068
-0.069
-0.07
-0.07
-0.07
-0.069
-0.068
-0.068
-0.068
-0.068
-0.069
-0.07
-0.072
-0.073
-0.074
-0.076
-0.077
-0.079
-0.08
-0.081
-0.082
-0.083
-0.084
-0.085
-0.085
-0.086
-0.087
-0.088
-0.089
-0.092
-0.101
-0.098
-0.076
-0.065
-0.059
-0.054
-0.049
-0.045
-0.041
-0.037
-0.032
-0.028
-0.025
-0.023
-0.021
-0.019
-0.017
-0.014
-0.008
0.0
0.008
0.009
0.005
0.001
0.0
-0.002
-0.004
-0.005
-0.005
-0.003
0.0
0.007
0.012
0.017
0.022
0.029
0.034
0.038
0.039
0.037
0.035
0.032
0.03
0.028
0.026
0.023
0.02
0.018
0.02
0.027
0.036
