-0.178
-0.218
-0.255
-0.29
-0.321
-0.342
-0.357
-0.373
-0.379
-0.382
-0.386
-0.389
-0.392
-0.394
-0.395
-0.396
-0.395
-0.394
-0.391
-0.387
-0.383
-0.378
-0.373
-0.367
-0.361
-0.355
-0.347
-0.34
-0.335
-0.331
-0.328
-0.324
-0.32
-0.317
-0.313
-0.31
-0.306
-0.303
-0.299
-0.295
-0.291
-0.288
-0.283
-0.278
-0.271
-0.263
-0.254
-0.246
-0.239
-0.231
-0.227
-0.225
-0.223
-0.222
-0.218
-0.212
-0.211
-0.215
-0.218
-0.221
-0.222
-0.216
-0.205
-0.196
-0.187
-0.18
-0.177
-0.175
-0.173
-0.171
-0.17
-0.169
-0.168
-0.167
-0.166
-0.164
-0.162
-0.159
-0.156
-0.152
-0.148
-0.144
-0.14
-0.133
-0.125
-0.12
-0.115
-0.111
-0.107
-0.104
-0.101
-0.099
-0.098
-0.097
-0.097
-0.097
-0.098
-0.098
-0.098
-0.098
-0.098
-0.098
-0.097
-0.095
-0.093
-0.091
-0.088
-0.084
-0.08
-0.076
-0.068
-0.049
-0.03
-0.021
-0.014
-0.008
-0.002
0.0
0.001
0.001
0.0
-0.004
-0.008
-0.012
-0.019
-0.033
-0.045
-0.054
-0.061
-0.067
-0.069
-0.068
-0.064
-0.061
-0.06
-0.058
-0.056
-0.054
-0.051
-0.049
-0.047
-0.046
-0.045
-0.044
-0.044
-0.045
-0.047
-0.048
-0.048
-0.048
-0.047
-0.047
-0.048
-0.048
-0.047
-0.047
-0.047
-0.048
-0.049
-0.05
-0.05
-0.048
-0.043
-0.034
-0.021
0.001
0.041
0.088
0.153
0.242
0.356
0.492
0.636
0.765
0.86
0.902
0.916
0.895
0.833
0.729
0.6
0.46
0.325
0.207
0.11
0.036
-0.017
-0.048
-0.072
-0.087
-0.091
-0.093
-0.095
-0.097
-0.099
-0.095
-0.088
-0.084
-0.082
-0.081
-0.08
-0.078
-0.076
-0.073
-0.07
-0.068
-0.066
-0.065
-0.064
-0.063
-0.062
-0.06
-0.059
-0.057
-0.056
-0.054
-0.052
-0.051
-0.049
-0.047
-0.046
-0.046
-0.046
-0.047
-0.048
-0.048
-0.048
-0.046
-0.045
-0.043
-0.041
-0.04
-0.038
-0.036
-0.034
-0.032
-0.029
-0.027
-0.024
-0.021
-0.017
-0.012
-0.006
-0.001
0.001
0.004
0.006
0.007
0.007
0.007
0.008
0.008
0.008
0.008
0.008
0.008
0.01
0.011
0.012
0.014
0.015
0.015
0.015
0.014
0.014
0.014
0.014
0.013
0.013
0.012
0.01
0.008
0.006
0.004
0.002
0.0
-0.001
-0.004
-0.007
-0.011
-0.016
-0.021
-0.025
-0.028
-0.031
-0.033
-0.035
-0.037
-0.037
-0.038
-0.039
-0.041
-0.043
-0.044
-0.043
-0.041
-0.038
-0.035
-0.033
-0.03
-0.028
-0.025
-0.023
-0.022
-0.022
-0.023
-0.025
-0.026
-0.028
-0.03
-0.032
-0.034
-0.036
-0.038
-0.038
-0.035
-0.03
-0.025
-0.021
-0.018
-0.016
-0.014
-0.012
-0.01
-0.008
-0.006
-0.005
-0.004
-0.004
-0.004
-0.004
-0.005
-0.007
-0.009
-0.011
-0.013
-0.016
-0.017
-0.019
-0.02
-0.02
-0.021
-0.021
-0.022
-0.022
-0.022
-0.022
-0.022
-0.023
-0.024
-0.024
-0.024
-0.024
-0.023
-0.023
-0.023
-0.022
-0.021
-0.02
-0.018
-0.017
-0.016
-0.016
-0.017
-0.019
-0.02
-0.021
-0.023
-0.025
-0.027
-0.028
-0.028
-0.026
-0.022
-0.018
-0.013
-0.008
-0.005
-0.001
0.001
0.005
0.007
0.008
0.008
0.008
0.007
0.005
0.003
0.001
-0.001
-0.005
-0.008
-0.011
-0.018
-0.023
-0.022
-0.012
0.0
0.013
0.029
0.037
0.039
0.04
0.042
0.043
0.044
0.045
0.045
0.045
0.045
0.045
0.045
0.045
0.045
0.044
0.044
0.044
0.043
0.043
0.042
0.041
0.039
0.037
0.033
0.03
0.026
0.022
0.018
0.012
0.002
-0.007
-0.012
-0.016
-0.019
-0.021
-0.022
-0.023
-0.024
-0.024
-0.024
-0.024
-0.024
-0.024
-0.024
-0.023
-0.022
-0.022
-0.022
-0.022
-0.021
-0.02
-0.018
-0.016
-0.014
-0.012
-0.01
-0.008
-0.006
-0.004
-0.001
0.007
0.028
0.062
0.109
0.181
0.287
0.424
0.566
0.694
0.799
0.863
0.884
0.87
0.827
0.742
0.634
0.505
0.362
0.227
0.117
0.034
-0.028
-0.065
-0.084
-0.093
-0.1
-0.106
-0.11
-0.112
-0.113
-0.113
-0.112
-0.111
-0.11
-0.109
-0.109
-0.109
-0.109
-0.108
-0.108
-0.108
-0.108
-0.108
-0.107
-0.107
-0.107
-0.105
-0.103
-0.101
-0.099
-0.098
-0.096
-0.095
-0.094
-0.092
-0.089
-0.086
-0.084
-0.081
-0.077
-0.072
-0.068
-0.064
-0.061
-0.058
-0.056
-0.054
-0.052
-0.051
-0.05
-0.049
-0.047
-0.044
-0.04
-0.038
-0.038
-0.04
-0.042
-0.044
-0.045
-0.048
-0.052
-0.056
-0.057
-0.051
-0.042
-0.028
-0.012
-0.007
-0.003
0.0
0.003
0.001
-0.002
-0.004
-0.006
-0.007
-0.008
-0.009
-0.01
-0.01
-0.01
-0.01
-0.008
-0.006
-0.005
-0.003
-0.001
0.0
0.0
0.001
0.003
0.004
0.006
0.007
0.008
0.009
0.01
0.01
0.01
0.01
0.009
0.008
0.007
0.006
0.005
0.004
0.002
0.001
0.0
-0.001
-0.003
-0.005
-0.007
-0.008
-0.01
-0.011
-0.013
-0.016
-0.019
-0.021
-0.02
-0.017
-0.014
-0.011
-0.01
-0.008
-0.006
-0.004
-0.003
-0.002
-0.001
0.0
0.0
0.0
-0.001
-0.002
-0.004
-0.005
-0.006
-0.008
-0.009
-0.01
-0.011
-0.01
-0.01
-0.01
-0.01
-0.01
-0.009
-0.008
-0.007
-0.007
-0.007
-0.008
-0.008
-0.008
-0.008
-0.007
-0.007
-0.007
-0.008
-0.007
-0.007
-0.006
-0.006
-0.007
-0.007
-0.007
-0.008
-0.009
-0.01
-0.011
-0.011
-0.011
-0.011
-0.01
-0.009
-0.008
-0.007
-0.006
-0.004
-0.001
0.0
0.002
0.003
0.004
0.005
0.007
0.008
0.009
0.01
0.012
0.015
0.019
0.022
0.025
0.026
0.026
0.027
0.028
0.028
0.028
0.028
0.027
0.027
0.027
0.027
0.027
0.026
0.026
0.025
0.025
0.025
0.025
0.025
0.025
0.025
0.025
0.025
0.025
0.025
0.025
0.025
0.025
0.025
0.024
0.024
0.024
0.028
0.033
0.037
0.04
0.042
0.044
0.046
0.048
0.051
0.053
0.055
0.057
0.059
0.06
0.062
0.063
0.063
0.065
0.066
0.068
0.07
0.073
0.077
0.081
0.084
0.085
0.085
0.083
0.079
0.074
0.067
0.058
0.046
0.024
0.014
0.008
0.003
0.0
-0.004
-0.007
-0.006
-0.003
0.0
0.004
0.009
0.017
0.023
0.022
0.018
0.015
0.012
0.009
0.007
0.006
0.008
0.012
0.016
0.021
0.027
0.033
0.036
0.035
0.032
0.028
0.022
0.016
0.03
0.07
0.139
0.238
0.374
0.543
0.734
0.92
1.072
1.157
1.163
1.109
0.962
0.767
0.559
0.376
0.234
0.136
0.08
0.052
0.028
0.001
-0.025
-0.05
-0.075
-0.092
-0.1
-0.107
-0.107
-0.099
-0.096
-0.095
-0.093
-0.091
-0.089
-0.088
-0.088
-0.087
-0.087
-0.087
-0.087
-0.088
-0.089
-0.09
-0.09
-0.088
-0.086
-0.083
-0.079
-0.075
-0.072
-0.069
-0.068
-0.067
-0.066
-0.066
-0.065
-0.064
-0.062
-0.06
-0.058
-0.055
-0.053
-0.051
-0.049
-0.048
-0.048
-0.048
-0.048
-0.048
-0.049
-0.049
-0.049
-0.048
-0.047
-0.045
-0.044
-0.044
-0.043
-0.042
-0.04
-0.039
-0.038
-0.037
-0.035
-0.032
-0.027
-0.022
-0.016
-0.01
-0.003
0.003
0.007
0.011
0.014
0.016
0.018
0.019
0.02
0.022
0.023
0.024
0.024
0.024
0.023
0.023
0.024
0.026
0.027
0.027
0.026
0.024
0.022
0.02
0.018
0.015
0.014
0.013
0.013
0.014
0.014
0.015
0.016
0.016
0.017
0.016
0.015
0.013
0.009
0.006
0.003
0.002
0.001
0.001
0.001
0.002
0.002
0.002
0.002
0.001
0.0
-0.002
-0.004
-0.006
-0.008
-0.01
-0.012
-0.013
-0.014
-0.014
-0.015
-0.015
-0.015
-0.015
-0.016
-0.016
-0.017
-0.017
-0.018
-0.019
-0.019
-0.02
-0.02
-0.021
-0.021
-0.021
-0.021
-0.021
-0.02
-0.02
-0.019
-0.018
-0.018
-0.017
-0.016
-0.015
-0.015
-0.014
-0.014
-0.013
-0.013
-0.012
-0.012
-0.012
-0.012
-0.011
-0.01
-0.01
-0.01
-0.01
-0.011
-0.011
-0.011
-0.01
-0.01
-0.01
-0.01
-0.01
-0.009
-0.008
-0.007
-0.006
-0.005
-0.005
-0.005
-0.005
-0.004
-0.003
-0.003
-0.004
-0.004
-0.002
0.0
0.001
0.004
0.006
0.007
0.009
0.01
0.011
0.01
0.008
0.006
0.003
0.0
-0.001
-0.003
-0.005
-0.008
-0.01
-0.012
-0.016
-0.019
-0.022
-0.023
-0.02
-0.016
-0.01
-0.005
-0.001
0.001
0.005
0.009
0.012
0.015
0.016
0.016
0.014
0.012
0.009
0.007
0.004
0.002
0.0
-0.002
-0.006
-0.008
-0.01
-0.009
-0.007
-0.002
0.002
0.008
0.015
0.021
0.028
0.036
0.042
0.047
0.051
0.053
0.055
0.056
0.057
0.058
0.061
0.063
0.065
0.064
0.057
0.047
0.038
0.032
0.027
0.022
0.016
0.01
0.005
0.0
-0.001
-0.003
-0.004
-0.005
-0.007
-0.007
-0.007
-0.007
-0.007
-0.007
-0.008
-0.009
-0.01
-0.011
-0.011
-0.011
-0.011
-0.01
-0.009
-0.006
-0.003
0.001
0.005
0.011
0.02
0.025
0.02
0.009
0.0
-0.011
-0.017
-0.013
-0.001
0.031
0.092
0.181
0.296
0.433
0.584
0.74
0.891
1.025
1.11
1.138
1.103
0.999
0.811
0.597
0.396
0.244
0.145
0.079
0.023
-0.025
-0.052
-0.069
-0.082
-0.087
-0.084
-0.076
-0.07
-0.063
-0.058
-0.058
-0.064
-0.072
-0.076
-0.08
-0.085
-0.088
-0.091
-0.092
-0.091
-0.09
-0.087
-0.085
-0.084
-0.082
-0.08
-0.078
-0.076
-0.074
-0.073
-0.072
-0.071
-0.07
-0.069
-0.068
-0.067
-0.065
-0.063
-0.061
-0.058
-0.054
-0.052
-0.049
-0.046
-0.043
-0.039
-0.035
-0.032
-0.03
-0.031
-0.032
-0.033
-0.034
-0.035
-0.036
-0.038
-0.04
-0.043
-0.044
-0.043
-0.038
-0.031
-0.025
-0.021
-0.017
-0.012
-0.007
-0.003
0.0
0.001
0.003
0.004
0.005
0.006
0.007
0.007
0.007
0.007
0.007
0.007
0.012
0.019
0.023
0.026
0.028
0.032
0.034
0.037
0.039
0.041
0.042
0.042
0.042
0.04
0.039
0.036
0.033
0.029
0.026
0.022
0.018
0.014
0.007
0.0
-0.003
-0.004
-0.005
-0.007
-0.009
-0.011
-0.011
-0.005
0.002
0.014
0.028
0.031
0.034
0.036
0.035
0.022
0.009
-0.001
-0.007
-0.011
-0.013
-0.016
-0.018
-0.019
-0.016
-0.011
-0.005
0.0
0.003
0.007
0.011
0.014
0.014
0.012
0.009
0.005
0.002
0.0
-0.003
-0.007
-0.01
-0.013
-0.013
-0.012
-0.009
-0.006
-0.004
-0.002
-0.001
0.0
0.002
0.003
0.005
0.007
0.008
0.01
0.011
0.013
0.013
0.013
0.013
0.013
0.012
0.011
0.009
0.007
0.005
0.003
0.001
0.0
0.0
-0.001
-0.002
-0.003
-0.004
-0.008
-0.013
-0.016
-0.017
-0.016
-0.012
-0.007
0.0
0.011
0.018
0.024
0.031
0.03
0.02
0.015
0.012
0.009
0.006
0.003
0.001
0.0
0.0
0.0
0.0
0.001
0.003
0.006
0.008
0.011
0.013
0.015
0.017
0.019
0.02
0.021
0.021
0.021
0.022
0.022
0.023
0.024
0.025
0.025
0.025
0.025
0.025
0.026
0.026
0.025
0.025
0.025
0.024
0.024
0.023
0.023
0.023
0.024
0.025
0.027
0.029
0.031
0.033
0.035
0.037
0.04
0.042
0.045
0.047
0.049
0.053
0.059
0.065
0.07
0.071
0.07
0.066
0.06
0.054
0.046
0.034
0.027
0.03
0.036
0.04
0.043
0.046
0.048
0.049
0.048
0.045
0.039
0.032
0.018
0.0
-0.004
-0.007
-0.01
-0.012
-0.013
-0.013
-0.013
-0.012
-0.011
-0.01
-0.009
-0.007
-0.006
-0.004
-0.001
0.0
0.002
0.003
0.003
0.002
0.002
0.001
0.0
-0.002
-0.006
-0.005
0.008
0.028
0.056
0.104
0.174
0.27
0.394
0.543
0.707
0.868
1.002
1.08
1.085
1.03
0.865
0.645
0.41
0.203
0.06
0.01
-0.006
0.004
0.018
0.029
0.017
0.0
-0.02
-0.036
-0.045
-0.056
-0.07
-0.079
-0.087
-0.094
-0.099
-0.101
-0.102
-0.103
-0.103
-0.103
-0.104
-0.106
-0.105
-0.099
-0.089
-0.079
-0.065
-0.06
-0.057
-0.055
-0.053
-0.05
-0.048
-0.048
-0.049
-0.049
-0.05
-0.052
-0.05
-0.038
-0.033
-0.031
-0.029
-0.027
-0.024
-0.022
-0.019
-0.017
-0.014
-0.013
-0.012
-0.011
-0.011
-0.012
-0.013
-0.014
-0.014
-0.015
-0.015
-0.015
-0.014
-0.013
-0.011
-0.009
-0.007
-0.005
-0.004
-0.002
0.0
0.002
0.009
0.024
0.031
0.035
0.038
0.04
0.038
0.031
0.024
0.019
0.012
0.006
0.004
0.008
0.016
0.025
0.035
0.049
0.06
0.067
0.072
0.077
0.081
0.082
0.079
0.072
0.064
0.055
0.045
0.033
0.022
0.011
0.004
-0.002
-0.008
-0.014
-0.017
-0.017
-0.014
-0.008
-0.002
0.003
0.009
0.016
0.024
0.029
0.032
0.033
0.033
0.035
0.037
0.022
0.01
0.003
-0.003
-0.007
-0.008
-0.006
-0.002
0.003
0.01
0.02
0.026
0.032
0.038
0.036
0.022
0.014
0.008
0.003
-0.001
-0.003
-0.004
-0.002
0.0
0.003
0.007
0.011
0.014
0.019
0.023
0.027
0.028
0.028
0.026
0.022
0.016
0.011
0.003
-0.009
-0.015
-0.017
-0.019
-0.022
-0.023
-0.022
-0.013
-0.002
0.004
0.011
0.018
0.023
0.027
0.027
0.025
0.021
0.017
0.014
0.012
0.01
0.007
0.004
0.001
0.0
-0.001
-0.002
-0.002
-0.001
-0.001
0.0
0.001
0.004
0.005
0.007
0.008
0.009
0.011
0.012
0.013
0.014
0.016
0.017
0.019
0.02
0.022
0.023
0.023
0.023
0.024
0.024
0.025
0.026
0.027
0.032
0.035
0.029
0.017
0.009
0.002
-0.004
-0.008
-0.01
-0.008
-0.004
0.0
0.004
0.009
0.015
0.021
0.026
0.026
0.023
0.018
0.013
0.008
0.001
-0.002
0.003
0.014
0.023
0.032
0.04
0.047
0.053
0.059
0.067
0.071
0.065
0.056
0.048
0.041
0.035
0.028
0.02
0.014
0.009
0.003
-0.002
-0.007
-0.01
-0.012
-0.011
-0.011
-0.01
-0.008
-0.007
-0.006
-0.002
0.0
-0.003
-0.011
-0.016
-0.021
-0.025
-0.028
-0.031
-0.031
-0.029
-0.027
-0.024
-0.021
-0.017
-0.014
-0.011
-0.008
-0.005
-0.002
0.0
0.003
0.006
0.011
0.018
0.044
0.094
0.164
0.258
0.375
0.52
0.684
0.848
0.981
1.046
1.046
0.978
0.829
0.639
0.441
0.266
0.13
0.042
-0.013
-0.041
-0.061
-0.075
-0.085
-0.088
-0.091
-0.093
-0.094
-0.096
-0.097
-0.099
-0.1
-0.102
-0.103
-0.104
-0.104
-0.104
-0.104
-0.105
-0.107
-0.108
-0.11
-0.114
-0.117
-0.117
-0.113
-0.107
-0.104
-0.102
-0.1
-0.099
-0.097
-0.096
-0.095
-0.094
-0.093
-0.092
-0.091
-0.09
-0.088
-0.087
-0.085
-0.084
-0.083
-0.082
-0.081
-0.08
-0.079
-0.078
-0.076
-0.073
-0.069
-0.065
-0.063
-0.062
-0.063
-0.064
-0.064
-0.065
-0.066
-0.069
-0.072
-0.073
-0.068
-0.06
-0.052
-0.041
-0.035
-0.031
-0.027
-0.024
-0.021
-0.018
-0.016
-0.015
-0.013
-0.012
-0.011
-0.009
-0.008
-0.007
-0.007
-0.006
-0.005
-0.003
-0.001
0.0
0.001
0.002
0.002
0.002
0.002
0.001
-0.001
-0.003
-0.005
-0.007
-0.008
-0.009
-0.01
-0.012
-0.013
-0.014
-0.015
-0.016
-0.017
-0.019
-0.021
-0.022
-0.023
-0.023
-0.023
-0.021
-0.02
-0.018
-0.015
-0.013
-0.01
-0.008
-0.005
-0.003
-0.001
-0.001
-0.001
-0.004
-0.008
-0.012
-0.016
-0.02
-0.024
-0.027
-0.031
-0.033
-0.035
-0.036
-0.035
-0.034
-0.031
-0.027
-0.023
-0.018
-0.014
-0.011
-0.007
-0.004
-0.001
0.0
0.001
0.0
-0.004
-0.008
-0.013
-0.018
-0.024
-0.029
-0.036
-0.043
-0.049
-0.05
-0.048
-0.043
-0.036
-0.029
-0.018
-0.003
0.004
0.006
0.008
0.009
0.011
0.012
0.012
0.01
0.006
0.002
-0.001
-0.003
-0.004
-0.006
-0.009
-0.011
-0.013
-0.014
-0.014
-0.014
-0.014
-0.013
-0.011
-0.01
-0.008
-0.006
-0.004
-0.003
-0.002
-0.002
-0.002
-0.002
-0.002
-0.002
-0.002
-0.002
-0.001
0.0
0.0
0.001
0.003
0.005
0.008
0.011
0.012
0.013
0.014
0.015
0.016
0.017
0.019
0.02
0.021
0.022
0.024
0.026
0.028
0.03
0.03
0.03
0.031
0.031
0.032
0.032
0.032
0.032
0.032
0.032
0.034
0.035
0.036
0.036
0.037
0.037
0.039
0.04
0.04
0.04
0.04
0.039
0.038
0.038
0.039
0.039
0.039
0.04
0.041
0.043
0.046
0.048
0.05
0.052
0.054
0.057
0.065
0.074
0.081
0.086
0.092
0.098
0.105
0.111
0.111
0.101
0.09
0.082
0.076
0.07
0.065
0.06
0.057
0.054
0.052
0.05
0.049
0.047
0.046
0.045
0.043
0.042
0.04
0.038
0.036
0.034
0.032
0.03
0.028
0.027
0.026
0.025
0.024
0.02
0.014
0.008
0.005
0.008
0.016
0.025
0.031
0.036
0.041
0.046
0.052
0.057
0.062
0.066
0.072
0.08
0.115
0.189
0.293
0.423
0.569
0.722
0.867
0.981
1.049
1.057
1.026
0.915
0.766
0.612
0.472
0.354
0.252
0.17
0.113
0.083
0.055
0.023
-0.005
-0.027
-0.047
-0.056
-0.061
-0.066
-0.07
-0.073
-0.075
-0.077
-0.078
-0.078
-0.078
-0.077
-0.075
-0.072
-0.069
-0.066
-0.062
-0.059
-0.056
-0.054
-0.052
-0.051
-0.049
-0.048
-0.047
-0.045
-0.043
-0.042
-0.041
-0.04
-0.039
-0.039
-0.038
-0.037
-0.036
-0.036
-0.037
-0.037
-0.036
-0.034
-0.032
-0.031
-0.029
-0.027
-0.024
-0.02
-0.016
-0.012
-0.009
-0.006
-0.002
0.009
0.02
0.025
0.027
0.029
0.029
0.03
0.031
0.033
0.034
0.035
0.035
0.035
0.035
0.035
0.034
0.034
0.034
0.034
0.035
0.035
0.037
0.038
0.04
0.042
0.044
0.045
0.046
0.047
0.049
0.053
0.057
0.061
0.062
0.061
0.058
0.053
0.05
0.048
0.046
0.044
0.042
0.04
0.039
0.037
0.035
0.034
0.032
0.03
0.029
0.028
0.028
0.028
0.028
0.028
0.028
0.027
0.027
0.026
0.025
0.024
0.02
0.018
0.023
0.032
0.038
0.044
0.049
0.051
0.051
0.046
0.039
0.03
0.02
0.005
-0.004
-0.011
-0.017
-0.024
-0.028
-0.028
-0.021
-0.014
-0.011
-0.008
-0.005
-0.003
0.0
0.0
0.001
0.002
0.003
0.003
0.003
0.003
0.002
0.001
0.0
-0.003
-0.006
-0.01
-0.016
-0.02
-0.017
-0.012
-0.009
-0.006
-0.004
-0.001
0.001
0.004
0.006
0.008
0.01
0.011
0.012
0.013
0.013
0.013
0.012
0.012
0.013
0.014
0.016
0.017
0.017
0.017
0.017
0.017
0.016
0.016
0.015
0.014
0.013
0.012
0.013
0.013
0.013
0.013
0.013
0.012
0.012
0.012
0.013
0.013
0.014
0.014
0.014
0.015
0.016
0.016
0.016
0.015
0.015
0.014
0.013
0.013
0.013
0.013
0.013
0.013
0.013
0.013
0.013
0.012
0.01
0.007
0.004
0.003
0.003
0.003
0.004
0.005
0.008
0.014
0.016
0.014
0.014
0.013
0.012
0.012
0.011
0.011
0.011
0.01
0.009
0.01
0.011
0.012
0.014
0.016
0.017
0.018
0.019
0.019
0.02
0.02
0.02
0.02
0.021
0.023
0.024
0.026
0.029
0.031
0.033
0.035
0.038
0.04
0.042
0.044
0.046
0.049
0.051
0.054
0.056
0.058
0.058
0.057
0.053
0.049
0.045
0.04
0.034
0.028
0.017
0.007
0.002
0.0
0.0
-0.003
-0.007
-0.007
-0.001
0.003
0.006
0.01
0.013
0.012
0.008
0.002
-0.005
-0.017
-0.033
-0.035
-0.036
-0.038
-0.039
-0.034
-0.022
-0.014
-0.008
-0.002
0.001
0.005
0.007
0.01
0.016
0.033
0.074
0.142
0.237
0.358
0.505
0.667
0.828
0.966
1.065
1.084
1.066
0.96
0.792
0.598
0.411
0.256
0.136
0.038
-0.032
-0.06
-0.071
-0.078
-0.085
-0.093
-0.103
-0.114
-0.127
-0.133
-0.132
-0.129
-0.128
-0.128
-0.127
-0.127
-0.127
-0.128
-0.127
-0.126
-0.124
-0.122
-0.119
-0.118
-0.117
-0.118
-0.118
-0.118
-0.117
-0.117
-0.115
-0.114
-0.113
-0.111
-0.108
-0.106
-0.103
-0.101
-0.099
-0.097
-0.095
-0.093
-0.091
-0.089
-0.088
-0.087
-0.085
-0.082
-0.078
-0.072
-0.068
-0.065
-0.063
-0.061
-0.058
-0.054
-0.051
-0.049
-0.049
-0.052
-0.056
-0.059
-0.062
-0.067
-0.071
-0.071
-0.062
-0.052
-0.047
-0.043
-0.04
-0.038
-0.036
-0.034
-0.031
-0.028
-0.025
-0.024
-0.022
-0.021
-0.019
-0.018
-0.017
-0.015
-0.014
-0.013
-0.011
-0.006
0.0
0.005
0.01
0.018
0.027
0.026
0.013
0.005
0.0
-0.005
-0.01
-0.013
-0.014
-0.016
-0.02
-0.024
-0.028
-0.028
-0.022
-0.016
-0.013
-0.01
-0.008
-0.007
-0.005
-0.003
-0.001
0.0
0.0
0.0
-0.001
-0.002
-0.004
-0.006
-0.008
-0.011
-0.014
-0.018
-0.021
-0.029
-0.034
-0.027
-0.016
-0.009
-0.003
0.0
0.004
0.007
0.007
0.006
0.004
0.002
-0.001
-0.005
-0.009
-0.012
-0.017
-0.021
-0.025
-0.026
-0.025
-0.021
-0.015
-0.008
0.002
0.018
0.025
0.027
0.028
0.03
0.032
0.033
0.034
0.035
0.036
0.037
0.038
0.039
0.039
0.038
0.037
0.036
0.036
0.037
0.037
0.037
0.036
0.036
0.036
0.036
0.036
0.036
0.035
0.035
0.036
0.037
0.039
0.04
0.041
0.041
0.041
0.042
0.042
0.043
0.043
0.043
0.046
0.049
0.054
0.056
0.057
0.056
0.054
0.053
0.052
0.051
0.05
0.049
0.047
0.045
0.044
0.043
0.042
0.042
0.043
0.043
0.044
0.044
0.043
0.043
0.042
0.04
0.039
0.037
0.035
0.033
0.032
0.031
0.031
0.031
0.031
0.03
0.029
0.028
0.027
0.026
0.025
0.023
0.021
0.019
0.019
0.019
0.018
0.017
0.016
0.015
0.015
0.015
0.015
0.014
0.013
0.012
0.012
0.011
0.012
0.011
0.01
0.007
0.006
0.006
0.01
0.015
0.02
0.023
0.026
0.029
0.032
0.035
0.037
0.038
0.037
0.037
0.036
0.035
0.034
0.032
0.027
0.024
0.029
0.039
0.046
0.053
0.059
0.062
0.062
0.057
0.049
0.041
0.032
0.022
0.012
0.003
-0.004
-0.01
-0.017
-0.025
-0.032
-0.037
-0.041
-0.043
-0.045
-0.048
-0.051
-0.05
-0.043
-0.034
-0.028
-0.021
-0.016
-0.012
-0.011
-0.013
-0.016
-0.02
-0.024
-0.028
-0.034
-0.039
-0.043
-0.043
-0.04
-0.034
-0.026
-0.011
0.015
0.062
0.122
0.204
0.308
0.431
0.573
0.723
0.872
0.996
1.043
1.03
0.919
0.72
0.486
0.268
0.105
0.02
-0.012
-0.028
-0.042
-0.062
-0.076
-0.085
-0.092
-0.098
-0.104
-0.11
-0.116
-0.121
-0.127
-0.134
-0.141
-0.147
-0.149
-0.147
-0.143
-0.139
-0.135
-0.132
-0.129
-0.126
-0.123
-0.12
-0.116
-0.112
-0.108
-0.104
-0.101
-0.098
-0.096
-0.094
-0.093
-0.091
-0.09
-0.089
-0.089
-0.089
-0.088
-0.088
-0.088
-0.087
-0.087
-0.086
-0.084
-0.082
-0.081
-0.079
-0.077
-0.074
-0.072
-0.07
-0.068
-0.067
-0.065
-0.063
-0.059
-0.055
-0.052
-0.049
-0.046
-0.044
-0.043
-0.043
-0.043
-0.045
-0.047
-0.049
-0.05
-0.052
-0.057
-0.06
-0.056
-0.048
-0.04
-0.031
-0.02
-0.007
0.003
0.015
0.022
0.019
0.013
0.009
0.004
0.0
-0.001
0.0
0.005
0.012
0.017
0.024
0.029
0.031
0.027
0.017
0.008
0.002
-0.003
-0.008
-0.014
-0.018
-0.021
-0.02
-0.018
-0.015
-0.012
-0.009
-0.006
-0.002
0.002
0.008
0.012
0.014
0.013
0.011
0.008
0.006
0.003
0.001
-0.002
-0.006
-0.008
-0.009
-0.007
-0.002
0.003
0.009
0.018
0.031
0.04
0.042
0.042
0.044
0.045
0.027
0.013
0.005
0.0
-0.005
-0.008
-0.007
-0.005
0.0
0.005
0.018
0.031
0.033
0.036
0.038
0.04
0.04
0.04
0.037
0.033
0.029
0.025
0.023
0.02
0.017
0.015
0.013
0.012
0.012
0.012
0.012
0.012
0.011
0.011
0.011
0.012
0.012
0.013
0.015
0.017
0.019
0.02
0.02
0.02
0.018
0.018
0.017
0.015
0.013
0.011
0.01
0.009
0.01
0.012
0.015
0.018
0.021
0.024
0.028
0.03
0.032
0.034
0.035
0.036
0.037
0.037
0.038
0.039
0.04
0.043
0.046
0.045
0.039
0.031
0.026
0.022
0.017
0.013
0.011
0.011
0.013
0.018
0.022
0.027
0.03
0.034
0.038
0.042
0.046
0.047
0.047
0.046
0.043
0.04
0.037
0.033
0.029
0.024
0.018
0.014
0.014
0.019
0.027
0.033
0.038
0.042
0.047
0.051
0.056
0.06
0.064
