-0.482
-0.58
-0.683
-0.786
-0.873
-0.9
-0.909
-0.913
-0.911
-0.907
-0.905
-0.904
-0.904
-0.903
-0.902
-0.901
-0.898
-0.896
-0.895
-0.894
-0.892
-0.891
-0.888
-0.885
-0.875
-0.854
-0.836
-0.822
-0.806
-0.785
-0.763
-0.733
-0.689
-0.621
-0.544
-0.478
-0.443
-0.432
-0.447
-0.493
-0.579
-0.693
-0.828
-0.967
-1.094
-1.19
-1.221
-1.231
-1.211
-1.15
-1.072
-0.984
-0.894
-0.81
-0.74
-0.684
-0.65
-0.613
-0.576
-0.557
-0.548
-0.542
-0.537
-0.532
-0.527
-0.522
-0.516
-0.509
-0.498
-0.479
-0.457
-0.438
-0.422
-0.406
-0.391
-0.383
-0.379
-0.375
-0.373
-0.37
-0.367
-0.364
-0.361
-0.358
-0.355
-0.352
-0.349
-0.346
-0.342
-0.336
-0.325
-0.304
-0.285
-0.265
-0.246
-0.227
-0.216
-0.208
-0.201
-0.196
-0.191
-0.187
-0.183
-0.179
-0.173
-0.163
-0.147
-0.133
-0.121
-0.111
-0.1
-0.085
-0.072
-0.059
-0.049
-0.043
-0.037
-0.032
-0.026
-0.022
-0.022
-0.028
-0.037
-0.053
-0.078
-0.103
-0.131
-0.156
-0.174
-0.19
-0.203
-0.215
-0.229
-0.246
-0.261
-0.274
-0.285
-0.292
-0.298
-0.312
-0.329
-0.338
-0.344
-0.347
-0.346
-0.339
-0.329
-0.319
-0.308
-0.295
-0.28
-0.268
-0.259
-0.252
-0.245
-0.239
-0.234
-0.228
-0.223
-0.218
-0.213
-0.207
-0.203
-0.199
-0.197
-0.195
-0.192
-0.19
-0.187
-0.184
-0.181
-0.177
-0.171
-0.165
-0.158
-0.151
-0.145
-0.139
-0.133
-0.127
-0.121
-0.116
-0.111
-0.106
-0.098
-0.086
-0.079
-0.073
-0.07
-0.067
-0.066
-0.064
-0.062
-0.059
-0.055
-0.051
-0.048
-0.043
-0.038
-0.032
-0.02
0.0
0.009
0.014
0.017
0.02
0.022
0.023
0.023
0.024
0.022
0.02
0.016
0.012
0.008
0.003
-0.001
-0.005
-0.009
-0.01
-0.011
-0.01
-0.006
-0.001
0.006
0.02
0.045
0.059
0.065
0.07
0.074
0.076
0.078
0.078
0.076
0.073
0.069
0.064
0.058
0.051
0.042
0.032
0.016
0.0
-0.013
-0.024
-0.034
-0.042
-0.047
-0.05
-0.052
-0.053
-0.054
-0.055
-0.056
-0.055
-0.055
-0.056
-0.057
-0.059
-0.06
-0.061
-0.061
-0.061
-0.061
-0.06
-0.058
-0.055
-0.05
-0.045
-0.039
-0.031
0.004
0.067
0.137
0.205
0.261
0.279
0.267
0.232
0.146
0.028
-0.112
-0.261
-0.401
-0.516
-0.585
-0.608
-0.596
-0.56
-0.483
-0.399
-0.315
-0.23
-0.147
-0.077
-0.026
0.001
0.029
0.057
0.071
0.078
0.084
0.088
0.092
0.097
0.102
0.107
0.112
0.116
0.118
0.12
0.121
0.122
0.123
0.124
0.125
0.127
0.128
0.129
0.13
0.13
0.131
0.132
0.132
0.133
0.134
0.135
0.136
0.138
0.141
0.145
0.15
0.159
0.181
0.197
0.208
0.216
0.222
0.231
0.24
0.25
0.264
0.283
0.299
0.314
0.326
0.339
0.352
0.36
0.367
0.372
0.376
0.379
0.38
0.379
0.376
0.372
0.367
0.36
0.35
0.331
0.314
0.296
0.279
0.259
0.242
0.227
0.212
0.198
0.176
0.149
0.124
0.097
0.068
0.038
0.024
0.018
0.013
0.01
0.007
0.004
0.0
-0.004
-0.009
-0.013
-0.017
-0.022
-0.029
-0.041
-0.047
-0.051
-0.053
-0.055
-0.057
-0.06
-0.062
-0.064
-0.065
-0.066
-0.065
-0.064
-0.062
-0.06
-0.057
-0.053
-0.05
-0.048
-0.047
-0.046
-0.046
-0.047
-0.046
-0.046
-0.046
-0.046
-0.047
-0.046
-0.046
-0.045
-0.044
-0.043
-0.042
-0.041
-0.041
-0.04
-0.038
-0.037
-0.036
-0.035
-0.034
-0.033
-0.033
-0.032
-0.032
-0.031
-0.03
-0.029
-0.029
-0.028
-0.028
-0.027
-0.026
-0.025
-0.024
-0.023
-0.022
-0.021
-0.02
-0.018
-0.015
-0.012
-0.008
-0.003
0.001
0.006
0.01
0.015
0.02
0.024
0.027
0.028
0.029
0.029
0.03
0.031
0.032
0.033
0.035
0.038
0.04
0.042
0.043
0.041
0.037
0.03
0.022
0.01
-0.007
-0.022
-0.032
-0.038
-0.042
-0.045
-0.049
-0.052
-0.054
-0.056
-0.057
-0.059
-0.062
-0.064
-0.066
-0.068
-0.068
-0.065
-0.06
-0.054
-0.047
-0.034
-0.035
-0.053
-0.065
-0.075
-0.083
-0.088
-0.088
-0.085
-0.081
-0.074
-0.05
0.001
0.065
0.131
0.189
0.231
0.245
0.233
0.196
0.085
-0.083
-0.289
-0.496
-0.661
-0.745
-0.754
-0.714
-0.62
-0.523
-0.438
-0.37
-0.304
-0.228
-0.146
-0.08
-0.036
-0.021
-0.007
0.004
0.014
0.022
0.031
0.043
0.054
0.06
0.064
0.068
0.072
0.076
0.08
0.084
0.087
0.089
0.092
0.095
0.099
0.102
0.106
0.111
0.117
0.125
0.133
0.141
0.149
0.158
0.167
0.177
0.184
0.189
0.192
0.193
0.193
0.194
0.196
0.198
0.2
0.201
0.203
0.206
0.208
0.209
0.211
0.214
0.217
0.223
0.238
0.256
0.271
0.284
0.297
0.311
0.323
0.334
0.342
0.347
0.35
0.351
0.353
0.356
0.36
0.347
0.327
0.303
0.28
0.256
0.231
0.204
0.174
0.145
0.123
0.106
0.09
0.077
0.066
0.054
0.041
0.026
0.008
-0.008
-0.02
-0.03
-0.039
-0.051
-0.062
-0.072
-0.081
-0.088
-0.094
-0.098
-0.102
-0.105
-0.107
-0.108
-0.109
-0.11
-0.111
-0.112
-0.113
-0.115
-0.118
-0.12
-0.122
-0.123
-0.125
-0.128
-0.132
-0.137
-0.148
-0.169
-0.184
-0.198
-0.213
-0.238
-0.252
-0.262
-0.27
-0.276
-0.281
-0.283
-0.283
-0.28
-0.276
-0.271
-0.264
-0.257
-0.246
-0.226
-0.211
-0.203
-0.2
-0.197
-0.195
-0.193
-0.191
-0.189
-0.186
-0.182
-0.179
-0.175
-0.172
-0.17
-0.168
-0.165
-0.163
-0.161
-0.16
-0.159
-0.159
-0.157
-0.155
-0.151
-0.148
-0.145
-0.142
-0.14
-0.137
-0.135
-0.132
-0.13
-0.127
-0.124
-0.119
-0.11
-0.099
-0.086
-0.072
-0.062
-0.052
-0.042
-0.035
-0.033
-0.032
-0.032
-0.032
-0.033
-0.033
-0.034
-0.034
-0.036
-0.043
-0.052
-0.06
-0.067
-0.075
-0.083
-0.087
-0.088
-0.088
-0.086
-0.085
-0.084
-0.084
-0.083
-0.084
-0.084
-0.084
-0.083
-0.083
-0.082
-0.081
-0.079
-0.077
-0.074
-0.07
-0.067
-0.062
-0.057
-0.05
-0.035
-0.016
0.009
0.04
0.091
0.158
0.234
0.31
0.35
0.364
0.334
0.243
0.074
-0.143
-0.378
-0.584
-0.712
-0.734
-0.714
-0.621
-0.516
-0.417
-0.331
-0.252
-0.169
-0.098
-0.046
0.001
0.031
0.046
0.053
0.057
0.061
0.065
0.069
0.074
0.079
0.084
0.089
0.095
0.099
0.103
0.107
0.111
0.115
0.12
0.125
0.13
0.134
0.138
0.14
0.143
0.146
0.15
0.155
0.163
0.181
0.202
0.211
0.216
0.221
0.225
0.228
0.23
0.233
0.235
0.238
0.24
0.242
0.243
0.244
0.245
0.247
0.248
0.25
0.253
0.257
0.267
0.278
0.291
0.309
0.337
0.354
0.363
0.369
0.373
0.376
0.378
0.38
0.383
0.386
0.389
0.388
0.381
0.369
0.35
0.32
0.29
0.257
0.219
0.18
0.147
0.122
0.103
0.085
0.067
0.045
0.026
0.01
-0.003
-0.017
-0.024
-0.028
-0.032
-0.036
-0.04
-0.043
-0.047
-0.051
-0.055
-0.059
-0.063
-0.066
-0.068
-0.069
-0.07
-0.07
-0.07
-0.07
-0.069
-0.069
-0.07
-0.071
-0.072
-0.073
-0.075
-0.077
-0.078
-0.078
-0.078
-0.078
-0.077
-0.076
-0.075
-0.074
-0.074
-0.074
-0.075
-0.076
-0.078
-0.081
-0.083
-0.085
-0.086
-0.087
-0.087
-0.088
-0.088
-0.088
-0.088
-0.087
-0.087
-0.09
-0.093
-0.086
-0.072
-0.063
-0.055
-0.047
-0.042
-0.04
-0.043
-0.047
-0.051
-0.055
-0.058
-0.061
-0.065
-0.069
-0.072
-0.075
-0.076
-0.077
-0.078
-0.078
-0.077
-0.074
-0.069
-0.064
-0.058
-0.053
-0.049
-0.045
-0.041
-0.037
-0.032
-0.027
-0.022
-0.017
-0.012
-0.008
-0.004
0.0
0.001
0.002
0.001
0.0
-0.002
-0.005
-0.008
-0.012
-0.016
-0.022
-0.028
-0.033
-0.039
-0.044
-0.056
-0.07
-0.077
-0.08
-0.082
-0.083
-0.083
-0.085
-0.086
-0.089
-0.09
-0.09
-0.088
-0.086
-0.083
-0.082
-0.08
-0.077
-0.075
-0.072
-0.069
-0.067
-0.064
-0.062
-0.06
-0.058
-0.054
-0.048
-0.023
0.033
0.1
0.167
0.231
0.252
0.262
0.248
0.158
0.007
-0.183
-0.39
-0.577
-0.718
-0.772
-0.769
-0.701
-0.586
-0.459
-0.339
-0.244
-0.17
-0.127
-0.091
-0.065
-0.042
-0.017
0.005
0.022
0.029
0.033
0.035
0.037
0.038
0.039
0.04
0.041
0.043
0.046
0.049
0.052
0.054
0.056
0.059
0.062
0.067
0.071
0.076
0.082
0.088
0.095
0.102
0.108
0.113
0.116
0.118
0.12
0.122
0.125
0.128
0.13
0.131
0.133
0.136
0.139
0.144
0.15
0.158
0.167
0.179
0.198
0.215
0.229
0.242
0.254
0.265
0.275
0.283
0.289
0.294
0.298
0.302
0.304
0.305
0.306
0.305
0.303
0.299
0.293
0.286
0.277
0.264
0.24
0.221
0.197
0.166
0.135
0.102
0.078
0.062
0.049
0.038
0.023
-0.003
-0.028
-0.046
-0.064
-0.075
-0.083
-0.09
-0.095
-0.097
-0.097
-0.097
-0.098
-0.098
-0.098
-0.098
-0.097
-0.096
-0.095
-0.096
-0.096
-0.096
-0.096
-0.098
-0.1
-0.104
-0.108
-0.111
-0.114
-0.117
-0.118
-0.121
-0.125
-0.128
-0.13
-0.128
-0.124
-0.119
-0.114
-0.11
-0.109
-0.107
-0.105
-0.103
-0.102
-0.101
-0.1
-0.1
-0.1
-0.1
-0.1
-0.1
-0.101
-0.102
-0.103
-0.104
-0.104
-0.105
-0.106
-0.107
-0.107
-0.107
-0.107
-0.106
-0.106
-0.105
-0.104
-0.103
-0.101
-0.099
-0.098
-0.097
-0.097
-0.096
-0.095
-0.093
-0.092
-0.09
-0.089
-0.088
-0.085
-0.081
-0.078
-0.075
-0.071
-0.067
-0.062
-0.057
-0.052
-0.048
-0.044
-0.04
-0.036
-0.032
-0.027
-0.022
-0.019
-0.017
-0.016
-0.015
-0.013
-0.012
-0.011
-0.011
-0.01
-0.007
-0.004
-0.001
0.0
-0.002
-0.008
-0.017
-0.026
-0.033
-0.041
-0.049
-0.058
-0.066
-0.073
-0.079
-0.083
-0.088
-0.092
-0.096
-0.099
-0.101
-0.102
-0.101
-0.1
-0.098
-0.095
-0.091
-0.087
-0.083
-0.079
-0.075
-0.071
-0.066
-0.061
-0.057
-0.053
-0.046
-0.035
0.007
0.065
0.14
0.222
0.299
0.347
0.349
0.308
0.183
-0.005
-0.231
-0.456
-0.639
-0.725
-0.753
-0.727
-0.651
-0.553
-0.456
-0.365
-0.281
-0.206
-0.134
-0.065
-0.014
0.0
0.009
0.016
0.024
0.031
0.038
0.044
0.051
0.057
0.063
0.07
0.076
0.081
0.085
0.088
0.09
0.092
0.095
0.097
0.099
0.101
0.103
0.105
0.108
0.111
0.114
0.117
0.119
0.122
0.124
0.126
0.129
0.132
0.136
0.141
0.147
0.153
0.159
0.165
0.17
0.175
0.18
0.186
0.193
0.204
0.216
0.225
0.233
0.241
0.248
0.255
0.264
0.274
0.285
0.297
0.311
0.322
0.327
0.331
0.335
0.34
0.344
0.343
0.332
0.316
0.297
0.271
0.251
0.232
0.211
0.189
0.16
0.126
0.1
0.081
0.068
0.052
0.03
0.006
-0.02
-0.035
-0.042
-0.046
-0.049
-0.052
-0.056
-0.06
-0.063
-0.065
-0.067
-0.069
-0.071
-0.075
-0.083
-0.095
-0.096
-0.095
-0.096
-0.096
-0.096
-0.096
-0.096
-0.093
-0.09
-0.086
-0.083
-0.08
-0.077
-0.073
-0.07
-0.068
-0.069
-0.072
-0.076
-0.081
-0.084
-0.086
-0.087
-0.09
-0.093
-0.095
-0.097
-0.099
-0.1
-0.101
-0.102
-0.102
-0.102
-0.101
-0.1
-0.098
-0.098
-0.097
-0.097
-0.097
-0.097
-0.097
-0.096
-0.096
-0.096
-0.095
-0.094
-0.092
-0.09
-0.089
-0.089
-0.089
-0.089
-0.088
-0.087
-0.087
-0.087
-0.087
-0.087
-0.087
-0.086
-0.085
-0.085
-0.084
-0.085
-0.085
-0.084
-0.083
-0.082
-0.081
-0.08
-0.079
-0.077
-0.075
-0.072
-0.069
-0.065
-0.062
-0.058
-0.054
-0.05
-0.046
-0.041
-0.036
-0.031
-0.026
-0.023
-0.02
-0.019
-0.018
-0.017
-0.016
-0.016
-0.015
-0.015
-0.014
-0.012
-0.01
-0.01
-0.014
-0.024
-0.036
-0.052
-0.073
-0.091
-0.101
-0.109
-0.116
-0.12
-0.122
-0.121
-0.118
-0.114
-0.11
-0.108
-0.106
-0.104
-0.101
-0.098
-0.095
-0.092
-0.089
-0.087
-0.085
-0.082
-0.08
-0.077
-0.072
-0.046
-0.001
0.058
0.127
0.199
0.261
0.3
0.301
0.265
0.15
-0.026
-0.245
-0.467
-0.651
-0.754
-0.768
-0.743
-0.658
-0.56
-0.466
-0.388
-0.316
-0.243
-0.176
-0.112
-0.05
-0.019
-0.007
-0.002
0.0
0.002
0.004
0.006
0.009
0.012
0.017
0.021
0.025
0.028
0.032
0.037
0.044
0.054
0.074
0.085
0.09
0.092
0.094
0.095
0.097
0.098
0.1
0.101
0.103
0.104
0.106
0.108
0.109
0.11
0.111
0.114
0.117
0.12
0.124
0.129
0.136
0.144
0.152
0.16
0.168
0.177
0.188
0.201
0.214
0.223
0.231
0.242
0.255
0.271
0.281
0.289
0.295
0.3
0.303
0.305
0.307
0.31
0.315
0.318
0.312
0.301
0.29
0.279
0.266
0.252
0.228
0.198
0.169
0.142
0.118
0.09
0.058
0.026
-0.001
-0.022
-0.037
-0.051
-0.066
-0.081
-0.088
-0.091
-0.094
-0.097
-0.098
-0.099
-0.1
-0.1
-0.102
-0.104
-0.107
-0.109
-0.109
-0.109
-0.109
-0.109
-0.109
-0.109
-0.109
-0.109
-0.109
-0.113
-0.117
-0.12
-0.119
-0.115
-0.112
-0.111
-0.111
-0.11
-0.11
-0.109
-0.108
-0.106
-0.105
-0.103
-0.102
-0.101
-0.101
-0.101
-0.102
-0.102
-0.102
-0.102
-0.102
-0.103
-0.102
-0.101
-0.099
-0.096
-0.094
-0.092
-0.091
-0.091
-0.09
-0.089
-0.088
-0.088
-0.088
-0.088
-0.089
-0.089
-0.088
-0.087
-0.087
-0.087
-0.087
-0.088
-0.088
-0.089
-0.09
-0.092
-0.093
-0.096
-0.099
-0.101
-0.102
-0.101
-0.098
-0.095
-0.092
-0.089
-0.087
-0.085
-0.082
-0.08
-0.077
-0.074
-0.071
-0.069
-0.067
-0.065
-0.061
-0.056
-0.048
-0.033
-0.019
-0.011
-0.005
0.0
0.004
0.007
0.008
0.007
0.004
0.0
-0.003
-0.008
-0.012
-0.018
-0.025
-0.033
-0.044
-0.055
-0.063
-0.071
-0.079
-0.085
-0.09
-0.093
-0.094
-0.095
-0.096
-0.096
-0.098
-0.099
-0.101
-0.102
-0.102
-0.101
-0.097
-0.091
-0.086
-0.081
-0.078
-0.074
-0.069
-0.064
-0.059
-0.055
-0.051
-0.044
-0.033
0.008
0.067
0.135
0.201
0.255
0.273
0.262
0.225
0.108
-0.063
-0.265
-0.465
-0.629
-0.715
-0.743
-0.722
-0.656
-0.551
-0.437
-0.333
-0.252
-0.188
-0.131
-0.079
-0.047
-0.02
0.0
0.017
0.026
0.032
0.036
0.04
0.044
0.049
0.054
0.059
0.065
0.071
0.078
0.085
0.092
0.099
0.104
0.109
0.114
0.118
0.121
0.123
0.125
0.127
0.128
0.13
0.131
0.131
0.132
0.133
0.134
0.136
0.137
0.138
0.139
0.14
0.142
0.143
0.145
0.147
0.15
0.154
0.163
0.188
0.206
0.215
0.222
0.229
0.235
0.241
0.246
0.252
0.258
0.264
0.27
0.276
0.282
0.288
0.294
0.296
0.294
0.287
0.279
0.268
0.252
0.232
0.215
0.2
0.187
0.177
0.161
0.138
0.113
0.089
0.066
0.041
0.016
-0.014
-0.038
-0.051
-0.062
-0.074
-0.083
-0.089
-0.093
-0.098
-0.101
-0.104
-0.105
-0.105
-0.103
-0.101
-0.098
-0.096
-0.094
-0.093
-0.091
-0.089
-0.087
-0.086
-0.086
-0.085
-0.084
-0.083
-0.082
-0.082
-0.082
-0.083
-0.084
-0.084
-0.084
-0.083
-0.083
-0.083
-0.084
-0.083
-0.083
-0.082
-0.081
-0.08
-0.079
-0.079
-0.077
-0.076
-0.074
-0.073
-0.072
-0.071
-0.07
-0.069
-0.068
-0.065
-0.064
-0.063
-0.063
-0.064
-0.065
-0.067
-0.069
-0.072
-0.075
-0.077
-0.08
-0.082
-0.084
-0.086
-0.089
-0.091
-0.093
-0.094
-0.094
-0.094
-0.093
-0.092
-0.09
-0.089
-0.087
-0.085
-0.084
-0.083
-0.082
-0.08
-0.078
-0.077
-0.076
-0.075
-0.073
-0.071
-0.069
-0.065
-0.061
-0.056
-0.052
-0.047
-0.043
-0.038
-0.035
-0.031
-0.028
-0.025
-0.021
-0.018
-0.014
-0.011
-0.008
-0.006
-0.005
-0.004
-0.005
-0.006
-0.007
-0.009
-0.012
-0.016
-0.02
-0.024
-0.028
-0.033
-0.038
-0.046
-0.054
-0.062
-0.069
-0.076
-0.082
-0.086
-0.09
-0.094
-0.099
-0.102
-0.106
-0.107
-0.108
-0.109
-0.109
-0.109
-0.108
-0.106
-0.104
-0.099
-0.094
-0.088
-0.082
-0.067
-0.036
0.014
0.08
0.154
0.232
0.301
0.324
0.312
0.276
0.156
-0.029
-0.261
-0.498
-0.69
-0.795
-0.807
-0.764
-0.649
-0.524
-0.405
-0.299
-0.211
-0.143
-0.095
-0.075
-0.057
-0.042
-0.029
-0.017
-0.007
0.004
0.018
0.034
0.042
0.046
0.049
0.052
0.055
0.057
0.059
0.061
0.064
0.066
0.069
0.073
0.076
0.08
0.083
0.087
0.093
0.1
0.105
0.109
0.111
0.114
0.116
0.119
0.122
0.124
0.125
0.127
0.129
0.132
0.134
0.137
0.14
0.143
0.148
0.158
0.184
0.206
0.22
0.232
0.243
0.251
0.258
0.264
0.27
0.277
0.284
0.29
0.296
0.301
0.307
0.313
0.318
0.321
0.321
0.319
0.313
0.305
0.295
0.274
0.244
0.22
0.197
0.175
0.149
0.122
0.092
0.065
0.045
0.03
0.011
-0.014
-0.038
-0.055
-0.067
-0.075
-0.081
-0.085
-0.092
-0.099
-0.105
-0.111
-0.116
-0.122
-0.127
-0.128
-0.126
-0.121
-0.115
-0.11
-0.108
-0.106
-0.104
-0.102
-0.099
-0.097
-0.096
-0.095
-0.094
-0.094
-0.093
-0.093
-0.093
-0.094
-0.095
-0.095
-0.096
-0.096
-0.097
-0.097
-0.098
-0.098
-0.098
-0.098
-0.098
-0.098
-0.098
-0.097
-0.096
-0.095
-0.093
-0.092
-0.092
-0.092
-0.093
-0.094
-0.094
-0.094
-0.093
-0.092
-0.091
-0.091
-0.091
-0.091
-0.09
-0.09
-0.091
-0.093
-0.095
-0.096
-0.097
-0.096
-0.093
-0.089
-0.086
-0.085
-0.083
-0.081
-0.079
-0.078
-0.077
-0.077
-0.077
-0.076
-0.075
-0.074
-0.072
-0.071
-0.07
-0.069
-0.067
-0.065
-0.062
-0.058
-0.056
-0.053
-0.049
-0.04
-0.031
-0.025
-0.02
-0.016
-0.014
-0.012
-0.01
-0.008
-0.006
-0.005
-0.003
-0.003
-0.003
-0.003
-0.003
-0.004
-0.006
-0.008
-0.011
-0.014
-0.018
-0.022
-0.026
-0.031
-0.036
-0.044
-0.052
-0.059
-0.064
-0.068
-0.071
-0.074
-0.076
-0.079
-0.082
-0.084
-0.086
-0.088
-0.089
-0.089
-0.09
-0.09
-0.089
-0.088
-0.086
-0.085
-0.082
-0.079
-0.076
-0.072
-0.051
-0.014
0.034
0.091
0.153
0.215
0.275
0.295
0.312
0.263
0.154
-0.014
-0.224
-0.441
-0.625
-0.749
-0.777
-0.766
-0.678
-0.558
-0.434
-0.329
-0.243
-0.176
-0.12
-0.074
-0.047
-0.02
0.011
0.026
0.032
0.037
0.04
0.043
0.046
0.049
0.053
0.058
0.063
0.067
0.07
0.073
0.075
0.076
0.079
0.082
0.086
0.09
0.094
0.099
0.103
0.107
0.111
0.113
0.115
0.117
0.119
0.122
0.127
0.139
0.151
0.157
0.16
0.163
0.165
0.168
0.17
0.174
0.178
0.181
0.184
0.188
0.193
0.2
0.211
0.231
0.248
0.262
0.274
0.283
0.29
0.301
0.318
0.328
0.334
0.338
0.34
0.34
0.337
0.331
0.323
0.309
0.282
0.251
0.221
0.198
0.18
0.162
0.14
0.112
0.082
0.058
0.042
0.029
0.015
0.0
-0.013
-0.026
-0.038
-0.048
-0.058
-0.068
-0.077
-0.085
-0.093
-0.102
-0.109
-0.114
-0.119
-0.123
-0.126
-0.129
-0.13
-0.13
-0.127
-0.123
-0.118
-0.115
-0.111
-0.107
-0.102
-0.096
-0.09
-0.084
-0.079
-0.075
-0.07
-0.065
-0.061
-0.059
-0.062
-0.069
-0.078
-0.085
-0.09
-0.095
-0.1
-0.104
-0.109
-0.112
-0.113
-0.112
-0.111
-0.108
-0.105
-0.102
-0.099
-0.096
-0.09
-0.085
-0.081
-0.079
-0.079
-0.081
-0.083
-0.086
-0.087
-0.089
-0.091
-0.093
-0.095
-0.097
-0.097
-0.097
-0.096
-0.094
-0.092
-0.089
-0.086
-0.084
-0.082
-0.079
-0.077
-0.075
-0.074
-0.073
-0.073
-0.074
-0.074
-0.075
-0.076
-0.077
-0.08
-0.082
-0.083
-0.084
-0.087
-0.09
-0.093
-0.095
-0.095
-0.092
-0.087
-0.082
-0.076
-0.07
-0.063
-0.055
-0.046
-0.038
-0.03
-0.023
-0.015
-0.008
-0.003
0.0
0.0
0.001
0.003
0.006
-0.004
-0.013
-0.019
-0.025
-0.032
-0.039
-0.047
-0.059
-0.074
-0.086
-0.091
-0.094
-0.096
-0.099
-0.101
-0.102
-0.104
-0.105
-0.106
-0.105
-0.105
-0.104
-0.103
-0.101
-0.099
-0.097
-0.094
-0.091
-0.089
-0.087
-0.084
-0.081
-0.078
-0.075
-0.072
-0.066
-0.056
-0.021
0.042
0.121
0.202
0.271
0.303
0.299
0.247
0.112
-0.084
-0.316
-0.533
-0.692
-0.769
-0.775
-0.731
-0.633
-0.517
-0.399
-0.298
-0.215
-0.142
-0.09
-0.068
-0.051
-0.032
-0.011
0.016
0.033
0.039
0.045
0.049
0.052
0.054
0.056
0.057
0.059
0.06
0.061
0.062
0.063
0.064
0.064
0.065
0.066
0.068
0.07
0.073
0.076
0.082
0.088
0.095
0.103
0.113
0.122
0.13
0.137
0.142
0.145
0.148
0.151
0.153
0.156
0.159
0.161
0.163
0.165
0.167
0.17
0.174
0.18
0.188
0.196
0.206
0.219
0.236
0.252
0.264
0.273
0.279
0.283
0.286
0.288
0.291
0.293
0.296
0.297
0.298
0.297
0.292
0.284
0.274
0.254
0.225
0.189
0.151
0.127
0.101
0.07
0.042
0.025
0.011
0.0
-0.009
-0.017
-0.026
-0.036
-0.047
-0.059
-0.074
-0.084
-0.091
-0.092
-0.093
-0.093
-0.094
-0.094
-0.094
-0.094
-0.094
-0.094
-0.094
-0.094
-0.095
-0.095
-0.094
-0.093
-0.093
-0.092
-0.091
-0.09
-0.09
-0.09
-0.089
-0.089
-0.089
-0.088
-0.088
-0.088
-0.089
-0.089
-0.09
-0.09
-0.091
-0.091
-0.092
-0.093
-0.094
-0.094
-0.095
-0.095
-0.095
-0.095
-0.096
-0.096
-0.095
-0.094
-0.094
-0.094
-0.095
-0.096
-0.097
-0.098
-0.098
-0.099
-0.099
-0.098
-0.098
-0.097
-0.096
-0.095
-0.094
-0.094
-0.094
-0.095
-0.095
-0.095
-0.095
-0.095
-0.096
-0.096
-0.096
-0.096
-0.095
-0.094
-0.093
-0.093
-0.092
-0.092
-0.087
-0.07
-0.063
-0.059
-0.056
-0.053
-0.05
-0.048
-0.046
-0.044
-0.042
-0.04
-0.039
-0.037
-0.036
-0.034
-0.033
-0.031
-0.029
-0.028
-0.027
-0.026
-0.025
-0.024
-0.022
-0.02
-0.018
-0.016
-0.014
-0.011
-0.01
-0.008
-0.009
-0.012
-0.018
-0.025
-0.032
-0.038
-0.043
-0.047
-0.052
-0.056
-0.061
-0.065
-0.069
-0.072
-0.075
-0.078
-0.08
-0.083
-0.085
-0.088
-0.09
-0.092
-0.094
-0.097
-0.102
-0.105
-0.107
-0.106
-0.104
-0.099
-0.094
-0.086
-0.071
-0.041
0.013
0.075
0.147
0.216
0.254
0.266
0.235
0.144
-0.009
-0.193
-0.389
-0.564
-0.685
-0.721
-0.717
-0.662
-0.576
-0.47
-0.364
-0.262
-0.176
-0.118
-0.089
-0.07
-0.055
-0.033
-0.004
0.027
0.04
0.045
0.048
0.051
0.053
0.055
0.057
0.06
0.063
0.066
0.068
0.07
0.073
0.076
0.079
0.083
0.088
0.093
0.1
0.108
0.115
0.121
0.124
0.127
0.129
0.131
0.131
0.132
0.133
0.134
0.135
0.137
0.139
0.141
0.144
0.146
0.148
0.152
0.156
0.16
0.165
0.173
0.188
0.2
0.208
0.221
0.247
0.264
0.273
0.281
0.286
0.29
0.291
0.29
0.288
0.285
0.282
0.278
0.274
0.27
0.263
0.256
0.248
0.238
0.219
0.189
0.16
0.131
0.101
0.074
0.056
0.046
0.038
0.03
0.022
0.015
0.007
-0.003
-0.015
-0.035
-0.061
-0.076
-0.085
-0.092
-0.096
-0.093
-0.086
-0.078
-0.069
-0.058
-0.052
-0.06
-0.073
-0.08
-0.086
-0.091
-0.096
-0.099
-0.1
-0.096
-0.091
-0.085
-0.081
-0.077
-0.074
-0.071
-0.067
-0.063
-0.062
-0.062
-0.064
-0.067
-0.069
-0.071
-0.073
-0.074
-0.075
-0.077
-0.079
-0.08
-0.081
-0.082
-0.084
-0.087
-0.089
-0.091
-0.092
-0.091
-0.091
-0.089
-0.089
-0.088
-0.087
-0.087
-0.086
-0.087
-0.088
-0.09
-0.092
-0.092
-0.091
-0.09
-0.088
-0.087
-0.086
-0.085
-0.084
-0.082
-0.082
-0.082
-0.082
-0.083
-0.083
-0.084
-0.084
-0.084
-0.085
-0.085
-0.085
-0.084
-0.083
-0.083
-0.083
-0.082
-0.081
-0.08
-0.078
-0.077
-0.076
-0.074
-0.072
-0.069
-0.066
-0.062
-0.059
-0.055
-0.047
-0.038
-0.032
-0.027
-0.022
-0.019
-0.016
-0.013
-0.01
-0.007
-0.005
-0.004
-0.002
-0.001
0.0
0.001
0.004
0.006
0.005
-0.001
-0.01
-0.025
-0.049
-0.071
-0.084
-0.086
-0.087
-0.088
-0.089
-0.09
-0.09
-0.09
-0.089
-0.089
-0.089
-0.089
-0.089
-0.089
-0.087
-0.085
-0.084
-0.082
-0.08
-0.079
-0.077
