-0.008
-0.008
-0.009
-0.009
-0.01
-0.01
-0.011
-0.012
-0.013
-0.014
-0.017
-0.02
-0.024
-0.032
-0.051
-0.066
-0.076
-0.076
-0.07
-0.054
-0.004
0.077
0.196
0.353
0.54
0.746
0.953
1.13
1.238
1.248
1.185
0.986
0.71
0.414
0.16
-0.012
-0.081
-0.104
-0.094
-0.086
-0.083
-0.081
-0.078
-0.075
-0.072
-0.068
-0.065
-0.061
-0.057
-0.053
-0.05
-0.047
-0.044
-0.042
-0.04
-0.037
-0.034
-0.031
-0.028
-0.025
-0.022
-0.02
-0.017
-0.014
-0.011
-0.008
-0.004
0.0
0.003
0.006
0.01
0.013
0.016
0.019
0.021
0.023
0.025
0.027
0.029
0.034
0.042
0.051
0.063
0.081
0.098
0.11
0.119
0.128
0.137
0.148
0.162
0.18
0.189
0.194
0.198
0.2
0.202
0.202
0.2
0.197
0.193
0.188
0.177
0.16
0.146
0.13
0.115
0.097
0.078
0.057
0.04
0.027
0.016
0.002
-0.014
-0.028
-0.039
-0.053
-0.059
-0.062
-0.065
-0.068
-0.07
-0.072
-0.074
-0.075
-0.076
-0.077
-0.077
-0.076
-0.076
-0.075
-0.073
-0.071
-0.069
-0.067
-0.065
-0.063
-0.062
-0.061
-0.059
-0.058
-0.056
-0.055
-0.054
-0.053
-0.051
-0.05
-0.048
-0.047
-0.045
-0.044
-0.042
-0.041
-0.039
-0.038
-0.037
-0.036
-0.035
-0.035
-0.034
-0.034
-0.034
-0.034
-0.034
-0.033
-0.033
-0.032
-0.032
-0.031
-0.031
-0.03
-0.029
-0.029
-0.028
-0.028
-0.028
-0.027
-0.027
-0.027
-0.026
-0.026
-0.025
-0.024
-0.023
-0.021
-0.019
-0.016
-0.014
-0.013
-0.013
-0.014
-0.017
-0.021
-0.025
-0.031
-0.04
-0.049
-0.057
-0.065
-0.075
-0.075
-0.066
-0.045
0.004
0.086
0.207
0.368
0.562
0.774
0.981
1.159
1.255
1.256
1.16
0.931
0.635
0.336
0.092
-0.062
-0.123
-0.144
-0.132
-0.118
-0.105
-0.092
-0.08
-0.07
-0.064
-0.06
-0.057
-0.056
-0.054
-0.053
-0.051
-0.05
-0.049
-0.048
-0.046
-0.045
-0.044
-0.044
-0.043
-0.043
-0.042
-0.04
-0.038
-0.037
-0.035
-0.033
-0.03
-0.027
-0.024
-0.021
-0.018
-0.015
-0.01
-0.003
0.008
0.02
0.029
0.035
0.04
0.045
0.049
0.054
0.06
0.07
0.08
0.094
0.111
0.129
0.145
0.159
0.177
0.193
0.203
0.208
0.21
0.213
0.215
0.216
0.213
0.203
0.19
0.17
0.15
0.13
0.112
0.092
0.07
0.047
0.027
0.013
0.0
-0.014
-0.027
-0.04
-0.05
-0.058
-0.064
-0.069
-0.072
-0.074
-0.076
-0.077
-0.078
-0.08
-0.081
-0.082
-0.082
-0.082
-0.082
-0.082
-0.08
-0.079
-0.076
-0.074
-0.071
-0.069
-0.067
-0.066
-0.064
-0.063
-0.062
-0.061
-0.06
-0.059
-0.058
-0.056
-0.055
-0.053
-0.052
-0.051
-0.049
-0.048
-0.047
-0.046
-0.045
-0.045
-0.044
-0.044
-0.043
-0.042
-0.042
-0.042
-0.042
-0.041
-0.04
-0.039
-0.039
-0.039
-0.039
-0.039
-0.038
-0.037
-0.036
-0.036
-0.036
-0.036
-0.035
-0.036
-0.036
-0.036
-0.036
-0.036
-0.035
-0.035
-0.034
-0.033
-0.033
-0.032
-0.032
-0.031
-0.031
-0.03
-0.03
-0.03
-0.03
-0.03
-0.03
-0.03
-0.03
-0.03
-0.029
-0.029
-0.029
-0.028
-0.028
-0.027
-0.027
-0.027
-0.027
-0.026
-0.026
-0.025
-0.025
-0.025
-0.025
-0.025
-0.024
-0.024
-0.023
-0.023
-0.023
-0.022
-0.021
-0.02
-0.018
-0.018
-0.017
-0.016
-0.015
-0.014
-0.013
-0.012
-0.012
-0.011
-0.011
-0.01
-0.01
-0.009
-0.009
-0.009
-0.009
-0.009
-0.008
-0.008
-0.008
-0.008
-0.008
-0.008
-0.008
-0.008
-0.007
-0.007
-0.007
-0.008
-0.008
-0.007
-0.007
-0.007
-0.006
-0.006
-0.006
-0.005
-0.005
-0.004
-0.003
-0.003
-0.003
-0.003
-0.003
-0.002
-0.002
-0.001
-0.001
-0.001
-0.001
0.0
0.0
0.0
0.0
0.0
0.0
0.0
0.0
0.0
0.0
0.0
0.0
0.0
0.002
0.003
0.005
0.007
0.01
0.012
0.014
0.015
0.016
0.017
0.018
0.018
0.019
0.02
0.021
0.022
0.023
0.024
0.024
0.024
0.024
0.025
0.025
0.025
0.026
0.025
0.025
0.025
0.025
0.026
0.027
0.027
0.027
0.028
0.028
0.029
0.03
0.031
0.032
0.033
0.034
0.036
0.038
0.043
0.047
0.048
0.048
0.049
0.049
0.05
0.051
0.052
0.052
0.053
0.053
0.053
0.053
0.052
0.051
0.049
0.046
0.044
0.041
0.038
0.036
0.034
0.03
0.025
0.021
0.019
0.017
0.015
0.012
0.01
0.008
0.006
0.003
0.0
-0.006
-0.018
-0.033
-0.042
-0.048
-0.047
-0.032
0.005
0.081
0.196
0.349
0.534
0.743
0.955
1.148
1.287
1.336
1.268
1.082
0.811
0.515
0.247
0.046
-0.069
-0.096
-0.106
-0.095
-0.087
-0.082
-0.079
-0.076
-0.074
-0.071
-0.069
-0.067
-0.065
-0.062
-0.059
-0.057
-0.054
-0.052
-0.05
-0.049
-0.048
-0.047
-0.046
-0.044
-0.04
-0.036
-0.032
-0.029
-0.027
-0.025
-0.023
-0.021
-0.019
-0.018
-0.016
-0.015
-0.013
-0.01
-0.005
0.006
0.019
0.033
0.042
0.046
0.05
0.053
0.056
0.059
0.063
0.068
0.077
0.088
0.098
0.109
0.117
0.127
0.141
0.152
0.158
0.163
0.166
0.168
0.17
0.172
0.174
0.174
0.171
0.166
0.158
0.144
0.13
0.113
0.092
0.073
0.055
0.038
0.023
0.006
-0.011
-0.03
-0.04
-0.044
-0.048
-0.05
-0.052
-0.054
-0.056
-0.058
-0.059
-0.061
-0.062
-0.064
-0.065
-0.066
-0.068
-0.069
-0.07
-0.072
-0.073
-0.073
-0.074
-0.074
-0.073
-0.073
-0.071
-0.069
-0.067
-0.065
-0.062
-0.06
-0.057
-0.053
-0.049
-0.045
-0.043
-0.04
-0.038
-0.037
-0.036
-0.034
-0.033
-0.032
-0.032
-0.031
-0.03
-0.029
-0.028
-0.027
-0.027
-0.026
-0.026
-0.026
-0.025
-0.025
-0.025
-0.025
-0.025
-0.025
-0.026
-0.026
-0.027
-0.028
-0.029
-0.029
-0.03
-0.031
-0.031
-0.033
-0.034
-0.037
-0.041
-0.043
-0.042
-0.039
-0.037
-0.035
-0.033
-0.031
-0.029
-0.028
-0.029
-0.031
-0.034
-0.037
-0.039
-0.041
-0.043
-0.045
-0.047
-0.048
-0.048
-0.046
-0.044
-0.041
-0.038
-0.036
-0.034
-0.033
-0.032
-0.031
-0.03
-0.029
-0.029
-0.028
-0.027
-0.026
-0.025
-0.024
-0.024
-0.023
-0.023
-0.023
-0.023
-0.023
-0.023
-0.023
-0.023
-0.023
-0.023
-0.022
-0.022
-0.021
-0.02
-0.019
-0.018
-0.018
-0.018
-0.018
-0.018
-0.018
-0.017
-0.017
-0.017
-0.016
-0.015
-0.014
-0.011
-0.009
-0.007
-0.004
-0.002
0.0
0.001
0.004
0.007
0.01
0.013
0.017
0.02
0.023
0.025
0.026
0.028
0.029
0.03
0.032
0.033
0.034
0.034
0.031
0.027
0.022
0.015
0.005
-0.004
-0.011
-0.015
-0.019
-0.022
-0.023
-0.023
-0.021
-0.019
-0.016
-0.013
-0.008
-0.006
-0.009
-0.018
-0.032
-0.05
-0.063
-0.072
-0.065
-0.047
0.007
0.097
0.226
0.389
0.58
0.786
0.987
1.16
1.263
1.271
1.205
1.012
0.749
0.465
0.211
0.025
-0.083
-0.116
-0.127
-0.118
-0.104
-0.089
-0.069
-0.061
-0.061
-0.061
-0.061
-0.061
-0.061
-0.06
-0.06
-0.059
-0.059
-0.058
-0.058
-0.057
-0.056
-0.055
-0.054
-0.051
-0.048
-0.042
-0.03
-0.021
-0.015
-0.011
-0.008
-0.005
-0.001
0.002
0.005
0.008
0.011
0.013
0.016
0.018
0.021
0.025
0.028
0.033
0.041
0.053
0.06
0.07
0.085
0.101
0.121
0.138
0.149
0.157
0.161
0.169
0.181
0.195
0.207
0.212
0.216
0.218
0.219
0.218
0.214
0.209
0.201
0.186
0.17
0.153
0.132
0.113
0.095
0.076
0.056
0.035
0.012
-0.007
-0.027
-0.048
-0.058
-0.061
-0.064
-0.066
-0.068
-0.069
-0.07
-0.07
-0.071
-0.071
-0.072
-0.073
-0.074
-0.074
-0.074
-0.075
-0.075
-0.075
-0.075
-0.075
-0.075
-0.075
-0.075
-0.075
-0.076
-0.076
-0.077
-0.078
-0.078
-0.078
-0.075
-0.07
-0.066
-0.063
-0.061
-0.06
-0.058
-0.057
-0.056
-0.054
-0.053
-0.052
-0.051
-0.05
-0.049
-0.048
-0.047
-0.046
-0.045
-0.045
-0.045
-0.045
-0.046
-0.046
-0.046
-0.045
-0.044
-0.044
-0.043
-0.042
-0.041
-0.04
-0.039
-0.039
-0.039
-0.038
-0.038
-0.038
-0.038
-0.038
-0.038
-0.038
-0.038
-0.037
-0.037
-0.036
-0.036
-0.036
-0.035
-0.035
-0.035
-0.034
-0.033
-0.033
-0.032
-0.032
-0.031
-0.031
-0.03
-0.03
-0.03
-0.029
-0.029
-0.028
-0.028
-0.027
-0.025
-0.024
-0.022
-0.021
-0.019
-0.019
-0.018
-0.017
-0.017
-0.016
-0.016
-0.016
-0.015
-0.014
-0.013
-0.012
-0.012
-0.011
-0.01
-0.009
-0.007
-0.006
-0.004
-0.003
-0.002
0.0
0.002
0.01
0.016
0.019
0.021
0.022
0.023
0.025
0.025
0.026
0.026
0.026
0.026
0.025
0.024
0.022
0.02
0.018
0.016
0.014
0.013
0.012
0.011
0.01
0.009
0.007
0.006
0.004
0.002
0.0
-0.001
-0.002
-0.003
-0.005
-0.007
-0.01
-0.014
-0.026
-0.048
-0.063
-0.073
-0.073
-0.057
-0.015
0.064
0.178
0.328
0.509
0.71
0.912
1.089
1.215
1.264
1.205
1.029
0.769
0.477
0.203
-0.009
-0.142
-0.18
-0.192
-0.174
-0.145
-0.118
-0.097
-0.076
-0.06
-0.049
-0.041
-0.037
-0.035
-0.033
-0.032
-0.031
-0.03
-0.03
-0.028
-0.027
-0.025
-0.023
-0.022
-0.02
-0.018
-0.016
-0.014
-0.011
-0.007
0.0
0.006
0.012
0.017
0.022
0.026
0.028
0.031
0.033
0.036
0.038
0.041
0.043
0.045
0.048
0.052
0.059
0.072
0.088
0.104
0.119
0.132
0.144
0.156
0.17
0.182
0.191
0.2
0.209
0.216
0.222
0.227
0.23
0.23
0.228
0.224
0.219
0.21
0.193
0.174
0.155
0.135
0.115
0.095
0.073
0.05
0.027
0.01
0.0
-0.01
-0.02
-0.028
-0.034
-0.039
-0.045
-0.05
-0.056
-0.061
-0.063
-0.064
-0.066
-0.067
-0.069
-0.07
-0.071
-0.071
-0.072
-0.073
-0.074
-0.075
-0.076
-0.077
-0.077
-0.077
-0.076
-0.076
-0.076
-0.076
-0.076
-0.075
-0.074
-0.073
-0.073
-0.072
-0.072
-0.071
-0.07
-0.069
-0.067
-0.066
-0.064
-0.062
-0.061
-0.058
-0.057
-0.055
-0.054
-0.053
-0.052
-0.05
-0.048
-0.046
-0.043
-0.041
-0.038
-0.036
-0.034
-0.033
-0.031
-0.03
-0.029
-0.028
-0.028
-0.028
-0.028
-0.028
-0.028
-0.027
-0.027
-0.027
-0.027
-0.027
-0.027
-0.026
-0.026
-0.025
-0.026
-0.026
-0.026
-0.026
-0.026
-0.025
-0.025
-0.025
-0.025
-0.025
-0.025
-0.024
-0.023
-0.023
-0.023
-0.023
-0.023
-0.022
-0.021
-0.02
-0.019
-0.018
-0.018
-0.017
-0.016
-0.015
-0.015
-0.014
-0.013
-0.012
-0.011
-0.009
-0.007
-0.006
-0.003
0.001
0.008
0.013
0.017
0.02
0.022
0.024
0.026
0.027
0.028
0.027
0.024
0.018
0.012
0.006
0.0
-0.009
-0.017
-0.018
-0.016
-0.015
-0.013
-0.012
-0.012
-0.012
-0.012
-0.012
-0.012
-0.012
-0.013
-0.015
-0.018
-0.022
-0.026
-0.031
-0.041
-0.059
-0.065
-0.073
-0.071
-0.046
0.012
0.11
0.25
0.426
0.63
0.841
1.038
1.191
1.241
1.224
1.088
0.846
0.561
0.282
0.059
-0.083
-0.131
-0.146
-0.129
-0.113
-0.104
-0.096
-0.089
-0.083
-0.078
-0.072
-0.066
-0.06
-0.056
-0.052
-0.05
-0.048
-0.047
-0.047
-0.046
-0.045
-0.043
-0.042
-0.04
-0.038
-0.036
-0.034
-0.031
-0.028
-0.024
-0.02
-0.014
-0.008
-0.002
0.003
0.008
0.013
0.017
0.02
0.024
0.027
0.031
0.034
0.038
0.041
0.047
0.055
0.069
0.083
0.096
0.11
0.122
0.134
0.146
0.162
0.179
0.195
0.207
0.215
0.222
0.227
0.229
0.227
0.221
0.213
0.203
0.189
0.176
0.161
0.139
0.12
0.106
0.094
0.079
0.06
0.04
0.019
0.0
-0.014
-0.027
-0.037
-0.044
-0.051
-0.056
-0.06
-0.063
-0.067
-0.071
-0.074
-0.077
-0.078
-0.08
-0.081
-0.082
-0.083
-0.084
-0.085
-0.085
-0.085
-0.083
-0.081
-0.078
-0.077
-0.076
-0.075
-0.074
-0.073
-0.073
-0.072
-0.071
-0.071
-0.07
-0.069
-0.068
-0.068
-0.067
-0.066
-0.066
-0.065
-0.065
-0.064
-0.063
-0.062
-0.06
-0.059
-0.057
-0.056
-0.053
-0.05
-0.048
-0.045
-0.043
-0.042
-0.04
-0.038
-0.036
-0.035
-0.033
-0.032
-0.031
-0.031
-0.03
-0.029
-0.028
-0.028
-0.028
-0.028
-0.028
-0.028
-0.028
-0.028
-0.028
-0.028
-0.028
-0.028
-0.027
-0.027
-0.027
-0.026
-0.026
-0.025
-0.025
-0.024
-0.024
-0.024
-0.023
-0.023
-0.022
-0.022
-0.021
-0.021
-0.02
-0.02
-0.019
-0.017
-0.016
-0.015
-0.014
-0.013
-0.013
-0.012
-0.011
-0.01
-0.009
-0.009
-0.007
-0.005
-0.003
0.0
0.002
0.006
0.009
0.011
0.013
0.015
0.017
0.018
0.019
0.021
0.022
0.024
0.027
0.03
0.031
0.028
0.022
0.015
0.009
0.002
-0.003
-0.008
-0.013
-0.016
-0.018
-0.02
-0.022
-0.025
-0.026
-0.028
-0.03
-0.032
-0.033
-0.035
-0.037
-0.04
-0.048
-0.061
-0.068
-0.073
-0.059
-0.018
0.06
0.175
0.326
0.51
0.719
0.931
1.118
1.249
1.287
1.209
1.017
0.745
0.444
0.172
-0.025
-0.134
-0.155
-0.151
-0.132
-0.119
-0.107
-0.098
-0.092
-0.088
-0.082
-0.076
-0.07
-0.066
-0.062
-0.058
-0.055
-0.053
-0.05
-0.048
-0.046
-0.044
-0.042
-0.04
-0.037
-0.035
-0.032
-0.029
-0.025
-0.022
-0.018
-0.014
-0.01
-0.007
-0.003
0.0
0.004
0.007
0.01
0.014
0.017
0.022
0.028
0.038
0.045
0.052
0.059
0.069
0.081
0.096
0.115
0.13
0.141
0.151
0.163
0.181
0.194
0.202
0.207
0.211
0.213
0.215
0.218
0.222
0.224
0.221
0.214
0.203
0.185
0.165
0.142
0.116
0.093
0.074
0.06
0.047
0.031
0.011
-0.004
-0.015
-0.026
-0.039
-0.054
-0.06
-0.062
-0.063
-0.065
-0.066
-0.067
-0.068
-0.068
-0.069
-0.069
-0.069
-0.069
-0.069
-0.068
-0.068
-0.067
-0.067
-0.067
-0.067
-0.066
-0.066
-0.066
-0.066
-0.065
-0.064
-0.062
-0.061
-0.059
-0.057
-0.056
-0.054
-0.052
-0.051
-0.05
-0.049
-0.049
-0.048
-0.048
-0.047
-0.046
-0.045
-0.044
-0.042
-0.041
-0.04
-0.038
-0.036
-0.035
-0.035
-0.035
-0.034
-0.034
-0.033
-0.033
-0.033
-0.033
-0.033
-0.034
-0.033
-0.033
-0.032
-0.032
-0.031
-0.031
-0.03
-0.028
-0.027
-0.026
-0.025
-0.024
-0.024
-0.024
-0.024
-0.025
-0.025
-0.026
-0.027
-0.027
-0.026
-0.025
-0.023
-0.022
-0.022
-0.022
-0.023
-0.023
-0.023
-0.024
-0.025
-0.026
-0.026
-0.024
-0.022
-0.019
-0.017
-0.016
-0.015
-0.014
-0.013
-0.011
-0.01
-0.009
-0.007
-0.006
-0.004
-0.002
0.0
0.002
0.004
0.007
0.01
0.013
0.016
0.021
0.025
0.027
0.028
0.027
0.025
0.021
0.018
0.015
0.013
0.011
0.008
0.005
0.003
0.002
0.001
0.0
0.0
0.0
0.0
0.0
0.002
0.003
0.004
0.007
0.009
0.005
-0.003
-0.017
-0.035
-0.05
-0.068
-0.089
-0.1
-0.105
-0.108
-0.094
-0.055
0.01
0.105
0.236
0.404
0.602
0.815
1.018
1.188
1.277
1.277
1.19
0.979
0.7
0.403
0.146
-0.033
-0.133
-0.163
-0.173
-0.165
-0.152
-0.136
-0.119
-0.099
-0.079
-0.066
-0.062
-0.06
-0.06
-0.059
-0.058
-0.057
-0.057
-0.056
-0.056
-0.055
-0.054
-0.053
-0.052
-0.05
-0.049
-0.047
-0.045
-0.042
-0.037
-0.03
-0.022
-0.014
-0.008
-0.003
0.002
0.007
0.012
0.016
0.02
0.024
0.028
0.032
0.037
0.042
0.046
0.051
0.06
0.073
0.081
0.09
0.105
0.122
0.142
0.166
0.184
0.194
0.201
0.206
0.212
0.218
0.225
0.224
0.214
0.204
0.195
0.187
0.18
0.169
0.151
0.13
0.11
0.093
0.081
0.068
0.05
0.03
0.013
0.0
-0.01
-0.018
-0.024
-0.03
-0.038
-0.046
-0.056
-0.067
-0.072
-0.075
-0.078
-0.08
-0.082
-0.083
-0.082
-0.079
-0.076
-0.073
-0.071
-0.07
-0.069
-0.067
-0.066
-0.065
-0.065
-0.065
-0.065
-0.065
-0.066
-0.066
-0.067
-0.067
-0.068
-0.068
-0.068
-0.067
-0.066
-0.066
-0.065
-0.064
-0.062
-0.061
-0.059
-0.058
-0.056
-0.053
-0.045
-0.038
-0.036
-0.035
-0.033
-0.031
-0.029
-0.032
-0.038
-0.041
-0.043
-0.045
-0.047
-0.049
-0.049
-0.048
-0.046
-0.042
-0.039
-0.036
-0.035
-0.033
-0.032
-0.031
-0.029
-0.028
-0.027
-0.026
-0.025
-0.025
-0.024
-0.024
-0.024
-0.024
-0.024
-0.024
-0.024
-0.024
-0.023
-0.023
-0.022
-0.021
-0.02
-0.018
-0.017
-0.016
-0.015
-0.014
-0.014
-0.013
-0.012
-0.011
-0.011
-0.011
-0.01
-0.01
-0.009
-0.008
-0.007
-0.006
-0.004
-0.004
-0.002
-0.001
0.0
0.0
0.001
0.002
0.005
0.008
0.011
0.017
0.03
0.033
0.035
0.038
0.04
0.041
0.037
0.029
0.021
0.017
0.014
0.011
0.008
0.006
0.003
0.001
0.0
-0.001
-0.003
-0.004
-0.006
-0.006
-0.007
-0.007
-0.007
-0.008
-0.009
-0.01
-0.011
-0.013
-0.018
-0.033
-0.053
-0.073
-0.089
-0.1
-0.1
-0.087
-0.05
0.024
0.137
0.286
0.469
0.678
0.896
1.095
1.244
1.31
1.267
1.11
0.866
0.585
0.314
0.095
-0.049
-0.127
-0.145
-0.152
-0.142
-0.125
-0.102
-0.088
-0.082
-0.078
-0.074
-0.07
-0.066
-0.062
-0.058
-0.054
-0.05
-0.047
-0.043
-0.04
-0.037
-0.034
-0.032
-0.03
-0.028
-0.026
-0.025
-0.023
-0.021
-0.019
-0.016
-0.013
-0.009
-0.005
0.0
0.003
0.007
0.011
0.016
0.02
0.025
0.031
0.038
0.049
0.057
0.064
0.072
0.082
0.094
0.106
0.119
0.13
0.142
0.154
0.165
0.177
0.188
0.198
0.204
0.208
0.212
0.214
0.216
0.216
0.214
0.21
0.205
0.199
0.185
0.164
0.146
0.125
0.104
0.08
0.054
0.029
0.011
-0.003
-0.017
-0.029
-0.04
-0.048
-0.055
-0.057
-0.059
-0.06
-0.061
-0.063
-0.063
-0.064
-0.065
-0.066
-0.068
-0.068
-0.069
-0.068
-0.068
-0.068
-0.068
-0.068
-0.067
-0.066
-0.065
-0.065
-0.064
-0.064
-0.064
-0.064
-0.064
-0.063
-0.063
-0.062
-0.062
-0.061
-0.06
-0.06
-0.059
-0.058
-0.057
-0.057
-0.056
-0.056
-0.055
-0.054
-0.053
-0.052
-0.051
-0.05
-0.049
-0.048
-0.047
-0.046
-0.044
-0.043
-0.043
-0.042
-0.041
-0.04
-0.039
-0.038
-0.037
-0.036
-0.035
-0.034
-0.033
-0.032
-0.032
-0.032
-0.032
-0.032
-0.032
-0.031
-0.031
-0.032
-0.032
-0.033
-0.033
-0.032
-0.032
-0.032
-0.032
-0.032
-0.032
-0.032
-0.031
-0.031
-0.032
-0.033
-0.033
-0.033
-0.032
-0.031
-0.03
-0.029
-0.029
-0.027
-0.026
-0.024
-0.023
-0.023
-0.023
-0.023
-0.022
-0.021
-0.02
-0.019
-0.018
-0.017
-0.015
-0.012
-0.009
-0.007
-0.004
-0.003
-0.001
0.0
0.003
0.005
0.007
0.009
0.012
0.015
0.018
0.022
0.023
0.023
0.021
0.017
0.013
0.009
0.006
0.003
0.001
0.0
-0.002
-0.003
-0.004
-0.006
-0.007
-0.009
-0.011
-0.014
-0.015
-0.017
-0.018
-0.019
-0.02
-0.021
-0.023
-0.025
-0.029
-0.034
-0.049
-0.073
-0.087
-0.095
-0.085
-0.059
0.001
0.097
0.229
0.396
0.591
0.8
1.001
1.17
1.261
1.262
1.174
0.963
0.687
0.401
0.161
-0.006
-0.098
-0.12
-0.122
-0.124
-0.123
-0.11
-0.102
-0.096
-0.092
-0.088
-0.085
-0.08
-0.076
-0.072
-0.067
-0.063
-0.059
-0.053
-0.047
-0.043
-0.039
-0.036
-0.033
-0.031
-0.029
-0.027
-0.026
-0.024
-0.023
-0.021
-0.019
-0.017
-0.015
-0.012
-0.009
-0.006
-0.002
0.003
0.012
0.022
0.031
0.039
0.047
0.056
0.064
0.072
0.08
0.088
0.097
0.105
0.113
0.121
0.132
0.146
0.161
0.177
0.192
0.205
0.213
0.22
0.224
0.227
0.227
0.224
0.218
0.209
0.193
0.167
0.148
0.133
0.116
0.098
0.081
0.062
0.044
0.025
0.008
-0.005
-0.016
-0.028
-0.04
-0.051
-0.061
-0.069
-0.073
-0.077
-0.079
-0.08
-0.082
-0.083
-0.084
-0.084
-0.084
-0.084
-0.083
-0.082
-0.08
-0.079
-0.076
-0.074
-0.073
-0.071
-0.07
-0.069
-0.068
-0.068
-0.067
-0.067
-0.066
-0.066
-0.065
-0.065
-0.064
-0.064
-0.064
-0.064
-0.063
-0.062
-0.061
-0.06
-0.058
-0.057
-0.055
-0.053
-0.052
-0.05
-0.049
-0.048
-0.047
-0.046
-0.045
-0.044
-0.043
-0.042
-0.041
-0.039
-0.038
-0.036
-0.036
-0.035
-0.035
-0.034
-0.034
-0.034
-0.034
-0.034
-0.035
-0.034
-0.034
-0.033
-0.033
-0.032
-0.031
-0.03
-0.028
-0.027
-0.027
-0.027
-0.027
-0.028
-0.028
-0.029
-0.029
-0.03
-0.031
-0.031
-0.03
-0.029
-0.028
-0.027
-0.026
-0.026
-0.025
-0.024
-0.024
-0.023
-0.023
-0.022
-0.022
-0.021
-0.02
-0.018
-0.017
-0.016
-0.014
-0.012
-0.01
-0.008
-0.005
-0.004
-0.002
0.0
0.003
0.006
0.009
0.011
0.014
0.018
0.021
0.024
0.026
0.026
0.024
0.021
0.018
0.015
0.013
0.012
0.011
0.009
0.008
0.006
0.005
0.003
0.001
0.0
-0.002
-0.004
-0.006
-0.007
-0.008
-0.009
-0.009
-0.01
-0.012
-0.014
-0.018
-0.027
-0.047
-0.059
-0.068
-0.071
-0.065
-0.049
-0.004
0.079
0.203
0.365
0.556
0.763
0.963
1.135
1.233
1.236
1.156
0.949
0.676
0.391
0.147
-0.024
-0.121
-0.139
-0.145
-0.131
-0.114
-0.099
-0.084
-0.076
-0.07
-0.067
-0.063
-0.06
-0.057
-0.052
-0.049
-0.045
-0.042
-0.039
-0.036
-0.033
-0.031
-0.028
-0.026
-0.023
-0.02
-0.017
-0.014
-0.011
-0.008
-0.005
-0.002
0.0
0.004
0.008
0.012
0.016
0.019
0.023
0.027
0.032
0.039
0.046
0.053
0.06
0.068
0.077
0.087
0.098
0.109
0.12
0.13
0.14
0.149
0.158
0.167
0.175
0.184
0.192
0.2
0.207
0.212
0.217
0.221
0.223
0.221
0.216
0.209
0.197
0.176
0.153
0.127
0.098
0.071
0.045
0.019
0.002
-0.006
-0.014
-0.022
-0.029
-0.036
-0.042
-0.048
-0.054
-0.06
-0.064
-0.067
-0.069
-0.07
-0.071
-0.072
-0.073
-0.074
-0.074
-0.075
-0.075
-0.076
-0.076
-0.076
-0.076
-0.076
-0.074
-0.073
-0.072
-0.071
-0.069
-0.068
-0.066
-0.065
-0.064
-0.063
-0.063
-0.063
-0.063
-0.062
-0.062
-0.061
-0.06
-0.059
-0.057
-0.056
-0.054
-0.051
-0.05
-0.048
-0.047
-0.046
-0.044
-0.042
-0.04
-0.038
-0.037
-0.035
-0.034
-0.032
-0.031
-0.029
-0.028
-0.028
-0.027
-0.027
-0.027
-0.026
-0.025
-0.025
-0.025
-0.025
-0.025
-0.025
-0.024
-0.024
-0.025
-0.025
-0.026
-0.026
-0.027
-0.027
-0.027
-0.026
-0.026
-0.025
-0.025
-0.024
-0.024
-0.024
-0.024
-0.024
-0.023
-0.022
-0.021
-0.019
-0.018
-0.015
-0.013
-0.011
-0.008
-0.006
-0.004
-0.002
0.0
0.001
0.004
0.006
0.007
0.009
0.011
0.012
0.013
0.013
0.013
0.012
0.011
0.01
0.008
0.006
0.005
0.003
0.001
0.0
0.0
-0.001
-0.002
-0.003
-0.003
-0.004
-0.006
-0.007
-0.009
-0.011
-0.013
-0.014
-0.016
-0.017
-0.02
-0.022
-0.026
-0.036
-0.052
-0.062
-0.069
-0.068
-0.054
-0.016
0.054
0.163
0.313
0.498
0.705
0.913
1.095
1.221
1.255
1.174
0.983
0.717
0.43
0.176
-0.006
-0.109
-0.13
-0.137
-0.14
-0.136
-0.127
-0.112
-0.089
-0.076
-0.07
-0.065
-0.062
-0.06
-0.056
-0.053
-0.05
-0.047
-0.044
-0.042
-0.039
-0.037
-0.036
-0.034
-0.032
-0.03
-0.028
-0.026
-0.024
-0.022
-0.019
-0.017
-0.015
-0.012
-0.009
-0.003
0.002
0.007
0.011
0.015
0.021
0.03
0.042
0.054
0.066
0.077
0.085
0.093
0.101
0.11
0.119
0.129
0.137
0.143
0.151
0.16
0.174
0.184
0.192
0.198
0.201
0.203
0.204
0.206
0.209
0.21
0.206
0.197
0.182
0.163
0.147
0.127
0.102
0.077
0.05
0.027
0.012
0.0
-0.01
-0.024
-0.04
-0.051
-0.057
-0.061
-0.065
-0.068
-0.069
-0.069
-0.07
-0.071
-0.071
-0.072
-0.073
-0.073
-0.074
-0.074
-0.075
-0.075
-0.075
-0.075
-0.075
-0.074
-0.074
-0.073
-0.072
-0.072
-0.072
-0.071
-0.071
-0.07
-0.069
-0.068
-0.067
-0.067
-0.067
-0.066
-0.065
-0.063
-0.062
-0.061
-0.06
-0.059
-0.057
-0.055
-0.053
-0.052
-0.051
-0.05
-0.049
-0.048
-0.047
-0.047
-0.046
-0.046
-0.045
-0.044
-0.043
-0.043
-0.042
-0.041
-0.041
-0.04
-0.039
-0.038
-0.038
-0.038
-0.038
-0.038
-0.038
-0.038
-0.037
-0.037
-0.036
