-0.809
-0.953
-1.097
-1.238
-1.354
-1.401
-1.391
-1.336
-1.297
-1.266
-1.238
-1.217
-1.2
-1.177
-1.143
-1.113
-1.096
-1.086
-1.075
-1.06
-1.046
-1.032
-1.018
-1.004
-0.982
-0.946
-0.906
-0.867
-0.828
-0.795
-0.768
-0.743
-0.72
-0.692
-0.669
-0.657
-0.648
-0.639
-0.631
-0.615
-0.589
-0.564
-0.546
-0.529
-0.513
-0.497
-0.475
-0.453
-0.431
-0.414
-0.398
-0.382
-0.363
-0.344
-0.324
-0.305
-0.285
-0.265
-0.246
-0.226
-0.207
-0.19
-0.18
-0.172
-0.166
-0.163
-0.168
-0.176
-0.185
-0.191
-0.195
-0.2
-0.204
-0.208
-0.212
-0.217
-0.222
-0.227
-0.232
-0.236
-0.242
-0.25
-0.263
-0.272
-0.278
-0.281
-0.284
-0.287
-0.29
-0.292
-0.293
-0.292
-0.289
-0.285
-0.279
-0.273
-0.266
-0.255
-0.245
-0.235
-0.225
-0.211
-0.194
-0.173
-0.155
-0.14
-0.127
-0.116
-0.107
-0.102
-0.097
-0.092
-0.086
-0.08
-0.074
-0.067
-0.059
-0.049
-0.039
-0.03
-0.023
-0.017
-0.013
-0.01
-0.006
-0.001
0.002
0.007
0.012
0.016
0.021
0.026
0.03
0.035
0.039
0.043
0.048
0.052
0.057
0.061
0.065
0.07
0.075
0.083
0.09
0.096
0.102
0.106
0.11
0.112
0.115
0.117
0.119
0.121
0.124
0.127
0.13
0.134
0.137
0.141
0.143
0.146
0.148
0.15
0.152
0.154
0.155
0.156
0.157
0.158
0.159
0.161
0.162
0.162
0.163
0.163
0.163
0.164
0.164
0.165
0.166
0.168
0.17
0.173
0.175
0.178
0.18
0.183
0.187
0.194
0.202
0.208
0.208
0.205
0.199
0.191
0.181
0.167
0.168
0.187
0.239
0.35
0.509
0.709
0.92
1.11
1.256
1.337
1.345
1.307
1.186
1.01
0.799
0.575
0.365
0.195
0.081
0.03
0.014
0.004
0.0
0.0
0.003
0.008
0.013
0.015
0.017
0.019
0.022
0.026
0.03
0.033
0.035
0.037
0.037
0.038
0.038
0.038
0.038
0.038
0.038
0.039
0.04
0.041
0.042
0.042
0.042
0.041
0.04
0.039
0.037
0.035
0.034
0.033
0.034
0.035
0.04
0.046
0.053
0.06
0.065
0.07
0.074
0.078
0.081
0.084
0.088
0.091
0.094
0.096
0.096
0.096
0.096
0.095
0.093
0.092
0.09
0.089
0.088
0.086
0.084
0.082
0.079
0.076
0.073
0.067
0.052
0.036
0.016
-0.011
-0.044
-0.075
-0.106
-0.137
-0.161
-0.179
-0.194
-0.203
-0.21
-0.214
-0.219
-0.224
-0.23
-0.235
-0.239
-0.241
-0.243
-0.244
-0.245
-0.247
-0.249
-0.252
-0.255
-0.258
-0.259
-0.259
-0.258
-0.257
-0.254
-0.252
-0.249
-0.245
-0.241
-0.237
-0.234
-0.23
-0.228
-0.225
-0.222
-0.218
-0.213
-0.206
-0.199
-0.194
-0.19
-0.188
-0.186
-0.185
-0.183
-0.181
-0.18
-0.179
-0.179
-0.178
-0.177
-0.177
-0.177
-0.177
-0.179
-0.181
-0.183
-0.185
-0.187
-0.189
-0.191
-0.194
-0.196
-0.197
-0.199
-0.199
-0.198
-0.197
-0.194
-0.191
-0.186
-0.182
-0.176
-0.171
-0.165
-0.158
-0.148
-0.137
-0.128
-0.12
-0.113
-0.107
-0.103
-0.099
-0.096
-0.094
-0.093
-0.092
-0.092
-0.091
-0.09
-0.089
-0.088
-0.088
-0.087
-0.086
-0.085
-0.084
-0.083
-0.083
-0.083
-0.084
-0.085
-0.085
-0.086
-0.085
-0.084
-0.083
-0.082
-0.08
-0.078
-0.077
-0.075
-0.074
-0.073
-0.072
-0.068
-0.059
-0.054
-0.061
-0.077
-0.103
-0.134
-0.156
-0.169
-0.149
-0.09
0.019
0.168
0.353
0.557
0.75
0.906
0.983
1.008
0.979
0.891
0.74
0.554
0.354
0.168
0.016
-0.087
-0.132
-0.148
-0.157
-0.158
-0.149
-0.137
-0.129
-0.123
-0.117
-0.112
-0.107
-0.102
-0.097
-0.092
-0.086
-0.081
-0.076
-0.07
-0.064
-0.056
-0.047
-0.038
-0.028
-0.017
-0.007
0.001
0.009
0.017
0.022
0.027
0.032
0.037
0.041
0.045
0.049
0.052
0.057
0.062
0.07
0.082
0.094
0.107
0.117
0.125
0.133
0.143
0.153
0.164
0.176
0.19
0.199
0.204
0.206
0.208
0.209
0.211
0.214
0.216
0.219
0.22
0.222
0.223
0.223
0.223
0.222
0.221
0.22
0.218
0.217
0.215
0.213
0.21
0.208
0.204
0.197
0.178
0.157
0.135
0.114
0.099
0.085
0.07
0.051
0.034
0.02
0.01
0.003
0.0
-0.001
-0.002
-0.003
-0.004
-0.005
-0.006
-0.007
-0.007
-0.007
-0.006
-0.005
-0.004
-0.004
-0.003
-0.002
-0.001
-0.001
0.0
0.0
0.001
0.001
0.001
0.001
0.0
0.0
0.0
0.0
0.0
-0.001
-0.002
-0.004
-0.005
-0.005
-0.006
-0.006
-0.007
-0.007
-0.009
-0.01
-0.011
-0.012
-0.013
-0.014
-0.015
-0.015
-0.016
-0.018
-0.019
-0.019
-0.019
-0.019
-0.02
-0.02
-0.022
-0.024
-0.026
-0.027
-0.029
-0.03
-0.031
-0.032
-0.032
-0.032
-0.032
-0.031
-0.029
-0.027
-0.026
-0.024
-0.023
-0.022
-0.022
-0.021
-0.02
-0.018
-0.017
-0.015
-0.014
-0.012
-0.009
-0.006
-0.005
-0.009
-0.018
-0.029
-0.042
-0.057
-0.073
-0.09
-0.098
-0.103
-0.107
-0.11
-0.113
-0.115
-0.117
-0.118
-0.119
-0.12
-0.121
-0.123
-0.125
-0.126
-0.127
-0.128
-0.129
-0.13
-0.132
-0.134
-0.137
-0.141
-0.149
-0.168
-0.177
-0.191
-0.189
-0.146
-0.05
0.099
0.306
0.561
0.837
1.086
1.254
1.302
1.204
0.973
0.661
0.335
0.052
-0.141
-0.2
-0.219
-0.185
-0.158
-0.141
-0.129
-0.12
-0.115
-0.112
-0.111
-0.11
-0.108
-0.106
-0.104
-0.103
-0.103
-0.102
-0.1
-0.097
-0.093
-0.088
-0.082
-0.076
-0.07
-0.065
-0.059
-0.053
-0.046
-0.039
-0.033
-0.028
-0.023
-0.019
-0.015
-0.011
-0.008
-0.005
-0.003
0.0
0.001
0.003
0.006
0.009
0.012
0.015
0.018
0.022
0.026
0.034
0.042
0.052
0.063
0.072
0.081
0.089
0.098
0.107
0.116
0.128
0.142
0.153
0.162
0.172
0.181
0.191
0.2
0.206
0.21
0.214
0.218
0.22
0.221
0.221
0.219
0.215
0.211
0.204
0.197
0.185
0.163
0.141
0.119
0.098
0.082
0.067
0.051
0.027
0.016
0.009
0.004
0.0
-0.004
-0.007
-0.009
-0.011
-0.012
-0.013
-0.014
-0.013
-0.013
-0.012
-0.012
-0.011
-0.011
-0.01
-0.009
-0.008
-0.007
-0.006
-0.005
-0.005
-0.004
-0.002
0.0
0.001
0.003
0.004
0.004
0.004
0.004
0.003
0.003
0.003
0.004
0.005
0.006
0.006
0.006
0.006
0.006
0.007
0.007
0.007
0.006
0.006
0.007
0.008
0.009
0.011
0.012
0.014
0.016
0.018
0.019
0.02
0.02
0.019
0.019
0.019
0.02
0.02
0.02
0.02
0.021
0.022
0.023
0.025
0.027
0.028
0.028
0.028
0.029
0.029
0.03
0.031
0.031
0.031
0.031
0.031
0.03
0.029
0.028
0.027
0.025
0.023
0.021
0.019
0.017
0.014
0.012
0.009
0.005
0.0
-0.004
-0.01
-0.016
-0.021
-0.026
-0.031
-0.036
-0.04
-0.043
-0.046
-0.05
-0.053
-0.057
-0.06
-0.064
-0.067
-0.07
-0.073
-0.075
-0.078
-0.081
-0.085
-0.091
-0.105
-0.129
-0.145
-0.155
-0.14
-0.095
-0.002
0.136
0.328
0.568
0.838
1.096
1.29
1.371
1.317
1.127
0.834
0.497
0.183
-0.047
-0.148
-0.182
-0.168
-0.125
-0.095
-0.084
-0.08
-0.082
-0.086
-0.088
-0.089
-0.091
-0.091
-0.091
-0.091
-0.091
-0.092
-0.092
-0.091
-0.088
-0.084
-0.079
-0.074
-0.069
-0.065
-0.06
-0.056
-0.051
-0.045
-0.04
-0.034
-0.028
-0.021
-0.013
-0.004
0.002
0.009
0.015
0.02
0.024
0.028
0.032
0.035
0.038
0.04
0.042
0.045
0.047
0.05
0.053
0.055
0.058
0.061
0.066
0.072
0.082
0.094
0.105
0.117
0.127
0.137
0.146
0.151
0.153
0.154
0.155
0.156
0.158
0.159
0.153
0.14
0.129
0.118
0.107
0.096
0.085
0.072
0.057
0.044
0.035
0.02
-0.001
-0.016
-0.024
-0.03
-0.036
-0.043
-0.048
-0.051
-0.054
-0.056
-0.058
-0.06
-0.061
-0.062
-0.061
-0.059
-0.057
-0.056
-0.055
-0.054
-0.052
-0.051
-0.05
-0.049
-0.048
-0.047
-0.045
-0.044
-0.043
-0.042
-0.042
-0.043
-0.045
-0.048
-0.05
-0.052
-0.055
-0.059
-0.063
-0.07
-0.076
-0.078
-0.08
-0.083
-0.086
-0.085
-0.075
-0.062
-0.041
-0.025
-0.014
-0.004
0.005
0.017
0.03
0.041
0.048
0.052
0.057
0.06
0.061
0.059
0.054
0.048
0.042
0.038
0.034
0.03
0.026
0.022
0.019
0.018
0.016
0.015
0.013
0.011
0.01
0.008
0.006
0.003
0.002
0.002
0.005
0.011
0.018
0.024
0.032
0.04
0.046
0.052
0.058
0.063
0.067
0.072
0.075
0.078
0.08
0.082
0.084
0.086
0.089
0.092
0.094
0.094
0.091
0.085
0.078
0.065
0.042
0.026
0.016
0.006
-0.001
-0.012
-0.023
-0.036
-0.045
-0.05
-0.055
-0.061
-0.07
-0.078
-0.085
-0.091
-0.098
-0.103
-0.109
-0.113
-0.116
-0.122
-0.135
-0.157
-0.181
-0.2
-0.213
-0.221
-0.204
-0.156
-0.046
0.12
0.337
0.586
0.837
1.049
1.168
1.177
1.101
0.887
0.601
0.304
0.047
-0.139
-0.244
-0.262
-0.258
-0.216
-0.19
-0.181
-0.181
-0.186
-0.189
-0.191
-0.193
-0.194
-0.195
-0.195
-0.195
-0.193
-0.191
-0.188
-0.185
-0.181
-0.176
-0.17
-0.164
-0.158
-0.154
-0.151
-0.148
-0.145
-0.142
-0.138
-0.133
-0.129
-0.124
-0.119
-0.114
-0.107
-0.1
-0.091
-0.082
-0.075
-0.069
-0.063
-0.057
-0.052
-0.047
-0.042
-0.036
-0.029
-0.021
-0.014
-0.007
0.002
0.015
0.03
0.042
0.053
0.062
0.068
0.074
0.079
0.085
0.094
0.103
0.109
0.115
0.121
0.125
0.127
0.127
0.125
0.122
0.117
0.111
0.099
0.077
0.06
0.047
0.032
0.019
0.008
-0.003
-0.017
-0.03
-0.042
-0.054
