-0.069
-0.071
-0.073
-0.076
-0.079
-0.082
-0.084
-0.084
-0.083
-0.082
-0.08
-0.078
-0.076
-0.074
-0.071
-0.068
-0.065
-0.063
-0.06
-0.056
-0.054
-0.051
-0.048
-0.046
-0.044
-0.043
-0.042
-0.042
-0.043
-0.044
-0.046
-0.048
-0.05
-0.053
-0.056
-0.056
-0.052
-0.046
-0.042
-0.039
-0.035
-0.033
-0.031
-0.03
-0.029
-0.029
-0.029
-0.029
-0.028
-0.028
-0.027
-0.027
-0.03
-0.037
-0.056
-0.08
-0.099
-0.106
-0.109
-0.107
-0.103
-0.095
-0.082
-0.068
-0.05
-0.027
-0.017
-0.013
-0.011
-0.011
-0.012
-0.013
-0.014
-0.015
-0.015
-0.014
-0.012
-0.01
-0.008
-0.005
-0.004
-0.004
-0.006
-0.007
-0.009
-0.01
-0.012
-0.012
-0.011
-0.01
-0.008
-0.006
-0.005
-0.004
-0.002
0.0
0.001
0.003
0.004
0.006
0.008
0.01
0.012
0.015
0.018
0.02
0.02
0.018
0.016
0.014
0.012
0.009
0.006
0.005
0.007
0.01
0.015
0.021
0.028
0.034
0.038
0.043
0.048
0.054
0.061
0.066
0.07
0.073
0.076
0.077
0.076
0.074
0.07
0.066
0.058
0.047
0.039
0.034
0.039
0.056
0.1
0.178
0.291
0.436
0.593
0.727
0.786
0.781
0.696
0.532
0.349
0.193
0.091
0.062
0.052
0.056
0.06
0.063
0.064
0.063
0.06
0.055
0.048
0.04
0.039
0.039
0.038
0.037
0.037
0.036
0.037
0.039
0.04
0.041
0.042
0.043
0.045
0.048
0.054
0.06
0.068
0.077
0.084
0.088
0.092
0.097
0.103
0.111
0.119
0.125
0.13
0.133
0.136
0.138
0.142
0.144
0.144
0.139
0.133
0.13
0.127
0.124
0.122
0.119
0.117
0.115
0.114
0.112
0.11
0.107
0.1
0.086
0.07
0.054
0.038
0.026
0.019
0.014
0.009
0.005
0.002
0.0
-0.001
-0.002
-0.003
-0.004
-0.003
-0.002
0.0
0.002
0.004
0.009
0.011
0.008
0.0
-0.003
-0.006
-0.009
-0.012
-0.014
-0.015
-0.013
-0.011
-0.008
-0.005
-0.002
0.0
0.002
0.005
0.008
0.011
0.013
0.015
0.017
0.019
0.023
0.031
0.045
0.07
0.103
0.146
0.203
0.278
0.373
0.483
0.595
0.678
0.703
0.652
0.525
0.35
0.167
0.022
-0.063
-0.086
-0.086
-0.059
-0.03
-0.013
0.0
0.009
0.019
0.026
0.031
0.036
0.042
0.048
0.051
0.053
0.055
0.056
0.058
0.059
0.06
0.06
0.062
0.063
0.064
0.065
0.066
0.066
0.067
0.067
0.068
0.069
0.07
0.073
0.08
0.086
0.092
0.098
0.103
0.11
0.116
0.124
0.133
0.141
0.146
0.149
0.152
0.153
0.152
0.15
0.145
0.14
0.132
0.121
0.113
0.108
0.104
0.101
0.1
0.102
0.106
0.11
0.114
0.117
0.121
0.125
0.129
0.133
0.137
0.142
0.147
0.152
0.155
0.157
0.158
0.161
0.165
0.156
0.142
0.124
0.104
0.085
0.067
0.05
0.039
0.032
0.024
0.017
0.01
0.004
0.0
-0.004
-0.008
-0.013
-0.021
-0.029
-0.037
-0.043
-0.048
-0.053
-0.057
-0.06
-0.062
-0.066
-0.07
-0.074
-0.079
-0.085
-0.093
-0.099
-0.105
-0.107
-0.109
-0.111
-0.112
-0.114
-0.115
-0.116
-0.117
-0.117
-0.117
-0.116
-0.116
-0.115
-0.113
-0.111
-0.108
-0.105
-0.1
-0.084
-0.047
0.018
0.117
0.239
0.37
0.483
0.53
0.523
0.439
0.286
0.114
-0.03
-0.121
-0.146
-0.153
-0.157
-0.162
-0.167
-0.172
-0.178
-0.186
-0.189
-0.187
-0.181
-0.175
-0.167
-0.159
-0.151
-0.144
-0.137
-0.133
-0.13
-0.128
-0.126
-0.124
-0.121
-0.118
-0.115
-0.112
-0.108
-0.104
-0.1
-0.096
-0.094
-0.091
-0.088
-0.085
-0.081
-0.076
-0.072
-0.067
-0.059
-0.046
-0.032
-0.019
-0.012
-0.009
-0.006
-0.004
-0.003
-0.002
-0.002
-0.004
-0.006
-0.009
-0.012
-0.016
-0.022
-0.033
-0.042
-0.045
-0.047
-0.048
-0.049
-0.05
-0.051
-0.052
-0.053
-0.053
-0.054
-0.055
-0.055
-0.056
-0.057
-0.057
-0.057
-0.057
-0.057
-0.057
-0.057
-0.058
-0.058
-0.059
-0.059
-0.059
-0.06
-0.06
-0.06
-0.061
-0.061
-0.062
-0.062
-0.062
-0.058
-0.053
-0.047
-0.041
-0.037
-0.036
-0.035
-0.034
-0.034
-0.033
-0.032
-0.032
-0.032
-0.032
-0.031
-0.031
-0.03
-0.03
-0.029
-0.029
-0.028
-0.027
-0.026
-0.024
-0.022
-0.019
-0.017
-0.013
-0.009
-0.005
-0.001
0.001
0.004
0.006
0.008
0.01
0.012
0.014
0.014
0.013
0.011
0.008
0.004
0.0
-0.005
-0.016
-0.017
-0.009
0.012
0.064
0.148
0.261
0.392
0.519
0.614
0.646
0.6
0.484
0.329
0.175
0.062
0.017
0.013
0.023
0.029
0.019
0.003
-0.01
-0.017
-0.022
-0.022
-0.015
-0.01
-0.007
-0.005
-0.003
-0.001
0.0
0.002
0.004
0.007
0.01
0.015
0.024
0.028
0.03
0.031
0.032
0.032
0.034
0.035
0.037
0.038
0.04
0.042
0.045
0.048
0.053
0.063
0.074
0.081
0.086
0.09
0.094
0.098
0.101
0.105
0.108
0.112
0.115
0.118
0.121
0.124
0.126
0.129
0.132
0.132
0.128
0.122
0.117
0.11
0.103
0.096
0.088
0.079
0.071
0.065
0.062
0.059
0.055
0.05
0.047
0.044
0.041
0.039
0.037
0.035
0.033
0.032
0.03
0.028
0.027
0.025
0.024
0.023
0.023
0.021
0.02
0.019
0.017
0.016
0.015
0.015
0.014
0.014
0.014
0.013
0.013
0.012
0.012
0.012
0.012
0.011
0.01
0.009
0.008
0.006
0.004
0.0
-0.005
-0.018
-0.032
-0.044
-0.05
-0.055
-0.057
-0.054
-0.048
-0.04
-0.03
-0.021
-0.014
-0.008
-0.005
-0.009
-0.016
-0.024
-0.033
-0.034
-0.027
-0.01
0.036
0.109
0.21
0.333
0.461
0.564
0.612
0.583
0.477
0.32
0.151
0.012
-0.072
-0.096
-0.074
-0.048
-0.04
-0.05
-0.069
-0.081
-0.086
-0.082
-0.067
-0.058
-0.057
-0.057
-0.056
-0.056
-0.056
-0.056
-0.055
-0.052
-0.049
-0.044
-0.038
-0.028
-0.021
-0.011
0.001
0.012
0.021
0.028
0.036
0.043
0.054
0.063
0.07
0.075
0.076
0.077
0.078
0.08
0.081
0.077
0.07
0.065
0.061
0.057
0.054
0.053
0.054
0.056
0.058
0.061
0.063
0.066
0.07
0.072
0.072
0.07
0.067
0.062
0.055
0.042
0.031
0.023
0.016
0.008
-0.002
-0.009
-0.012
-0.015
-0.016
-0.017
-0.016
-0.013
-0.009
-0.005
0.001
0.011
0.018
0.023
0.026
0.029
0.031
0.032
0.031
0.029
0.026
0.022
0.016
0.003
-0.003
-0.007
-0.01
-0.012
-0.012
-0.012
-0.01
-0.008
-0.006
-0.004
-0.001
0.001
0.003
0.001
-0.002
-0.006
-0.009
-0.011
-0.013
-0.015
-0.016
-0.018
-0.018
-0.018
-0.018
-0.017
-0.016
-0.014
-0.013
-0.01
-0.008
-0.011
-0.016
-0.02
-0.024
-0.027
-0.031
-0.036
-0.041
-0.046
-0.054
-0.06
-0.065
-0.07
-0.075
-0.08
-0.084
-0.087
-0.09
-0.093
-0.093
-0.093
-0.092
-0.09
-0.089
-0.087
-0.086
-0.086
-0.087
-0.089
-0.092
-0.079
-0.042
0.028
0.136
0.271
0.419
0.55
0.608
0.603
0.519
0.357
0.173
0.013
-0.085
-0.108
-0.116
-0.121
-0.125
-0.137
-0.165
-0.181
-0.191
-0.198
-0.205
-0.211
-0.216
-0.221
-0.225
-0.229
-0.234
-0.237
-0.24
-0.243
-0.244
-0.245
-0.245
-0.243
-0.24
-0.236
-0.229
-0.216
-0.204
-0.19
-0.179
-0.173
-0.168
-0.162
-0.157
-0.151
-0.145
-0.14
-0.135
-0.131
-0.126
-0.12
-0.114
-0.11
-0.107
-0.105
-0.103
-0.101
-0.101
-0.1
-0.101
-0.103
-0.106
-0.108
-0.111
-0.114
-0.117
-0.12
-0.123
-0.126
-0.128
-0.13
-0.13
-0.129
-0.128
-0.126
-0.124
-0.123
-0.121
-0.119
-0.117
-0.116
-0.114
-0.112
-0.109
-0.106
-0.104
-0.102
-0.099
-0.095
-0.09
-0.079
-0.065
-0.058
-0.055
-0.053
-0.05
-0.048
-0.046
-0.044
-0.043
-0.042
-0.041
-0.041
-0.04
-0.04
-0.04
-0.04
-0.04
-0.04
-0.041
-0.041
-0.041
-0.041
-0.041
-0.042
-0.042
-0.042
-0.043
-0.044
-0.044
-0.044
-0.044
-0.045
-0.046
-0.048
-0.049
-0.051
-0.053
-0.054
-0.056
-0.058
-0.06
-0.061
-0.062
-0.063
-0.065
-0.066
-0.068
-0.071
-0.077
-0.076
-0.064
-0.032
0.032
0.124
0.236
0.354
0.458
0.511
0.512
0.459
0.339
0.194
0.056
-0.046
-0.089
-0.105
-0.106
-0.1
-0.096
-0.094
-0.092
-0.091
-0.089
-0.087
-0.084
-0.081
-0.078
-0.073
-0.067
-0.063
-0.062
-0.065
-0.069
-0.072
-0.076
-0.078
-0.074
-0.067
-0.058
-0.048
-0.038
-0.033
-0.03
-0.027
-0.025
-0.023
-0.02
-0.018
-0.016
-0.014
-0.011
-0.008
-0.003
0.005
0.017
0.024
0.029
0.032
0.035
0.038
0.041
0.043
0.046
0.048
0.049
0.051
0.053
0.056
0.059
0.061
0.062
0.062
0.061
0.059
0.055
0.05
0.041
0.024
0.013
0.006
0.0
-0.004
-0.009
-0.014
-0.018
-0.02
-0.021
-0.022
-0.023
-0.024
-0.025
-0.026
-0.025
-0.024
-0.022
-0.02
-0.018
-0.016
-0.015
-0.016
-0.017
-0.018
-0.018
-0.019
-0.02
-0.021
-0.021
-0.022
-0.022
-0.022
-0.022
-0.022
-0.021
-0.019
-0.017
-0.014
-0.011
0.0
0.024
0.06
0.109
0.175
0.261
0.366
0.474
0.568
0.608
0.602
0.529
0.393
0.233
0.085
-0.02
-0.063
-0.076
-0.085
-0.092
-0.098
-0.112
-0.127
-0.133
-0.137
-0.139
-0.137
-0.13
-0.11
-0.084
-0.059
-0.045
-0.034
-0.026
-0.019
-0.012
-0.005
0.0
0.008
0.019
0.031
0.045
0.056
0.065
0.072
0.08
0.092
0.103
0.115
0.127
0.139
0.151
0.164
0.174
0.182
0.19
0.194
0.197
0.2
0.202
0.203
0.203
0.203
0.203
0.202
0.2
0.198
0.195
0.189
0.177
0.164
0.151
0.138
0.125
0.113
0.099
0.087
0.077
0.069
0.061
0.055
0.05
0.046
0.045
0.044
0.044
0.044
0.044
0.044
0.044
0.044
0.044
0.044
0.043
0.042
0.042
0.041
0.041
0.04
0.039
0.037
0.035
0.033
0.031
0.026
0.015
0.006
0.0
-0.006
-0.01
-0.012
-0.014
-0.015
-0.017
-0.018
-0.018
-0.016
-0.012
-0.006
0.013
0.045
0.094
0.163
0.255
0.365
0.478
0.57
0.612
0.578
0.466
0.303
0.133
-0.01
-0.103
-0.13
-0.138
-0.144
-0.151
-0.158
-0.162
-0.166
-0.169
-0.172
-0.174
-0.176
-0.178
-0.179
-0.18
-0.181
-0.183
-0.184
-0.184
-0.185
-0.186
-0.187
-0.188
-0.189
-0.189
-0.187
-0.186
-0.183
-0.181
-0.178
-0.173
-0.168
-0.163
-0.157
-0.151
-0.143
-0.137
-0.131
-0.123
-0.109
-0.095
-0.08
-0.062
-0.046
-0.03
-0.018
-0.012
-0.009
-0.007
-0.007
-0.01
-0.016
-0.026
-0.041
-0.055
-0.069
-0.08
-0.088
-0.098
-0.11
-0.127
-0.146
-0.163
-0.181
-0.198
-0.216
-0.233
-0.247
-0.262
-0.27
-0.275
-0.278
-0.281
-0.284
-0.287
-0.29
-0.292
-0.294
-0.296
-0.298
-0.299
-0.3
-0.3
-0.299
-0.298
-0.296
-0.294
-0.291
-0.287
-0.282
-0.273
-0.264
-0.255
-0.247
-0.237
-0.232
-0.229
-0.226
-0.225
-0.223
-0.221
-0.218
-0.216
-0.213
-0.21
-0.205
-0.184
-0.136
-0.065
0.027
0.138
0.257
0.359
0.405
0.399
0.324
0.184
0.026
-0.104
-0.162
-0.181
-0.173
-0.166
-0.161
-0.157
-0.154
-0.151
-0.147
-0.143
-0.138
-0.135
-0.137
-0.14
-0.144
-0.148
-0.149
-0.145
-0.142
-0.138
-0.136
-0.138
-0.14
-0.143
-0.144
-0.146
-0.146
-0.144
-0.14
-0.136
-0.133
-0.13
-0.127
-0.124
-0.12
-0.117
-0.113
-0.107
-0.098
-0.092
-0.083
-0.071
-0.058
-0.045
-0.035
-0.029
-0.022
-0.014
-0.004
0.005
0.012
0.017
0.021
0.024
0.026
0.029
0.031
0.032
0.034
0.036
0.038
0.04
0.04
0.039
0.035
0.031
0.026
0.018
0.007
0.0
-0.006
-0.013
-0.024
-0.03
-0.034
-0.037
-0.04
-0.042
-0.043
-0.043
-0.042
-0.039
-0.036
-0.033
-0.029
-0.025
-0.019
-0.013
-0.009
-0.007
-0.005
0.0
0.009
0.019
0.024
0.029
0.034
0.039
0.049
0.065
0.077
0.084
0.089
0.094
0.098
0.102
0.105
0.108
0.111
0.113
0.115
0.116
0.116
0.116
0.115
0.115
0.114
0.112
0.11
0.108
0.106
0.104
0.1
0.097
0.095
0.095
