-0.032
-0.022
-0.012
0.0
0.013
0.025
0.034
0.043
0.052
0.059
0.067
0.074
0.08
0.086
0.091
0.097
0.101
0.104
0.105
0.104
0.1
0.095
0.088
0.081
0.071
0.055
0.046
0.05
0.059
0.066
0.072
0.077
0.079
0.075
0.068
0.059
0.052
0.043
0.036
0.034
0.039
0.049
0.059
0.07
0.085
0.093
0.087
0.076
0.067
0.06
0.053
0.048
0.045
0.043
0.041
0.038
0.033
0.029
0.024
0.019
0.015
0.01
0.001
0.003
0.021
0.031
0.04
0.048
0.054
0.056
0.056
0.053
0.051
0.048
0.045
0.041
0.036
0.027
0.016
0.005
-0.001
-0.006
-0.011
-0.018
-0.023
-0.026
-0.027
-0.025
-0.023
-0.021
-0.019
-0.016
-0.01
-0.009
-0.013
-0.015
-0.017
-0.019
-0.021
-0.021
-0.017
-0.007
0.003
0.012
0.017
0.021
0.026
0.031
0.035
0.039
0.042
0.044
0.046
0.048
0.05
0.052
0.053
0.053
0.053
0.054
0.054
0.055
0.055
0.056
0.056
0.057
0.058
0.06
0.063
0.067
0.078
0.078
0.059
0.01
-0.083
-0.22
-0.395
-0.59
-0.772
-0.9
-0.948
-0.901
-0.764
-0.565
-0.347
-0.151
-0.006
0.06
0.08
0.092
0.098
0.101
0.103
0.104
0.107
0.111
0.115
0.117
0.116
0.11
0.101
0.093
0.088
0.082
0.077
0.071
0.067
0.064
0.061
0.059
0.057
0.055
0.053
0.051
0.05
0.051
0.055
0.06
0.064
0.07
0.08
0.078
0.057
0.043
0.034
0.024
0.015
0.008
0.001
-0.005
-0.021
-0.053
-0.074
-0.085
-0.093
-0.1
-0.105
-0.108
-0.111
-0.113
-0.116
-0.119
-0.122
-0.125
-0.127
-0.129
-0.131
-0.134
-0.138
-0.141
-0.144
-0.146
-0.149
-0.154
-0.16
-0.165
-0.168
-0.165
-0.159
-0.149
-0.138
-0.118
-0.08
-0.047
-0.023
-0.006
0.008
0.023
0.034
0.044
0.053
0.053
0.04
0.03
0.023
0.017
0.014
0.013
0.015
0.019
0.024
0.029
0.034
0.042
0.049
0.055
0.059
0.064
0.071
0.075
0.069
0.057
0.05
0.046
0.042
0.039
0.035
0.031
0.027
0.023
0.019
0.016
0.013
0.01
0.005
-0.004
-0.021
-0.023
-0.026
-0.029
-0.01
0.01
0.026
0.037
0.044
0.05
0.056
0.06
0.058
0.046
0.03
0.014
-0.002
-0.016
-0.023
-0.028
-0.034
-0.042
-0.046
-0.038
-0.02
0.0
0.024
0.032
0.038
0.043
0.046
0.046
0.042
0.033
0.022
0.007
-0.013
-0.029
-0.042
-0.053
-0.06
-0.063
-0.065
-0.068
-0.072
-0.074
-0.068
-0.056
-0.044
-0.032
-0.019
-0.007
0.002
0.01
0.018
0.025
0.029
0.032
0.034
0.036
0.037
0.038
0.039
0.039
0.039
0.039
0.041
0.043
0.046
0.049
0.051
0.053
0.056
0.059
0.062
0.066
0.07
0.076
0.086
0.096
0.102
0.1
0.093
0.081
0.042
-0.014
-0.092
-0.188
-0.301
-0.431
-0.571
-0.701
-0.792
-0.804
-0.775
-0.651
-0.475
-0.284
-0.117
0.0
0.078
0.136
0.189
0.227
0.24
0.225
0.177
0.106
0.049
0.028
0.028
0.046
0.072
0.107
0.145
0.17
0.181
0.188
0.191
0.184
0.171
0.151
0.124
0.104
0.087
0.066
0.049
0.034
0.027
0.035
0.048
0.057
0.065
0.072
0.077
0.08
0.081
0.078
0.073
0.067
0.058
0.04
0.011
-0.002
-0.01
-0.016
-0.024
-0.032
-0.043
-0.063
-0.094
-0.109
-0.117
-0.122
-0.126
-0.128
-0.13
-0.13
-0.13
-0.13
-0.128
-0.127
-0.126
-0.125
-0.124
-0.122
-0.121
-0.12
-0.118
-0.115
-0.109
-0.103
-0.097
-0.086
-0.062
-0.042
-0.027
-0.008
0.013
0.03
0.032
0.033
0.034
0.036
0.038
0.039
0.039
0.038
0.037
0.036
0.035
0.032
0.033
0.043
0.049
0.053
0.058
0.061
0.063
0.064
0.064
0.064
0.064
0.063
0.061
0.058
0.055
0.051
0.048
0.046
0.045
0.043
0.04
0.037
0.035
0.034
0.032
0.032
0.031
0.03
0.03
0.032
0.034
0.038
0.042
0.046
0.047
0.046
0.043
0.041
0.039
0.037
0.036
0.034
0.033
0.032
0.031
0.031
0.031
0.032
0.033
0.034
0.036
0.037
0.038
0.041
0.046
0.045
0.027
0.005
-0.017
-0.032
-0.039
-0.043
-0.046
-0.049
-0.052
-0.054
-0.055
-0.053
-0.049
-0.043
-0.037
-0.03
-0.023
-0.014
-0.003
0.008
0.019
0.029
0.037
0.044
0.052
0.059
0.064
0.068
0.071
0.073
0.078
0.086
0.085
0.073
0.062
0.05
0.044
0.051
0.064
0.074
0.083
0.09
0.095
0.097
0.099
0.102
0.106
0.112
0.111
0.099
0.064
-0.001
-0.103
-0.24
-0.407
-0.589
-0.763
-0.907
-0.967
-0.956
-0.839
-0.628
-0.383
-0.149
0.034
0.131
0.167
0.168
0.149
0.139
0.135
0.133
0.131
0.129
0.127
0.124
0.12
0.116
0.111
0.107
0.104
0.101
0.099
0.098
0.097
0.096
0.094
0.09
0.085
0.08
0.075
0.072
0.07
0.068
0.066
0.064
0.061
0.06
0.059
0.059
0.057
0.055
0.052
0.047
0.042
0.034
0.023
0.0
-0.034
-0.067
-0.101
-0.125
-0.14
-0.145
-0.139
-0.13
-0.122
-0.114
-0.11
-0.116
-0.126
-0.133
-0.138
-0.142
-0.148
-0.153
-0.159
-0.165
-0.171
-0.177
-0.183
-0.187
-0.189
-0.187
-0.181
-0.173
-0.163
-0.145
-0.102
-0.067
-0.049
-0.034
-0.021
-0.009
0.0
0.004
0.009
0.013
0.016
0.018
0.02
0.021
0.022
0.025
0.028
0.032
0.035
0.037
0.038
0.04
0.042
0.044
0.045
0.047
0.048
0.052
0.057
0.062
0.064
0.061
0.052
0.042
0.034
0.029
0.024
0.019
0.013
0.008
0.004
0.002
0.002
0.004
0.005
0.006
0.007
0.01
0.012
0.015
0.018
0.019
0.02
0.022
0.022
0.023
0.022
0.019
0.015
0.009
0.002
-0.003
-0.014
-0.024
-0.024
-0.014
-0.002
0.006
0.015
0.023
0.029
0.029
0.025
0.019
0.01
-0.008
-0.035
-0.042
-0.044
-0.047
-0.05
-0.053
-0.056
-0.059
-0.062
-0.065
-0.067
-0.069
-0.07
-0.07
-0.068
-0.065
-0.061
-0.059
-0.058
-0.057
-0.054
-0.05
-0.045
-0.041
-0.038
-0.035
-0.028
-0.018
-0.006
0.004
0.014
0.022
0.029
0.037
0.046
0.053
0.058
0.058
0.052
0.044
0.036
0.03
0.024
0.017
0.007
0.0
-0.005
-0.006
-0.003
0.001
0.006
0.01
0.02
0.035
0.019
-0.029
-0.116
-0.243
-0.408
-0.598
-0.788
-0.94
-0.994
-0.982
-0.862
-0.662
-0.429
-0.198
-0.014
0.098
0.128
0.136
0.128
0.104
0.091
0.093
0.117
0.135
0.15
0.162
0.166
0.162
0.152
0.137
0.114
0.085
0.076
0.073
0.069
0.065
0.061
0.058
0.057
0.057
0.056
0.057
0.057
0.057
0.059
0.062
0.066
0.069
0.072
0.076
0.085
0.084
0.066
0.053
0.043
0.032
0.02
0.01
-0.001
-0.026
-0.061
-0.076
-0.083
-0.088
-0.091
-0.093
-0.095
-0.099
-0.104
-0.11
-0.117
-0.122
-0.127
-0.131
-0.136
-0.144
-0.152
-0.16
-0.163
-0.163
-0.159
-0.154
-0.148
-0.141
-0.134
-0.124
-0.112
-0.099
-0.085
-0.072
-0.061
-0.05
-0.04
-0.032
-0.023
-0.005
0.02
0.046
0.067
0.076
0.081
0.085
0.088
0.089
0.089
0.085
0.081
0.076
0.073
0.07
0.067
0.063
0.059
0.056
0.055
0.055
0.056
0.058
