-0.133
-0.128
-0.124
-0.119
-0.113
-0.107
-0.1
-0.092
-0.084
-0.077
-0.071
-0.066
-0.061
-0.057
-0.054
-0.052
-0.051
-0.05
-0.048
-0.045
-0.041
-0.037
-0.033
-0.028
-0.023
-0.018
-0.012
-0.007
-0.003
0.0
0.005
0.01
0.017
0.025
0.033
0.041
0.048
0.053
0.059
0.064
0.071
0.078
0.09
0.111
0.132
0.143
0.15
0.156
0.161
0.167
0.174
0.18
0.186
0.193
0.201
0.212
0.23
0.241
0.248
0.253
0.258
0.262
0.264
0.259
0.246
0.23
0.208
0.176
0.151
0.125
0.1
0.076
0.052
0.029
-0.002
-0.023
-0.037
-0.049
-0.059
-0.068
-0.076
-0.083
-0.088
-0.094
-0.1
-0.106
-0.111
-0.115
-0.117
-0.118
-0.119
-0.12
-0.121
-0.121
-0.121
-0.12
-0.12
-0.121
-0.123
-0.124
-0.125
-0.125
-0.124
-0.123
-0.122
-0.121
-0.118
-0.115
-0.112
-0.108
-0.105
-0.103
-0.101
-0.1
-0.099
-0.099
-0.1
-0.1
-0.101
-0.101
-0.101
-0.1
-0.098
-0.097
-0.095
-0.093
-0.091
-0.088
-0.085
-0.082
-0.078
-0.074
-0.07
-0.066
-0.062
-0.058
-0.054
-0.051
-0.047
-0.044
-0.04
-0.038
-0.035
-0.034
-0.032
-0.031
-0.03
-0.03
-0.03
-0.03
-0.03
-0.03
-0.031
-0.031
-0.031
-0.03
-0.03
-0.03
-0.029
-0.028
-0.026
-0.023
-0.019
-0.015
-0.009
-0.003
0.005
0.028
0.05
0.072
0.085
0.095
0.105
0.112
0.118
0.123
0.125
0.124
0.121
0.116
0.11
0.103
0.095
0.084
0.065
0.046
0.027
0.01
-0.005
-0.018
-0.029
-0.039
-0.044
-0.048
-0.052
-0.056
-0.06
-0.064
-0.068
-0.07
-0.07
-0.071
-0.07
-0.069
-0.066
-0.063
-0.057
-0.05
-0.039
-0.028
-0.015
0.05
0.163
0.322
0.533
0.787
1.056
1.296
1.435
1.442
1.331
1.038
0.663
0.28
-0.042
-0.256
-0.321
-0.317
-0.266
-0.22
-0.173
-0.128
-0.09
-0.062
-0.042
-0.034
-0.029
-0.025
-0.021
-0.018
-0.016
-0.016
-0.016
-0.016
-0.018
-0.02
-0.022
-0.024
-0.027
-0.029
-0.031
-0.033
-0.035
-0.036
-0.038
-0.039
-0.04
-0.042
-0.043
-0.044
-0.044
-0.044
-0.044
-0.044
-0.044
-0.045
-0.045
-0.046
-0.047
-0.049
-0.051
-0.053
-0.055
-0.057
-0.058
-0.058
-0.057
-0.057
-0.056
-0.055
-0.054
-0.052
-0.05
-0.048
-0.045
-0.042
-0.039
-0.03
-0.006
0.012
0.036
0.072
0.102
0.121
0.141
0.16
0.178
0.196
0.214
0.234
0.251
0.268
0.28
0.288
0.294
0.3
0.306
0.311
0.313
0.308
0.297
0.283
0.268
0.247
0.229
0.213
0.193
0.171
0.145
0.124
0.109
0.098
0.091
0.086
0.082
0.079
0.075
0.072
0.072
0.075
0.078
0.081
0.084
0.086
0.088
0.09
0.093
0.095
0.098
0.099
0.099
0.098
0.095
0.091
0.086
0.081
0.075
0.07
0.064
0.059
0.054
0.048
0.043
0.039
0.034
0.03
0.027
0.023
0.019
0.016
0.013
0.01
0.008
0.006
0.004
0.002
0.002
0.001
0.0
0.0
-0.001
-0.002
-0.003
-0.003
-0.003
-0.003
-0.003
-0.003
-0.003
-0.001
0.0
0.002
0.004
0.005
0.005
0.006
0.008
0.009
0.01
0.01
0.01
0.01
0.012
0.014
0.013
0.005
-0.005
-0.018
-0.035
-0.053
-0.063
-0.07
-0.076
-0.08
-0.083
-0.082
-0.077
-0.069
-0.061
-0.054
-0.05
-0.045
-0.04
-0.034
-0.029
-0.025
-0.023
-0.023
-0.024
-0.027
-0.03
-0.034
-0.039
-0.044
-0.05
-0.055
-0.061
-0.066
-0.071
-0.075
-0.078
-0.079
-0.078
-0.075
-0.071
-0.066
-0.062
-0.056
-0.051
-0.046
-0.041
-0.035
-0.029
-0.023
-0.018
-0.013
-0.006
0.003
0.016
0.072
0.175
0.323
0.515
0.742
0.983
1.214
1.396
1.457
1.438
1.275
0.984
0.641
0.294
0.003
-0.186
-0.248
-0.246
-0.205
-0.167
-0.144
-0.131
-0.121
-0.112
-0.104
-0.098
-0.095
-0.092
-0.089
-0.087
-0.085
-0.084
-0.082
-0.081
-0.079
-0.078
-0.077
-0.076
-0.076
-0.076
-0.074
-0.072
-0.07
-0.068
-0.067
-0.065
-0.064
-0.063
-0.063
-0.063
-0.063
-0.063
-0.063
-0.063
-0.062
-0.062
-0.06
-0.059
-0.057
-0.054
-0.052
-0.049
-0.045
-0.04
-0.035
-0.03
-0.026
-0.021
-0.015
-0.006
0.004
0.014
0.022
0.028
0.035
0.041
0.045
0.05
0.054
0.057
0.061
0.065
0.069
0.075
0.082
0.092
0.111
0.151
0.174
0.187
0.197
0.202
0.203
0.203
0.203
0.204
0.205
0.205
0.202
0.183
0.167
0.154
0.142
0.133
0.124
0.108
0.078
0.052
0.037
0.023
0.01
-0.006
-0.025
-0.039
-0.045
-0.049
-0.052
-0.055
-0.058
-0.061
-0.064
-0.067
-0.071
-0.075
-0.08
-0.085
-0.088
-0.091
-0.093
-0.095
-0.097
-0.1
-0.103
-0.106
-0.108
-0.111
-0.113
-0.116
-0.119
-0.121
-0.123
-0.124
-0.125
-0.127
-0.128
-0.13
-0.132
-0.134
-0.135
-0.137
-0.139
-0.143
-0.146
-0.149
-0.151
-0.152
-0.153
-0.155
-0.157
-0.159
-0.16
-0.16
-0.161
-0.161
-0.163
-0.164
-0.166
-0.166
-0.165
-0.163
-0.16
-0.158
-0.155
-0.153
-0.149
-0.145
-0.142
-0.139
-0.136
-0.133
-0.126
-0.117
-0.109
-0.102
-0.095
-0.089
-0.082
-0.076
-0.068
-0.061
-0.054
-0.048
-0.042
-0.036
-0.03
-0.024
-0.016
-0.008
-0.001
0.005
0.015
0.03
0.052
0.069
0.086
0.103
0.126
0.139
0.147
0.155
0.161
0.164
0.165
0.165
0.163
0.16
0.155
0.148
0.14
0.123
0.087
0.069
0.06
0.053
0.049
0.045
0.043
0.043
0.044
0.046
0.048
0.051
0.053
0.057
0.06
0.064
0.067
0.071
0.074
0.078
0.08
0.084
0.089
0.097
0.126
0.229
0.383
0.585
0.826
1.089
1.341
1.541
1.634
1.572
1.344
0.993
0.602
0.253
0.005
-0.106
-0.144
-0.122
-0.094
-0.07
-0.052
-0.044
-0.039
-0.036
-0.033
-0.031
-0.029
-0.026
-0.024
-0.021
-0.019
-0.017
-0.016
-0.015
-0.015
-0.014
-0.013
-0.012
-0.01
-0.009
-0.007
-0.003
0.0
0.0
-0.007
-0.017
-0.024
-0.032
-0.04
-0.045
-0.046
-0.041
-0.034
-0.025
-0.016
-0.004
0.005
0.007
0.005
0.001
-0.001
-0.006
-0.01
-0.012
-0.011
-0.009
-0.006
-0.002
0.001
0.008
0.012
0.011
0.008
0.005
0.001
0.002
0.017
0.034
0.051
0.073
0.086
0.094
0.1
0.108
0.116
0.124
0.132
0.14
0.151
0.167
0.182
0.198
0.209
0.218
0.225
0.231
0.233
0.231
0.226
0.218
0.206
0.186
0.149
0.111
0.078
0.049
0.018
-0.007
-0.026
-0.043
-0.051
-0.056
-0.061
-0.064
-0.067
-0.068
-0.069
-0.069
-0.069
-0.069
-0.068
-0.067
-0.065
-0.063
-0.062
-0.061
-0.061
-0.061
-0.06
-0.059
-0.057
-0.055
-0.054
-0.053
-0.053
-0.053
-0.052
-0.051
-0.051
-0.051
-0.052
-0.052
-0.052
-0.051
-0.05
-0.048
-0.046
-0.044
-0.043
-0.041
-0.04
-0.038
-0.036
-0.036
-0.035
-0.034
-0.034
-0.033
-0.031
-0.029
-0.028
-0.027
-0.025
-0.023
-0.021
-0.019
-0.017
-0.017
-0.017
-0.017
-0.017
-0.016
-0.015
-0.015
-0.015
-0.014
-0.013
-0.011
-0.009
-0.007
-0.005
-0.005
-0.005
-0.004
-0.004
-0.004
-0.004
-0.005
-0.006
-0.005
-0.004
-0.003
-0.002
0.0
0.0
0.0
0.001
0.003
0.004
0.005
0.006
0.008
0.012
0.017
0.025
0.043
0.06
0.072
0.081
0.089
0.096
0.1
0.104
0.106
0.109
0.112
0.115
0.117
0.118
0.115
0.109
0.1
0.089
0.076
0.056
0.04
0.029
0.015
0.0
-0.019
-0.034
-0.045
-0.053
-0.055
-0.056
-0.057
-0.058
-0.059
-0.06
-0.061
-0.062
-0.063
-0.065
-0.068
-0.071
-0.075
-0.08
-0.086
-0.098
-0.098
-0.082
-0.039
0.054
0.204
0.414
0.674
0.956
1.226
1.434
1.528
1.465
1.235
0.866
0.432
0.037
-0.243
-0.368
-0.386
-0.351
-0.271
-0.202
-0.18
-0.176
-0.175
-0.174
-0.173
-0.173
-0.172
-0.172
-0.172
-0.172
-0.173
-0.173
-0.174
-0.174
-0.173
-0.171
-0.169
-0.167
-0.164
-0.161
-0.157
-0.154
-0.15
-0.147
-0.144
-0.14
-0.136
-0.13
-0.123
-0.116
-0.109
-0.105
-0.101
-0.098
-0.094
-0.092
-0.089
-0.087
-0.085
-0.083
-0.081
-0.079
-0.076
-0.072
-0.067
-0.061
-0.055
-0.048
-0.041
-0.034
-0.025
-0.018
-0.012
-0.008
-0.005
-0.003
0.0
0.006
0.017
0.032
0.052
0.076
0.1
0.124
0.148
0.175
0.189
0.196
0.201
0.205
0.208
0.21
0.211
0.212
0.211
0.209
0.207
0.203
0.199
0.193
0.186
0.178
0.162
0.147
0.135
0.115
0.087
0.064
0.047
0.029
0.01
-0.007
-0.024
-0.032
-0.037
-0.041
-0.044
-0.047
-0.049
-0.05
-0.05
-0.049
-0.047
-0.044
-0.04
-0.035
-0.03
-0.026
-0.022
-0.02
-0.017
-0.015
-0.014
-0.012
-0.01
-0.008
-0.006
-0.005
-0.003
-0.002
-0.001
-0.001
0.0
0.0
0.0
0.0
0.0
0.0
0.0
0.0
0.002
0.003
0.003
0.004
0.005
0.006
0.007
0.008
0.009
0.011
0.012
0.013
0.014
0.014
0.015
0.015
0.015
0.015
0.015
0.015
0.015
0.015
0.015
0.015
0.015
0.015
0.016
0.016
0.016
0.016
0.015
0.014
0.013
0.012
0.012
0.012
0.013
0.013
0.014
0.015
0.017
0.018
0.02
0.022
0.024
0.025
0.027
0.029
0.032
0.04
0.066
0.09
0.108
0.119
0.125
0.129
0.133
0.135
0.137
0.139
0.139
0.139
0.137
0.134
0.13
0.125
0.118
0.105
0.079
0.051
0.023
0.0
-0.014
-0.02
-0.022
-0.023
-0.024
-0.025
-0.025
-0.026
-0.028
-0.03
-0.031
-0.033
-0.036
-0.038
-0.04
-0.044
-0.048
-0.054
-0.068
-0.069
-0.054
-0.013
0.076
0.214
0.404
0.64
0.899
1.154
1.357
1.451
1.394
1.175
0.836
0.449
0.091
-0.177
-0.334
-0.381
-0.38
-0.35
-0.322
-0.29
-0.26
-0.228
-0.202
-0.184
-0.172
-0.171
-0.181
-0.187
-0.193
-0.197
-0.201
-0.202
-0.201
-0.2
-0.198
-0.197
-0.196
-0.195
-0.195
-0.194
-0.194
-0.193
-0.193
-0.193
-0.192
-0.192
-0.191
-0.19
-0.189
-0.188
-0.186
-0.184
-0.182
-0.179
-0.177
-0.174
-0.17
-0.166
-0.161
-0.156
-0.151
-0.146
-0.14
-0.135
-0.129
-0.123
-0.118
-0.111
-0.104
-0.097
-0.091
-0.085
-0.08
-0.074
-0.066
-0.058
-0.048
-0.04
-0.031
-0.014
0.013
0.037
0.054
0.069
0.082
0.092
0.103
0.114
0.13
0.145
0.151
0.154
0.157
0.159
0.16
0.158
0.152
0.143
0.129
0.102
0.073
0.045
0.024
0.011
0.0
-0.012
-0.03
-0.056
-0.084
-0.108
-0.122
-0.131
-0.139
-0.148
-0.155
-0.16
-0.164
-0.167
-0.17
-0.171
-0.171
-0.169
-0.166
-0.161
-0.156
-0.152
-0.149
-0.147
-0.145
-0.143
-0.142
-0.14
-0.138
-0.136
-0.134
-0.133
-0.132
-0.131
-0.13
-0.13
-0.13
-0.131
-0.132
-0.132
-0.131
-0.129
-0.127
-0.125
-0.123
-0.122
-0.12
-0.117
-0.115
-0.113
-0.112
-0.111
-0.11
-0.107
-0.103
-0.099
-0.095
-0.092
-0.09
-0.087
-0.083
-0.08
-0.076
-0.073
-0.072
-0.07
-0.069
-0.067
-0.064
-0.061
-0.059
-0.057
-0.054
-0.052
-0.049
-0.045
-0.043
-0.042
-0.041
-0.04
-0.039
-0.038
-0.037
-0.035
-0.035
-0.034
-0.033
-0.031
-0.03
-0.028
-0.026
-0.024
-0.022
-0.02
-0.017
-0.014
-0.01
-0.005
0.003
0.013
0.021
0.029
0.045
0.069
0.084
0.093
0.099
0.102
0.105
0.106
0.108
0.111
0.113
0.112
0.106
0.097
0.085
0.07
0.054
0.038
0.022
0.001
-0.012
-0.022
-0.03
-0.034
-0.034
-0.034
-0.034
-0.034
-0.034
-0.035
-0.036
-0.036
-0.036
-0.036
-0.036
-0.036
-0.037
-0.037
-0.038
-0.039
-0.04
-0.043
-0.023
0.033
0.132
0.289
0.511
0.785
1.08
1.349
1.538
1.594
1.484
1.215
0.831
0.406
0.031
-0.223
-0.325
-0.337
-0.296
-0.223
-0.161
-0.13
-0.122
-0.117
-0.114
-0.11
-0.105
-0.101
-0.095
-0.091
-0.087
-0.084
-0.081
-0.079
-0.077
-0.074
-0.072
-0.069
-0.066
-0.064
-0.063
-0.061
-0.058
-0.055
-0.052
-0.046
-0.037
-0.028
-0.02
-0.01
0.0
0.016
0.027
0.034
0.039
0.044
0.049
0.053
0.057
0.06
0.064
0.068
0.072
0.077
