0.373
0.451
0.525
0.578
0.597
0.577
0.509
0.4
0.323
0.274
0.258
0.276
0.331
0.42
0.521
0.633
0.756
0.87
0.939
0.963
0.953
0.924
0.874
0.816
0.759
0.709
0.678
0.651
0.631
0.608
0.595
0.587
0.581
0.577
0.573
0.569
0.566
0.563
0.561
0.559
0.556
0.552
0.548
0.544
0.539
0.533
0.526
0.517
0.508
0.496
0.486
0.476
0.467
0.458
0.45
0.441
0.432
0.422
0.412
0.4
0.388
0.375
0.363
0.35
0.337
0.325
0.311
0.294
0.278
0.265
0.254
0.242
0.23
0.219
0.209
0.199
0.19
0.181
0.175
0.17
0.166
0.162
0.159
0.157
0.159
0.163
0.169
0.176
0.183
0.19
0.201
0.211
0.22
0.228
0.235
0.239
0.242
0.245
0.247
0.249
0.25
0.251
0.253
0.255
0.256
0.257
0.257
0.257
0.256
0.255
0.253
0.251
0.248
0.245
0.242
0.239
0.236
0.233
0.23
0.226
0.222
0.215
0.207
0.199
0.193
0.187
0.181
0.177
0.173
0.169
0.166
0.163
0.159
0.155
0.151
0.147
0.142
0.137
0.131
0.125
0.118
0.111
0.105
0.098
0.091
0.086
0.083
0.081
0.079
0.077
0.076
0.075
0.074
0.074
0.073
0.072
0.071
0.07
0.069
0.068
0.067
0.065
0.064
0.063
0.062
0.061
0.061
0.06
0.059
0.058
0.057
0.055
0.054
0.052
0.05
0.047
0.045
0.041
0.037
0.033
0.028
0.023
0.018
0.012
0.005
-0.002
-0.012
-0.022
-0.031
-0.038
-0.044
-0.048
-0.052
-0.054
-0.056
-0.054
-0.05
-0.044
-0.038
-0.032
-0.029
-0.027
-0.024
-0.021
-0.018
-0.015
-0.013
-0.01
-0.007
-0.005
-0.003
-0.001
-0.001
-0.002
-0.002
-0.002
-0.001
0.0
0.0
0.004
0.013
0.013
0.001
-0.033
-0.09
-0.167
-0.252
-0.325
-0.355
-0.365
-0.344
-0.283
-0.191
-0.081
0.031
0.137
0.234
0.299
0.321
0.312
0.283
0.228
0.172
0.126
0.093
0.074
0.066
0.06
0.055
0.05
0.045
0.041
0.037
0.033
0.028
0.025
0.022
0.019
0.018
0.016
0.014
0.012
0.01
0.008
0.006
0.003
0.001
0.0
-0.002
-0.003
-0.004
-0.006
-0.008
-0.011
-0.014
-0.019
-0.03
-0.041
-0.054
-0.064
-0.071
-0.079
-0.086
-0.094
-0.102
-0.11
-0.118
-0.126
-0.134
-0.144
-0.153
-0.159
-0.164
-0.17
-0.174
-0.178
-0.181
-0.183
-0.183
-0.183
-0.183
-0.181
-0.179
-0.175
-0.17
-0.165
-0.159
-0.148
-0.127
-0.111
-0.096
-0.08
-0.062
-0.049
-0.039
-0.029
-0.017
-0.006
0.002
0.01
0.018
0.024
0.029
0.034
0.038
0.04
0.041
0.042
0.043
0.044
0.044
0.045
0.045
0.046
0.047
0.047
0.047
0.047
0.046
0.045
0.044
0.044
0.043
0.042
0.041
0.041
0.04
0.04
0.04
0.04
0.039
0.038
0.038
0.038
0.037
0.037
0.037
0.037
0.038
0.039
0.04
0.041
0.041
0.042
0.042
0.043
0.044
0.044
0.044
0.044
0.044
0.044
0.044
0.044
0.044
0.045
0.044
0.044
0.044
0.043
0.043
0.042
0.042
0.041
0.041
0.041
0.041
0.04
0.041
0.041
0.042
0.044
0.045
0.046
0.047
0.048
0.049
0.051
0.054
0.057
0.058
0.058
0.055
0.051
0.046
0.041
0.037
0.033
0.029
0.025
0.02
0.014
0.01
0.005
0.001
-0.001
-0.004
-0.006
-0.008
-0.007
-0.005
0.0
0.004
0.009
0.013
0.016
0.019
0.022
0.025
0.029
0.032
0.034
0.037
0.039
0.042
0.044
0.045
0.045
0.044
0.042
0.041
0.039
0.037
0.034
0.03
0.025
0.021
0.016
-0.013
-0.073
-0.151
-0.234
-0.295
-0.317
-0.318
-0.296
-0.237
-0.141
-0.031
0.076
0.178
0.267
0.313
0.328
0.314
0.269
0.215
0.162
0.112
0.094
0.077
0.069
0.064
0.06
0.056
0.053
0.05
0.045
0.041
0.037
0.033
0.03
0.026
0.023
0.02
0.018
0.015
0.012
0.009
0.006
0.002
0.0
-0.003
-0.005
-0.008
-0.011
-0.014
-0.017
-0.022
-0.029
-0.038
-0.045
-0.052
-0.06
-0.07
-0.082
-0.094
-0.106
-0.115
-0.123
-0.131
-0.139
-0.148
-0.159
-0.171
-0.187
-0.198
-0.206
-0.21
-0.214
-0.217
-0.22
-0.222
-0.224
-0.223
-0.221
-0.218
-0.213
-0.207
-0.201
-0.192
-0.178
-0.164
-0.15
-0.136
-0.123
-0.11
-0.099
-0.088
-0.076
-0.063
-0.049
-0.039
-0.031
-0.023
-0.017
-0.012
-0.006
-0.003
-0.001
0.0
0.0
0.001
0.002
0.003
0.004
0.005
0.006
0.008
0.009
0.009
0.009
0.01
0.01
0.01
0.01
0.01
0.009
0.008
0.008
0.007
0.007
0.007
0.007
0.006
0.005
0.005
0.004
0.003
0.002
0.001
0.0
0.0
0.0
0.0
0.0
0.0
0.001
0.002
0.004
0.005
0.006
0.007
0.007
0.008
0.009
0.01
0.011
0.012
0.013
0.014
0.016
0.017
0.018
0.019
0.02
0.02
0.019
0.019
0.019
0.019
0.019
0.02
0.021
0.024
0.027
0.03
0.033
0.035
0.037
0.038
0.039
0.039
0.04
0.04
0.04
0.041
0.043
0.045
0.047
0.048
0.049
0.049
0.048
0.048
0.047
0.045
0.042
0.04
0.037
0.035
0.033
0.031
0.029
0.027
0.026
0.024
0.021
0.018
0.015
0.013
0.012
0.013
0.016
0.02
0.026
0.032
0.038
0.043
0.048
0.053
0.058
0.063
0.067
0.072
0.076
0.08
0.083
0.087
0.09
0.093
0.096
0.101
0.107
0.112
0.114
0.113
0.11
0.105
0.098
0.073
0.017
-0.061
-0.169
-0.294
-0.408
-0.47
-0.466
-0.38
-0.189
0.05
0.28
0.442
0.51
0.516
0.475
0.407
0.333
0.257
0.197
0.164
0.146
0.137
0.131
0.124
0.117
0.11
0.104
0.1
0.096
0.093
0.09
0.087
0.085
0.082
0.079
0.075
0.072
0.069
0.066
0.063
0.06
0.055
0.048
0.039
0.03
0.021
0.012
0.004
-0.001
-0.008
-0.013
-0.018
-0.023
-0.026
-0.03
-0.035
-0.043
-0.053
-0.065
-0.076
-0.088
-0.101
-0.115
-0.13
-0.142
-0.152
-0.161
-0.166
-0.17
-0.174
-0.176
-0.178
-0.18
-0.182
-0.184
-0.185
-0.183
-0.179
-0.173
-0.165
-0.156
-0.145
-0.126
-0.112
-0.1
-0.087
-0.07
-0.051
-0.036
-0.024
-0.014
-0.001
0.009
0.018
0.027
0.035
0.041
0.045
0.048
0.051
0.052
0.053
0.054
0.056
0.057
0.057
0.057
0.058
0.059
0.06
0.061
0.062
0.062
0.062
0.062
0.063
0.063
0.063
0.062
0.061
0.061
0.06
0.06
0.059
0.058
0.056
0.054
0.052
0.05
0.047
0.045
0.043
0.041
0.039
0.037
0.036
0.035
0.034
0.033
0.031
0.029
0.028
0.027
0.027
0.026
0.025
0.024
0.024
0.024
0.025
0.027
0.029
0.03
0.031
0.033
0.035
0.037
0.039
0.04
0.041
0.042
0.043
0.044
0.045
0.045
0.045
0.045
0.045
0.044
0.044
0.044
0.045
0.045
0.046
0.046
0.047
0.047
0.048
0.048
0.048
0.047
0.046
0.046
0.045
0.043
0.042
0.041
0.039
0.038
0.037
0.036
0.034
0.033
0.031
0.029
0.026
0.024
0.021
0.018
0.014
0.01
0.007
0.006
0.006
0.008
0.012
0.017
0.023
0.028
0.033
0.036
0.038
0.041
0.044
0.046
0.049
0.052
0.054
0.056
0.058
0.058
0.058
0.057
0.055
0.053
0.049
0.046
0.042
0.037
0.032
0.027
0.014
-0.015
-0.071
-0.146
-0.245
-0.358
-0.463
-0.515
-0.506
-0.414
-0.22
0.027
0.271
0.45
0.498
0.488
0.393
0.287
0.201
0.144
0.123
0.103
0.09
0.081
0.074
0.068
0.059
0.052
0.046
0.041
0.036
0.032
0.028
0.025
0.021
0.017
0.014
0.011
0.009
0.005
0.001
-0.002
-0.008
-0.014
-0.019
-0.024
-0.029
-0.034
-0.039
-0.042
-0.046
-0.049
-0.052
-0.056
-0.059
-0.063
-0.067
-0.072
-0.077
-0.086
-0.099
-0.112
-0.124
-0.138
-0.154
-0.171
-0.179
-0.184
-0.188
-0.192
-0.194
-0.196
-0.198
-0.199
-0.2
-0.2
-0.2
-0.199
-0.197
-0.195
-0.193
-0.19
-0.186
-0.18
-0.175
-0.165
-0.146
-0.126
-0.109
-0.094
-0.081
-0.069
-0.055
-0.039
-0.026
-0.017
-0.01
-0.004
0.002
0.009
0.016
0.02
0.024
0.028
0.031
0.033
0.034
0.035
0.035
0.035
0.035
0.034
0.033
0.032
0.031
0.031
0.03
0.029
0.028
0.026
0.024
0.022
0.022
0.021
0.021
0.022
0.022
0.023
0.023
0.024
0.025
0.026
0.027
0.028
0.029
0.03
0.031
0.032
0.033
0.033
0.033
0.033
0.033
0.033
0.033
0.034
0.035
0.035
0.036
0.036
0.037
0.037
0.038
0.039
0.04
0.04
0.04
0.04
0.04
0.04
0.039
0.039
0.038
0.038
0.038
0.037
0.037
0.037
0.038
0.039
0.039
0.04
0.041
0.041
0.041
0.041
0.041
0.041
0.041
0.041
0.041
0.042
0.042
0.042
0.043
0.045
0.046
0.048
0.049
0.051
0.052
0.053
0.054
0.054
0.053
0.05
0.046
0.042
0.037
0.032
0.027
0.022
0.017
0.013
0.009
0.006
0.004
0.002
0.0
-0.001
-0.003
-0.005
-0.006
-0.006
-0.006
-0.005
-0.004
-0.002
0.0
0.004
0.008
0.013
0.021
0.028
0.034
0.04
0.045
0.048
0.051
0.054
0.055
0.056
0.056
0.056
0.055
0.054
0.05
0.046
0.042
0.033
0.013
-0.022
-0.075
-0.146
-0.244
-0.359
-0.468
-0.53
-0.527
-0.45
-0.269
-0.023
0.227
0.419
0.49
0.488
0.406
0.302
0.205
0.134
0.096
0.081
0.07
0.062
0.056
0.05
0.041
0.032
0.027
0.024
0.021
0.018
0.016
0.013
0.01
0.008
0.005
0.003
0.0
-0.002
-0.005
-0.007
-0.011
-0.016
-0.021
-0.027
-0.031
-0.036
-0.04
-0.044
-0.048
-0.051
-0.055
-0.059
-0.063
-0.067
-0.072
-0.078
-0.088
-0.097
-0.107
-0.117
-0.126
-0.135
-0.143
-0.15
-0.157
-0.164
-0.172
-0.181
-0.187
-0.191
-0.195
-0.198
-0.201
-0.203
-0.204
-0.204
-0.203
-0.202
-0.199
-0.196
-0.192
-0.187
-0.18
-0.165
-0.151
-0.136
-0.121
-0.106
-0.091
-0.075
-0.062
-0.048
-0.035
-0.024
-0.015
-0.007
0.0
0.007
0.01
0.012
0.013
0.015
0.016
0.018
0.019
0.02
0.021
0.022
0.023
0.024
0.024
0.024
0.024
0.023
0.023
0.022
0.021
0.02
0.019
0.018
0.018
0.017
0.017
0.017
0.016
0.016
0.015
0.015
0.014
0.013
0.012
0.011
0.009
0.009
0.009
0.011
0.014
0.017
0.02
0.022
0.024
0.026
0.028
0.029
0.031
0.032
0.034
0.035
0.036
0.037
0.037
0.038
0.038
0.039
0.039
0.04
0.04
0.041
0.042
0.045
0.046
0.047
0.046
0.045
0.042
0.04
0.038
0.034
0.034
0.038
0.04
0.041
0.043
0.044
0.045
0.045
0.045
0.045
0.045
0.045
0.044
0.043
0.043
0.042
0.041
0.041
0.04
0.039
0.039
0.038
0.037
0.036
0.036
0.035
0.034
0.034
0.033
0.033
0.033
0.033
0.033
0.033
0.033
0.033
0.032
0.031
0.03
0.029
0.028
0.028
0.028
0.027
0.027
0.027
0.027
0.026
0.026
0.025
0.024
0.024
0.023
0.022
0.021
0.02
0.019
0.018
0.017
0.015
0.014
0.012
0.01
0.007
0.003
-0.004
-0.01
-0.014
-0.018
-0.021
-0.024
-0.025
-0.023
-0.018
-0.011
-0.004
0.004
0.01
0.015
0.017
0.018
0.019
0.02
0.021
0.021
0.022
0.022
0.023
0.024
0.025
0.025
0.026
0.026
0.026
0.026
0.026
0.026
0.026
0.026
0.028
0.031
0.019
-0.013
-0.071
-0.153
-0.263
-0.387
-0.497
-0.545
-0.535
-0.435
-0.233
0.013
0.251
0.426
0.482
0.477
0.401
0.303
0.218
0.156
0.117
0.088
0.063
0.053
0.042
0.035
0.029
0.025
0.021
0.019
0.016
0.014
0.012
0.01
0.009
0.008
0.007
0.006
0.005
0.004
0.003
0.002
0.001
0.0
-0.001
-0.002
-0.004
-0.007
-0.011
-0.016
-0.021
-0.026
-0.032
-0.041
-0.05
-0.061
-0.076
-0.085
-0.089
-0.092
-0.094
-0.097
-0.1
-0.103
-0.107
-0.113
-0.122
-0.136
-0.15
-0.163
-0.173
-0.181
-0.188
-0.194
-0.199
-0.203
-0.207
-0.21
-0.21
-0.207
-0.202
-0.193
-0.18
-0.167
-0.153
-0.138
-0.123
-0.107
-0.092
-0.078
-0.065
-0.053
-0.039
-0.024
-0.009
0.005
0.022
0.035
0.043
0.05
0.056
0.058
0.059
0.06
0.061
0.062
0.063
0.064
0.064
0.064
0.064
0.065
0.065
0.066
0.066
0.065
0.064
0.064
0.063
0.063
0.063
0.062
0.061
0.061
0.061
0.061
0.061
0.06
0.059
0.059
0.058
0.058
0.058
0.057
0.057
0.056
0.056
0.055
0.055
0.054
0.051
0.049
0.048
0.049
0.051
0.053
0.055
0.055
0.056
0.056
0.057
0.058
0.059
0.06
0.06
0.061
0.062
0.062
0.063
0.063
0.063
0.064
0.064
0.064
0.064
0.064
0.064
0.063
0.063
0.064
0.064
0.064
0.064
0.065
0.066
0.067
0.067
0.067
0.066
0.063
0.061
0.059
0.055
0.053
0.054
0.055
0.056
0.057
0.058
0.059
0.06
0.06
0.059
0.058
0.058
0.057
0.057
0.056
0.054
0.052
0.052
0.052
0.053
0.055
0.057
0.06
0.063
0.068
0.068
0.062
0.054
0.046
0.038
0.029
0.017
0.003
-0.008
-0.014
-0.018
-0.02
-0.022
-0.021
-0.018
-0.014
-0.007
0.003
0.021
0.034
0.044
0.051
0.056
0.061
0.064
0.064
0.06
0.057
0.055
0.054
0.053
0.052
0.051
0.049
0.048
0.046
0.044
0.042
0.039
0.037
0.033
0.028
0.005
-0.035
-0.102
-0.193
-0.307
-0.421
-0.499
-0.503
-0.442
-0.267
-0.03
0.212
0.406
0.493
0.503
0.463
0.377
0.288
0.207
0.142
0.098
0.08
0.075
0.072
0.069
0.065
0.061
0.056
0.046
0.031
0.026
0.023
0.021
0.02
0.02
0.019
0.017
0.014
0.012
0.009
0.007
0.005
0.003
0.0
-0.002
-0.005
-0.007
-0.008
-0.01
-0.012
-0.015
-0.018
-0.022
-0.026
-0.032
-0.039
-0.049
-0.057
-0.065
-0.073
-0.082
-0.095
-0.11
-0.122
-0.13
-0.14
-0.149
-0.158
-0.165
-0.17
-0.175
-0.179
-0.185
-0.189
-0.193
-0.197
-0.197
-0.192
-0.186
-0.179
-0.169
-0.16
-0.151
-0.142
-0.135
-0.127
-0.115
-0.101
-0.088
-0.077
-0.064
-0.051
-0.035
-0.02
-0.008
0.005
0.014
0.021
0.026
0.029
0.03
0.03
0.03
0.03
0.031
0.031
0.031
0.032
0.032
0.032
0.032
0.032
0.032
0.031
0.03
0.029
0.029
0.028
0.027
0.026
0.026
0.025
0.025
0.024
0.023
0.023
0.023
0.023
0.023
0.023
0.023
0.023
0.022
0.022
0.021
0.021
0.021
0.021
0.021
0.021
0.021
0.022
0.023
0.024
0.026
0.027
0.028
0.03
0.03
0.031
0.031
0.032
0.032
0.032
0.032
0.033
0.034
0.034
0.035
0.036
0.037
0.037
0.038
0.038
0.038
0.037
0.037
0.037
0.037
0.038
0.038
0.039
0.04
0.04
0.041
0.042
0.042
0.043
0.043
0.043
0.044
0.044
0.044
0.044
0.045
0.047
0.048
0.047
0.045
0.041
0.037
0.035
0.034
0.033
0.032
0.031
0.03
0.03
0.03
0.029
0.029
0.029
0.028
0.027
0.027
0.026
0.025
0.025
0.024
0.023
0.023
0.022
0.021
0.021
0.02
0.02
0.019
0.018
0.017
0.016
0.014
0.013
0.012
0.011
0.01
0.009
0.009
0.008
0.007
0.007
0.006
0.005
0.003
0.002
0.0
-0.001
-0.003
-0.006
-0.01
-0.018
-0.025
-0.029
-0.032
-0.035
-0.037
-0.039
-0.041
-0.042
-0.042
-0.042
-0.04
-0.037
-0.033
-0.029
-0.024
-0.02
-0.014
-0.008
-0.003
-0.001
0.0
0.002
0.003
0.004
0.006
0.007
0.008
0.009
0.01
0.01
0.01
0.008
0.005
0.001
-0.002
-0.008
-0.019
-0.044
-0.091
-0.158
-0.257
-0.376
-0.493
-0.578
-0.583
-0.524
-0.344
-0.102
0.148
0.339
0.413
0.414
0.344
0.254
0.168
0.101
0.064
0.036
0.027
0.019
0.011
0.007
0.003
0.0
-0.001
-0.003
-0.004
-0.006
-0.007
-0.008
-0.01
-0.011
-0.013
-0.015
-0.017
-0.019
-0.021
-0.024
-0.028
-0.032
-0.037
-0.043
-0.047
-0.052
-0.056
-0.06
-0.064
-0.067
-0.069
-0.071
-0.073
-0.077
-0.082
-0.091
-0.101
-0.11
-0.117
-0.125
-0.134
-0.141
-0.148
-0.155
-0.16
-0.165
-0.171
-0.177
-0.185
-0.193
-0.198
-0.202
-0.206
-0.209
-0.211
-0.211
-0.21
-0.208
-0.205
-0.201
-0.197
-0.192
-0.183
-0.175
-0.167
-0.159
-0.148
-0.135
-0.116
-0.096
-0.079
-0.06
-0.041
-0.022
-0.007
0.001
0.009
0.015
0.022
0.031
0.036
0.038
0.038
0.039
0.039
0.039
0.04
0.041
0.041
0.042
0.042
0.042
0.042
0.042
0.042
0.042
0.041
0.04
0.039
0.039
0.039
0.039
0.039
0.039
0.039
0.04
0.04
0.041
0.041
0.042
0.042
0.042
0.043
0.043
0.044
0.044
0.044
0.043
0.043
0.042
0.042
0.043
0.043
0.042
0.043
0.043
0.044
0.045
0.047
0.048
0.048
0.048
0.048
0.049
0.049
0.049
0.049
0.049
0.049
0.05
0.052
0.053
0.055
0.057
0.058
0.06
0.061
0.062
0.062
0.061
0.06
0.059
0.058
0.057
0.057
0.056
0.055
0.055
0.054
0.054
0.054
0.053
0.052
0.052
0.051
0.051
0.051
0.05
0.05
0.05
0.05
0.051
0.051
0.052
0.052
0.053
0.053
0.054
0.055
0.055
0.056
0.056
0.056
0.056
0.057
0.058
0.059
0.06
0.059
0.057
0.053
0.049
0.044
0.039
0.034
0.029
0.024
0.021
0.018
0.015
0.013
0.011
0.009
0.007
0.006
0.005
0.004
0.006
0.009
0.015
0.02
0.025
0.029
0.033
0.037
0.042
0.047
0.05
0.053
0.056
0.058
0.06
0.062
0.064
0.066
0.068
0.072
0.076
0.077
0.076
0.073
0.068
0.051
0.022
-0.026
-0.098
-0.189
-0.303
-0.421
-0.518
-0.553
-0.499
-0.345
-0.113
0.138
0.353
0.478
0.509
0.466
0.376
0.281
0.198
0.145
0.114
0.102
0.091
0.081
0.07
0.055
0.047
0.042
0.038
0.035
0.032
0.03
0.028
0.026
0.024
0.023
0.021
0.018
0.015
0.012
0.007
0.001
-0.005
-0.012
-0.02
-0.027
-0.031
-0.035
-0.037
-0.04
-0.042
-0.044
-0.047
-0.05
-0.054
-0.058
-0.063
-0.07
-0.079
-0.088
-0.097
-0.107
-0.119
-0.13
-0.141
-0.15
-0.159
-0.168
-0.175
-0.181
-0.186
-0.191
-0.195
-0.199
-0.202
-0.207
-0.21
-0.212
-0.21
-0.206
-0.2
-0.189
-0.171
-0.155
-0.143
-0.131
-0.117
-0.098
-0.081
-0.069
-0.057
-0.045
-0.033
-0.021
-0.003
0.01
0.013
0.015
0.016
0.017
0.018
0.019
0.021
0.024
0.027
0.029
0.033
0.036
0.039
0.045
0.051
0.053
0.053
0.054
0.055
0.055
0.056
0.057
0.057
0.054
0.05
0.046
0.044
0.042
0.04
0.039
0.037
0.036
0.034
0.033
0.032
0.031
0.03
0.029
0.028
0.027
0.026
0.025
0.024
0.024
0.023
0.022
0.02
0.016
0.013
0.014
0.019
0.026
0.032
0.037
0.042
0.045
0.046
0.048
0.049
0.052
0.053
0.053
0.051
0.05
0.049
0.048
0.046
0.045
0.043
0.042
0.041
0.04
0.039
0.038
0.038
0.037
0.038
0.038
0.039
0.039
0.039
0.038
0.038
0.038
0.038
0.038
0.037
0.037
0.036
0.037
0.038
0.038
0.039
0.04
0.04
0.04
0.041
0.041
0.041
0.041
0.04
0.039
0.039
0.039
0.039
0.039
0.039
0.039
0.039
0.039
0.039
0.038
0.038
0.036
0.034
0.037
0.043
0.047
0.051
0.054
0.056
0.056
0.053
0.05
0.045
0.04
0.034
0.028
0.022
0.017
0.013
0.009
0.005
0.002
0.0
-0.001
-0.002
-0.003
-0.005
-0.006
-0.004
0.001
0.008
0.016
0.028
0.035
0.04
0.044
0.047
0.051
0.054
0.056
0.059
0.061
0.064
0.066
0.068
0.07
0.072
0.073
0.073
0.072
0.071
0.068
0.065
0.06
0.042
0.004
-0.056
-0.142
-0.246
-0.359
-0.459
-0.508
-0.476
-0.348
-0.137
0.109
0.334
0.491
0.537
0.488
0.398
0.3
0.224
0.178
0.147
0.129
0.112
0.093
0.081
0.075
0.07
0.066
0.063
0.06
0.058
0.055
0.051
0.048
0.043
0.039
0.035
0.032
0.027
0.022
0.017
0.012
0.008
0.005
0.003
0.001
-0.001
-0.004
-0.007
-0.01
-0.013
-0.018
-0.024
-0.029
-0.034
-0.039
-0.048
-0.063
-0.079
-0.09
-0.098
-0.104
-0.109
-0.115
-0.122
-0.129
-0.134
-0.139
-0.142
-0.146
-0.153
-0.165
-0.181
-0.19
-0.193
-0.195
-0.196
-0.197
-0.195
-0.191
-0.186
-0.18
-0.171
-0.161
-0.151
-0.141
-0.131
-0.117
-0.1
-0.082
-0.065
-0.05
-0.036
-0.025
-0.017
-0.006
0.004
0.015
0.026
0.031
0.034
0.036
0.038
0.04
0.041
0.042
0.043
0.044
0.045
0.045
0.046
0.047
0.047
0.047
0.047
0.047
0.047
0.046
0.046
0.046
0.046
0.045
0.045
0.046
0.046
0.045
0.042
0.039
0.037
0.035
0.033
0.031
0.03
0.028
0.028
0.028
0.028
0.029
0.03
0.031
0.031
0.032
0.033
0.035
0.036
0.037
0.037
0.038
0.038
0.039
0.04
0.04
0.04
0.04
0.041
0.042
0.044
0.046
0.048
0.049
0.05
0.052
0.055
0.057
0.058
0.058
0.056
0.053
0.05
0.047
0.045
0.044
0.043
0.042
0.041
0.04
0.04
0.04
0.039
0.038
0.037
0.037
0.036
0.036
0.036
0.037
0.037
0.037
0.038
0.039
0.04
0.04
0.04
0.04
0.04
0.039
0.039
0.039
0.039
0.039
0.039
0.039
0.039
0.04
0.04
0.039
0.04
0.04
0.04
0.04
0.039
0.039
0.038
0.037
0.037
0.036
0.036
0.035
0.034
0.033
0.031
0.03
0.029
0.027
0.024
0.015
0.007
0.001
-0.003
-0.006
-0.01
-0.012
-0.013
-0.012
-0.01
-0.006
-0.002
0.001
0.008
0.015
0.021
0.025
0.027
0.029
0.031
0.033
0.035
0.036
0.037
0.038
0.039
0.039
0.039
0.039
0.038
0.037
0.036
0.034
0.033
0.03
0.028
0.025
0.021
0.0
-0.04
-0.111
-0.207
-0.323
-0.441
-0.532
-0.56
-0.492
-0.329
-0.093
0.152
0.346
0.433
0.442
0.402
0.321
0.241
0.173
0.127
0.097
0.078
0.063
0.054
0.046
0.039
0.033
0.029
0.026
0.022
0.019
0.016
0.013
0.012
0.01
0.009
0.007
0.006
0.004
0.002
0.001
0.0
-0.002
-0.004
-0.008
-0.013
-0.024
-0.034
-0.04
-0.044
-0.048
-0.051
-0.054
-0.056
-0.059
-0.061
-0.065
-0.07
-0.077
-0.086
-0.097
-0.109
-0.118
-0.126
-0.133
-0.141
-0.151
-0.159
-0.166
-0.172
-0.177
-0.182
-0.186
-0.188
-0.191
-0.194
-0.196
-0.198
-0.198
-0.197
-0.195
-0.191
-0.185
-0.179
-0.17
-0.154
-0.144
-0.132
-0.116
-0.102
-0.087
-0.073
-0.063
-0.053
-0.042
-0.025
-0.005
0.015
0.03
0.04
0.045
0.048
0.05
0.051
0.052
0.052
0.053
0.053
0.053
0.054
0.053
0.052
0.051
0.049
0.047
0.046
0.044
0.043
0.042
0.041
0.041
0.04
0.039
0.038
0.037
0.036
0.036
0.036
0.036
0.036
0.036
0.035
0.035
0.035
0.036
0.036
0.036
0.036
0.036
0.037
0.037
0.038
0.039
0.039
0.039
0.039
0.04
0.04
0.04
0.04
0.04
0.04
0.041
0.043
0.044
0.045
0.045
0.045
0.045
0.045
0.044
0.044
0.044
0.043
0.042
0.042
0.042
0.042
0.043
0.043
0.043
0.043
0.043
0.043
0.043
0.042
0.041
0.041
0.04
0.039
0.039
0.039
0.039
0.04
0.04
0.04
0.041
0.041
0.042
0.042
0.042
0.043
0.043
0.043
0.043
0.043
0.043
0.043
0.044
0.044
0.045
0.046
0.047
0.048
0.048
0.049
0.049
0.049
0.049
0.049
0.048
0.047
0.045
0.044
0.043
0.041
0.04
0.038
0.035
0.033
0.03
0.023
0.014
0.005
-0.004
-0.014
-0.019
-0.022
-0.024
-0.027
-0.025
-0.014
-0.002
0.01
0.022
0.031
0.04
0.045
0.049
0.05
0.052
0.053
0.054
0.055
0.056
0.056
0.057
0.057
0.057
0.057
0.056
0.055
0.054
0.052
0.049
0.047
0.044
0.031
-0.005
-0.062
-0.149
-0.257
-0.374
-0.48
-0.524
-0.515
-0.424
-0.233
0.006
0.238
0.413
