0.03
0.032
0.034
0.037
0.041
0.044
0.048
0.052
0.055
0.058
0.06
0.061
0.062
0.062
0.062
0.062
0.062
0.061
0.061
0.061
0.062
0.062
0.063
0.064
0.065
0.065
0.066
0.067
0.068
0.068
0.07
0.072
0.074
0.077
0.079
0.084
0.09
0.096
0.101
0.107
0.113
0.12
0.13
0.143
0.155
0.166
0.178
0.189
0.2
0.21
0.22
0.23
0.24
0.253
0.267
0.284
0.299
0.318
0.343
0.365
0.381
0.398
0.416
0.433
0.45
0.467
0.484
0.503
0.515
0.523
0.529
0.534
0.537
0.537
0.535
0.53
0.524
0.515
0.498
0.469
0.443
0.416
0.394
0.376
0.356
0.335
0.315
0.295
0.275
0.256
0.237
0.212
0.184
0.164
0.148
0.131
0.116
0.103
0.091
0.079
0.07
0.062
0.056
0.051
0.046
0.042
0.038
0.036
0.033
0.031
0.028
0.025
0.022
0.019
0.016
0.014
0.013
0.012
0.012
0.011
0.011
0.01
0.01
0.009
0.009
0.008
0.008
0.007
0.007
0.006
0.006
0.006
0.005
0.005
0.004
0.003
0.001
-0.001
-0.004
-0.009
-0.014
-0.019
-0.025
-0.035
-0.046
-0.052
-0.053
-0.054
-0.055
-0.056
-0.057
-0.058
-0.058
-0.058
-0.057
-0.056
-0.056
-0.055
-0.054
-0.052
-0.05
-0.047
-0.045
-0.044
-0.044
-0.043
-0.042
-0.042
-0.041
-0.041
-0.041
-0.041
-0.041
-0.042
-0.044
-0.048
-0.053
-0.058
-0.064
-0.069
-0.075
-0.083
-0.098
-0.108
-0.11
-0.111
-0.111
-0.112
-0.113
-0.114
-0.115
-0.116
-0.116
-0.116
-0.117
-0.117
-0.116
-0.115
-0.113
-0.112
-0.11
-0.108
-0.106
-0.103
-0.101
-0.099
-0.097
-0.096
-0.095
-0.094
-0.092
-0.089
-0.087
-0.084
-0.082
-0.079
-0.076
-0.073
-0.071
-0.068
-0.065
-0.061
-0.057
-0.052
-0.044
-0.027
-0.012
0.0
0.011
0.02
0.029
0.038
0.048
0.059
0.069
0.081
0.091
0.094
0.095
0.096
0.098
0.099
0.1
0.1
0.095
0.084
0.068
0.039
0.009
-0.024
-0.062
-0.097
-0.13
-0.161
-0.187
-0.204
-0.207
-0.209
-0.21
-0.21
-0.211
-0.211
-0.211
-0.209
-0.206
-0.201
-0.195
-0.188
-0.181
-0.174
-0.167
-0.162
-0.159
-0.157
-0.156
-0.154
-0.152
-0.149
-0.147
-0.143
-0.138
-0.13
-0.116
-0.069
0.01
0.108
0.218
0.33
0.431
0.509
0.532
0.548
0.503
0.418
0.305
0.174
0.042
-0.073
-0.164
-0.209
-0.224
-0.232
-0.233
-0.225
-0.216
-0.208
-0.202
-0.197
-0.192
-0.187
-0.181
-0.174
-0.168
-0.164
-0.16
-0.158
-0.157
-0.155
-0.155
-0.154
-0.153
-0.151
-0.148
-0.145
-0.142
-0.14
-0.139
-0.138
-0.136
-0.133
-0.131
-0.128
-0.125
-0.12
-0.112
-0.102
-0.092
-0.083
-0.075
-0.069
-0.064
-0.06
-0.057
-0.053
-0.05
-0.047
-0.044
-0.041
-0.038
-0.035
-0.03
-0.022
-0.006
0.009
0.022
0.033
0.045
0.057
0.07
0.083
0.094
0.105
0.122
0.147
0.172
0.2
0.225
0.244
0.262
0.285
0.315
0.331
0.339
0.345
0.35
0.352
0.353
0.352
0.349
0.344
0.336
0.326
0.306
0.273
0.247
0.22
0.194
0.167
0.142
0.114
0.084
0.055
0.033
0.021
0.008
-0.002
-0.016
-0.033
-0.049
-0.061
-0.07
-0.079
-0.091
-0.105
-0.115
-0.123
-0.131
-0.136
-0.139
-0.14
-0.141
-0.141
-0.142
-0.142
-0.143
-0.143
-0.144
-0.144
-0.143
-0.142
-0.138
-0.134
-0.128
-0.123
-0.118
-0.114
-0.11
-0.107
-0.103
-0.1
-0.096
-0.092
-0.088
-0.084
-0.08
-0.076
-0.071
-0.064
-0.056
-0.05
-0.044
-0.037
-0.031
-0.025
-0.019
-0.014
-0.008
-0.002
0.003
0.009
0.015
0.02
0.023
0.025
0.027
0.03
0.032
0.033
0.035
0.036
0.038
0.039
0.039
0.039
0.038
0.038
0.037
0.037
0.036
0.036
0.035
0.034
0.033
0.032
0.032
0.031
0.03
0.029
0.028
0.027
0.026
0.025
0.024
0.022
0.021
0.019
0.017
0.014
0.011
0.007
0.004
0.0
-0.009
-0.019
-0.025
-0.027
-0.029
-0.03
-0.03
-0.031
-0.031
-0.031
-0.031
-0.031
-0.031
-0.031
-0.032
-0.031
-0.031
-0.031
-0.031
-0.03
-0.031
-0.031
-0.033
-0.034
-0.036
-0.038
-0.04
-0.042
-0.044
-0.046
-0.048
-0.05
-0.052
-0.053
-0.054
-0.057
-0.06
-0.064
-0.066
-0.066
-0.063
-0.058
-0.052
-0.046
-0.042
-0.038
-0.033
-0.029
-0.025
-0.021
-0.016
-0.012
-0.009
-0.005
-0.001
0.004
0.018
0.046
0.061
0.069
0.076
0.08
0.082
0.082
0.08
0.075
0.069
0.061
0.052
0.038
0.024
0.01
0.0
-0.011
-0.019
-0.022
-0.022
-0.023
-0.022
-0.021
-0.021
-0.02
-0.02
-0.02
-0.019
-0.019
-0.018
-0.018
-0.018
-0.018
-0.018
-0.018
-0.019
-0.021
-0.023
-0.026
-0.028
-0.03
-0.033
-0.037
-0.042
-0.048
-0.052
-0.052
-0.05
-0.042
-0.031
0.004
0.067
0.16
0.283
0.431
0.594
0.748
0.853
0.867
0.831
0.685
0.479
0.261
0.076
-0.046
-0.086
-0.1
-0.094
-0.09
-0.089
-0.087
-0.086
-0.085
-0.084
-0.084
-0.084
-0.084
-0.085
-0.086
-0.088
-0.09
-0.093
-0.095
-0.097
-0.098
-0.1
-0.103
-0.106
-0.107
-0.107
-0.102
-0.094
-0.084
-0.075
-0.063
-0.052
-0.043
-0.035
-0.03
-0.027
-0.024
-0.022
-0.02
-0.018
-0.015
-0.012
-0.009
-0.006
-0.002
0.001
0.006
0.012
0.021
0.038
0.053
0.065
0.078
0.091
0.104
0.115
0.126
0.137
0.147
0.157
0.169
0.183
0.201
0.219
0.237
0.257
0.277
0.297
0.312
0.327
0.342
0.359
0.373
0.384
0.396
0.407
0.415
0.422
0.428
0.432
0.433
0.432
0.428
0.421
0.411
0.394
0.365
0.337
0.307
0.275
0.241
0.203
0.168
0.136
0.105
0.082
0.065
0.045
0.03
0.018
0.01
0.006
0.002
0.0
0.0
-0.001
-0.002
-0.001
0.0
0.003
0.009
0.015
0.02
0.024
0.028
0.032
0.035
0.038
0.041
0.044
0.046
0.047
0.048
0.049
0.048
0.047
0.043
0.039
0.035
0.03
0.026
0.021
0.017
0.013
0.009
0.006
0.003
0.0
-0.001
-0.003
-0.005
-0.007
-0.009
-0.011
-0.013
-0.015
-0.016
-0.017
-0.019
-0.02
-0.021
-0.022
-0.023
-0.025
-0.027
-0.028
-0.03
-0.031
-0.034
-0.036
-0.039
-0.041
-0.044
-0.046
-0.049
-0.051
-0.054
-0.057
-0.06
-0.062
-0.064
-0.067
-0.069
-0.072
-0.074
-0.076
-0.078
-0.08
-0.082
-0.084
-0.086
-0.087
-0.089
-0.091
-0.093
-0.095
-0.097
-0.099
-0.1
-0.101
-0.102
-0.103
-0.104
-0.104
-0.105
-0.105
-0.107
-0.108
-0.11
-0.113
-0.115
-0.117
-0.118
-0.12
-0.121
-0.123
-0.124
-0.126
-0.128
-0.131
-0.135
-0.138
-0.141
-0.143
-0.144
-0.144
-0.142
-0.139
-0.135
-0.13
-0.125
-0.12
-0.115
-0.11
-0.106
-0.102
-0.097
-0.092
-0.087
-0.083
-0.079
-0.076
-0.073
-0.069
-0.065
-0.06
-0.051
-0.04
-0.026
-0.009
0.008
0.026
0.035
0.042
0.048
0.052
0.054
0.054
0.051
0.047
0.041
0.034
0.026
0.013
0.0
-0.016
-0.035
-0.057
-0.077
-0.091
-0.102
-0.11
-0.119
-0.127
-0.134
-0.138
-0.141
-0.144
-0.146
-0.149
-0.151
-0.152
-0.154
-0.155
-0.156
-0.157
-0.156
-0.156
-0.155
-0.154
-0.153
-0.151
-0.149
-0.147
-0.144
-0.141
-0.137
-0.133
-0.128
-0.116
-0.09
-0.048
0.017
0.113
0.245
0.408
0.581
0.736
0.809
0.806
0.719
0.543
0.341
0.155
0.019
-0.065
-0.093
-0.102
-0.109
-0.112
-0.11
-0.104
-0.102
-0.101
-0.1
-0.1
-0.099
-0.098
-0.096
-0.094
-0.091
-0.088
-0.085
-0.082
-0.078
-0.073
-0.067
-0.061
-0.054
-0.042
-0.031
-0.026
-0.026
-0.027
-0.027
-0.027
-0.028
-0.028
-0.029
-0.029
-0.03
-0.032
-0.033
-0.035
-0.036
-0.037
-0.037
-0.037
-0.035
-0.033
-0.03
-0.027
-0.024
-0.021
-0.019
-0.015
-0.012
-0.007
-0.001
0.004
0.009
0.014
0.018
0.022
0.027
0.032
0.041
0.056
0.07
0.089
0.111
0.133
0.156
0.179
0.204
0.225
0.241
0.258
0.271
0.282
0.289
0.291
0.293
0.295
0.297
0.298
0.297
0.289
0.275
0.259
0.238
0.217
0.19
0.158
0.133
0.114
0.093
0.072
0.051
0.027
0.005
-0.011
-0.029
-0.047
-0.06
-0.07
-0.078
-0.086
-0.093
-0.101
-0.107
-0.113
-0.118
-0.122
-0.127
-0.132
-0.137
-0.14
-0.142
-0.143
-0.145
-0.146
-0.147
-0.148
-0.149
-0.149
-0.149
-0.15
-0.152
-0.153
-0.154
-0.154
-0.154
-0.153
-0.152
-0.151
-0.15
-0.148
-0.146
-0.144
-0.143
-0.142
-0.142
-0.142
-0.141
-0.14
-0.14
-0.139
-0.138
-0.137
-0.135
-0.134
-0.132
-0.13
-0.128
-0.126
-0.123
-0.121
-0.118
-0.116
-0.113
-0.107
-0.101
-0.095
-0.092
-0.091
-0.09
-0.089
-0.089
-0.088
-0.088
-0.088
-0.088
-0.088
-0.088
-0.089
-0.089
-0.089
-0.091
-0.092
-0.094
-0.096
-0.097
-0.098
-0.099
-0.101
-0.103
-0.104
-0.104
-0.102
-0.099
-0.096
-0.094
-0.092
-0.091
-0.089
-0.087
-0.086
-0.085
-0.085
-0.085
-0.085
-0.085
-0.086
-0.087
-0.089
-0.091
-0.093
-0.093
-0.093
-0.092
-0.092
-0.091
-0.091
-0.09
-0.088
-0.087
-0.086
-0.085
-0.084
-0.084
-0.084
-0.083
-0.081
-0.079
-0.077
-0.075
-0.073
-0.069
-0.065
-0.06
-0.056
-0.051
-0.044
-0.038
-0.031
-0.026
-0.021
-0.016
-0.011
-0.006
0.0
0.005
0.011
0.018
0.025
0.032
0.043
0.061
0.074
0.084
0.091
0.098
0.103
0.106
0.107
0.105
0.1
0.092
0.082
0.068
0.044
0.018
0.0
-0.011
-0.021
-0.029
-0.036
-0.042
-0.047
-0.051
-0.054
-0.057
-0.059
-0.061
-0.062
-0.062
-0.061
-0.059
-0.057
-0.055
-0.054
-0.053
-0.052
-0.051
-0.049
-0.047
-0.045
-0.043
-0.042
-0.04
-0.039
-0.038
-0.036
-0.034
-0.031
-0.028
-0.008
0.046
0.127
0.235
0.37
0.529
0.686
0.791
0.827
0.791
0.682
0.483
0.258
0.055
-0.094
-0.162
-0.185
-0.169
-0.142
-0.11
-0.099
-0.097
-0.093
-0.09
-0.088
-0.086
-0.084
-0.081
-0.08
-0.078
-0.078
-0.078
-0.079
-0.08
-0.082
-0.084
-0.084
-0.085
-0.084
-0.084
-0.083
-0.082
-0.081
-0.08
-0.079
-0.079
-0.079
-0.079
-0.079
-0.079
-0.078
-0.077
-0.076
-0.075
-0.074
-0.072
-0.07
-0.067
-0.064
-0.061
-0.059
-0.056
-0.053
-0.047
-0.032
-0.017
0.0
0.012
0.023
0.033
0.044
0.053
0.063
0.073
0.085
0.096
0.106
0.116
0.129
0.148
0.167
0.186
0.205
0.223
0.241
0.259
0.281
0.301
0.318
0.329
0.335
0.34
0.345
0.349
0.35
0.346
0.334
0.32
0.305
0.286
0.266
0.247
0.227
0.208
0.19
0.174
0.155
0.132
0.106
0.088
0.075
0.064
0.054
0.044
0.036
0.032
0.028
0.026
0.024
0.022
0.02
0.018
0.016
0.014
0.012
0.009
0.006
0.003
0.0
-0.003
-0.007
-0.011
-0.016
-0.021
-0.027
-0.035
-0.044
-0.053
-0.059
-0.063
-0.066
-0.069
-0.072
-0.074
-0.075
-0.076
-0.077
-0.079
-0.08
-0.081
-0.082
-0.082
-0.082
-0.083
-0.084
-0.084
-0.083
-0.082
-0.081
-0.079
-0.078
-0.076
-0.073
-0.07
-0.066
-0.063
-0.059
-0.056
-0.052
-0.048
-0.043
-0.039
-0.034
-0.026
-0.016
-0.006
0.002
0.009
0.016
0.021
0.026
0.031
0.035
0.039
0.042
0.045
0.048
0.052
0.056
0.06
0.065
0.069
0.074
0.079
0.084
0.09
0.097
0.105
0.112
0.119
0.124
0.129
0.132
0.134
0.136
0.138
0.138
0.139
0.14
0.141
0.142
0.143
0.144
0.145
0.145
0.146
0.147
0.147
0.147
0.147
0.146
0.145
0.142
0.14
0.136
0.133
0.13
0.126
0.123
0.119
0.115
0.112
0.109
0.106
0.102
0.098
0.094
0.089
0.085
0.08
0.076
0.071
0.066
0.061
0.057
0.054
0.051
0.048
0.046
0.043
0.04
0.038
0.035
0.032
0.029
0.024
0.019
0.014
0.01
0.005
0.001
-0.002
-0.006
-0.01
-0.013
-0.015
-0.016
-0.018
-0.021
-0.023
-0.025
-0.027
-0.029
-0.031
-0.032
-0.033
-0.034
-0.033
-0.031
-0.028
-0.024
-0.018
-0.012
-0.006
0.0
0.007
0.013
0.023
0.033
0.04
0.044
0.046
0.048
0.05
0.053
0.055
0.057
0.058
0.056
0.049
0.04
0.029
0.015
-0.004
-0.022
-0.039
-0.054
-0.068
-0.081
-0.099
-0.116
-0.123
-0.128
-0.132
-0.137
-0.14
-0.144
-0.147
-0.15
-0.153
-0.155
-0.158
-0.159
-0.161
-0.162
-0.163
-0.163
-0.162
-0.161
-0.16
-0.158
-0.157
-0.155
-0.153
-0.15
-0.147
-0.143
-0.14
-0.116
-0.054
0.037
0.16
0.31
0.474
0.623
0.715
0.726
0.678
0.529
0.327
0.113
-0.077
-0.209
-0.25
-0.263
-0.24
-0.226
-0.221
-0.218
-0.215
-0.212
-0.21
-0.209
-0.207
-0.204
-0.201
-0.197
-0.193
-0.19
-0.189
-0.187
-0.185
-0.182
-0.178
-0.174
-0.17
-0.164
-0.158
-0.15
-0.142
-0.134
-0.127
-0.119
-0.112
-0.105
-0.099
-0.095
-0.091
-0.088
-0.085
-0.082
-0.079
-0.075
-0.071
-0.068
-0.064
-0.06
-0.057
-0.053
-0.049
-0.045
-0.041
-0.036
-0.03
-0.022
-0.014
-0.007
-0.002
0.003
0.01
0.018
0.029
0.04
0.052
0.065
0.082
0.104
0.128
0.148
0.165
0.183
0.201
0.222
0.246
0.269
0.287
0.301
0.31
0.316
0.32
0.323
0.327
0.331
0.332
0.327
0.315
0.3
0.284
0.263
0.242
0.221
0.199
0.176
0.156
0.139
0.123
0.11
0.097
0.083
0.069
0.052
0.034
0.014
-0.006
-0.023
-0.037
-0.051
-0.064
-0.077
-0.087
-0.092
-0.096
-0.1
-0.103
-0.105
-0.107
-0.11
-0.112
-0.114
-0.116
-0.118
-0.119
-0.121
-0.121
-0.121
-0.119
-0.117
-0.113
-0.108
-0.102
-0.096
-0.089
-0.082
-0.075
-0.068
-0.061
-0.049
-0.02
-0.012
-0.011
-0.01
-0.009
-0.008
-0.007
-0.005
-0.003
-0.002
-0.001
-0.001
-0.001
-0.001
-0.004
-0.007
-0.012
-0.017
-0.022
-0.027
-0.032
-0.036
-0.039
-0.042
-0.043
-0.044
-0.045
-0.046
-0.047
-0.049
-0.051
-0.053
-0.055
-0.056
-0.058
-0.06
-0.062
-0.063
-0.064
-0.064
-0.064
-0.065
-0.065
-0.067
-0.068
-0.069
-0.07
-0.072
-0.073
-0.075
-0.076
-0.077
-0.076
-0.076
-0.075
-0.075
-0.075
-0.074
-0.073
-0.073
-0.072
-0.071
-0.071
-0.07
-0.069
-0.067
-0.066
-0.064
-0.063
-0.061
-0.06
-0.059
-0.059
-0.059
-0.059
-0.06
-0.06
-0.06
-0.06
-0.06
-0.059
-0.059
-0.059
-0.059
-0.06
-0.06
-0.061
-0.062
-0.064
-0.065
-0.066
-0.067
-0.067
-0.066
-0.066
-0.066
-0.066
-0.066
-0.066
-0.067
-0.067
-0.069
-0.071
-0.072
-0.074
-0.075
-0.075
-0.076
-0.076
-0.076
-0.076
-0.076
-0.075
-0.075
-0.075
-0.075
-0.074
-0.074
-0.072
-0.069
-0.066
-0.062
-0.057
-0.052
-0.047
-0.041
-0.036
-0.029
-0.02
-0.01
0.0
0.007
0.015
0.022
0.03
0.037
0.044
0.051
0.057
0.063
0.067
0.071
0.075
0.078
0.08
0.083
0.085
0.088
0.092
0.096
0.098
0.1
0.1
0.097
0.091
0.083
0.074
0.064
0.052
0.034
0.014
-0.002
-0.02
-0.037
-0.054
-0.071
-0.089
-0.105
-0.113
-0.119
-0.124
-0.128
-0.132
-0.136
-0.14
-0.142
-0.145
-0.147
-0.149
-0.152
-0.154
-0.156
-0.157
-0.159
-0.16
-0.161
-0.161
-0.162
-0.163
-0.164
-0.165
-0.168
-0.173
-0.177
-0.176
-0.169
-0.154
-0.112
-0.04
0.063
0.199
0.363
0.539
0.685
0.743
0.732
0.619
0.417
0.177
-0.047
-0.217
-0.281
-0.304
-0.312
-0.303
-0.285
-0.275
-0.268
-0.262
-0.256
-0.251
-0.245
-0.24
-0.233
-0.226
-0.22
-0.215
-0.211
-0.206
-0.202
-0.198
-0.194
-0.19
-0.186
-0.182
-0.177
-0.173
-0.169
-0.166
-0.163
-0.16
-0.157
-0.154
-0.15
-0.145
-0.139
-0.13
-0.12
-0.108
-0.097
-0.086
-0.074
-0.062
-0.049
-0.036
-0.024
-0.014
-0.004
0.005
0.016
0.027
0.038
0.048
0.059
0.073
0.09
0.106
0.123
0.139
0.156
0.173
0.193
0.213
0.233
0.253
0.272
0.292
0.312
0.331
0.349
0.37
0.395
0.419
0.443
0.466
0.478
0.484
0.488
0.492
0.495
0.497
0.497
0.497
0.494
0.489
0.481
0.472
0.461
0.447
0.424
0.402
0.382
0.357
0.329
0.303
0.282
0.264
0.245
0.226
0.209
0.194
0.179
0.163
0.149
0.14
0.133
0.127
0.122
0.117
0.112
0.106
0.099
0.092
0.085
0.078
0.072
0.068
0.065
0.062
0.06
0.057
0.055
0.053
0.051
0.048
0.045
0.043
0.041
0.039
0.038
0.037
0.036
0.036
0.036
0.037
0.038
0.038
0.039
0.039
0.039
0.039
0.04
0.04
0.041
0.042
0.042
0.043
0.044
0.045
0.045
0.045
0.045
0.045
0.044
0.042
0.041
0.04
0.038
0.037
0.037
0.036
0.036
0.035
0.034
0.032
0.03
0.027
0.024
0.02
0.017
0.014
0.011
0.008
0.006
0.004
0.003
0.002
0.0
-0.002
-0.006
-0.011
-0.016
-0.022
-0.027
-0.031
-0.035
-0.038
-0.041
-0.042
-0.043
-0.044
-0.045
-0.047
-0.048
-0.05
-0.052
-0.054
-0.056
-0.059
-0.061
-0.064
-0.065
-0.067
-0.068
-0.069
-0.071
-0.073
-0.075
-0.078
-0.08
-0.082
-0.084
-0.086
-0.088
-0.09
-0.09
-0.09
-0.09
-0.09
-0.09
-0.09
-0.09
-0.09
-0.091
-0.092
-0.093
-0.095
-0.096
-0.097
-0.096
-0.095
-0.094
-0.093
-0.092
-0.091
-0.09
-0.089
-0.089
-0.089
-0.089
-0.09
-0.09
-0.088
-0.084
-0.077
-0.069
-0.061
-0.053
-0.045
-0.036
-0.028
-0.019
-0.01
-0.001
0.005
0.011
0.017
0.022
0.028
0.032
0.036
0.037
0.035
0.03
0.023
0.015
0.006
-0.002
-0.012
-0.023
-0.034
-0.044
-0.052
-0.057
-0.062
-0.065
-0.069
-0.071
-0.073
-0.074
-0.075
-0.075
-0.076
-0.077
-0.077
-0.078
-0.078
-0.078
-0.079
-0.079
-0.08
-0.081
-0.083
-0.084
-0.084
-0.083
-0.083
-0.082
-0.081
-0.08
-0.079
-0.077
-0.075
-0.072
-0.07
-0.067
-0.046
0.021
0.122
0.253
0.412
0.582
0.732
0.812
0.814
0.743
0.569
0.349
0.13
-0.038
-0.105
-0.118
-0.128
-0.137
-0.144
-0.15
-0.155
-0.158
-0.16
-0.162
-0.162
-0.162
-0.159
-0.153
-0.147
-0.141
-0.136
-0.131
-0.128
-0.124
-0.12
-0.117
-0.115
-0.112
-0.109
-0.107
-0.104
-0.101
-0.098
-0.094
-0.091
-0.088
-0.085
-0.083
-0.08
-0.078
-0.075
-0.073
-0.071
-0.07
-0.068
-0.066
-0.063
-0.06
-0.057
-0.053
-0.048
-0.042
-0.036
-0.03
-0.024
-0.018
-0.012
-0.006
0.0
0.009
0.018
0.027
0.037
0.046
0.057
0.068
0.08
0.093
0.105
0.118
0.131
0.148
0.17
0.191
0.209
0.23
0.255
0.284
0.304
0.32
0.332
0.337
0.336
0.334
0.331
0.329
0.327
0.324
0.315
0.299
0.275
0.239
0.212
0.192
0.172
0.151
0.13
0.101
0.076
0.055
0.04
0.029
0.015
-0.001
-0.027
-0.044
-0.055
-0.064
-0.073
-0.082
-0.09
-0.097
-0.102
-0.107
-0.111
-0.115
-0.119
-0.123
-0.126
-0.13
-0.134
-0.139
-0.143
-0.147
-0.15
-0.153
-0.155
-0.158
-0.161
-0.164
-0.167
-0.17
-0.173
-0.176
-0.179
-0.182
-0.185
-0.187
-0.189
-0.191
-0.192
-0.192
-0.192
-0.192
-0.191
-0.19
-0.188
-0.187
-0.186
-0.184
-0.182
-0.179
-0.176
-0.172
-0.169
-0.166
-0.163
-0.16
-0.157
-0.153
-0.15
-0.148
-0.146
-0.143
-0.14
-0.137
-0.134
-0.131
-0.129
-0.126
-0.124
-0.12
-0.117
-0.114
-0.111
-0.109
-0.106
