-0.778
-0.723
-0.68
-0.641
-0.6
-0.555
-0.511
-0.469
-0.443
-0.418
-0.392
-0.36
-0.321
-0.278
-0.244
-0.217
-0.193
-0.172
-0.143
-0.108
-0.078
-0.061
-0.052
-0.043
-0.027
-0.002
0.027
0.057
0.08
0.096
0.116
0.134
0.147
0.157
0.164
0.177
0.195
0.216
0.232
0.242
0.251
0.263
0.29
0.324
0.342
0.346
0.344
0.346
0.355
0.368
0.38
0.389
0.392
0.39
0.39
0.391
0.396
0.402
0.407
0.408
0.403
0.395
0.39
0.387
0.384
0.379
0.369
0.353
0.338
0.334
0.341
0.356
0.371
0.382
0.394
0.404
0.413
0.421
0.428
0.431
0.434
0.436
0.436
0.43
0.417
0.402
0.392
0.389
0.391
0.396
0.396
0.395
0.398
0.402
0.4
0.361
0.253
0.098
-0.064
-0.189
-0.236
-0.169
0.03
0.341
0.704
1.042
1.271
1.326
1.214
1.018
0.814
0.648
0.547
0.513
0.509
0.508
0.502
0.493
0.482
0.469
0.456
0.446
0.439
0.433
0.426
0.416
0.403
0.393
0.386
0.381
0.374
0.367
0.364
0.363
0.367
0.372
0.374
0.371
0.365
0.361
0.359
0.357
0.353
0.341
0.328
0.314
0.305
0.298
0.288
0.276
0.26
0.242
0.227
0.214
0.203
0.193
0.176
0.147
0.118
0.097
0.081
0.072
0.065
0.055
0.041
0.028
0.02
0.018
0.019
0.023
0.026
0.025
0.028
0.037
0.063
0.111
0.154
0.18
0.187
0.19
0.198
0.217
0.233
0.243
0.246
0.244
0.24
0.238
0.242
0.249
0.257
0.263
0.265
0.265
0.262
0.261
0.262
0.26
0.253
0.239
0.221
0.202
0.19
0.186
0.187
0.184
0.174
0.161
0.149
0.147
0.155
0.169
0.182
0.187
0.192
0.198
0.204
0.209
0.212
0.216
0.22
0.223
0.224
0.221
0.218
0.218
0.222
0.228
0.232
0.231
0.225
0.219
0.216
0.22
0.226
0.23
0.228
0.22
0.211
0.207
0.208
0.21
0.207
0.2
0.194
0.189
0.187
0.184
0.178
0.167
0.155
0.145
0.134
0.122
0.114
0.112
0.116
0.128
0.144
0.171
0.207
0.227
0.24
0.246
0.246
0.242
0.236
0.231
0.225
0.216
0.205
0.197
0.196
0.198
0.202
0.204
0.203
0.202
0.203
0.205
0.203
0.195
0.161
0.106
0.025
-0.094
-0.238
-0.377
-0.475
-0.483
-0.415
-0.185
0.144
0.507
0.825
0.99
1.008
0.903
0.7
0.481
0.302
0.197
0.156
0.153
0.154
0.152
0.145
0.136
0.129
0.123
0.12
0.115
0.107
0.096
0.085
0.074
0.064
0.053
0.04
0.025
0.017
0.012
0.009
0.008
0.005
0.003
0.002
0.0
-0.001
-0.006
-0.011
-0.013
-0.015
-0.016
-0.021
-0.034
-0.048
-0.059
-0.066
-0.079
-0.098
-0.118
-0.128
-0.129
-0.125
-0.121
-0.122
-0.129
-0.136
-0.14
-0.138
-0.133
-0.131
-0.132
-0.136
-0.137
-0.135
-0.129
-0.121
-0.109
-0.089
-0.072
-0.048
-0.017
0.036
0.091
0.145
0.178
0.205
0.224
0.241
0.258
0.277
0.297
0.315
0.334
0.351
0.368
0.383
0.402
0.415
0.424
0.43
0.433
0.433
0.43
0.427
0.429
0.435
0.444
0.453
0.46
0.466
0.475
0.483
0.487
0.488
0.487
0.485
0.483
0.483
0.488
0.494
0.498
0.5
0.501
0.501
0.502
0.505
0.509
0.51
0.509
0.508
0.505
0.503
0.503
0.503
0.495
0.489
0.481
0.47
0.46
0.452
0.448
0.445
0.443
0.44
0.436
0.43
0.425
0.421
0.423
0.428
0.436
0.444
0.448
0.45
0.45
0.451
0.454
0.465
0.489
0.502
0.51
0.514
0.514
0.513
0.51
0.509
0.507
0.506
0.504
0.501
0.498
0.493
0.489
0.486
0.489
0.497
0.508
0.518
0.53
0.541
0.55
0.557
0.564
0.568
0.569
0.565
0.557
0.547
0.537
0.524
0.512
0.501
0.487
0.47
0.456
0.438
0.419
0.388
0.347
0.29
0.209
0.102
-0.037
-0.215
-0.421
-0.618
-0.721
-0.712
-0.565
-0.241
0.142
0.464
0.588
0.583
0.418
0.165
-0.081
-0.275
-0.405
-0.493
-0.555
-0.603
-0.645
-0.687
-0.716
-0.749
-0.781
-0.813
-0.845
-0.878
-0.909
-0.939
-0.967
-0.995
-1.025
-1.057
-1.08
-1.09
-1.096
-1.092
-1.076
-1.057
-1.034
-1.014
-0.99
-0.97
-0.954
-0.946
-0.949
-0.959
-0.991
-1.032
-1.08
-1.111
-1.16
-1.211
-1.26
-1.307
-1.329
-1.342
-1.347
-1.343
-1.328
-1.308
-1.284
-1.261
-1.232
-1.198
-1.164
-1.136
-1.115
-1.097
-1.08
-1.066
-1.053
-1.04
-1.029
-1.024
-1.031
-1.047
-1.065
-1.087
-1.106
-1.117
-1.125
-1.133
-1.14
-1.144
-1.146
-1.144
-1.139
-1.133
-1.127
-1.123
-1.116
-1.103
-1.091
-1.058
-1.013
-0.962
-0.912
-0.859
-0.801
-0.744
-0.688
-0.633
-0.583
-0.535
-0.507
-0.481
-0.459
-0.442
-0.429
-0.417
-0.4
-0.376
-0.35
-0.328
-0.316
-0.309
-0.304
-0.306
-0.315
-0.331
-0.354
-0.384
-0.427
-0.469
-0.488
-0.497
-0.501
-0.502
-0.497
-0.489
-0.481
-0.473
-0.474
-0.489
-0.51
-0.538
-0.566
-0.588
-0.6
-0.608
-0.608
-0.596
-0.563
-0.522
-0.479
-0.45
-0.42
-0.393
-0.369
-0.346
-0.328
-0.313
-0.298
-0.29
-0.286
-0.282
-0.279
-0.279
-0.282
-0.29
-0.301
-0.318
-0.339
-0.344
-0.346
-0.348
-0.33
-0.308
-0.289
-0.277
-0.265
-0.254
-0.248
-0.243
-0.237
-0.236
-0.241
-0.244
-0.248
-0.251
-0.253
-0.253
-0.253
-0.253
-0.252
-0.25
-0.248
-0.248
-0.248
-0.25
-0.254
-0.256
-0.257
-0.255
-0.252
-0.251
-0.25
-0.25
-0.247
-0.241
-0.229
-0.204
-0.18
-0.162
-0.155
-0.151
-0.152
-0.177
-0.24
-0.329
-0.43
-0.525
-0.593
-0.598
-0.563
-0.417
-0.175
0.142
0.484
0.775
0.927
0.945
0.854
0.661
0.453
0.287
0.2
0.163
0.145
0.128
0.106
0.086
0.073
0.065
0.061
0.067
0.077
0.085
0.092
0.101
0.109
0.116
0.123
0.129
0.132
0.135
0.138
0.142
0.146
0.149
0.152
0.154
0.156
0.158
0.16
0.161
0.162
0.166
0.172
0.176
0.17
0.156
0.14
0.123
0.108
0.095
0.082
0.068
0.056
0.045
0.035
0.027
0.024
0.022
0.02
0.019
0.017
0.013
0.008
0.005
0.004
0.007
0.012
0.016
0.02
0.024
0.03
0.042
0.071
0.119
0.175
0.234
0.289
0.338
0.385
0.433
0.478
0.521
0.564
0.591
0.617
0.638
0.654
0.674
0.692
0.708
0.726
0.736
0.742
0.746
0.747
0.748
0.749
0.75
0.75
0.746
0.74
0.733
0.723
0.713
0.699
0.687
0.678
0.67
0.657
0.638
0.615
0.598
0.586
0.576
0.566
0.557
0.548
0.539
0.53
0.522
0.516
0.511
0.507
0.501
0.493
0.483
0.47
0.454
0.435
0.417
0.401
0.386
0.368
0.358
0.353
0.351
0.35
0.353
0.369
0.384
0.397
0.413
0.431
0.456
0.492
0.519
0.536
0.549
0.56
0.58
0.611
0.644
0.678
0.707
0.726
0.743
0.766
0.803
0.838
0.865
0.888
0.897
0.899
0.898
0.899
0.901
0.903
0.907
0.911
0.913
0.913
0.912
0.912
0.913
0.917
0.924
0.935
0.945
0.933
0.894
0.831
0.742
0.629
0.503
0.39
0.354
0.381
0.538
0.84
1.222
1.594
1.87
1.963
1.964
1.842
1.673
1.512
1.393
1.315
1.252
1.215
1.184
1.164
1.151
1.141
1.133
1.124
1.114
1.102
1.08
1.05
1.022
0.998
0.975
0.95
0.928
0.91
0.89
0.874
0.863
0.851
0.836
0.827
0.819
0.809
0.8
0.794
0.79
0.786
0.78
0.772
0.76
0.74
0.713
0.687
0.66
0.63
0.605
0.582
0.555
0.528
0.507
0.486
0.465
0.446
0.429
0.416
0.405
0.395
0.389
0.384
0.379
0.374
0.372
0.379
0.395
0.414
0.436
0.456
0.481
0.515
0.552
0.586
0.619
0.649
0.677
0.701
0.724
0.753
0.776
0.79
0.794
0.786
0.766
0.738
0.696
0.65
0.601
0.546
0.494
0.442
0.395
0.366
0.348
0.333
0.318
0.304
0.29
0.273
0.255
0.243
0.234
0.226
0.22
0.215
0.21
0.204
0.2
0.199
0.199
0.198
0.196
0.192
0.188
0.185
0.181
0.176
0.172
0.169
0.17
0.173
0.178
0.184
0.189
0.195
0.202
0.209
0.215
0.222
0.228
0.235
0.242
0.249
0.253
0.254
0.253
0.25
0.246
0.24
0.233
0.226
0.219
0.213
0.206
0.199
0.189
0.177
0.165
0.153
0.141
0.13
0.118
0.106
0.094
0.088
0.087
0.085
0.083
0.08
0.076
0.073
0.074
0.083
0.101
0.117
0.127
0.134
0.14
0.142
0.144
0.147
0.15
0.153
0.155
0.157
0.157
0.157
0.155
0.154
0.155
0.158
0.165
0.174
0.176
0.162
0.12
0.057
-0.033
-0.149
-0.279
-0.411
-0.522
-0.555
-0.533
-0.388
-0.116
0.229
0.57
0.816
0.905
0.835
0.666
0.46
0.269
0.129
0.041
-0.01
-0.059
-0.108
-0.159
-0.211
-0.263
-0.308
-0.368
-0.427
-0.466
-0.5
-0.524
-0.546
-0.565
-0.582
-0.596
-0.606
-0.616
-0.626
-0.64
-0.659
-0.672
-0.68
-0.686
-0.691
-0.694
-0.697
-0.702
-0.708
-0.714
-0.719
-0.723
-0.726
-0.73
-0.734
-0.74
-0.746
-0.752
-0.759
-0.766
-0.774
-0.784
-0.8
-0.828
-0.849
-0.878
-0.914
-0.949
-0.984
-1.004
-1.017
-1.025
-1.026
-1.018
-1.003
-0.987
-0.968
-0.944
-0.928
-0.91
-0.888
-0.859
-0.831
-0.807
-0.788
-0.77
-0.752
-0.722
-0.679
-0.628
-0.576
-0.531
-0.501
-0.479
-0.449
-0.429
-0.416
-0.404
-0.391
-0.381
-0.373
-0.367
-0.362
-0.356
-0.351
-0.346
-0.341
-0.334
-0.324
-0.311
-0.297
-0.282
-0.264
-0.25
-0.243
-0.235
-0.229
-0.222
-0.218
-0.216
-0.22
