-0.109
-0.119
-0.125
-0.126
-0.126
-0.122
-0.117
-0.11
-0.098
-0.1
-0.117
-0.141
-0.169
-0.187
-0.198
-0.212
-0.229
-0.26
-0.287
-0.294
-0.298
-0.301
-0.303
-0.303
-0.299
-0.293
-0.284
-0.269
-0.244
-0.234
-0.229
-0.226
-0.224
-0.223
-0.222
-0.222
-0.221
-0.221
-0.22
-0.219
-0.219
-0.218
-0.216
-0.214
-0.213
-0.212
-0.211
-0.211
-0.209
-0.207
-0.205
-0.203
-0.2
-0.196
-0.19
-0.182
-0.174
-0.168
-0.163
-0.157
-0.148
-0.135
-0.118
-0.101
-0.085
-0.07
-0.055
-0.04
-0.019
-0.004
0.004
0.011
0.018
0.024
0.03
0.035
0.041
0.047
0.052
0.059
0.065
0.071
0.08
0.094
0.114
0.131
0.141
0.148
0.153
0.157
0.16
0.164
0.167
0.169
0.17
0.172
0.173
0.174
0.176
0.176
0.176
0.174
0.171
0.168
0.164
0.161
0.158
0.155
0.145
0.13
0.12
0.111
0.103
0.096
0.091
0.088
0.085
0.081
0.077
0.072
0.067
0.061
0.054
0.042
0.03
0.021
0.013
0.005
-0.001
-0.006
-0.009
-0.012
-0.014
-0.017
-0.02
-0.023
-0.027
-0.029
-0.032
-0.034
-0.035
-0.036
-0.037
-0.037
-0.036
-0.034
-0.031
-0.027
-0.023
-0.02
-0.017
-0.016
-0.014
-0.012
-0.01
-0.007
-0.003
0.0
0.001
0.002
0.002
0.002
0.002
0.001
0.001
0.001
0.001
0.001
0.0
0.0
0.001
0.0
0.0
0.0
-0.001
-0.003
-0.004
-0.005
-0.005
-0.004
-0.003
-0.001
-0.001
-0.006
-0.009
-0.012
-0.014
-0.017
-0.018
-0.016
-0.012
-0.006
0.0
0.004
0.008
0.013
0.018
0.022
0.025
0.028
0.03
0.032
0.033
0.033
0.031
0.029
0.027
0.025
0.023
0.022
0.02
0.016
0.013
0.009
0.004
-0.002
-0.009
-0.016
-0.024
-0.031
-0.038
-0.044
-0.049
-0.054
-0.058
-0.062
-0.065
-0.068
-0.072
-0.075
-0.079
-0.082
-0.086
-0.091
-0.099
-0.108
-0.115
-0.124
-0.135
-0.149
-0.167
-0.177
-0.184
-0.189
-0.194
-0.197
-0.201
-0.204
-0.207
-0.208
-0.209
-0.21
-0.211
-0.212
-0.214
-0.215
-0.216
-0.218
-0.219
-0.221
-0.222
-0.223
-0.224
-0.226
-0.228
-0.23
-0.233
-0.236
-0.239
-0.244
-0.251
-0.261
-0.27
-0.279
-0.288
-0.296
-0.303
-0.31
-0.316
-0.32
-0.324
-0.327
-0.331
-0.337
-0.342
-0.341
-0.333
-0.32
-0.299
-0.268
-0.238
-0.208
-0.176
-0.15
-0.136
-0.126
-0.12
-0.12
-0.127
-0.138
-0.155
-0.182
-0.211
-0.238
-0.263
-0.289
-0.312
-0.328
-0.341
-0.347
-0.351
-0.354
-0.356
-0.358
-0.359
-0.36
-0.361
-0.362
-0.362
-0.362
-0.36
-0.358
-0.356
-0.354
-0.35
-0.346
-0.342
-0.337
-0.331
-0.324
-0.312
-0.299
-0.286
-0.274
-0.267
-0.261
-0.256
-0.252
-0.247
-0.244
-0.24
-0.237
-0.235
-0.232
-0.23
-0.228
-0.227
-0.225
-0.224
-0.223
-0.221
-0.218
-0.216
-0.213
-0.21
-0.207
-0.204
-0.2
-0.196
-0.191
-0.184
-0.172
-0.148
-0.129
-0.115
-0.105
-0.095
-0.084
-0.074
-0.064
-0.055
-0.045
-0.037
-0.028
-0.016
0.0
0.015
0.036
0.061
0.084
0.108
0.133
0.161
0.186
0.204
0.221
0.234
0.244
0.253
0.261
0.269
0.276
0.282
0.289
0.296
0.303
0.312
0.324
0.342
0.356
0.374
0.398
0.419
0.435
0.45
0.46
0.467
0.473
0.479
0.486
0.492
0.5
0.51
0.522
0.536
0.553
0.572
0.588
0.602
0.614
0.629
0.646
0.658
0.667
0.676
0.682
0.685
0.685
0.685
0.685
0.685
0.685
0.686
0.686
0.685
0.683
0.675
0.664
0.657
0.65
0.643
0.636
0.629
0.622
0.613
0.603
0.591
0.579
0.567
0.548
0.516
0.485
0.466
0.463
0.462
0.461
0.46
0.46
0.459
0.458
0.455
0.451
0.446
0.438
0.43
0.413
0.38
0.347
0.315
0.301
0.295
0.29
0.286
0.282
0.278
0.274
0.271
0.269
0.267
0.264
0.259
0.248
0.224
0.203
0.189
0.175
0.161
0.146
0.125
0.111
0.101
0.093
0.089
0.088
0.09
0.093
0.096
0.1
0.104
0.107
0.108
0.105
0.095
0.083
0.065
0.041
0.024
0.013
0.004
-0.004
-0.014
-0.025
-0.039
-0.053
-0.066
-0.077
-0.086
-0.093
-0.099
-0.104
-0.108
-0.111
-0.112
-0.113
-0.115
-0.116
-0.117
-0.119
-0.12
-0.122
-0.122
-0.122
-0.121
-0.119
-0.117
-0.114
-0.111
-0.108
-0.106
-0.103
-0.101
-0.1
-0.099
-0.098
-0.097
-0.095
-0.093
-0.09
-0.088
-0.087
-0.086
-0.086
-0.088
-0.09
-0.092
-0.094
-0.095
-0.096
-0.097
-0.099
-0.101
-0.102
-0.103
-0.106
-0.11
-0.114
-0.118
-0.122
-0.126
-0.129
-0.132
-0.135
-0.138
-0.141
-0.146
-0.157
-0.156
-0.141
-0.119
-0.091
-0.045
0.002
0.057
0.082
0.097
0.109
0.109
0.095
0.074
0.046
0.024
0.008
-0.008
-0.022
-0.034
-0.048
-0.064
-0.082
-0.103
-0.12
-0.131
-0.138
-0.144
-0.149
-0.154
-0.159
-0.163
-0.166
-0.17
-0.174
-0.176
-0.177
-0.176
-0.172
-0.167
-0.161
-0.155
-0.152
-0.149
-0.146
-0.143
-0.139
-0.137
-0.134
-0.131
-0.128
-0.125
-0.123
-0.121
-0.12
-0.118
-0.116
-0.112
-0.108
-0.099
-0.08
-0.065
-0.057
-0.052
-0.047
-0.044
-0.041
-0.038
-0.035
-0.031
-0.027
-0.022
-0.018
-0.013
-0.006
0.001
0.011
0.021
0.031
0.039
0.044
0.048
0.053
0.057
0.06
0.063
0.065
0.067
0.069
0.071
0.072
0.073
0.073
0.074
0.074
0.073
0.072
0.07
0.068
0.065
0.063
0.06
0.057
0.054
0.05
0.046
0.041
0.034
0.025
0.017
0.008
-0.001
-0.009
-0.015
-0.019
-0.023
-0.026
-0.028
-0.03
-0.033
-0.036
-0.039
-0.043
-0.046
-0.049
-0.051
-0.053
-0.055
-0.057
-0.058
-0.06
-0.064
-0.067
-0.07
-0.071
-0.069
-0.063
-0.056
-0.051
-0.047
-0.044
-0.041
-0.037
-0.033
-0.03
-0.027
-0.025
-0.024
-0.023
-0.024
-0.024
-0.025
-0.026
-0.028
-0.03
-0.032
-0.034
-0.036
-0.038
-0.043
-0.045
-0.037
-0.023
-0.015
-0.009
-0.002
0.002
0.006
0.006
0.004
0.0
-0.004
-0.008
-0.011
-0.013
-0.016
-0.018
-0.021
-0.023
-0.024
-0.024
-0.024
-0.023
-0.022
-0.02
-0.018
-0.015
-0.013
-0.011
-0.01
-0.008
-0.006
-0.004
-0.001
0.0
0.0
0.001
0.0
0.0
0.0
0.0
0.0
-0.001
-0.002
-0.004
-0.005
-0.005
-0.005
-0.004
-0.002
-0.001
0.0
0.0
0.0
0.0
0.0
0.0
0.0
0.0
0.0
0.0
0.0
0.0
0.001
0.002
0.002
0.003
0.003
0.004
0.006
0.007
0.008
0.01
0.017
0.021
0.018
0.012
0.009
0.007
0.004
0.002
0.0
-0.001
-0.003
-0.005
-0.008
-0.01
-0.012
-0.013
-0.013
-0.015
-0.018
-0.022
-0.025
-0.026
-0.023
-0.019
-0.015
-0.013
-0.011
-0.009
-0.006
-0.004
-0.002
-0.001
-0.001
-0.002
-0.004
-0.007
-0.011
-0.016
-0.021
-0.025
-0.029
-0.031
-0.034
-0.037
-0.039
-0.042
-0.044
-0.047
-0.049
-0.051
-0.052
-0.052
-0.052
-0.051
-0.049
-0.046
-0.042
-0.037
-0.033
-0.027
-0.022
-0.009
0.017
0.058
0.105
0.153
0.201
0.219
0.228
0.235
0.22
0.196
0.17
0.152
0.141
0.13
0.118
0.1
0.072
0.039
0.012
-0.002
-0.01
-0.017
-0.028
-0.04
-0.052
-0.068
-0.077
-0.069
-0.051
-0.037
-0.023
-0.012
-0.011
-0.017
-0.023
-0.026
-0.027
-0.028
-0.028
-0.029
-0.029
-0.03
-0.031
-0.032
-0.034
-0.034
-0.035
-0.034
-0.033
-0.032
-0.031
-0.029
-0.028
-0.025
-0.024
-0.022
-0.02
-0.019
-0.017
-0.015
-0.013
-0.011
-0.009
-0.007
-0.005
-0.002
0.002
0.007
0.011
0.016
0.021
0.027
0.032
0.036
0.039
0.042
0.045
0.047
0.049
0.052
0.053
0.055
0.057
0.059
0.061
0.063
0.065
0.066
0.068
0.07
0.072
0.074
0.076
0.078
0.08
0.083
0.087
0.092
0.096
0.098
0.095
0.09
0.083
0.075
0.064
0.045
0.03
0.019
0.011
0.004
-0.003
-0.009
-0.015
-0.022
-0.029
-0.036
-0.045
-0.055
-0.062
-0.068
-0.074
-0.078
-0.08
-0.078
-0.074
-0.068
-0.063
-0.059
-0.055
-0.052
-0.048
-0.044
-0.04
-0.037
-0.034
-0.031
-0.03
-0.029
-0.029
-0.029
-0.028
-0.028
-0.027
-0.027
-0.026
-0.025
-0.023
-0.021
-0.02
-0.019
-0.018
-0.018
-0.017
-0.017
-0.016
-0.015
-0.014
-0.014
-0.014
-0.013
-0.013
-0.011
-0.01
-0.009
-0.008
-0.006
-0.003
-0.001
-0.003
-0.007
-0.011
-0.013
-0.014
-0.015
-0.016
-0.018
-0.019
-0.021
-0.023
-0.024
-0.025
-0.024
-0.024
-0.023
-0.022
-0.02
-0.019
-0.018
-0.018
-0.018
-0.018
-0.019
-0.021
-0.022
-0.023
-0.023
-0.024
-0.023
-0.023
-0.022
-0.021
-0.02
-0.021
-0.021
-0.023
-0.024
-0.026
-0.028
-0.03
-0.032
-0.034
-0.034
-0.034
-0.034
-0.032
-0.031
-0.028
-0.026
-0.023
-0.021
-0.018
-0.015
-0.013
-0.008
-0.002
0.0
-0.002
-0.008
-0.015
-0.023
-0.031
-0.039
-0.045
-0.052
-0.059
-0.065
-0.071
-0.076
-0.082
-0.089
-0.096
-0.106
-0.119
-0.128
-0.132
-0.137
-0.142
-0.145
-0.14
-0.129
-0.117
-0.102
-0.086
-0.078
-0.073
-0.068
-0.065
-0.06
-0.056
-0.052
-0.049
-0.046
-0.042
-0.034
-0.021
-0.003
0.006
0.011
0.016
0.02
0.023
0.026
0.028
0.028
0.028
0.028
0.029
0.029
0.03
0.03
0.031
0.033
0.031
0.021
0.015
0.011
0.008
0.005
0.003
0.002
0.0
0.0
0.0
0.0
0.001
0.003
0.008
0.014
0.02
0.046
0.086
0.129
0.171
0.211
0.252
0.297
0.321
0.336
0.346
0.351
0.346
0.334
0.316
0.289
0.243
0.191
0.13
0.079
0.06
0.059
0.066
0.071
0.074
0.076
0.078
0.079
0.078
0.076
0.072
0.067
0.064
0.063
0.061
0.058
0.055
0.051
0.048
0.046
0.044
0.042
0.041
0.04
0.039
0.038
0.037
0.037
0.037
0.037
0.036
0.035
0.034
0.032
0.032
0.035
0.041
0.047
0.053
0.058
0.062
0.066
0.07
0.073
0.077
0.08
0.082
0.085
0.087
0.09
0.092
0.093
0.094
0.095
0.095
0.095
0.096
0.098
0.1
0.102
0.103
0.105
0.107
0.109
0.111
0.113
0.114
0.115
0.116
0.118
0.119
0.121
0.122
0.124
0.125
0.125
0.125
0.125
0.125
0.124
0.123
0.121
0.119
0.117
0.115
0.113
0.11
0.107
0.101
0.089
0.077
0.064
0.054
0.045
0.037
0.028
0.018
0.01
0.007
0.005
0.003
0.001
0.0
-0.002
-0.004
-0.006
-0.008
-0.01
-0.011
-0.013
-0.014
-0.015
-0.016
-0.016
-0.017
-0.017
-0.018
-0.018
-0.019
-0.02
-0.02
-0.02
-0.021
-0.02
-0.02
-0.018
-0.017
-0.016
-0.015
-0.014
-0.012
-0.011
-0.009
-0.007
-0.006
-0.005
-0.003
0.0
0.003
0.007
0.008
0.006
0.0
-0.005
-0.011
-0.016
-0.02
-0.026
-0.031
-0.035
-0.036
-0.035
-0.033
-0.032
-0.031
-0.031
-0.031
-0.03
-0.029
-0.028
-0.027
-0.027
-0.026
-0.025
-0.023
-0.021
-0.019
-0.019
-0.019
-0.019
-0.02
-0.021
-0.022
-0.024
-0.026
-0.029
-0.03
-0.031
-0.032
-0.032
-0.032
-0.033
-0.034
-0.038
-0.042
-0.045
-0.046
-0.043
-0.039
-0.036
-0.035
-0.033
-0.031
-0.029
-0.026
-0.025
-0.023
-0.022
-0.02
-0.018
-0.017
-0.017
-0.018
-0.019
-0.02
-0.02
-0.02
-0.02
-0.02
-0.02
-0.02
-0.019
-0.017
-0.016
-0.016
-0.018
-0.019
-0.02
-0.019
-0.018
-0.017
-0.017
-0.018
-0.019
-0.021
-0.023
-0.024
-0.025
-0.027
-0.029
-0.031
-0.032
-0.032
-0.031
-0.03
-0.03
-0.03
-0.03
-0.029
-0.027
-0.026
-0.026
-0.026
-0.026
-0.025
-0.024
-0.022
-0.021
-0.02
-0.02
-0.02
-0.019
-0.018
-0.018
-0.019
-0.021
-0.023
-0.025
-0.026
-0.027
-0.029
-0.031
-0.033
-0.036
-0.038
-0.041
-0.05
-0.055
-0.051
-0.045
-0.041
-0.037
-0.032
-0.029
-0.028
-0.029
-0.031
-0.034
-0.037
-0.04
-0.042
-0.047
-0.052
-0.055
-0.057
-0.054
-0.047
-0.04
-0.033
-0.028
-0.02
-0.012
-0.004
0.0
0.0
-0.002
-0.005
-0.008
-0.009
-0.012
-0.014
-0.017
-0.019
-0.021
-0.023
-0.023
-0.023
-0.023
-0.021
-0.018
-0.014
-0.011
-0.008
-0.006
-0.004
-0.003
-0.002
-0.001
0.0
0.0
0.001
0.002
0.004
0.007
0.01
0.012
0.014
0.016
0.017
0.019
0.022
0.024
0.026
0.029
0.031
0.034
0.038
0.044
0.048
0.051
0.05
0.045
0.038
0.03
0.024
0.02
0.016
0.012
0.007
0.002
-0.001
-0.005
-0.007
-0.009
-0.011
-0.012
-0.011
-0.009
-0.006
-0.002
0.002
0.008
0.014
0.022
0.039
0.073
0.102
0.134
0.169
0.193
0.201
0.207
0.21
0.212
0.211
0.206
0.196
0.184
0.162
0.128
0.078
0.025
-0.004
-0.022
-0.033
-0.04
-0.04
-0.03
-0.019
-0.013
-0.008
-0.003
0.0
0.003
0.005
0.007
0.008
0.008
0.006
0.005
0.002
0.0
-0.004
-0.009
-0.014
-0.021
-0.028
-0.031
-0.028
-0.021
-0.014
-0.011
-0.008
-0.005
-0.003
0.0
0.001
0.004
0.006
0.007
0.008
0.009
0.01
0.011
0.012
0.014
0.016
0.018
0.02
0.021
0.023
0.024
0.027
0.029
0.031
0.033
0.036
0.039
0.043
0.047
0.051
0.055
0.057
0.06
0.062
0.064
0.067
0.07
0.073
0.075
0.078
0.082
0.085
0.088
0.089
0.089
0.089
0.088
0.088
0.088
0.089
0.09
0.091
0.093
0.091
0.079
0.073
0.069
0.065
0.061
0.057
0.052
0.048
0.044
0.04
0.034
0.024
0.008
-0.002
-0.008
-0.012
-0.015
-0.018
-0.021
-0.023
-0.025
-0.026
-0.027
-0.028
-0.03
-0.032
-0.035
-0.039
-0.043
-0.044
-0.043
-0.042
-0.042
-0.041
-0.041
-0.04
-0.039
-0.038
-0.036
-0.035
-0.033
-0.031
-0.03
-0.03
-0.031
-0.031
-0.031
-0.031
-0.031
-0.031
-0.031
-0.03
-0.03
-0.028
-0.027
-0.025
-0.025
-0.025
-0.028
-0.031
-0.034
-0.036
-0.039
-0.042
-0.046
-0.049
-0.051
-0.051
-0.048
-0.043
-0.038
-0.034
-0.03
-0.026
-0.021
-0.016
-0.012
-0.01
-0.008
-0.006
-0.004
-0.003
-0.001
-0.001
-0.002
-0.002
-0.001
0.002
0.006
0.006
0.0
-0.009
-0.022
-0.035
-0.034
-0.033
-0.033
-0.034
-0.035
-0.036
-0.036
-0.035
-0.034
-0.034
-0.034
-0.034
-0.032
-0.031
-0.029
-0.028
-0.027
-0.027
-0.026
-0.025
-0.025
-0.025
-0.026
-0.026
-0.025
-0.024
-0.022
-0.02
-0.015
-0.011
-0.011
-0.016
-0.022
-0.026
-0.028
-0.03
-0.032
-0.034
-0.036
-0.037
-0.037
-0.037
-0.036
-0.036
-0.035
-0.034
-0.032
-0.031
-0.029
-0.028
-0.027
-0.027
-0.026
-0.026
-0.025
-0.024
-0.024
-0.024
-0.024
-0.023
-0.023
-0.023
-0.023
-0.024
-0.025
-0.025
-0.025
-0.024
-0.023
-0.021
-0.02
-0.02
-0.02
-0.02
-0.021
-0.021
-0.021
-0.021
-0.02
-0.02
-0.019
-0.018
-0.017
-0.016
-0.015
-0.014
-0.013
-0.013
-0.012
-0.011
-0.01
-0.009
-0.008
-0.007
-0.004
-0.001
0.002
0.006
0.01
0.012
0.013
0.013
0.012
0.012
0.011
0.01
0.008
0.007
0.006
0.006
0.005
0.004
0.003
0.001
0.0
-0.003
-0.005
-0.007
-0.009
-0.012
-0.013
-0.015
-0.016
-0.018
-0.023
-0.025
-0.018
-0.003
0.018
0.052
0.088
0.121
0.152
0.18
0.194
0.202
0.208
0.212
0.214
0.214
0.211
0.206
0.198
0.188
0.152
0.097
0.062
0.041
0.029
0.02
0.015
0.014
0.015
0.018
0.021
0.027
0.035
0.019
-0.002
-0.018
-0.019
-0.019
-0.019
-0.017
-0.009
0.002
0.006
0.008
0.01
0.011
0.012
0.012
0.013
0.014
0.014
0.015
0.016
0.017
0.017
0.017
0.016
0.016
0.016
0.016
0.015
0.013
0.012
0.012
0.013
0.016
0.018
0.021
0.024
0.027
0.03
0.034
0.037
0.041
0.044
0.047
0.054
0.063
0.072
0.078
0.08
0.08
0.08
0.08
0.08
0.079
0.075
0.072
0.078
0.09
0.095
0.099
0.102
0.105
0.107
0.11
0.112
0.114
0.116
0.116
0.116
0.115
0.113
0.11
0.107
0.103
0.099
0.094
0.09
0.085
0.079
0.071
0.064
0.057
0.05
0.044
0.038
0.032
0.025
0.019
0.011
0.003
-0.005
-0.011
-0.014
-0.016
-0.018
-0.02
-0.021
-0.022
-0.024
-0.025
-0.027
-0.028
-0.03
-0.031
-0.032
-0.033
-0.034
-0.035
-0.034
-0.034
-0.034
-0.033
-0.033
-0.033
-0.033
-0.033
-0.033
-0.033
-0.034
-0.035
-0.035
-0.035
-0.035
-0.035
-0.036
-0.037
-0.038
-0.038
-0.038
-0.038
-0.037
-0.037
-0.037
-0.037
-0.036
-0.036
-0.036
-0.035
-0.035
-0.035
-0.035
-0.035
-0.035
-0.036
-0.037
-0.038
-0.038
-0.038
-0.037
-0.037
-0.036
-0.036
-0.036
-0.036
-0.036
-0.036
-0.037
-0.038
-0.04
-0.041
-0.042
-0.043
-0.043
-0.043
-0.043
-0.043
-0.043
-0.043
-0.044
-0.049
-0.052
-0.046
-0.038
-0.034
-0.031
-0.029
-0.027
-0.025
-0.023
-0.022
-0.021
-0.02
-0.02
-0.021
-0.023
-0.024
-0.026
-0.028
-0.03
-0.032
-0.034
-0.037
-0.043
-0.048
-0.048
-0.042
-0.036
-0.033
-0.032
-0.03
-0.028
-0.026
-0.024
-0.021
-0.02
-0.019
-0.019
-0.019
-0.02
-0.021
-0.022
-0.023
-0.024
-0.024
-0.024
-0.024
-0.023
-0.023
-0.022
-0.022
-0.022
-0.022
-0.022
-0.023
-0.023
-0.023
-0.023
-0.022
-0.02
-0.018
-0.015
-0.013
-0.012
-0.011
-0.011
-0.011
-0.012
-0.013
-0.015
-0.016
-0.018
-0.019
-0.02
-0.021
-0.022
-0.023
-0.025
-0.029
-0.033
-0.034
-0.031
-0.025
-0.018
-0.012
-0.005
0.0
0.005
0.007
0.009
0.011
0.011
0.012
0.013
0.013
0.014
0.015
0.016
0.018
0.019
0.019
0.019
0.018
0.017
0.016
0.015
0.013
0.012
0.01
0.009
0.007
0.007
0.007
0.007
0.007
0.006
0.004
0.003
0.0
-0.001
-0.003
-0.006
-0.007
-0.008
-0.007
-0.005
0.0
0.004
0.011
0.019
0.035
0.067
0.099
0.136
0.177
0.206
0.218
0.226
0.231
0.232
0.231
0.225
0.217
0.203
0.179
0.151
0.121
0.066
0.009
-0.014
-0.028
-0.037
-0.021
0.006
0.026
0.035
0.041
0.039
0.019
0.005
-0.004
-0.013
-0.018
-0.02
-0.02
-0.017
-0.015
-0.014
-0.014
-0.014
-0.013
-0.012
-0.011
-0.01
-0.009
-0.008
-0.008
-0.007
-0.006
-0.005
-0.004
-0.003
-0.002
0.0
0.001
0.003
0.005
0.006
0.007
0.009
0.01
0.012
0.015
0.019
0.022
0.026
0.03
0.033
0.037
0.041
0.045
0.047
0.048
0.049
0.051
0.053
0.056
0.059
0.063
0.067
0.071
0.076
0.08
0.084
0.088
0.092
0.098
0.109
0.128
0.137
0.142
0.147
0.151
0.15
0.144
0.135
0.124
0.108
0.092
0.083
0.078
0.074
0.07
0.067
0.064
0.06
0.057
0.054
0.051
0.046
0.041
0.033
0.022
0.012
0.003
-0.006
-0.019
-0.031
-0.035
-0.037
-0.038
-0.04
-0.042
-0.044
-0.046
-0.047
-0.049
-0.05
-0.051
-0.053
-0.053
-0.053
-0.052
-0.051
-0.051
-0.051
-0.05
-0.05
-0.049
-0.049
-0.048
-0.047
-0.045
-0.044
-0.042
-0.04
-0.037
-0.035
-0.033
-0.031
-0.03
-0.028
-0.027
-0.025
-0.023
-0.02
-0.018
-0.016
-0.015
-0.014
-0.013
-0.013
-0.013
-0.014
-0.015
-0.016
-0.016
-0.016
-0.015
-0.015
-0.014
-0.014
-0.014
-0.014
-0.013
-0.013
-0.013
-0.014
-0.014
-0.015
-0.015
-0.014
-0.013
-0.013
-0.013
-0.015
-0.017
-0.02
-0.023
-0.025
-0.027
-0.029
-0.031
-0.033
-0.035
-0.037
-0.038
-0.039
-0.04
-0.041
-0.041
-0.04
-0.039
-0.037
-0.036
-0.035
-0.033
-0.032
-0.03
-0.028
-0.027
-0.027
-0.027
-0.027
-0.027
-0.028
-0.029
-0.029
-0.029
-0.029
-0.029
-0.028
-0.028
-0.029
-0.029
-0.029
-0.029
-0.029
-0.03
-0.031
-0.032
-0.032
-0.032
-0.031
-0.031
-0.031
-0.032
-0.032
-0.032
-0.032
-0.033
-0.035
-0.025
-0.017
-0.012
-0.008
-0.004
-0.003
-0.003
-0.005
-0.008
-0.011
-0.014
-0.018
-0.026
-0.031
-0.027
-0.018
-0.013
-0.009
-0.006
-0.003
-0.001
0.001
0.003
0.006
0.008
0.009
0.01
0.01
0.01
0.01
0.011
0.012
0.014
0.019
0.022
0.017
0.009
0.005
0.002
0.0
-0.001
-0.004
-0.006
-0.009
-0.012
-0.014
-0.015
-0.016
-0.016
-0.015
-0.014
-0.013
-0.012
-0.01
-0.008
-0.005
-0.002
0.001
0.005
0.009
0.022
0.049
0.087
0.13
0.174
0.195
0.206
0.214
0.217
0.213
0.203
0.187
0.163
0.14
0.112
0.077
0.05
0.038
0.03
0.024
0.021
0.024
0.032
0.042
0.054
0.07
0.073
0.066
0.047
0.0
-0.05
-0.066
-0.072
-0.076
-0.061
-0.039
-0.023
-0.018
-0.015
-0.012
-0.012
-0.02
-0.028
-0.034
-0.037
-0.027
-0.011
-0.004
0.0
0.003
0.006
0.008
0.01
0.012
0.014
0.016
0.018
0.02
0.022
0.023
0.024
0.025
0.025
0.026
0.026
0.027
0.028
0.03
0.032
0.037
0.042
0.048
0.052
0.056
0.06
0.063
0.068
0.073
0.079
0.083
0.084
0.083
0.082
0.08
0.078
0.076
0.073
0.069
0.067
0.069
0.075
0.082
0.09
0.099
0.103
0.097
0.087
0.083
0.08
0.077
0.074
0.071
0.067
0.063
0.059
0.056
0.051
0.046
0.04
0.029
0.01
-0.006
-0.013
-0.017
-0.02
-0.023
-0.026
-0.028
-0.031
-0.032
-0.034
-0.035
-0.035
-0.036
-0.037
-0.038
-0.039
-0.04
-0.041
-0.042
-0.043
-0.044
-0.045
-0.046
-0.047
-0.048
-0.049
-0.05
-0.051
-0.052
-0.053
-0.053
-0.052
-0.052
-0.051
-0.051
-0.05
-0.049
-0.048
-0.046
-0.045
-0.043
-0.042
-0.042
-0.041
-0.041
-0.042
-0.042
-0.043
-0.044
-0.045
-0.046
-0.047
-0.048
-0.049
-0.051
-0.053
-0.056
-0.063
-0.071
-0.075
-0.073
-0.066
-0.057
-0.049
-0.04
-0.031
-0.027
-0.029
-0.033
-0.038
-0.043
-0.049
-0.055
-0.058
-0.055
-0.049
-0.044
-0.043
-0.042
-0.041
-0.04
-0.038
-0.037
-0.035
-0.034
-0.033
-0.032
-0.032
-0.031
-0.03
-0.03
-0.031
-0.031
-0.031
-0.03
-0.029
-0.028
-0.027
-0.025
-0.024
-0.022
-0.021
-0.02
-0.019
-0.018
-0.017
-0.016
-0.015
-0.015
-0.015
-0.016
-0.016
-0.016
-0.016
-0.016
-0.016
-0.015
-0.015
-0.014
-0.013
-0.013
-0.012
-0.011
-0.01
-0.009
-0.008
-0.007
-0.006
-0.004
-0.002
0.0
0.001
0.003
0.005
0.006
0.007
0.009
0.01
0.012
0.015
0.017
0.019
0.02
0.021
0.021
0.021
0.02
0.018
0.017
0.015
0.012
0.01
0.008
0.005
0.003
0.001
-0.001
-0.005
-0.015
-0.025
-0.026
-0.021
-0.014
-0.009
-0.003
0.0
0.001
-0.002
-0.01
-0.02
-0.032
-0.048
-0.05
-0.037
-0.003
0.053
0.121
0.192
0.257
0.295
0.307
0.295
0.26
0.211
0.165
0.141
0.123
0.109
0.09
0.065
0.036
0.023
0.019
0.015
0.013
0.011
0.009
0.006
0.004
0.0
-0.002
-0.005
-0.007
-0.008
-0.01
-0.011
-0.013
-0.018
-0.027
-0.034
-0.035
-0.027
-0.017
-0.006
0.007
0.013
0.015
0.017
0.02
0.023
0.024
0.022
0.02
0.018
0.017
0.015
0.014
0.014
0.013
0.012
0.012
0.013
0.016
0.021
0.026
0.031
0.035
0.038
0.041
0.045
0.049
0.052
0.055
0.058
0.061
0.065
0.07
0.075
0.079
0.082
0.084
0.086
0.088
0.091
0.094
0.097
0.099
0.101
0.103
0.105
0.106
0.107
0.107
0.106
0.105
0.105
0.104
0.104
0.103
0.102
0.1
0.099
0.097
0.091
0.083
0.076
0.069
0.064
0.059
0.054
0.051
0.047
0.041
0.028
0.008
0.0
-0.002
-0.005
-0.007
-0.01
-0.012
-0.015
-0.017
-0.02
-0.023
-0.025
-0.029
-0.031
-0.035
-0.042
-0.049
-0.053
-0.052
-0.049
-0.045
-0.042
-0.039
-0.037
-0.036
-0.038
-0.041
-0.045
-0.049
-0.055
-0.06
-0.056
-0.047
-0.036
-0.023
-0.018
-0.015
-0.011
-0.009
-0.014
-0.022
-0.025
-0.026
-0.028
-0.03
-0.032
-0.035
-0.037
-0.039
-0.041
-0.043
-0.043
-0.043
-0.042
-0.041
-0.039
-0.037
-0.035
-0.034
-0.033
-0.032
-0.031
-0.031
-0.031
-0.032
-0.032
-0.032
-0.029
-0.026
-0.026
-0.031
-0.038
-0.044
-0.049
-0.055
-0.058
-0.057
-0.053
-0.048
-0.043
-0.039
-0.036
-0.032
-0.029
-0.027
-0.025
-0.025
-0.026
-0.028
-0.031
-0.034
-0.037
-0.041
-0.046
-0.052
-0.056
-0.056
-0.053
-0.046
-0.039
-0.032
