-0.065
-0.056
-0.05
-0.043
-0.036
-0.029
-0.024
-0.019
-0.016
-0.013
-0.011
-0.009
-0.006
-0.004
-0.002
-0.001
0.0
0.001
0.004
0.007
0.01
0.013
0.017
0.022
0.029
0.037
0.043
0.049
0.057
0.069
0.078
0.082
0.086
0.089
0.091
0.092
0.093
0.094
0.094
0.093
0.092
0.091
0.09
0.089
0.087
0.084
0.08
0.072
0.06
0.053
0.048
0.044
0.039
0.035
0.031
0.029
0.026
0.022
0.016
0.007
-0.003
-0.012
-0.018
-0.023
-0.028
-0.033
-0.037
-0.04
-0.043
-0.046
-0.049
-0.051
-0.052
-0.052
-0.05
-0.046
-0.042
-0.037
-0.031
-0.019
-0.012
-0.007
-0.003
0.0
0.001
0.001
0.0
-0.003
-0.009
-0.016
-0.027
-0.029
-0.031
-0.034
-0.033
-0.024
-0.009
0.01
0.023
0.031
0.037
0.037
0.032
0.026
0.021
0.016
0.011
0.008
0.01
0.016
0.022
0.029
0.039
0.045
0.041
0.032
0.018
0.0
-0.012
-0.02
-0.024
-0.022
-0.019
-0.017
-0.016
-0.014
-0.015
-0.021
-0.029
-0.037
-0.047
-0.051
-0.053
-0.055
-0.057
-0.059
-0.059
-0.054
-0.048
-0.044
-0.041
-0.038
-0.035
-0.033
-0.033
-0.034
-0.036
-0.039
-0.043
-0.048
-0.055
-0.067
-0.073
-0.077
-0.08
-0.083
-0.081
-0.067
-0.028
0.041
0.142
0.268
0.412
0.566
0.702
0.762
0.753
0.648
0.424
0.152
-0.09
-0.247
-0.287
-0.283
-0.221
-0.152
-0.109
-0.088
-0.078
-0.073
-0.07
-0.068
-0.065
-0.063
-0.059
-0.055
-0.052
-0.047
-0.041
-0.036
-0.036
-0.037
-0.039
-0.04
-0.042
-0.043
-0.043
-0.041
-0.037
-0.033
-0.028
-0.025
-0.021
-0.017
-0.012
-0.007
-0.002
0.002
0.008
0.017
0.022
0.019
0.013
0.009
0.006
0.003
0.001
0.0
0.0
0.001
0.003
0.005
0.008
0.012
0.019
0.031
0.044
0.06
0.075
0.081
0.085
0.088
0.091
0.091
0.09
0.087
0.084
0.082
0.08
0.078
0.075
0.072
0.069
0.067
0.065
0.063
0.061
0.058
0.055
0.05
0.044
0.037
0.023
0.002
-0.014
-0.027
-0.042
-0.049
-0.052
-0.054
-0.056
-0.058
-0.059
-0.062
-0.065
-0.067
-0.07
-0.072
-0.075
-0.077
-0.079
-0.08
-0.082
-0.084
-0.087
-0.093
-0.1
-0.105
-0.105
-0.101
-0.095
-0.086
-0.074
-0.057
-0.054
-0.051
-0.047
-0.058
-0.072
-0.083
-0.088
-0.09
-0.093
-0.096
-0.086
-0.073
-0.062
-0.047
-0.036
-0.029
-0.022
-0.019
-0.017
-0.015
-0.013
-0.01
-0.008
-0.008
-0.008
-0.009
-0.009
-0.011
-0.012
-0.011
-0.011
-0.011
-0.011
-0.01
-0.023
-0.034
-0.043
-0.048
-0.047
-0.042
-0.037
-0.033
-0.028
-0.023
-0.021
-0.021
-0.024
-0.029
-0.034
-0.041
-0.05
-0.048
-0.036
-0.028
-0.021
-0.015
-0.009
-0.004
0.0
0.007
0.017
0.018
0.008
-0.002
-0.013
-0.022
-0.03
-0.036
-0.036
-0.026
-0.001
0.068
0.17
0.3
0.442
0.583
0.706
0.783
0.79
0.744
0.599
0.4
0.194
0.025
-0.081
-0.113
-0.113
-0.079
-0.036
-0.014
-0.007
-0.007
-0.016
-0.022
-0.026
-0.03
-0.032
-0.031
-0.026
-0.018
-0.01
-0.001
0.009
0.017
0.021
0.023
0.026
0.029
0.031
0.03
0.024
0.017
0.012
0.006
0.002
-0.001
-0.002
-0.001
0.001
0.006
0.013
0.021
0.034
0.043
0.049
0.053
0.056
0.059
0.063
0.069
0.075
0.08
0.084
0.088
0.091
0.095
0.098
0.101
0.104
0.107
0.112
0.117
0.122
0.126
0.13
0.136
0.142
0.148
0.152
0.152
0.15
0.146
0.141
0.137
0.133
0.128
0.123
0.116
0.111
0.107
0.102
0.096
0.087
0.078
0.067
0.051
0.028
0.015
0.008
0.002
-0.001
-0.002
-0.001
0.0
0.0
0.001
0.003
0.006
0.004
-0.006
-0.014
-0.02
-0.025
-0.028
-0.031
-0.032
-0.033
-0.034
-0.036
-0.037
-0.039
-0.04
-0.041
-0.042
-0.042
-0.042
-0.042
-0.042
-0.04
-0.037
-0.034
-0.031
-0.027
-0.024
-0.021
-0.017
-0.01
-0.003
0.002
0.005
0.008
0.013
0.019
0.017
0.002
-0.006
-0.013
-0.019
-0.024
-0.027
-0.027
-0.024
-0.02
-0.013
-0.005
0.012
0.028
0.031
0.034
0.036
0.037
0.034
0.028
0.019
0.006
-0.025
-0.046
-0.057
-0.065
-0.072
-0.076
-0.078
-0.076
-0.073
-0.07
-0.066
-0.062
-0.058
-0.052
-0.046
-0.041
-0.037
-0.036
-0.033
-0.028
-0.022
-0.031
-0.044
-0.056
-0.069
-0.083
-0.095
-0.107
-0.115
-0.124
-0.128
-0.126
-0.119
-0.1
-0.057
0.007
0.098
0.216
0.357
0.503
0.637
0.74
0.767
0.753
0.651
0.483
0.272
0.052
-0.116
-0.19
-0.214
-0.195
-0.138
-0.107
-0.096
-0.096
-0.101
-0.106
-0.111
-0.11
-0.098
-0.09
-0.082
-0.076
-0.074
-0.074
-0.076
-0.078
-0.079
-0.081
-0.083
-0.084
-0.081
-0.074
-0.068
-0.065
-0.063
-0.062
-0.06
-0.057
-0.056
-0.055
-0.054
-0.052
-0.05
-0.047
-0.045
-0.044
-0.043
-0.042
-0.041
-0.039
-0.035
-0.031
-0.027
-0.02
-0.005
0.006
0.016
0.024
0.031
0.036
0.041
0.045
0.049
0.056
0.066
0.078
0.087
0.095
0.1
0.1
0.098
0.095
0.092
0.088
0.087
0.088
0.092
0.095
0.098
0.1
0.101
0.099
0.093
0.084
0.07
0.047
0.033
0.026
0.021
0.015
0.009
0.002
-0.003
-0.009
-0.016
-0.022
-0.026
-0.028
-0.027
-0.025
-0.022
-0.019
-0.016
-0.012
-0.008
-0.005
-0.006
-0.009
-0.013
-0.015
-0.018
-0.02
-0.022
-0.024
-0.025
-0.025
-0.025
-0.024
-0.023
-0.021
-0.02
-0.018
-0.014
-0.01
-0.009
-0.014
-0.021
-0.026
-0.032
-0.037
-0.04
-0.04
-0.036
-0.03
-0.023
-0.012
0.004
0.016
0.032
0.049
0.058
0.066
0.065
0.051
0.044
0.04
0.035
0.031
0.027
0.023
0.019
0.014
0.009
0.004
0.0
-0.003
-0.006
-0.01
-0.015
-0.019
-0.024
-0.028
-0.031
-0.033
-0.034
-0.034
-0.033
-0.032
-0.029
-0.026
-0.022
-0.019
-0.015
-0.012
-0.009
-0.004
0.001
0.005
0.005
0.001
-0.002
-0.007
-0.011
-0.015
-0.019
-0.023
-0.025
-0.023
-0.021
-0.017
-0.011
0.012
0.071
0.172
0.315
0.492
0.676
0.828
0.885
0.873
0.752
0.541
0.285
0.041
-0.139
-0.215
-0.24
-0.22
-0.162
-0.094
-0.056
-0.042
-0.042
-0.049
-0.056
-0.064
-0.064
-0.054
-0.046
-0.038
-0.034
-0.04
-0.053
-0.063
-0.072
-0.08
-0.084
-0.083
-0.079
-0.073
-0.067
-0.062
-0.057
-0.052
-0.047
-0.043
-0.039
-0.035
-0.03
-0.018
0.0
0.012
0.02
0.019
0.006
-0.006
-0.02
-0.031
-0.038
-0.045
-0.049
-0.049
-0.046
-0.038
-0.016
0.021
0.04
0.05
0.055
0.06
0.063
0.067
0.072
0.077
0.082
0.086
0.09
0.094
0.096
0.099
0.101
0.102
0.102
0.1
0.098
0.095
0.092
0.088
0.084
0.078
0.072
0.066
0.06
0.05
0.03
0.018
0.013
0.009
0.006
0.004
0.001
-0.001
-0.004
-0.007
-0.009
-0.011
-0.013
-0.017
-0.024
-0.035
-0.04
-0.041
-0.042
-0.043
-0.044
-0.045
-0.046
-0.047
-0.048
-0.049
-0.051
-0.053
-0.054
-0.055
-0.056
-0.056
-0.057
-0.059
-0.061
-0.062
-0.063
-0.062
-0.06
-0.057
-0.054
-0.052
-0.05
-0.046
-0.042
-0.039
-0.036
-0.035
-0.034
-0.033
-0.032
-0.03
-0.029
-0.028
-0.027
-0.026
-0.021
-0.02
-0.024
-0.026
-0.029
-0.031
-0.032
-0.029
-0.022
-0.012
0.004
0.022
0.032
0.039
0.028
0.013
0.001
-0.007
-0.019
-0.037
-0.047
-0.052
-0.056
-0.059
-0.061
-0.062
-0.061
-0.059
-0.056
-0.052
-0.048
-0.043
-0.037
-0.026
-0.019
-0.017
-0.017
-0.016
-0.014
-0.016
-0.029
-0.042
-0.055
-0.059
-0.06
-0.062
-0.063
-0.062
-0.053
-0.039
-0.024
-0.001
0.031
0.086
0.167
0.278
0.42
0.582
0.739
0.841
0.85
0.794
0.617
0.379
0.139
-0.051
-0.154
-0.17
-0.148
-0.092
-0.071
-0.064
-0.062
-0.062
-0.068
-0.074
-0.079
-0.084
-0.088
-0.09
-0.089
-0.087
-0.083
-0.079
-0.072
-0.061
-0.048
-0.041
-0.037
-0.033
-0.03
-0.027
-0.026
-0.027
-0.029
-0.032
-0.036
-0.04
-0.046
-0.055
-0.06
-0.057
-0.049
-0.037
-0.021
-0.014
-0.011
-0.009
-0.008
-0.007
-0.005
-0.003
0.0
0.0
0.003
0.005
0.009
0.014
0.035
0.068
0.086
0.096
0.101
0.106
0.108
0.108
0.104
0.098
0.09
0.081
0.067
0.066
0.075
0.088
0.103
0.109
0.113
0.116
0.117
0.117
0.115
0.11
0.103
0.096
0.089
0.081
0.073
0.065
0.06
0.055
0.051
0.044
0.035
0.026
0.018
0.014
0.011
0.009
0.006
0.004
0.002
0.0
-0.001
-0.002
-0.004
-0.006
-0.008
-0.01
-0.013
-0.015
-0.018
-0.02
-0.023
-0.025
-0.027
-0.029
-0.031
-0.034
-0.038
-0.041
-0.044
-0.046
-0.046
-0.044
-0.039
-0.033
-0.026
-0.019
-0.011
-0.003
0.002
0.008
0.013
0.02
0.028
0.033
0.033
0.025
0.015
0.007
-0.002
-0.01
-0.014
-0.013
-0.009
-0.002
0.009
0.023
0.027
0.03
0.032
0.033
0.035
0.037
0.037
0.037
0.036
0.034
0.032
0.03
0.027
0.023
0.015
-0.007
-0.024
-0.034
-0.04
-0.042
-0.041
-0.039
-0.037
-0.036
-0.035
-0.033
-0.032
-0.03
-0.03
-0.028
-0.027
-0.026
-0.024
-0.023
-0.023
-0.022
-0.021
-0.018
-0.015
-0.015
-0.02
-0.026
-0.032
-0.038
-0.04
-0.035
-0.023
0.011
0.075
0.165
0.283
0.432
0.599
0.752
0.841
0.846
0.784
0.613
0.382
0.126
-0.095
-0.235
-0.295
-0.301
-0.268
-0.202
-0.134
-0.08
-0.051
-0.047
-0.044
-0.041
-0.039
-0.038
-0.036
-0.035
-0.033
-0.032
-0.031
-0.031
-0.031
-0.031
-0.032
-0.032
-0.032
-0.031
-0.031
-0.031
-0.031
-0.03
-0.029
-0.028
-0.027
-0.025
-0.023
-0.02
-0.018
-0.015
-0.012
-0.005
0.001
0.009
0.016
0.02
0.024
0.027
0.03
0.033
0.036
0.038
0.041
0.043
0.045
0.048
0.051
0.053
0.056
0.062
0.068
0.074
0.079
0.084
0.091
0.095
0.092
0.087
0.085
0.083
0.08
0.078
0.076
0.077
0.079
0.082
0.087
0.092
0.099
0.111
0.113
0.103
0.092
0.078
0.063
0.042
0.019
0.0
-0.013
-0.017
-0.019
-0.021
-0.024
-0.029
-0.034
-0.039
-0.047
-0.051
-0.046
-0.037
-0.03
-0.024
-0.018
-0.016
-0.018
-0.023
-0.029
-0.039
-0.057
-0.069
-0.077
-0.08
-0.075
-0.065
-0.049
-0.027
-0.012
-0.005
0.0
0.005
0.011
0.017
0.024
0.028
0.024
0.011
-0.006
-0.029
-0.041
-0.049
-0.054
-0.054
-0.05
-0.044
-0.034
-0.016
0.006
0.025
0.036
0.044
0.043
0.029
0.021
0.015
0.01
0.007
0.004
0.003
0.002
0.001
0.0
-0.001
-0.003
-0.006
0.003
0.014
0.023
0.022
0.008
-0.002
-0.011
-0.02
-0.027
-0.035
-0.05
-0.066
-0.077
-0.073
-0.051
-0.038
-0.032
-0.027
-0.037
-0.049
-0.058
-0.065
-0.07
-0.077
-0.083
-0.076
-0.053
-0.013
0.014
0.024
0.029
0.029
0.024
0.014
-0.013
-0.048
-0.06
-0.053
-0.033
0.039
0.15
0.294
0.469
0.654
0.806
0.884
0.854
0.691
0.436
0.149
-0.102
-0.263
-0.306
-0.257
-0.165
-0.082
-0.051
-0.041
-0.054
-0.074
-0.088
-0.077
-0.059
-0.036
-0.02
-0.009
-0.003
-0.003
-0.011
-0.022
-0.032
-0.043
-0.05
-0.048
-0.044
-0.041
-0.04
-0.039
-0.037
-0.036
-0.035
-0.033
-0.03
-0.026
-0.021
-0.017
-0.013
-0.009
-0.003
0.003
0.008
0.011
0.013
0.015
0.017
0.02
0.023
0.026
0.03
0.035
0.04
0.046
0.05
0.056
0.061
0.066
0.07
0.073
0.076
0.078
0.081
0.085
0.092
0.099
0.107
0.115
0.122
0.126
0.123
0.114
0.105
0.093
0.08
0.071
0.063
0.058
0.056
0.057
0.058
0.06
0.062
0.065
0.066
0.059
0.044
0.032
0.022
0.01
-0.002
-0.015
-0.024
-0.034
-0.043
-0.05
-0.052
-0.051
-0.05
-0.048
-0.047
-0.046
-0.046
-0.046
-0.046
-0.045
-0.044
-0.044
-0.045
-0.045
-0.045
-0.044
-0.042
-0.04
-0.038
-0.037
-0.035
-0.034
-0.033
-0.032
-0.031
-0.03
-0.029
-0.028
-0.024
-0.02
-0.016
-0.015
-0.017
-0.019
-0.02
-0.022
-0.025
-0.027
-0.028
-0.024
-0.016
-0.008
-0.004
0.0
0.004
0.008
0.011
0.014
0.015
0.015
0.015
0.015
0.014
0.012
0.009
0.007
0.004
0.001
-0.002
-0.005
-0.008
-0.011
-0.014
-0.015
-0.015
-0.015
-0.014
-0.014
-0.013
-0.013
-0.013
-0.014
-0.015
-0.017
-0.019
-0.021
-0.024
-0.026
-0.029
-0.032
-0.035
-0.037
-0.04
-0.043
-0.047
-0.05
-0.053
-0.054
-0.052
-0.049
-0.044
-0.037
-0.028
-0.011
0.004
0.048
0.108
0.198
0.318
0.461
0.611
0.735
0.775
0.76
0.642
0.463
0.273
0.095
-0.047
-0.116
-0.137
-0.149
-0.153
-0.151
-0.147
-0.14
-0.128
-0.102
-0.07
-0.041
-0.022
-0.007
-0.005
-0.017
-0.035
-0.057
-0.067
-0.073
-0.078
-0.081
-0.081
-0.078
-0.073
-0.068
-0.064
-0.06
-0.057
-0.053
-0.05
-0.046
-0.042
-0.039
-0.036
-0.033
-0.029
-0.026
-0.023
-0.02
-0.016
-0.013
-0.008
-0.003
0.0
0.003
0.006
0.011
0.019
0.034
0.047
0.054
0.059
0.063
0.066
0.069
0.072
0.075
0.078
0.08
0.083
0.085
0.086
0.088
0.089
0.091
0.092
0.093
0.092
0.089
0.085
0.079
0.075
0.07
0.064
0.057
0.051
0.045
0.041
0.037
0.033
0.029
0.024
0.018
0.011
0.004
-0.004
-0.025
-0.041
-0.045
-0.049
-0.041
-0.034
-0.03
-0.026
-0.024
-0.024
-0.026
-0.031
-0.036
-0.04
-0.043
-0.048
-0.052
-0.056
-0.059
-0.058
-0.055
-0.051
-0.047
-0.044
-0.041
-0.037
-0.032
-0.027
-0.025
-0.026
-0.029
-0.033
-0.038
-0.042
-0.048
-0.053
-0.053
-0.05
-0.044
-0.039
-0.032
-0.025
-0.018
-0.012
-0.005
-0.001
-0.007
-0.018
-0.03
-0.045
-0.046
-0.037
-0.029
-0.022
-0.015
-0.008
0.0
0.008
0.011
0.014
0.017
0.005
-0.016
-0.038
-0.049
-0.054
-0.058
-0.06
-0.062
-0.064
-0.066
-0.068
-0.069
-0.07
-0.071
-0.072
-0.074
-0.076
-0.078
-0.078
-0.076
-0.07
-0.063
-0.055
-0.046
-0.037
-0.03
-0.024
-0.018
-0.013
-0.011
-0.013
-0.018
-0.026
-0.04
-0.06
-0.076
-0.086
-0.077
-0.049
0.014
0.114
0.251
0.416
0.59
0.74
0.827
0.833
0.777
0.629
0.427
0.205
0.01
-0.128
-0.184
-0.191
-0.168
-0.119
-0.087
-0.08
-0.074
-0.071
-0.068
-0.065
-0.061
-0.059
-0.056
-0.054
-0.052
-0.049
-0.046
-0.041
-0.036
-0.034
-0.035
-0.038
-0.04
-0.042
-0.045
-0.047
-0.046
-0.04
-0.034
-0.031
-0.029
-0.026
-0.024
-0.023
-0.021
-0.018
-0.014
-0.012
-0.009
-0.005
-0.001
0.002
0.007
0.015
0.023
0.029
0.034
0.045
0.063
0.074
0.08
0.085
0.088
0.089
0.086
0.083
0.08
0.077
0.073
0.071
0.07
0.071
0.075
0.08
0.087
0.099
0.113
0.126
0.136
0.141
0.138
0.13
0.122
0.111
0.097
0.078
0.052
0.035
0.027
0.021
0.016
0.011
0.006
0.002
0.0
-0.002
-0.004
-0.007
-0.009
-0.011
-0.014
-0.015
-0.017
-0.017
-0.018
-0.02
-0.021
-0.022
-0.022
-0.023
-0.023
-0.024
-0.026
-0.028
-0.03
-0.03
-0.03
-0.028
-0.027
-0.026
-0.024
-0.022
-0.016
-0.015
-0.018
-0.022
-0.027
-0.022
-0.015
-0.009
-0.023
-0.033
-0.039
-0.045
-0.048
-0.05
-0.049
-0.046
-0.042
-0.037
-0.032
-0.022
-0.005
0.003
0.01
0.015
0.019
0.021
0.021
0.02
0.02
0.021
0.021
0.02
0.019
0.018
0.017
0.016
0.015
0.015
0.014
0.013
0.011
0.01
0.009
0.007
0.006
0.004
0.001
-0.003
-0.01
-0.016
-0.021
-0.027
-0.032
-0.037
-0.039
-0.038
-0.035
-0.031
-0.028
-0.026
-0.025
-0.024
-0.023
-0.022
-0.019
-0.018
-0.016
-0.014
-0.012
-0.01
-0.008
-0.005
-0.002
0.001
0.008
0.04
0.124
0.248
0.399
0.561
0.721
0.848
0.901
0.855
0.711
0.495
0.252
0.039
-0.109
-0.166
-0.185
-0.172
-0.131
-0.089
-0.053
-0.032
-0.018
-0.008
-0.007
-0.015
-0.039
-0.07
-0.081
-0.085
-0.081
-0.071
-0.055
-0.03
-0.011
0.001
0.005
0.001
-0.007
-0.013
-0.018
-0.022
-0.026
-0.027
-0.026
-0.022
-0.017
-0.013
-0.01
-0.008
-0.006
-0.003
-0.001
0.001
0.004
0.007
0.009
0.011
0.013
0.015
0.017
0.019
0.022
0.025
0.029
0.034
0.038
0.041
0.045
0.049
0.057
0.076
0.094
0.104
0.111
0.115
0.119
0.123
0.126
0.126
0.118
0.109
0.102
0.096
0.09
0.084
0.08
0.077
0.074
0.072
0.068
0.064
0.059
0.054
0.048
0.042
0.037
0.031
0.025
0.019
0.013
0.006
-0.008
-0.022
-0.027
-0.03
-0.033
-0.034
-0.033
-0.031
-0.027
-0.023
-0.017
-0.009
-0.019
-0.037
-0.047
-0.049
-0.051
-0.042
-0.034
-0.028
-0.024
-0.02
-0.018
-0.014
-0.009
-0.003
-0.017
-0.032
-0.044
-0.049
-0.044
-0.033
-0.026
-0.02
-0.014
-0.01
-0.01
-0.011
-0.013
-0.017
-0.024
-0.036
-0.052
-0.061
-0.067
-0.06
-0.036
-0.002
0.014
0.022
0.027
0.03
0.031
0.03
0.026
0.02
0.009
-0.009
-0.024
-0.034
-0.023
-0.012
-0.004
0.003
0.01
0.015
0.019
0.023
0.025
0.025
0.022
0.016
0.01
0.005
0.0
-0.006
-0.012
-0.017
-0.024
-0.037
-0.055
-0.064
-0.068
-0.072
-0.073
-0.073
-0.07
-0.065
-0.058
-0.047
-0.029
-0.018
-0.012
-0.007
-0.005
-0.007
-0.013
-0.022
-0.037
-0.061
-0.08
-0.092
-0.086
-0.066
-0.007
0.088
0.22
0.375
0.535
0.682
0.787
0.834
0.797
0.66
0.445
0.198
-0.02
-0.177
-0.239
-0.244
-0.206
-0.152
-0.116
-0.098
-0.083
-0.07
-0.06
-0.053
-0.062
-0.071
-0.078
-0.082
-0.082
-0.077
-0.07
-0.061
-0.049
-0.038
-0.033
-0.029
-0.026
-0.024
-0.022
-0.021
-0.02
-0.018
-0.017
-0.017
-0.016
-0.015
-0.015
-0.014
-0.012
-0.01
-0.008
-0.007
-0.004
0.0
0.002
0.005
0.009
0.013
0.015
0.014
0.013
0.012
0.01
0.006
0.01
0.031
0.048
0.058
0.063
0.069
0.077
0.085
0.089
0.092
0.095
0.097
0.099
0.101
0.103
0.104
0.104
0.105
0.105
0.104
0.103
0.1
0.099
0.097
0.095
0.092
0.089
0.081
0.06
0.045
0.038
0.033
0.028
0.023
0.019
0.014
0.01
0.006
0.002
-0.001
-0.006
-0.013
-0.021
-0.038
-0.06
-0.069
-0.075
-0.08
-0.082
-0.081
-0.077
-0.071
-0.061
-0.046
-0.037
-0.03
-0.026
-0.024
-0.025
-0.028
-0.03
-0.032
-0.034
-0.035
-0.035
-0.035
-0.036
-0.037
-0.038
-0.037
-0.035
-0.033
-0.031
-0.029
-0.028
-0.026
-0.024
-0.022
-0.02
-0.018
-0.017
-0.015
-0.013
-0.009
-0.005
-0.002
0.0
0.003
0.008
0.013
0.019
0.023
0.023
0.021
0.016
0.011
0.007
0.003
0.0
-0.006
-0.012
-0.019
-0.026
-0.032
-0.036
-0.041
-0.045
-0.05
-0.053
-0.055
-0.054
-0.053
-0.051
-0.049
-0.046
-0.042
-0.036
-0.031
-0.034
-0.04
-0.044
-0.047
-0.05
-0.052
-0.054
-0.056
-0.058
-0.06
-0.062
-0.064
-0.065
-0.067
-0.069
-0.073
-0.08
-0.068
-0.032
0.026
0.109
0.216
0.347
0.494
0.637
0.748
0.782
0.767
0.658
0.452
0.2
-0.038
-0.22
-0.307
-0.317
-0.284
-0.221
-0.164
-0.125
-0.102
-0.078
-0.056
-0.042
-0.033
-0.028
-0.031
-0.037
-0.041
-0.044
-0.048
-0.05
-0.052
