-0.458
-0.471
-0.479
-0.45
-0.367
-0.255
-0.122
0.019
0.15
0.247
0.318
0.372
0.393
0.394
0.376
0.327
0.271
0.222
0.175
0.156
0.14
0.121
0.095
0.077
0.067
0.06
0.053
0.046
0.041
0.037
0.034
0.032
0.029
0.026
0.023
0.02
0.016
0.011
0.005
0.001
-0.002
-0.005
-0.009
-0.013
-0.017
-0.023
-0.027
-0.032
-0.036
-0.041
-0.045
-0.05
-0.055
-0.059
-0.064
-0.071
-0.083
-0.093
-0.1
-0.106
-0.112
-0.119
-0.125
-0.128
-0.125
-0.118
-0.109
-0.1
-0.088
-0.076
-0.062
-0.048
-0.032
-0.023
-0.016
-0.014
-0.013
-0.012
-0.01
-0.009
-0.007
-0.006
-0.006
-0.005
-0.005
-0.005
-0.005
-0.004
-0.002
0.0
0.001
0.003
0.006
0.009
0.013
0.016
0.019
0.022
0.024
0.028
0.034
0.038
0.039
0.035
0.03
0.024
0.019
0.017
0.014
0.01
0.007
0.003
0.0
-0.001
-0.004
-0.006
-0.006
-0.004
-0.001
0.002
0.007
0.013
0.019
0.024
0.029
0.034
0.04
0.046
0.051
0.055
0.055
0.052
0.048
0.042
0.036
0.031
0.024
0.017
0.01
0.005
0.0
-0.006
-0.021
-0.044
-0.077
-0.124
-0.187
-0.26
-0.33
-0.395
-0.451
-0.489
-0.503
-0.501
-0.474
-0.401
-0.287
-0.152
-0.012
0.116
0.221
0.31
0.382
0.419
0.432
0.419
0.378
0.327
0.277
0.232
0.208
0.185
0.159
0.128
0.097
0.07
0.052
0.039
0.033
0.029
0.026
0.023
0.02
0.018
0.016
0.015
0.012
0.01
0.007
0.004
0.002
0.0
-0.003
-0.005
-0.008
-0.011
-0.014
-0.018
-0.021
-0.025
-0.028
-0.031
-0.034
-0.037
-0.041
-0.046
-0.05
-0.053
-0.056
-0.057
-0.058
-0.058
-0.058
-0.059
-0.059
-0.059
-0.059
-0.059
-0.058
-0.057
-0.056
-0.055
-0.056
-0.059
-0.062
-0.066
-0.072
-0.077
-0.077
-0.07
-0.059
-0.051
-0.045
-0.039
-0.033
-0.027
-0.021
-0.015
-0.01
-0.004
0.002
0.014
0.032
0.041
0.045
0.05
0.054
0.056
0.057
0.056
0.053
0.05
0.048
0.047
0.046
0.044
0.042
0.04
0.038
0.036
0.036
0.036
0.037
0.038
0.039
0.04
0.041
0.041
0.041
0.04
0.039
0.038
0.037
0.035
0.034
0.031
0.028
0.025
0.022
0.017
-0.017
-0.073
-0.138
-0.212
-0.294
-0.379
-0.464
-0.54
-0.605
-0.624
-0.63
-0.623
-0.577
-0.51
-0.4
-0.253
-0.083
0.117
0.315
0.462
0.53
0.553
0.539
0.497
0.44
0.387
0.318
0.25
0.193
0.153
0.126
0.11
0.1
0.093
0.09
0.088
0.086
0.084
0.082
0.081
0.08
0.079
0.078
0.077
0.075
0.072
0.07
0.067
0.064
0.061
0.057
0.053
0.048
0.04
0.032
0.023
0.016
0.01
0.005
0.003
0.001
0.0
0.0
0.0
-0.001
-0.002
-0.003
-0.004
-0.006
-0.008
-0.011
-0.015
-0.018
-0.02
-0.023
-0.025
-0.028
-0.031
-0.034
-0.038
-0.042
-0.048
-0.053
-0.058
-0.062
-0.065
-0.067
-0.067
-0.067
-0.066
-0.062
-0.058
-0.052
-0.046
-0.041
-0.034
-0.021
-0.006
0.008
0.018
0.024
0.029
0.033
0.036
0.038
0.039
0.038
0.036
0.033
0.03
0.027
0.024
0.022
0.019
0.016
0.014
0.014
0.015
0.019
0.024
0.03
0.035
0.041
0.046
0.05
0.053
0.054
0.052
0.049
0.045
0.04
0.034
0.028
0.02
0.012
0.004
-0.003
-0.01
-0.019
-0.03
-0.045
-0.061
-0.076
-0.099
-0.129
-0.177
-0.239
-0.307
-0.376
-0.448
-0.511
-0.553
-0.566
-0.554
-0.517
-0.429
-0.307
-0.148
0.025
0.198
0.356
0.464
0.514
0.531
0.508
0.437
0.35
0.261
0.198
0.166
0.143
0.124
0.104
0.088
0.076
0.065
0.057
0.05
0.04
0.029
0.022
0.016
0.013
0.012
0.011
0.01
0.009
0.009
0.009
0.01
0.011
0.011
0.011
0.01
0.009
0.009
0.008
0.008
0.007
0.005
0.002
0.0
-0.003
-0.005
-0.008
-0.014
-0.02
-0.027
-0.035
-0.043
-0.052
-0.06
-0.069
-0.077
-0.086
-0.095
-0.103
-0.111
-0.117
-0.122
-0.128
-0.134
-0.138
-0.14
-0.14
-0.137
-0.133
-0.127
-0.12
-0.111
-0.097
-0.072
-0.054
-0.039
-0.026
-0.013
0.0
0.009
0.016
0.022
0.027
0.03
0.032
0.033
0.034
0.036
0.037
0.04
0.046
0.045
0.034
0.026
0.02
0.015
0.012
0.012
0.015
0.019
0.023
0.026
0.03
0.034
0.037
0.038
0.038
0.037
0.034
0.031
0.028
0.026
0.023
0.021
0.018
0.014
0.011
0.009
0.006
0.002
-0.003
-0.028
-0.077
-0.139
-0.221
-0.311
-0.409
-0.504
-0.585
-0.647
-0.679
-0.69
-0.68
-0.649
-0.589
-0.486
-0.36
-0.187
-0.009
0.177
0.356
0.465
0.494
0.492
0.448
0.387
0.33
0.301
0.277
0.253
0.211
0.171
0.124
0.079
0.053
0.04
0.034
0.029
0.025
0.023
0.023
0.026
0.03
0.035
0.039
0.042
0.045
0.05
0.055
0.058
0.058
0.055
0.049
0.042
0.035
0.03
0.022
0.013
0.007
0.004
0.001
0.0
-0.001
-0.002
-0.004
-0.006
-0.008
-0.01
-0.011
-0.013
-0.015
-0.018
-0.022
-0.026
-0.033
-0.045
-0.046
-0.046
-0.047
-0.048
-0.049
-0.05
-0.05
-0.05
-0.05
-0.05
-0.049
-0.047
-0.045
-0.041
-0.036
-0.031
-0.025
-0.02
-0.014
-0.007
0.0
0.005
0.011
0.015
0.018
0.021
0.024
0.027
0.03
0.032
0.034
0.035
0.034
0.034
0.034
0.034
0.034
0.034
0.034
0.034
0.034
0.036
0.031
0.027
0.023
0.021
0.019
0.022
0.027
0.033
0.039
0.045
0.049
0.049
0.044
0.039
0.036
0.033
0.029
0.025
0.023
0.023
0.024
0.025
0.027
0.028
0.03
0.034
0.023
0.014
0.009
0.004
0.0
-0.002
-0.005
-0.009
-0.013
-0.021
-0.021
-0.018
-0.015
-0.014
-0.012
-0.01
-0.01
-0.01
-0.01
-0.011
-0.013
-0.015
-0.018
-0.031
-0.065
-0.107
-0.164
-0.243
-0.332
-0.427
-0.519
-0.59
-0.619
-0.62
-0.595
-0.53
-0.448
-0.339
-0.185
-0.03
0.147
0.3
0.406
0.441
0.44
0.398
0.341
0.295
0.26
0.241
0.213
0.168
0.134
0.097
0.068
0.05
0.037
0.027
0.018
0.014
0.012
0.009
0.008
0.006
0.005
0.005
0.005
0.005
0.005
0.006
0.006
0.007
0.008
0.009
0.012
0.003
-0.007
-0.016
-0.027
-0.037
-0.046
-0.051
-0.054
-0.055
-0.056
-0.058
-0.059
-0.059
-0.06
-0.061
-0.062
-0.063
-0.064
-0.064
-0.065
-0.067
-0.068
-0.069
-0.073
-0.075
-0.075
-0.072
-0.067
-0.063
-0.057
-0.051
-0.043
-0.033
-0.022
-0.02
-0.018
-0.017
-0.016
-0.016
-0.015
-0.015
-0.013
-0.011
-0.008
-0.005
-0.002
0.0
0.005
0.015
0.022
0.026
0.028
0.029
0.031
0.032
0.034
0.035
0.036
0.036
0.036
0.035
0.035
0.035
0.035
0.034
0.033
0.032
0.032
0.032
0.031
0.03
0.029
0.027
0.027
0.027
0.028
0.029
0.03
0.03
0.032
0.032
0.03
0.028
0.026
0.024
0.021
0.018
0.015
0.012
0.009
0.006
0.003
0.0
-0.002
-0.006
-0.012
-0.012
-0.006
0.0
0.009
0.019
0.03
0.038
0.039
0.035
0.023
0.001
-0.023
-0.046
-0.07
-0.102
-0.142
-0.188
-0.236
-0.289
-0.351
-0.422
-0.497
-0.563
-0.603
-0.606
-0.58
-0.492
-0.36
-0.188
0.009
0.195
0.352
0.458
0.491
0.492
0.467
0.426
0.383
0.325
0.263
0.217
0.183
0.158
0.137
0.108
0.074
0.048
0.039
0.039
0.046
0.053
0.06
0.066
0.069
0.074
0.078
0.073
0.059
0.033
0.015
0.011
0.008
0.006
0.005
0.003
0.001
0.0
-0.002
-0.003
-0.005
-0.006
-0.009
-0.014
-0.023
-0.033
-0.04
-0.044
-0.048
-0.051
-0.054
-0.057
-0.06
-0.064
-0.07
-0.072
-0.07
-0.065
-0.061
-0.058
-0.055
-0.051
-0.045
-0.039
-0.035
-0.031
-0.028
-0.024
-0.022
-0.02
-0.018
-0.017
-0.016
-0.014
-0.013
-0.011
-0.008
-0.004
0.0
0.005
0.013
0.026
0.039
0.054
0.069
0.08
0.084
0.086
0.087
0.087
0.083
0.077
0.067
0.052
0.04
0.032
0.025
0.02
0.016
0.013
0.011
0.012
0.015
0.019
0.022
0.025
0.027
0.029
0.031
0.034
0.037
0.04
0.042
0.043
0.045
0.048
0.052
0.054
0.054
0.051
0.047
0.044
0.042
0.041
0.039
0.038
0.036
0.034
0.032
0.031
0.03
0.028
0.027
0.024
0.022
0.019
0.013
0.013
0.018
0.026
0.037
0.043
0.046
0.048
0.048
0.043
0.035
0.022
0.005
-0.006
-0.013
-0.006
0.013
0.038
0.054
0.065
0.073
0.077
0.077
0.074
0.069
0.054
0.023
-0.005
-0.025
-0.049
-0.092
-0.149
-0.212
-0.288
-0.368
-0.44
-0.497
-0.534
-0.539
-0.524
-0.458
-0.343
-0.212
-0.054
0.13
0.277
0.389
0.462
0.49
0.492
0.473
0.421
0.368
0.312
0.239
0.189
0.146
0.125
0.114
0.102
0.091
0.076
0.054
0.041
0.028
0.016
0.006
0.0
0.0
0.008
0.019
0.034
0.042
0.046
0.05
0.051
0.05
0.047
0.042
0.029
0.0
-0.03
-0.051
-0.057
-0.061
-0.064
-0.065
-0.064
-0.061
-0.057
-0.052
-0.049
-0.043
-0.039
-0.036
-0.037
-0.04
-0.045
-0.051
-0.06
-0.068
-0.073
-0.076
-0.08
-0.083
-0.084
-0.085
-0.083
-0.081
-0.077
-0.073
-0.068
-0.062
-0.056
-0.052
-0.048
-0.041
-0.028
-0.018
-0.013
-0.009
-0.006
-0.005
-0.006
-0.009
-0.013
-0.017
-0.022
-0.031
-0.031
-0.025
-0.016
-0.002
0.008
0.015
0.02
0.023
0.028
0.037
0.043
0.045
0.047
0.049
0.051
0.051
0.053
0.056
0.055
0.041
0.02
0.0
-0.006
-0.009
-0.012
-0.013
-0.012
-0.011
-0.008
-0.005
-0.002
0.0
0.002
0.005
0.008
0.01
0.01
0.009
0.008
0.005
0.001
-0.013
-0.035
-0.064
-0.102
-0.142
-0.192
-0.26
-0.339
-0.417
-0.491
-0.559
-0.62
-0.669
-0.692
-0.691
-0.66
-0.587
-0.449
-0.275
-0.066
0.159
0.352
0.47
0.497
0.492
0.436
0.365
0.309
0.277
0.265
0.257
0.239
0.203
0.153
0.105
0.072
0.056
0.049
0.046
0.044
0.042
0.039
0.036
0.033
0.031
0.029
0.026
0.023
0.021
0.02
0.02
0.021
0.023
0.025
0.028
0.033
0.04
0.031
0.017
0.002
-0.004
-0.009
-0.012
-0.014
-0.014
-0.013
-0.011
-0.01
-0.008
-0.006
-0.004
-0.004
-0.008
-0.012
-0.018
-0.025
-0.034
-0.042
-0.047
-0.052
-0.055
-0.058
-0.061
-0.063
-0.065
-0.065
-0.061
-0.055
-0.045
-0.031
-0.02
-0.012
-0.005
0.002
0.011
0.02
0.033
0.043
0.048
0.052
0.048
0.043
0.039
0.049
0.057
0.062
0.066
0.069
0.072
0.074
0.076
0.082
0.082
0.06
0.037
0.031
0.026
0.022
0.018
0.016
0.012
0.006
0.006
0.012
0.018
0.022
0.027
0.033
0.038
0.044
0.05
0.05
0.042
0.036
0.032
0.028
0.024
0.019
0.014
0.009
0.002
0.0
0.002
0.007
0.011
0.015
0.019
0.023
0.028
0.033
0.038
0.045
0.05
0.05
0.046
0.041
0.034
0.025
0.017
0.009
0.001
-0.003
-0.008
-0.012
-0.014
-0.011
-0.006
-0.003
0.0
0.003
0.005
0.005
0.003
0.0
-0.005
-0.013
-0.03
-0.06
-0.108
-0.168
-0.243
-0.324
-0.408
-0.488
-0.549
-0.582
-0.586
-0.569
-0.507
-0.411
-0.286
-0.119
0.054
0.231
0.373
0.451
0.466
0.461
0.417
0.367
0.326
0.284
0.243
0.204
0.162
0.137
0.124
0.114
0.102
0.08
0.055
0.033
0.025
0.021
0.019
0.018
0.018
0.017
0.016
0.015
0.013
0.011
0.008
0.005
0.0
0.0
0.003
0.006
0.009
0.01
0.004
0.0
-0.003
-0.008
-0.013
-0.019
-0.023
-0.026
-0.029
-0.033
-0.035
-0.038
-0.04
-0.041
-0.042
-0.044
-0.046
-0.052
-0.063
-0.067
-0.071
-0.073
-0.074
-0.073
-0.069
-0.066
-0.063
-0.06
-0.057
-0.054
-0.052
-0.05
-0.048
-0.046
-0.043
-0.039
-0.033
-0.024
-0.01
0.0
0.004
0.007
0.01
0.014
0.018
0.02
0.023
0.025
0.027
0.027
0.026
0.023
0.019
0.012
-0.001
-0.012
-0.019
-0.018
-0.007
0.0
0.006
0.011
0.014
0.016
0.018
0.019
0.02
0.021
0.023
0.024
0.025
0.025
0.025
0.025
0.024
0.024
0.023
0.022
0.021
0.02
0.019
0.018
0.017
0.016
0.015
0.013
0.01
0.008
0.006
0.004
0.002
0.001
0.001
0.0
0.0
0.0
-0.002
-0.004
-0.005
0.0
0.008
0.015
0.021
0.027
0.028
0.027
0.024
0.019
0.011
-0.002
-0.018
-0.034
-0.063
-0.099
-0.151
-0.217
-0.289
-0.369
-0.448
-0.518
-0.573
-0.597
-0.605
-0.595
-0.565
-0.494
-0.367
-0.199
0.009
0.212
0.366
0.445
0.456
0.438
0.39
0.337
0.283
0.242
0.195
0.159
0.133
0.101
0.071
0.044
0.027
0.013
0.003
-0.001
-0.004
-0.005
-0.007
-0.009
-0.011
-0.013
-0.016
-0.02
-0.027
-0.04
-0.053
-0.068
-0.076
-0.08
-0.082
-0.084
-0.087
-0.089
-0.091
-0.093
-0.094
-0.096
-0.098
-0.101
-0.103
-0.103
-0.101
-0.098
-0.094
-0.091
-0.086
-0.083
-0.088
-0.099
-0.116
-0.134
-0.142
-0.147
-0.151
-0.151
-0.149
-0.144
-0.13
-0.105
-0.096
-0.092
-0.089
-0.087
-0.083
-0.079
-0.074
-0.067
-0.06
-0.053
-0.046
-0.025
0.0
0.018
0.024
0.026
0.025
0.02
0.015
0.008
0.0
-0.013
-0.026
-0.034
-0.039
-0.04
-0.036
-0.032
-0.028
-0.023
-0.015
-0.004
0.009
0.017
0.021
0.025
0.03
0.034
0.037
0.044
0.052
0.044
0.038
0.034
0.03
0.025
0.018
0.012
0.007
0.002
-0.002
-0.006
-0.01
-0.012
-0.015
-0.02
-0.027
-0.027
-0.021
-0.017
-0.015
-0.012
-0.01
-0.009
-0.008
-0.007
-0.007
-0.007
-0.008
-0.008
-0.009
-0.009
-0.01
-0.012
-0.011
-0.006
-0.001
0.001
0.004
0.009
0.013
0.019
0.025
0.035
0.035
0.029
0.022
0.015
0.009
0.0
-0.013
-0.022
-0.026
-0.029
-0.031
-0.034
-0.037
-0.039
-0.041
-0.044
-0.049
-0.07
-0.111
-0.174
-0.248
-0.327
-0.413
-0.497
-0.57
-0.625
-0.65
-0.651
-0.629
-0.575
-0.486
-0.347
-0.159
0.048
0.232
0.354
0.391
0.394
0.37
0.343
0.319
0.309
0.301
0.28
0.233
0.183
0.135
0.093
0.075
0.07
0.067
0.065
0.062
0.058
0.055
0.052
0.05
0.048
0.047
0.045
0.043
0.041
0.039
0.038
0.037
0.036
0.034
0.032
0.029
0.024
0.016
0.015
0.014
0.013
0.011
0.007
0.002
-0.007
-0.014
-0.016
-0.018
-0.016
-0.013
-0.01
-0.009
-0.011
-0.013
-0.015
-0.017
-0.02
-0.026
-0.043
-0.061
-0.066
-0.071
-0.074
-0.078
-0.08
-0.084
-0.086
-0.083
-0.076
-0.069
-0.062
-0.055
-0.046
-0.033
-0.015
-0.002
0.004
0.01
0.014
0.019
0.035
0.059
0.076
0.081
0.084
0.086
0.086
0.085
0.082
0.077
0.062
0.036
0.018
0.012
0.022
0.031
0.036
0.041
0.044
0.045
0.045
0.044
0.044
0.043
0.043
0.043
0.044
0.043
0.041
0.038
0.035
0.032
0.028
0.024
0.019
0.016
0.014
0.013
0.01
0.006
0.014
0.028
0.044
0.055
0.063
0.071
0.079
0.083
0.086
0.089
0.091
0.093
0.095
0.094
0.093
0.092
0.09
0.089
0.088
0.086
0.083
0.079
0.076
0.073
0.071
0.067
0.062
0.066
0.07
0.071
0.073
0.074
0.075
0.076
0.076
0.077
0.078
0.079
0.081
0.084
0.077
0.06
0.036
-0.005
-0.068
-0.148
-0.244
-0.344
-0.437
-0.511
-0.557
-0.564
-0.547
-0.464
-0.32
-0.158
0.034
0.229
0.379
0.482
0.535
0.54
0.516
0.454
0.394
0.352
0.324
0.288
0.253
0.196
0.154
0.141
0.138
0.135
0.134
0.134
0.136
0.138
0.141
0.144
0.135
0.119
0.107
0.103
0.102
0.101
0.1
0.098
0.097
0.095
0.094
0.093
0.091
0.088
0.085
0.077
0.059
0.047
0.041
0.037
0.033
0.028
0.025
0.021
0.017
0.011
0.005
0.002
-0.001
-0.013
-0.039
-0.051
-0.06
-0.067
-0.061
-0.054
-0.048
-0.047
-0.048
-0.05
-0.051
-0.052
-0.052
-0.05
-0.046
-0.04
-0.03
-0.011
0.01
0.023
0.027
0.031
0.033
0.033
0.031
0.027
0.024
0.02
0.018
0.02
0.025
0.029
0.032
0.035
0.035
0.031
0.024
0.014
-0.002
-0.021
-0.035
-0.043
-0.049
-0.049
-0.044
-0.031
-0.009
0.017
0.027
0.03
0.033
0.035
0.036
0.034
0.03
0.024
0.019
0.011
0.007
0.009
0.013
0.015
0.019
0.02
0.017
0.009
0.003
-0.004
-0.009
-0.013
-0.019
-0.025
-0.031
-0.036
-0.041
-0.041
-0.031
-0.021
-0.012
-0.007
-0.006
-0.004
-0.003
-0.003
-0.002
-0.001
-0.001
-0.001
-0.002
-0.004
-0.007
-0.012
-0.029
-0.067
-0.121
-0.187
-0.266
-0.35
-0.43
-0.497
-0.544
-0.564
-0.564
-0.546
-0.494
-0.414
-0.298
-0.151
0.011
0.173
0.316
0.413
0.441
0.44
0.406
0.361
0.319
0.277
0.241
0.211
0.18
0.132
0.085
0.052
0.021
-0.006
-0.014
-0.017
-0.019
-0.018
-0.009
-0.002
0.003
0.008
0.01
0.009
0.005
0.0
-0.003
-0.008
-0.012
-0.012
-0.007
-0.002
0.001
0.006
0.01
0.01
0.006
0.0
-0.02
-0.044
-0.069
-0.086
-0.105
-0.115
-0.118
-0.121
-0.111
-0.103
-0.098
-0.094
-0.092
-0.091
-0.09
-0.089
-0.089
-0.087
-0.087
-0.09
-0.092
-0.094
-0.096
-0.097
-0.097
-0.095
-0.092
-0.088
-0.083
-0.075
-0.067
-0.059
-0.052
-0.045
-0.037
-0.025
-0.014
-0.009
-0.007
-0.004
0.0
0.004
0.009
0.013
0.017
0.021
0.025
0.029
0.033
0.038
0.051
0.063
0.069
0.073
0.061
0.039
0.02
0.008
-0.001
-0.008
-0.018
-0.03
-0.039
-0.045
-0.039
-0.021
0.008
0.021
0.028
0.032
0.037
0.045
0.058
0.072
0.08
0.085
0.088
0.083
0.073
0.057
0.039
0.031
0.026
0.023
0.02
0.016
0.013
0.01
0.006
0.002
0.0
-0.002
-0.002
0.0
0.003
0.007
0.01
0.014
0.018
0.02
0.018
0.013
0.006
-0.002
-0.013
-0.016
-0.021
-0.017
-0.002
0.012
0.021
0.026
0.029
0.031
0.031
0.029
0.026
0.02
0.0
-0.03
-0.06
-0.094
-0.136
-0.188
-0.255
-0.33
-0.401
-0.462
-0.514
-0.559
-0.581
-0.578
-0.539
-0.445
-0.308
-0.143
0.026
0.191
0.335
0.438
0.477
0.478
0.448
0.398
0.346
0.295
0.249
0.21
0.175
0.141
0.111
0.086
0.06
0.051
0.045
0.042
0.048
0.059
0.07
0.077
0.081
0.083
0.083
0.079
0.071
0.063
0.052
0.044
0.033
0.018
0.006
0.0
-0.007
-0.013
-0.02
-0.029
-0.034
-0.036
-0.037
-0.038
-0.039
-0.039
-0.039
-0.039
-0.038
-0.036
-0.033
-0.029
-0.024
-0.018
-0.007
-0.006
-0.015
-0.022
-0.029
-0.035
-0.04
-0.045
-0.054
-0.066
-0.076
-0.083
-0.073
-0.055
-0.038
-0.028
-0.019
-0.009
-0.004
-0.001
0.0
0.003
0.006
0.009
0.011
0.013
0.015
0.018
0.023
0.034
0.048
0.052
0.055
0.057
0.057
0.056
0.052
0.046
0.037
0.022
0.011
0.003
0.003
0.011
0.024
0.039
0.054
0.07
0.08
0.087
0.092
0.092
0.086
0.077
0.06
0.039
0.031
0.027
0.024
0.022
0.02
0.017
0.015
0.013
0.011
0.008
0.002
-0.011
-0.027
-0.037
-0.044
-0.038
-0.012
0.01
0.026
0.035
0.041
0.042
0.037
0.027
0.0
-0.053
-0.118
-0.187
-0.261
-0.339
-0.421
-0.502
-0.574
-0.632
-0.653
-0.646
-0.588
-0.46
-0.279
-0.08
0.102
0.259
0.374
0.447
0.469
0.476
0.464
0.424
0.37
0.306
0.245
0.202
0.171
0.159
0.149
0.136
0.118
0.102
0.09
0.08
0.074
0.071
0.068
0.065
0.061
0.055
0.05
0.045
0.041
0.038
0.034
0.031
0.028
0.025
0.023
0.02
0.018
0.015
0.012
0.009
0.007
0.004
0.0
-0.006
-0.012
-0.019
-0.028
-0.046
-0.066
-0.074
-0.081
-0.088
-0.097
-0.11
-0.122
-0.127
-0.129
-0.132
-0.133
-0.134
-0.132
-0.128
-0.123
-0.116
-0.107
-0.091
-0.08
-0.07
-0.059
-0.046
-0.03
-0.009
0.004
0.013
0.02
0.025
0.029
0.033
0.039
0.042
0.038
0.03
0.026
0.023
0.02
0.017
0.015
0.013
0.01
0.008
0.005
0.003
0.003
0.002
0.002
0.002
0.001
0.0
0.0
0.0
0.0
0.0
-0.001
-0.002
-0.003
-0.004
-0.005
-0.005
-0.005
-0.006
-0.006
-0.005
-0.005
-0.006
-0.007
-0.009
-0.012
-0.026
-0.057
-0.095
-0.147
-0.217
-0.296
-0.387
-0.486
-0.587
-0.675
-0.744
-0.781
-0.781
-0.744
-0.636
-0.475
-0.276
-0.042
0.151
0.301
0.399
0.429
0.439
0.428
0.392
0.36
0.318
0.282
0.24
0.189
0.145
0.111
0.074
0.058
0.05
0.045
0.043
0.043
0.046
0.05
0.053
0.057
0.059
0.061
0.062
0.06
0.056
0.05
0.043
0.037
0.031
0.025
0.019
0.014
0.011
0.008
0.006
0.003
0.001
0.0
-0.002
-0.004
-0.006
-0.008
-0.011
-0.014
-0.017
-0.019
-0.021
-0.025
-0.03
-0.039
-0.048
-0.056
-0.06
-0.063
-0.067
-0.071
-0.074
-0.076
-0.077
-0.078
-0.078
-0.077
-0.075
-0.074
-0.071
-0.068
-0.064
-0.06
-0.052
-0.034
-0.024
-0.019
-0.014
-0.011
-0.009
-0.008
-0.009
-0.011
-0.013
-0.016
-0.02
-0.026
-0.026
-0.018
-0.014
-0.01
-0.006
-0.004
-0.003
-0.004
-0.007
-0.011
-0.015
-0.02
-0.029
-0.029
-0.02
-0.013
-0.008
-0.003
0.001
0.005
0.009
0.019
0.029
0.037
0.036
0.019
-0.005
-0.038
-0.079
-0.131
-0.197
-0.275
-0.357
-0.435
-0.502
-0.56
-0.607
-0.629
-0.626
-0.589
-0.49
-0.329
-0.129
0.071
0.256
0.382
0.433
0.438
0.415
0.375
0.338
0.313
0.281
0.245
0.192
0.137
0.097
0.07
0.063
0.058
0.055
0.052
0.049
0.047
0.044
0.038
0.026
0.012
-0.001
-0.015
-0.027
-0.033
-0.037
-0.039
-0.039
-0.036
-0.031
-0.027
-0.023
-0.019
-0.018
-0.02
-0.024
-0.029
-0.038
-0.054
-0.064
-0.07
-0.075
-0.077
-0.076
-0.074
-0.07
-0.067
-0.065
-0.062
-0.059
-0.056
-0.056
-0.057
-0.059
-0.063
-0.068
-0.079
-0.091
-0.095
-0.098
-0.101
-0.102
-0.101
-0.097
-0.089
-0.067
-0.04
-0.006
0.029
0.059
0.088
0.124
0.158
0.186
0.197
0.207
0.216
0.223
0.229
0.233
0.236
0.24
0.242
0.243
0.241
0.236
0.228
0.216
0.199
0.188
0.177
0.166
0.154
0.147
0.142
0.139
0.136
0.133
0.13
0.12
0.097
0.083
0.068
0.056
0.045
0.036
0.031
0.028
0.026
0.026
0.027
0.03
0.032
0.035
0.038
0.038
0.035
0.03
0.02
0.012
0.01
0.009
0.007
0.006
0.005
0.005
0.006
0.008
0.01
0.012
0.015
0.014
0.007
0.0
-0.007
-0.007
0.0
0.007
0.014
0.014
0.006
0.0
-0.005
-0.01
-0.013
-0.016
-0.018
-0.022
-0.028
-0.029
-0.027
-0.024
-0.021
-0.022
-0.029
-0.034
-0.039
-0.042
-0.045
-0.045
-0.044
-0.043
-0.041
-0.04
-0.038
-0.035
-0.032
-0.032
-0.034
-0.039
-0.051
-0.079
-0.112
-0.159
-0.221
-0.294
-0.38
-0.471
-0.561
-0.635
-0.669
-0.669
-0.633
-0.529
-0.383
-0.213
-0.03
0.146
0.277
0.378
0.419
0.432
0.424
0.398
0.342
0.283
0.206
0.157
0.121
0.088
0.073
0.06
0.044
0.029
0.02
0.016
0.019
0.027
0.038
0.055
0.067
0.075
0.078
0.075
0.068
0.058
0.044
0.03
0.016
0.003
-0.008
-0.018
-0.026
-0.04
-0.046
-0.05
-0.054
-0.056
-0.058
-0.06
-0.062
-0.063
-0.063
-0.063
-0.062
-0.062
-0.061
-0.06
-0.059
-0.057
-0.056
-0.055
-0.053
-0.052
-0.05
-0.047
-0.045
-0.045
-0.046
-0.048
-0.051
-0.056
-0.065
-0.07
-0.073
-0.076
-0.078
-0.078
-0.076
-0.072
-0.067
-0.064
-0.061
-0.058
-0.056
-0.053
-0.049
-0.046
-0.043
-0.041
-0.038
-0.035
-0.031
-0.027
-0.023
-0.019
-0.014
-0.009
-0.003
0.0
-0.004
-0.012
-0.017
-0.022
-0.026
-0.03
-0.031
-0.03
-0.027
-0.022
-0.016
-0.004
0.015
0.023
0.028
0.032
0.035
0.037
0.037
0.036
0.033
0.03
0.025
0.021
0.018
0.015
0.011
0.007
0.005
0.004
0.005
0.008
0.012
0.016
0.02
0.024
0.03
0.036
0.04
