0.036
0.052
0.067
0.084
0.104
0.119
0.134
0.15
0.168
0.192
0.218
0.24
0.266
0.29
0.308
0.329
0.358
0.392
0.424
0.451
0.474
0.504
0.532
0.552
0.569
0.585
0.601
0.617
0.632
0.648
0.668
0.683
0.694
0.702
0.709
0.716
0.723
0.733
0.748
0.762
0.783
0.808
0.833
0.862
0.887
0.902
0.912
0.92
0.928
0.936
0.947
0.964
1.015
1.084
1.168
1.255
1.332
1.396
1.435
1.448
1.44
1.416
1.362
1.292
1.213
1.141
1.08
1.028
0.998
0.973
0.954
0.938
0.924
0.908
0.887
0.861
0.83
0.8
0.772
0.753
0.74
0.731
0.723
0.716
0.709
0.706
0.712
0.723
0.732
0.74
0.749
0.76
0.772
0.78
0.787
0.793
0.798
0.802
0.806
0.81
0.813
0.817
0.821
0.827
0.84
0.867
0.896
0.927
0.951
0.966
0.98
0.991
1.0
1.009
1.018
1.026
1.034
1.042
1.052
1.065
1.075
1.083
1.088
1.092
1.095
1.098
1.1
1.101
1.102
1.101
1.099
1.095
1.09
1.083
1.075
1.063
1.04
1.022
1.0
0.973
0.947
0.917
0.886
0.85
0.811
0.777
0.729
0.681
0.651
0.62
0.586
0.55
0.513
0.477
0.444
0.421
0.404
0.386
0.362
0.332
0.309
0.295
0.283
0.272
0.253
0.228
0.205
0.182
0.159
0.133
0.104
0.076
0.047
0.019
-0.001
-0.018
-0.034
-0.054
-0.08
-0.092
-0.097
-0.1
-0.102
-0.104
-0.107
-0.109
-0.111
-0.114
-0.116
-0.119
-0.121
-0.122
-0.125
-0.13
-0.142
-0.167
-0.188
-0.212
-0.225
-0.231
-0.237
-0.242
-0.247
-0.251
-0.255
-0.259
-0.263
-0.266
-0.268
-0.27
-0.271
-0.273
-0.274
-0.276
-0.276
-0.278
-0.279
-0.28
-0.281
-0.282
-0.282
-0.282
-0.281
-0.279
-0.278
-0.278
-0.278
-0.279
-0.281
-0.282
-0.284
-0.286
-0.288
-0.291
-0.293
-0.296
-0.298
-0.3
-0.301
-0.303
-0.305
-0.308
-0.31
-0.313
-0.316
-0.319
-0.322
-0.326
-0.33
-0.333
-0.336
-0.338
-0.339
-0.341
-0.342
-0.343
-0.344
-0.345
-0.346
-0.346
-0.348
-0.349
-0.349
-0.35
-0.35
-0.35
-0.349
-0.349
-0.348
-0.348
-0.347
-0.347
-0.349
-0.35
-0.352
-0.354
-0.356
-0.358
-0.361
-0.364
-0.367
-0.37
-0.372
-0.375
-0.379
-0.384
-0.389
-0.393
-0.398
-0.402
-0.405
-0.407
-0.409
-0.41
-0.411
-0.411
-0.412
-0.413
-0.414
-0.415
-0.416
-0.418
-0.419
-0.42
-0.421
-0.42
-0.417
-0.413
-0.406
-0.396
-0.363
-0.308
-0.234
-0.145
-0.05
0.039
0.117
0.16
0.175
0.161
0.121
0.05
-0.037
-0.127
-0.21
-0.282
-0.338
-0.363
-0.372
-0.376
-0.379
-0.381
-0.383
-0.385
-0.388
-0.391
-0.395
-0.397
-0.399
-0.401
-0.403
-0.406
-0.409
-0.414
-0.422
-0.43
-0.434
-0.432
-0.425
-0.416
-0.403
-0.385
-0.369
-0.354
-0.341
-0.328
-0.314
-0.299
-0.282
-0.262
-0.251
-0.245
-0.24
-0.235
-0.231
-0.227
-0.224
-0.221
-0.218
-0.214
-0.207
-0.194
-0.176
-0.158
-0.14
-0.123
-0.106
-0.089
-0.073
-0.051
-0.021
0.001
0.013
0.023
0.034
0.043
0.049
0.054
0.059
0.063
0.066
0.068
0.068
0.067
0.064
0.061
0.057
0.051
0.045
0.035
0.02
0.006
-0.004
-0.014
-0.024
-0.035
-0.046
-0.059
-0.081
-0.108
-0.126
-0.141
-0.155
-0.174
-0.192
-0.198
-0.2
-0.202
-0.204
-0.205
-0.207
-0.208
-0.208
-0.208
-0.208
-0.207
-0.206
-0.204
-0.202
-0.2
-0.2
-0.2
-0.2
-0.2
-0.2
-0.2
-0.2
-0.201
-0.201
-0.201
-0.2
-0.2
-0.199
-0.199
-0.2
-0.201
-0.202
-0.204
-0.206
-0.206
-0.2
-0.193
-0.19
-0.188
-0.185
-0.183
-0.181
-0.179
-0.178
-0.176
-0.175
-0.174
-0.172
-0.171
-0.17
-0.168
-0.165
-0.162
-0.159
-0.157
-0.154
-0.151
-0.148
-0.144
-0.141
-0.137
-0.134
-0.13
-0.125
-0.121
-0.117
-0.115
-0.114
-0.114
-0.113
-0.113
-0.113
-0.114
-0.116
-0.118
-0.119
-0.12
-0.122
-0.126
-0.126
-0.117
-0.113
-0.111
-0.108
-0.106
-0.105
-0.104
-0.103
-0.101
-0.1
-0.1
-0.099
-0.099
-0.098
-0.096
-0.094
-0.092
-0.091
-0.089
-0.087
-0.084
-0.079
-0.075
-0.068
-0.055
-0.043
-0.032
-0.025
-0.019
-0.014
-0.01
-0.007
-0.005
-0.005
-0.007
-0.009
-0.011
-0.013
-0.015
-0.017
-0.019
-0.022
-0.024
-0.026
-0.027
-0.028
-0.028
-0.028
-0.027
-0.027
-0.026
-0.027
-0.028
-0.029
-0.031
-0.032
-0.033
-0.034
-0.035
-0.036
-0.036
-0.036
-0.036
-0.037
-0.041
-0.049
-0.04
-0.013
0.027
0.089
0.172
0.274
0.39
0.504
0.584
0.594
0.561
0.449
0.304
0.159
0.047
0.004
-0.012
-0.013
-0.003
0.004
0.01
0.016
0.017
0.016
0.014
0.012
0.011
0.011
0.01
0.009
0.008
0.007
0.007
0.01
0.014
0.019
0.025
0.03
0.034
0.038
0.041
0.044
0.046
0.048
0.051
0.054
0.059
0.063
0.067
0.07
0.074
0.078
0.082
0.086
0.091
0.095
0.098
0.101
0.104
0.109
0.114
0.123
0.137
0.151
0.163
0.173
0.185
0.201
0.212
0.219
0.225
0.231
0.238
0.244
0.25
0.256
0.263
0.27
0.279
0.287
0.291
0.293
0.293
0.294
0.296
0.298
0.3
0.301
0.301
0.297
0.29
0.28
0.263
0.233
0.209
0.191
0.174
0.158
0.143
0.123
0.113
0.108
0.103
0.1
0.097
0.094
0.091
0.087
0.083
0.079
0.075
0.071
0.067
0.062
0.052
0.038
0.021
0.012
0.006
0.001
-0.003
-0.008
-0.012
-0.016
-0.019
-0.021
-0.024
-0.026
-0.028
-0.028
-0.028
-0.027
-0.028
-0.029
-0.031
-0.033
-0.035
-0.036
-0.037
-0.039
-0.04
-0.042
-0.043
-0.043
-0.043
-0.043
-0.044
-0.046
-0.047
-0.049
-0.05
-0.053
-0.055
-0.059
-0.062
-0.064
-0.066
-0.067
-0.068
-0.07
-0.072
-0.074
-0.075
-0.075
-0.076
-0.078
-0.079
-0.081
-0.083
-0.084
-0.084
-0.085
-0.085
-0.086
-0.087
-0.087
-0.086
-0.086
-0.085
-0.085
-0.086
-0.085
-0.085
-0.084
-0.083
-0.082
-0.082
-0.082
-0.082
-0.081
-0.08
-0.078
-0.077
-0.075
-0.073
-0.072
-0.07
-0.068
-0.067
-0.065
-0.064
-0.062
-0.06
-0.057
-0.054
-0.05
-0.046
-0.042
-0.04
-0.037
-0.035
-0.034
-0.033
-0.032
-0.031
-0.03
-0.029
-0.026
-0.019
-0.021
-0.038
-0.054
-0.069
-0.084
-0.098
-0.107
-0.114
-0.12
-0.125
-0.129
-0.132
-0.134
-0.136
-0.138
-0.14
-0.142
-0.144
-0.146
-0.147
-0.148
-0.148
-0.148
-0.148
-0.147
-0.145
-0.142
-0.138
-0.132
-0.111
-0.054
0.03
0.143
0.278
0.417
0.537
0.597
0.595
0.521
0.362
0.173
0.001
-0.12
-0.161
-0.158
-0.122
-0.105
-0.102
-0.102
-0.102
-0.102
-0.102
-0.102
-0.103
-0.103
-0.103
-0.102
-0.102
-0.102
-0.103
-0.103
-0.103
-0.101
-0.1
-0.098
-0.097
-0.097
-0.096
-0.095
-0.093
-0.09
-0.087
-0.084
-0.082
-0.078
-0.073
-0.066
-0.058
-0.048
-0.038
-0.029
-0.022
-0.017
-0.012
-0.007
-0.003
0.0
0.004
0.008
0.012
0.016
0.019
0.023
0.027
0.033
0.043
0.054
0.062
0.07
0.081
0.095
0.112
0.13
0.147
0.164
0.172
0.177
0.181
0.185
0.187
0.189
0.19
0.191
0.191
0.191
0.191
0.189
0.186
0.183
0.179
0.174
0.168
0.154
0.129
0.112
0.092
0.074
0.061
0.045
0.029
0.014
-0.001
-0.017
-0.031
-0.044
-0.052
-0.057
-0.06
-0.063
-0.065
-0.067
-0.068
-0.069
-0.071
-0.072
-0.073
-0.075
-0.079
-0.078
-0.066
-0.06
-0.055
-0.051
-0.047
-0.044
-0.042
-0.041
-0.039
-0.037
-0.036
-0.035
-0.034
-0.033
-0.032
-0.029
-0.027
-0.026
-0.027
-0.029
-0.031
-0.035
-0.037
-0.041
-0.044
-0.046
-0.044
-0.04
-0.035
-0.031
-0.028
-0.024
-0.021
-0.019
-0.019
-0.02
-0.023
-0.026
-0.03
-0.033
-0.037
-0.041
-0.043
-0.045
-0.046
-0.045
-0.043
-0.04
-0.036
-0.03
-0.019
-0.014
-0.011
-0.007
-0.004
-0.003
-0.006
-0.008
-0.01
-0.011
-0.013
-0.014
-0.014
-0.014
-0.012
-0.01
-0.008
-0.005
-0.001
0.0
0.0
-0.003
-0.006
-0.009
-0.012
-0.016
-0.019
-0.022
-0.024
-0.027
-0.031
-0.034
-0.037
-0.037
-0.034
-0.029
-0.024
-0.021
-0.019
-0.017
-0.015
-0.011
-0.008
-0.006
-0.004
-0.002
0.0
0.002
0.006
0.01
0.014
0.023
0.039
0.047
0.052
0.056
0.058
0.057
0.055
0.05
0.045
0.04
0.038
0.033
0.029
0.025
0.021
0.02
0.021
0.023
0.025
0.026
0.028
0.032
0.039
0.039
0.026
0.016
0.008
0.002
-0.001
-0.003
-0.003
-0.005
-0.007
-0.01
-0.012
-0.01
-0.005
0.01
0.054
0.138
0.257
0.401
0.546
0.664
0.711
0.705
0.623
0.47
0.298
0.15
0.051
0.034
0.029
0.026
0.02
0.013
0.001
-0.019
-0.039
-0.045
-0.047
-0.049
-0.051
-0.051
-0.051
-0.052
-0.053
-0.053
-0.052
-0.049
-0.046
-0.043
-0.04
-0.037
-0.033
-0.028
-0.023
-0.017
-0.01
-0.003
0.002
0.007
0.012
0.016
0.019
0.022
0.025
0.027
0.029
0.032
0.037
0.046
0.061
0.071
0.078
0.083
0.088
0.092
0.095
0.098
0.101
0.104
0.108
0.112
0.117
0.123
0.13
0.139
0.151
0.161
0.169
0.178
0.189
0.201
0.214
0.226
0.24
0.251
0.259
0.265
0.264
0.26
0.252
0.243
0.231
0.221
0.208
0.189
0.167
0.143
0.123
0.107
0.094
0.078
0.053
0.03
0.016
0.005
-0.002
-0.013
-0.026
-0.047
-0.058
-0.063
-0.068
-0.072
-0.076
-0.079
-0.081
-0.082
-0.082
-0.083
-0.083
-0.084
-0.085
-0.086
-0.087
-0.087
-0.087
-0.087
-0.087
-0.088
-0.088
-0.088
-0.088
-0.087
-0.087
-0.087
-0.088
-0.088
-0.088
-0.089
-0.09
-0.091
-0.093
-0.093
-0.094
-0.093
-0.092
-0.091
-0.091
-0.091
-0.091
-0.092
-0.092
-0.094
-0.096
-0.091
-0.082
-0.076
-0.072
-0.067
-0.062
-0.059
-0.056
-0.053
-0.051
-0.048
-0.046
-0.045
-0.044
-0.042
-0.039
-0.036
-0.032
-0.03
-0.03
-0.031
-0.033
-0.035
-0.037
-0.042
-0.045
-0.04
-0.033
-0.03
-0.029
-0.027
-0.026
-0.025
-0.024
-0.024
-0.022
-0.021
-0.021
-0.021
-0.022
-0.022
-0.023
-0.023
-0.024
-0.024
-0.025
-0.025
-0.025
-0.024
-0.024
-0.023
-0.022
-0.02
-0.019
-0.017
-0.015
-0.014
-0.014
-0.013
-0.011
-0.009
-0.006
-0.003
0.0
0.003
0.007
0.011
0.015
0.019
0.021
0.023
0.025
0.026
0.027
0.029
0.031
0.035
0.039
0.04
0.038
0.03
0.021
0.013
0.002
-0.007
-0.017
-0.026
-0.034
-0.041
-0.049
-0.055
-0.061
-0.068
-0.076
-0.086
-0.093
-0.098
-0.101
-0.104
-0.107
-0.108
-0.11
-0.111
-0.111
-0.111
-0.11
-0.11
-0.108
-0.104
-0.1
-0.095
-0.077
-0.025
0.05
0.155
0.29
0.44
0.577
0.653
0.658
0.606
0.473
0.315
0.176
0.113
0.093
0.082
0.076
0.07
0.047
-0.003
-0.03
-0.04
-0.046
-0.05
-0.053
-0.054
-0.054
-0.054
-0.053
-0.05
-0.046
-0.042
-0.039
-0.035
-0.032
-0.028
-0.024
-0.021
-0.018
-0.016
-0.014
-0.012
-0.01
-0.008
-0.007
-0.006
-0.005
-0.004
-0.002
-0.001
0.0
0.002
0.004
0.006
0.008
0.011
0.015
0.017
0.02
0.024
0.028
0.034
0.044
0.064
0.083
0.097
0.106
0.115
0.123
0.13
0.137
0.145
0.154
0.164
0.174
0.186
0.197
0.209
0.218
0.222
0.226
0.229
0.231
0.234
0.236
0.236
0.235
0.231
0.225
0.217
0.207
0.189
0.17
0.154
0.142
0.131
0.12
0.11
0.097
0.08
0.065
0.046
0.017
0.0
-0.008
-0.014
-0.02
-0.024
-0.027
-0.029
-0.031
-0.034
-0.036
-0.037
-0.038
-0.038
-0.039
-0.039
-0.04
-0.041
-0.042
-0.042
-0.042
-0.043
-0.043
-0.044
-0.044
-0.043
-0.041
-0.04
-0.038
-0.036
-0.034
-0.032
-0.03
-0.028
-0.027
-0.026
-0.025
-0.024
-0.023
-0.022
-0.021
-0.02
-0.02
-0.02
-0.02
-0.02
-0.02
-0.02
-0.02
-0.02
-0.019
-0.019
-0.019
-0.019
-0.018
-0.017
-0.016
-0.016
-0.016
-0.017
-0.017
-0.017
-0.017
-0.017
-0.017
-0.017
-0.017
-0.017
-0.016
-0.016
-0.016
-0.016
-0.015
-0.015
-0.015
-0.014
-0.014
-0.014
-0.015
-0.015
-0.015
-0.016
-0.016
-0.017
-0.017
-0.018
-0.019
-0.02
-0.021
-0.021
-0.021
-0.02
-0.02
-0.02
-0.02
-0.021
-0.021
-0.021
-0.021
-0.02
-0.019
-0.016
-0.013
-0.009
-0.004
0.0
0.002
0.002
0.001
-0.001
-0.003
-0.006
-0.009
-0.013
-0.015
-0.015
-0.011
-0.005
0.0
0.003
0.006
0.01
0.015
0.019
0.022
0.023
0.021
0.016
0.011
0.005
-0.001
-0.01
-0.022
-0.036
-0.05
-0.063
-0.073
-0.083
-0.091
-0.097
-0.099
-0.1
-0.1
-0.1
-0.1
-0.1
-0.1
-0.101
-0.102
-0.102
-0.102
-0.102
-0.102
-0.102
-0.101
-0.099
-0.097
-0.094
-0.09
-0.086
-0.082
-0.076
-0.047
0.005
0.088
0.203
0.342
0.492
0.622
0.674
0.665
0.566
0.391
0.195
0.028
-0.05
-0.076
-0.065
-0.055
-0.047
-0.041
-0.042
-0.047
-0.053
-0.056
-0.059
-0.061
-0.062
-0.063
-0.063
-0.063
-0.063
-0.062
-0.06
-0.058
-0.055
-0.052
-0.048
-0.046
-0.044
-0.043
-0.042
-0.042
-0.042
-0.041
-0.04
-0.039
-0.038
-0.037
-0.036
-0.034
-0.033
-0.031
-0.03
-0.029
-0.028
-0.027
-0.025
-0.022
-0.018
-0.014
-0.008
0.0
0.009
0.019
0.027
0.034
0.042
0.051
0.064
0.077
0.09
0.1
0.108
0.115
0.123
0.132
0.141
0.148
0.156
0.162
0.167
0.17
0.172
0.173
0.175
0.176
0.178
0.182
0.18
0.165
0.151
0.138
0.126
0.116
0.103
0.088
0.071
0.056
0.043
0.034
0.026
0.019
0.011
0.002
-0.009
-0.018
-0.024
-0.029
-0.033
-0.037
-0.04
-0.043
-0.046
-0.049
-0.053
-0.057
-0.059
-0.057
-0.054
-0.05
-0.047
-0.045
-0.042
-0.039
-0.037
-0.034
-0.031
-0.027
-0.022
-0.018
-0.015
-0.012
-0.009
-0.005
0.0
0.003
0.005
0.004
0.0
-0.006
-0.011
-0.015
-0.016
-0.017
-0.019
-0.021
-0.024
-0.026
-0.028
-0.029
-0.031
-0.033
-0.035
-0.036
-0.037
-0.036
-0.036
-0.035
-0.035
-0.035
-0.035
-0.035
-0.035
-0.035
-0.035
-0.035
-0.035
-0.034
-0.034
-0.034
-0.034
-0.034
-0.034
-0.035
-0.035
-0.035
-0.035
-0.035
-0.034
-0.033
-0.032
-0.032
-0.031
-0.03
-0.029
-0.027
-0.026
-0.026
-0.026
-0.027
-0.026
-0.025
-0.022
-0.02
-0.017
-0.015
-0.012
-0.009
-0.006
-0.003
-0.001
0.0
0.0
0.0
0.002
0.007
0.012
0.014
0.016
0.019
0.023
0.026
0.025
0.023
0.021
0.02
0.018
0.018
0.019
0.019
0.019
0.018
0.019
0.022
0.026
0.031
0.036
0.041
0.045
0.052
0.059
0.065
0.068
0.067
0.064
0.059
0.053
0.042
0.02
0.005
-0.003
-0.011
-0.019
-0.026
-0.036
-0.048
-0.055
-0.059
-0.062
-0.064
-0.065
-0.066
-0.066
-0.065
-0.064
-0.061
-0.058
-0.056
-0.053
-0.05
-0.048
-0.045
-0.042
-0.038
-0.036
-0.031
-0.025
0.0
0.057
0.137
0.233
0.34
0.447
0.526
0.538
0.52
0.43
0.303
0.167
0.052
-0.021
-0.037
-0.041
-0.044
-0.048
-0.054
-0.061
-0.068
-0.074
-0.083
-0.09
-0.092
-0.093
-0.093
-0.093
-0.093
-0.093
-0.094
-0.093
-0.088
-0.082
-0.077
-0.072
-0.068
-0.065
-0.062
-0.06
-0.059
-0.058
-0.057
-0.057
-0.056
-0.055
-0.053
-0.051
-0.049
-0.05
-0.053
-0.055
-0.058
-0.06
-0.059
-0.054
-0.045
-0.031
-0.004
0.012
0.02
0.026
0.031
0.035
0.039
0.041
0.043
0.044
0.047
0.055
0.071
0.09
0.11
0.123
0.129
0.134
0.137
0.14
0.143
0.145
0.147
0.149
0.151
0.154
0.156
0.157
0.156
0.153
0.149
0.143
0.136
0.129
0.119
0.109
0.102
0.095
0.083
0.063
0.041
0.02
0.008
0.001
-0.004
-0.01
-0.016
-0.022
-0.025
-0.028
-0.031
-0.034
-0.036
-0.038
-0.04
-0.042
-0.043
-0.043
-0.043
-0.043
-0.042
-0.04
-0.039
-0.037
-0.034
-0.031
-0.028
-0.025
-0.022
-0.019
-0.015
-0.011
-0.008
-0.005
-0.003
-0.001
0.0
0.0
0.001
0.002
0.003
0.004
0.005
0.006
0.007
0.007
0.008
0.008
0.008
0.007
0.006
0.004
0.003
0.001
0.0
-0.001
-0.001
0.0
0.0
0.002
0.003
0.003
0.0
-0.006
-0.015
-0.025
-0.03
-0.032
-0.034
-0.035
-0.037
-0.038
-0.039
-0.04
-0.041
-0.042
-0.044
-0.046
-0.048
-0.05
-0.052
-0.055
-0.058
-0.061
-0.064
-0.067
-0.069
-0.071
-0.073
-0.075
-0.076
-0.078
-0.079
-0.08
-0.081
-0.082
-0.083
-0.084
-0.086
-0.087
-0.088
-0.086
-0.083
-0.077
-0.071
-0.064
-0.057
-0.048
-0.04
-0.033
-0.028
-0.025
-0.021
-0.016
-0.009
-0.002
0.006
0.012
0.017
0.021
0.024
0.024
0.021
0.017
0.011
0.001
-0.017
-0.033
-0.042
-0.05
-0.057
-0.065
-0.074
-0.076
-0.077
-0.077
-0.077
-0.078
-0.078
-0.079
-0.08
-0.08
-0.08
-0.08
-0.08
-0.08
-0.079
-0.077
-0.075
-0.073
-0.07
-0.067
-0.064
-0.056
-0.034
0.01
0.076
0.162
0.262
0.368
0.464
0.521
0.522
0.471
0.341
0.184
0.052
-0.019
-0.042
-0.039
-0.035
-0.033
-0.047
-0.091
-0.109
-0.116
-0.098
-0.084
-0.074
-0.066
-0.062
-0.062
-0.065
-0.069
-0.072
-0.075
-0.077
-0.08
-0.082
-0.085
-0.086
-0.084
-0.079
-0.074
-0.067
-0.061
-0.054
-0.047
-0.04
-0.033
-0.028
-0.023
-0.019
-0.014
-0.01
-0.007
-0.004
-0.001
0.0
0.001
0.002
0.004
0.007
0.009
0.011
0.014
0.017
0.02
0.024
0.029
0.036
0.048
0.062
0.081
0.104
0.119
0.128
0.134
0.138
0.141
0.144
0.145
0.147
0.15
0.151
0.152
0.152
0.152
0.15
0.147
0.143
0.137
0.125
0.105
0.09
0.079
0.069
0.062
0.056
0.049
0.04
0.03
0.02
0.008
-0.001
-0.011
-0.026
-0.048
-0.057
-0.061
-0.064
-0.068
-0.071
-0.073
-0.074
-0.075
-0.076
-0.076
-0.076
-0.075
-0.074
-0.072
-0.07
-0.068
-0.067
-0.065
-0.063
-0.062
-0.062
-0.062
-0.061
-0.061
-0.06
-0.059
-0.058
-0.056
-0.055
-0.054
-0.053
-0.051
-0.05
-0.049
-0.048
-0.047
-0.045
-0.044
-0.042
-0.04
-0.038
-0.035
-0.032
-0.029
-0.025
-0.021
-0.017
-0.014
-0.011
-0.009
-0.007
-0.005
-0.004
-0.002
-0.002
-0.001
0.0
0.0
0.002
0.004
0.006
0.007
0.009
0.01
0.011
0.012
0.013
0.013
0.013
0.013
0.013
0.013
0.014
0.016
0.017
0.018
0.021
0.023
0.026
0.028
0.03
0.033
0.036
0.041
0.051
0.069
0.078
0.083
0.087
0.089
0.091
0.09
0.087
0.083
0.079
0.075
0.069
0.064
0.062
0.064
0.07
0.076
0.08
0.083
0.086
0.089
0.092
0.094
0.096
0.097
0.097
0.095
0.092
0.089
0.085
0.081
0.076
0.069
0.058
0.046
0.035
0.03
0.026
0.024
0.021
0.019
0.016
0.014
0.011
0.009
0.006
0.004
0.001
0.0
-0.001
-0.003
-0.006
-0.01
-0.016
-0.02
-0.019
-0.016
-0.011
-0.004
0.021
0.071
0.14
0.232
0.346
0.473
0.585
0.628
0.621
0.538
0.395
0.244
0.127
0.074
0.058
0.049
0.041
0.036
0.032
0.023
0.011
-0.005
-0.016
-0.024
-0.029
-0.033
-0.036
-0.038
-0.04
-0.042
-0.043
-0.044
-0.045
-0.048
-0.05
-0.051
-0.051
-0.049
-0.048
-0.046
-0.045
-0.044
-0.043
-0.041
-0.039
-0.038
-0.037
-0.037
-0.037
-0.038
-0.039
-0.04
-0.041
-0.044
-0.046
-0.042
-0.034
-0.027
-0.02
-0.012
-0.005
0.001
0.006
0.011
0.015
0.019
0.024
0.027
0.03
0.034
0.039
0.051
0.071
0.09
0.111
0.123
0.128
0.132
0.136
0.139
0.141
0.142
0.143
0.142
0.142
0.14
0.137
0.134
0.13
0.125
0.119
0.113
0.102
0.091
0.085
0.079
0.072
0.062
0.049
0.038
0.029
0.018
0.006
-0.001
-0.008
-0.013
-0.018
-0.022
-0.025
-0.028
-0.03
-0.033
-0.035
-0.037
-0.038
-0.039
-0.039
-0.039
-0.039
-0.039
-0.04
-0.039
-0.038
-0.036
-0.034
-0.032
-0.03
-0.029
-0.027
-0.025
-0.023
-0.021
-0.02
-0.02
-0.019
-0.019
-0.02
-0.021
-0.023
-0.026
-0.029
-0.032
-0.035
-0.037
-0.041
-0.045
-0.05
-0.054
-0.058
-0.06
-0.062
-0.064
-0.066
-0.068
-0.068
-0.069
-0.069
-0.07
-0.07
-0.071
-0.072
-0.073
-0.073
-0.073
-0.072
-0.07
-0.067
-0.064
-0.061
-0.058
-0.056
-0.054
-0.052
-0.05
-0.048
-0.047
-0.046
-0.044
-0.042
-0.04
-0.038
-0.037
-0.036
-0.035
-0.033
-0.03
-0.027
-0.024
-0.02
-0.016
-0.01
-0.005
-0.001
0.002
0.005
0.008
0.01
0.012
0.015
0.018
0.02
0.023
0.026
0.029
0.032
0.035
0.038
0.04
0.042
0.047
0.053
0.058
0.061
0.061
0.059
0.056
0.053
0.051
0.049
0.047
0.044
0.041
0.037
0.034
0.031
0.027
0.024
0.021
0.018
0.016
0.015
0.013
0.011
0.009
0.006
0.003
0.0
-0.001
-0.003
-0.003
-0.004
-0.003
-0.003
-0.001
0.0
0.001
0.004
0.008
0.012
0.016
0.022
0.053
0.111
0.19
0.288
0.401
0.513
0.606
0.645
0.64
0.573
0.451
0.313
0.199
0.159
0.146
0.138
0.132
0.126
0.104
0.061
0.017
-0.004
-0.017
-0.025
-0.029
-0.023
-0.011
-0.003
0.002
0.008
0.013
0.015
0.014
0.013
0.011
0.01
0.008
0.004
0.001
0.006
0.013
0.018
0.022
0.026
0.029
0.03
0.029
0.028
0.028
0.027
0.025
0.023
0.021
0.02
0.02
0.026
0.034
0.041
0.046
0.05
0.054
0.059
0.063
0.067
0.07
0.073
0.075
0.076
0.078
0.08
0.083
0.09
0.109
0.148
0.2
0.257
0.328
0.405
0.475
0.532
0.569
0.572
0.549
0.494
0.434
0.34
0.241
0.194
0.178
0.188
0.207
0.219
0.223
0.216
0.171
0.134
0.099
0.06
0.018
0.005
0.0
-0.004
0.0
0.001
0.004
0.005
0.0
-0.01
-0.02
-0.032
-0.041
-0.046
-0.049
-0.053
-0.056
-0.057
-0.056
-0.052
-0.046
-0.038
-0.026
-0.012
0.003
0.017
0.021
0.024
0.026
0.027
0.028
0.028
0.028
0.028
0.028
0.028
0.026
0.023
0.02
0.017
0.013
0.011
0.009
0.006
0.004
0.002
0.001
0.001
0.001
0.0
0.0
-0.002
-0.003
-0.005
-0.006
-0.007
-0.008
-0.009
-0.011
-0.012
-0.013
-0.014
-0.015
-0.016
-0.019
-0.025
-0.03
-0.031
-0.029
-0.026
-0.022
-0.012
-0.004
0.0
0.003
0.005
0.006
0.005
0.003
0.001
0.0
0.0
0.0
-0.001
-0.002
-0.004
-0.006
-0.008
-0.01
-0.013
-0.016
-0.021
-0.034
-0.044
-0.05
-0.053
-0.055
-0.056
-0.057
-0.058
-0.059
-0.06
-0.061
-0.062
-0.062
-0.062
-0.062
-0.061
-0.06
-0.059
-0.058
-0.055
-0.052
-0.049
-0.046
-0.038
-0.023
-0.014
-0.009
-0.005
-0.002
0.0
0.002
0.006
0.012
0.012
0.004
-0.003
-0.01
-0.016
-0.022
-0.027
-0.046
-0.07
-0.079
-0.082
-0.084
-0.085
-0.086
-0.086
-0.084
-0.081
-0.077
-0.072
-0.067
-0.058
-0.051
-0.047
-0.042
-0.037
-0.037
-0.045
-0.052
-0.058
-0.061
-0.057
-0.044
-0.009
0.064
0.166
0.29
0.42
0.535
0.602
0.608
0.573
0.46
0.317
0.19
0.103
0.062
0.05
0.043
0.038
0.033
0.016
-0.016
-0.043
-0.052
-0.045
-0.037
-0.031
-0.027
-0.029
-0.035
-0.039
-0.043
-0.047
-0.049
-0.049
-0.048
-0.046
-0.044
-0.042
-0.04
-0.039
-0.038
-0.036
-0.035
-0.033
-0.031
-0.029
-0.027
-0.024
-0.023
-0.021
-0.018
-0.015
-0.012
-0.009
-0.007
-0.005
-0.002
0.001
0.01
0.02
0.035
0.049
0.055
0.058
0.06
0.062
0.064
0.066
0.068
0.07
0.072
0.075
0.081
0.094
0.105
0.113
0.119
0.129
0.141
0.154
0.163
0.167
0.17
0.172
0.168
0.161
0.155
0.148
0.142
0.137
0.128
0.113
0.093
0.074
0.056
0.04
0.019
-0.001
-0.024
-0.049
-0.066
-0.082
-0.093
-0.099
-0.108
-0.122
-0.133
-0.14
-0.144
-0.144
-0.141
-0.136
-0.131
-0.124
-0.121
-0.123
-0.128
-0.135
-0.148
-0.157
-0.163
-0.166
-0.164
-0.159
-0.153
-0.146
-0.138
-0.131
-0.124
-0.124
-0.132
-0.143
-0.157
-0.163
-0.166
-0.169
