-0.015
-0.016
-0.016
-0.017
-0.018
-0.019
-0.023
-0.028
-0.034
-0.041
-0.048
-0.053
-0.058
-0.062
-0.066
-0.068
-0.071
-0.073
-0.075
-0.076
-0.077
-0.079
-0.08
-0.081
-0.082
-0.083
-0.083
-0.083
-0.083
-0.084
-0.084
-0.085
-0.086
-0.087
-0.088
-0.089
-0.09
-0.092
-0.093
-0.095
-0.097
-0.1
-0.105
-0.11
-0.117
-0.123
-0.13
-0.137
-0.144
-0.152
-0.158
-0.163
-0.167
-0.172
-0.176
-0.181
-0.184
-0.187
-0.189
-0.19
-0.19
-0.19
-0.188
-0.185
-0.182
-0.179
-0.175
-0.17
-0.165
-0.157
-0.141
-0.126
-0.114
-0.1
-0.083
-0.065
-0.049
-0.036
-0.022
-0.007
0.004
0.015
0.025
0.034
0.042
0.049
0.057
0.064
0.071
0.074
0.074
0.074
0.074
0.074
0.074
0.074
0.075
0.075
0.075
0.075
0.074
0.073
0.072
0.069
0.067
0.064
0.062
0.061
0.06
0.061
0.061
0.061
0.061
0.061
0.062
0.062
0.062
0.061
0.06
0.059
0.058
0.057
0.056
0.054
0.051
0.048
0.043
0.031
0.001
-0.052
-0.105
-0.157
-0.213
-0.237
-0.255
-0.254
-0.216
-0.147
-0.054
0.05
0.15
0.229
0.281
0.299
0.299
0.286
0.25
0.199
0.148
0.099
0.07
0.058
0.056
0.053
0.051
0.048
0.047
0.046
0.045
0.044
0.043
0.043
0.043
0.043
0.043
0.042
0.042
0.041
0.041
0.041
0.04
0.04
0.04
0.04
0.04
0.039
0.039
0.039
0.038
0.038
0.037
0.037
0.036
0.036
0.035
0.035
0.035
0.035
0.034
0.032
0.031
0.029
0.026
0.023
0.02
0.015
0.006
-0.003
-0.012
-0.017
-0.022
-0.025
-0.028
-0.031
-0.034
-0.036
-0.038
-0.039
-0.039
-0.039
-0.038
-0.036
-0.032
-0.027
-0.021
-0.015
-0.007
0.002
0.014
0.027
0.04
0.05
0.06
0.067
0.072
0.074
0.075
0.076
0.077
0.078
0.078
0.079
0.08
0.081
0.081
0.082
0.081
0.081
0.08
0.078
0.076
0.072
0.069
0.065
0.062
0.058
0.053
0.049
0.045
0.04
0.035
0.029
0.024
0.018
0.013
0.009
0.004
0.0
-0.002
-0.006
-0.009
-0.013
-0.017
-0.022
-0.026
-0.03
-0.033
-0.037
-0.04
-0.044
-0.046
-0.048
-0.048
-0.049
-0.049
-0.05
-0.052
-0.054
-0.055
-0.056
-0.058
-0.06
-0.062
-0.065
-0.068
-0.071
-0.073
-0.075
-0.076
-0.078
-0.08
-0.081
-0.083
-0.084
-0.086
-0.087
-0.089
-0.09
-0.092
-0.094
-0.096
-0.098
-0.099
-0.1
-0.101
-0.102
-0.103
-0.105
-0.106
-0.107
-0.108
-0.108
-0.109
-0.11
-0.111
-0.112
-0.112
-0.113
-0.113
-0.113
-0.112
-0.112
-0.112
-0.111
-0.111
-0.111
-0.11
-0.109
-0.108
-0.107
-0.107
-0.106
-0.106
-0.105
-0.104
-0.103
-0.103
-0.102
-0.102
-0.101
-0.101
-0.1
-0.099
-0.098
-0.097
-0.097
-0.097
-0.096
-0.096
-0.095
-0.095
-0.095
-0.095
-0.093
-0.092
-0.09
-0.088
-0.085
-0.082
-0.079
-0.074
-0.07
-0.066
-0.064
-0.061
-0.059
-0.057
-0.055
-0.052
-0.05
-0.048
-0.046
-0.044
-0.043
-0.041
-0.039
-0.038
-0.037
-0.037
-0.036
-0.035
-0.033
-0.032
-0.03
-0.028
-0.026
-0.024
-0.021
-0.017
-0.014
-0.01
-0.003
0.004
0.011
0.017
0.022
0.026
0.029
0.032
0.035
0.038
0.041
0.044
0.046
0.048
0.051
0.053
0.055
0.056
0.056
0.057
0.057
0.058
0.059
0.061
0.063
0.065
0.067
0.069
0.071
0.073
0.074
0.075
0.075
0.075
0.075
0.076
0.077
0.078
0.079
0.081
0.083
0.085
0.088
0.09
0.092
0.092
0.091
0.089
0.087
0.083
0.08
0.076
0.072
0.068
0.065
0.063
0.06
0.057
0.053
0.048
0.044
0.04
0.036
0.031
0.025
0.02
0.016
0.013
0.011
0.009
0.006
0.003
0.0
-0.002
-0.004
-0.006
-0.009
-0.012
-0.015
-0.017
-0.02
-0.023
-0.026
-0.029
-0.032
-0.035
-0.038
-0.04
-0.043
-0.047
-0.051
-0.054
-0.058
-0.062
-0.067
-0.071
-0.075
-0.08
-0.083
-0.085
-0.086
-0.087
-0.088
-0.09
-0.092
-0.095
-0.098
-0.101
-0.105
-0.11
-0.114
-0.119
-0.124
-0.131
-0.14
-0.182
-0.24
-0.312
-0.396
-0.48
-0.538
-0.557
-0.531
-0.453
-0.308
-0.137
0.012
0.095
0.122
0.102
0.04
-0.041
-0.113
-0.134
-0.142
-0.147
-0.128
-0.102
-0.083
-0.083
-0.082
-0.082
-0.081
-0.081
-0.081
-0.083
-0.088
-0.095
-0.102
-0.106
-0.109
-0.113
-0.116
-0.119
-0.121
-0.123
-0.124
-0.126
-0.128
-0.13
-0.133
-0.136
-0.138
-0.14
-0.142
-0.143
-0.145
-0.148
-0.152
-0.156
-0.159
-0.163
-0.166
-0.169
-0.173
-0.176
-0.18
-0.183
-0.186
-0.189
-0.193
-0.198
-0.204
-0.21
-0.218
-0.226
-0.236
-0.245
-0.254
-0.264
-0.272
-0.278
-0.282
-0.286
-0.289
-0.292
-0.294
-0.297
-0.299
-0.301
-0.302
-0.302
-0.301
-0.299
-0.297
-0.295
-0.292
-0.289
-0.285
-0.28
-0.275
-0.263
-0.239
-0.218
-0.194
-0.173
-0.157
-0.139
-0.127
-0.119
-0.113
-0.106
-0.099
-0.091
-0.082
-0.072
-0.058
-0.045
-0.033
-0.026
-0.02
-0.015
-0.011
-0.007
-0.002
0.002
0.006
0.011
0.015
0.018
0.022
0.025
0.027
0.03
0.032
0.035
0.038
0.04
0.041
0.043
0.044
0.046
0.047
0.048
0.049
0.051
0.053
0.055
0.058
0.059
0.06
0.061
0.062
0.064
0.065
0.067
0.067
0.068
0.069
0.07
0.073
0.075
0.078
0.079
0.08
0.08
0.081
0.082
0.083
0.083
0.083
0.083
0.084
0.085
0.086
0.087
0.088
0.089
0.089
0.09
0.091
0.092
0.093
0.093
0.094
0.095
0.097
0.098
0.1
0.102
0.103
0.105
0.108
0.114
0.117
0.111
0.097
0.077
0.046
-0.009
-0.072
-0.15
-0.233
-0.305
-0.329
-0.311
-0.258
-0.127
0.04
0.208
0.348
0.413
0.434
0.411
0.343
0.263
0.194
0.145
0.116
0.104
0.1
0.096
0.094
0.09
0.088
0.087
0.086
0.085
0.084
0.083
0.082
0.081
0.08
0.079
0.078
0.078
0.078
0.078
0.078
0.078
0.077
0.077
0.077
0.076
0.076
0.075
0.073
0.071
0.07
0.068
0.066
0.064
0.061
0.058
0.055
0.052
0.048
0.044
0.039
0.031
0.024
0.015
0.007
0.0
-0.009
-0.019
-0.028
-0.037
-0.045
-0.051
-0.058
-0.064
-0.07
-0.077
-0.083
-0.089
-0.093
-0.097
-0.102
-0.106
-0.11
-0.112
-0.113
-0.112
-0.109
-0.104
-0.098
-0.092
-0.083
-0.068
-0.057
-0.047
-0.032
-0.01
0.003
0.012
0.02
0.027
0.034
0.04
0.045
0.049
0.054
0.059
0.064
0.068
0.072
0.075
0.078
0.08
0.083
0.085
0.086
0.086
0.086
0.085
0.083
0.08
0.077
0.073
0.069
0.065
0.061
0.059
0.056
0.053
0.051
0.049
0.047
0.045
0.043
0.041
0.039
0.037
0.035
0.034
0.034
0.033
0.033
0.032
0.03
0.028
0.024
0.004
-0.041
-0.105
-0.182
-0.264
-0.338
-0.379
-0.378
-0.33
-0.21
-0.041
0.138
0.289
0.378
0.39
0.359
0.274
0.181
0.104
0.065
0.058
0.053
0.049
0.046
0.043
0.042
0.04
0.038
0.037
0.035
0.034
0.032
0.032
0.031
0.031
0.03
0.029
0.028
0.028
0.028
0.027
0.026
0.026
0.025
0.024
0.022
0.021
0.019
0.018
0.016
0.015
0.014
0.012
0.011
0.009
0.008
0.007
0.005
0.003
0.0
-0.002
-0.005
-0.008
-0.012
-0.02
-0.028
-0.033
-0.034
-0.034
-0.035
-0.035
-0.036
-0.037
-0.038
-0.039
-0.039
-0.04
-0.04
-0.039
-0.039
-0.038
-0.037
-0.036
-0.034
-0.032
-0.029
-0.027
-0.025
-0.022
-0.018
-0.01
-0.002
0.004
0.011
0.023
0.042
0.063
0.081
0.093
0.1
0.107
0.113
0.118
0.122
0.127
0.133
0.139
0.145
0.149
0.153
0.157
0.161
0.163
0.163
0.162
0.16
0.157
0.155
0.152
0.15
0.145
0.139
0.135
0.131
0.128
0.124
0.121
0.121
0.125
0.131
0.135
0.139
0.142
0.145
0.146
0.147
0.147
0.146
0.145
0.143
0.141
0.138
0.134
0.127
0.123
0.122
0.121
0.12
0.12
0.119
0.119
0.119
0.118
0.118
0.117
0.117
0.117
0.117
0.118
0.118
0.118
0.118
0.117
0.117
0.117
0.116
0.115
0.114
0.113
0.113
0.113
0.113
0.112
0.112
0.111
0.111
0.11
0.109
0.106
0.106
0.111
0.115
0.119
0.121
0.118
0.111
0.105
0.098
0.091
0.084
0.08
0.076
0.072
0.069
0.069
0.071
0.074
0.079
0.084
0.091
0.097
0.103
0.106
0.11
0.112
0.114
0.114
0.114
0.114
0.113
0.111
0.108
0.104
0.101
0.097
0.095
0.091
0.087
0.082
0.079
0.077
0.077
0.077
0.078
0.078
0.079
0.08
0.083
0.082
0.071
0.065
0.062
0.059
0.056
0.054
0.052
0.05
0.048
0.045
0.044
0.043
0.041
0.04
0.039
0.037
0.035
0.032
0.03
0.027
0.024
0.02
0.017
0.013
0.01
0.006
0.001
0.0
-0.001
-0.002
-0.002
-0.003
-0.004
-0.005
-0.006
-0.006
-0.007
-0.009
-0.011
-0.014
-0.017
-0.02
-0.023
-0.025
-0.028
-0.031
-0.035
-0.038
-0.042
-0.045
-0.048
-0.053
-0.058
-0.06
-0.061
-0.062
-0.063
-0.063
-0.064
-0.064
-0.066
-0.067
-0.069
-0.07
-0.073
-0.075
-0.076
-0.077
-0.078
-0.078
-0.078
-0.078
-0.079
-0.08
-0.081
-0.082
-0.083
-0.083
-0.084
-0.085
-0.086
-0.087
-0.087
-0.088
-0.088
-0.088
-0.089
-0.09
-0.092
-0.093
-0.094
-0.096
-0.099
-0.102
-0.104
-0.106
-0.106
-0.104
-0.102
-0.1
-0.098
-0.097
-0.095
-0.094
-0.092
-0.091
-0.09
-0.089
-0.087
-0.086
-0.083
-0.081
-0.08
-0.078
-0.077
-0.075
-0.073
-0.069
-0.06
-0.051
-0.047
-0.045
-0.043
-0.041
-0.038
-0.036
-0.035
-0.034
-0.033
-0.033
-0.033
-0.034
-0.034
-0.035
-0.037
-0.039
-0.041
-0.043
-0.046
-0.059
-0.092
-0.137
-0.196
-0.265
-0.337
-0.393
-0.401
-0.387
-0.304
-0.181
-0.035
0.103
0.207
0.252
0.254
0.22
0.167
0.12
0.084
0.067
0.054
0.042
0.024
-0.002
-0.012
-0.016
-0.02
-0.019
-0.011
-0.005
0.0
0.004
0.003
-0.002
-0.009
-0.013
-0.016
-0.018
-0.02
-0.022
-0.024
-0.026
-0.028
-0.029
-0.029
-0.029
-0.028
-0.027
-0.025
-0.023
-0.021
-0.019
-0.017
-0.015
-0.014
-0.012
-0.01
-0.006
-0.004
-0.002
-0.003
-0.007
-0.012
-0.017
-0.022
-0.027
-0.032
-0.037
-0.04
-0.043
-0.045
-0.048
-0.052
-0.059
-0.067
-0.075
-0.082
-0.09
-0.098
-0.105
-0.11
-0.115
-0.119
-0.122
-0.124
-0.126
-0.129
-0.133
-0.136
-0.136
-0.132
-0.126
-0.118
-0.108
-0.097
-0.087
-0.078
-0.069
-0.059
-0.048
-0.037
-0.028
-0.019
-0.01
0.001
0.012
0.019
0.024
0.029
0.036
0.044
0.052
0.059
0.067
0.073
0.08
0.085
0.089
0.092
0.095
0.098
0.101
0.103
0.105
0.106
0.105
0.102
0.099
0.095
0.093
0.091
0.089
0.087
0.085
0.084
0.083
0.081
0.08
0.078
0.076
0.074
0.072
0.07
0.069
0.067
0.066
0.065
0.063
0.062
0.061
0.059
0.058
0.055
0.053
0.05
0.049
0.048
0.048
0.048
0.05
0.052
0.054
0.057
0.059
0.061
0.062
0.063
0.064
0.065
0.065
0.065
0.065
0.065
0.065
0.066
0.067
0.068
0.068
0.069
0.069
0.069
0.07
0.071
0.072
0.073
0.074
0.077
0.08
0.087
0.092
0.089
0.079
0.05
0.005
-0.055
-0.127
-0.204
-0.279
-0.332
-0.349
-0.327
-0.259
-0.12
0.043
0.204
0.329
0.39
0.397
0.372
0.304
0.227
0.159
0.107
0.069
0.045
0.031
0.024
0.019
0.014
0.009
0.005
0.003
0.0
-0.002
-0.007
-0.014
-0.02
-0.026
-0.028
-0.029
-0.031
-0.032
-0.033
-0.035
-0.037
-0.039
-0.041
-0.043
-0.045
-0.048
-0.051
-0.055
-0.06
-0.072
-0.079
-0.084
-0.088
-0.092
-0.096
-0.101
-0.107
-0.115
-0.121
-0.127
-0.134
-0.14
-0.146
-0.152
-0.162
-0.176
-0.187
-0.197
-0.208
-0.222
-0.231
-0.236
-0.24
-0.243
-0.247
-0.249
-0.251
-0.253
-0.254
-0.256
-0.258
-0.261
-0.265
-0.268
-0.267
-0.262
-0.253
-0.244
-0.23
-0.217
-0.206
-0.196
-0.187
-0.179
-0.165
-0.147
-0.133
-0.123
-0.114
-0.105
-0.095
-0.085
-0.072
-0.053
-0.039
-0.031
-0.024
-0.018
-0.013
-0.008
-0.005
-0.002
0.0
0.003
0.006
0.009
0.012
0.016
0.02
0.02
0.018
0.015
0.013
0.012
0.011
0.01
0.009
0.008
0.007
0.006
0.005
0.004
0.004
0.004
0.003
0.003
0.003
0.003
0.003
0.002
0.001
0.0
-0.001
-0.006
-0.018
-0.042
-0.083
-0.143
-0.221
-0.306
-0.381
-0.413
-0.406
-0.336
-0.201
-0.037
0.128
0.261
0.333
0.342
0.321
0.25
0.165
0.095
0.059
0.048
0.04
0.035
0.025
0.009
-0.001
-0.007
-0.011
-0.013
-0.013
-0.01
-0.005
0.0
0.003
0.008
0.013
0.016
0.015
0.011
0.005
-0.001
-0.008
-0.016
-0.023
-0.028
-0.032
-0.035
-0.037
-0.038
-0.04
-0.042
-0.043
-0.045
-0.047
-0.048
-0.05
-0.051
-0.054
-0.057
-0.063
-0.073
-0.085
-0.093
-0.097
-0.101
-0.104
-0.107
-0.11
-0.113
-0.116
-0.119
-0.123
-0.128
-0.134
-0.139
-0.143
-0.147
-0.149
-0.152
-0.155
-0.157
-0.159
-0.16
-0.159
-0.156
-0.152
-0.146
-0.138
-0.126
-0.113
-0.1
-0.088
-0.077
-0.064
-0.047
-0.034
-0.024
-0.016
-0.005
0.008
0.021
0.035
0.046
0.053
0.058
0.062
0.064
0.065
0.066
0.067
0.068
0.069
0.069
0.069
0.069
0.069
0.069
0.069
0.069
0.069
0.069
0.069
0.069
0.069
0.07
0.069
0.069
0.069
0.069
0.069
0.069
0.068
0.068
0.068
0.069
0.069
0.07
0.07
0.071
0.071
0.071
0.072
0.072
0.072
0.073
0.073
0.073
0.074
0.076
0.077
0.075
0.072
0.067
0.061
0.053
0.051
0.049
0.048
0.046
0.045
0.045
0.045
0.047
0.048
0.049
0.051
0.053
0.056
0.062
0.069
0.074
0.08
0.085
0.087
0.087
0.088
0.088
0.088
0.088
0.088
0.088
0.087
0.083
0.079
0.075
0.069
0.065
0.062
0.059
0.056
0.054
0.052
0.053
0.056
0.06
0.064
0.066
0.069
0.071
0.073
0.074
0.076
0.076
0.076
0.075
0.073
0.071
0.069
0.068
0.066
0.064
0.061
0.059
0.057
0.057
0.057
0.058
0.059
0.059
0.06
0.063
0.064
0.063
0.061
0.061
0.06
0.06
0.06
0.06
0.06
0.059
0.059
0.058
0.057
0.056
0.055
0.055
0.054
0.053
0.052
0.051
0.05
0.049
0.049
0.048
0.046
0.045
0.043
0.042
0.042
0.041
0.041
0.04
0.041
0.042
0.043
0.044
0.045
0.046
0.048
0.051
0.052
0.048
0.044
0.04
0.042
0.046
0.049
0.042
0.034
0.03
0.025
0.021
0.018
0.015
0.011
0.005
0.005
0.01
0.013
0.015
0.017
0.019
0.021
0.023
0.025
0.028
0.032
0.038
0.048
0.051
0.053
0.054
0.056
0.055
0.052
0.046
0.037
0.023
0.016
0.011
0.008
0.007
0.008
0.011
0.016
0.022
0.031
0.039
0.043
0.046
0.049
0.051
0.052
0.053
0.053
0.054
0.054
0.053
0.052
0.05
0.048
0.046
0.044
0.042
0.039
0.036
0.032
0.029
0.025
0.021
0.017
0.011
0.004
-0.001
-0.004
-0.007
-0.009
-0.012
-0.014
-0.011
-0.004
0.006
0.02
0.026
0.03
0.032
0.034
0.034
0.032
0.029
0.026
0.023
0.02
0.017
0.014
0.013
0.014
0.016
0.019
0.021
0.023
0.024
0.026
0.028
0.03
0.032
0.034
0.036
0.037
0.038
0.039
0.041
0.042
0.043
0.046
0.052
0.052
0.047
0.032
0.005
-0.035
-0.093
-0.163
-0.238
-0.306
-0.351
-0.356
-0.332
-0.254
-0.133
0.008
0.146
0.247
0.283
0.282
0.237
0.162
0.091
0.044
0.034
0.032
0.03
0.028
0.025
0.022
0.018
0.014
0.008
0.002
-0.005
-0.009
-0.011
-0.013
-0.016
-0.018
-0.02
-0.021
-0.022
-0.022
-0.022
-0.022
-0.021
-0.021
-0.021
-0.021
-0.021
-0.021
-0.021
-0.021
-0.021
-0.021
-0.022
-0.024
-0.026
-0.029
-0.033
-0.038
-0.048
-0.055
-0.058
-0.061
-0.063
-0.065
-0.067
-0.069
-0.07
-0.072
-0.074
-0.076
-0.082
-0.094
-0.106
-0.114
-0.122
-0.129
-0.136
-0.147
-0.156
-0.161
-0.166
-0.169
-0.172
-0.174
-0.176
-0.178
-0.18
-0.181
-0.182
-0.183
-0.182
-0.181
-0.178
-0.175
-0.171
-0.165
-0.155
-0.143
-0.131
-0.119
-0.109
-0.096
-0.081
-0.067
-0.052
-0.039
-0.031
-0.024
-0.017
-0.008
0.001
0.01
0.018
0.023
0.028
0.034
0.04
0.048
0.059
0.068
0.074
0.078
0.081
0.083
0.085
0.085
0.085
0.084
0.083
0.082
0.08
0.078
0.077
0.076
0.076
0.076
0.076
0.075
0.076
0.077
0.078
0.079
0.079
0.077
0.075
0.073
0.072
0.07
0.069
0.067
0.064
0.061
0.059
0.056
0.054
0.051
0.048
0.043
0.038
0.036
0.035
0.034
0.032
0.028
0.037
0.044
0.049
0.052
0.055
0.055
0.054
0.051
0.049
0.047
0.044
0.041
0.039
0.038
0.038
0.038
0.039
0.041
0.042
0.044
0.045
0.047
0.049
0.052
0.056
0.061
0.069
0.079
0.085
0.092
0.097
0.089
0.067
0.029
-0.023
-0.09
-0.163
-0.237
-0.303
-0.335
-0.331
-0.277
-0.158
-0.003
0.162
0.304
0.394
0.414
0.407
0.351
0.28
0.211
0.152
0.103
0.091
0.089
0.088
0.088
0.088
0.087
0.086
0.085
0.083
0.08
0.078
0.075
0.073
0.071
0.068
0.065
0.062
0.058
0.055
0.053
0.05
0.048
0.046
0.044
0.043
0.041
0.04
0.039
0.038
0.037
0.036
0.035
0.034
0.033
0.031
0.029
0.027
0.024
0.021
0.017
0.011
0.004
-0.004
-0.013
-0.022
-0.036
-0.055
-0.076
-0.095
-0.108
-0.115
-0.122
-0.13
-0.136
-0.142
-0.148
-0.153
-0.156
-0.158
-0.159
-0.161
-0.162
-0.164
-0.166
-0.166
-0.162
-0.156
-0.15
-0.14
-0.126
-0.107
-0.084
-0.06
-0.039
-0.025
-0.014
-0.002
0.009
0.02
0.029
0.036
0.042
0.05
0.058
0.071
0.092
0.106
0.113
0.119
0.125
0.13
0.134
0.137
0.139
0.142
0.145
0.147
0.149
0.151
0.153
0.154
0.154
0.153
0.152
0.15
0.148
0.146
0.143
0.141
0.138
0.136
0.134
0.132
0.129
0.125
0.122
0.119
0.117
0.117
0.118
0.119
0.12
0.122
0.125
0.129
0.132
0.133
0.128
0.117
0.085
0.036
-0.028
-0.103
-0.182
-0.255
-0.306
-0.311
-0.282
-0.181
-0.029
0.138
0.288
0.39
0.425
0.422
0.373
0.301
0.226
0.161
0.113
0.085
0.077
0.073
0.067
0.06
0.053
0.048
0.044
0.04
0.037
0.034
0.031
0.029
0.026
0.024
0.022
0.019
0.016
0.013
0.01
0.008
0.006
0.005
0.003
0.001
0.0
-0.002
-0.004
-0.006
-0.008
-0.011
-0.016
-0.021
-0.026
-0.031
-0.036
-0.041
-0.047
-0.051
-0.056
-0.062
-0.071
-0.085
-0.095
-0.1
-0.103
-0.105
-0.107
-0.108
-0.111
-0.113
-0.116
-0.118
-0.12
-0.122
-0.127
-0.136
-0.154
-0.162
-0.167
-0.17
-0.173
-0.174
-0.175
-0.175
-0.173
-0.171
-0.166
-0.161
-0.154
-0.144
-0.126
-0.117
-0.109
-0.103
-0.095
-0.087
-0.073
-0.057
-0.052
-0.049
-0.048
-0.047
-0.047
-0.046
-0.045
-0.044
-0.042
-0.04
-0.039
-0.037
-0.035
-0.034
-0.032
-0.03
-0.027
-0.022
-0.017
-0.015
-0.015
-0.014
-0.013
-0.012
-0.012
-0.019
-0.039
-0.06
-0.09
-0.135
-0.195
-0.266
-0.338
-0.399
-0.411
-0.399
-0.323
-0.191
-0.021
0.15
0.286
0.354
0.362
0.333
0.249
0.151
0.072
0.027
0.01
0.009
0.014
0.019
0.023
0.025
0.024
0.02
0.015
0.012
0.011
0.011
0.01
0.009
0.008
0.007
0.005
0.004
0.003
0.002
0.001
0.0
0.0
0.0
-0.001
-0.002
-0.003
-0.005
-0.008
-0.012
-0.021
-0.028
-0.034
-0.038
-0.043
-0.049
-0.056
-0.061
-0.065
-0.07
-0.074
-0.078
-0.082
-0.086
-0.09
-0.095
-0.1
-0.105
-0.109
-0.114
-0.121
-0.124
-0.127
-0.129
-0.131
-0.134
-0.139
-0.145
-0.151
-0.157
-0.163
-0.167
-0.171
-0.174
-0.179
-0.181
-0.177
-0.169
-0.156
-0.139
-0.125
-0.112
-0.101
-0.09
-0.078
-0.065
-0.057
-0.053
-0.05
-0.047
-0.043
-0.041
-0.038
-0.035
-0.03
-0.028
-0.028
-0.029
-0.03
-0.031
-0.023
-0.015
-0.01
-0.006
-0.002
0.0
0.002
0.005
0.009
0.012
0.011
0.009
0.006
0.003
0.007
0.011
0.015
0.015
0.013
0.011
0.01
0.009
0.008
0.008
0.008
0.011
0.014
0.017
0.021
0.024
0.027
0.03
0.034
0.037
0.039
0.04
0.04
0.041
0.041
0.042
0.042
0.042
0.042
0.042
0.042
0.042
0.042
0.042
0.041
0.04
0.037
0.035
0.033
0.031
0.028
0.025
0.021
0.017
0.012
0.008
0.004
0.003
0.005
0.009
0.014
0.019
0.024
0.028
0.028
0.024
0.02
0.015
0.01
0.006
0.004
0.003
0.001
0.0
-0.001
-0.002
0.0
0.003
0.008
0.011
0.013
0.015
0.017
0.019
0.021
0.023
0.025
0.026
0.027
0.028
0.029
0.03
0.031
0.032
0.032
0.032
0.032
0.032
0.032
0.033
0.033
0.033
0.033
0.034
0.034
0.035
0.036
0.037
0.038
0.039
0.04
0.041
0.043
0.044
0.045
0.047
0.048
0.051
0.055
0.058
0.06
0.06
0.059
0.058
0.056
0.054
0.052
0.049
0.046
0.044
0.045
0.047
0.05
0.052
0.055
0.057
0.059
0.06
0.059
0.059
0.058
0.057
0.055
0.054
0.052
0.052
0.052
0.053
0.054
0.055
0.057
0.058
0.058
0.058
0.056
0.055
0.054
0.052
0.051
0.05
0.05
0.051
0.052
0.053
0.053
0.054
0.055
0.057
0.058
0.059
0.06
0.061
0.061
0.06
0.06
0.059
0.058
0.057
0.056
0.055
0.054
0.054
0.053
0.052
0.05
0.048
0.047
0.046
0.047
0.048
0.051
0.053
0.055
0.059
0.062
0.062
0.059
0.055
0.051
0.047
0.044
0.042
0.042
0.044
0.046
0.049
0.051
0.053
0.055
0.057
0.059
0.06
0.061
0.062
0.063
0.064
0.065
0.065
0.067
0.07
0.069
0.061
0.054
0.048
0.044
0.04
0.038
0.037
0.036
0.034
0.033
0.032
0.032
0.032
0.032
0.034
0.035
0.036
0.038
0.04
0.042
0.045
0.048
0.05
0.049
0.048
0.047
0.046
0.045
0.045
0.044
0.043
0.042
0.042
0.043
0.045
0.047
0.048
0.049
0.05
0.051
0.053
0.055
0.056
0.057
0.058
0.058
0.058
0.058
0.057
0.056
0.054
0.052
0.05
0.047
0.037
0.009
-0.036
-0.1
-0.177
-0.258
-0.33
-0.372
-0.373
-0.336
-0.234
-0.084
0.082
0.228
0.308
0.318
0.289
0.209
0.125
0.065
0.039
0.031
0.026
0.021
0.017
0.013
0.008
0.003
-0.001
-0.005
-0.008
-0.011
-0.013
-0.015
-0.017
-0.019
-0.021
-0.023
-0.025
-0.026
-0.028
-0.031
-0.032
-0.034
-0.035
-0.037
-0.038
-0.04
-0.041
-0.043
-0.045
-0.046
-0.047
-0.048
-0.05
-0.051
-0.053
-0.056
-0.064
-0.078
-0.085
-0.088
-0.091
-0.094
-0.097
-0.1
-0.103
-0.105
-0.108
-0.11
-0.113
-0.117
-0.12
-0.124
-0.128
-0.133
-0.139
-0.143
-0.148
-0.155
-0.169
-0.181
-0.189
-0.196
-0.202
-0.205
-0.207
-0.209
-0.21
-0.212
-0.213
-0.213
-0.213
-0.211
-0.209
-0.206
-0.203
-0.199
-0.193
-0.182
-0.173
-0.16
-0.144
-0.126
-0.109
-0.1
-0.096
-0.092
-0.089
-0.086
-0.083
-0.08
-0.075
-0.065
-0.048
-0.031
-0.013
0.003
0.015
0.025
0.032
0.037
0.041
0.043
0.044
0.044
0.045
0.046
0.048
0.049
0.047
0.043
0.039
0.037
0.035
0.033
0.032
0.03
0.029
0.028
0.027
0.027
0.027
0.028
0.028
0.029
0.03
0.031
0.031
0.033
0.034
0.035
0.037
0.039
0.038
0.034
0.029
0.026
0.023
0.02
0.017
0.015
0.015
0.015
0.016
0.018
0.02
0.021
0.022
0.023
0.024
0.025
0.026
0.026
0.027
0.028
0.029
0.03
0.031
0.031
0.032
0.033
0.035
0.036
0.038
0.04
0.042
0.046
0.057
0.065
0.073
0.08
0.081
0.074
0.054
0.012
-0.052
-0.138
-0.234
-0.321
-0.371
-0.371
-0.321
-0.19
