0.702
0.81
0.885
0.91
0.89
0.827
0.661
0.437
0.202
0.013
-0.075
-0.083
-0.036
0.037
0.079
0.092
0.078
0.066
0.056
0.05
0.049
0.052
0.057
0.06
0.061
0.061
0.061
0.062
0.063
0.065
0.068
0.071
0.073
0.076
0.079
0.082
0.085
0.088
0.092
0.095
0.098
0.101
0.106
0.109
0.113
0.116
0.12
0.123
0.127
0.13
0.132
0.133
0.134
0.136
0.139
0.143
0.148
0.153
0.162
0.171
0.18
0.188
0.201
0.215
0.218
0.219
0.22
0.222
0.223
0.222
0.218
0.213
0.207
0.203
0.2
0.197
0.193
0.189
0.184
0.18
0.177
0.174
0.169
0.163
0.153
0.134
0.116
0.104
0.096
0.088
0.078
0.065
0.053
0.043
0.034
0.026
0.018
0.011
0.004
-0.001
-0.006
-0.012
-0.016
-0.02
-0.022
-0.024
-0.025
-0.027
-0.029
-0.031
-0.034
-0.036
-0.039
-0.042
-0.044
-0.047
-0.049
-0.05
-0.052
-0.053
-0.056
-0.059
-0.068
-0.085
-0.09
-0.094
-0.097
-0.101
-0.104
-0.107
-0.107
-0.104
-0.1
-0.095
-0.089
-0.08
-0.074
-0.077
-0.082
-0.085
-0.088
-0.091
-0.093
-0.094
-0.093
-0.09
-0.086
-0.081
-0.076
-0.069
-0.062
-0.062
-0.071
-0.083
-0.09
-0.096
-0.101
-0.106
-0.108
-0.109
-0.108
-0.104
-0.099
-0.094
-0.091
-0.089
-0.088
-0.086
-0.085
-0.083
-0.081
-0.08
-0.078
-0.077
-0.076
-0.076
-0.076
-0.076
-0.076
-0.077
-0.077
-0.078
-0.078
-0.077
-0.077
-0.077
-0.076
-0.075
-0.075
-0.075
-0.075
-0.076
-0.075
-0.075
-0.074
-0.073
-0.073
-0.071
-0.07
-0.068
-0.065
-0.063
-0.061
-0.06
-0.058
-0.057
-0.055
-0.053
-0.051
-0.049
-0.047
-0.044
-0.04
-0.035
-0.03
-0.026
-0.022
-0.02
-0.019
-0.019
-0.019
-0.02
-0.022
-0.024
-0.027
-0.029
-0.032
-0.034
-0.036
-0.038
-0.041
-0.045
-0.05
-0.054
-0.058
-0.061
-0.065
-0.069
-0.075
-0.082
-0.094
-0.114
-0.118
-0.121
-0.125
-0.128
-0.13
-0.127
-0.12
-0.112
-0.107
-0.103
-0.1
-0.097
-0.093
-0.089
-0.085
-0.081
-0.078
-0.075
-0.072
-0.068
-0.065
-0.062
-0.058
-0.052
-0.041
-0.031
-0.024
-0.018
-0.013
-0.009
-0.006
-0.003
0.0
0.003
0.006
0.011
0.018
0.029
0.07
0.134
0.219
0.322
0.439
0.562
0.674
0.76
0.811
0.813
0.767
0.627
0.422
0.183
-0.033
-0.15
-0.189
-0.17
-0.111
-0.039
-0.009
-0.004
0.0
0.002
0.005
0.007
0.009
0.013
0.018
0.022
0.025
0.027
0.027
0.027
0.028
0.029
0.032
0.035
0.039
0.043
0.047
0.052
0.057
0.061
0.065
0.069
0.072
0.076
0.082
0.093
0.104
0.115
0.125
0.137
0.143
0.135
0.119
0.104
0.088
0.074
0.062
0.052
0.043
0.035
0.031
0.033
0.041
0.051
0.059
0.068
0.076
0.082
0.083
0.082
0.08
0.078
0.076
0.071
0.069
0.075
0.088
0.104
0.122
0.129
0.133
0.138
0.142
0.142
0.136
0.125
0.112
0.093
0.071
0.055
0.045
0.036
0.026
0.017
0.01
0.004
0.0
-0.004
-0.009
-0.013
-0.018
-0.023
-0.027
-0.031
-0.035
-0.04
-0.044
-0.048
-0.051
-0.053
-0.055
-0.057
-0.059
-0.063
-0.066
-0.068
-0.064
-0.054
-0.044
-0.036
-0.029
-0.023
-0.017
-0.01
-0.005
0.0
0.004
0.011
0.026
0.053
0.104
0.168
0.252
0.357
0.473
0.585
0.682
0.746
0.768
0.74
0.652
0.465
0.232
0.005
-0.157
-0.202
-0.197
-0.127
-0.043
0.009
0.026
0.014
0.004
-0.001
-0.007
-0.01
-0.01
-0.005
0.0
0.004
0.007
0.009
0.01
0.012
0.014
0.016
0.017
0.018
0.018
0.019
0.021
0.023
0.025
0.026
0.027
0.029
0.031
0.033
0.034
0.036
0.036
0.037
0.038
0.04
0.043
0.046
0.048
0.051
0.055
0.059
0.064
0.069
0.074
0.078
0.082
0.086
0.092
0.098
0.104
0.111
0.116
0.121
0.126
0.131
0.135
0.14
0.145
0.149
0.153
0.156
0.155
0.152
0.148
0.143
0.137
0.132
0.125
0.118
0.11
0.101
0.092
0.082
0.071
0.06
0.051
0.043
0.029
0.008
-0.014
-0.031
-0.038
-0.042
-0.046
-0.048
-0.048
-0.048
-0.046
-0.044
-0.041
-0.038
-0.035
-0.032
-0.029
-0.028
-0.029
-0.031
-0.034
-0.037
-0.041
-0.044
-0.039
-0.029
-0.024
-0.019
-0.015
-0.011
-0.008
-0.006
-0.006
-0.007
-0.009
-0.012
-0.015
-0.019
-0.026
-0.03
-0.028
-0.024
-0.019
-0.013
-0.016
-0.029
-0.041
-0.052
-0.061
-0.068
-0.08
-0.094
-0.101
-0.104
-0.107
-0.108
-0.109
-0.11
-0.11
-0.11
-0.11
-0.11
-0.11
-0.11
-0.11
-0.11
-0.109
-0.108
-0.108
-0.107
-0.107
-0.107
-0.107
-0.107
-0.108
-0.108
-0.108
-0.108
-0.108
-0.108
-0.105
-0.1
-0.106
-0.111
-0.113
-0.115
-0.116
-0.117
-0.116
-0.113
-0.11
-0.106
-0.103
-0.1
-0.096
-0.091
-0.087
-0.083
-0.079
-0.075
-0.072
-0.068
-0.064
-0.06
-0.056
-0.053
-0.049
-0.044
-0.039
-0.037
-0.039
-0.042
-0.047
-0.051
-0.057
-0.065
-0.07
-0.064
-0.053
-0.043
-0.032
-0.024
-0.02
-0.017
-0.015
-0.013
-0.011
-0.01
-0.009
-0.008
-0.009
-0.012
-0.015
-0.019
-0.021
-0.023
-0.026
-0.028
-0.031
-0.035
-0.038
-0.041
-0.043
-0.046
-0.048
-0.051
-0.055
-0.059
-0.068
-0.082
-0.087
-0.089
-0.091
-0.093
-0.094
-0.092
-0.085
-0.074
-0.055
-0.028
-0.012
0.0
0.0
-0.011
-0.018
-0.024
-0.028
-0.032
-0.033
-0.032
-0.027
-0.021
-0.012
0.004
0.028
0.039
0.048
0.052
0.048
0.04
0.031
0.021
0.016
0.012
0.007
0.002
0.015
0.037
0.059
0.073
0.083
0.092
0.103
0.112
0.122
0.132
0.141
0.155
0.179
0.207
0.23
0.242
0.25
0.252
0.247
0.234
0.215
0.19
0.156
0.121
0.098
0.083
0.075
0.069
0.065
0.062
0.061
0.062
0.063
0.066
0.068
0.07
0.071
0.063
0.049
0.041
0.035
0.029
0.023
0.019
0.018
0.019
0.023
0.027
0.031
0.034
0.036
0.04
0.043
0.047
0.05
0.053
0.054
0.056
0.059
0.062
0.067
0.076
0.095
0.11
0.121
0.13
0.144
0.16
0.189
0.235
0.304
0.395
0.503
0.627
0.761
0.888
0.974
0.981
0.927
0.753
0.509
0.256
0.051
-0.074
-0.107
-0.072
-0.022
0.002
0.009
0.013
0.015
0.014
0.01
0.004
-0.002
-0.01
-0.02
-0.03
-0.038
-0.045
-0.05
-0.054
-0.057
-0.059
-0.059
-0.058
-0.055
-0.051
-0.045
-0.037
-0.024
-0.016
-0.012
-0.009
-0.007
-0.005
-0.003
0.0
0.002
0.005
0.009
0.014
0.018
0.022
0.027
0.033
0.039
0.046
0.054
0.071
0.094
0.115
0.133
0.149
0.167
0.177
0.181
0.184
0.186
0.188
0.19
0.192
0.193
0.195
0.197
0.198
0.199
0.2
0.201
0.202
0.203
0.206
0.212
0.216
0.211
0.202
0.194
0.184
0.174
0.165
0.154
0.141
0.127
0.117
0.109
0.101
0.093
0.084
0.069
0.044
0.022
0.006
-0.009
-0.018
-0.024
-0.029
-0.032
-0.034
-0.034
-0.033
-0.032
-0.031
-0.03
-0.029
-0.027
-0.025
-0.023
-0.021
-0.022
-0.024
-0.027
-0.03
-0.032
-0.035
-0.038
-0.04
-0.043
-0.045
-0.046
-0.046
-0.046
-0.045
-0.044
-0.043
-0.041
-0.039
-0.037
-0.036
-0.034
-0.032
-0.03
-0.028
-0.027
-0.028
-0.03
-0.032
-0.033
-0.034
-0.035
-0.035
-0.036
-0.036
-0.037
-0.038
-0.038
-0.038
-0.038
-0.037
-0.037
-0.036
-0.036
-0.036
-0.037
-0.037
-0.038
-0.039
-0.04
-0.041
-0.042
-0.043
-0.044
-0.045
-0.046
-0.047
-0.048
-0.048
-0.049
-0.05
-0.051
-0.051
-0.052
-0.053
-0.053
-0.055
-0.057
-0.059
-0.061
-0.063
-0.064
-0.066
-0.068
-0.071
-0.073
-0.075
-0.077
-0.082
-0.094
-0.093
-0.077
-0.065
-0.055
-0.048
-0.043
-0.039
-0.036
-0.031
-0.024
-0.018
-0.018
-0.025
-0.033
-0.04
-0.045
-0.05
-0.053
-0.056
-0.056
-0.055
-0.053
-0.048
-0.042
-0.028
-0.01
0.0
0.005
0.008
0.002
-0.01
-0.019
-0.028
-0.037
-0.047
-0.056
-0.068
-0.09
-0.117
-0.124
-0.126
-0.128
-0.129
-0.13
-0.131
-0.132
-0.133
-0.135
-0.136
-0.137
-0.138
-0.138
-0.138
-0.138
-0.138
-0.139
-0.138
-0.137
-0.136
-0.136
-0.136
-0.137
-0.138
-0.139
-0.139
-0.14
-0.141
-0.142
-0.142
-0.141
-0.14
-0.139
-0.137
-0.136
-0.135
-0.133
-0.131
-0.129
-0.127
-0.125
-0.105
-0.063
-0.007
0.06
0.142
0.236
0.336
0.438
0.539
0.627
0.689
0.697
0.672
0.545
0.344
0.113
-0.095
-0.241
-0.289
-0.285
-0.221
-0.134
-0.09
-0.082
-0.076
-0.072
-0.069
-0.068
-0.066
-0.064
-0.06
-0.056
-0.053
-0.05
-0.048
-0.048
-0.047
-0.046
-0.043
-0.041
-0.037
-0.034
-0.03
-0.027
-0.023
-0.019
-0.016
-0.013
-0.01
-0.008
-0.005
-0.003
0.0
0.001
0.004
0.008
0.012
0.016
0.02
0.026
0.032
0.04
0.053
0.072
0.079
0.083
0.085
0.087
0.089
0.09
0.093
0.096
0.099
0.103
0.109
0.117
0.134
0.153
0.158
0.161
0.164
0.165
0.165
0.16
0.153
0.145
0.138
0.13
0.121
0.112
0.103
0.093
0.083
0.072
0.062
0.052
0.042
0.032
0.022
0.012
0.004
-0.002
-0.011
-0.019
-0.031
-0.048
-0.064
-0.082
-0.092
-0.097
-0.102
-0.108
-0.111
-0.104
-0.09
-0.081
-0.073
-0.066
-0.061
-0.061
-0.066
-0.073
-0.08
-0.087
-0.097
-0.105
-0.108
-0.104
-0.095
-0.087
-0.083
-0.08
-0.078
-0.076
-0.074
-0.071
-0.068
-0.065
-0.061
-0.057
-0.054
-0.052
-0.051
-0.05
-0.049
-0.049
-0.049
-0.049
-0.048
-0.047
-0.044
-0.04
-0.036
-0.032
-0.027
-0.023
-0.018
-0.014
-0.011
-0.007
-0.004
-0.001
0.005
0.012
0.017
0.018
0.014
0.008
0.001
-0.003
-0.011
-0.018
-0.022
-0.019
-0.012
-0.005
0.0
0.006
0.011
0.016
0.018
0.017
0.014
0.01
0.006
0.004
0.001
0.0
-0.003
-0.006
-0.01
-0.013
-0.017
-0.019
-0.021
-0.022
-0.023
-0.023
-0.023
-0.023
-0.023
-0.023
-0.025
-0.029
-0.034
-0.034
-0.025
-0.014
-0.007
-0.002
0.001
0.006
0.01
0.015
0.02
0.025
0.03
0.034
0.037
0.041
0.045
0.053
0.069
0.079
0.087
0.094
0.102
0.106
0.104
0.102
0.101
0.1
0.099
0.098
0.097
0.095
0.092
0.089
0.084
0.079
0.074
0.069
0.065
0.058
0.043
0.035
0.03
0.027
0.026
0.024
0.022
0.019
0.017
0.014
0.013
0.012
0.012
0.012
0.012
0.011
0.011
0.01
0.008
0.002
-0.001
-0.001
0.002
0.004
0.005
0.006
0.007
0.007
0.009
0.011
0.013
0.016
0.02
0.025
0.044
0.1
0.175
0.269
0.381
0.503
0.624
0.731
0.815
0.861
0.862
0.817
0.686
0.483
0.24
0.016
-0.103
-0.142
-0.12
-0.051
-0.009
0.005
0.01
0.008
0.005
0.003
0.001
0.0
0.0
0.005
0.014
0.025
0.034
0.047
0.055
0.057
0.059
0.062
0.065
0.063
0.048
0.039
0.032
0.027
0.023
0.021
0.02
0.021
0.023
0.027
0.031
0.035
0.039
0.044
0.05
0.054
0.056
0.055
0.053
0.051
0.048
0.046
0.042
0.037
0.035
0.035
0.042
0.052
0.063
0.072
0.082
0.092
0.1
0.107
0.113
0.117
0.121
0.125
0.129
0.132
0.135
0.138
0.14
0.142
0.142
0.141
0.138
0.134
0.13
0.124
0.118
0.111
0.1
0.087
0.073
0.058
0.038
0.014
-0.003
-0.014
-0.023
-0.031
-0.037
-0.043
-0.048
-0.051
-0.054
-0.057
-0.059
-0.061
-0.062
-0.063
-0.063
-0.063
-0.062
-0.061
-0.058
-0.055
-0.051
-0.048
-0.045
-0.043
-0.04
-0.037
-0.034
-0.032
-0.03
-0.029
-0.028
-0.027
-0.026
-0.026
-0.026
-0.026
-0.027
-0.027
-0.028
-0.028
-0.028
-0.029
-0.03
-0.032
-0.034
-0.037
-0.04
-0.044
-0.048
-0.052
-0.056
-0.06
-0.062
-0.066
-0.072
-0.079
-0.084
-0.086
-0.084
-0.08
-0.075
-0.07
-0.066
-0.061
-0.056
-0.051
-0.049
-0.049
-0.05
-0.053
-0.056
-0.059
-0.064
-0.069
-0.072
-0.071
-0.068
-0.065
-0.063
-0.062
-0.059
