-0.069
-0.069
-0.07
-0.07
-0.071
-0.071
-0.072
-0.073
-0.073
-0.073
-0.073
-0.072
-0.071
-0.07
-0.068
-0.067
-0.065
-0.064
-0.063
-0.062
-0.061
-0.06
-0.059
-0.059
-0.058
-0.056
-0.054
-0.052
-0.051
-0.052
-0.055
-0.058
-0.061
-0.064
-0.067
-0.071
-0.073
-0.072
-0.067
-0.06
-0.053
-0.049
-0.046
-0.043
-0.041
-0.039
-0.037
-0.036
-0.035
-0.034
-0.032
-0.031
-0.03
-0.03
-0.029
-0.028
-0.027
-0.026
-0.025
-0.024
-0.023
-0.022
-0.02
-0.019
-0.017
-0.014
-0.012
-0.009
-0.007
-0.006
-0.004
-0.001
0.0
0.003
0.005
0.008
0.011
0.015
0.018
0.022
0.027
0.032
0.038
0.044
0.049
0.052
0.053
0.055
0.056
0.057
0.057
0.059
0.061
0.062
0.061
0.054
0.043
0.033
0.02
0.011
0.005
0.001
0.0
-0.001
-0.002
-0.003
-0.004
-0.006
-0.009
-0.011
-0.013
-0.015
-0.018
-0.022
-0.028
-0.041
-0.062
-0.075
-0.083
-0.068
-0.023
0.067
0.207
0.4
0.644
0.926
1.214
1.463
1.608
1.617
1.519
1.247
0.884
0.499
0.17
-0.048
-0.118
-0.142
-0.121
-0.105
-0.095
-0.086
-0.078
-0.07
-0.062
-0.056
-0.048
-0.042
-0.037
-0.033
-0.03
-0.027
-0.023
-0.019
-0.016
-0.013
-0.01
-0.008
-0.007
-0.005
-0.003
0.0
0.002
0.005
0.009
0.013
0.017
0.021
0.026
0.031
0.038
0.045
0.052
0.057
0.062
0.066
0.071
0.077
0.086
0.095
0.106
0.119
0.133
0.145
0.16
0.179
0.198
0.218
0.236
0.25
0.265
0.28
0.294
0.307
0.316
0.323
0.328
0.331
0.331
0.328
0.322
0.314
0.3
0.275
0.252
0.227
0.203
0.178
0.15
0.122
0.094
0.067
0.04
0.014
-0.012
-0.038
-0.062
-0.088
-0.101
-0.107
-0.112
-0.115
-0.117
-0.118
-0.118
-0.118
-0.117
-0.117
-0.116
-0.115
-0.114
-0.113
-0.112
-0.111
-0.11
-0.11
-0.11
-0.11
-0.11
-0.11
-0.11
-0.109
-0.107
-0.105
-0.102
-0.098
-0.095
-0.092
-0.09
-0.087
-0.086
-0.084
-0.083
-0.082
-0.081
-0.08
-0.079
-0.078
-0.078
-0.077
-0.076
-0.076
-0.076
-0.076
-0.076
-0.075
-0.075
-0.074
-0.073
-0.072
-0.071
-0.07
-0.07
-0.069
-0.069
-0.069
-0.069
-0.069
-0.07
-0.07
-0.07
-0.071
-0.071
-0.072
-0.072
-0.072
-0.072
-0.072
-0.072
-0.071
-0.071
-0.07
-0.07
-0.069
-0.068
-0.067
-0.066
-0.065
-0.064
-0.063
-0.062
-0.06
-0.059
-0.058
-0.058
-0.057
-0.057
-0.057
-0.056
-0.055
-0.054
-0.052
-0.05
-0.047
-0.045
-0.042
-0.041
-0.04
-0.04
-0.041
-0.042
-0.043
-0.044
-0.044
-0.045
-0.044
-0.044
-0.044
-0.045
-0.045
-0.046
-0.047
-0.049
-0.05
-0.051
-0.052
-0.052
-0.052
-0.051
-0.05
-0.048
-0.046
-0.044
-0.042
-0.04
-0.038
-0.036
-0.034
-0.032
-0.031
-0.028
-0.026
-0.022
-0.019
-0.015
-0.011
-0.008
-0.005
-0.003
-0.001
0.0
0.002
0.005
0.007
0.009
0.012
0.015
0.018
0.02
0.022
0.024
0.024
0.022
0.02
0.016
0.012
0.007
0.002
-0.001
-0.005
-0.008
-0.011
-0.014
-0.016
-0.019
-0.023
-0.026
-0.031
-0.035
-0.039
-0.042
-0.045
-0.048
-0.051
-0.054
-0.058
-0.065
-0.078
-0.086
-0.08
-0.062
-0.012
0.083
0.225
0.414
0.646
0.907
1.168
1.388
1.502
1.502
1.384
1.106
0.747
0.382
0.081
-0.114
-0.173
-0.193
-0.175
-0.144
-0.109
-0.094
-0.088
-0.083
-0.078
-0.075
-0.071
-0.068
-0.065
-0.063
-0.06
-0.057
-0.054
-0.049
-0.042
-0.031
-0.018
-0.011
-0.006
-0.001
0.002
0.005
0.009
0.011
0.014
0.016
0.018
0.02
0.021
0.023
0.026
0.029
0.034
0.04
0.047
0.055
0.065
0.079
0.099
0.117
0.134
0.152
0.169
0.187
0.205
0.22
0.232
0.242
0.254
0.266
0.28
0.296
0.313
0.322
0.328
0.333
0.338
0.34
0.34
0.338
0.333
0.327
0.319
0.303
0.273
0.244
0.214
0.184
0.154
0.124
0.092
0.059
0.029
0.002
-0.023
-0.042
-0.057
-0.074
-0.08
-0.083
-0.086
-0.089
-0.091
-0.094
-0.096
-0.099
-0.1
-0.102
-0.103
-0.103
-0.102
-0.102
-0.101
-0.101
-0.1
-0.099
-0.098
-0.097
-0.096
-0.095
-0.094
-0.093
-0.091
-0.089
-0.086
-0.083
-0.08
-0.077
-0.074
-0.071
-0.068
-0.066
-0.064
-0.062
-0.061
-0.059
-0.058
-0.056
-0.054
-0.051
-0.049
-0.046
-0.044
-0.042
-0.041
-0.039
-0.039
-0.039
-0.039
-0.039
-0.04
-0.04
-0.04
-0.04
-0.039
-0.039
-0.039
-0.039
-0.039
-0.04
-0.04
-0.041
-0.043
-0.044
-0.046
-0.047
-0.048
-0.048
-0.049
-0.049
-0.048
-0.048
-0.047
-0.047
-0.047
-0.046
-0.046
-0.046
-0.046
-0.046
-0.045
-0.044
-0.044
-0.043
-0.043
-0.043
-0.042
-0.042
-0.042
-0.041
-0.041
-0.04
-0.039
-0.038
-0.036
-0.035
-0.033
-0.032
-0.03
-0.029
-0.028
-0.026
-0.025
-0.024
-0.023
-0.023
-0.023
-0.023
-0.024
-0.026
-0.027
-0.029
-0.031
-0.032
-0.033
-0.034
-0.034
-0.035
-0.035
-0.035
-0.035
-0.035
-0.035
-0.035
-0.034
-0.034
-0.033
-0.032
-0.03
-0.029
-0.027
-0.026
-0.024
-0.023
-0.021
-0.02
-0.018
-0.017
-0.016
-0.014
-0.012
-0.01
-0.007
-0.004
0.0
0.003
0.007
0.01
0.014
0.016
0.018
0.018
0.018
0.017
0.015
0.013
0.011
0.008
0.004
0.0
-0.004
-0.008
-0.015
-0.027
-0.037
-0.041
-0.044
-0.045
-0.046
-0.046
-0.047
-0.047
-0.047
-0.048
-0.05
-0.051
-0.053
-0.056
-0.059
-0.063
-0.068
-0.079
-0.099
-0.112
-0.12
-0.105
-0.059
0.035
0.183
0.383
0.631
0.91
1.187
1.421
1.545
1.547
1.43
1.146
0.777
0.401
0.092
-0.109
-0.178
-0.201
-0.181
-0.162
-0.149
-0.138
-0.129
-0.121
-0.11
-0.096
-0.087
-0.083
-0.081
-0.079
-0.078
-0.077
-0.075
-0.073
-0.071
-0.068
-0.065
-0.061
-0.058
-0.054
-0.049
-0.043
-0.035
-0.027
-0.021
-0.014
-0.008
-0.002
0.002
0.008
0.013
0.019
0.025
0.032
0.041
0.053
0.065
0.076
0.087
0.098
0.109
0.119
0.131
0.146
0.161
0.176
0.192
0.207
0.221
0.236
0.254
0.27
0.284
0.295
0.304
0.311
0.317
0.322
0.325
0.325
0.322
0.316
0.307
0.293
0.265
0.236
0.204
0.167
0.131
0.094
0.061
0.031
0.003
-0.02
-0.046
-0.064
-0.076
-0.089
-0.102
-0.108
-0.113
-0.117
-0.121
-0.123
-0.126
-0.128
-0.129
-0.129
-0.129
-0.127
-0.124
-0.12
-0.117
-0.113
-0.109
-0.106
-0.104
-0.102
-0.1
-0.098
-0.096
-0.095
-0.094
-0.092
-0.091
-0.089
-0.088
-0.086
-0.085
-0.083
-0.082
-0.08
-0.079
-0.077
-0.076
-0.074
-0.072
-0.07
-0.068
-0.066
-0.064
-0.062
-0.06
-0.058
-0.057
-0.055
-0.054
-0.053
-0.052
-0.051
-0.05
-0.049
-0.049
-0.049
-0.049
-0.048
-0.048
-0.048
-0.048
-0.048
-0.048
-0.048
-0.048
-0.048
-0.048
-0.048
-0.048
-0.049
-0.05
-0.051
-0.052
-0.053
-0.054
-0.055
-0.056
-0.057
-0.058
-0.06
-0.06
-0.062
-0.065
-0.069
-0.072
-0.071
-0.067
-0.062
-0.057
-0.055
-0.053
-0.051
-0.049
-0.048
-0.047
-0.047
-0.046
-0.045
-0.045
-0.044
-0.044
-0.043
-0.043
-0.043
-0.042
-0.041
-0.04
-0.039
-0.038
-0.036
-0.035
-0.033
-0.032
-0.031
-0.03
-0.029
-0.029
-0.029
-0.029
-0.029
-0.029
-0.029
-0.029
-0.028
-0.027
-0.025
-0.024
-0.022
-0.02
-0.019
-0.017
-0.016
-0.014
-0.012
-0.011
-0.009
-0.008
-0.007
-0.005
-0.004
-0.002
-0.001
0.0
0.0
0.0
0.002
0.003
0.006
0.009
0.013
0.02
0.036
0.051
0.059
0.066
0.071
0.075
0.078
0.078
0.077
0.073
0.068
0.062
0.055
0.047
0.035
0.027
0.022
0.02
0.018
0.017
0.017
0.017
0.017
0.017
0.016
0.015
0.015
0.013
0.012
0.01
0.007
0.004
0.0
-0.005
-0.018
-0.044
-0.063
-0.076
-0.076
-0.058
-0.01
0.091
0.248
0.459
0.717
1.004
1.29
1.53
1.648
1.645
1.507
1.203
0.819
0.434
0.126
-0.061
-0.114
-0.132
-0.118
-0.104
-0.095
-0.086
-0.076
-0.065
-0.056
-0.048
-0.039
-0.031
-0.024
-0.017
-0.013
-0.01
-0.006
-0.004
-0.002
0.0
0.0
0.001
0.003
0.005
0.006
0.008
0.01
0.011
0.013
0.015
0.017
0.02
0.023
0.032
0.04
0.05
0.058
0.065
0.072
0.08
0.088
0.096
0.106
0.116
0.127
0.14
0.155
0.17
0.186
0.201
0.215
0.233
0.256
0.273
0.287
0.301
0.315
0.328
0.335
0.339
0.343
0.346
0.347
0.345
0.338
0.327
0.31
0.283
0.257
0.231
0.204
0.177
0.149
0.12
0.089
0.059
0.03
0.002
-0.022
-0.047
-0.066
-0.08
-0.092
-0.096
-0.098
-0.1
-0.101
-0.102
-0.103
-0.103
-0.103
-0.104
-0.103
-0.103
-0.103
-0.102
-0.102
-0.102
-0.101
-0.101
-0.1
-0.099
-0.098
-0.096
-0.095
-0.093
-0.092
-0.09
-0.089
-0.087
-0.085
-0.084
-0.082
-0.08
-0.078
-0.075
-0.073
-0.07
-0.068
-0.066
-0.065
-0.064
-0.063
-0.062
-0.062
-0.062
-0.062
-0.062
-0.061
-0.061
-0.061
-0.061
-0.061
-0.061
-0.061
-0.061
-0.061
-0.061
-0.061
-0.06
-0.06
-0.059
-0.058
-0.057
-0.056
-0.056
-0.057
-0.057
-0.058
-0.06
-0.06
-0.061
-0.061
-0.061
-0.06
-0.059
-0.058
-0.057
-0.056
-0.056
-0.056
-0.057
-0.057
-0.057
-0.056
-0.055
-0.054
-0.052
-0.052
-0.051
-0.052
-0.053
-0.055
-0.057
-0.06
-0.062
-0.063
-0.064
-0.065
-0.065
-0.066
-0.067
-0.069
-0.071
-0.073
-0.075
-0.078
-0.08
-0.082
-0.084
-0.085
-0.086
-0.087
-0.088
-0.089
-0.09
-0.092
-0.093
-0.095
-0.097
-0.098
-0.099
-0.1
-0.101
-0.101
-0.102
-0.103
-0.105
-0.107
-0.11
-0.113
-0.116
-0.119
-0.123
-0.126
-0.129
-0.13
-0.13
-0.13
-0.128
-0.126
-0.125
-0.123
-0.121
-0.12
-0.118
-0.118
-0.117
-0.116
-0.115
-0.115
-0.114
-0.114
-0.113
-0.113
-0.112
-0.111
-0.11
-0.109
-0.107
-0.106
-0.104
-0.102
-0.1
-0.098
-0.094
-0.088
-0.083
-0.08
-0.082
-0.09
-0.1
-0.111
-0.124
-0.139
-0.155
-0.164
-0.17
-0.174
-0.177
-0.18
-0.182
-0.184
-0.186
-0.188
-0.19
-0.191
-0.193
-0.194
-0.196
-0.199
-0.206
-0.225
-0.25
-0.27
-0.285
-0.294
-0.281
-0.243
-0.155
-0.016
0.178
0.418
0.691
0.969
1.214
1.38
1.423
1.319
1.075
0.734
0.365
0.038
-0.196
-0.299
-0.333
-0.315
-0.284
-0.25
-0.223
-0.202
-0.181
-0.166
-0.156
-0.147
-0.14
-0.135
-0.132
-0.128
-0.124
-0.119
-0.113
-0.104
-0.094
-0.08
-0.063
-0.046
-0.033
-0.024
-0.014
-0.004
0.004
0.012
0.019
0.026
0.034
0.041
0.049
0.056
0.063
0.071
0.078
0.085
0.093
0.105
0.122
0.136
0.149
0.162
0.177
0.193
0.209
0.223
0.235
0.245
0.257
0.27
0.285
0.303
0.32
0.337
0.354
0.369
0.378
0.385
0.39
0.393
0.393
0.39
0.383
0.374
0.358
0.334
0.313
0.289
0.262
0.233
0.201
0.171
0.142
0.117
0.094
0.067
0.041
0.022
0.004
-0.005
-0.011
-0.016
-0.021
-0.024
-0.025
-0.026
-0.025
-0.022
-0.018
-0.013
-0.008
-0.003
0.0
0.005
0.01
0.015
0.019
0.024
0.027
0.03
0.033
0.035
0.036
0.037
0.038
0.039
0.039
0.04
0.041
0.043
0.044
0.045
0.046
0.046
0.046
0.044
0.041
0.036
0.031
0.026
0.021
0.018
0.014
0.012
0.009
0.006
0.002
0.0
-0.004
-0.008
-0.012
-0.015
-0.019
-0.022
-0.025
-0.027
-0.029
-0.031
-0.033
-0.036
-0.038
-0.041
-0.044
-0.048
-0.051
-0.055
-0.058
-0.062
-0.065
-0.068
-0.071
-0.073
-0.076
-0.08
-0.083
-0.087
-0.091
-0.094
-0.098
-0.1
-0.103
-0.104
-0.106
-0.107
-0.108
-0.109
-0.11
-0.111
-0.112
-0.112
-0.113
-0.114
-0.116
-0.117
-0.118
-0.119
-0.12
-0.121
-0.121
-0.121
-0.12
-0.119
-0.118
-0.117
-0.116
-0.115
-0.114
-0.113
-0.112
-0.111
-0.109
-0.108
-0.106
-0.103
-0.1
-0.097
-0.095
-0.092
-0.09
-0.089
-0.087
-0.086
-0.085
-0.084
-0.082
-0.08
-0.078
-0.076
-0.073
-0.071
-0.069
-0.067
-0.066
-0.064
-0.063
-0.062
-0.06
-0.059
-0.057
-0.056
-0.055
-0.053
-0.052
-0.05
-0.047
-0.044
-0.039
-0.032
-0.022
-0.012
0.0
0.011
0.016
0.02
0.024
0.027
0.03
0.032
0.035
0.037
0.039
0.04
0.041
0.041
0.041
0.04
0.039
0.038
0.037
0.036
0.036
0.035
0.036
0.036
0.036
0.036
0.037
0.037
0.037
0.038
0.039
0.04
0.041
0.042
0.044
0.047
0.046
0.037
0.024
0.01
-0.007
-0.009
0.0
0.023
0.097
0.219
0.395
0.622
0.889
1.172
1.437
1.64
1.732
1.676
1.464
1.129
0.74
0.377
0.104
-0.046
-0.081
-0.078
-0.049
-0.023
-0.001
0.014
0.037
0.049
0.055
0.06
0.064
0.067
0.069
0.072
0.075
0.078
0.082
0.084
0.086
0.088
0.091
0.094
0.098
0.102
0.107
0.113
0.118
0.123
0.127
0.132
0.138
0.143
0.149
0.156
0.162
0.169
0.175
0.182
0.189
0.197
0.205
0.212
0.219
0.227
0.238
0.254
0.271
0.288
0.304
0.32
0.335
0.351
0.371
0.389
0.404
0.418
0.431
0.44
0.447
0.453
0.458
0.459
0.458
0.453
0.447
0.439
0.429
0.41
0.388
0.357
0.318
0.276
0.239
0.204
0.172
0.143
0.109
0.078
0.056
0.032
0.019
0.011
0.005
0.0
-0.004
-0.008
-0.013
-0.017
-0.022
-0.026
-0.029
-0.031
-0.033
-0.034
-0.035
-0.036
-0.037
-0.037
-0.037
-0.037
-0.037
-0.037
-0.036
-0.036
-0.036
-0.035
-0.035
-0.034
-0.034
-0.033
-0.032
-0.031
-0.03
-0.03
-0.03
-0.03
-0.031
-0.032
-0.033
-0.035
-0.036
-0.036
-0.036
-0.036
-0.037
-0.037
-0.038
-0.039
-0.04
-0.042
-0.044
-0.045
-0.047
-0.048
-0.049
-0.05
-0.052
-0.054
-0.056
-0.059
-0.061
-0.064
-0.066
-0.069
-0.07
-0.072
-0.073
-0.074
-0.075
-0.077
-0.079
-0.082
-0.086
-0.089
-0.093
-0.096
-0.098
-0.101
-0.102
-0.103
-0.103
-0.103
-0.102
-0.102
-0.1
-0.099
-0.097
-0.096
-0.094
-0.092
-0.091
-0.09
-0.089
-0.088
-0.087
-0.086
-0.085
-0.083
-0.082
-0.081
-0.08
-0.079
-0.078
-0.077
-0.076
-0.075
-0.074
-0.072
-0.071
-0.069
-0.068
-0.067
-0.066
-0.065
-0.064
-0.064
-0.064
-0.064
-0.064
-0.064
-0.064
-0.064
-0.064
-0.064
-0.064
-0.065
-0.065
-0.065
-0.065
-0.065
-0.065
-0.065
-0.064
-0.063
-0.061
-0.059
-0.058
-0.056
-0.054
-0.052
-0.05
-0.048
-0.047
-0.045
-0.044
-0.042
-0.039
-0.036
-0.033
-0.029
-0.025
-0.02
-0.015
-0.011
-0.008
-0.005
-0.003
-0.002
-0.002
-0.002
-0.004
-0.006
-0.008
-0.011
-0.015
-0.019
-0.024
-0.029
-0.033
-0.038
-0.042
-0.045
-0.048
-0.05
-0.052
-0.053
-0.054
-0.054
-0.055
-0.057
-0.058
-0.06
-0.062
-0.065
-0.069
-0.074
-0.079
-0.086
-0.097
-0.119
-0.132
-0.127
-0.108
-0.052
0.061
0.228
0.451
0.715
0.999
1.269
1.487
1.571
1.556
1.39
1.075
0.694
0.325
0.036
-0.138
-0.183
-0.2
-0.181
-0.156
-0.134
-0.111
-0.1
-0.095
-0.091
-0.087
-0.084
-0.082
-0.078
-0.073
-0.067
-0.062
-0.058
-0.054
-0.05
-0.046
-0.042
-0.038
-0.033
-0.028
-0.023
-0.017
-0.012
-0.007
-0.003
0.0
0.003
0.005
0.009
0.013
0.019
0.029
0.039
0.049
0.058
0.067
0.076
0.085
0.094
0.103
0.111
0.121
0.133
0.148
0.164
0.182
0.2
0.219
0.236
0.252
0.267
0.281
0.293
0.304
0.313
0.32
0.326
0.332
0.336
0.338
0.335
0.329
0.319
0.305
0.279
0.237
0.197
0.159
0.123
0.086
0.057
0.034
0.011
-0.012
-0.036
-0.055
-0.071
-0.085
-0.097
-0.109
-0.113
-0.115
-0.118
-0.12
-0.122
-0.124
-0.126
-0.127
-0.128
-0.128
-0.128
-0.127
-0.125
-0.124
-0.123
-0.122
-0.121
-0.121
-0.12
-0.12
-0.119
-0.118
-0.117
-0.115
-0.113
-0.112
-0.11
-0.108
-0.106
-0.104
-0.102
-0.099
-0.096
-0.093
-0.091
-0.088
-0.085
-0.083
-0.08
-0.078
-0.076
-0.075
-0.074
-0.073
-0.072
-0.071
-0.07
-0.069
-0.068
-0.066
-0.065
-0.064
-0.064
-0.063
-0.063
-0.063
-0.063
-0.062
-0.062
-0.061
-0.06
-0.059
-0.059
-0.059
-0.06
-0.062
-0.064
-0.066
-0.069
-0.071
-0.072
-0.073
-0.074
-0.074
-0.075
-0.075
-0.075
-0.076
-0.077
-0.077
-0.078
-0.078
-0.077
-0.076
-0.075
-0.074
-0.073
-0.072
-0.071
-0.07
-0.07
-0.069
-0.068
-0.067
-0.065
-0.063
-0.061
-0.06
-0.058
-0.057
-0.056
-0.056
-0.056
-0.055
-0.055
-0.054
-0.054
-0.054
-0.053
-0.053
-0.053
-0.054
-0.053
-0.053
-0.053
-0.052
-0.051
-0.05
-0.049
-0.048
-0.047
-0.046
-0.046
-0.046
-0.046
-0.046
-0.046
-0.046
-0.046
-0.046
-0.046
-0.046
-0.045
-0.046
-0.046
-0.047
-0.047
-0.047
-0.047
-0.047
-0.046
-0.044
-0.041
-0.039
-0.036
-0.033
-0.03
-0.027
-0.024
-0.022
-0.019
-0.016
-0.013
-0.009
-0.004
0.0
0.003
0.006
0.01
0.012
0.013
0.013
0.013
0.011
0.009
0.006
0.002
-0.002
-0.007
-0.012
-0.017
-0.022
-0.027
-0.03
-0.034
-0.037
-0.04
-0.043
-0.046
-0.049
-0.051
-0.054
-0.057
-0.06
-0.063
-0.066
-0.071
-0.075
-0.081
-0.088
-0.098
-0.118
-0.129
-0.126
-0.116
-0.087
0.001
0.142
0.335
0.576
0.851
1.134
1.388
1.564
1.618
1.518
1.265
0.901
0.507
0.164
-0.071
-0.159
-0.189
-0.165
-0.147
-0.138
-0.13
-0.124
-0.118
-0.112
-0.106
-0.101
-0.097
-0.094
-0.092
-0.09
-0.088
-0.087
-0.085
-0.083
-0.081
-0.079
-0.076
-0.073
-0.07
-0.067
-0.065
-0.062
-0.059
-0.055
-0.052
-0.047
-0.042
-0.035
-0.027
-0.019
-0.012
-0.006
0.0
0.006
0.013
0.022
0.031
0.039
0.047
0.055
0.065
0.078
0.09
0.103
0.118
0.137
0.156
0.175
0.194
0.214
0.231
0.246
0.258
0.267
0.274
0.28
0.285
0.288
0.288
0.284
0.276
0.265
0.246
0.214
0.186
0.153
0.117
0.083
0.052
0.021
-0.003
-0.022
-0.041
-0.066
-0.093
-0.112
-0.127
-0.144
-0.153
-0.159
-0.163
-0.166
-0.168
-0.169
-0.169
-0.168
-0.166
-0.164
-0.161
-0.159
-0.156
-0.154
-0.153
-0.151
-0.15
-0.148
-0.147
-0.146
-0.146
-0.145
-0.144
-0.143
-0.141
-0.139
-0.136
-0.132
-0.129
-0.125
-0.122
-0.119
-0.116
-0.113
-0.11
-0.108
-0.106
-0.104
-0.102
-0.1
-0.098
-0.097
-0.095
-0.093
-0.092
-0.09
-0.089
-0.087
-0.086
-0.084
-0.083
-0.082
-0.082
-0.082
-0.081
-0.08
-0.08
-0.079
-0.078
-0.077
-0.077
-0.076
-0.076
-0.076
-0.076
-0.076
-0.075
-0.075
-0.074
-0.074
-0.073
-0.072
-0.071
-0.071
-0.072
-0.072
-0.073
-0.073
-0.074
-0.074
-0.074
-0.074
-0.073
-0.073
-0.074
-0.074
-0.075
-0.075
-0.076
-0.076
-0.076
-0.075
-0.074
-0.073
-0.073
-0.072
-0.071
-0.071
-0.071
-0.071
-0.071
-0.07
-0.07
-0.069
-0.069
-0.068
-0.067
-0.067
-0.067
-0.066
-0.066
-0.066
-0.065
-0.063
-0.061
-0.059
-0.057
-0.054
-0.052
-0.049
-0.047
-0.045
-0.043
-0.041
-0.04
-0.038
-0.037
-0.036
-0.035
-0.034
-0.033
-0.032
-0.031
-0.03
-0.029
-0.028
-0.027
-0.026
-0.025
-0.024
-0.022
-0.021
-0.019
-0.017
-0.015
-0.012
-0.008
-0.003
0.002
0.009
0.015
0.022
0.029
0.036
0.041
0.045
0.048
0.051
0.053
0.056
0.058
0.061
0.063
0.065
0.066
0.067
0.067
0.067
0.065
0.062
0.059
0.055
0.051
0.047
0.043
0.039
0.036
0.034
0.032
0.03
0.028
0.026
0.024
0.022
0.02
0.017
0.015
0.013
0.012
0.01
0.008
0.007
0.004
0.0
-0.01
-0.034
-0.054
-0.067
-0.068
-0.059
-0.032
0.049
0.182
0.366
0.6
0.872
1.161
1.431
1.635
1.726
1.664
1.442
1.096
0.697
0.327
0.056
-0.09
-0.121
-0.118
-0.088
-0.066
-0.052
-0.04
-0.025
-0.009
0.004
0.011
0.014
0.015
0.015
0.016
0.016
0.017
0.018
0.018
0.019
0.02
0.021
0.022
0.023
0.024
0.026
0.029
0.032
0.036
0.04
0.046
0.059
0.071
0.08
0.09
0.1
0.11
0.12
0.128
0.134
0.14
0.146
0.151
0.157
0.165
0.178
0.19
0.203
0.216
0.231
0.247
0.263
0.28
0.297
0.314
0.33
0.345
0.361
0.376
0.387
0.395
0.401
0.403
0.401
0.394
0.384
0.367
0.34
0.313
0.284
0.253
0.22
0.185
0.154
0.126
0.102
0.082
0.061
0.039
0.016
-0.001
-0.016
-0.029
-0.042
-0.055
-0.069
-0.08
-0.09
-0.095
-0.097
-0.098
-0.099
-0.099
-0.099
-0.099
-0.099
-0.1
-0.1
-0.1
-0.099
-0.098
-0.097
-0.095
-0.093
-0.091
-0.089
-0.087
-0.086
-0.085
-0.084
-0.082
-0.081
-0.079
-0.076
-0.073
-0.069
-0.064
-0.058
-0.053
-0.05
-0.048
-0.046
-0.045
-0.044
-0.043
-0.042
-0.041
-0.04
-0.039
-0.039
-0.038
-0.037
-0.037
-0.036
-0.036
-0.036
-0.036
-0.035
-0.035
-0.034
-0.033
-0.032
-0.031
-0.029
-0.029
-0.028
-0.028
-0.028
-0.028
-0.028
-0.028
-0.028
-0.028
-0.027
-0.027
-0.027
-0.027
-0.027
-0.027
-0.028
-0.028
-0.028
-0.028
-0.027
-0.027
-0.026
-0.026
-0.026
-0.027
-0.027
-0.028
-0.029
-0.029
-0.03
-0.031
-0.032
-0.033
-0.033
-0.032
-0.031
-0.03
-0.029
-0.028
-0.028
-0.027
-0.027
-0.027
-0.027
-0.025
-0.022
-0.02
-0.02
-0.021
-0.024
-0.027
-0.028
-0.03
-0.032
-0.034
-0.036
-0.037
-0.038
-0.038
-0.038
-0.038
-0.037
-0.036
-0.035
-0.035
-0.034
-0.034
-0.033
-0.032
-0.032
-0.031
-0.03
-0.03
-0.03
-0.03
-0.03
-0.031
-0.031
-0.031
-0.031
-0.03
-0.03
-0.03
-0.029
-0.029
-0.029
-0.028
-0.027
-0.027
-0.025
-0.024
-0.022
-0.019
-0.016
