-0.198
-0.193
-0.186
-0.177
-0.172
-0.181
-0.2
-0.23
-0.266
-0.296
-0.327
-0.347
-0.359
-0.368
-0.372
-0.369
-0.36
-0.346
-0.321
-0.28
-0.238
-0.202
-0.169
-0.131
-0.107
-0.093
-0.084
-0.079
-0.079
-0.08
-0.081
-0.082
-0.082
-0.082
-0.081
-0.08
-0.079
-0.078
-0.078
-0.078
-0.079
-0.08
-0.081
-0.083
-0.086
-0.088
-0.091
-0.093
-0.096
-0.1
-0.107
-0.125
-0.143
-0.161
-0.18
-0.195
-0.214
-0.245
-0.274
-0.292
-0.3
-0.305
-0.307
-0.308
-0.309
-0.309
-0.31
-0.311
-0.313
-0.315
-0.318
-0.321
-0.325
-0.328
-0.332
-0.336
-0.339
-0.343
-0.347
-0.353
-0.36
-0.368
-0.374
-0.376
-0.375
-0.371
-0.365
-0.357
-0.347
-0.336
-0.32
-0.303
-0.289
-0.275
-0.262
-0.25
-0.239
-0.229
-0.221
-0.21
-0.191
-0.161
-0.11
-0.042
0.054
0.183
0.341
0.506
0.646
0.682
0.654
0.474
0.158
-0.228
-0.603
-0.879
-0.987
-0.927
-0.763
-0.578
-0.426
-0.346
-0.321
-0.299
-0.28
-0.256
-0.229
-0.205
-0.189
-0.178
-0.168
-0.158
-0.149
-0.137
-0.12
-0.096
-0.069
-0.047
-0.03
-0.02
-0.015
-0.012
-0.009
-0.007
-0.005
-0.003
-0.001
0.001
0.004
0.008
0.013
0.019
0.027
0.041
0.068
0.098
0.116
0.129
0.14
0.147
0.153
0.154
0.153
0.148
0.142
0.135
0.127
0.116
0.095
0.064
0.047
0.037
0.028
0.019
0.012
0.005
0.0
-0.005
-0.009
-0.013
-0.017
-0.021
-0.023
-0.025
-0.028
-0.031
-0.036
-0.04
-0.043
-0.047
-0.05
-0.054
-0.058
-0.063
-0.069
-0.076
-0.088
-0.101
-0.115
-0.128
-0.137
-0.145
-0.153
-0.159
-0.162
-0.161
-0.157
-0.152
-0.146
-0.138
-0.126
-0.106
-0.092
-0.084
-0.08
-0.076
-0.072
-0.068
-0.063
-0.057
-0.052
-0.046
-0.039
-0.031
-0.019
-0.009
-0.002
0.002
0.006
0.01
0.014
0.016
0.017
0.018
0.017
0.016
0.014
0.012
0.011
0.009
0.007
0.005
0.003
0.002
0.001
-0.001
-0.003
-0.006
-0.008
-0.01
-0.01
-0.011
-0.01
-0.008
-0.006
-0.002
0.0
0.004
0.008
0.013
0.02
0.036
0.051
0.067
0.083
0.099
0.114
0.13
0.147
0.17
0.202
0.231
0.251
0.257
0.262
0.266
0.264
0.248
0.226
0.195
0.161
0.129
0.104
0.085
0.064
0.05
0.041
0.035
0.029
0.023
0.018
0.015
0.012
0.011
0.008
0.006
0.004
0.002
-0.001
-0.004
-0.008
-0.012
-0.015
-0.019
-0.024
-0.034
-0.053
-0.068
-0.08
-0.092
-0.097
-0.091
-0.072
-0.018
0.071
0.189
0.327
0.477
0.624
0.738
0.783
0.731
0.567
0.302
-0.025
-0.351
-0.602
-0.705
-0.706
-0.61
-0.424
-0.231
-0.083
0.0
0.03
0.034
0.035
0.035
0.037
0.038
0.039
0.038
0.033
0.025
0.015
0.003
-0.012
-0.026
-0.038
-0.051
-0.063
-0.076
-0.089
-0.098
-0.105
-0.111
-0.114
-0.113
-0.11
-0.103
-0.094
-0.078
-0.051
-0.038
-0.032
-0.026
-0.021
-0.018
-0.016
-0.018
-0.021
-0.025
-0.03
-0.033
-0.037
-0.042
-0.047
-0.052
-0.056
-0.06
-0.065
-0.072
-0.079
-0.086
-0.092
-0.097
-0.103
-0.11
-0.117
-0.123
-0.128
-0.131
-0.134
-0.137
-0.141
-0.146
-0.153
-0.167
-0.185
-0.201
-0.215
-0.231
-0.249
-0.261
-0.269
-0.277
-0.283
-0.289
-0.294
-0.299
-0.303
-0.307
-0.311
-0.315
-0.319
-0.322
-0.324
-0.325
-0.325
-0.323
-0.319
-0.314
-0.308
-0.302
-0.295
-0.287
-0.277
-0.266
-0.255
-0.243
-0.23
-0.216
-0.202
-0.189
-0.176
-0.162
-0.148
-0.136
-0.127
-0.119
-0.111
-0.103
-0.094
-0.082
-0.069
-0.059
-0.05
-0.042
-0.037
-0.035
-0.037
-0.041
-0.048
-0.055
-0.063
-0.075
-0.082
-0.076
-0.057
-0.003
0.093
0.236
0.417
0.609
0.771
0.853
0.803
0.593
0.251
-0.15
-0.537
-0.822
-0.941
-0.893
-0.737
-0.536
-0.356
-0.227
-0.154
-0.115
-0.081
-0.05
-0.02
0.005
0.015
0.018
0.021
0.023
0.025
0.026
0.026
0.025
0.025
0.025
0.025
0.025
0.025
0.024
0.022
0.021
0.02
0.019
0.017
0.019
0.031
0.041
0.049
0.056
0.059
0.056
0.047
0.034
0.018
-0.006
-0.028
-0.041
-0.051
-0.058
-0.064
-0.068
-0.072
-0.075
-0.077
-0.079
-0.082
-0.085
-0.09
-0.093
-0.084
-0.066
-0.047
-0.023
0.0
0.023
0.043
0.045
0.047
0.048
0.05
0.05
0.05
0.05
0.049
0.048
0.048
0.047
0.045
0.041
0.038
0.035
0.033
0.031
0.027
0.024
0.021
0.022
0.028
0.036
0.045
0.055
0.066
0.077
0.085
0.091
0.096
0.099
0.101
0.103
0.105
0.108
0.111
0.114
0.116
0.119
0.122
0.127
0.133
0.143
0.149
0.153
0.156
0.16
0.163
0.164
0.161
0.154
0.145
0.139
0.131
0.125
0.12
0.12
0.123
0.127
0.133
0.144
0.165
0.188
0.211
0.229
0.241
0.249
0.255
0.261
0.267
0.266
0.255
0.238
0.216
0.193
0.169
0.143
0.114
0.093
0.081
0.071
0.062
0.054
0.045
0.035
0.026
0.016
0.007
0.0
-0.007
-0.01
-0.012
-0.013
-0.015
-0.016
-0.017
-0.018
-0.018
-0.018
-0.017
-0.015
-0.01
-0.004
0.004
0.035
0.089
0.172
0.286
0.424
0.575
0.722
0.835
0.871
0.855
0.736
0.492
0.16
-0.208
-0.541
-0.768
-0.839
-0.764
-0.586
-0.379
-0.192
-0.075
-0.034
-0.026
-0.02
-0.015
-0.012
-0.01
-0.008
-0.005
-0.001
0.0
0.003
0.006
0.008
0.01
0.013
0.018
0.029
0.04
0.049
0.054
0.059
0.063
0.066
0.069
0.07
0.069
0.066
0.062
0.057
0.05
0.041
0.025
0.012
0.001
-0.008
-0.015
-0.02
-0.026
-0.032
-0.031
-0.018
0.002
0.026
0.049
0.074
0.101
0.119
0.126
0.13
0.134
0.136
0.137
0.135
0.131
0.125
0.116
0.099
0.069
0.039
0.011
-0.032
-0.083
-0.144
-0.201
-0.248
-0.274
-0.288
-0.296
-0.301
-0.305
-0.306
-0.305
-0.301
-0.295
-0.288
-0.278
-0.263
-0.246
-0.223
-0.196
-0.177
-0.162
-0.149
-0.14
-0.131
-0.128
-0.136
-0.151
-0.165
-0.181
-0.191
-0.197
-0.201
-0.205
-0.208
-0.211
-0.213
-0.214
-0.214
-0.212
-0.208
-0.203
-0.198
-0.192
-0.182
-0.172
-0.162
-0.133
-0.082
0.003
0.133
0.3
0.493
0.688
0.837
0.903
0.841
0.629
0.295
-0.11
-0.509
-0.805
-0.899
-0.889
-0.744
-0.54
-0.351
-0.218
-0.152
-0.123
-0.11
-0.101
-0.096
-0.096
-0.098
-0.103
-0.108
-0.113
-0.118
-0.121
-0.122
-0.12
-0.116
-0.113
-0.111
-0.109
-0.107
-0.103
-0.097
-0.091
-0.082
-0.071
-0.05
-0.017
0.011
0.037
0.062
0.084
0.095
0.103
0.108
0.111
0.109
0.103
0.095
0.082
0.056
0.033
0.016
0.003
-0.011
-0.024
-0.032
-0.039
-0.047
-0.046
-0.032
-0.018
-0.005
0.004
0.013
0.018
0.021
0.024
0.028
0.031
0.034
0.037
0.039
0.042
0.045
0.05
0.057
0.062
0.056
0.045
0.032
0.017
0.005
-0.001
-0.007
-0.012
-0.014
-0.013
-0.011
-0.009
-0.005
0.0
-0.001
-0.011
-0.017
-0.022
-0.025
-0.028
-0.03
-0.029
-0.028
-0.025
-0.022
-0.016
-0.005
0.013
0.03
0.049
0.085
0.124
0.164
0.204
0.236
0.252
0.261
0.267
0.27
0.27
0.265
0.257
0.251
0.244
0.237
0.231
0.224
0.212
0.191
0.17
0.146
0.122
0.096
0.068
0.043
0.021
0.0
-0.014
-0.026
-0.032
-0.035
-0.038
-0.04
-0.042
-0.041
-0.039
-0.034
-0.028
-0.02
-0.009
0.002
0.01
0.017
0.024
0.03
0.036
0.044
0.054
0.066
0.076
0.085
0.092
0.099
0.104
0.11
0.114
0.113
0.107
0.1
0.092
0.085
0.077
0.07
0.064
0.055
0.045
0.035
0.029
0.025
0.021
0.02
0.019
0.021
0.026
0.031
0.036
0.041
0.048
0.054
0.058
0.058
0.056
0.051
0.045
0.034
0.021
0.011
0.014
0.041
0.101
0.194
0.323
0.482
0.647
0.782
0.835
0.822
0.704
0.472
0.173
-0.15
-0.441
-0.649
-0.712
-0.703
-0.595
-0.429
-0.264
-0.135
-0.042
0.017
0.056
0.07
0.07
0.06
0.047
0.028
0.014
0.005
0.001
0.005
0.014
0.042
0.074
0.107
0.138
0.157
0.177
0.198
0.214
0.224
0.232
0.238
0.246
0.255
0.264
0.27
0.273
0.275
0.277
0.279
0.281
0.284
0.286
0.289
0.293
0.297
0.304
0.317
0.326
0.339
0.356
0.365
0.37
0.374
0.376
0.378
0.379
0.379
0.377
0.374
0.37
0.364
0.354
0.335
0.307
0.278
0.247
0.216
0.184
0.152
0.122
0.102
0.09
0.084
0.08
0.076
0.072
0.067
0.063
0.058
0.051
0.04
0.033
0.028
0.024
0.018
0.02
0.032
0.046
0.06
0.07
0.08
0.09
0.097
0.101
0.103
0.106
0.108
0.108
0.107
0.105
0.1
0.095
0.084
0.066
0.055
0.048
0.043
0.04
0.04
0.044
0.05
0.058
0.068
0.084
0.093
0.116
0.155
0.22
0.318
0.449
0.609
0.782
0.942
1.029
1.022
0.904
0.619
0.238
-0.173
-0.535
-0.78
-0.862
-0.796
-0.629
-0.426
-0.256
-0.148
-0.101
-0.083
-0.07
-0.054
-0.033
-0.013
0.007
0.017
0.022
0.026
0.028
0.029
0.03
0.029
0.028
0.026
0.024
0.022
0.02
0.019
0.016
0.014
0.011
0.009
0.008
0.008
0.009
0.011
0.014
0.016
0.02
0.026
0.029
0.025
0.016
0.006
-0.006
-0.018
-0.033
-0.055
-0.073
-0.083
-0.092
-0.099
-0.105
-0.114
-0.126
-0.136
-0.148
-0.167
-0.19
-0.215
-0.262
-0.305
-0.348
-0.388
-0.434
-0.487
-0.544
-0.598
-0.65
-0.708
-0.777
-0.863
-0.972
-1.099
-1.233
-1.364
-1.482
-1.586
-1.674
-1.743
-1.782
-1.795
-1.788
-1.767
-1.727
-1.68
-1.631
-1.582
-1.535
-1.489
-1.441
-1.385
-1.329
-1.276
-1.225
-1.172
-1.12
-1.074
-1.028
-0.98
-0.93
-0.877
-0.829
-0.782
-0.735
-0.692
-0.654
-0.622
-0.59
-0.562
-0.545
-0.532
-0.522
-0.511
-0.496
-0.479
-0.464
-0.447
-0.43
-0.411
-0.391
-0.373
-0.345
-0.315
-0.285
-0.255
-0.222
-0.188
-0.151
-0.112
-0.072
-0.035
-0.003
0.025
0.042
0.07
0.098
0.129
0.16
0.189
0.218
0.25
0.278
0.304
0.313
0.316
0.313
0.306
0.295
0.279
0.264
0.245
0.225
0.206
0.194
0.187
0.182
0.18
0.181
0.183
0.187
0.191
0.199
0.214
0.228
0.237
0.243
0.247
0.251
0.256
0.259
0.256
0.248
0.241
0.231
0.22
0.205
0.185
0.16
0.14
0.127
0.119
0.132
0.17
0.252
0.371
0.526
0.701
0.873
1.009
1.074
1.035
0.876
0.607
0.269
-0.074
-0.357
-0.526
-0.559
-0.477
-0.321
-0.152
-0.011
0.09
0.154
0.195
0.224
0.235
0.244
0.254
0.269
0.286
0.304
0.324
0.344
0.363
0.381
0.4
0.411
0.413
0.414
0.414
0.415
0.414
0.414
0.413
0.412
0.412
0.412
0.412
0.413
0.414
0.415
0.416
0.418
0.421
0.423
0.427
0.433
0.448
0.459
0.474
0.495
0.51
0.519
0.527
0.534
0.542
0.554
0.576
0.591
0.598
0.604
0.606
0.606
0.605
0.601
0.597
0.588
0.572
0.561
0.556
0.552
0.548
0.543
0.54
0.536
0.533
0.524
0.507
0.495
0.488
0.482
0.475
0.463
0.444
0.428
0.416
0.407
0.385
0.357
0.321
0.285
0.25
0.231
0.199
0.169
0.138
0.105
0.074
0.055
0.035
0.015
0.002
-0.005
-0.008
-0.003
0.007
0.02
0.035
0.041
0.045
0.048
0.05
0.05
0.044
0.034
0.017
-0.004
-0.018
-0.029
-0.03
-0.02
0.007
0.082
0.202
0.364
0.55
0.743
0.899
0.985
0.95
0.762
0.438
0.032
-0.371
-0.676
-0.784
-0.779
-0.651
-0.465
-0.297
-0.176
-0.139
-0.13
-0.122
-0.115
-0.11
-0.107
-0.105
-0.103
-0.101
-0.098
-0.094
-0.084
-0.074
-0.063
-0.051
-0.04
-0.026
-0.01
0.004
0.021
0.037
0.05
0.062
0.079
0.101
0.12
0.135
0.147
0.159
0.17
0.183
0.191
0.197
0.203
0.205
0.204
0.2
0.193
0.18
0.162
0.134
0.102
0.083
0.063
0.043
0.025
0.006
-0.005
-0.011
-0.015
-0.017
-0.015
-0.011
-0.004
0.003
0.014
0.018
0.021
0.025
0.025
0.014
0.001
-0.012
-0.024
-0.036
-0.049
-0.058
-0.065
-0.071
-0.076
-0.08
-0.084
-0.086
-0.087
-0.089
-0.09
-0.09
-0.088
-0.084
-0.078
-0.072
-0.067
-0.062
-0.058
-0.053
-0.05
-0.048
-0.049
-0.05
-0.052
-0.053
-0.055
-0.057
-0.059
-0.061
-0.065
-0.07
-0.071
-0.07
-0.069
-0.066
-0.063
-0.058
-0.052
-0.045
-0.038
-0.03
-0.021
-0.014
-0.007
0.003
0.015
0.019
0.022
0.025
0.029
0.031
0.03
0.027
0.026
0.026
0.026
0.026
0.026
0.026
0.026
0.025
0.023
0.02
0.015
0.009
0.0
-0.006
-0.012
-0.019
-0.027
-0.033
-0.033
-0.031
-0.026
-0.013
0.015
0.047
0.073
0.09
0.107
0.125
0.14
0.149
0.149
0.141
0.119
0.087
0.066
0.045
0.025
0.006
-0.007
-0.015
-0.022
-0.025
-0.02
-0.011
-0.003
0.005
0.011
0.01
0.003
-0.005
-0.017
-0.035
-0.048
-0.058
-0.066
-0.071
-0.077
-0.082
-0.086
-0.087
-0.089
-0.091
-0.089
-0.083
-0.078
-0.063
-0.013
0.064
0.169
0.302
0.455
0.617
0.762
0.84
0.838
0.745
0.513
0.184
-0.196
-0.541
-0.784
-0.885
-0.848
-0.716
-0.546
-0.376
-0.247
-0.175
-0.139
-0.125
-0.116
-0.109
-0.101
-0.091
-0.076
-0.062
-0.057
-0.056
-0.054
-0.051
-0.049
-0.046
-0.044
-0.041
-0.037
-0.033
-0.026
-0.014
-0.005
0.0
0.004
0.009
0.014
0.017
0.018
0.019
0.021
0.023
0.027
0.035
0.051
0.062
0.067
0.072
0.078
0.083
0.087
0.096
0.111
0.124
0.139
0.157
0.172
0.182
0.184
0.186
0.188
0.19
0.19
0.186
0.178
0.17
0.156
0.143
0.13
0.117
0.105
0.09
0.072
0.053
0.034
0.013
-0.005
-0.024
-0.044
-0.058
-0.066
-0.069
-0.07
-0.07
-0.069
-0.068
-0.067
-0.067
-0.066
-0.064
-0.063
-0.062
-0.062
-0.065
-0.07
-0.076
-0.082
-0.089
-0.1
-0.11
-0.117
-0.122
-0.127
-0.132
-0.134
-0.132
-0.128
-0.122
-0.116
-0.111
-0.106
-0.103
-0.102
-0.102
-0.103
-0.104
-0.105
-0.102
-0.097
-0.083
-0.036
0.036
0.144
0.284
0.446
0.609
0.735
0.785
0.717
0.508
0.179
-0.217
-0.604
-0.886
-0.993
-0.925
-0.747
-0.539
-0.359
-0.24
-0.18
-0.155
-0.14
-0.126
-0.117
-0.113
-0.11
-0.11
-0.111
-0.113
-0.118
-0.123
-0.126
-0.126
-0.121
-0.112
-0.102
-0.088
-0.077
-0.068
-0.062
-0.055
-0.047
-0.037
-0.018
0.004
0.023
0.042
0.059
0.07
0.077
0.083
0.087
0.091
0.093
0.091
0.085
0.077
0.065
0.049
0.034
0.015
-0.007
-0.03
-0.046
-0.053
-0.057
-0.06
-0.06
-0.057
-0.051
-0.044
-0.038
-0.033
-0.027
-0.022
-0.017
-0.016
-0.02
-0.026
-0.033
-0.038
-0.043
-0.049
-0.054
-0.058
-0.063
-0.066
-0.067
-0.069
-0.072
-0.076
-0.083
-0.093
-0.102
-0.114
-0.129
-0.143
-0.159
-0.176
-0.195
-0.216
-0.227
-0.231
-0.233
-0.226
-0.204
-0.175
-0.138
-0.097
-0.056
-0.019
0.011
0.023
0.028
0.032
0.034
0.029
0.02
0.014
0.009
0.004
-0.001
-0.005
-0.008
-0.008
-0.009
-0.009
-0.01
-0.011
-0.012
-0.014
-0.015
-0.017
-0.019
-0.02
-0.018
-0.015
-0.01
-0.005
0.0
0.01
0.02
0.034
0.049
0.063
0.078
0.094
0.112
0.13
0.15
0.17
0.19
0.209
0.227
0.237
0.243
0.247
0.25
0.251
0.25
0.246
0.242
0.236
0.228
0.215
0.202
0.185
0.165
0.145
0.127
0.111
0.093
0.08
0.073
0.069
0.07
0.074
0.077
0.079
0.081
0.084
0.087
0.087
0.082
0.075
0.069
0.062
0.053
0.044
0.037
0.03
0.024
0.019
0.013
0.007
0.005
0.009
0.019
0.045
0.104
0.193
0.314
0.464
0.631
0.793
0.92
0.978
0.934
0.77
0.498
0.157
-0.201
-0.504
-0.69
-0.738
-0.667
-0.525
-0.36
-0.214
-0.111
-0.048
-0.016
0.0
0.011
0.019
0.028
0.035
0.041
0.048
0.053
0.056
0.057
0.058
0.059
0.06
0.06
0.06
0.059
0.06
0.06
0.061
0.062
0.062
0.062
0.063
0.064
0.065
0.067
0.07
0.074
0.081
0.095
0.105
0.119
0.134
0.147
0.162
0.178
0.194
0.212
0.23
0.245
0.256
0.261
0.266
0.269
0.263
0.246
0.217
0.18
0.135
0.085
0.037
-0.005
-0.044
-0.078
-0.106
-0.124
-0.14
-0.151
-0.157
-0.166
-0.18
-0.195
-0.211
-0.228
-0.244
-0.255
-0.262
-0.27
-0.279
-0.284
-0.289
-0.294
-0.298
-0.299
-0.299
-0.298
-0.297
-0.296
-0.294
-0.29
-0.284
-0.276
-0.262
-0.242
-0.236
-0.233
-0.23
-0.229
-0.229
-0.229
-0.229
-0.227
-0.225
-0.224
-0.224
-0.225
-0.224
-0.221
-0.214
-0.201
-0.184
-0.174
-0.169
-0.165
-0.162
-0.161
-0.159
-0.158
-0.156
-0.155
-0.154
-0.152
-0.15
-0.145
-0.139
-0.122
-0.103
-0.08
-0.065
-0.056
-0.049
-0.045
-0.044
-0.047
-0.053
-0.06
-0.07
-0.086
-0.101
-0.116
-0.13
-0.143
-0.152
-0.159
-0.165
-0.168
-0.168
-0.164
-0.156
-0.134
-0.088
-0.016
0.081
0.206
0.362
0.54
0.716
0.855
0.925
0.889
0.716
0.419
0.044
-0.336
-0.666
-0.875
-0.926
-0.845
-0.694
-0.529
-0.393
-0.311
-0.273
-0.258
-0.246
-0.237
-0.231
-0.226
-0.219
-0.212
-0.208
-0.205
-0.203
-0.201
-0.199
-0.197
-0.195
-0.192
-0.189
-0.186
-0.184
-0.182
-0.18
-0.175
-0.167
-0.159
-0.152
-0.144
-0.137
-0.129
-0.122
-0.115
-0.108
-0.099
-0.088
-0.078
-0.068
-0.058
-0.045
-0.031
-0.017
-0.005
0.002
0.007
0.011
0.014
0.017
0.02
0.022
0.026
0.031
0.04
0.058
0.075
0.086
0.089
0.09
0.091
0.091
0.092
0.093
0.094
0.094
0.095
0.094
0.093
0.091
0.09
0.089
0.088
0.088
0.088
0.089
0.09
0.09
0.091
0.092
0.092
0.094
0.096
0.098
0.101
0.11
0.118
0.124
0.132
0.141
0.154
0.171
0.19
0.207
0.224
0.239
0.253
0.263
0.269
0.268
0.257
0.242
0.222
0.203
0.182
0.167
0.156
0.147
0.14
0.132
0.126
0.118
0.109
0.096
0.079
0.069
0.061
0.054
0.046
0.041
0.039
0.037
0.036
0.034
0.033
0.032
0.03
0.029
0.027
0.025
0.023
0.021
0.018
0.014
0.006
-0.005
-0.01
-0.016
-0.02
-0.007
0.025
0.09
0.188
0.317
0.47
0.628
0.76
0.826
0.82
0.723
0.499
0.191
-0.15
-0.46
-0.667
-0.735
-0.663
-0.503
-0.304
-0.126
-0.005
0.062
0.087
0.094
0.099
0.104
0.11
0.115
0.12
0.125
0.13
0.132
0.129
0.122
0.113
0.101
0.085
0.078
0.074
0.07
0.067
0.065
0.063
0.062
0.062
0.062
0.063
0.064
0.067
0.07
0.074
0.079
0.086
0.099
0.111
0.123
0.134
0.147
0.16
0.173
0.182
0.192
0.207
0.222
0.24
0.257
0.269
0.278
0.285
0.291
0.294
0.291
0.282
0.258
0.229
0.198
0.166
0.133
0.099
0.067
0.036
0.018
0.002
-0.016
-0.036
-0.058
-0.072
-0.08
-0.087
-0.095
-0.103
-0.113
-0.125
-0.134
-0.14
-0.145
-0.15
-0.155
-0.16
-0.165
-0.167
-0.165
-0.16
-0.156
-0.153
-0.15
-0.148
-0.148
-0.151
-0.155
-0.161
-0.169
-0.182
-0.195
-0.205
-0.212
-0.218
-0.222
-0.225
-0.228
-0.231
-0.234
-0.237
-0.236
-0.232
-0.225
-0.212
-0.196
-0.184
-0.172
-0.152
-0.125
-0.095
-0.062
-0.025
0.011
0.042
0.069
0.095
0.124
0.134
0.14
0.138
0.118
0.09
0.062
0.046
0.03
0.015
0.006
0.0
-0.002
0.001
0.014
0.052
0.117
0.207
0.329
0.483
0.654
0.815
0.933
0.967
0.884
0.673
0.358
-0.017
-0.386
-0.659
-0.779
-0.733
-0.563
-0.343
-0.143
-0.003
0.077
0.118
0.138
0.166
0.195
0.209
0.217
0.223
0.222
0.21
0.193
0.171
0.152
0.133
0.118
0.107
0.097
0.088
0.081
0.074
0.066
0.057
0.047
0.035
0.023
0.011
0.001
-0.011
-0.028
-0.047
-0.065
-0.093
-0.119
-0.134
-0.147
-0.157
-0.165
-0.172
-0.179
-0.179
-0.173
-0.169
-0.167
-0.166
-0.164
-0.163
-0.161
-0.159
-0.157
-0.156
-0.153
-0.151
-0.148
-0.141
-0.126
-0.115
-0.109
-0.103
-0.097
-0.092
-0.086
-0.079
-0.072
-0.065
-0.057
-0.049
-0.045
-0.041
-0.039
-0.047
-0.061
-0.076
-0.089
-0.103
-0.116
-0.124
-0.128
-0.131
-0.133
-0.134
-0.135
-0.135
-0.134
-0.132
-0.129
-0.125
-0.119
-0.109
-0.097
-0.089
-0.084
-0.08
-0.077
-0.074
-0.072
-0.07
-0.068
-0.066
-0.063
-0.059
-0.055
-0.049
-0.043
-0.034
-0.026
-0.019
-0.013
-0.006
0.002
0.017
0.035
0.051
0.064
0.083
0.105
0.131
0.154
0.169
0.18
0.186
0.19
0.19
0.187
0.18
0.162
0.139
0.115
0.099
0.081
0.061
0.037
0.025
0.022
0.02
0.019
0.019
0.022
0.028
0.036
0.051
0.062
0.07
0.07
0.065
0.062
0.059
0.057
0.055
0.053
0.052
0.052
0.052
0.052
0.052
0.054
0.057
0.06
0.065
0.084
0.136
0.216
0.324
0.458
0.612
0.763
0.884
0.942
0.905
0.75
0.472
0.118
-0.235
-0.518
-0.657
-0.668
-0.583
-0.421
-0.252
-0.124
-0.069
-0.052
-0.043
-0.037
-0.033
-0.014
0.017
0.047
0.073
0.085
0.094
0.099
0.089
0.074
0.056
0.046
0.041
0.037
0.034
0.032
0.032
0.032
0.033
0.034
0.037
0.04
0.044
0.053
0.064
0.079
0.096
0.113
0.131
0.152
0.172
0.183
0.189
0.193
0.197
0.201
0.205
0.208
0.212
0.217
0.223
0.228
0.234
0.246
0.26
0.266
0.271
0.273
0.27
0.264
0.254
0.239
0.211
0.176
0.137
0.099
0.06
0.022
-0.009
-0.035
-0.052
-0.067
-0.078
-0.086
-0.092
-0.095
-0.098
-0.101
-0.105
-0.109
-0.113
-0.116
-0.12
-0.123
-0.126
-0.129
-0.131
-0.132
-0.134
-0.137
-0.139
-0.14
-0.14
-0.138
-0.134
-0.129
-0.123
-0.116
-0.108
-0.1
-0.094
-0.09
-0.086
-0.082
-0.079
-0.076
-0.072
-0.069
-0.064
-0.06
-0.056
-0.051
-0.046
-0.041
-0.038
-0.037
-0.039
-0.042
-0.047
-0.055
-0.068
-0.079
-0.085
-0.076
-0.05
0.013
0.117
0.259
0.427
0.603
0.748
0.82
0.783
0.613
0.317
-0.065
-0.453
-0.758
-0.884
-0.883
-0.756
-0.551
-0.353
-0.21
-0.136
-0.104
-0.092
-0.082
-0.074
-0.066
-0.058
-0.051
-0.046
-0.042
-0.037
-0.032
-0.026
-0.018
-0.004
0.014
0.029
0.046
0.057
0.062
0.066
0.069
0.071
0.069
0.066
0.06
0.054
0.047
0.038
0.03
0.023
0.015
0.007
0.004
0.004
0.003
0.001
0.0
0.0
0.002
0.007
0.013
0.018
0.023
0.028
0.034
0.039
0.045
0.055
0.074
0.093
0.106
0.115
0.124
0.133
0.141
0.147
0.154
0.153
0.141
0.13
0.12
0.111
0.103
0.094
0.086
0.08
0.074
0.071
0.069
0.067
0.065
0.064
0.064
0.064
0.065
0.068
0.071
0.076
0.086
0.101
0.11
0.115
0.12
0.124
0.13
0.139
0.153
0.162
0.167
0.17
0.174
0.177
0.18
0.183
0.185
0.187
0.189
0.192
0.194
0.196
0.198
0.202
0.208
0.208
0.201
0.193
0.184
0.176
0.169
0.162
0.158
0.155
0.152
0.16
0.17
0.18
0.19
0.204
0.218
0.231
0.243
0.252
0.258
0.263
0.269
0.279
0.294
0.31
0.324
0.336
0.347
0.357
0.37
0.381
0.389
0.39
0.383
0.374
0.359
0.342
0.327
0.305
0.283
0.259
0.235
0.226
0.219
0.21
0.198
0.187
0.174
0.163
0.155
0.147
0.136
0.123
0.115
0.112
0.109
0.107
0.104
0.101
0.098
0.095
0.09
0.083
0.072
0.067
0.061
0.056
0.067
0.1
0.158
0.242
0.352
0.483
0.621
0.743
0.828
0.856
0.814
0.703
0.532
0.317
0.082
-0.14
-0.321
-0.432
-0.456
-0.4
-0.291
-0.162
-0.048
0.025
0.055
0.064
0.072
0.079
0.098
0.125
0.154
0.162
0.163
0.165
0.157
0.147
0.138
0.128
0.115
0.097
0.065
0.013
-0.059
-0.15
-0.254
-0.364
-0.477
-0.586
-0.682
-0.76
-0.817
-0.857
-0.885
