0.32
0.381
0.442
0.504
0.56
0.579
0.563
0.552
0.547
0.542
0.537
0.535
0.534
0.534
0.535
0.536
0.539
0.542
0.547
0.553
0.56
0.569
0.585
0.594
0.588
0.573
0.552
0.523
0.476
0.429
0.384
0.361
0.341
0.328
0.344
0.371
0.399
0.41
0.415
0.419
0.422
0.424
0.426
0.428
0.43
0.431
0.431
0.431
0.43
0.428
0.426
0.423
0.42
0.417
0.414
0.411
0.408
0.406
0.404
0.402
0.399
0.396
0.394
0.393
0.393
0.394
0.396
0.399
0.403
0.407
0.411
0.414
0.417
0.42
0.422
0.425
0.428
0.431
0.434
0.436
0.438
0.439
0.44
0.44
0.438
0.435
0.432
0.429
0.425
0.421
0.415
0.411
0.402
0.384
0.371
0.361
0.355
0.347
0.336
0.322
0.297
0.265
0.244
0.227
0.209
0.187
0.156
0.142
0.138
0.134
0.13
0.127
0.125
0.122
0.121
0.119
0.117
0.115
0.115
0.116
0.117
0.116
0.116
0.115
0.116
0.117
0.117
0.117
0.116
0.115
0.114
0.114
0.114
0.113
0.111
0.109
0.106
0.103
0.094
0.069
0.059
0.055
0.052
0.049
0.046
0.044
0.043
0.041
0.04
0.038
0.036
0.035
0.034
0.032
0.03
0.029
0.027
0.025
0.022
0.018
0.01
0.0
-0.01
-0.02
-0.026
-0.031
-0.036
-0.04
-0.043
-0.045
-0.046
-0.045
-0.044
-0.042
-0.04
-0.037
-0.034
-0.03
-0.026
-0.021
-0.016
-0.013
-0.013
-0.017
-0.025
-0.035
-0.047
-0.062
-0.07
-0.074
-0.08
-0.086
-0.086
-0.072
-0.055
-0.039
-0.033
-0.029
-0.026
-0.024
-0.025
-0.029
-0.032
-0.034
-0.037
-0.04
-0.041
-0.04
-0.037
-0.033
-0.027
-0.019
-0.013
-0.011
-0.013
-0.014
-0.016
-0.018
-0.019
-0.021
-0.022
-0.023
-0.024
-0.024
-0.022
-0.019
-0.014
-0.009
-0.003
0.001
0.004
0.007
0.009
0.012
0.015
0.018
0.022
0.026
0.029
0.03
0.031
0.03
0.029
0.026
0.022
0.017
0.012
0.006
0.0
-0.012
-0.034
-0.051
-0.072
-0.099
-0.12
-0.137
-0.158
-0.17
-0.177
-0.183
-0.187
-0.19
-0.193
-0.194
-0.194
-0.193
-0.192
-0.189
-0.184
-0.179
-0.173
-0.165
-0.149
-0.134
-0.115
-0.085
-0.043
-0.021
-0.009
-0.015
-0.046
-0.075
-0.131
-0.19
-0.238
-0.261
-0.279
-0.29
-0.281
-0.251
-0.199
-0.144
-0.096
-0.069
-0.052
-0.042
-0.035
-0.035
-0.039
-0.044
-0.046
-0.05
-0.053
-0.055
-0.057
-0.055
-0.051
-0.044
-0.037
-0.032
-0.027
-0.022
-0.017
-0.013
-0.009
-0.006
-0.002
0.0
0.003
0.005
0.007
0.009
0.013
0.022
0.039
0.054
0.073
0.098
0.116
0.126
0.135
0.145
0.156
0.163
0.17
0.176
0.181
0.184
0.186
0.186
0.187
0.187
0.188
0.188
0.189
0.189
0.19
0.191
0.189
0.183
0.176
0.163
0.137
0.112
0.093
0.073
0.063
0.056
0.052
0.048
0.045
0.041
0.038
0.035
0.033
0.03
0.027
0.019
-0.003
-0.02
-0.027
-0.033
-0.037
-0.039
-0.04
-0.041
-0.04
-0.038
-0.034
-0.03
-0.024
-0.021
-0.024
-0.031
-0.036
-0.041
-0.046
-0.048
-0.047
-0.044
-0.042
-0.041
-0.038
-0.035
-0.032
-0.031
-0.031
-0.033
-0.037
-0.042
-0.046
-0.05
-0.054
-0.058
-0.062
-0.065
-0.068
-0.071
-0.073
-0.074
-0.075
-0.077
-0.078
-0.08
-0.085
-0.09
-0.093
-0.091
-0.084
-0.076
-0.069
-0.061
-0.055
-0.052
-0.055
-0.062
-0.069
-0.076
-0.084
-0.091
-0.095
-0.097
-0.099
-0.101
-0.104
-0.106
-0.107
-0.104
-0.096
-0.088
-0.082
-0.076
-0.071
-0.066
-0.062
-0.061
-0.062
-0.064
-0.068
-0.072
-0.075
-0.081
-0.086
-0.089
-0.088
-0.085
-0.082
-0.079
-0.077
-0.074
-0.072
-0.071
-0.07
-0.07
-0.071
-0.073
-0.077
-0.08
-0.083
-0.085
-0.086
-0.087
-0.088
-0.09
-0.091
-0.091
-0.09
-0.088
-0.087
-0.086
-0.085
-0.085
-0.084
-0.084
-0.084
-0.084
-0.083
-0.083
-0.082
-0.082
-0.081
-0.08
-0.08
-0.08
-0.08
-0.08
-0.081
-0.082
-0.083
-0.085
-0.087
-0.09
-0.092
-0.095
-0.097
-0.1
-0.104
-0.11
-0.124
-0.131
-0.134
-0.137
-0.139
-0.142
-0.144
-0.145
-0.146
-0.146
-0.145
-0.144
-0.141
-0.137
-0.132
-0.127
-0.122
-0.117
-0.111
-0.104
-0.098
-0.092
-0.087
-0.083
-0.078
-0.072
-0.065
-0.059
-0.057
-0.06
-0.068
-0.08
-0.1
-0.136
-0.17
-0.191
-0.197
-0.202
-0.207
-0.206
-0.192
-0.171
-0.141
-0.11
-0.085
-0.074
-0.068
-0.062
-0.055
-0.047
-0.04
-0.033
-0.026
-0.018
-0.01
-0.006
-0.004
-0.002
0.0
0.001
0.003
0.004
0.005
0.004
0.003
0.002
0.001
-0.001
-0.004
-0.008
-0.011
-0.003
0.011
0.023
0.034
0.042
0.047
0.05
0.052
0.055
0.056
0.058
0.059
0.061
0.062
0.064
0.067
0.07
0.074
0.078
0.081
0.085
0.091
0.102
0.111
0.117
0.123
0.128
0.134
0.138
0.14
0.137
0.128
0.117
0.106
0.091
0.075
0.057
0.041
0.026
0.014
0.005
-0.002
-0.012
-0.023
-0.031
-0.039
-0.043
-0.047
-0.05
-0.052
-0.054
-0.055
-0.054
-0.05
-0.045
-0.039
-0.032
-0.025
-0.016
-0.006
0.006
0.018
0.024
0.027
0.031
0.034
0.036
0.039
0.04
0.041
0.042
0.044
0.046
0.047
0.047
0.048
0.049
0.051
0.053
0.056
0.059
0.061
0.064
0.067
0.07
0.072
0.074
0.076
0.08
0.084
0.089
0.092
0.094
0.094
0.093
0.091
0.089
0.085
0.079
0.073
0.068
0.063
0.059
0.054
0.049
0.046
0.045
0.046
0.049
0.051
0.054
0.057
0.059
0.063
0.066
0.069
0.071
0.071
0.069
0.066
0.063
0.06
0.057
0.054
0.052
0.05
0.049
0.048
0.048
0.048
0.048
0.048
0.047
0.047
0.047
0.046
0.046
0.045
0.044
0.044
0.043
0.042
0.042
0.043
0.043
0.042
0.04
0.036
0.03
0.027
0.034
0.05
0.061
0.07
0.078
0.086
0.096
0.105
0.115
0.126
0.137
0.147
0.155
0.161
0.167
0.173
0.181
0.187
0.187
0.178
0.167
0.161
0.157
0.153
0.15
0.149
0.146
0.143
0.14
0.136
0.133
0.13
0.127
0.124
0.12
0.117
0.112
0.105
0.093
0.083
0.075
0.071
0.068
0.066
0.065
0.063
0.061
0.059
0.056
0.052
0.048
0.044
0.04
0.035
0.03
0.025
0.02
0.013
0.006
0.0
-0.005
-0.006
-0.004
0.001
0.009
0.02
0.045
0.072
0.081
0.088
0.087
0.071
0.024
-0.031
-0.095
-0.157
-0.203
-0.217
-0.203
-0.181
-0.152
-0.125
-0.105
-0.087
-0.062
-0.034
-0.019
-0.012
-0.006
0.0
0.005
0.012
0.02
0.031
0.046
0.054
0.045
0.031
0.024
0.019
0.015
0.013
0.011
0.008
0.005
0.004
0.003
0.003
0.004
0.006
0.008
0.013
0.018
0.023
0.027
0.032
0.038
0.045
0.052
0.06
0.068
0.075
0.081
0.086
0.092
0.096
0.099
0.102
0.104
0.105
0.106
0.107
0.106
0.103
0.101
0.097
0.094
0.091
0.087
0.083
0.077
0.07
0.062
0.054
0.047
0.037
0.023
0.002
-0.011
-0.025
-0.039
-0.062
-0.079
-0.092
-0.1
-0.101
-0.102
-0.102
-0.102
-0.102
-0.102
-0.103
-0.105
-0.106
-0.108
-0.112
-0.116
-0.121
-0.127
-0.137
-0.143
-0.146
-0.151
-0.157
-0.156
-0.145
-0.129
-0.106
-0.093
-0.085
-0.08
-0.076
-0.076
-0.079
-0.083
-0.089
-0.097
-0.11
-0.11
-0.093
-0.047
0.009
0.078
0.152
0.204
0.221
0.201
0.143
0.031
-0.086
-0.157
-0.191
-0.216
-0.232
-0.221
-0.204
-0.182
-0.165
-0.153
-0.148
-0.154
-0.165
-0.17
-0.172
-0.174
-0.176
-0.178
-0.181
-0.184
-0.187
-0.19
-0.193
-0.195
-0.196
-0.196
-0.195
-0.195
-0.194
-0.193
-0.191
-0.189
-0.187
-0.186
-0.185
-0.184
-0.184
-0.183
-0.18
-0.178
-0.175
-0.17
-0.166
-0.16
-0.154
-0.148
-0.14
-0.132
-0.125
-0.117
-0.108
-0.099
-0.09
-0.082
-0.075
-0.067
-0.056
-0.04
-0.03
-0.024
-0.02
-0.016
-0.014
-0.013
-0.017
-0.025
-0.034
-0.042
-0.051
-0.059
-0.063
-0.058
-0.048
-0.036
-0.024
-0.01
0.001
0.008
0.014
0.021
0.03
0.035
0.032
0.023
0.01
-0.009
-0.021
-0.027
-0.031
-0.035
-0.038
-0.042
-0.046
-0.049
-0.053
-0.059
-0.071
-0.083
-0.089
-0.094
-0.098
-0.101
-0.102
-0.103
-0.104
-0.105
-0.105
-0.104
-0.103
-0.102
-0.1
-0.097
-0.094
-0.091
-0.087
-0.08
-0.072
-0.066
-0.06
-0.051
-0.039
-0.026
-0.008
0.017
0.039
0.054
0.054
0.04
0.003
-0.057
-0.132
-0.215
-0.284
-0.293
-0.271
-0.208
-0.147
-0.086
-0.031
0.006
0.019
0.026
0.027
0.023
0.018
0.013
0.005
0.006
0.02
0.028
0.033
0.037
0.04
0.042
0.044
0.046
0.049
0.051
0.053
0.055
0.056
0.059
0.063
0.073
0.085
0.096
0.105
0.113
0.121
0.127
0.132
0.136
0.139
0.143
0.147
0.151
0.156
0.163
0.173
0.181
0.187
0.191
0.194
0.197
0.2
0.202
0.205
0.208
0.211
0.215
0.221
0.23
0.235
0.237
0.24
0.243
0.232
0.217
0.203
0.189
0.169
0.148
0.117
0.084
0.046
0.03
0.023
0.018
0.016
0.014
0.014
0.015
0.019
0.025
0.031
0.04
0.039
0.029
0.022
0.015
0.01
0.011
0.015
0.02
0.024
0.028
0.032
0.034
0.035
0.034
0.032
0.029
0.026
0.024
0.022
0.02
0.018
0.016
0.014
0.012
0.009
0.006
0.003
0.001
-0.001
-0.004
-0.007
-0.011
-0.014
-0.014
-0.011
-0.006
-0.001
0.004
0.01
0.016
0.019
0.022
0.024
0.028
0.03
0.029
0.022
0.012
0.0
-0.016
-0.028
-0.033
-0.037
-0.04
-0.043
-0.045
-0.046
-0.047
-0.046
-0.043
-0.04
-0.037
-0.034
-0.031
-0.026
-0.021
-0.015
-0.011
-0.006
-0.003
-0.001
0.001
0.003
0.006
0.008
0.009
0.009
0.01
0.011
0.012
0.013
0.013
0.013
0.013
0.014
0.015
0.016
0.017
0.017
0.017
0.017
0.017
0.017
0.017
0.017
0.016
0.015
0.014
0.013
0.013
0.013
0.014
0.016
0.017
0.019
0.02
0.022
0.022
0.019
0.013
0.003
-0.011
-0.021
-0.028
-0.032
-0.032
-0.029
-0.023
-0.012
0.0
0.008
0.014
0.016
0.013
0.005
-0.005
-0.02
-0.041
-0.07
-0.099
-0.107
-0.111
-0.114
-0.118
-0.122
-0.126
-0.129
-0.132
-0.135
-0.139
-0.143
-0.146
-0.147
-0.148
-0.15
-0.152
-0.153
-0.148
-0.139
-0.131
-0.124
-0.118
-0.115
-0.117
-0.121
-0.125
-0.128
-0.132
-0.135
-0.137
-0.137
-0.136
-0.134
-0.131
-0.128
-0.124
-0.12
-0.116
-0.11
-0.092
-0.065
-0.033
0.0
0.031
0.048
0.054
0.042
0.006
-0.058
-0.139
-0.22
-0.285
-0.318
-0.321
-0.302
-0.25
-0.192
-0.148
-0.107
-0.067
-0.041
-0.032
-0.027
-0.024
-0.022
-0.013
0.012
0.019
0.024
0.027
0.028
0.029
0.028
0.026
0.024
0.02
0.016
0.011
0.0
-0.008
-0.016
-0.024
-0.024
-0.016
-0.004
0.011
0.027
0.044
0.061
0.076
0.085
0.09
0.095
0.101
0.107
0.113
0.12
0.126
0.132
0.139
0.148
0.157
0.164
0.17
0.173
0.172
0.171
0.171
0.17
0.169
0.169
0.169
0.168
0.167
0.166
0.165
0.163
0.161
0.158
0.146
0.119
0.086
0.056
0.039
0.026
0.015
0.005
-0.009
-0.018
-0.02
-0.021
-0.022
-0.024
-0.028
-0.033
-0.036
-0.038
-0.04
-0.042
-0.044
-0.046
-0.047
-0.049
-0.051
-0.053
-0.058
-0.065
-0.057
-0.049
-0.042
-0.042
-0.051
-0.056
-0.06
-0.064
-0.067
-0.068
-0.068
-0.067
-0.065
-0.062
-0.058
-0.054
-0.046
-0.046
-0.053
-0.057
-0.06
-0.063
-0.064
-0.066
-0.066
-0.066
-0.066
-0.064
-0.063
-0.061
-0.059
-0.058
-0.056
-0.054
-0.052
-0.05
-0.049
-0.05
-0.051
-0.053
-0.055
-0.057
-0.058
-0.059
-0.06
-0.061
-0.062
-0.062
-0.061
-0.061
-0.062
-0.062
-0.062
-0.062
-0.061
-0.061
-0.06
-0.06
-0.06
-0.061
-0.062
-0.063
-0.064
-0.065
-0.066
-0.067
-0.069
-0.071
-0.073
-0.074
-0.076
-0.079
-0.086
-0.093
-0.094
-0.09
-0.083
-0.074
-0.063
-0.051
-0.044
-0.039
-0.034
-0.031
-0.03
-0.03
-0.031
-0.031
-0.031
-0.031
-0.032
-0.032
-0.033
-0.035
-0.037
-0.039
-0.039
-0.038
-0.037
-0.035
-0.032
-0.029
-0.026
-0.024
-0.021
-0.02
-0.018
-0.018
-0.016
-0.014
-0.012
-0.01
-0.008
-0.005
-0.003
0.0
0.002
0.004
0.007
0.011
0.018
0.035
0.052
0.07
0.081
0.089
0.093
0.093
0.089
0.081
0.069
0.046
0.021
0.0
-0.019
-0.038
-0.046
-0.05
-0.054
-0.057
-0.06
-0.061
-0.062
-0.063
-0.063
-0.063
-0.063
-0.062
-0.061
-0.06
-0.059
-0.057
-0.055
-0.053
-0.051
-0.046
-0.04
-0.032
-0.018
0.0
0.025
0.059
0.072
0.079
0.083
0.072
0.038
-0.025
-0.108
-0.192
-0.256
-0.276
-0.272
-0.228
-0.176
-0.131
-0.083
-0.037
-0.019
-0.002
0.045
0.092
0.107
0.097
0.08
0.058
0.039
0.026
0.026
0.034
0.04
0.046
0.05
0.051
0.049
0.046
0.044
0.043
0.042
0.047
0.056
0.062
0.066
0.069
0.072
0.076
0.08
0.085
0.092
0.105
0.124
0.14
0.154
0.175
0.211
0.229
0.24
0.246
0.25
0.255
0.259
0.264
0.268
0.271
0.275
0.28
0.288
0.296
0.304
0.313
0.32
0.321
0.315
0.306
0.291
0.268
0.244
0.219
0.192
0.166
0.141
0.117
0.105
0.099
0.094
0.091
0.087
0.083
0.079
0.076
0.073
0.071
0.069
0.066
0.064
0.062
0.059
0.056
0.052
0.047
0.043
0.038
0.034
0.03
0.026
0.018
0.01
0.004
0.004
0.008
0.012
0.016
0.019
0.022
0.025
0.028
0.029
0.027
0.022
0.016
0.01
0.008
0.005
0.003
0.0
-0.002
-0.005
-0.007
-0.009
-0.01
-0.012
-0.013
-0.015
-0.016
-0.017
-0.018
-0.019
-0.02
-0.022
-0.023
-0.024
-0.026
-0.028
-0.029
-0.031
-0.033
-0.036
-0.04
-0.043
-0.046
-0.049
-0.052
-0.053
-0.055
-0.056
-0.057
-0.058
-0.058
-0.059
-0.06
-0.062
-0.064
-0.066
-0.068
-0.069
-0.07
-0.071
-0.072
-0.072
-0.071
-0.07
-0.07
-0.07
-0.072
-0.073
-0.074
-0.074
-0.074
-0.073
-0.071
-0.069
-0.065
-0.058
-0.075
-0.101
-0.129
-0.156
-0.182
-0.209
-0.23
-0.241
-0.25
-0.253
-0.248
-0.239
-0.235
-0.233
-0.231
-0.23
-0.229
-0.228
-0.226
-0.224
-0.221
-0.219
-0.217
-0.215
-0.213
-0.211
-0.209
-0.207
-0.204
-0.201
-0.197
-0.189
-0.182
-0.178
-0.174
-0.171
-0.168
-0.165
-0.163
-0.161
-0.161
-0.162
-0.163
-0.165
-0.168
-0.173
-0.178
-0.185
-0.197
-0.204
-0.208
-0.211
-0.213
-0.216
-0.217
-0.214
-0.207
-0.199
-0.19
-0.178
-0.168
-0.159
-0.154
-0.149
-0.144
-0.141
-0.139
-0.138
-0.138
-0.138
-0.137
-0.138
-0.139
-0.14
-0.143
-0.147
-0.129
-0.098
-0.072
-0.051
-0.035
-0.025
-0.019
-0.031
-0.068
-0.12
-0.181
-0.231
-0.25
-0.253
-0.246
-0.227
-0.184
-0.132
-0.103
-0.087
-0.079
-0.074
-0.069
-0.063
-0.057
-0.05
-0.041
-0.021
0.008
0.021
0.026
0.03
0.032
0.033
0.035
0.038
0.041
0.045
0.048
0.05
0.052
0.054
0.056
0.059
0.062
0.065
0.069
0.072
0.074
0.078
0.084
0.094
0.115
0.139
0.166
0.184
0.194
0.202
0.21
0.216
0.221
0.226
0.23
0.234
0.238
0.241
0.245
0.249
0.252
0.256
0.262
0.267
0.267
0.26
0.249
0.237
0.219
0.201
0.187
0.179
0.171
0.162
0.154
0.145
0.136
0.127
0.119
0.113
0.107
0.095
0.073
0.059
0.053
0.049
0.046
0.043
0.039
0.034
0.029
0.026
0.023
0.021
0.018
0.013
0.007
0.002
0.0
0.002
0.007
0.012
0.016
0.019
0.023
0.028
0.033
0.037
0.038
0.038
0.036
0.034
0.032
0.032
0.03
0.028
0.025
0.022
0.02
0.019
0.017
0.015
0.013
0.01
0.006
0.004
0.002
0.001
-0.001
-0.004
-0.007
-0.01
-0.014
-0.018
-0.02
-0.023
-0.025
-0.027
-0.029
-0.03
-0.031
-0.032
-0.032
-0.032
-0.032
-0.033
-0.034
-0.034
-0.033
-0.033
-0.033
-0.034
-0.034
-0.035
-0.034
-0.034
-0.033
-0.032
-0.032
-0.032
-0.031
-0.031
-0.031
-0.031
-0.031
-0.032
-0.033
-0.033
-0.033
-0.033
-0.033
-0.032
-0.031
-0.031
-0.031
-0.031
-0.031
-0.032
-0.032
-0.032
-0.032
-0.032
-0.031
-0.03
-0.03
-0.029
-0.029
-0.028
-0.028
-0.028
-0.028
-0.027
-0.027
-0.027
-0.027
-0.027
-0.026
-0.025
-0.023
-0.022
-0.021
-0.02
-0.019
-0.018
-0.016
-0.014
-0.012
-0.009
-0.006
-0.003
0.0
0.004
0.009
0.015
0.021
0.027
0.032
0.036
0.041
0.045
0.049
0.053
0.056
0.059
0.06
0.06
0.059
0.056
0.052
0.047
0.041
0.037
0.031
0.023
0.015
0.01
0.006
0.002
0.0
-0.002
-0.004
-0.007
-0.009
-0.01
-0.009
-0.007
-0.004
-0.001
0.001
0.006
0.013
0.019
0.02
0.014
0.005
0.0
-0.008
-0.015
-0.018
-0.017
-0.011
-0.002
0.028
0.076
0.13
0.153
0.167
0.177
0.153
0.075
-0.03
-0.144
-0.246
-0.288
-0.281
-0.207
-0.096
0.008
0.051
0.064
0.054
0.041
0.031
0.032
0.044
0.05
0.053
0.055
0.057
0.058
0.059
0.06
0.061
0.064
0.065
0.066
0.066
0.066
0.065
0.066
0.067
0.069
0.071
0.072
0.073
0.075
0.077
0.078
0.08
0.083
0.087
0.092
0.104
0.117
0.132
0.142
0.149
0.156
0.162
0.166
0.169
0.172
0.175
0.177
0.179
0.181
0.184
0.187
0.19
0.193
0.195
0.195
0.193
0.188
0.183
0.177
0.17
0.159
0.146
0.131
0.112
0.091
0.071
0.045
0.013
-0.011
-0.026
-0.037
-0.046
-0.055
-0.062
-0.068
-0.075
-0.082
-0.088
-0.093
-0.099
-0.104
-0.106
-0.106
-0.104
-0.1
-0.097
-0.093
-0.087
-0.082
-0.081
-0.082
-0.082
-0.082
-0.083
-0.083
-0.084
-0.085
-0.085
-0.086
-0.086
-0.086
-0.086
-0.085
-0.083
-0.082
-0.08
-0.08
-0.08
-0.08
-0.08
-0.08
-0.08
-0.08
-0.081
-0.081
-0.082
-0.082
-0.081
-0.08
-0.079
-0.079
-0.079
-0.079
-0.079
-0.079
-0.08
-0.08
-0.081
-0.082
-0.083
-0.084
-0.085
-0.086
-0.087
-0.087
-0.086
-0.086
-0.086
-0.086
-0.086
-0.089
-0.092
-0.094
-0.094
-0.09
-0.084
-0.078
-0.072
-0.067
-0.061
-0.056
-0.054
-0.055
-0.059
-0.066
-0.075
-0.088
-0.107
-0.112
-0.114
-0.117
-0.119
-0.12
-0.12
-0.116
-0.109
-0.099
-0.081
-0.058
-0.05
-0.046
-0.042
-0.039
-0.037
-0.036
-0.038
-0.041
-0.044
-0.046
-0.048
-0.051
-0.055
-0.058
-0.059
-0.058
-0.055
-0.05
-0.047
-0.046
-0.045
-0.043
-0.04
-0.037
-0.035
-0.033
-0.032
-0.032
-0.032
-0.032
-0.033
-0.033
-0.035
-0.036
-0.037
-0.037
-0.037
-0.037
-0.036
-0.037
-0.037
-0.038
-0.039
-0.04
-0.041
-0.043
-0.045
-0.047
-0.048
-0.049
-0.05
-0.05
-0.051
-0.052
-0.054
-0.055
-0.057
-0.059
-0.061
-0.063
-0.066
-0.069
-0.071
-0.072
-0.073
-0.074
-0.075
-0.075
-0.076
-0.076
-0.075
-0.074
-0.074
-0.074
-0.072
-0.07
-0.067
-0.064
-0.061
-0.058
-0.055
-0.045
-0.019
0.01
0.044
0.084
0.113
0.135
0.136
0.098
0.023
-0.073
-0.176
-0.26
-0.298
-0.311
-0.295
-0.248
-0.183
-0.115
-0.049
0.014
0.057
0.073
0.073
0.058
0.037
0.017
0.008
0.001
0.0
0.005
0.018
0.031
0.045
0.052
0.055
0.058
0.061
0.064
0.067
0.069
0.068
0.065
0.061
0.056
0.052
0.047
0.042
0.04
0.043
0.05
0.058
0.064
0.069
0.073
0.078
0.083
0.089
0.094
0.1
0.105
0.112
0.121
0.131
0.144
0.156
0.165
0.173
0.18
0.185
0.189
0.19
0.189
0.186
0.181
0.174
0.165
0.15
0.12
0.097
0.081
0.065
0.049
0.034
0.027
0.025
0.022
0.02
0.018
0.018
0.017
0.017
0.017
0.018
0.018
0.018
0.019
0.02
0.021
0.023
0.024
0.024
0.026
0.029
0.031
0.023
0.008
0.0
-0.004
-0.009
-0.014
-0.017
-0.021
-0.025
-0.028
-0.031
-0.033
-0.034
-0.035
-0.035
-0.034
-0.034
-0.034
-0.036
-0.039
-0.042
-0.045
-0.046
-0.046
-0.046
-0.047
-0.047
-0.045
-0.043
-0.044
-0.052
-0.062
-0.066
-0.069
-0.071
-0.074
-0.077
-0.079
-0.081
-0.083
-0.083
-0.083
-0.084
-0.085
-0.086
-0.087
-0.087
-0.088
-0.088
-0.089
-0.09
-0.091
-0.092
-0.093
-0.094
-0.095
-0.096
-0.097
-0.098
-0.102
-0.106
-0.11
-0.112
-0.111
-0.107
-0.101
-0.093
-0.083
-0.067
-0.056
-0.048
-0.042
-0.038
-0.034
-0.034
-0.037
-0.043
-0.049
-0.055
-0.059
-0.065
-0.07
-0.076
-0.079
-0.079
-0.074
-0.067
-0.058
-0.051
-0.046
-0.039
-0.031
-0.024
-0.018
-0.015
-0.015
-0.017
-0.019
-0.021
-0.023
-0.026
-0.031
-0.035
-0.031
-0.024
-0.017
-0.011
-0.004
0.003
0.011
0.021
0.034
0.034
0.019
0.008
0.0
-0.008
-0.016
-0.024
-0.031
-0.036
-0.041
-0.046
-0.051
-0.054
-0.057
-0.059
-0.06
-0.062
-0.063
-0.063
-0.064
-0.064
-0.064
-0.065
-0.066
-0.068
-0.069
-0.071
-0.074
-0.077
-0.08
-0.083
-0.086
-0.089
-0.092
-0.097
-0.105
-0.113
-0.119
-0.12
-0.118
-0.115
-0.11
-0.092
-0.052
-0.014
0.024
0.07
0.089
0.104
0.1
0.057
-0.013
-0.097
-0.186
-0.258
-0.286
-0.295
-0.277
-0.219
-0.15
-0.106
-0.08
-0.055
-0.031
-0.008
0.012
0.028
0.041
0.055
0.062
0.065
0.069
0.071
0.074
0.076
0.078
0.08
0.083
0.085
0.088
0.091
0.094
0.096
0.099
0.102
0.105
0.109
0.113
0.117
0.123
0.131
0.146
0.172
0.194
0.218
0.237
0.251
0.266
0.277
0.284
0.291
0.297
0.303
0.309
0.317
0.33
0.346
0.356
0.363
0.369
0.372
0.374
0.372
0.368
0.362
0.354
0.344
0.326
0.308
0.29
0.271
0.254
0.239
0.225
0.214
0.204
0.188
0.164
0.141
0.124
0.109
0.096
0.085
0.074
0.064
0.056
0.05
0.043
0.036
0.029
0.021
0.016
0.01
0.004
0.0
-0.003
-0.004
-0.003
-0.001
0.001
0.003
0.005
0.01
0.015
0.014
0.006
-0.003
-0.008
-0.011
-0.014
-0.018
-0.02
-0.023
-0.025
-0.026
-0.027
-0.027
-0.027
-0.026
-0.026
-0.025
-0.024
-0.023
-0.021
-0.019
-0.016
-0.014
-0.014
-0.015
-0.017
-0.019
-0.021
-0.023
-0.025
-0.028
-0.031
-0.033
-0.035
-0.036
-0.038
-0.04
-0.042
-0.043
-0.043
-0.044
-0.045
-0.048
-0.052
-0.056
-0.057
-0.056
-0.052
-0.047
-0.044
-0.043
-0.041
-0.039
-0.037
-0.036
-0.035
-0.034
-0.033
-0.032
-0.031
-0.03
-0.029
-0.029
-0.029
-0.03
-0.03
-0.031
-0.032
-0.032
-0.031
-0.03
-0.028
-0.027
-0.026
-0.024
-0.023
-0.022
-0.02
-0.019
-0.018
-0.017
-0.016
-0.012
-0.009
-0.006
-0.005
-0.006
-0.009
-0.013
-0.017
-0.021
-0.029
-0.036
-0.036
-0.029
-0.017
-0.002
0.015
0.023
0.029
0.034
0.038
0.041
0.037
0.027
0.016
0.007
-0.002
-0.011
-0.019
-0.026
-0.032
-0.038
-0.043
-0.048
-0.054
-0.059
-0.063
-0.068
-0.071
-0.073
-0.074
-0.075
-0.076
-0.079
-0.081
-0.083
-0.085
-0.087
-0.088
-0.089
-0.09
-0.09
-0.091
-0.091
-0.092
-0.094
-0.098
-0.102
-0.101
-0.095
-0.084
-0.067
-0.044
-0.014
0.029
0.045
0.046
0.039
0.017
-0.032
-0.097
-0.172
-0.246
-0.306
-0.327
-0.316
-0.286
-0.232
-0.166
-0.097
-0.042
-0.013
0.001
0.01
0.015
0.018
0.018
0.015
0.01
0.005
0.0
-0.006
-0.011
-0.016
-0.02
-0.024
-0.029
-0.036
-0.035
-0.02
-0.005
0.009
0.023
0.037
0.046
0.052
0.058
0.064
0.07
0.076
0.081
0.085
0.089
0.092
0.097
0.101
0.105
0.108
0.11
0.112
0.117
0.127
0.145
0.175
0.207
0.216
0.222
0.226
0.226
0.223
0.217
0.211
0.206
0.201
0.197
0.192
0.186
0.179
0.172
0.164
0.154
0.133
0.099
0.069
0.038
0.023
0.016
0.011
0.007
0.002
-0.002
-0.009
-0.015
-0.02
-0.025
-0.03
-0.034
-0.04
-0.047
-0.053
-0.057
-0.058
-0.058
-0.057
-0.056
-0.055
-0.053
-0.051
-0.048
-0.044
-0.042
-0.044
-0.048
