0.006
0.011
0.016
0.021
0.026
0.032
0.039
0.047
0.057
0.068
0.077
0.084
0.092
0.099
0.108
0.118
0.127
0.137
0.146
0.155
0.165
0.176
0.181
0.184
0.186
0.188
0.189
0.189
0.188
0.186
0.183
0.178
0.172
0.161
0.136
0.109
0.084
0.066
0.054
0.054
0.068
0.104
0.163
0.23
0.288
0.33
0.345
0.346
0.335
0.303
0.237
0.145
0.038
-0.064
-0.14
-0.166
-0.175
-0.166
-0.159
-0.156
-0.153
-0.15
-0.146
-0.142
-0.137
-0.129
-0.114
-0.087
-0.06
-0.043
-0.039
-0.037
-0.035
-0.034
-0.033
-0.032
-0.031
-0.031
-0.032
-0.035
-0.038
-0.041
-0.046
-0.051
-0.057
-0.066
-0.074
-0.078
-0.082
-0.088
-0.094
-0.088
-0.066
-0.031
0.005
0.023
0.035
0.042
0.048
0.052
0.058
0.065
0.052
0.015
-0.026
-0.048
-0.06
-0.067
-0.071
-0.072
-0.07
-0.066
-0.06
-0.049
-0.029
-0.013
-0.003
0.001
0.004
0.006
0.009
0.006
-0.008
-0.022
-0.035
-0.045
-0.052
-0.06
-0.067
-0.07
-0.071
-0.073
-0.075
-0.074
-0.069
-0.065
-0.062
-0.059
-0.056
-0.054
-0.052
-0.051
-0.049
-0.048
-0.047
-0.046
-0.044
-0.043
-0.041
-0.039
-0.037
-0.035
-0.032
-0.025
-0.011
0.0
0.006
0.01
0.012
0.014
0.015
0.016
0.017
0.017
0.016
0.013
0.01
0.006
0.003
0.0
-0.002
-0.006
-0.009
-0.012
-0.015
-0.018
-0.02
-0.021
-0.023
-0.024
-0.026
-0.028
-0.032
-0.035
-0.037
-0.035
-0.031
-0.026
-0.016
-0.005
-0.001
0.0
0.002
0.002
0.001
-0.003
-0.009
-0.018
-0.029
-0.031
-0.033
-0.035
-0.029
-0.012
0.016
0.066
0.141
0.243
0.37
0.513
0.663
0.805
0.91
0.95
0.904
0.764
0.548
0.299
0.07
-0.093
-0.15
-0.152
-0.106
-0.049
-0.016
-0.005
-0.012
-0.025
-0.034
-0.036
-0.037
-0.038
-0.038
-0.038
-0.038
-0.036
-0.035
-0.032
-0.03
-0.028
-0.026
-0.022
-0.019
-0.016
-0.013
-0.011
-0.007
-0.002
0.004
0.011
0.018
0.024
0.029
0.033
0.038
0.041
0.044
0.049
0.054
0.06
0.066
0.076
0.092
0.106
0.116
0.124
0.131
0.139
0.149
0.163
0.178
0.194
0.208
0.221
0.231
0.236
0.239
0.24
0.238
0.231
0.224
0.215
0.205
0.191
0.173
0.154
0.137
0.121
0.104
0.087
0.068
0.047
0.03
0.014
0.001
-0.009
-0.022
-0.033
-0.042
-0.048
-0.052
-0.056
-0.059
-0.06
-0.058
-0.055
-0.052
-0.051
-0.049
-0.048
-0.047
-0.045
-0.043
-0.042
-0.04
-0.038
-0.037
-0.035
-0.033
-0.03
-0.022
-0.011
-0.006
-0.003
-0.001
-0.004
-0.011
-0.016
-0.021
-0.025
-0.027
-0.028
-0.029
-0.029
-0.03
-0.03
-0.031
-0.032
-0.033
-0.033
-0.034
-0.034
-0.035
-0.035
-0.036
-0.036
-0.037
-0.037
-0.038
-0.039
-0.041
-0.042
-0.043
-0.043
-0.044
-0.044
-0.045
-0.046
-0.048
-0.049
-0.05
-0.051
-0.051
-0.052
-0.052
-0.052
-0.052
-0.051
-0.049
-0.048
-0.047
-0.044
-0.044
-0.047
-0.048
-0.05
-0.051
-0.053
-0.054
-0.054
-0.053
-0.052
-0.051
-0.05
-0.049
-0.048
-0.046
-0.045
-0.044
-0.043
-0.042
-0.041
-0.04
-0.038
-0.037
-0.035
-0.034
-0.032
-0.029
-0.024
-0.02
-0.016
-0.012
-0.005
0.003
0.01
0.014
0.018
0.02
0.02
0.018
0.013
0.0
-0.02
-0.043
-0.057
-0.069
-0.078
-0.089
-0.104
-0.112
-0.115
-0.116
-0.109
-0.104
-0.1
-0.098
-0.096
-0.094
-0.093
-0.092
-0.089
-0.085
-0.091
-0.096
-0.1
-0.102
-0.104
-0.105
-0.104
-0.101
-0.098
-0.095
-0.092
-0.087
-0.082
-0.078
-0.073
-0.059
-0.025
0.033
0.118
0.231
0.364
0.508
0.646
0.759
0.818
0.817
0.753
0.599
0.392
0.173
-0.013
-0.127
-0.151
-0.103
-0.025
0.042
0.067
0.075
0.08
0.082
0.082
0.08
0.075
0.07
0.059
0.045
0.039
0.034
0.032
0.034
0.04
0.048
0.061
0.069
0.073
0.076
0.076
0.074
0.07
0.068
0.065
0.063
0.06
0.059
0.057
0.054
0.05
0.058
0.071
0.084
0.094
0.102
0.109
0.119
0.133
0.15
0.164
0.174
0.181
0.19
0.2
0.214
0.23
0.243
0.25
0.254
0.256
0.258
0.258
0.256
0.252
0.247
0.239
0.222
0.201
0.185
0.163
0.142
0.119
0.096
0.072
0.048
0.035
0.023
0.01
-0.001
-0.015
-0.029
-0.046
-0.061
-0.071
-0.08
-0.089
-0.097
-0.107
-0.118
-0.128
-0.134
-0.138
-0.141
-0.144
-0.145
-0.145
-0.142
-0.138
-0.132
-0.127
-0.12
-0.113
-0.108
-0.104
-0.101
-0.099
-0.098
-0.096
-0.094
-0.092
-0.09
-0.088
-0.086
-0.083
-0.08
-0.078
-0.075
-0.073
-0.071
-0.068
-0.065
-0.062
-0.059
-0.056
-0.055
-0.054
-0.052
-0.051
-0.049
-0.048
-0.047
-0.045
-0.04
-0.042
-0.052
-0.057
-0.061
-0.064
-0.067
-0.069
-0.07
-0.071
-0.071
-0.072
-0.072
-0.072
-0.072
-0.072
-0.072
-0.071
-0.071
-0.07
-0.069
-0.068
-0.067
-0.065
-0.064
-0.062
-0.061
-0.059
-0.056
-0.052
-0.048
-0.043
-0.037
-0.032
-0.032
-0.036
-0.04
-0.042
-0.045
-0.048
-0.049
-0.047
-0.042
-0.037
-0.033
-0.03
-0.027
-0.024
-0.022
-0.02
-0.017
-0.015
-0.013
-0.011
-0.008
-0.004
-0.001
-0.001
-0.005
-0.009
-0.012
-0.014
-0.016
-0.018
-0.02
-0.022
-0.024
-0.026
-0.027
-0.029
-0.03
-0.031
-0.032
-0.033
-0.033
-0.034
-0.035
-0.036
-0.036
-0.036
-0.037
-0.037
-0.038
-0.039
-0.039
-0.038
-0.038
-0.036
-0.035
-0.034
-0.033
-0.032
-0.03
-0.027
-0.024
-0.011
0.024
0.083
0.166
0.272
0.395
0.524
0.642
0.729
0.749
0.736
0.65
0.496
0.3
0.106
-0.045
-0.122
-0.135
-0.12
-0.083
-0.069
-0.064
-0.061
-0.055
-0.045
-0.032
-0.019
-0.018
-0.016
-0.014
-0.019
-0.023
-0.026
-0.029
-0.03
-0.028
-0.023
-0.017
-0.008
0.002
0.011
0.017
0.022
0.026
0.031
0.036
0.043
0.054
0.073
0.088
0.098
0.105
0.111
0.12
0.133
0.142
0.148
0.149
0.145
0.138
0.139
0.16
0.185
0.191
0.196
0.201
0.206
0.21
0.214
0.221
0.225
0.223
0.22
0.217
0.216
0.213
0.21
0.206
0.2
0.193
0.183
0.173
0.16
0.145
0.121
0.095
0.067
0.048
0.026
0.007
-0.01
-0.029
-0.038
-0.042
-0.045
-0.048
-0.05
-0.052
-0.054
-0.056
-0.058
-0.06
-0.063
-0.065
-0.066
-0.068
-0.069
-0.071
-0.074
-0.076
-0.078
-0.078
-0.077
-0.075
-0.072
-0.069
-0.067
-0.065
-0.063
-0.061
-0.06
-0.058
-0.057
-0.056
-0.054
-0.053
-0.052
-0.051
-0.051
-0.051
-0.05
-0.049
-0.048
-0.047
-0.046
-0.045
-0.044
-0.043
-0.042
-0.04
-0.039
-0.038
-0.037
-0.036
-0.035
-0.034
-0.033
-0.031
-0.03
-0.029
-0.028
-0.027
-0.026
-0.025
-0.026
-0.027
-0.028
-0.03
-0.031
-0.033
-0.034
-0.035
-0.036
-0.037
-0.038
-0.039
-0.04
-0.04
-0.041
-0.043
-0.045
-0.047
-0.048
-0.049
-0.048
-0.045
-0.041
-0.036
-0.032
-0.029
-0.026
-0.023
-0.019
-0.016
-0.013
-0.011
-0.008
-0.006
-0.005
-0.003
-0.003
-0.002
-0.001
0.0
0.002
0.008
0.014
0.014
0.009
0.002
-0.002
-0.006
-0.009
-0.012
-0.015
-0.018
-0.022
-0.025
-0.029
-0.032
-0.035
-0.038
-0.041
-0.048
-0.054
-0.057
-0.054
-0.048
-0.04
-0.034
-0.025
-0.019
-0.019
-0.025
-0.032
-0.036
-0.04
-0.045
-0.048
-0.049
-0.048
-0.045
-0.04
-0.035
-0.029
-0.021
-0.012
-0.004
0.02
0.053
0.103
0.177
0.275
0.394
0.524
0.649
0.751
0.801
0.798
0.735
0.587
0.388
0.179
0.0
-0.118
-0.151
-0.148
-0.119
-0.095
-0.079
-0.069
-0.06
-0.051
-0.035
-0.016
-0.007
-0.001
0.002
0.004
0.004
0.002
0.0
-0.004
-0.007
-0.011
-0.015
-0.017
-0.015
-0.01
-0.002
0.006
0.02
0.029
0.034
0.038
0.042
0.046
0.052
0.058
0.065
0.071
0.078
0.085
0.092
0.099
0.106
0.116
0.128
0.137
0.145
0.157
0.175
0.195
0.217
0.23
0.237
0.242
0.246
0.247
0.247
0.245
0.242
0.236
0.23
0.222
0.206
0.192
0.178
0.164
0.153
0.138
0.119
0.1
0.08
0.057
0.035
0.02
0.01
0.0
-0.012
-0.018
-0.023
-0.028
-0.032
-0.035
-0.038
-0.04
-0.042
-0.043
-0.044
-0.045
-0.046
-0.046
-0.046
-0.046
-0.046
-0.047
-0.047
-0.048
-0.048
-0.049
-0.049
-0.05
-0.051
-0.052
-0.053
-0.054
-0.055
-0.055
-0.056
-0.056
-0.057
-0.057
-0.058
-0.059
-0.06
-0.061
-0.063
-0.066
-0.068
-0.068
-0.065
-0.061
-0.057
-0.055
-0.053
-0.051
-0.05
-0.049
-0.048
-0.047
-0.045
-0.044
-0.043
-0.042
-0.042
-0.041
-0.04
-0.04
-0.04
-0.04
-0.041
-0.041
-0.042
-0.042
-0.041
-0.04
-0.038
-0.035
-0.032
-0.031
-0.031
-0.033
-0.035
-0.038
-0.04
-0.042
-0.045
-0.047
-0.05
-0.052
-0.054
-0.056
-0.057
-0.058
-0.06
-0.061
-0.062
-0.064
-0.065
-0.067
-0.067
-0.066
-0.063
-0.057
-0.051
-0.045
-0.04
-0.034
-0.028
-0.022
-0.017
-0.014
-0.012
-0.011
-0.01
-0.01
-0.009
-0.009
-0.009
-0.009
-0.009
-0.008
-0.008
-0.008
-0.011
-0.015
-0.019
-0.022
-0.024
-0.025
-0.027
-0.029
-0.031
-0.033
-0.034
-0.036
-0.037
-0.038
-0.039
-0.039
-0.039
-0.04
-0.04
-0.041
-0.043
-0.043
-0.043
-0.043
-0.043
-0.042
-0.042
-0.041
-0.04
-0.038
-0.036
-0.033
-0.03
-0.013
0.043
0.127
0.238
0.368
0.507
0.64
0.748
0.814
0.82
0.779
0.645
0.446
0.226
0.027
-0.109
-0.146
-0.142
-0.087
-0.033
-0.014
-0.014
-0.026
-0.037
-0.046
-0.055
-0.064
-0.07
-0.074
-0.079
-0.082
-0.081
-0.077
-0.07
-0.062
-0.055
-0.048
-0.041
-0.035
-0.03
-0.027
-0.023
-0.019
-0.014
-0.008
-0.001
0.006
0.013
0.019
0.024
0.028
0.033
0.037
0.041
0.045
0.05
0.058
0.067
0.077
0.088
0.1
0.115
0.131
0.148
0.164
0.182
0.192
0.197
0.202
0.206
0.21
0.211
0.212
0.211
0.21
0.208
0.204
0.2
0.194
0.182
0.157
0.13
0.103
0.074
0.049
0.032
0.021
0.011
0.0
-0.008
-0.018
-0.029
-0.044
-0.051
-0.056
-0.059
-0.062
-0.064
-0.066
-0.068
-0.07
-0.072
-0.074
-0.075
-0.076
-0.077
-0.079
-0.08
-0.081
-0.082
-0.082
-0.083
-0.085
-0.088
-0.089
-0.089
-0.084
-0.078
-0.072
-0.067
-0.065
-0.063
-0.06
-0.056
-0.053
-0.05
-0.048
-0.046
-0.043
-0.041
-0.038
-0.037
-0.036
-0.036
-0.037
-0.038
-0.038
-0.039
-0.039
-0.039
-0.04
-0.04
-0.04
-0.04
-0.039
-0.038
-0.038
-0.038
-0.04
-0.041
-0.042
-0.041
-0.039
-0.036
-0.036
-0.036
-0.036
-0.035
-0.034
-0.032
-0.03
-0.028
-0.027
-0.025
-0.024
-0.024
-0.023
-0.022
-0.021
-0.021
-0.021
-0.02
-0.018
-0.015
-0.012
-0.01
-0.009
-0.011
-0.013
-0.016
-0.018
-0.021
-0.023
-0.027
-0.03
-0.033
-0.035
-0.035
-0.036
-0.036
-0.034
-0.032
-0.028
-0.023
-0.018
-0.013
-0.008
-0.005
-0.001
0.002
0.006
0.009
0.011
0.01
0.007
0.004
0.0
-0.002
-0.004
-0.006
-0.007
-0.008
-0.01
-0.012
-0.013
-0.015
-0.017
-0.018
-0.02
-0.021
-0.022
-0.022
-0.023
-0.022
-0.021
-0.019
-0.017
-0.016
-0.014
-0.013
-0.013
-0.013
-0.013
-0.014
-0.014
-0.013
-0.013
-0.012
-0.011
-0.01
-0.009
-0.007
-0.004
0.0
0.006
0.015
0.048
0.107
0.187
0.284
0.396
0.517
0.638
0.747
0.822
0.829
0.792
0.656
0.461
0.246
0.059
-0.066
-0.106
-0.104
-0.074
-0.05
-0.041
-0.039
-0.037
-0.035
-0.033
-0.032
-0.03
-0.029
-0.028
-0.026
-0.025
-0.025
-0.025
-0.024
-0.023
-0.022
-0.02
-0.019
-0.019
-0.018
-0.017
-0.015
-0.013
-0.01
-0.008
-0.005
-0.002
0.003
0.02
0.04
0.053
0.061
0.068
0.073
0.077
0.081
0.084
0.088
0.093
0.099
0.107
0.116
0.131
0.153
0.175
0.194
0.203
0.208
0.211
0.214
0.215
0.213
0.208
0.202
0.196
0.189
0.182
0.174
0.166
0.16
0.152
0.141
0.125
0.11
0.089
0.064
0.04
0.015
-0.006
-0.021
-0.038
-0.046
-0.05
-0.054
-0.057
-0.06
-0.062
-0.064
-0.066
-0.067
-0.068
-0.069
-0.069
-0.07
-0.07
-0.07
-0.071
-0.072
-0.073
-0.075
-0.076
-0.073
-0.068
-0.063
-0.06
-0.058
-0.056
-0.054
-0.052
-0.05
-0.049
-0.047
-0.047
-0.046
-0.045
-0.045
-0.044
-0.044
-0.043
-0.042
-0.041
-0.039
-0.038
-0.037
-0.035
-0.034
-0.033
-0.031
-0.031
-0.03
-0.03
-0.03
-0.029
-0.028
-0.025
-0.023
-0.022
-0.02
-0.019
-0.018
-0.018
-0.018
-0.019
-0.02
-0.021
-0.022
-0.023
-0.023
-0.023
-0.023
-0.023
-0.024
-0.024
-0.025
-0.027
-0.029
-0.028
-0.024
-0.019
-0.017
-0.015
-0.014
-0.013
-0.011
-0.01
-0.009
-0.008
-0.008
-0.007
-0.007
-0.006
-0.006
-0.006
-0.007
-0.008
-0.008
-0.009
-0.009
-0.009
-0.01
-0.011
-0.011
-0.011
-0.01
-0.009
-0.008
-0.007
-0.006
-0.004
-0.001
0.002
0.005
0.009
0.011
0.013
0.015
0.018
0.022
0.025
0.028
0.031
0.034
0.036
0.038
0.038
0.037
0.035
0.032
0.03
0.027
0.024
0.021
0.019
0.016
0.013
0.009
0.005
0.0
-0.003
-0.007
-0.01
-0.012
-0.014
-0.016
-0.018
-0.019
-0.02
-0.021
-0.022
-0.023
-0.025
-0.026
-0.027
-0.027
-0.027
-0.027
-0.027
-0.026
-0.024
-0.022
-0.019
-0.015
-0.01
0.009
0.047
0.104
0.188
0.299
0.436
0.588
0.738
0.86
0.921
0.918
0.839
0.655
0.413
0.165
-0.036
-0.147
-0.165
-0.146
-0.086
-0.049
-0.039
-0.033
-0.029
-0.028
-0.028
-0.031
-0.035
-0.039
-0.042
-0.045
-0.048
-0.052
-0.056
-0.06
-0.062
-0.062
-0.06
-0.057
-0.052
-0.047
-0.04
-0.032
-0.018
-0.005
0.004
0.012
0.018
0.024
0.028
0.032
0.035
0.038
0.039
0.041
0.042
0.043
0.045
0.047
0.049
0.05
0.052
0.054
0.057
0.062
0.067
0.074
0.089
0.102
0.113
0.122
0.132
0.142
0.148
0.153
0.158
0.162
0.164
0.164
0.163
0.16
0.155
0.149
0.138
0.115
0.088
0.065
0.053
0.046
0.039
0.03
0.021
0.012
0.004
-0.002
-0.008
-0.012
-0.017
-0.026
-0.043
-0.053
-0.058
-0.062
-0.064
-0.064
-0.065
-0.065
-0.067
-0.07
-0.069
-0.06
-0.054
-0.05
-0.046
-0.044
-0.042
-0.042
-0.044
-0.046
-0.048
-0.05
-0.052
-0.055
-0.059
-0.061
-0.061
-0.058
-0.052
-0.047
-0.043
-0.039
-0.036
-0.032
-0.029
-0.028
-0.028
-0.03
-0.032
-0.035
-0.038
-0.04
-0.042
-0.045
-0.047
-0.049
-0.05
-0.051
-0.05
-0.048
-0.047
-0.045
-0.043
-0.04
-0.038
-0.033
-0.029
-0.026
-0.024
-0.024
-0.024
-0.024
-0.024
-0.024
-0.024
-0.025
-0.026
-0.026
-0.027
-0.027
-0.028
-0.028
-0.029
-0.03
-0.031
-0.031
-0.033
-0.035
-0.037
-0.037
-0.035
-0.033
-0.032
-0.031
-0.03
-0.028
-0.027
-0.025
-0.024
-0.022
-0.02
-0.019
-0.018
-0.018
-0.018
-0.019
-0.018
-0.017
-0.016
-0.015
-0.014
-0.012
-0.011
-0.009
-0.007
-0.005
-0.003
-0.001
0.001
0.008
0.018
0.024
0.028
0.03
0.032
0.034
0.037
0.039
0.041
0.042
0.043
0.045
0.049
0.049
0.04
0.027
0.012
-0.002
-0.018
-0.029
-0.034
-0.038
-0.04
-0.042
-0.043
-0.044
-0.044
-0.044
-0.044
-0.045
-0.045
-0.046
-0.047
-0.047
-0.047
-0.046
-0.044
-0.043
-0.041
-0.038
-0.034
-0.033
-0.037
-0.04
-0.043
-0.046
-0.046
-0.043
-0.036
-0.016
0.017
0.071
0.148
0.246
0.363
0.498
0.641
0.778
0.883
0.931
0.901
0.781
0.582
0.344
0.114
-0.066
-0.158
-0.173
-0.152
-0.094
-0.041
-0.01
0.0
-0.006
-0.023
-0.053
-0.085
-0.114
-0.125
-0.128
-0.132
-0.133
-0.128
-0.118
-0.111
-0.106
-0.1
-0.096
-0.092
-0.089
-0.085
-0.08
-0.073
-0.066
-0.06
-0.054
-0.05
-0.045
-0.041
-0.036
-0.031
-0.025
-0.019
-0.012
-0.004
0.004
0.014
0.024
0.034
0.042
0.053
0.067
0.081
0.094
0.108
0.121
0.134
0.147
0.16
0.174
0.186
0.195
0.203
0.209
0.212
0.216
0.219
0.221
0.224
0.227
0.23
0.233
0.232
0.229
0.222
0.201
0.177
0.143
0.107
0.079
0.053
0.026
0.004
-0.001
-0.005
-0.007
-0.009
-0.01
-0.012
-0.014
-0.016
-0.018
-0.019
-0.021
-0.023
-0.025
-0.03
-0.036
-0.042
-0.048
-0.055
-0.064
-0.064
-0.055
-0.049
-0.044
-0.039
-0.035
-0.033
-0.034
-0.036
-0.039
-0.041
-0.044
-0.049
-0.05
-0.045
-0.042
-0.04
-0.037
-0.035
-0.035
-0.037
-0.04
-0.043
-0.045
-0.049
-0.051
-0.046
-0.037
-0.032
-0.027
-0.022
-0.018
-0.017
-0.019
-0.022
-0.026
-0.029
-0.031
-0.035
-0.038
-0.041
-0.043
-0.043
-0.041
-0.038
-0.035
-0.033
-0.031
-0.028
-0.025
-0.022
-0.02
-0.019
-0.021
-0.022
-0.024
-0.025
-0.026
-0.029
-0.032
-0.034
-0.036
-0.037
-0.037
-0.036
-0.036
-0.036
-0.036
-0.035
-0.034
-0.033
-0.033
-0.032
-0.031
-0.031
-0.03
-0.03
-0.03
-0.03
-0.031
-0.032
-0.033
-0.034
-0.034
-0.033
-0.032
-0.031
-0.03
-0.028
-0.026
-0.025
-0.023
-0.021
-0.019
-0.018
-0.016
-0.015
-0.013
-0.009
-0.004
0.0
0.002
0.001
-0.001
-0.005
-0.008
-0.01
-0.013
-0.015
-0.018
-0.021
-0.024
-0.026
-0.028
-0.029
-0.03
-0.031
-0.032
-0.033
-0.034
-0.035
-0.036
-0.038
-0.039
-0.04
-0.041
-0.041
-0.04
-0.039
-0.037
-0.035
-0.032
-0.028
-0.025
-0.021
-0.017
-0.013
-0.01
-0.007
-0.005
-0.004
-0.002
0.001
0.013
0.048
0.109
0.197
0.308
0.435
0.567
0.694
0.797
0.843
0.838
0.763
0.601
0.387
0.16
-0.027
-0.146
-0.167
-0.161
-0.108
-0.059
-0.044
-0.041
-0.039
-0.038
-0.037
-0.033
-0.028
-0.023
-0.019
-0.017
-0.014
-0.012
-0.01
-0.008
-0.007
-0.004
-0.002
-0.001
0.0
0.001
0.002
0.002
0.003
0.004
0.006
0.008
0.011
0.015
0.018
0.022
0.026
0.03
0.035
0.043
0.056
0.068
0.08
0.092
0.103
0.117
0.134
0.148
0.158
0.168
0.175
0.182
0.189
0.198
0.208
0.22
0.226
0.23
0.234
0.236
0.237
0.236
0.232
0.226
0.216
0.2
0.175
0.145
0.124
0.105
0.091
0.078
0.062
0.04
0.024
0.015
0.008
0.004
0.0
-0.007
-0.021
-0.029
-0.032
-0.035
-0.038
-0.04
-0.041
-0.042
-0.042
-0.042
-0.041
-0.04
-0.039
-0.037
-0.034
-0.032
-0.03
-0.028
-0.026
-0.024
-0.019
-0.013
-0.009
-0.009
-0.01
-0.012
-0.014
-0.015
-0.016
-0.017
-0.018
-0.019
-0.02
-0.018
-0.014
-0.009
-0.003
0.003
0.014
0.019
0.014
0.004
-0.005
-0.015
-0.023
-0.03
-0.042
-0.061
-0.073
-0.079
-0.084
-0.088
-0.091
-0.092
-0.092
-0.091
-0.09
-0.088
-0.087
-0.086
-0.084
-0.082
-0.079
-0.076
-0.072
-0.067
-0.063
-0.061
-0.06
-0.058
-0.057
-0.056
-0.055
-0.053
-0.052
-0.051
-0.05
-0.049
-0.048
-0.047
-0.046
-0.045
-0.045
-0.044
-0.043
-0.042
-0.041
-0.04
-0.039
-0.038
-0.037
-0.036
-0.035
-0.035
-0.034
-0.032
-0.031
-0.029
-0.028
-0.026
-0.025
-0.022
-0.019
-0.015
-0.012
-0.009
-0.007
-0.006
-0.006
-0.005
-0.004
-0.003
-0.003
-0.002
-0.002
-0.001
0.0
0.0
0.0
-0.002
-0.006
-0.01
-0.015
-0.019
-0.021
-0.024
-0.026
-0.028
-0.03
-0.032
-0.033
-0.034
-0.036
-0.037
-0.038
-0.039
-0.039
-0.039
-0.039
-0.04
-0.041
-0.041
-0.041
-0.04
-0.04
-0.039
-0.038
-0.037
-0.036
-0.034
-0.033
-0.031
-0.028
-0.026
-0.01
0.032
0.1
0.196
0.314
0.442
0.565
0.665
0.717
0.719
0.675
0.549
0.366
0.161
-0.028
-0.163
-0.208
-0.206
-0.153
-0.088
-0.05
-0.037
-0.038
-0.051
-0.059
-0.065
-0.07
-0.074
-0.074
-0.072
-0.068
-0.062
-0.057
-0.055
-0.053
-0.051
-0.049
-0.046
-0.043
-0.04
-0.038
-0.035
-0.034
-0.032
-0.03
-0.029
-0.028
-0.027
-0.025
-0.023
-0.018
-0.013
-0.007
-0.001
0.006
0.018
0.034
0.049
0.062
0.073
0.084
0.096
0.114
0.138
0.155
0.164
0.171
0.176
0.179
0.182
0.185
0.187
0.189
0.19
0.191
0.19
0.188
0.184
0.179
0.172
0.158
0.133
0.109
0.086
0.063
0.04
0.023
0.012
0.002
-0.007
-0.015
-0.021
-0.026
-0.031
-0.037
-0.042
-0.047
-0.049
-0.051
-0.053
-0.055
-0.056
-0.058
-0.058
-0.059
-0.059
-0.06
-0.061
-0.062
-0.063
-0.063
-0.062
-0.062
-0.062
-0.061
-0.06
-0.059
-0.057
-0.055
-0.053
-0.051
-0.049
-0.047
-0.046
-0.044
-0.042
-0.041
-0.04
-0.039
-0.038
-0.037
-0.035
-0.034
-0.033
-0.033
-0.032
-0.032
-0.031
-0.03
-0.03
-0.029
-0.028
-0.027
-0.026
-0.025
-0.025
-0.024
-0.024
-0.023
-0.023
-0.024
-0.024
-0.024
-0.024
-0.023
-0.022
-0.022
-0.021
-0.02
-0.019
-0.019
-0.019
-0.02
-0.02
-0.02
-0.02
-0.021
-0.021
-0.02
-0.02
-0.02
-0.019
-0.019
-0.019
-0.019
-0.019
-0.02
-0.02
-0.02
-0.019
-0.019
-0.018
-0.017
-0.016
-0.015
-0.014
-0.013
-0.013
-0.012
-0.011
-0.01
-0.008
-0.006
-0.005
-0.002
0.0
0.002
0.005
0.009
0.013
0.02
0.026
0.028
0.028
0.028
0.029
0.03
0.031
0.025
0.014
0.008
0.004
0.001
-0.001
-0.005
-0.008
-0.011
-0.014
-0.017
-0.019
-0.02
-0.021
-0.021
-0.021
-0.021
-0.021
-0.023
-0.026
-0.03
-0.032
-0.031
-0.028
-0.025
-0.022
-0.018
-0.014
-0.012
-0.012
-0.014
-0.017
-0.021
-0.025
-0.032
-0.036
-0.031
-0.019
0.016
0.068
0.14
0.234
0.348
0.476
0.603
0.708
0.765
0.769
0.724
0.604
0.435
0.246
0.07
-0.058
-0.114
-0.12
-0.09
-0.046
-0.03
-0.031
-0.047
-0.061
-0.074
-0.08
-0.073
-0.059
-0.048
-0.037
-0.029
-0.026
-0.025
-0.024
-0.023
-0.022
-0.021
-0.019
-0.017
-0.015
-0.013
-0.011
-0.009
-0.006
-0.002
0.003
0.013
0.019
0.024
0.028
0.031
0.034
0.039
0.043
0.049
0.055
0.064
0.078
0.092
0.105
0.118
0.133
0.143
0.149
0.155
0.16
0.166
0.172
0.177
0.183
0.192
0.205
0.213
0.219
0.224
0.229
0.232
0.226
0.213
0.193
0.165
0.139
0.114
0.088
0.064
0.047
0.036
0.024
0.013
0.003
-0.006
-0.014
-0.021
-0.029
-0.04
-0.053
-0.061
-0.066
-0.071
-0.074
-0.076
-0.077
-0.077
-0.076
-0.074
-0.073
-0.071
-0.069
-0.066
-0.065
-0.066
-0.068
-0.071
-0.076
-0.076
-0.069
-0.066
-0.065
-0.063
-0.062
-0.061
-0.059
-0.058
-0.056
-0.054
-0.053
-0.053
-0.053
-0.053
-0.054
-0.055
-0.056
-0.056
-0.056
-0.056
-0.055
-0.055
-0.053
-0.051
-0.049
-0.047
-0.046
-0.044
-0.044
-0.043
-0.042
-0.041
-0.04
-0.038
-0.037
-0.036
-0.035
-0.034
-0.033
-0.032
-0.032
-0.033
-0.034
-0.036
-0.037
-0.038
-0.039
-0.041
-0.042
-0.043
-0.044
-0.043
-0.041
-0.038
-0.036
-0.035
-0.034
-0.033
-0.032
-0.031
-0.03
-0.03
-0.03
-0.03
-0.029
-0.027
-0.026
-0.025
-0.023
-0.022
-0.021
-0.019
-0.017
-0.014
-0.012
-0.009
-0.006
-0.002
0.001
0.005
0.009
0.012
0.015
0.018
0.021
0.024
0.026
0.027
0.029
0.031
0.032
0.033
0.034
0.034
0.034
0.033
0.032
0.03
0.027
0.025
0.022
0.018
0.015
0.01
0.0
-0.003
-0.005
-0.006
-0.007
-0.008
-0.009
-0.009
-0.009
-0.007
-0.005
-0.003
0.0
0.002
-0.001
-0.009
-0.015
-0.021
-0.026
-0.029
-0.026
-0.021
-0.015
-0.008
-0.001
0.005
0.01
0.015
0.026
0.044
0.08
0.138
0.224
0.333
0.462
0.595
0.712
0.797
0.831
0.799
0.694
0.522
0.317
0.119
-0.032
-0.107
-0.132
-0.12
-0.1
-0.081
-0.067
-0.057
-0.047
-0.041
-0.036
-0.033
-0.03
-0.03
-0.032
-0.036
-0.04
-0.045
-0.052
-0.055
-0.052
-0.044
-0.036
-0.025
-0.015
-0.005
0.004
0.008
0.011
0.014
0.015
0.01
0.006
0.002
0.0
0.003
0.009
0.015
0.022
0.03
0.04
0.057
0.078
0.09
0.098
0.105
0.112
0.12
0.131
0.144
0.155
0.163
0.171
0.178
0.185
0.19
0.195
0.199
0.202
0.202
0.199
0.194
0.189
0.181
