-0.04
-0.041
-0.041
-0.041
-0.04
-0.039
-0.038
-0.037
-0.037
-0.037
-0.037
-0.036
-0.035
-0.034
-0.034
-0.033
-0.033
-0.032
-0.031
-0.028
-0.025
-0.023
-0.022
-0.022
-0.023
-0.023
-0.024
-0.025
-0.025
-0.026
-0.028
-0.029
-0.03
-0.031
-0.031
-0.031
-0.031
-0.031
-0.03
-0.029
-0.027
-0.026
-0.024
-0.023
-0.022
-0.021
-0.02
-0.018
-0.017
-0.016
-0.015
-0.015
-0.014
-0.013
-0.011
-0.01
-0.009
-0.009
-0.009
-0.008
-0.008
-0.007
-0.008
-0.008
-0.009
-0.01
-0.01
-0.01
-0.01
-0.009
-0.008
-0.007
-0.005
-0.003
-0.002
-0.002
-0.002
-0.001
0.0
0.0
0.0
0.0
0.001
0.003
0.005
0.007
0.009
0.011
0.012
0.013
0.015
0.016
0.016
0.016
0.016
0.016
0.016
0.016
0.016
0.015
0.013
0.012
0.01
0.009
0.007
0.005
0.004
0.002
0.0
-0.001
-0.004
-0.007
-0.01
-0.014
-0.018
-0.021
-0.023
-0.023
-0.023
-0.022
-0.019
-0.015
-0.01
0.0
0.021
0.056
0.099
0.156
0.229
0.314
0.406
0.505
0.609
0.703
0.735
0.719
0.607
0.404
0.16
-0.064
-0.223
-0.275
-0.277
-0.235
-0.198
-0.178
-0.16
-0.141
-0.12
-0.097
-0.052
-0.012
0.006
0.018
0.026
0.025
0.01
-0.008
-0.026
-0.027
-0.029
-0.031
-0.029
-0.016
-0.008
0.0
0.004
0.006
0.005
0.004
0.002
0.002
0.002
0.001
0.001
0.0
0.0
0.0
-0.001
-0.002
-0.002
-0.001
0.0
0.002
0.005
0.008
0.011
0.015
0.019
0.022
0.024
0.026
0.028
0.031
0.034
0.036
0.038
0.039
0.039
0.039
0.04
0.041
0.04
0.039
0.038
0.037
0.037
0.037
0.036
0.033
0.033
0.04
0.045
0.048
0.051
0.054
0.056
0.058
0.06
0.062
0.064
0.066
0.067
0.068
0.069
0.072
0.075
0.077
0.079
0.078
0.076
0.074
0.071
0.07
0.067
0.064
0.062
0.061
0.062
0.063
0.064
0.066
0.068
0.07
0.066
0.059
0.054
0.052
0.049
0.046
0.043
0.04
0.036
0.032
0.027
0.023
0.016
0.007
0.0
-0.005
-0.009
-0.015
-0.023
-0.033
-0.039
-0.044
-0.049
-0.051
-0.052
-0.052
-0.05
-0.047
-0.045
-0.043
-0.042
-0.041
-0.039
-0.037
-0.036
-0.036
-0.035
-0.034
-0.034
-0.033
-0.032
-0.032
-0.031
-0.031
-0.031
-0.03
-0.029
-0.028
-0.027
-0.027
-0.026
-0.026
-0.026
-0.025
-0.025
-0.025
-0.025
-0.026
-0.025
-0.025
-0.026
-0.027
-0.029
-0.031
-0.034
-0.036
-0.038
-0.041
-0.044
-0.047
-0.048
-0.047
-0.045
-0.042
-0.039
-0.038
-0.037
-0.036
-0.034
-0.032
-0.031
-0.03
-0.03
-0.029
-0.029
-0.03
-0.03
-0.032
-0.033
-0.034
-0.036
-0.037
-0.037
-0.037
-0.037
-0.037
-0.037
-0.036
-0.036
-0.037
-0.037
-0.037
-0.038
-0.038
-0.037
-0.036
-0.035
-0.033
-0.031
-0.028
-0.025
-0.022
-0.019
-0.016
-0.011
-0.006
-0.004
-0.003
-0.002
-0.002
-0.002
-0.002
-0.002
-0.001
-0.001
-0.001
-0.001
0.0
0.0
0.0
0.001
0.001
0.001
0.001
0.001
0.001
0.001
0.002
0.003
0.004
0.005
0.009
0.012
0.012
0.012
0.011
0.009
0.008
0.007
0.006
0.007
0.011
0.016
0.025
0.038
0.045
0.05
0.053
0.048
0.038
0.027
0.015
0.007
0.001
-0.003
-0.007
-0.01
-0.012
-0.013
-0.011
-0.007
-0.003
0.0
0.005
0.011
0.017
0.025
0.039
0.056
0.078
0.106
0.141
0.191
0.266
0.363
0.473
0.584
0.677
0.721
0.681
0.542
0.332
0.094
-0.123
-0.277
-0.329
-0.333
-0.297
-0.25
-0.209
-0.17
-0.124
-0.073
-0.028
-0.005
0.002
-0.004
-0.008
-0.011
-0.013
-0.015
-0.016
-0.017
-0.017
-0.017
-0.016
-0.015
-0.013
-0.011
-0.007
-0.002
0.008
0.025
0.036
0.043
0.042
0.03
0.023
0.017
0.012
0.009
0.007
0.007
0.007
0.008
0.009
0.01
0.012
0.014
0.016
0.013
0.008
0.004
0.001
0.0
0.0
0.005
0.011
0.016
0.021
0.025
0.031
0.038
0.045
0.049
0.053
0.056
0.059
0.061
0.063
0.065
0.066
0.067
0.067
0.067
0.066
0.066
0.065
0.064
0.064
0.063
0.062
0.061
0.06
0.059
0.057
0.055
0.055
0.061
0.067
0.072
0.075
0.078
0.081
0.083
0.085
0.086
0.088
0.089
0.089
0.088
0.087
0.086
0.084
0.082
0.08
0.076
0.073
0.068
0.059
0.049
0.038
0.028
0.019
0.011
0.004
0.0
-0.005
-0.01
-0.013
-0.015
-0.015
-0.014
-0.011
-0.008
-0.005
-0.002
0.0
0.001
0.001
-0.004
-0.011
-0.018
-0.022
-0.027
-0.033
-0.038
-0.042
-0.045
-0.047
-0.048
-0.049
-0.05
-0.051
-0.051
-0.051
-0.051
-0.053
-0.053
-0.048
-0.04
-0.036
-0.033
-0.031
-0.029
-0.027
-0.026
-0.024
-0.023
-0.022
-0.022
-0.023
-0.024
-0.025
-0.026
-0.026
-0.026
-0.026
-0.027
-0.028
-0.029
-0.03
-0.03
-0.03
-0.031
-0.032
-0.033
-0.035
-0.036
-0.036
-0.036
-0.036
-0.036
-0.036
-0.036
-0.035
-0.035
-0.036
-0.038
-0.039
-0.04
-0.04
-0.039
-0.037
-0.035
-0.033
-0.03
-0.027
-0.024
-0.025
-0.029
-0.035
-0.04
-0.047
-0.053
-0.054
-0.051
-0.047
-0.044
-0.04
-0.036
-0.034
-0.034
-0.036
-0.04
-0.044
-0.048
-0.055
-0.059
-0.053
-0.041
-0.034
-0.027
-0.02
-0.015
-0.012
-0.013
-0.016
-0.02
-0.023
-0.025
-0.027
-0.03
-0.033
-0.036
-0.038
-0.038
-0.037
-0.036
-0.034
-0.032
-0.03
-0.027
-0.023
-0.018
-0.012
-0.004
0.005
0.013
0.02
0.028
0.033
0.034
0.031
0.027
0.021
0.013
0.002
-0.004
-0.01
-0.016
-0.02
-0.017
-0.011
-0.007
-0.003
0.0
0.002
0.003
0.002
0.0
-0.002
-0.005
-0.007
-0.009
-0.012
-0.014
-0.017
-0.019
-0.02
-0.02
-0.019
-0.018
-0.015
-0.012
-0.007
0.0
0.012
0.035
0.068
0.114
0.174
0.248
0.34
0.445
0.558
0.661
0.704
0.693
0.594
0.404
0.173
-0.048
-0.213
-0.28
-0.302
-0.284
-0.23
-0.175
-0.135
-0.112
-0.09
-0.067
-0.057
-0.054
-0.051
-0.048
-0.046
-0.045
-0.044
-0.042
-0.04
-0.038
-0.035
-0.033
-0.032
-0.03
-0.029
-0.027
-0.024
-0.022
-0.02
-0.018
-0.017
-0.014
-0.012
-0.009
-0.007
-0.005
-0.003
-0.001
0.0
0.001
0.002
0.003
0.003
0.004
0.004
0.005
0.006
0.007
0.007
0.007
0.009
0.01
0.012
0.014
0.016
0.017
0.02
0.022
0.025
0.027
0.029
0.031
0.033
0.036
0.039
0.043
0.045
0.046
0.047
0.047
0.047
0.047
0.045
0.042
0.037
0.034
0.039
0.048
0.053
0.055
0.058
0.061
0.064
0.068
0.071
0.073
0.075
0.076
0.077
0.078
0.078
0.078
0.078
0.079
0.082
0.085
0.087
0.088
0.086
0.082
0.077
0.073
0.07
0.066
0.062
0.057
0.052
0.046
0.039
0.033
0.027
0.023
0.019
0.014
0.01
0.006
0.0
-0.004
-0.008
-0.012
-0.016
-0.02
-0.023
-0.026
-0.028
-0.029
-0.03
-0.031
-0.033
-0.036
-0.038
-0.04
-0.042
-0.044
-0.046
-0.048
-0.049
-0.05
-0.049
-0.047
-0.045
-0.043
-0.041
-0.04
-0.039
-0.037
-0.035
-0.033
-0.032
-0.031
-0.031
-0.03
-0.029
-0.028
-0.026
-0.025
-0.024
-0.024
-0.023
-0.023
-0.023
-0.025
-0.026
-0.028
-0.028
-0.029
-0.029
-0.03
-0.031
-0.033
-0.034
-0.034
-0.033
-0.032
-0.031
-0.031
-0.031
-0.03
-0.03
-0.03
-0.03
-0.031
-0.032
-0.033
-0.035
-0.036
-0.037
-0.039
-0.04
-0.041
-0.042
-0.041
-0.04
-0.039
-0.038
-0.038
-0.037
-0.036
-0.035
-0.033
-0.032
-0.03
-0.029
-0.027
-0.025
-0.018
-0.011
-0.007
-0.009
-0.016
-0.023
-0.029
-0.034
-0.039
-0.044
-0.047
-0.047
-0.044
-0.04
-0.035
-0.031
-0.029
-0.027
-0.025
-0.022
-0.019
-0.017
-0.015
-0.013
-0.01
-0.008
-0.006
-0.005
-0.003
-0.002
-0.001
-0.001
-0.001
-0.001
-0.002
-0.002
-0.003
-0.004
-0.004
-0.004
-0.005
-0.006
-0.007
-0.007
-0.007
-0.007
-0.008
-0.01
-0.014
-0.016
-0.016
-0.011
-0.004
0.002
0.006
0.01
0.015
0.019
0.022
0.024
0.024
0.021
0.016
0.01
0.004
0.0
-0.005
-0.011
-0.016
-0.022
-0.027
-0.03
-0.031
-0.032
-0.031
-0.029
-0.026
-0.021
-0.016
-0.006
0.01
0.026
0.064
0.118
0.191
0.283
0.391
0.51
0.625
0.711
0.721
0.686
0.54
0.328
0.092
-0.119
-0.262
-0.301
-0.314
-0.296
-0.243
-0.191
-0.147
-0.119
-0.088
-0.057
-0.044
-0.041
-0.039
-0.035
-0.033
-0.031
-0.03
-0.029
-0.028
-0.027
-0.027
-0.026
-0.025
-0.025
-0.025
-0.025
-0.025
-0.024
-0.024
-0.023
-0.022
-0.021
-0.019
-0.017
-0.015
-0.013
-0.011
-0.009
-0.008
-0.006
-0.005
-0.003
-0.001
0.001
0.003
0.005
0.007
0.009
0.012
0.014
0.016
0.018
0.019
0.021
0.022
0.024
0.026
0.027
0.029
0.03
0.032
0.034
0.036
0.038
0.04
0.041
0.043
0.044
0.046
0.048
0.05
0.053
0.055
0.058
0.061
0.064
0.067
0.07
0.072
0.074
0.075
0.077
0.078
0.078
0.079
0.081
0.082
0.083
0.085
0.086
0.087
0.087
0.088
0.09
0.091
0.091
0.091
0.091
0.09
0.09
0.089
0.087
0.085
0.083
0.08
0.078
0.076
0.073
0.069
0.061
0.053
0.045
0.036
0.025
0.012
0.001
-0.002
-0.004
-0.006
-0.007
-0.008
-0.008
-0.009
-0.009
-0.01
-0.011
-0.012
-0.013
-0.014
-0.015
-0.016
-0.016
-0.017
-0.018
-0.018
-0.018
-0.018
-0.018
-0.019
-0.019
-0.02
-0.022
-0.023
-0.025
-0.026
-0.027
-0.028
-0.028
-0.027
-0.027
-0.025
-0.024
-0.023
-0.023
-0.021
-0.02
-0.019
-0.018
-0.018
-0.018
-0.017
-0.017
-0.016
-0.015
-0.015
-0.016
-0.016
-0.016
-0.017
-0.017
-0.018
-0.02
-0.022
-0.023
-0.024
-0.024
-0.026
-0.027
-0.029
-0.03
-0.03
-0.029
-0.028
-0.027
-0.026
-0.024
-0.023
-0.022
-0.019
-0.018
-0.017
-0.017
-0.017
-0.018
-0.019
-0.021
-0.023
-0.025
-0.028
-0.031
-0.033
-0.033
-0.032
-0.03
-0.027
-0.025
-0.023
-0.02
-0.018
-0.015
-0.014
-0.013
-0.012
-0.012
-0.012
-0.012
-0.013
-0.014
-0.016
-0.017
-0.018
-0.019
-0.022
-0.025
-0.027
-0.026
-0.021
-0.016
-0.013
-0.012
-0.01
-0.008
-0.006
-0.003
0.0
0.001
0.002
0.003
0.004
0.006
0.007
0.008
0.009
0.01
0.012
0.014
0.016
0.018
0.018
0.016
0.014
0.012
0.009
0.006
0.0
-0.005
-0.006
-0.004
-0.001
0.0
0.002
0.004
0.005
0.006
0.006
0.007
0.007
0.007
0.006
0.004
0.002
0.0
-0.001
-0.004
-0.006
-0.008
-0.01
-0.01
-0.007
-0.003
0.003
0.013
0.03
0.056
0.09
0.133
0.189
0.26
0.346
0.443
0.54
0.62
0.638
0.622
0.517
0.34
0.127
-0.078
-0.229
-0.287
-0.289
-0.244
-0.19
-0.146
-0.121
-0.102
-0.087
-0.07
-0.052
-0.035
-0.025
-0.02
-0.018
-0.017
-0.016
-0.014
-0.013
-0.013
-0.013
-0.012
-0.011
-0.01
-0.008
-0.006
-0.005
-0.004
-0.003
-0.001
0.0
0.002
0.004
0.004
0.005
0.006
0.007
0.008
0.008
0.009
0.01
0.011
0.013
0.014
0.016
0.017
0.017
0.017
0.016
0.016
0.016
0.015
0.015
0.016
0.016
0.018
0.019
0.021
0.022
0.024
0.026
0.029
0.032
0.036
0.038
0.041
0.043
0.044
0.046
0.048
0.05
0.052
0.054
0.056
0.057
0.057
0.058
0.058
0.057
0.057
0.055
0.054
0.053
0.051
0.049
0.057
0.066
0.073
0.077
0.074
0.07
0.067
0.065
0.062
0.06
0.059
0.059
0.06
0.06
0.061
0.062
0.064
0.067
0.069
0.067
0.061
0.055
0.047
0.038
0.027
0.011
0.0
-0.007
-0.013
-0.017
-0.02
-0.024
-0.028
-0.029
-0.024
-0.02
-0.015
-0.017
-0.029
-0.037
-0.043
-0.048
-0.052
-0.054
-0.053
-0.05
-0.048
-0.045
-0.042
-0.037
-0.033
-0.032
-0.034
-0.038
-0.041
-0.045
-0.048
-0.049
-0.047
-0.044
-0.041
-0.039
-0.038
-0.036
-0.034
-0.032
-0.03
-0.029
-0.028
-0.028
-0.027
-0.027
-0.027
-0.028
-0.028
-0.028
-0.029
-0.029
-0.028
-0.027
-0.027
-0.027
-0.028
-0.029
-0.029
-0.03
-0.03
-0.031
-0.032
-0.033
-0.034
-0.034
-0.034
-0.034
-0.033
-0.031
-0.029
-0.027
-0.025
-0.02
-0.021
-0.03
-0.035
-0.039
-0.043
-0.046
-0.048
-0.049
-0.048
-0.045
-0.043
-0.04
-0.036
-0.03
-0.027
-0.028
-0.032
-0.033
-0.034
-0.035
-0.035
-0.035
-0.035
-0.035
-0.036
-0.038
-0.039
-0.039
-0.039
-0.039
-0.039
-0.039
-0.04
-0.04
-0.039
-0.037
-0.036
-0.035
-0.034
-0.033
-0.032
-0.031
-0.029
-0.027
-0.025
-0.023
-0.021
-0.017
-0.013
-0.009
-0.007
-0.007
-0.007
-0.006
-0.006
-0.004
-0.003
-0.002
-0.001
-0.001
0.0
0.0
0.0
0.0
0.0
0.0
0.0
0.0
0.0
0.001
0.001
0.002
0.003
0.004
0.005
0.006
0.006
0.006
0.006
0.006
0.006
0.006
0.006
0.006
0.004
0.001
-0.001
-0.004
-0.006
-0.009
-0.013
-0.016
-0.018
-0.018
-0.017
-0.014
-0.011
-0.007
0.001
0.015
0.035
0.061
0.095
0.138
0.193
0.263
0.349
0.447
0.548
0.633
0.673
0.646
0.538
0.362
0.151
-0.043
-0.179
-0.23
-0.246
-0.239
-0.226
-0.213
-0.191
-0.165
-0.129
-0.086
-0.057
-0.049
-0.044
-0.04
-0.037
-0.035
-0.033
-0.031
-0.03
-0.028
-0.027
-0.026
-0.025
-0.024
-0.023
-0.021
-0.019
-0.018
-0.017
-0.016
-0.016
-0.016
-0.016
-0.015
-0.015
-0.015
-0.015
-0.015
-0.014
-0.013
-0.012
-0.01
-0.008
-0.005
-0.003
-0.001
0.0
0.002
0.003
0.005
0.007
0.009
0.011
0.013
0.015
0.017
0.018
0.02
0.021
0.023
0.025
0.026
0.027
0.029
0.03
0.032
0.035
0.037
0.039
0.04
0.041
0.042
0.043
0.044
0.045
0.047
0.048
0.05
0.051
0.053
0.055
0.057
0.059
0.06
0.061
0.062
0.063
0.064
0.065
0.066
0.066
0.068
0.07
0.073
0.076
0.079
0.08
0.081
0.082
0.081
0.081
0.08
0.079
0.076
0.073
0.071
0.069
0.066
0.062
0.051
0.042
0.029
0.015
0.008
0.004
0.0
-0.003
-0.007
-0.01
-0.012
-0.015
-0.019
-0.022
-0.025
-0.027
-0.027
-0.028
-0.033
-0.033
-0.028
-0.026
-0.024
-0.021
-0.018
-0.015
-0.012
-0.007
-0.004
-0.008
-0.016
-0.025
-0.035
-0.043
-0.049
-0.053
-0.058
-0.062
-0.062
-0.057
-0.05
-0.04
-0.028
-0.024
-0.021
-0.017
-0.028
-0.036
-0.04
-0.044
-0.047
-0.048
-0.047
-0.043
-0.038
-0.033
-0.028
-0.022
-0.016
-0.013
-0.015
-0.019
-0.024
-0.028
-0.031
-0.034
-0.036
-0.037
-0.039
-0.041
-0.043
-0.044
-0.045
-0.046
-0.046
-0.046
-0.048
-0.05
-0.051
-0.053
-0.054
-0.057
-0.06
-0.045
-0.032
-0.024
-0.017
-0.012
-0.009
-0.008
-0.007
-0.003
-0.007
-0.028
-0.04
-0.046
-0.05
-0.042
-0.036
-0.033
-0.03
-0.028
-0.027
-0.027
-0.026
-0.026
-0.026
-0.028
-0.03
-0.032
-0.035
-0.04
-0.039
-0.029
-0.023
-0.018
-0.014
-0.01
-0.008
-0.007
-0.007
-0.008
-0.009
-0.01
-0.012
-0.015
-0.014
-0.007
-0.004
-0.002
0.0
0.002
0.004
0.005
0.005
0.005
0.005
0.005
0.003
0.002
0.0
-0.004
-0.007
-0.013
-0.023
-0.027
-0.031
-0.035
-0.027
-0.014
0.001
0.015
0.025
0.029
0.032
0.036
0.037
0.034
0.025
0.011
-0.005
-0.012
-0.015
-0.017
-0.019
-0.021
-0.022
-0.023
-0.023
-0.022
-0.021
-0.019
-0.016
-0.013
-0.006
0.007
0.029
0.068
0.123
0.195
0.285
0.391
0.506
0.616
0.697
0.726
0.684
0.558
0.362
0.133
-0.084
-0.246
-0.315
-0.321
-0.281
-0.216
-0.163
-0.126
-0.107
-0.093
-0.083
-0.067
-0.06
-0.056
-0.052
-0.049
-0.047
-0.045
-0.043
-0.04
-0.038
-0.037
-0.036
-0.034
-0.032
-0.031
-0.029
-0.022
-0.012
-0.009
-0.006
-0.004
-0.003
-0.002
-0.003
-0.006
-0.008
-0.011
-0.013
-0.016
-0.019
-0.022
-0.023
-0.022
-0.018
-0.012
-0.008
-0.005
-0.002
0.0
0.004
0.008
0.011
0.014
0.016
0.018
0.021
0.023
0.025
0.028
0.03
0.032
0.035
0.038
0.041
0.044
0.047
0.05
0.053
0.055
0.057
0.059
0.06
0.061
0.061
0.061
0.061
0.06
0.061
0.061
0.061
0.062
0.062
0.064
0.065
0.067
0.069
0.07
0.07
0.07
0.07
0.071
0.072
0.072
0.072
0.073
0.074
0.076
0.078
0.08
0.082
0.084
0.085
0.085
0.086
0.085
0.084
0.081
0.078
0.074
0.07
0.063
0.044
0.027
0.018
0.008
-0.001
-0.007
-0.01
-0.014
-0.017
-0.02
-0.022
-0.024
-0.027
-0.029
-0.031
-0.033
-0.036
-0.038
-0.04
-0.042
-0.044
-0.046
-0.047
-0.048
-0.048
-0.048
-0.047
-0.046
-0.045
-0.043
-0.04
-0.037
-0.035
-0.033
-0.032
-0.028
-0.024
-0.02
-0.018
-0.019
-0.022
-0.026
-0.029
-0.031
-0.034
-0.038
-0.042
-0.044
-0.044
-0.04
-0.035
-0.03
-0.024
-0.017
-0.01
-0.009
-0.011
-0.014
-0.016
-0.019
-0.021
-0.024
-0.024
-0.023
-0.021
-0.019
-0.016
-0.013
-0.007
-0.004
-0.011
-0.023
-0.03
-0.035
-0.039
-0.043
-0.044
-0.045
-0.045
-0.043
-0.04
-0.036
-0.032
-0.028
-0.025
-0.023
-0.02
-0.018
-0.015
-0.013
-0.011
-0.009
-0.008
-0.007
-0.008
-0.008
-0.009
-0.01
-0.011
-0.013
-0.014
-0.016
-0.016
-0.016
-0.016
-0.017
-0.018
-0.019
-0.02
-0.02
-0.019
-0.019
-0.018
-0.018
-0.018
-0.016
-0.014
-0.011
-0.009
-0.007
-0.005
-0.003
-0.001
0.0
0.003
0.006
0.007
0.009
0.011
0.013
0.016
0.018
0.019
0.02
0.023
0.026
0.03
0.032
0.031
0.028
0.024
0.021
0.018
0.014
0.01
0.006
0.004
0.003
0.005
0.007
0.008
0.009
0.011
0.013
0.016
0.018
0.018
0.017
0.014
0.011
0.008
0.006
0.003
0.0
-0.002
-0.005
-0.005
-0.003
0.0
0.004
0.012
0.025
0.045
0.073
0.107
0.156
0.221
0.301
0.395
0.498
0.595
0.644
0.64
0.57
0.411
0.193
-0.034
-0.218
-0.309
-0.339
-0.321
-0.267
-0.189
-0.127
-0.09
-0.071
-0.053
-0.038
-0.032
-0.029
-0.025
-0.022
-0.02
-0.019
-0.018
-0.017
-0.016
-0.015
-0.014
-0.014
-0.013
-0.012
-0.011
-0.009
-0.008
-0.009
-0.01
-0.011
-0.012
-0.013
-0.014
-0.016
-0.018
-0.02
-0.019
-0.016
-0.012
-0.007
-0.003
0.0
0.003
0.006
0.01
0.013
0.016
0.019
0.02
0.022
0.022
0.023
0.023
0.023
0.024
0.024
0.024
0.024
0.024
0.025
0.026
0.028
0.029
0.031
0.032
0.033
0.035
0.037
0.039
0.041
0.043
0.046
0.05
0.055
0.061
0.065
0.066
0.066
0.066
0.066
0.066
0.067
0.068
0.07
0.07
0.069
0.068
0.066
0.065
0.062
0.06
0.058
0.059
0.062
0.066
0.069
0.071
0.074
0.076
0.078
0.079
0.08
0.079
0.076
0.072
0.067
0.061
0.055
0.047
0.038
0.031
0.024
0.018
0.011
0.002
-0.006
-0.015
-0.02
-0.023
-0.027
-0.029
-0.031
-0.033
-0.035
-0.036
-0.038
-0.039
-0.039
-0.039
-0.039
-0.038
-0.038
-0.037
-0.035
-0.033
-0.031
-0.03
-0.029
-0.027
-0.026
-0.024
-0.022
-0.02
-0.018
-0.016
-0.014
-0.013
-0.011
-0.01
-0.01
-0.012
-0.013
-0.014
-0.015
-0.015
-0.016
-0.018
-0.02
-0.021
-0.023
-0.024
-0.025
-0.027
-0.03
-0.032
-0.033
-0.034
-0.035
-0.035
-0.035
-0.035
-0.034
-0.032
-0.031
-0.031
-0.03
-0.03
-0.03
-0.03
-0.029
-0.026
-0.023
-0.021
-0.021
-0.023
-0.024
-0.025
-0.026
-0.027
-0.029
-0.03
-0.032
-0.033
-0.034
-0.035
-0.035
-0.035
-0.035
-0.035
-0.037
-0.039
-0.041
-0.041
-0.038
-0.034
-0.033
-0.031
-0.03
-0.029
-0.028
-0.027
-0.026
-0.024
-0.023
-0.022
-0.022
-0.023
-0.023
-0.024
-0.025
-0.025
-0.026
-0.027
-0.027
-0.027
-0.026
-0.025
-0.025
-0.026
-0.027
-0.028
-0.029
-0.031
-0.033
-0.031
-0.02
-0.014
-0.011
-0.008
-0.005
-0.003
-0.001
0.0
0.001
0.001
0.001
0.001
0.001
0.0
0.0
-0.002
-0.004
-0.006
-0.008
-0.013
-0.022
-0.022
-0.013
-0.007
-0.004
-0.001
0.001
0.003
0.004
0.005
0.005
0.005
0.004
0.003
0.001
0.0
-0.002
-0.004
-0.006
-0.007
-0.009
-0.011
-0.012
-0.014
-0.016
-0.02
-0.022
-0.019
-0.011
0.008
0.048
0.108
0.185
0.276
0.375
0.484
0.593
0.682
0.725
0.693
0.572
0.376
0.131
-0.108
-0.291
-0.374
-0.381
-0.334
-0.251
-0.169
-0.111
-0.088
-0.081
-0.077
-0.074
-0.07
-0.064
-0.057
-0.051
-0.048
-0.045
-0.042
-0.04
-0.038
-0.037
-0.036
-0.035
-0.033
-0.031
-0.029
-0.028
-0.027
-0.026
-0.025
-0.024
-0.023
-0.021
-0.019
-0.017
-0.016
-0.015
-0.013
-0.011
-0.01
-0.008
-0.007
-0.007
-0.006
-0.005
-0.005
-0.004
-0.003
-0.003
-0.003
-0.003
-0.003
-0.002
-0.001
-0.001
-0.002
-0.003
-0.004
-0.003
-0.002
0.0
0.002
0.004
0.006
0.009
0.012
0.015
0.017
0.02
0.024
0.029
0.033
0.037
0.04
0.043
0.046
0.049
0.052
0.055
0.057
0.059
0.06
0.061
0.062
0.063
0.064
0.064
0.065
0.065
0.066
0.068
0.07
0.072
0.073
0.074
0.075
0.077
0.078
0.079
0.079
0.078
0.076
0.073
0.07
0.066
0.063
0.058
0.052
0.046
0.039
0.032
0.026
0.02
0.014
0.009
0.006
0.003
0.001
0.0
-0.003
-0.006
-0.008
-0.01
-0.012
-0.014
-0.016
-0.018
-0.021
-0.024
-0.026
-0.029
-0.032
-0.035
-0.037
-0.038
-0.038
-0.039
-0.039
-0.04
-0.041
-0.042
-0.043
-0.043
-0.043
-0.041
-0.039
-0.036
-0.034
-0.031
-0.029
-0.027
-0.025
-0.023
-0.022
-0.021
-0.021
-0.02
-0.02
-0.019
-0.019
-0.019
-0.02
-0.021
-0.021
-0.022
-0.022
-0.023
-0.024
-0.025
-0.027
-0.028
-0.029
-0.03
-0.031
-0.032
-0.034
-0.035
-0.037
-0.038
-0.039
-0.04
-0.041
-0.041
-0.041
-0.04
-0.039
-0.037
-0.034
-0.032
-0.03
-0.028
-0.026
-0.023
-0.021
-0.019
-0.017
-0.016
-0.016
-0.017
-0.017
-0.018
-0.019
-0.02
-0.022
-0.023
-0.023
-0.024
-0.024
-0.025
-0.026
-0.027
-0.028
-0.028
-0.029
-0.029
-0.03
-0.03
-0.03
-0.029
-0.028
-0.027
-0.025
-0.024
-0.023
-0.022
-0.02
-0.019
-0.018
-0.017
-0.015
-0.014
-0.012
-0.011
-0.01
-0.009
-0.007
-0.006
-0.004
-0.002
0.0
0.0
0.002
0.004
0.007
0.009
0.011
0.013
0.016
0.018
0.02
0.022
0.026
0.03
0.03
0.025
0.019
0.014
0.008
0.003
0.001
0.002
0.004
0.006
0.007
0.008
0.01
0.011
0.012
0.011
0.009
0.005
0.001
-0.002
-0.004
-0.008
-0.012
-0.016
-0.018
-0.019
-0.019
-0.016
-0.013
-0.01
-0.004
0.006
0.025
0.056
0.098
0.155
0.23
0.324
0.436
0.565
0.686
0.751
0.749
0.673
0.488
0.248
0.011
-0.177
-0.289
-0.315
-0.315
-0.285
-0.251
-0.211
-0.166
-0.122
-0.079
-0.044
-0.031
-0.027
-0.028
-0.029
-0.03
-0.031
-0.031
-0.032
-0.032
-0.031
-0.031
-0.031
-0.03
-0.029
-0.027
-0.025
-0.023
-0.021
-0.019
-0.016
-0.013
-0.01
-0.009
-0.008
-0.009
-0.009
-0.01
-0.01
-0.01
-0.011
-0.013
-0.015
-0.016
-0.014
-0.009
-0.004
-0.001
0.0
0.002
0.005
0.008
0.011
0.013
0.015
0.017
0.02
0.022
0.023
0.024
0.024
0.025
0.027
0.029
0.031
0.033
0.034
0.036
0.039
0.042
0.045
0.047
0.049
0.05
0.052
0.056
0.06
0.063
0.063
0.062
0.062
0.061
0.062
0.062
0.061
0.06
0.06
0.06
0.062
0.065
0.068
0.071
0.073
0.076
0.079
0.082
0.085
0.087
0.088
0.088
0.088
0.087
0.086
0.084
0.081
0.078
0.075
0.07
0.056
0.043
0.034
0.023
0.017
0.013
0.01
0.007
0.003
0.0
-0.003
-0.006
-0.009
-0.011
-0.014
-0.017
-0.022
-0.026
-0.028
-0.028
-0.025
-0.02
-0.016
-0.012
-0.007
-0.003
-0.003
-0.008
-0.015
-0.024
-0.034
-0.039
-0.042
-0.044
-0.045
-0.046
-0.046
-0.043
-0.039
-0.034
-0.032
-0.03
-0.027
-0.025
-0.022
-0.02
-0.018
-0.016
-0.015
-0.014
-0.014
-0.014
-0.014
-0.014
-0.014
-0.015
-0.015
