-0.286
-0.293
-0.3
-0.288
-0.271
-0.255
-0.239
-0.227
-0.217
-0.211
-0.211
-0.214
-0.217
-0.221
-0.227
-0.226
-0.216
-0.208
-0.201
-0.195
-0.186
-0.177
-0.169
-0.161
-0.153
-0.147
-0.143
-0.138
-0.123
-0.085
-0.066
-0.054
-0.047
-0.041
-0.034
-0.028
-0.024
-0.02
-0.016
-0.013
-0.012
-0.012
-0.015
-0.021
-0.028
-0.041
-0.063
-0.074
-0.081
-0.086
-0.09
-0.091
-0.089
-0.085
-0.078
-0.068
-0.052
-0.043
-0.036
-0.036
-0.046
-0.052
-0.056
-0.06
-0.064
-0.067
-0.07
-0.073
-0.076
-0.079
-0.081
-0.083
-0.084
-0.084
-0.084
-0.083
-0.081
-0.078
-0.075
-0.07
-0.062
-0.034
0.089
0.285
0.532
0.799
1.031
1.142
1.136
0.995
0.715
0.405
0.148
-0.013
-0.058
-0.07
-0.077
-0.082
-0.087
-0.094
-0.099
-0.103
-0.106
-0.11
-0.114
-0.12
-0.126
-0.128
-0.126
-0.122
-0.116
-0.11
-0.103
-0.094
-0.085
-0.077
-0.064
-0.045
-0.036
-0.032
-0.03
-0.027
-0.024
-0.022
-0.021
-0.019
-0.016
-0.014
-0.012
-0.01
-0.008
-0.005
-0.002
0.003
0.014
0.025
0.034
0.046
0.061
0.08
0.099
0.117
0.13
0.141
0.149
0.161
0.177
0.184
0.189
0.194
0.198
0.202
0.205
0.208
0.211
0.213
0.214
0.214
0.214
0.213
0.211
0.208
0.205
0.201
0.198
0.193
0.189
0.184
0.179
0.168
0.156
0.148
0.139
0.123
0.098
0.085
0.079
0.073
0.069
0.066
0.064
0.064
0.063
0.062
0.06
0.059
0.058
0.057
0.056
0.054
0.052
0.05
0.048
0.046
0.045
0.044
0.043
0.043
0.043
0.043
0.044
0.044
0.043
0.042
0.041
0.04
0.038
0.036
0.033
0.029
0.025
0.022
0.018
0.016
0.013
0.01
0.007
0.005
0.005
0.005
0.008
0.012
0.017
0.024
0.033
0.049
0.069
0.087
0.103
0.116
0.126
0.132
0.137
0.141
0.145
0.148
0.149
0.151
0.151
0.151
0.149
0.147
0.144
0.139
0.134
0.127
0.121
0.113
0.103
0.093
0.08
0.062
0.041
0.025
0.017
0.013
0.008
0.005
0.002
0.001
0.001
0.002
0.004
0.007
0.011
0.015
0.021
0.028
0.04
0.049
0.055
0.064
0.072
0.057
0.032
0.0
-0.038
-0.067
-0.088
-0.101
-0.084
-0.034
0.071
0.227
0.427
0.651
0.867
1.032
1.076
1.057
0.914
0.689
0.44
0.221
0.069
-0.012
-0.051
-0.077
-0.095
-0.103
-0.11
-0.114
-0.118
-0.119
-0.114
-0.103
-0.092
-0.087
-0.083
-0.081
-0.079
-0.077
-0.075
-0.073
-0.071
-0.07
-0.067
-0.064
-0.06
-0.057
-0.054
-0.053
-0.051
-0.05
-0.049
-0.046
-0.043
-0.039
-0.036
-0.03
-0.023
-0.016
-0.008
-0.002
0.002
0.007
0.012
0.017
0.023
0.03
0.036
0.042
0.047
0.052
0.059
0.071
0.088
0.098
0.104
0.108
0.113
0.116
0.117
0.116
0.113
0.109
0.105
0.101
0.098
0.095
0.091
0.086
0.081
0.077
0.073
0.066
0.053
0.028
0.008
-0.005
-0.02
-0.031
-0.039
-0.046
-0.054
-0.063
-0.069
-0.073
-0.075
-0.078
-0.081
-0.084
-0.087
-0.089
-0.091
-0.093
-0.094
-0.096
-0.097
-0.097
-0.097
-0.096
-0.095
-0.092
-0.09
-0.089
-0.087
-0.085
-0.082
-0.079
-0.076
-0.07
-0.055
-0.051
-0.047
-0.043
-0.04
-0.046
-0.06
-0.07
-0.08
-0.088
-0.091
-0.087
-0.078
-0.067
-0.06
-0.052
-0.044
-0.036
-0.03
-0.026
-0.023
-0.02
-0.015
-0.009
0.0
0.014
0.022
0.027
0.031
0.034
0.037
0.039
0.039
0.037
0.035
0.03
0.025
0.02
0.015
0.008
0.0
-0.007
-0.013
-0.02
-0.034
-0.055
-0.065
-0.069
-0.073
-0.076
-0.079
-0.08
-0.082
-0.084
-0.086
-0.087
-0.088
-0.089
-0.091
-0.092
-0.094
-0.097
-0.1
-0.103
-0.106
-0.11
-0.113
-0.117
-0.122
-0.129
-0.139
-0.155
-0.164
-0.174
-0.182
-0.168
-0.125
-0.039
0.086
0.252
0.454
0.668
0.855
0.952
0.952
0.854
0.642
0.391
0.157
-0.013
-0.104
-0.134
-0.141
-0.145
-0.148
-0.15
-0.153
-0.154
-0.155
-0.156
-0.157
-0.16
-0.164
-0.145
-0.121
-0.1
-0.086
-0.082
-0.08
-0.079
-0.078
-0.077
-0.076
-0.074
-0.073
-0.072
-0.07
-0.067
-0.065
-0.063
-0.062
-0.061
-0.06
-0.058
-0.054
-0.05
-0.036
-0.008
0.003
0.009
0.015
0.019
0.024
0.029
0.033
0.036
0.039
0.045
0.057
0.083
0.102
0.113
0.121
0.122
0.117
0.111
0.107
0.102
0.097
0.094
0.094
0.095
0.098
0.101
0.103
0.107
0.109
0.102
0.088
0.076
0.065
0.055
0.049
0.042
0.032
0.018
0.003
-0.009
-0.02
-0.031
-0.042
-0.055
-0.069
-0.084
-0.096
-0.106
-0.117
-0.13
-0.141
-0.152
-0.158
-0.151
-0.14
-0.133
-0.128
-0.123
-0.118
-0.116
-0.117
-0.121
-0.126
-0.133
-0.139
-0.143
-0.148
-0.153
-0.158
-0.162
-0.163
-0.161
-0.157
-0.152
-0.146
-0.138
-0.127
-0.108
-0.099
-0.095
-0.092
-0.09
-0.089
-0.087
-0.086
-0.084
-0.082
-0.079
-0.076
-0.073
-0.07
-0.067
-0.064
-0.061
-0.058
-0.055
-0.052
-0.048
-0.044
-0.039
-0.034
-0.028
-0.022
-0.02
-0.024
-0.032
-0.042
-0.052
-0.067
-0.077
-0.084
-0.093
-0.104
-0.119
-0.131
-0.14
-0.147
-0.153
-0.158
-0.163
-0.169
-0.171
-0.168
-0.162
-0.159
-0.156
-0.152
-0.15
-0.149
-0.151
-0.156
-0.163
-0.17
-0.178
-0.187
-0.197
-0.205
-0.212
-0.219
-0.226
-0.231
-0.231
-0.229
-0.22
-0.203
-0.152
-0.041
0.129
0.354
0.599
0.816
0.947
0.957
0.878
0.666
0.405
0.153
-0.047
-0.168
-0.205
-0.219
-0.217
-0.199
-0.185
-0.172
-0.165
-0.171
-0.181
-0.192
-0.205
-0.206
-0.196
-0.189
-0.186
-0.183
-0.181
-0.179
-0.177
-0.174
-0.17
-0.165
-0.158
-0.15
-0.133
-0.106
-0.096
-0.091
-0.087
-0.084
-0.082
-0.079
-0.076
-0.073
-0.069
-0.066
-0.063
-0.058
-0.052
-0.04
-0.032
-0.025
-0.018
-0.009
0.005
0.022
0.038
0.048
0.061
0.08
0.102
0.124
0.149
0.171
0.184
0.191
0.198
0.208
0.218
0.223
0.227
0.231
0.235
0.239
0.242
0.243
0.244
0.245
0.245
0.244
0.243
0.241
0.237
0.233
0.228
0.224
0.219
0.21
0.198
0.185
0.164
0.142
0.133
0.129
0.125
0.123
0.122
0.122
0.126
0.132
0.138
0.143
0.147
0.151
0.156
0.161
0.165
0.167
0.168
0.166
0.164
0.163
0.16
0.157
0.154
0.151
0.146
0.142
0.138
0.137
0.138
0.14
0.144
0.148
0.152
0.158
0.165
0.172
0.179
0.186
0.193
0.199
0.206
0.21
0.213
0.215
0.217
0.22
0.224
0.229
0.232
0.232
0.23
0.227
0.225
0.224
0.223
0.221
0.219
0.216
0.213
0.21
0.207
0.202
0.196
0.183
0.156
0.141
0.134
0.128
0.124
0.12
0.117
0.113
0.111
0.109
0.106
0.103
0.1
0.097
0.095
0.092
0.09
0.086
0.082
0.078
0.075
0.071
0.067
0.063
0.059
0.054
0.05
0.046
0.041
0.033
0.016
-0.007
-0.042
-0.082
-0.12
-0.133
-0.124
-0.096
-0.01
0.127
0.323
0.567
0.826
1.048
1.15
1.145
1.021
0.774
0.481
0.213
0.019
-0.091
-0.134
-0.157
-0.178
-0.197
-0.212
-0.222
-0.204
-0.173
-0.148
-0.137
-0.129
-0.126
-0.132
-0.145
-0.16
-0.176
-0.18
-0.182
-0.184
-0.185
-0.186
-0.186
-0.183
-0.177
-0.17
-0.164
-0.16
-0.157
-0.154
-0.151
-0.148
-0.145
-0.142
-0.139
-0.137
-0.134
-0.131
-0.128
-0.126
-0.123
-0.121
-0.118
-0.113
-0.105
-0.093
-0.077
-0.071
-0.067
-0.064
-0.06
-0.056
-0.052
-0.049
-0.046
-0.044
-0.042
-0.041
-0.04
-0.04
-0.041
-0.042
-0.044
-0.046
-0.048
-0.049
-0.051
-0.053
-0.056
-0.059
-0.063
-0.067
-0.073
-0.091
-0.105
-0.12
-0.135
-0.151
-0.171
-0.2
-0.217
-0.226
-0.233
-0.239
-0.242
-0.243
-0.242
-0.241
-0.24
-0.239
-0.239
-0.237
-0.234
-0.235
-0.246
-0.253
-0.259
-0.264
-0.267
-0.267
-0.265
-0.26
-0.255
-0.252
-0.249
-0.245
-0.241
-0.237
-0.233
-0.232
-0.233
-0.234
-0.235
-0.236
-0.237
-0.239
-0.241
-0.245
-0.247
-0.248
-0.244
-0.238
-0.231
-0.222
-0.207
-0.193
-0.183
-0.175
-0.168
-0.161
-0.154
-0.148
-0.141
-0.134
-0.126
-0.118
-0.109
-0.101
-0.093
-0.085
-0.077
-0.072
-0.068
-0.066
-0.065
-0.064
-0.061
-0.059
-0.057
-0.056
-0.058
-0.062
-0.065
-0.069
-0.073
-0.077
-0.082
-0.086
-0.086
-0.081
-0.074
-0.068
-0.064
-0.06
-0.057
-0.053
-0.049
-0.044
-0.04
-0.035
-0.03
-0.026
-0.023
-0.02
-0.016
-0.012
-0.005
0.001
0.006
0.006
0.0
-0.01
-0.021
-0.035
-0.055
-0.055
-0.036
0.015
0.127
0.297
0.521
0.779
1.028
1.22
1.306
1.263
1.1
0.855
0.578
0.336
0.174
0.089
0.048
0.027
0.011
0.001
0.001
0.021
0.073
0.115
0.13
0.13
0.114
0.088
0.069
0.061
0.056
0.073
0.099
0.129
0.16
0.188
0.205
0.217
0.222
0.216
0.205
0.196
0.188
0.179
0.172
0.165
0.156
0.146
0.146
0.158
0.169
0.178
0.187
0.196
0.206
0.219
0.236
0.254
0.264
0.27
0.276
0.279
0.282
0.283
0.282
0.278
0.274
0.268
0.263
0.258
0.251
0.243
0.238
0.237
0.24
0.246
0.254
0.27
0.289
0.299
0.306
0.306
0.293
0.28
0.264
0.246
0.223
0.193
0.16
0.131
0.109
0.093
0.081
0.075
0.072
0.069
0.066
0.064
0.061
0.058
0.054
0.05
0.046
0.041
0.036
0.031
0.025
0.019
0.014
0.01
0.007
0.005
0.004
0.003
0.002
0.0
0.0
0.0
0.0
0.0
0.0
0.0
0.0
-0.001
-0.002
-0.004
-0.005
-0.005
