0.14
0.169
0.198
0.229
0.248
0.253
0.255
0.256
0.256
0.257
0.257
0.257
0.258
0.258
0.258
0.258
0.257
0.256
0.256
0.255
0.255
0.254
0.254
0.254
0.253
0.252
0.252
0.251
0.25
0.249
0.248
0.248
0.248
0.248
0.248
0.248
0.249
0.249
0.25
0.251
0.252
0.252
0.253
0.254
0.256
0.257
0.259
0.26
0.262
0.263
0.264
0.264
0.264
0.263
0.262
0.261
0.26
0.258
0.256
0.254
0.252
0.249
0.247
0.243
0.233
0.222
0.211
0.2
0.191
0.183
0.175
0.168
0.161
0.154
0.148
0.143
0.139
0.135
0.132
0.129
0.126
0.123
0.12
0.117
0.114
0.112
0.109
0.108
0.107
0.106
0.105
0.104
0.103
0.101
0.1
0.099
0.098
0.097
0.096
0.095
0.094
0.093
0.092
0.092
0.091
0.089
0.088
0.087
0.086
0.086
0.085
0.084
0.084
0.084
0.084
0.084
0.083
0.083
0.084
0.084
0.083
0.083
0.083
0.083
0.083
0.083
0.082
0.081
0.08
0.079
0.078
0.077
0.076
0.074
0.073
0.072
0.071
0.07
0.069
0.068
0.066
0.065
0.063
0.062
0.061
0.059
0.057
0.056
0.054
0.053
0.051
0.05
0.049
0.047
0.046
0.045
0.045
0.044
0.043
0.042
0.041
0.04
0.039
0.037
0.035
0.033
0.03
0.027
0.02
0.011
0.0
-0.012
-0.018
-0.023
-0.027
-0.031
-0.035
-0.038
-0.04
-0.043
-0.045
-0.046
-0.048
-0.049
-0.05
-0.051
-0.051
-0.052
-0.052
-0.052
-0.053
-0.053
-0.053
-0.053
-0.053
-0.053
-0.053
-0.054
-0.054
-0.054
-0.054
-0.054
-0.053
-0.053
-0.052
-0.051
-0.051
-0.051
-0.05
-0.05
-0.05
-0.05
-0.049
-0.048
-0.048
-0.047
-0.046
-0.044
-0.042
-0.04
-0.037
-0.035
-0.032
-0.03
-0.027
-0.024
-0.022
-0.02
-0.018
-0.016
-0.014
-0.013
-0.011
-0.01
-0.009
-0.009
-0.008
-0.007
-0.006
-0.005
-0.005
-0.004
-0.003
-0.003
-0.002
-0.002
-0.002
-0.002
-0.002
-0.002
-0.002
-0.001
-0.001
0.0
0.001
0.003
0.005
0.009
0.012
0.016
0.02
0.03
0.056
0.084
0.117
0.141
0.156
0.164
0.164
0.157
0.145
0.127
0.097
0.063
0.037
0.025
0.017
0.012
0.014
0.026
0.04
0.045
0.048
0.051
0.053
0.056
0.059
0.061
0.064
0.065
0.066
0.067
0.068
0.067
0.065
0.063
0.062
0.06
0.058
0.057
0.056
0.055
0.055
0.054
0.055
0.056
0.057
0.057
0.058
0.059
0.059
0.06
0.06
0.061
0.062
0.063
0.065
0.067
0.069
0.071
0.072
0.074
0.075
0.077
0.079
0.08
0.082
0.083
0.086
0.089
0.094
0.1
0.106
0.11
0.113
0.114
0.116
0.116
0.117
0.117
0.117
0.118
0.118
0.119
0.12
0.12
0.121
0.12
0.118
0.114
0.108
0.102
0.094
0.086
0.075
0.063
0.051
0.041
0.032
0.025
0.019
0.013
0.008
0.003
0.0
-0.004
-0.008
-0.012
-0.016
-0.02
-0.023
-0.028
-0.033
-0.038
-0.043
-0.047
-0.049
-0.051
-0.053
-0.054
-0.056
-0.057
-0.058
-0.059
-0.06
-0.061
-0.062
-0.063
-0.064
-0.065
-0.066
-0.066
-0.067
-0.068
-0.068
-0.069
-0.069
-0.07
-0.071
-0.072
-0.073
-0.074
-0.075
-0.076
-0.077
-0.077
-0.078
-0.079
-0.08
-0.081
-0.082
-0.083
-0.085
-0.086
-0.088
-0.09
-0.092
-0.094
-0.096
-0.098
-0.1
-0.103
-0.105
-0.107
-0.109
-0.111
-0.113
-0.116
-0.117
-0.119
-0.121
-0.122
-0.122
-0.123
-0.123
-0.123
-0.123
-0.122
-0.122
-0.121
-0.121
-0.12
-0.12
-0.119
-0.118
-0.117
-0.116
-0.115
-0.114
-0.114
-0.113
-0.112
-0.112
-0.111
-0.111
-0.11
-0.109
-0.109
-0.108
-0.107
-0.106
-0.105
-0.103
-0.102
-0.101
-0.1
-0.099
-0.098
-0.096
-0.095
-0.093
-0.091
-0.089
-0.087
-0.085
-0.083
-0.081
-0.079
-0.077
-0.076
-0.074
-0.072
-0.07
-0.068
-0.066
-0.064
-0.062
-0.061
-0.059
-0.057
-0.055
-0.054
-0.052
-0.05
-0.048
-0.047
-0.045
-0.043
-0.042
-0.04
-0.039
-0.037
-0.036
-0.035
-0.034
-0.032
-0.031
-0.029
-0.027
-0.024
-0.02
-0.015
-0.01
-0.005
-0.001
0.0
0.003
0.005
0.007
0.008
0.009
0.009
0.01
0.01
0.011
0.011
0.011
0.01
0.01
0.009
0.008
0.007
0.006
0.005
0.003
0.002
0.001
0.0
0.0
0.0
0.001
0.002
0.004
0.005
0.008
0.012
0.015
0.019
0.024
0.037
0.064
0.103
0.145
0.194
0.214
0.228
0.225
0.181
0.113
0.04
-0.013
-0.032
-0.038
-0.029
-0.016
-0.012
-0.01
-0.008
-0.005
-0.003
-0.002
0.0
0.001
0.003
0.004
0.005
0.006
0.006
0.006
0.005
0.005
0.005
0.005
0.005
0.004
0.004
0.004
0.003
0.003
0.003
0.003
0.003
0.003
0.003
0.004
0.004
0.005
0.006
0.006
0.007
0.008
0.008
0.009
0.01
0.012
0.013
0.015
0.017
0.019
0.021
0.023
0.025
0.027
0.029
0.032
0.035
0.04
0.045
0.05
0.055
0.059
0.062
0.063
0.065
0.066
0.067
0.067
0.068
0.069
0.07
0.071
0.072
0.073
0.074
0.074
0.073
0.07
0.065
0.059
0.053
0.046
0.039
0.03
0.02
0.012
0.003
-0.004
-0.01
-0.013
-0.015
-0.017
-0.019
-0.021
-0.022
-0.024
-0.025
-0.027
-0.028
-0.029
-0.029
-0.03
-0.03
-0.03
-0.03
-0.03
-0.03
-0.029
-0.029
-0.029
-0.028
-0.028
-0.028
-0.028
-0.028
-0.028
-0.028
-0.028
-0.028
-0.028
-0.028
-0.028
-0.029
-0.029
-0.028
-0.028
-0.028
-0.028
-0.027
-0.027
-0.027
-0.026
-0.026
-0.025
-0.024
-0.023
-0.022
-0.021
-0.02
-0.019
-0.018
-0.017
-0.016
-0.015
-0.015
-0.014
-0.014
-0.013
-0.013
-0.012
-0.012
-0.012
-0.011
-0.011
-0.011
-0.011
-0.011
-0.011
-0.012
-0.012
-0.013
-0.014
-0.013
-0.012
-0.011
-0.01
-0.009
-0.008
-0.008
-0.009
-0.009
-0.009
-0.009
-0.009
-0.009
-0.008
-0.008
-0.008
-0.008
-0.007
-0.007
-0.007
-0.006
-0.006
-0.005
-0.005
-0.004
-0.003
-0.003
-0.002
-0.001
0.0
0.0
0.0
0.001
0.002
0.002
0.003
0.003
0.004
0.005
0.005
0.006
0.007
0.008
0.008
0.009
0.01
0.011
0.012
0.013
0.014
0.014
0.014
0.014
0.014
0.014
0.014
0.014
0.014
0.014
0.014
0.014
0.015
0.015
0.016
0.016
0.017
0.017
0.017
0.017
0.017
0.017
0.017
0.018
0.019
0.022
0.024
0.027
0.03
0.032
0.034
0.035
0.037
0.038
0.039
0.04
0.04
0.041
0.041
0.041
0.041
0.041
0.041
0.041
0.041
0.04
0.04
0.04
0.039
0.039
0.038
0.037
0.036
0.035
0.034
0.032
0.031
0.03
0.03
0.03
0.031
0.032
0.033
0.035
0.039
0.042
0.045
0.048
0.052
0.056
0.069
0.098
0.141
0.19
0.211
0.225
0.233
0.213
0.148
0.071
0.0
-0.038
-0.051
-0.058
-0.06
-0.056
-0.049
-0.043
-0.041
-0.039
-0.038
-0.037
-0.036
-0.034
-0.032
-0.03
-0.029
-0.029
-0.028
-0.027
-0.027
-0.026
-0.025
-0.025
-0.024
-0.023
-0.022
-0.022
-0.02
-0.019
-0.018
-0.016
-0.015
-0.014
-0.013
-0.012
-0.011
-0.01
-0.009
-0.008
-0.007
-0.006
-0.005
-0.004
-0.003
-0.002
-0.001
0.0
0.0
0.002
0.003
0.006
0.01
0.015
0.021
0.026
0.032
0.038
0.043
0.048
0.052
0.055
0.059
0.062
0.066
0.068
0.071
0.073
0.075
0.076
0.076
0.076
0.075
0.075
0.073
0.072
0.07
0.067
0.064
0.06
0.056
0.051
0.045
0.031
0.018
0.006
-0.001
-0.008
-0.014
-0.018
-0.021
-0.023
-0.023
-0.023
-0.024
-0.024
-0.024
-0.025
-0.026
-0.026
-0.027
-0.027
-0.028
-0.028
-0.029
-0.029
-0.029
-0.029
-0.029
-0.029
-0.029
-0.029
-0.028
-0.028
-0.028
-0.027
-0.027
-0.027
-0.026
-0.026
-0.026
-0.025
-0.025
-0.024
-0.023
-0.022
-0.022
-0.021
-0.02
-0.019
-0.018
-0.017
-0.016
-0.015
-0.014
-0.013
-0.013
-0.012
-0.011
-0.01
-0.01
-0.009
-0.009
-0.008
-0.008
-0.007
-0.007
-0.007
-0.007
-0.007
-0.007
-0.007
-0.007
-0.008
-0.008
-0.008
-0.008
-0.009
-0.009
-0.009
-0.009
-0.009
-0.009
-0.009
-0.008
-0.007
-0.006
-0.004
-0.002
-0.001
0.0
0.0
-0.001
-0.002
-0.004
-0.005
-0.005
-0.005
-0.006
-0.006
-0.006
-0.007
-0.007
-0.007
-0.008
-0.008
-0.009
-0.01
-0.01
-0.011
-0.012
-0.012
-0.013
-0.013
-0.014
-0.014
-0.015
-0.015
-0.016
-0.016
-0.017
-0.017
-0.018
-0.019
-0.019
-0.02
-0.02
-0.02
-0.021
-0.021
-0.022
-0.022
-0.022
-0.023
-0.023
-0.023
-0.023
-0.024
-0.024
-0.024
-0.024
-0.023
-0.023
-0.022
-0.021
-0.02
-0.018
-0.017
-0.015
-0.014
-0.012
-0.011
-0.009
-0.007
-0.006
-0.005
-0.003
-0.002
0.0
0.001
0.003
0.006
0.008
0.01
0.012
0.013
0.012
0.011
0.008
0.005
0.0
-0.003
-0.007
-0.011
-0.015
-0.018
-0.022
-0.025
-0.029
-0.032
-0.035
-0.037
-0.039
-0.041
-0.042
-0.042
-0.042
-0.042
-0.042
-0.043
-0.043
-0.043
-0.044
-0.045
-0.046
-0.046
-0.04
-0.03
0.001
0.037
0.08
0.125
0.157
0.168
0.157
0.123
0.058
-0.012
-0.072
-0.099
-0.108
-0.097
-0.077
-0.06
-0.055
-0.054
-0.053
-0.053
-0.052
-0.052
-0.051
-0.051
-0.05
-0.05
-0.05
-0.05
-0.05
-0.051
-0.052
-0.053
-0.054
-0.055
-0.055
-0.055
-0.055
-0.055
-0.055
-0.054
-0.054
-0.053
-0.053
-0.052
-0.052
-0.051
-0.05
-0.049
-0.048
-0.047
-0.047
-0.045
-0.044
-0.043
-0.042
-0.041
-0.04
-0.038
-0.037
-0.035
-0.033
-0.031
-0.029
-0.026
-0.021
-0.017
-0.012
-0.008
-0.005
-0.002
0.001
0.005
0.01
0.016
0.024
0.033
0.042
0.047
0.052
0.056
0.059
0.062
0.064
0.065
0.065
0.065
0.064
0.062
0.06
0.057
0.053
0.049
0.045
0.038
0.031
0.024
0.018
0.013
0.01
0.008
0.006
0.005
0.003
0.002
0.001
0.0
0.0
-0.001
-0.002
-0.003
-0.004
-0.005
-0.005
-0.006
-0.006
-0.007
-0.007
-0.007
-0.007
-0.008
-0.008
-0.008
-0.008
-0.008
-0.009
-0.009
-0.009
-0.009
-0.009
-0.009
-0.008
-0.008
-0.008
-0.007
-0.007
-0.007
-0.006
-0.006
-0.005
-0.005
-0.005
-0.004
-0.004
-0.004
-0.003
-0.002
-0.002
-0.002
-0.001
-0.001
0.0
0.0
0.0
0.0
0.0
0.0
0.0
0.0
0.0
0.0
0.0
0.0
0.001
0.001
0.001
0.001
0.001
0.001
0.001
0.001
0.0
0.0
0.0
0.0
0.0
0.0
0.0
0.0
0.0
0.0
-0.001
-0.001
-0.001
-0.001
-0.001
-0.001
-0.001
-0.001
-0.001
-0.001
-0.001
-0.001
-0.001
-0.001
-0.001
-0.001
-0.001
-0.001
-0.001
-0.001
-0.001
-0.001
-0.001
-0.001
-0.001
-0.001
-0.001
-0.001
-0.002
-0.002
-0.002
-0.002
-0.002
-0.002
-0.002
-0.002
-0.002
-0.002
-0.001
-0.001
-0.001
-0.002
-0.002
-0.002
-0.002
-0.002
-0.002
-0.002
-0.002
-0.002
-0.002
-0.002
-0.002
-0.002
-0.002
-0.002
-0.002
-0.002
-0.002
-0.001
-0.001
-0.001
0.0
0.0
0.0
0.001
0.002
0.003
0.003
0.004
0.005
0.006
0.007
0.008
0.009
0.01
0.011
0.013
0.016
0.019
0.021
0.023
0.024
0.025
0.026
0.027
0.027
0.028
0.028
0.029
0.03
0.031
0.031
0.031
0.028
0.023
0.018
0.013
0.01
0.006
0.002
0.0
-0.003
-0.006
-0.009
-0.01
-0.011
-0.012
-0.013
-0.014
-0.015
-0.015
-0.016
-0.018
-0.02
-0.02
-0.016
-0.007
0.015
0.048
0.09
0.138
0.181
0.203
0.202
0.172
0.112
0.042
-0.023
-0.067
-0.081
-0.074
-0.061
-0.043
-0.034
-0.031
-0.029
-0.027
-0.025
-0.024
-0.023
-0.022
-0.021
-0.02
-0.02
-0.019
-0.019
-0.019
-0.019
-0.019
-0.018
-0.018
-0.018
-0.018
-0.018
-0.018
-0.018
-0.018
-0.017
-0.017
-0.017
-0.016
-0.016
-0.015
-0.015
-0.014
-0.014
-0.013
-0.013
-0.012
-0.011
-0.01
-0.009
-0.007
-0.005
-0.004
-0.002
-0.001
0.0
0.001
0.003
0.004
0.006
0.008
0.011
0.014
0.018
0.023
0.028
0.033
0.038
0.042
0.046
0.048
0.051
0.053
0.055
0.057
0.058
0.058
0.058
0.057
0.056
0.054
0.052
0.05
0.047
0.043
0.036
0.029
0.022
0.015
0.008
0.001
-0.006
-0.011
-0.014
-0.018
-0.02
-0.022
-0.024
-0.025
-0.027
-0.028
-0.03
-0.03
-0.031
-0.032
-0.033
-0.034
-0.035
-0.035
-0.036
-0.036
-0.037
-0.037
-0.037
-0.038
-0.038
-0.038
-0.038
-0.038
-0.038
-0.039
-0.039
-0.038
-0.038
-0.037
-0.036
-0.036
-0.035
-0.034
-0.032
-0.031
-0.03
-0.029
-0.027
-0.026
-0.025
-0.024
-0.023
-0.022
-0.021
-0.021
-0.02
-0.019
-0.018
-0.017
-0.017
-0.016
-0.015
-0.014
-0.014
-0.013
-0.013
-0.012
-0.012
-0.012
-0.011
-0.011
-0.011
-0.011
-0.011
-0.01
-0.01
-0.01
-0.01
-0.01
-0.01
-0.01
-0.01
-0.01
-0.01
-0.01
-0.01
-0.01
-0.01
-0.009
-0.009
-0.009
-0.009
-0.009
-0.009
-0.009
-0.009
-0.01
-0.01
-0.01
-0.01
-0.01
-0.009
-0.009
-0.008
-0.007
-0.007
-0.006
-0.006
-0.006
-0.005
-0.005
-0.005
-0.005
-0.005
-0.004
-0.004
-0.003
-0.003
-0.003
-0.002
-0.002
-0.002
-0.001
-0.001
-0.001
0.0
0.0
0.0
0.0
0.0
0.0
0.0
0.0
0.0
0.0
0.0
0.0
0.0
0.0
0.0
0.001
0.001
0.001
0.002
0.002
0.002
0.003
0.003
0.004
0.004
0.004
0.005
0.006
0.007
0.008
0.01
0.012
0.014
0.016
0.019
0.027
0.033
0.036
0.038
0.04
0.042
0.044
0.045
0.045
0.043
0.04
0.036
0.032
0.028
0.022
0.015
0.008
0.002
-0.001
-0.004
-0.007
-0.01
-0.012
-0.013
-0.015
-0.016
-0.017
-0.017
-0.018
-0.018
-0.019
-0.019
-0.02
-0.021
-0.022
-0.022
-0.019
-0.012
0.007
0.038
0.077
0.124
0.168
0.198
0.201
0.183
0.127
0.053
-0.02
-0.075
-0.097
-0.098
-0.079
-0.053
-0.031
-0.026
-0.023
-0.021
-0.019
-0.018
-0.016
-0.015
-0.013
-0.012
-0.011
-0.01
-0.009
-0.009
-0.008
-0.008
-0.008
-0.008
-0.007
-0.007
-0.006
-0.005
-0.005
-0.004
-0.003
-0.002
-0.001
0.0
0.0
0.001
0.001
0.002
0.003
0.003
0.004
0.005
0.007
0.008
0.009
0.011
0.013
0.015
0.016
0.018
0.019
0.021
0.022
0.024
0.026
0.029
0.033
0.037
0.041
0.045
0.049
0.053
0.057
0.061
0.066
0.068
0.069
0.07
0.07
0.071
0.071
0.072
0.073
0.073
0.073
0.073
0.071
0.068
0.064
0.06
0.053
0.041
0.032
0.025
0.019
0.012
0.006
0.001
-0.003
-0.007
-0.01
-0.013
-0.015
-0.016
-0.017
-0.017
-0.018
-0.019
-0.019
-0.02
-0.02
-0.02
-0.02
-0.021
-0.021
-0.022
-0.022
-0.022
-0.022
-0.022
-0.022
-0.022
-0.022
-0.021
-0.021
-0.021
-0.02
-0.02
-0.02
-0.02
-0.019
-0.019
-0.018
-0.018
-0.017
-0.016
-0.016
-0.015
-0.014
-0.013
-0.013
-0.012
-0.012
-0.011
-0.01
-0.01
-0.009
-0.009
-0.008
-0.007
-0.006
-0.005
-0.004
-0.003
-0.003
-0.002
-0.001
-0.001
0.0
0.0
0.0
0.001
0.001
0.002
0.002
0.002
0.003
0.003
0.003
0.003
0.003
0.003
0.002
0.002
0.002
0.001
0.001
0.0
0.0
0.0
0.0
-0.001
-0.001
-0.001
-0.002
-0.002
-0.003
-0.003
-0.004
-0.004
-0.005
-0.006
-0.006
-0.007
-0.007
-0.007
-0.008
-0.008
-0.009
-0.009
-0.009
-0.009
-0.01
-0.01
-0.01
-0.011
-0.011
-0.011
-0.011
-0.012
-0.012
-0.012
-0.012
-0.012
-0.012
-0.012
-0.012
-0.012
-0.012
-0.011
-0.011
-0.011
-0.011
-0.011
-0.011
-0.01
-0.01
-0.009
-0.009
-0.008
-0.008
-0.007
-0.007
-0.007
-0.006
-0.006
-0.006
-0.006
-0.006
-0.006
-0.006
-0.006
-0.006
-0.006
-0.006
-0.005
-0.004
-0.003
-0.003
-0.002
-0.001
0.0
0.0
0.001
0.002
0.003
0.005
0.006
0.007
0.008
0.01
0.012
0.014
0.016
0.017
0.019
0.02
0.02
0.021
0.02
0.02
0.019
0.018
0.016
0.014
0.012
0.01
0.008
0.005
0.0
-0.004
-0.01
-0.015
-0.018
-0.02
-0.022
-0.024
-0.026
-0.027
-0.029
-0.03
-0.031
-0.032
-0.032
-0.032
-0.032
-0.031
-0.031
-0.03
-0.028
-0.027
-0.025
-0.023
-0.021
-0.008
0.014
0.045
0.082
0.119
0.145
0.154
0.144
0.111
0.051
-0.015
-0.072
-0.096
-0.104
-0.096
-0.072
-0.048
-0.041
-0.038
-0.035
-0.032
-0.031
-0.03
-0.029
-0.028
-0.027
-0.027
-0.027
-0.027
-0.027
-0.027
-0.027
-0.027
-0.026
-0.026
-0.025
-0.025
-0.024
-0.023
-0.023
-0.022
-0.021
-0.021
-0.02
-0.019
-0.019
-0.018
-0.017
-0.017
-0.016
-0.015
-0.014
-0.013
-0.012
-0.011
-0.01
-0.008
-0.007
-0.005
-0.002
0.0
0.001
0.002
0.003
0.005
0.006
0.008
0.011
0.015
0.019
0.023
0.029
0.033
0.037
0.04
0.043
0.045
0.047
0.048
0.049
0.05
0.052
0.053
0.054
0.054
0.053
0.052
0.05
0.047
0.043
0.039
0.031
0.025
0.019
0.011
0.003
-0.003
-0.01
-0.016
-0.02
-0.024
-0.026
-0.027
-0.029
-0.03
-0.031
-0.031
-0.031
-0.03
-0.029
-0.027
-0.026
-0.025
-0.024
-0.023
-0.022
-0.021
-0.02
-0.02
-0.019
-0.019
-0.018
-0.018
-0.018
-0.018
-0.018
-0.018
-0.018
-0.018
-0.018
-0.018
-0.018
-0.018
-0.018
-0.018
-0.017
-0.017
-0.017
-0.016
-0.016
-0.015
-0.015
-0.015
-0.014
-0.014
-0.013
-0.012
-0.011
-0.011
-0.01
-0.009
-0.009
-0.008
-0.007
-0.007
-0.006
-0.006
-0.005
-0.005
-0.005
-0.005
-0.005
-0.005
-0.005
-0.005
-0.005
-0.005
-0.005
-0.005
-0.005
-0.005
-0.006
-0.006
-0.006
-0.007
-0.007
-0.007
-0.008
-0.008
-0.008
-0.008
-0.009
-0.009
-0.009
-0.009
-0.009
-0.01
-0.01
-0.01
-0.01
-0.01
-0.011
-0.011
-0.011
-0.011
-0.011
-0.011
-0.011
-0.011
-0.011
-0.012
-0.012
-0.012
-0.013
-0.013
-0.013
-0.013
-0.013
-0.013
-0.014
-0.014
-0.014
-0.014
-0.014
-0.015
-0.015
-0.015
-0.015
-0.016
-0.016
-0.016
-0.016
-0.016
-0.016
-0.016
-0.016
-0.016
-0.016
-0.016
-0.017
-0.017
-0.017
-0.017
-0.017
-0.017
-0.017
-0.017
-0.017
-0.017
-0.017
-0.016
-0.016
-0.016
-0.015
-0.015
-0.015
-0.014
-0.013
-0.012
-0.011
-0.01
-0.008
-0.006
-0.004
-0.002
0.0
0.001
0.004
0.008
0.012
0.016
0.019
0.021
0.022
0.023
0.024
0.025
0.026
0.027
0.028
0.029
0.028
0.027
0.024
0.02
0.016
0.012
0.007
0.001
-0.002
-0.005
-0.008
-0.011
-0.013
-0.015
-0.017
-0.018
-0.019
-0.019
-0.019
-0.019
-0.018
-0.017
-0.015
-0.014
-0.011
-0.001
0.021
0.054
0.095
0.14
0.182
0.203
0.202
0.172
0.11
0.035
-0.032
-0.074
-0.088
-0.084
-0.07
-0.048
-0.033
-0.027
-0.026
-0.024
-0.022
-0.021
-0.021
-0.02
-0.019
-0.018
-0.018
-0.018
-0.017
-0.017
-0.017
-0.016
-0.016
-0.015
-0.015
-0.015
-0.014
-0.014
-0.014
-0.014
-0.013
-0.013
-0.012
-0.011
-0.01
-0.009
-0.008
-0.005
-0.002
0.0
0.003
0.006
0.01
0.012
0.015
0.017
0.019
0.022
0.024
0.027
0.029
0.032
0.035
0.038
0.042
0.046
0.049
0.053
0.056
0.059
0.062
0.065
0.067
0.068
0.069
0.069
0.07
0.07
0.071
0.072
0.072
0.073
0.073
0.073
0.07
0.067
0.063
0.058
0.051
0.044
0.038
0.031
0.022
0.014
0.007
0.001
-0.004
-0.012
-0.015
-0.016
-0.018
-0.019
-0.02
-0.021
-0.023
-0.024
-0.024
-0.025
-0.026
-0.027
-0.027
-0.027
-0.027
-0.028
-0.028
-0.028
-0.028
-0.028
-0.028
-0.027
-0.027
-0.027
-0.027
-0.027
-0.027
-0.026
-0.026
-0.026
-0.025
-0.025
-0.024
-0.023
-0.022
-0.021
-0.02
-0.019
-0.018
-0.017
-0.016
-0.015
-0.014
-0.013
-0.012
-0.011
-0.01
-0.009
-0.008
-0.006
-0.005
-0.004
-0.002
-0.001
0.0
0.0
0.0
0.0
0.0
0.0
0.0
0.0
0.0
0.0
0.0
0.0
0.0
-0.001
-0.001
-0.001
-0.001
-0.002
-0.002
-0.002
-0.003
-0.003
-0.003
-0.004
-0.004
-0.004
-0.004
-0.004
-0.005
-0.005
-0.005
-0.005
-0.006
-0.006
-0.006
-0.007
-0.007
-0.007
-0.007
-0.008
-0.008
-0.008
-0.008
-0.008
-0.009
-0.009
-0.009
-0.009
-0.009
-0.009
-0.009
-0.01
-0.01
-0.01
-0.01
-0.01
-0.011
-0.011
-0.011
-0.012
-0.012
-0.012
-0.012
-0.013
-0.013
-0.012
-0.012
-0.012
-0.012
-0.012
-0.012
-0.012
-0.012
-0.012
-0.012
-0.012
-0.012
-0.012
-0.011
-0.011
-0.011
-0.01
-0.01
-0.01
-0.01
-0.009
-0.009
-0.009
-0.009
-0.008
-0.008
-0.007
-0.006
-0.005
-0.004
-0.002
-0.001
0.0
0.002
0.003
0.005
0.01
0.014
0.017
0.018
0.019
0.02
0.021
0.022
0.023
0.024
0.024
0.023
0.021
0.018
0.015
0.012
0.009
0.006
0.002
-0.001
-0.004
-0.007
-0.009
-0.011
-0.014
-0.016
-0.018
-0.02
-0.022
-0.024
-0.025
-0.027
-0.03
-0.035
-0.035
-0.031
-0.018
0.005
0.039
0.084
0.134
0.179
0.2
0.198
0.164
0.099
0.023
-0.044
-0.083
-0.096
-0.09
-0.075
-0.053
-0.044
-0.036
-0.033
-0.032
-0.031
-0.03
-0.029
-0.028
-0.027
-0.026
-0.026
-0.026
-0.026
-0.025
-0.025
-0.025
-0.025
-0.025
-0.025
-0.025
-0.024
-0.024
-0.024
-0.023
-0.023
-0.023
-0.023
-0.022
-0.022
-0.022
-0.021
-0.021
-0.02
-0.019
-0.018
-0.018
-0.017
-0.015
-0.014
-0.013
-0.01
-0.007
-0.004
-0.001
0.001
0.003
0.005
0.008
0.01
0.012
0.015
0.017
0.02
0.022
0.025
0.029
0.032
0.036
0.04
0.044
0.049
0.053
0.059
0.063
0.066
0.069
0.071
0.072
0.074
0.075
0.075
0.073
0.07
0.065
0.061
0.054
0.046
0.039
0.032
0.024
0.016
0.008
0.004
0.001
0.0
-0.001
-0.003
-0.004
-0.006
-0.007
-0.008
-0.008
-0.009
-0.009
-0.01
-0.01
-0.01
-0.01
-0.01
-0.01
-0.01
-0.011
-0.011
-0.011
-0.011
-0.011
-0.011
-0.012
-0.012
-0.012
-0.012
-0.012
-0.011
-0.011
-0.011
-0.011
-0.011
-0.011
-0.011
-0.01
-0.01
-0.01
-0.009
-0.009
-0.008
-0.007
-0.007
-0.006
-0.006
-0.005
-0.005
-0.004
-0.004
-0.004
-0.004
-0.003
-0.003
-0.003
-0.003
-0.003
-0.003
-0.003
-0.003
-0.003
-0.004
-0.004
-0.005
-0.005
-0.006
-0.007
-0.007
-0.008
-0.009
-0.009
-0.01
-0.01
-0.011
-0.011
-0.012
-0.012
-0.012
-0.013
-0.013
-0.013
-0.013
-0.014
-0.014
-0.014
-0.014
-0.014
-0.014
-0.014
-0.014
-0.014
-0.014
-0.013
-0.013
-0.013
-0.012
-0.012
-0.012
-0.012
-0.011
-0.011
-0.011
-0.01
-0.01
-0.01
-0.01
-0.009
-0.009
-0.009
-0.009
-0.009
-0.009
-0.008
-0.008
-0.008
-0.007
-0.007
-0.006
-0.005
-0.005
-0.004
-0.004
-0.003
-0.003
-0.002
-0.002
-0.002
-0.002
-0.001
-0.001
-0.001
-0.001
0.0
0.0
0.0
0.0
0.001
0.001
0.002
0.002
0.003
0.004
0.005
0.006
0.007
0.009
0.012
0.014
0.016
0.017
0.018
0.019
0.021
0.022
0.023
0.024
0.025
0.026
0.027
0.028
0.028
0.029
0.029
0.028
0.027
0.026
0.024
0.022
0.02
0.018
0.015
0.012
0.006
0.0
-0.003
-0.008
-0.011
-0.013
-0.015
-0.018
-0.019
-0.02
-0.021
-0.021
-0.021
-0.021
-0.02
-0.019
-0.017
-0.015
-0.013
-0.01
0.003
0.027
0.06
0.101
0.146
0.181
0.193
0.184
0.154
0.089
0.015
-0.047
-0.076
-0.086
-0.078
-0.054
-0.03
-0.023
-0.019
-0.015
-0.012
-0.009
-0.007
-0.005
-0.002
0.001
0.004
0.007
0.008
0.009
0.009
0.01
0.011
0.012
0.012
0.013
0.013
0.013
0.013
0.014
0.014
0.014
0.014
0.014
0.014
0.015
0.015
0.016
0.016
0.017
0.017
0.018
0.018
0.018
0.019
0.019
0.02
0.02
0.021
0.022
0.023
0.024
0.025
0.026
0.029
0.033
0.039
0.043
0.048
0.052
0.056
0.061
0.066
0.071
0.074
0.076
0.078
0.08
0.081
0.082
0.083
0.084
0.084
0.083
0.082
0.081
0.079
0.077
0.075
0.071
0.066
0.056
0.047
0.038
0.029
0.022
0.014
0.007
-0.001
-0.007
-0.011
-0.014
-0.017
