0.044
0.043
0.042
0.041
0.041
0.041
0.041
0.04
0.04
0.04
0.04
0.04
0.04
0.039
0.038
0.038
0.037
0.037
0.037
0.037
0.038
0.039
0.04
0.042
0.043
0.044
0.044
0.045
0.045
0.045
0.046
0.046
0.047
0.048
0.05
0.052
0.053
0.054
0.054
0.054
0.053
0.053
0.052
0.051
0.05
0.049
0.048
0.047
0.046
0.046
0.046
0.045
0.044
0.043
0.041
0.04
0.039
0.037
0.036
0.033
0.031
0.029
0.026
0.024
0.022
0.019
0.017
0.014
0.012
0.01
0.008
0.007
0.005
0.003
0.001
0.0
-0.001
-0.002
-0.004
-0.006
-0.008
-0.01
-0.011
-0.011
-0.011
-0.01
-0.008
-0.006
-0.003
0.0
0.005
0.01
0.016
0.021
0.027
0.032
0.038
0.044
0.05
0.055
0.058
0.06
0.059
0.058
0.054
0.05
0.044
0.036
0.004
-0.064
-0.167
-0.309
-0.479
-0.654
-0.795
-0.845
-0.832
-0.709
-0.499
-0.249
-0.017
0.154
0.243
0.268
0.274
0.278
0.254
0.215
0.174
0.15
0.138
0.129
0.118
0.107
0.098
0.09
0.083
0.078
0.073
0.069
0.065
0.061
0.057
0.054
0.051
0.047
0.042
0.038
0.034
0.029
0.025
0.02
0.016
0.011
0.005
0.0
-0.008
-0.016
-0.025
-0.034
-0.042
-0.051
-0.065
-0.084
-0.105
-0.126
-0.147
-0.165
-0.183
-0.202
-0.221
-0.237
-0.248
-0.258
-0.27
-0.283
-0.297
-0.315
-0.323
-0.328
-0.332
-0.336
-0.339
-0.337
-0.327
-0.311
-0.293
-0.268
-0.252
-0.236
-0.219
-0.198
-0.176
-0.155
-0.134
-0.117
-0.102
-0.087
-0.071
-0.051
-0.029
-0.014
0.004
0.026
0.046
0.069
0.084
0.093
0.099
0.102
0.101
0.095
0.088
0.082
0.077
0.073
0.069
0.066
0.063
0.06
0.059
0.058
0.058
0.058
0.059
0.061
0.065
0.068
0.072
0.075
0.077
0.08
0.084
0.088
0.091
0.091
0.089
0.085
0.079
0.074
0.069
0.065
0.06
0.054
0.05
0.046
0.044
0.044
0.045
0.046
0.047
0.049
0.052
0.054
0.056
0.058
0.06
0.062
0.065
0.067
0.07
0.071
0.071
0.071
0.07
0.07
0.07
0.07
0.069
0.068
0.067
0.068
0.069
0.069
0.07
0.07
0.071
0.071
0.071
0.071
0.071
0.069
0.066
0.064
0.061
0.059
0.057
0.055
0.054
0.053
0.051
0.05
0.049
0.047
0.044
0.042
0.04
0.038
0.036
0.033
0.031
0.029
0.027
0.026
0.025
0.023
0.022
0.02
0.019
0.017
0.014
0.01
0.007
0.003
0.0
-0.001
-0.002
-0.002
-0.002
-0.001
0.0
0.002
0.004
0.008
0.011
0.015
0.019
0.023
0.033
0.054
0.069
0.077
0.081
0.086
0.09
0.093
0.095
0.096
0.096
0.095
0.093
0.09
0.086
0.071
0.014
-0.069
-0.187
-0.34
-0.516
-0.693
-0.827
-0.881
-0.834
-0.684
-0.459
-0.202
0.027
0.199
0.275
0.3
0.284
0.257
0.227
0.201
0.183
0.168
0.159
0.153
0.148
0.143
0.136
0.131
0.125
0.121
0.117
0.114
0.111
0.108
0.105
0.101
0.098
0.095
0.092
0.088
0.082
0.075
0.066
0.059
0.053
0.045
0.037
0.028
0.017
0.008
0.0
-0.008
-0.016
-0.025
-0.042
-0.066
-0.085
-0.099
-0.113
-0.127
-0.141
-0.154
-0.171
-0.194
-0.214
-0.228
-0.242
-0.255
-0.269
-0.28
-0.286
-0.291
-0.294
-0.297
-0.298
-0.297
-0.293
-0.288
-0.28
-0.266
-0.24
-0.213
-0.188
-0.164
-0.142
-0.122
-0.1
-0.077
-0.051
-0.029
-0.012
0.002
0.017
0.032
0.05
0.057
0.06
0.062
0.064
0.066
0.068
0.07
0.071
0.073
0.074
0.075
0.076
0.076
0.076
0.076
0.076
0.076
0.076
0.075
0.075
0.075
0.076
0.076
0.076
0.075
0.075
0.076
0.076
0.076
0.076
0.075
0.073
0.071
0.07
0.068
0.066
0.064
0.062
0.061
0.06
0.058
0.057
0.055
0.053
0.049
0.045
0.041
0.039
0.038
0.038
0.04
0.042
0.044
0.046
0.047
0.049
0.051
0.053
0.056
0.058
0.059
0.06
0.061
0.061
0.061
0.061
0.061
0.061
0.06
0.06
0.061
0.062
0.063
0.064
0.065
0.065
0.064
0.062
0.061
0.059
0.057
0.055
0.052
0.05
0.048
0.047
0.046
0.045
0.045
0.043
0.041
0.039
0.036
0.033
0.03
0.026
0.022
0.019
0.016
0.013
0.011
0.009
0.008
0.006
0.005
0.003
0.002
0.001
0.0
-0.001
-0.003
-0.005
-0.008
-0.01
-0.012
-0.014
-0.015
-0.015
-0.015
-0.015
-0.014
-0.012
-0.01
-0.007
-0.004
-0.001
0.001
0.005
0.009
0.014
0.022
0.041
0.048
0.052
0.056
0.059
0.061
0.063
0.064
0.063
0.061
0.057
0.051
0.033
-0.006
-0.073
-0.18
-0.326
-0.507
-0.698
-0.851
-0.905
-0.89
-0.759
-0.535
-0.28
-0.05
0.116
0.18
0.203
0.211
0.206
0.194
0.181
0.164
0.147
0.137
0.13
0.125
0.121
0.115
0.109
0.103
0.097
0.092
0.088
0.083
0.079
0.075
0.072
0.068
0.065
0.062
0.059
0.056
0.053
0.049
0.045
0.038
0.03
0.023
0.015
0.008
0.0
-0.006
-0.013
-0.02
-0.033
-0.052
-0.071
-0.09
-0.108
-0.128
-0.15
-0.174
-0.195
-0.211
-0.222
-0.233
-0.244
-0.261
-0.275
-0.286
-0.293
-0.295
-0.295
-0.295
-0.296
-0.296
-0.297
-0.296
-0.288
-0.277
-0.263
-0.244
-0.227
-0.205
-0.18
-0.157
-0.133
-0.114
-0.099
-0.081
-0.066
-0.053
-0.041
-0.03
-0.017
-0.001
0.015
0.031
0.044
0.056
0.067
0.074
0.08
0.085
0.088
0.091
0.091
0.092
0.092
0.092
0.092
0.093
0.093
0.094
0.093
0.092
0.088
0.085
0.082
0.08
0.078
0.076
0.075
0.075
0.074
0.074
0.074
0.073
0.073
0.073
0.072
0.071
0.071
0.07
0.07
0.069
0.069
0.069
0.069
0.069
0.069
0.069
0.069
0.069
0.068
0.068
0.067
0.066
0.065
0.064
0.064
0.063
0.063
0.063
0.064
0.064
0.065
0.065
0.066
0.068
0.069
0.07
0.071
0.071
0.07
0.07
0.069
0.069
0.068
0.067
0.066
0.065
0.065
0.065
0.065
0.066
0.066
0.065
0.065
0.065
0.065
0.064
0.062
0.06
0.058
0.056
0.055
0.054
0.053
0.052
0.051
0.049
0.047
0.045
0.042
0.039
0.035
0.031
0.026
0.022
0.018
0.015
0.011
0.007
0.003
0.0
-0.005
-0.009
-0.012
-0.014
-0.015
-0.015
-0.014
-0.013
-0.012
-0.009
-0.005
-0.001
0.001
0.005
0.009
0.014
0.025
0.037
0.049
0.057
0.062
0.067
0.072
0.076
0.079
0.08
0.08
0.079
0.077
0.074
0.07
0.064
0.04
-0.007
-0.09
-0.215
-0.381
-0.571
-0.754
-0.883
-0.923
-0.852
-0.677
-0.448
-0.21
-0.01
0.123
0.198
0.246
0.266
0.282
0.281
0.246
0.205
0.162
0.12
0.102
0.096
0.093
0.092
0.091
0.089
0.087
0.085
0.083
0.08
0.077
0.074
0.07
0.067
0.063
0.058
0.051
0.044
0.037
0.032
0.029
0.025
0.021
0.016
0.008
0.0
-0.009
-0.019
-0.031
-0.044
-0.058
-0.071
-0.083
-0.094
-0.107
-0.119
-0.135
-0.155
-0.174
-0.197
-0.218
-0.233
-0.249
-0.261
-0.271
-0.282
-0.295
-0.304
-0.311
-0.318
-0.322
-0.322
-0.319
-0.313
-0.304
-0.288
-0.262
-0.238
-0.215
-0.194
-0.171
-0.146
-0.122
-0.104
-0.093
-0.081
-0.069
-0.05
-0.022
0.0
0.018
0.036
0.046
0.053
0.059
0.063
0.067
0.07
0.072
0.073
0.074
0.075
0.076
0.077
0.078
0.079
0.081
0.083
0.084
0.085
0.086
0.088
0.089
0.09
0.091
0.091
0.092
0.093
0.097
0.1
0.094
0.082
0.071
0.06
0.053
0.051
0.05
0.049
0.047
0.048
0.058
0.065
0.07
0.074
0.077
0.079
0.081
0.083
0.084
0.086
0.087
0.087
0.087
0.088
0.089
0.09
0.091
0.091
0.092
0.092
0.091
0.091
0.091
0.09
0.089
0.089
0.09
0.091
0.091
0.09
0.09
0.089
0.088
0.088
0.088
0.087
0.086
0.085
0.085
0.085
0.086
0.087
0.087
0.086
0.084
0.083
0.082
0.081
0.078
0.075
0.071
0.067
0.064
0.062
0.061
0.06
0.058
0.056
0.054
0.052
0.05
0.048
0.045
0.042
0.039
0.037
0.035
0.033
0.031
0.029
0.026
0.023
0.018
0.009
0.003
0.0
0.0
-0.001
-0.003
-0.003
-0.004
-0.004
-0.003
-0.001
0.003
0.009
0.016
0.026
0.044
0.057
0.064
0.07
0.074
0.077
0.079
0.08
0.081
0.082
0.082
0.081
0.08
0.077
0.073
0.068
0.063
0.039
-0.024
-0.126
-0.27
-0.451
-0.646
-0.816
-0.901
-0.898
-0.796
-0.582
-0.326
-0.083
0.097
0.205
0.247
0.262
0.261
0.243
0.217
0.185
0.162
0.147
0.137
0.128
0.118
0.106
0.091
0.082
0.077
0.074
0.071
0.069
0.067
0.064
0.062
0.059
0.057
0.055
0.053
0.05
0.046
0.038
0.028
0.018
0.009
0.0
-0.007
-0.016
-0.024
-0.036
-0.05
-0.065
-0.078
-0.088
-0.1
-0.111
-0.125
-0.141
-0.155
-0.17
-0.185
-0.198
-0.214
-0.237
-0.256
-0.27
-0.286
-0.3
-0.312
-0.321
-0.327
-0.332
-0.336
-0.339
-0.342
-0.342
-0.339
-0.333
-0.324
-0.31
-0.283
-0.257
-0.23
-0.199
-0.173
-0.151
-0.126
-0.1
-0.073
-0.052
-0.039
-0.026
-0.012
-0.002
0.004
0.01
0.017
0.024
0.031
0.037
0.039
0.042
0.044
0.047
0.05
0.053
0.056
0.058
0.059
0.061
0.063
0.065
0.066
0.066
0.067
0.067
0.067
0.068
0.067
0.067
0.066
0.065
0.065
0.064
0.063
0.06
0.058
0.055
0.053
0.052
0.05
0.048
0.045
0.043
0.041
0.039
0.038
0.037
0.035
0.033
0.032
0.031
0.031
0.031
0.031
0.03
0.03
0.03
0.031
0.032
0.033
0.034
0.035
0.036
0.038
0.04
0.042
0.044
0.046
0.048
0.049
0.05
0.051
0.052
0.053
0.054
0.055
0.057
0.058
0.058
0.057
0.056
0.054
0.052
0.05
0.048
0.046
0.044
0.043
0.042
0.041
0.04
0.04
0.039
0.039
0.038
0.038
0.038
0.037
0.035
0.032
0.029
0.026
0.024
0.021
0.019
0.016
0.013
0.011
0.008
0.004
0.0
-0.004
-0.01
-0.015
-0.019
-0.023
-0.025
-0.027
-0.03
-0.032
-0.034
-0.036
-0.042
-0.046
-0.046
-0.039
-0.028
-0.016
0.0
0.022
0.033
0.04
0.046
0.052
0.056
0.059
0.061
0.062
0.062
0.06
0.058
0.055
0.049
0.042
0.033
-0.003
-0.071
-0.171
-0.302
-0.461
-0.631
-0.784
-0.866
-0.868
-0.796
-0.616
-0.386
-0.15
0.055
0.197
0.261
0.285
0.287
0.272
0.23
0.172
0.14
0.122
0.113
0.106
0.1
0.093
0.086
0.078
0.07
0.058
0.042
0.035
0.032
0.032
0.032
0.031
0.029
0.028
0.026
0.024
0.022
0.019
0.015
0.011
0.006
0.0
-0.005
-0.016
-0.028
-0.039
-0.049
-0.065
-0.084
-0.103
-0.117
-0.128
-0.138
-0.15
-0.162
-0.175
-0.191
-0.203
-0.213
-0.225
-0.239
-0.256
-0.274
-0.291
-0.3
-0.305
-0.309
-0.312
-0.315
-0.316
-0.316
-0.315
-0.313
-0.308
-0.301
-0.292
-0.275
-0.242
-0.212
-0.179
-0.15
-0.128
-0.106
-0.084
-0.062
-0.041
-0.021
-0.001
0.017
0.032
0.046
0.057
0.066
0.07
0.072
0.074
0.075
0.077
0.078
0.079
0.081
0.082
0.084
0.085
0.085
0.085
0.084
0.084
0.084
0.084
0.084
0.084
0.085
0.085
0.085
0.085
0.085
0.086
0.086
0.086
0.085
0.085
0.084
0.083
0.082
0.081
0.079
0.078
0.077
0.076
0.077
0.077
0.079
0.08
0.082
0.083
0.084
0.086
0.086
0.086
0.086
0.086
0.086
0.087
0.088
0.09
0.093
0.095
0.098
0.1
0.103
0.105
0.107
0.108
0.108
0.107
0.106
0.105
0.104
0.103
0.102
0.102
0.101
0.101
0.102
0.102
0.103
0.104
0.105
0.105
0.105
0.105
0.105
0.106
0.106
0.105
0.105
0.104
0.104
0.104
0.104
0.104
0.103
0.102
0.101
0.099
0.098
0.096
0.094
0.092
0.089
0.086
0.083
0.081
0.078
0.075
0.071
0.067
0.063
0.06
0.058
0.056
0.054
0.052
0.051
0.05
0.05
0.05
0.05
0.048
0.046
0.044
0.042
0.041
0.039
0.039
0.039
0.041
0.044
0.049
0.054
0.06
0.066
0.073
0.084
0.094
0.101
0.107
0.112
0.119
0.123
0.122
0.115
0.103
0.065
0.009
-0.069
-0.175
-0.308
-0.473
-0.653
-0.806
-0.866
-0.854
-0.729
-0.51
-0.262
-0.037
0.126
0.192
0.215
0.226
0.225
0.216
0.204
0.193
0.181
0.17
0.159
0.15
0.145
0.14
0.136
0.132
0.129
0.126
0.123
0.119
0.116
0.113
0.11
0.106
0.102
0.096
0.088
0.072
0.057
0.041
0.03
0.021
0.014
0.007
0.0
-0.004
-0.01
-0.015
-0.022
-0.03
-0.04
-0.05
-0.061
-0.073
-0.087
-0.101
-0.117
-0.135
-0.156
-0.179
-0.201
-0.223
-0.244
-0.262
-0.277
-0.29
-0.301
-0.309
-0.315
-0.32
-0.324
-0.327
-0.326
-0.323
-0.317
-0.309
-0.299
-0.285
-0.26
-0.238
-0.215
-0.193
-0.171
-0.142
-0.108
-0.082
-0.061
-0.039
-0.021
-0.005
0.009
0.023
0.028
0.03
0.032
0.034
0.036
0.038
0.041
0.042
0.044
0.045
0.047
0.049
0.05
0.051
0.052
0.051
0.051
0.05
0.05
0.051
0.051
0.051
0.051
0.052
0.053
0.055
0.056
0.058
0.058
0.059
0.059
0.059
0.06
0.06
0.06
0.06
0.06
0.06
0.061
0.062
0.063
0.063
0.063
0.063
0.063
0.062
0.062
0.062
0.061
0.06
0.06
0.06
0.061
0.062
0.062
0.062
0.062
0.061
0.061
0.06
0.06
0.059
0.059
0.059
0.059
0.06
0.061
0.063
0.064
0.065
0.066
0.066
0.066
0.065
0.065
0.064
0.063
0.063
0.063
0.063
0.064
0.065
0.067
0.068
0.068
0.069
0.068
0.068
0.067
0.066
0.064
0.062
0.059
0.057
0.055
0.053
0.051
0.048
0.044
0.039
0.032
0.025
0.02
0.016
0.012
0.008
0.005
0.003
0.001
0.0
-0.002
-0.004
-0.006
-0.009
-0.01
-0.012
-0.013
-0.014
-0.014
-0.014
-0.014
-0.014
-0.014
-0.015
-0.017
-0.022
-0.025
-0.017
-0.003
0.003
0.009
0.014
0.018
0.022
0.025
0.029
0.032
0.034
0.036
0.038
0.04
0.042
0.047
0.056
0.04
-0.007
-0.083
-0.19
-0.336
-0.515
-0.705
-0.875
-0.95
-0.945
-0.839
-0.626
-0.377
-0.141
0.043
0.16
0.189
0.2
0.199
0.184
0.163
0.132
0.113
0.105
0.1
0.095
0.091
0.086
0.081
0.077
0.073
0.068
0.064
0.06
0.055
0.051
0.047
0.041
0.035
0.028
0.022
0.016
0.01
0.005
0.0
-0.005
-0.009
-0.013
-0.017
-0.021
-0.026
-0.034
-0.045
-0.058
-0.072
-0.085
-0.095
-0.107
-0.12
-0.134
-0.154
-0.179
-0.193
-0.206
-0.22
-0.238
-0.261
-0.294
-0.321
-0.338
-0.348
-0.353
-0.358
-0.362
-0.365
-0.364
-0.355
-0.342
-0.328
-0.312
-0.298
-0.284
-0.267
-0.248
-0.228
-0.202
-0.173
-0.148
-0.12
-0.097
-0.08
-0.061
-0.044
-0.03
-0.018
-0.007
0.001
0.008
0.015
0.022
0.031
0.039
0.041
0.043
0.044
0.046
0.047
0.049
0.05
0.052
0.053
0.054
0.055
0.055
0.056
0.057
0.057
0.056
0.055
0.054
0.054
0.054
0.053
0.053
0.053
0.052
0.052
0.052
0.052
0.052
0.052
0.051
0.05
0.049
0.049
0.049
0.048
0.047
0.047
0.047
0.047
0.048
0.049
0.049
0.05
0.051
0.051
0.052
0.053
0.052
0.052
0.051
0.051
0.051
0.052
0.053
0.054
0.054
0.055
0.055
0.056
0.056
0.055
0.054
0.053
0.052
0.051
0.051
0.051
0.051
0.051
0.052
0.053
0.054
0.054
0.055
0.054
0.054
0.053
0.051
0.05
0.049
0.049
0.049
0.049
0.049
0.05
0.05
0.051
0.051
0.051
0.049
0.048
0.045
0.043
0.04
0.037
0.034
0.031
0.028
0.025
0.022
0.015
0.008
0.005
0.004
0.002
0.001
0.0
-0.001
-0.003
-0.004
-0.005
-0.005
-0.005
-0.005
-0.004
-0.003
-0.001
0.002
0.006
0.011
0.016
0.028
0.052
0.062
0.068
0.072
0.075
0.078
0.08
0.081
0.082
0.083
0.082
0.081
0.078
0.075
0.071
0.054
0.0
-0.08
-0.188
-0.333
-0.506
-0.686
-0.829
-0.9
-0.866
-0.726
-0.504
-0.253
-0.023
0.15
0.25
0.274
0.282
0.28
0.263
0.237
0.208
0.166
0.127
0.109
0.103
0.101
0.1
0.099
0.098
0.098
0.098
0.097
0.097
0.096
0.094
0.093
0.092
0.092
0.091
0.09
0.088
0.087
0.085
0.083
0.08
0.075
0.068
0.061
0.053
0.044
0.033
0.02
0.007
-0.004
-0.019
-0.035
-0.049
-0.06
-0.07
-0.081
-0.095
-0.115
-0.143
-0.172
-0.197
-0.218
-0.238
-0.258
-0.274
-0.28
-0.284
-0.287
-0.289
-0.289
-0.288
-0.285
-0.28
-0.273
-0.265
-0.251
-0.239
-0.222
-0.199
-0.176
-0.151
-0.124
-0.099
-0.074
-0.049
-0.029
-0.014
0.001
0.017
0.033
0.045
0.061
0.082
0.093
0.099
0.103
0.107
0.108
0.108
0.106
0.102
0.099
0.096
0.094
0.093
0.092
0.09
0.089
0.088
0.088
0.087
0.087
0.087
0.086
0.086
0.087
0.087
0.087
0.086
0.084
0.083
0.082
0.08
0.079
0.078
0.076
0.075
0.073
0.072
0.071
0.069
0.067
0.063
0.06
0.056
0.053
0.052
0.05
0.051
0.052
0.054
0.057
0.061
0.065
0.069
0.072
0.076
0.081
0.085
0.088
0.09
0.089
0.087
0.084
0.08
0.077
0.074
0.072
0.07
0.067
0.065
0.063
0.062
0.061
0.06
0.059
0.058
0.057
0.057
0.056
0.056
0.056
0.055
0.053
0.052
0.052
0.051
0.05
0.05
0.049
0.048
0.048
0.048
0.047
0.046
0.045
0.042
0.04
0.037
0.034
0.031
0.027
0.024
0.022
0.019
0.017
0.015
0.013
0.01
0.007
0.003
0.0
-0.003
-0.007
-0.01
-0.013
-0.015
-0.017
-0.02
-0.023
-0.027
-0.031
-0.033
-0.03
-0.023
-0.015
-0.006
0.005
0.015
0.023
0.029
0.033
0.037
0.04
0.043
0.046
0.048
0.051
0.053
0.058
0.065
0.058
0.037
-0.008
-0.079
-0.18
-0.313
-0.47
-0.633
-0.773
-0.837
-0.832
-0.742
-0.554
-0.329
-0.113
0.055
0.154
0.196
0.211
0.216
0.212
0.203
0.189
0.166
0.141
0.119
0.106
0.098
0.09
0.082
0.068
0.048
0.035
0.028
0.024
0.021
0.021
0.023
0.026
0.03
0.033
0.039
0.041
0.036
0.027
0.017
0.007
-0.002
-0.012
-0.024
-0.039
-0.051
-0.061
-0.069
-0.078
-0.088
-0.1
-0.113
-0.127
-0.138
-0.148
-0.158
-0.168
-0.185
-0.208
-0.231
-0.254
-0.272
-0.286
-0.297
-0.313
-0.326
-0.331
-0.335
-0.336
-0.333
-0.327
-0.32
-0.314
-0.306
-0.296
-0.28
-0.258
-0.234
-0.211
-0.188
-0.164
-0.139
-0.113
-0.09
-0.073
-0.061
-0.048
-0.035
-0.02
-0.004
0.011
0.021
0.032
0.043
0.058
0.063
0.064
0.066
0.068
0.069
0.071
0.072
0.073
0.073
0.074
0.074
0.074
0.074
0.074
0.073
0.073
0.073
0.073
0.073
0.074
0.074
0.074
0.074
0.074
0.074
0.074
0.073
0.073
0.072
0.07
0.069
0.069
0.068
0.067
0.067
0.066
0.065
0.064
0.063
0.061
0.06
0.057
0.054
0.052
0.05
0.049
0.049
0.05
0.051
0.053
0.057
0.06
0.064
0.067
0.069
0.07
0.071
0.071
0.072
0.073
0.074
0.074
0.075
0.075
0.076
0.077
0.078
0.078
0.078
0.078
0.077
0.077
0.076
0.075
0.075
0.074
0.075
0.076
0.077
0.078
0.079
0.08
0.08
0.081
0.081
0.081
0.08
0.08
0.079
0.078
0.077
0.076
0.075
0.073
0.072
0.07
0.069
0.067
0.064
0.059
0.053
0.048
0.045
0.043
0.041
0.039
0.038
0.036
0.035
0.033
0.032
0.031
0.029
0.028
0.027
0.026
0.026
0.027
0.029
0.03
0.033
0.035
0.038
0.04
0.043
0.046
0.049
0.055
0.069
0.077
0.081
0.085
0.088
0.09
0.092
0.093
0.093
0.093
0.092
0.089
0.084
0.077
0.051
0.004
-0.072
-0.187
-0.339
-0.512
-0.689
-0.824
-0.887
-0.849
-0.7
-0.477
-0.223
0.007
0.182
0.282
0.305
0.312
0.299
0.256
0.205
0.163
0.148
0.143
0.141
0.139
0.137
0.135
0.131
0.127
0.122
0.118
0.114
0.11
0.107
0.104
0.101
0.097
0.094
0.09
0.087
0.084
0.082
0.079
0.076
0.072
0.065
0.051
0.037
0.024
0.013
0.005
0.0
-0.005
-0.012
-0.02
-0.031
-0.048
-0.068
-0.084
-0.103
-0.121
-0.143
-0.168
-0.192
-0.213
-0.229
-0.242
-0.255
-0.267
-0.276
-0.28
-0.284
-0.287
-0.289
-0.29
-0.288
-0.284
-0.278
-0.269
-0.254
-0.23
-0.211
-0.191
-0.17
-0.144
-0.115
-0.085
-0.061
-0.044
-0.032
-0.02
-0.009
0.007
0.018
0.025
0.031
0.036
0.041
0.045
0.048
0.05
0.053
0.055
0.056
0.058
0.058
0.056
0.053
0.05
0.047
0.043
0.041
0.039
0.037
0.036
0.035
0.034
0.034
0.033
0.033
0.032
0.031
0.03
0.029
0.029
0.028
0.027
0.027
0.027
0.027
0.027
0.026
0.025
0.024
0.023
0.021
0.019
0.015
0.012
0.009
0.009
0.012
0.016
0.021
0.025
0.028
0.031
0.034
0.038
0.04
0.042
0.043
0.044
0.045
0.045
0.045
0.045
0.044
0.043
0.041
0.04
0.038
0.036
0.033
0.027
0.023
0.027
0.035
0.041
0.045
0.05
0.054
0.056
0.055
0.054
0.051
0.049
0.047
0.046
0.045
0.044
0.043
0.042
0.04
0.039
0.039
0.038
0.037
0.036
0.035
0.033
0.032
0.03
0.028
0.025
0.022
0.018
0.013
0.009
0.004
-0.003
-0.013
-0.018
-0.019
-0.019
-0.019
-0.019
-0.021
-0.022
-0.024
-0.025
-0.023
-0.02
-0.017
-0.014
-0.01
-0.007
-0.007
-0.009
-0.012
-0.015
-0.02
-0.024
-0.024
-0.02
-0.012
0.0
0.021
0.034
0.04
0.045
0.049
0.053
0.058
0.061
0.065
0.069
0.074
0.082
0.086
0.081
0.066
0.025
-0.055
-0.175
-0.334
-0.523
-0.714
-0.873
-0.928
-0.916
-0.799
-0.592
-0.349
-0.114
0.081
0.212
0.274
0.295
0.282
0.245
0.199
0.158
0.146
0.137
0.128
0.121
0.115
0.11
0.105
0.1
0.096
0.093
0.09
0.087
0.084
0.081
0.078
0.075
0.072
0.069
0.065
0.062
0.057
0.051
0.041
0.025
0.012
0.005
0.0
-0.002
-0.005
-0.009
-0.013
-0.017
-0.022
-0.029
-0.038
-0.055
-0.073
-0.097
-0.124
-0.141
-0.152
-0.164
-0.177
-0.198
-0.226
-0.247
-0.263
-0.28
-0.289
-0.296
-0.301
-0.305
-0.307
-0.307
-0.305
-0.301
-0.295
-0.289
-0.281
-0.269
-0.259
-0.25
-0.222
-0.184
-0.139
-0.111
-0.088
-0.07
-0.051
-0.027
0.004
0.025
0.036
0.043
0.05
0.055
0.06
0.063
0.064
0.065
0.066
0.067
0.069
0.07
0.072
0.073
0.075
0.076
0.077
0.078
0.078
0.077
0.076
0.074
0.072
0.071
0.07
0.069
0.068
0.068
0.067
0.067
0.066
0.065
0.063
0.057
0.051
0.049
0.05
0.053
0.055
0.058
0.061
0.063
0.062
0.06
0.058
0.057
0.055
0.053
0.05
0.048
0.047
0.046
0.046
0.047
0.048
0.049
0.051
0.053
0.056
0.059
0.06
0.061
0.061
0.064
0.067
0.07
0.071
0.069
0.064
0.059
0.056
0.055
0.054
0.053
0.05
0.048
0.046
0.045
0.044
0.044
0.044
0.044
0.044
0.044
0.046
0.046
0.046
0.045
0.044
0.042
0.041
0.04
0.039
0.037
0.035
0.032
0.03
0.028
0.027
0.025
0.023
0.02
0.017
0.014
0.011
0.007
0.003
-0.001
-0.005
-0.009
-0.012
-0.014
-0.016
-0.018
-0.02
-0.021
-0.023
-0.024
-0.025
-0.026
-0.028
-0.03
-0.032
-0.033
-0.034
-0.034
-0.034
-0.032
-0.029
-0.025
-0.019
-0.012
-0.004
0.006
0.025
0.039
0.05
0.056
0.061
0.065
0.068
0.071
0.072
0.072
0.071
0.067
0.061
0.052
0.039
-0.007
-0.097
-0.227
-0.392
-0.581
-0.767
-0.908
-0.959
-0.896
-0.724
-0.484
-0.225
0.0
0.158
0.229
0.254
0.263
0.256
0.24
0.216
0.178
0.15
