0.12
0.149
0.177
0.204
0.224
0.236
0.244
0.244
0.236
0.228
0.22
0.223
0.241
0.259
0.276
0.285
0.29
0.295
0.302
0.305
0.295
0.274
0.262
0.254
0.245
0.237
0.231
0.225
0.22
0.216
0.213
0.21
0.207
0.204
0.201
0.194
0.189
0.189
0.196
0.206
0.218
0.232
0.241
0.247
0.253
0.258
0.258
0.249
0.238
0.232
0.228
0.224
0.221
0.217
0.213
0.209
0.204
0.2
0.197
0.193
0.19
0.185
0.179
0.162
0.124
0.084
0.048
0.026
0.013
0.002
-0.006
-0.015
-0.023
-0.029
-0.036
-0.045
-0.054
-0.067
-0.09
-0.127
-0.152
-0.166
-0.176
-0.184
-0.19
-0.199
-0.209
-0.209
-0.195
-0.175
-0.15
-0.107
-0.061
-0.012
0.036
0.053
0.053
0.039
0.001
-0.065
-0.136
-0.207
-0.274
-0.334
-0.382
-0.399
-0.4
-0.387
-0.368
-0.337
-0.299
-0.262
-0.225
-0.19
-0.164
-0.144
-0.124
-0.114
-0.108
-0.103
-0.099
-0.096
-0.094
-0.092
-0.092
-0.094
-0.096
-0.098
-0.102
-0.107
-0.114
-0.124
-0.143
-0.162
-0.18
-0.199
-0.219
-0.244
-0.277
-0.316
-0.336
-0.342
-0.347
-0.333
-0.311
-0.282
-0.259
-0.245
-0.238
-0.234
-0.23
-0.225
-0.221
-0.225
-0.233
-0.238
-0.242
-0.247
-0.251
-0.251
-0.25
-0.248
-0.246
-0.244
-0.241
-0.238
-0.235
-0.231
-0.228
-0.228
-0.231
-0.236
-0.242
-0.25
-0.262
-0.262
-0.247
-0.24
-0.236
-0.234
-0.233
-0.232
-0.23
-0.228
-0.225
-0.223
-0.221
-0.219
-0.218
-0.218
-0.217
-0.214
-0.212
-0.21
-0.207
-0.203
-0.197
-0.192
-0.186
-0.18
-0.173
-0.167
-0.161
-0.157
-0.157
-0.162
-0.17
-0.179
-0.191
-0.21
-0.226
-0.239
-0.249
-0.259
-0.268
-0.276
-0.282
-0.288
-0.294
-0.299
-0.304
-0.308
-0.312
-0.315
-0.318
-0.322
-0.325
-0.326
-0.326
-0.325
-0.322
-0.317
-0.31
-0.302
-0.292
-0.276
-0.262
-0.249
-0.236
-0.223
-0.21
-0.198
-0.191
-0.186
-0.181
-0.178
-0.173
-0.167
-0.162
-0.156
-0.147
-0.133
-0.11
-0.088
-0.06
-0.025
0.01
0.04
0.066
0.091
0.105
0.114
0.119
0.119
0.111
0.099
0.087
0.072
0.062
0.055
0.048
0.04
0.035
0.035
0.034
0.034
0.033
0.033
0.033
0.034
0.035
0.038
0.04
0.042
0.043
0.045
0.047
0.051
0.061
0.076
0.081
0.085
0.088
0.089
0.088
0.083
0.078
0.074
0.068
0.063
0.06
0.062
0.069
0.079
0.092
0.112
0.134
0.144
0.15
0.154
0.158
0.161
0.164
0.166
0.168
0.17
0.173
0.177
0.179
0.181
0.183
0.186
0.187
0.189
0.19
0.192
0.194
0.196
0.198
0.199
0.2
0.2
0.199
0.197
0.193
0.188
0.182
0.176
0.17
0.163
0.157
0.151
0.145
0.139
0.133
0.124
0.118
0.118
0.124
0.131
0.135
0.138
0.14
0.143
0.145
0.148
0.151
0.153
0.153
0.153
0.152
0.148
0.144
0.139
0.133
0.126
0.119
0.112
0.1
0.076
0.068
0.065
0.064
0.063
0.063
0.063
0.064
0.063
0.063
0.062
0.061
0.06
0.059
0.057
0.054
0.05
0.046
0.042
0.036
0.025
0.014
0.004
-0.005
-0.012
-0.018
-0.024
-0.031
-0.038
-0.044
-0.048
-0.053
-0.059
-0.065
-0.071
-0.078
-0.084
-0.089
-0.091
-0.091
-0.092
-0.093
-0.094
-0.096
-0.097
-0.082
-0.038
0.011
0.04
0.09
0.139
0.192
0.242
0.259
0.248
0.214
0.145
0.072
0.0
-0.068
-0.13
-0.191
-0.214
-0.228
-0.226
-0.188
-0.14
-0.114
-0.099
-0.09
-0.082
-0.072
-0.061
-0.054
-0.049
-0.045
-0.043
-0.04
-0.037
-0.035
-0.031
-0.029
-0.026
-0.025
-0.023
-0.02
-0.016
-0.006
0.019
0.036
0.044
0.049
0.052
0.054
0.053
0.05
0.044
0.037
0.03
0.026
0.021
0.016
0.01
0.004
0.0
-0.001
-0.003
-0.003
-0.002
0.001
0.007
0.014
0.021
0.028
0.034
0.038
0.043
0.049
0.055
0.061
0.065
0.067
0.068
0.068
0.067
0.066
0.063
0.058
0.053
0.048
0.043
0.038
0.029
0.02
0.014
0.016
0.022
0.034
0.054
0.085
0.102
0.111
0.118
0.124
0.127
0.128
0.129
0.13
0.131
0.133
0.135
0.134
0.128
0.119
0.105
0.083
0.06
0.039
0.028
0.022
0.018
0.015
0.013
0.012
0.012
0.011
0.009
0.007
0.005
0.004
0.002
0.0
-0.003
-0.008
-0.016
-0.026
-0.037
-0.046
-0.057
-0.067
-0.072
-0.075
-0.077
-0.079
-0.081
-0.083
-0.084
-0.085
-0.086
-0.085
-0.083
-0.081
-0.079
-0.077
-0.075
-0.07
-0.066
-0.062
-0.06
-0.06
-0.062
-0.063
-0.064
-0.066
-0.07
-0.071
-0.064
-0.058
-0.052
-0.047
-0.047
-0.052
-0.058
-0.063
-0.069
-0.073
-0.073
-0.065
-0.053
-0.037
-0.014
0.007
0.024
0.039
0.045
0.041
0.035
0.032
0.03
0.027
0.025
0.023
0.024
0.027
0.033
0.039
0.044
0.048
0.051
0.054
0.057
0.059
0.06
0.062
0.064
0.067
0.071
0.074
0.077
0.079
0.081
0.084
0.087
0.089
0.09
0.091
0.092
0.093
0.095
0.098
0.101
0.103
0.106
0.108
0.111
0.112
0.112
0.111
0.109
0.107
0.105
0.103
0.102
0.1
0.099
0.099
0.099
0.099
0.097
0.094
0.095
0.1
0.107
0.11
0.113
0.115
0.118
0.12
0.122
0.124
0.125
0.124
0.12
0.116
0.111
0.105
0.099
0.09
0.072
0.055
0.03
0.01
0.002
-0.001
-0.005
-0.008
-0.008
-0.005
0.001
0.009
0.017
0.027
0.033
0.029
0.023
0.018
0.014
0.01
0.005
-0.001
-0.008
-0.015
-0.024
-0.034
-0.044
-0.051
-0.057
-0.066
-0.076
-0.076
-0.066
-0.06
-0.055
-0.05
-0.046
-0.045
-0.048
-0.055
-0.063
-0.072
-0.081
-0.09
-0.1
-0.108
-0.114
-0.118
-0.12
-0.123
-0.125
-0.129
-0.131
-0.132
-0.132
-0.128
-0.121
-0.112
-0.1
-0.078
-0.041
0.013
0.071
0.132
0.19
0.231
0.246
0.247
0.235
0.2
0.124
0.018
-0.089
-0.179
-0.219
-0.232
-0.216
-0.202
-0.194
-0.184
-0.173
-0.158
-0.13
-0.097
-0.082
-0.073
-0.066
-0.062
-0.062
-0.064
-0.065
-0.065
-0.066
-0.066
-0.068
-0.071
-0.073
-0.073
-0.072
-0.071
-0.069
-0.068
-0.067
-0.066
-0.065
-0.064
-0.063
-0.061
-0.058
-0.056
-0.055
-0.054
-0.054
-0.053
-0.052
-0.05
-0.047
-0.045
-0.041
-0.038
-0.034
-0.032
-0.031
-0.031
-0.033
-0.036
-0.039
-0.043
-0.051
-0.055
-0.048
-0.033
-0.019
-0.005
0.004
0.01
0.015
0.019
0.023
0.027
0.031
0.036
0.042
0.05
0.058
0.066
0.078
0.088
0.092
0.088
0.079
0.07
0.062
0.052
0.045
0.045
0.054
0.067
0.084
0.104
0.105
0.106
0.107
0.108
0.109
0.11
0.11
0.109
0.105
0.1
0.093
0.084
0.073
0.054
0.034
0.024
0.019
0.015
0.011
0.008
0.006
0.004
0.002
0.0
-0.001
-0.003
-0.003
-0.002
-0.002
-0.001
-0.001
-0.001
-0.001
-0.002
-0.004
-0.005
-0.007
-0.009
-0.01
-0.008
-0.004
0.001
0.007
0.014
0.021
0.032
0.042
0.051
0.058
0.061
0.064
0.066
0.068
0.071
0.074
0.076
0.079
0.081
0.083
0.084
0.085
0.086
0.087
0.088
0.089
0.089
0.091
0.096
0.101
0.1
0.092
0.082
0.076
0.073
0.071
0.069
0.067
0.064
0.06
0.056
0.052
0.049
0.047
0.044
0.041
0.038
0.034
0.03
0.025
0.016
0.007
0.0
-0.004
-0.009
-0.013
-0.018
-0.022
-0.028
-0.033
-0.04
-0.047
-0.061
-0.085
-0.097
-0.103
-0.108
-0.111
-0.113
-0.112
-0.108
-0.103
-0.097
-0.091
-0.086
-0.08
-0.073
-0.067
-0.063
-0.062
-0.065
-0.071
-0.078
-0.085
-0.091
-0.097
-0.105
-0.111
-0.115
-0.119
-0.121
-0.124
-0.127
-0.131
-0.137
-0.141
-0.135
-0.124
-0.118
-0.113
-0.107
-0.102
-0.099
-0.098
-0.098
-0.097
-0.097
-0.098
-0.099
-0.101
-0.103
-0.105
-0.104
-0.103
-0.102
-0.102
-0.102
-0.101
-0.1
-0.099
-0.098
-0.097
-0.097
-0.098
-0.099
-0.1
-0.102
-0.105
-0.108
-0.111
-0.111
-0.107
-0.103
-0.098
-0.096
-0.093
-0.09
-0.087
-0.084
-0.082
-0.081
-0.081
-0.081
-0.082
-0.082
-0.084
-0.086
-0.089
-0.092
-0.094
-0.096
-0.099
-0.103
-0.106
-0.103
-0.095
-0.085
-0.078
-0.072
-0.067
-0.062
-0.056
-0.051
-0.046
-0.042
-0.037
-0.028
-0.014
0.0
0.017
0.043
0.077
0.098
0.109
0.117
0.101
0.053
-0.006
-0.079
-0.159
-0.237
-0.28
-0.296
-0.295
-0.276
-0.247
-0.217
-0.193
-0.168
-0.144
-0.116
-0.094
-0.08
-0.07
-0.064
-0.06
-0.056
-0.053
-0.051
-0.049
-0.047
-0.044
-0.041
-0.038
-0.033
-0.029
-0.027
-0.03
-0.035
-0.04
-0.043
-0.045
-0.046
-0.048
-0.05
-0.052
-0.052
-0.05
-0.048
-0.044
-0.041
-0.038
-0.036
-0.034
-0.031
-0.028
-0.026
-0.026
-0.025
-0.025
-0.023
-0.021
-0.018
-0.016
-0.015
-0.014
-0.012
-0.01
-0.008
-0.006
-0.005
-0.005
-0.003
0.0
0.006
0.011
0.014
0.013
0.01
0.006
0.002
0.0
-0.006
-0.016
-0.022
-0.017
-0.006
0.006
0.023
0.041
0.052
0.06
0.066
0.071
0.074
0.073
0.068
0.061
0.054
0.048
0.043
0.038
0.032
0.026
0.021
0.015
0.009
0.002
-0.004
-0.012
-0.024
-0.035
-0.039
-0.038
-0.036
-0.033
-0.031
-0.029
-0.028
-0.027
-0.03
-0.039
-0.051
-0.062
-0.067
-0.07
-0.075
-0.079
-0.083
-0.087
-0.091
-0.094
-0.097
-0.1
-0.102
-0.104
-0.105
-0.104
-0.103
-0.1
-0.096
-0.092
-0.088
-0.086
-0.084
-0.082
-0.081
-0.08
-0.079
-0.077
-0.076
-0.074
-0.071
-0.068
-0.064
-0.06
-0.057
-0.054
-0.052
-0.051
-0.051
-0.052
-0.052
-0.053
