-5.984
-6.415
-6.295
-5.752
-5.092
-4.551
-4.22
-4.071
-3.983
-3.875
-3.725
-3.564
-3.422
-3.308
-3.214
-3.124
-3.043
-2.971
-2.906
-2.841
-2.782
-2.727
-2.67
-2.61
-2.552
-2.496
-2.445
-2.398
-2.353
-2.306
-2.262
-2.215
-2.185
-2.167
-2.157
-2.15
-2.148
-2.152
-2.163
-2.176
-2.194
-2.219
-2.23
-2.237
-2.244
-2.249
-2.252
-2.249
-2.241
-2.229
-2.208
-2.177
-2.15
-2.122
-2.093
-2.06
-2.037
-2.026
-2.017
-2.012
-2.007
-2.005
-2.001
-1.995
-1.985
-1.967
-1.948
-1.929
-1.912
-1.888
-1.862
-1.837
-1.812
-1.79
-1.775
-1.758
-1.736
-1.707
-1.675
-1.643
-1.609
-1.578
-1.549
-1.52
-1.49
-1.457
-1.42
-1.384
-1.349
-1.319
-1.293
-1.268
-1.244
-1.217
-1.192
-1.173
-1.157
-1.141
-1.125
-1.103
-1.074
-1.036
-0.996
-0.96
-0.926
-0.896
-0.852
-0.808
-0.759
-0.709
-0.663
-0.632
-0.597
-0.56
-0.52
-0.483
-0.446
-0.409
-0.371
-0.338
-0.293
-0.243
-0.187
-0.137
-0.078
-0.035
-0.004
0.032
0.068
0.094
0.127
0.168
0.22
0.267
0.324
0.384
0.441
0.491
0.55
0.609
0.669
0.735
0.805
0.868
0.926
0.972
1.011
1.05
1.079
1.116
1.154
1.193
1.231
1.27
1.303
1.335
1.361
1.388
1.419
1.452
1.478
1.505
1.533
1.562
1.593
1.631
1.671
1.706
1.735
1.768
1.8
1.829
1.86
1.892
1.922
1.95
1.971
1.993
2.008
2.016
2.021
2.023
2.025
2.027
2.03
2.031
2.025
2.013
1.995
1.978
1.963
1.956
1.957
1.963
1.963
1.956
1.938
1.913
1.889
1.867
1.848
1.834
1.822
1.804
1.785
1.766
1.754
1.745
1.737
1.731
1.722
1.702
1.685
1.675
1.658
1.645
1.64
1.635
1.62
1.615
1.619
1.626
1.626
1.635
1.641
1.632
1.627
1.713
1.754
1.783
1.792
1.769
1.626
1.51
1.377
1.275
1.234
1.149
1.09
1.039
0.965
0.9
0.849
0.8
0.752
0.692
0.618
0.546
0.489
0.433
0.378
0.333
0.283
0.209
0.13
0.059
0.006
-0.03
-0.035
-0.035
-0.047
-0.086
-0.165
-0.282
-0.426
-0.576
-0.699
-0.787
-0.841
-0.853
-0.825
-0.809
-0.806
-0.81
-0.823
-0.837
-0.842
-0.836
-0.823
-0.807
-0.79
-0.769
-0.753
-0.735
-0.715
-0.698
-0.685
-0.672
-0.65
-0.635
-0.623
-0.611
-0.604
-0.606
-0.613
-0.615
-0.608
-0.599
-0.594
-0.592
-0.59
-0.591
-0.588
-0.582
-0.574
-0.569
-0.564
-0.558
-0.553
-0.548
-0.546
-0.543
-0.539
-0.535
-0.53
-0.529
-0.533
-0.541
-0.547
-0.547
-0.545
-0.543
-0.543
-0.547
-0.559
-0.568
-0.571
-0.573
-0.571
-0.566
-0.567
-0.573
-0.582
-0.594
-0.601
-0.603
-0.601
-0.597
-0.595
-0.597
-0.6
-0.602
-0.599
-0.593
-0.585
-0.578
-0.569
-0.563
-0.556
-0.547
-0.539
-0.532
-0.524
-0.515
-0.505
-0.496
-0.491
-0.492
-0.493
-0.491
-0.483
-0.462
-0.434
-0.412
-0.394
-0.385
-0.386
-0.389
-0.39
-0.394
-0.392
-0.383
-0.376
-0.373
-0.372
-0.363
-0.35
-0.333
-0.311
-0.289
-0.274
-0.272
-0.272
-0.269
-0.264
-0.261
-0.256
-0.25
-0.246
-0.246
-0.245
-0.239
-0.233
-0.23
-0.227
-0.22
-0.213
-0.206
-0.194
-0.182
-0.174
-0.17
-0.166
-0.165
-0.162
-0.159
-0.154
-0.145
-0.134
-0.121
-0.108
-0.097
-0.086
-0.078
-0.074
-0.072
-0.073
-0.075
-0.074
-0.067
-0.059
-0.047
-0.035
-0.026
-0.018
-0.011
-0.003
0.004
0.011
0.014
0.017
0.019
0.024
0.029
0.036
0.046
0.055
0.064
0.073
0.082
0.087
0.084
0.075
0.067
0.058
0.048
0.038
0.032
0.023
0.01
0.0
-0.005
-0.007
-0.014
-0.022
-0.031
-0.04
-0.042
-0.035
-0.031
-0.028
-0.026
-0.025
-0.02
-0.01
0.007
0.035
0.069
0.101
0.132
0.165
0.186
0.17
0.127
0.052
-0.029
-0.106
-0.175
-0.215
-0.221
-0.221
-0.221
-0.211
-0.189
-0.164
-0.145
-0.13
-0.122
-0.118
-0.116
-0.111
-0.101
-0.096
-0.097
-0.104
-0.108
-0.109
-0.104
-0.096
-0.082
-0.073
-0.07
-0.072
-0.074
-0.08
-0.09
-0.097
-0.098
-0.097
-0.096
-0.097
-0.095
-0.089
-0.079
-0.065
-0.053
-0.048
-0.052
-0.059
-0.068
-0.079
-0.085
-0.088
-0.089
-0.084
-0.074
-0.066
-0.059
-0.057
-0.06
-0.064
-0.065
-0.064
-0.063
-0.059
-0.052
-0.046
-0.04
-0.03
-0.023
-0.019
-0.014
-0.005
0.0
0.008
0.02
0.032
0.04
0.046
0.049
0.053
0.057
0.061
0.064
0.065
0.061
0.048
0.033
0.022
0.013
0.005
0.002
-0.002
-0.008
-0.011
-0.008
-0.008
-0.012
-0.02
-0.031
-0.047
-0.06
-0.066
-0.063
-0.056
-0.051
-0.047
-0.045
-0.05
-0.054
-0.051
-0.046
-0.039
-0.037
-0.042
-0.047
-0.043
-0.035
-0.025
-0.012
-0.001
0.003
0.005
0.008
0.012
0.017
0.022
0.027
0.035
0.043
0.048
0.05
0.055
0.061
0.065
0.066
0.067
0.069
0.071
0.076
0.086
0.096
0.099
0.099
0.097
0.091
0.084
0.082
0.085
0.094
0.103
0.11
0.113
0.112
0.104
0.096
0.092
0.092
0.096
0.1
0.106
0.105
0.102
0.098
0.098
0.1
0.107
0.114
0.119
0.122
0.122
0.119
0.115
0.11
0.108
0.111
0.117
0.133
0.165
0.195
0.215
0.229
0.235
0.237
0.237
0.245
0.263
0.29
0.322
0.352
0.377
0.393
0.401
0.401
0.401
0.402
0.404
0.406
0.404
0.403
0.403
0.402
0.402
0.411
0.425
0.438
0.448
0.454
0.463
0.476
0.487
0.498
0.509
0.517
0.523
0.527
0.532
0.54
0.547
0.546
0.54
0.528
0.51
0.49
0.474
0.461
0.454
0.451
0.449
0.442
0.432
0.423
0.418
0.414
0.411
0.407
0.398
0.385
0.369
0.352
0.338
0.33
0.329
0.339
0.353
0.37
0.402
0.458
0.514
0.565
0.609
0.641
0.642
0.608
0.531
0.416
0.288
0.177
0.127
0.115
0.124
0.153
0.173
0.186
0.189
0.187
0.192
0.204
0.216
0.227
0.233
0.23
0.221
0.211
0.208
0.207
0.206
0.206
0.204
0.196
0.19
0.188
0.191
0.195
0.196
0.193
0.183
0.174
0.169
0.169
0.173
0.181
0.185
0.185
0.186
0.188
0.188
0.185
0.177
0.166
0.151
0.141
0.141
0.156
0.173
0.187
0.198
0.204
0.199
0.192
0.184
0.175
0.165
0.156
0.152
0.15
0.152
0.158
0.162
0.168
0.175
0.178
0.179
0.186
0.193
0.2
0.206
0.209
0.207
0.201
0.194
0.191
0.186
0.18
0.174
0.167
0.16
0.154
0.149
0.144
0.135
0.125
0.117
0.109
0.1
0.091
0.082
0.075
0.065
0.049
0.033
0.022
0.011
0.003
-0.004
-0.012
-0.02
-0.027
-0.037
-0.045
-0.053
-0.064
-0.078
-0.083
-0.078
-0.072
-0.068
-0.064
-0.068
-0.078
-0.086
-0.089
-0.091
-0.099
-0.108
-0.113
-0.113
-0.11
-0.102
-0.093
-0.092
-0.089
-0.087
-0.086
-0.087
-0.088
-0.089
-0.086
-0.086
-0.091
-0.1
-0.105
-0.106
-0.108
-0.112
-0.116
-0.114
-0.111
-0.111
-0.112
-0.112
-0.113
-0.116
-0.12
-0.122
-0.121
-0.117
-0.113
-0.11
-0.106
-0.102
-0.099
-0.097
-0.097
-0.097
-0.098
-0.099
-0.098
-0.095
-0.092
-0.093
-0.096
-0.097
-0.094
-0.088
-0.084
-0.082
-0.079
-0.074
-0.07
-0.067
-0.066
-0.066
-0.065
-0.063
-0.06
-0.057
-0.054
-0.056
-0.062
-0.07
-0.077
-0.088
-0.099
-0.105
-0.103
-0.093
-0.084
-0.076
-0.068
-0.063
-0.064
-0.068
-0.074
-0.08
-0.084
-0.086
-0.086
-0.085
-0.086
-0.089
-0.094
-0.1
-0.106
-0.11
-0.113
-0.116
-0.119
-0.118
-0.11
-0.1
-0.094
-0.089
-0.083
-0.076
-0.071
-0.072
-0.076
-0.08
-0.078
-0.066
-0.047
-0.027
-0.009
0.0
0.007
0.011
0.009
0.003
-0.004
-0.009
-0.01
-0.005
0.003
0.007
0.008
0.009
0.012
0.017
0.019
0.017
0.017
0.031
0.067
0.104
0.145
0.181
0.213
0.233
0.23
0.206
0.167
0.107
0.038
-0.028
-0.09
-0.128
-0.136
-0.134
-0.128
-0.12
-0.109
-0.094
-0.08
-0.068
-0.058
-0.048
-0.038
-0.029
-0.02
-0.014
-0.013
-0.016
-0.02
-0.026
-0.034
-0.037
-0.034
-0.028
-0.018
-0.006
0.004
0.013
0.016
0.015
0.012
0.007
0.004
0.004
0.007
0.009
0.011
0.01
0.008
0.009
0.009
0.01
0.01
0.011
0.012
0.014
0.011
0.006
0.001
-0.003
-0.005
-0.006
-0.006
-0.003
0.0
0.006
0.012
0.016
0.02
0.022
0.021
0.019
0.017
0.018
0.02
0.023
0.026
0.031
0.036
0.04
0.04
0.039
0.037
0.032
0.025
0.016
0.009
0.002
-0.006
-0.014
-0.018
-0.017
-0.013
-0.011
-0.012
-0.013
-0.016
-0.022
-0.033
-0.045
-0.055
-0.065
-0.078
-0.091
-0.101
-0.106
-0.112
-0.12
-0.126
-0.127
-0.126
-0.127
-0.131
-0.136
-0.139
-0.142
-0.146
-0.148
-0.147
-0.142
-0.138
-0.136
-0.135
-0.133
-0.132
-0.133
-0.134
-0.133
-0.133
-0.134
-0.136
-0.138
-0.139
-0.138
-0.137
-0.137
-0.136
-0.134
-0.131
-0.132
-0.135
-0.137
-0.138
-0.137
-0.137
-0.14
-0.141
-0.14
-0.139
-0.138
-0.137
-0.132
-0.127
-0.125
-0.126
-0.129
-0.13
-0.131
-0.133
-0.133
-0.133
-0.133
-0.132
-0.132
-0.131
-0.132
-0.136
-0.142
-0.146
-0.148
-0.149
-0.154
-0.161
-0.166
-0.169
-0.167
-0.162
-0.153
-0.144
-0.136
-0.13
-0.125
-0.124
-0.13
-0.138
-0.145
-0.149
-0.151
-0.153
-0.151
-0.148
-0.144
-0.141
-0.138
-0.135
-0.132
-0.129
-0.125
-0.123
-0.12
-0.117
-0.115
-0.113
-0.112
-0.114
-0.116
-0.118
-0.12
-0.122
-0.122
-0.121
-0.119
-0.117
-0.112
-0.102
-0.09
-0.081
-0.074
-0.068
-0.063
-0.06
-0.061
-0.064
-0.065
-0.064
-0.064
-0.064
-0.066
-0.07
-0.071
-0.071
-0.073
-0.076
-0.078
-0.078
-0.079
-0.082
-0.086
-0.088
-0.091
-0.094
-0.098
-0.096
-0.091
-0.086
-0.081
-0.072
-0.052
-0.015
0.016
0.055
0.105
0.156
0.197
0.221
0.206
0.16
0.062
-0.056
-0.166
-0.222
-0.245
-0.241
-0.213
-0.188
-0.166
-0.151
-0.139
-0.123
-0.1
-0.073
-0.06
-0.055
-0.053
-0.052
-0.049
-0.043
-0.037
-0.031
-0.027
-0.025
-0.02
-0.017
-0.015
-0.016
-0.015
-0.011
-0.006
-0.003
-0.003
-0.004
-0.004
-0.004
-0.003
0.0
0.005
0.01
0.013
0.014
0.017
0.019
0.019
0.02
0.024
0.031
0.037
0.039
0.038
0.038
0.039
0.041
0.043
0.046
0.048
0.051
0.053
0.054
0.055
0.055
0.055
0.056
0.058
0.061
0.063
0.064
0.067
0.07
0.074
0.08
0.086
0.091
0.091
0.087
0.083
0.082
0.084
0.087
0.089
0.089
0.088
0.086
0.08
0.071
0.061
0.052
0.046
0.042
0.034
0.022
0.008
0.0
-0.008
-0.015
-0.021
-0.023
-0.024
-0.025
-0.027
-0.03
-0.035
-0.041
-0.049
-0.053
-0.055
-0.056
-0.059
-0.063
-0.066
-0.067
-0.066
-0.065
-0.066
-0.066
-0.066
-0.064
-0.062
-0.06
-0.058
-0.056
-0.054
-0.052
-0.051
-0.053
-0.053
-0.05
-0.047
-0.045
-0.044
-0.043
-0.043
-0.043
-0.042
-0.04
-0.039
-0.037
-0.036
-0.035
-0.036
-0.037
-0.039
-0.04
-0.042
-0.043
-0.044
-0.045
-0.045
-0.045
-0.045
-0.044
-0.043
-0.043
-0.044
-0.045
-0.047
-0.048
-0.049
-0.05
-0.05
-0.051
-0.052
-0.053
-0.055
-0.056
-0.058
-0.06
-0.062
-0.064
-0.067
-0.071
-0.074
-0.077
-0.08
-0.082
-0.083
-0.083
-0.083
-0.083
-0.084
-0.086
-0.088
-0.089
-0.089
-0.089
-0.089
-0.088
-0.087
-0.085
-0.084
-0.084
-0.083
-0.082
-0.081
-0.08
-0.078
-0.076
-0.073
-0.071
-0.069
-0.066
-0.064
-0.063
-0.063
-0.065
-0.067
-0.07
-0.073
-0.077
-0.081
-0.086
-0.091
-0.097
-0.103
-0.11
-0.116
-0.121
-0.125
-0.128
-0.13
-0.133
-0.136
-0.138
-0.138
-0.136
-0.131
-0.126
-0.121
-0.115
-0.106
-0.096
-0.084
-0.058
-0.011
0.047
0.11
0.141
0.162
0.176
0.149
0.067
-0.042
-0.149
-0.209
-0.232
-0.233
-0.211
-0.191
-0.175
-0.16
-0.147
-0.134
-0.124
-0.116
-0.109
-0.103
-0.096
-0.089
-0.082
-0.075
-0.071
-0.069
-0.067
-0.065
-0.062
-0.059
-0.055
-0.051
-0.049
-0.048
-0.047
-0.046
-0.045
-0.044
-0.042
-0.04
-0.038
-0.037
-0.036
-0.034
-0.032
-0.03
-0.027
-0.024
-0.022
-0.02
-0.017
-0.015
-0.013
-0.01
-0.008
-0.005
-0.002
0.0
0.002
0.004
0.007
0.009
0.013
0.017
0.021
0.025
0.03
0.035
0.043
0.051
0.059
0.066
0.072
0.077
0.081
0.084
0.087
0.089
0.092
0.095
0.099
0.102
0.105
0.107
0.107
0.106
0.103
0.099
0.093
0.087
0.08
0.073
0.067
0.06
0.052
0.045
0.039
0.034
0.03
0.025
0.022
0.019
0.016
0.014
0.013
0.012
0.012
0.011
0.01
0.008
0.007
0.005
0.004
0.004
0.003
0.003
0.004
0.005
0.007
0.008
0.009
0.011
0.013
0.017
0.02
0.023
0.026
0.028
0.029
0.031
0.031
0.033
0.035
0.037
0.039
0.041
0.043
0.044
0.045
0.046
0.046
0.045
0.045
0.044
0.044
0.044
0.044
0.044
0.044
0.044
0.044
0.043
0.043
0.042
0.041
0.04
0.038
0.037
0.036
0.035
0.034
0.034
0.033
0.033
0.032
0.032
0.031
0.031
0.03
0.03
0.03
0.029
0.029
0.029
0.028
0.028
0.027
0.026
0.025
0.024
0.023
0.022
0.022
0.021
0.021
0.02
0.02
0.02
0.019
0.019
0.018
0.017
0.016
0.014
0.012
0.011
0.009
0.008
0.008
0.007
0.007
0.006
0.006
0.006
0.006
0.005
0.004
0.003
0.001
0.0
-0.001
-0.002
-0.002
-0.002
-0.001
0.0
0.003
0.006
0.009
0.013
0.016
0.019
0.022
0.026
0.031
0.035
0.038
0.038
0.035
0.03
0.023
0.016
0.007
-0.007
-0.021
-0.032
-0.039
-0.045
-0.05
-0.054
-0.056
-0.058
-0.059
-0.06
-0.059
-0.058
-0.055
-0.051
-0.046
-0.04
-0.033
-0.017
0.012
0.054
0.095
0.138
0.185
0.203
0.215
0.208
0.153
0.064
-0.035
-0.121
-0.163
-0.177
-0.177
-0.17
-0.164
-0.162
-0.159
-0.155
-0.147
-0.137
-0.115
-0.093
-0.086
-0.082
-0.079
-0.079
-0.081
-0.086
-0.09
-0.091
-0.092
-0.094
-0.095
-0.097
-0.099
-0.1
-0.101
-0.102
-0.102
-0.102
-0.101
-0.1
-0.098
-0.096
-0.094
-0.092
-0.09
-0.087
-0.084
-0.081
-0.078
-0.074
-0.071
-0.067
-0.063
-0.059
-0.054
-0.051
-0.048
-0.045
-0.042
-0.039
-0.036
-0.033
-0.029
-0.025
-0.021
-0.016
-0.011
-0.006
0.0
0.005
0.01
0.016
0.023
0.029
0.034
0.037
0.039
0.041
0.042
0.043
0.045
0.046
0.047
0.049
0.05
0.051
0.051
0.049
0.044
0.038
0.031
0.021
0.005
-0.008
-0.014
-0.019
-0.023
-0.025
-0.028
-0.03
-0.032
-0.035
-0.037
-0.04
-0.042
-0.044
-0.046
-0.048
-0.049
-0.05
-0.051
-0.053
-0.054
-0.055
-0.057
-0.058
-0.059
-0.061
-0.061
-0.062
-0.061
-0.059
-0.057
-0.055
-0.053
-0.05
-0.048
-0.046
-0.044
-0.042
-0.04
-0.039
-0.038
-0.036
-0.035
-0.033
-0.031
-0.03
-0.028
-0.027
-0.025
-0.024
-0.023
-0.022
-0.022
-0.022
-0.021
-0.021
-0.02
-0.018
-0.017
-0.015
-0.014
-0.012
-0.011
-0.009
-0.008
-0.007
-0.007
-0.007
-0.006
-0.005
-0.005
-0.004
-0.003
-0.002
0.0
0.0
0.001
0.002
0.002
0.003
0.003
0.004
0.005
0.005
0.006
0.006
0.007
0.007
0.008
0.009
0.01
0.011
0.012
0.013
0.014
0.015
0.016
0.017
0.017
0.017
0.018
0.018
0.018
0.019
0.019
0.019
0.019
0.019
0.019
0.019
0.019
0.02
0.02
0.02
0.02
0.021
0.022
0.022
0.023
0.024
0.024
0.025
0.026
0.027
0.027
0.028
0.028
0.028
0.028
0.029
0.029
0.029
0.03
0.031
0.032
0.033
0.034
0.036
0.037
0.038
0.04
0.041
0.042
0.044
0.045
0.047
0.05
0.054
0.058
0.061
0.062
0.059
0.055
0.048
0.037
0.017
0.003
-0.006
-0.014
-0.021
-0.025
-0.029
-0.031
-0.034
-0.035
-0.036
-0.037
-0.038
-0.038
-0.037
-0.036
-0.035
-0.032
-0.028
-0.024
-0.018
0.004
0.038
0.081
0.13
0.183
0.234
0.27
0.283
0.268
0.22
0.127
0.016
-0.087
-0.149
-0.169
-0.16
-0.144
-0.126
-0.113
-0.106
-0.097
-0.086
-0.068
-0.044
-0.032
-0.028
-0.024
-0.021
-0.019
-0.018
-0.017
-0.016
-0.014
-0.012
-0.01
-0.008
-0.006
-0.005
-0.003
-0.002
0.0
0.002
0.004
0.007
0.011
0.014
0.017
0.02
0.022
0.024
0.027
0.029
0.032
0.034
0.036
0.038
0.039
0.041
0.043
0.046
0.048
0.05
0.053
0.055
0.058
0.06
0.063
0.066
0.069
0.072
0.075
0.078
0.081
0.084
0.088
0.092
0.097
0.104
0.112
0.119
0.126
0.13
0.133
0.137
0.14
0.143
0.145
0.146
0.147
0.147
0.146
0.145
0.144
0.142
0.139
0.136
0.133
0.128
0.12
0.113
0.108
0.098
0.084
0.071
0.064
0.058
0.053
0.048
0.045
0.041
0.035
0.029
0.025
0.021
0.018
0.015
0.013
0.012
0.012
0.012
0.012
0.012
0.012
0.012
0.012
0.012
0.012
0.011
0.011
0.01
0.01
0.01
0.01
0.01
0.01
0.011
0.011
0.011
0.012
0.013
0.013
0.014
0.014
0.015
0.016
0.016
0.017
0.018
0.019
0.02
0.024
0.026
0.026
0.022
0.017
0.013
0.009
0.005
0.003
0.002
0.002
0.002
0.001
0.001
0.001
0.001
0.001
0.001
0.001
0.001
0.001
0.001
0.001
0.002
0.002
0.002
0.002
0.002
0.002
0.002
0.002
0.001
0.001
0.0
0.0
-0.001
-0.002
-0.003
-0.004
-0.006
-0.007
-0.008
-0.009
-0.009
-0.01
-0.011
-0.011
-0.012
-0.013
-0.013
-0.014
-0.016
-0.017
-0.019
-0.02
-0.021
-0.022
-0.023
-0.024
-0.025
-0.026
-0.026
-0.026
-0.026
-0.027
-0.027
-0.027
-0.027
-0.027
-0.026
-0.025
-0.024
-0.022
-0.021
-0.02
-0.018
-0.016
-0.014
-0.011
-0.006
0.003
0.004
0.005
0.006
0.007
0.008
0.008
0.005
0.0
-0.004
-0.009
-0.014
-0.019
-0.024
-0.029
-0.033
-0.036
-0.039
-0.041
-0.044
-0.047
-0.048
-0.049
-0.049
-0.048
-0.046
-0.044
-0.041
-0.037
-0.029
-0.014
0.012
0.044
0.083
0.128
0.174
0.207
0.219
0.208
0.176
0.106
0.02
-0.063
-0.128
-0.149
-0.156
-0.143
-0.128
-0.117
-0.111
-0.108
-0.095
-0.072
-0.045
-0.03
-0.022
-0.019
-0.016
-0.013
-0.012
-0.01
-0.009
-0.008
-0.007
-0.007
-0.006
-0.005
-0.005
-0.005
-0.005
-0.004
-0.003
-0.002
0.0
0.0
0.002
0.003
0.005
0.008
0.01
0.012
0.014
0.016
0.019
0.022
0.025
0.027
0.029
0.031
0.032
0.034
0.035
0.037
0.038
0.039
0.04
0.041
0.042
0.043
0.045
0.047
0.049
0.052
0.055
0.061
0.072
0.082
0.091
0.098
0.106
0.114
0.12
0.125
0.129
0.132
0.133
0.133
0.133
0.134
0.134
0.134
0.135
0.135
0.133
0.129
0.123
0.117
0.108
0.101
0.096
0.089
0.08
0.073
0.062
0.05
0.043
0.038
0.034
0.03
0.026
0.023
0.02
0.017
0.015
0.014
0.012
0.011
0.01
0.009
0.008
0.008
0.007
0.006
0.006
0.006
0.006
0.005
0.005
0.005
0.006
0.007
0.008
0.01
0.011
0.013
0.014
0.016
0.017
0.019
0.02
0.021
0.022
0.022
0.023
0.024
0.025
0.025
0.026
0.026
0.027
0.027
0.027
0.026
0.026
0.025
0.025
0.024
0.023
0.022
0.022
0.021
0.021
0.021
0.021
0.021
0.021
0.021
0.022
0.021
0.021
0.021
0.02
0.02
0.02
0.019
0.017
0.015
0.013
0.011
0.01
0.009
0.007
0.006
0.003
0.001
-0.001
-0.003
-0.005
-0.007
-0.009
-0.01
-0.012
-0.013
-0.015
-0.016
-0.018
-0.02
-0.021
-0.022
-0.022
-0.021
-0.021
-0.021
-0.02
-0.02
-0.019
-0.018
-0.017
-0.017
-0.016
-0.016
-0.016
-0.016
-0.016
-0.016
-0.017
-0.018
-0.019
-0.019
-0.018
-0.017
-0.015
-0.014
-0.013
-0.011
-0.01
-0.009
-0.008
-0.007
-0.006
-0.004
-0.001
0.002
0.005
0.006
0.005
0.002
0.0
-0.004
-0.009
-0.017
-0.024
-0.029
-0.034
-0.037
-0.041
-0.044
-0.047
-0.05
-0.054
-0.058
-0.064
-0.069
-0.072
-0.076
-0.08
-0.082
-0.08
-0.075
-0.062
-0.041
-0.015
0.015
0.048
0.084
0.126
0.171
0.216
0.24
0.237
0.196
0.105
-0.008
-0.112
-0.176
-0.186
-0.175
-0.138
-0.115
-0.108
-0.115
-0.123
-0.129
-0.129
-0.12
-0.106
-0.092
-0.086
-0.084
-0.082
-0.081
-0.08
-0.078
-0.076
-0.074
-0.072
-0.07
-0.067
-0.065
-0.063
-0.061
-0.058
-0.056
-0.053
-0.051
-0.048
-0.046
-0.044
-0.042
-0.04
-0.038
-0.036
-0.035
-0.035
-0.036
-0.037
-0.038
-0.039
-0.039
-0.041
-0.042
-0.043
-0.043
-0.042
-0.04
-0.037
-0.034
-0.031
-0.026
-0.022
-0.017
-0.012
-0.007
-0.002
0.002
0.007
0.013
0.018
0.023
0.027
0.03
0.033
0.037
0.042
0.048
0.05
0.051
0.052
0.053
0.053
0.053
0.052
0.05
0.046
0.042
0.038
0.031
0.024
0.018
0.01
0.001
-0.008
-0.015
-0.02
-0.024
-0.028
-0.031
-0.034
-0.037
-0.042
-0.047
-0.053
-0.058
-0.063
-0.068
-0.072
-0.075
-0.077
-0.079
-0.08
-0.082
-0.083
-0.083
-0.081
-0.078
-0.075
-0.073
-0.072
-0.071
-0.069
-0.068
-0.067
-0.065
-0.064
-0.063
-0.062
-0.061
-0.06
-0.06
-0.06
-0.06
-0.06
-0.061
-0.061
-0.061
-0.061
-0.061
-0.06
-0.06
-0.059
-0.058
-0.058
-0.057
-0.057
-0.057
-0.058
-0.059
-0.061
-0.063
-0.065
-0.067
-0.063
-0.057
-0.053
-0.05
-0.046
-0.044
-0.042
-0.041
-0.041
-0.042
-0.042
-0.043
-0.044
-0.044
-0.045
-0.046
-0.047
-0.048
-0.049
-0.049
-0.05
-0.051
-0.052
-0.052
-0.052
-0.051
-0.05
-0.05
-0.05
-0.05
-0.049
-0.048
-0.047
-0.046
-0.046
-0.045
-0.044
-0.043
-0.042
-0.041
-0.039
-0.038
-0.037
-0.036
-0.035
-0.033
-0.032
-0.031
-0.03
-0.03
-0.029
-0.027
-0.026
-0.025
-0.024
-0.023
-0.022
-0.021
-0.02
-0.019
-0.019
-0.018
-0.017
-0.016
-0.015
-0.014
-0.013
-0.012
-0.011
-0.01
-0.008
-0.007
-0.006
-0.005
-0.004
-0.002
0.0
0.005
0.014
0.025
0.031
0.036
0.04
0.043
0.045
0.046
0.045
0.044
0.042
0.039
0.036
0.032
0.026
0.018
0.01
0.005
0.002
-0.001
-0.004
-0.006
-0.007
-0.008
-0.007
-0.006
-0.004
-0.001
0.001
0.015
0.036
0.066
0.107
0.153
0.205
0.255
0.297
0.31
0.302
0.249
0.152
0.035
-0.073
-0.143
-0.155
-0.151
-0.117
-0.089
-0.079
-0.073
-0.07
-0.064
-0.053
-0.04
-0.026
-0.02
-0.018
-0.016
-0.015
-0.015
-0.015
-0.014
-0.014
-0.013
-0.012
-0.011
-0.01
-0.01
-0.01
-0.009
-0.009
-0.009
-0.008
-0.008
-0.007
-0.006
-0.005
-0.002
0.0
0.003
0.007
0.011
0.015
0.018
0.021
0.023
0.025
0.027
0.029
0.03
0.032
0.034
0.035
0.036
0.038
0.04
0.042
0.046
0.05
0.054
0.058
0.063
0.068
0.074
0.081
0.09
0.099
0.109
0.114
0.117
0.119
0.121
0.123
0.124
0.125
0.126
0.126
0.126
0.126
0.125
0.124
0.123
0.121
0.119
0.117
0.114
0.109
0.098
0.09
0.083
0.077
0.071
0.064
0.056
0.047
0.038
0.032
0.027
0.023
0.015
0.008
0.005
0.002
0.0
-0.001
-0.003
-0.005
-0.007
-0.008
-0.009
-0.01
-0.011
-0.012
-0.012
-0.012
-0.012
-0.012
-0.012
-0.012
-0.012
-0.011
-0.011
-0.011
-0.011
-0.012
-0.012
-0.013
-0.013
-0.013
-0.012
-0.011
-0.01
-0.008
-0.007
-0.006
-0.005
-0.004
-0.003
-0.002
-0.002
-0.002
-0.002
-0.004
-0.005
-0.008
-0.011
-0.014
-0.016
-0.018
-0.02
-0.022
-0.024
-0.025
-0.027
-0.028
-0.029
-0.031
-0.032
-0.033
-0.033
-0.033
-0.032
-0.032
-0.031
-0.03
-0.029
-0.028
-0.026
-0.024
-0.022
-0.021
-0.02
-0.018
-0.015
-0.011
-0.008
-0.007
-0.008
-0.01
-0.012
-0.013
-0.013
-0.013
-0.014
-0.015
-0.016
-0.016
-0.016
-0.017
-0.017
-0.018
-0.019
-0.019
-0.019
-0.019
-0.018
-0.018
-0.018
-0.018
-0.018
-0.018
-0.018
-0.018
-0.018
-0.018
-0.018
-0.019
-0.019
