-0.299
-0.258
-0.21
-0.175
-0.148
-0.117
-0.093
-0.074
-0.061
-0.051
-0.044
-0.039
-0.036
-0.034
-0.032
-0.03
-0.03
-0.029
-0.03
-0.03
-0.03
-0.03
-0.03
-0.03
-0.029
-0.028
-0.025
-0.021
-0.017
-0.014
-0.01
-0.007
-0.004
0.0
0.002
0.005
0.008
0.013
0.018
0.025
0.032
0.039
0.046
0.052
0.058
0.064
0.07
0.077
0.086
0.098
0.119
0.137
0.154
0.17
0.186
0.2
0.213
0.224
0.232
0.238
0.245
0.25
0.254
0.256
0.256
0.254
0.249
0.243
0.234
0.223
0.207
0.178
0.152
0.12
0.076
0.037
0.009
-0.014
-0.038
-0.061
-0.082
-0.108
-0.141
-0.174
-0.207
-0.233
-0.253
-0.277
-0.289
-0.296
-0.303
-0.309
-0.312
-0.315
-0.315
-0.315
-0.315
-0.313
-0.309
-0.306
-0.301
-0.296
-0.291
-0.288
-0.286
-0.284
-0.283
-0.281
-0.278
-0.275
-0.273
-0.27
-0.268
-0.266
-0.263
-0.259
-0.256
-0.254
-0.252
-0.25
-0.247
-0.243
-0.239
-0.234
-0.229
-0.224
-0.216
-0.199
-0.181
-0.172
-0.165
-0.161
-0.158
-0.156
-0.154
-0.152
-0.149
-0.148
-0.147
-0.148
-0.148
-0.147
-0.146
-0.143
-0.141
-0.139
-0.137
-0.135
-0.132
-0.129
-0.125
-0.122
-0.12
-0.118
-0.116
-0.114
-0.111
-0.108
-0.106
-0.104
-0.102
-0.101
-0.1
-0.098
-0.096
-0.095
-0.094
-0.094
-0.093
-0.093
-0.093
-0.093
-0.094
-0.095
-0.097
-0.1
-0.102
-0.103
-0.104
-0.105
-0.107
-0.108
-0.109
-0.111
-0.112
-0.113
-0.114
-0.115
-0.117
-0.119
-0.121
-0.123
-0.123
-0.123
-0.123
-0.121
-0.118
-0.115
-0.112
-0.108
-0.105
-0.103
-0.101
-0.1
-0.098
-0.097
-0.095
-0.092
-0.089
-0.085
-0.081
-0.078
-0.075
-0.073
-0.069
-0.066
-0.061
-0.057
-0.051
-0.044
-0.03
-0.016
-0.004
0.004
0.012
0.019
0.026
0.032
0.038
0.043
0.047
0.049
0.051
0.052
0.054
0.057
0.059
0.06
0.059
0.056
0.052
0.048
0.045
0.042
0.038
0.033
0.029
0.026
0.025
0.025
0.027
0.031
0.036
0.043
0.05
0.057
0.062
0.068
0.074
0.079
0.085
0.09
0.096
0.1
0.104
0.107
0.109
0.111
0.113
0.116
0.119
0.122
0.126
0.129
0.133
0.137
0.14
0.143
0.146
0.15
0.157
0.17
0.199
0.257
0.341
0.457
0.609
0.788
0.983
1.168
1.297
1.312
1.255
1.03
0.7
0.338
0.021
-0.195
-0.28
-0.285
-0.23
-0.134
-0.047
0.013
0.05
0.071
0.082
0.089
0.095
0.102
0.11
0.117
0.123
0.128
0.134
0.139
0.144
0.148
0.149
0.147
0.144
0.14
0.137
0.133
0.13
0.125
0.12
0.116
0.113
0.116
0.123
0.132
0.14
0.146
0.151
0.157
0.163
0.169
0.175
0.18
0.185
0.19
0.195
0.201
0.209
0.218
0.232
0.245
0.254
0.262
0.271
0.282
0.296
0.313
0.329
0.342
0.354
0.365
0.375
0.388
0.404
0.412
0.417
0.421
0.425
0.428
0.427
0.418
0.403
0.379
0.346
0.322
0.304
0.281
0.25
0.209
0.165
0.123
0.09
0.066
0.044
0.023
0.001
-0.023
-0.041
-0.054
-0.066
-0.076
-0.086
-0.102
-0.12
-0.131
-0.135
-0.138
-0.14
-0.143
-0.146
-0.148
-0.149
-0.15
-0.152
-0.153
-0.154
-0.154
-0.153
-0.152
-0.151
-0.15
-0.149
-0.148
-0.146
-0.143
-0.139
-0.136
-0.132
-0.129
-0.125
-0.121
-0.118
-0.116
-0.114
-0.114
-0.113
-0.112
-0.11
-0.108
-0.106
-0.104
-0.103
-0.102
-0.1
-0.098
-0.097
-0.095
-0.094
-0.094
-0.094
-0.093
-0.093
-0.092
-0.092
-0.091
-0.091
-0.091
-0.09
-0.089
-0.088
-0.088
-0.088
-0.088
-0.089
-0.089
-0.089
-0.089
-0.09
-0.091
-0.092
-0.092
-0.092
-0.092
-0.092
-0.092
-0.094
-0.095
-0.096
-0.097
-0.097
-0.098
-0.099
-0.101
-0.102
-0.103
-0.104
-0.104
-0.105
-0.106
-0.107
-0.108
-0.108
-0.108
-0.108
-0.109
-0.11
-0.111
-0.111
-0.111
-0.11
-0.108
-0.105
-0.102
-0.099
-0.095
-0.092
-0.089
-0.086
-0.083
-0.08
-0.078
-0.076
-0.074
-0.073
-0.071
-0.068
-0.066
-0.064
-0.063
-0.061
-0.058
-0.055
-0.051
-0.048
-0.046
-0.045
-0.042
-0.039
-0.034
-0.028
-0.023
-0.018
-0.012
0.001
0.017
0.029
0.038
0.045
0.049
0.054
0.059
0.064
0.068
0.071
0.07
0.067
0.063
0.06
0.057
0.054
0.051
0.047
0.044
0.041
0.038
0.037
0.034
0.031
0.028
0.025
0.024
0.023
0.022
0.021
0.02
0.016
0.011
0.007
0.008
0.02
0.037
0.054
0.074
0.087
0.096
0.1
0.104
0.107
0.11
0.112
0.114
0.114
0.115
0.117
0.119
0.121
0.122
0.124
0.125
0.127
0.13
0.135
0.142
0.149
0.166
0.207
0.282
0.39
0.536
0.717
0.918
1.103
1.21
1.213
1.119
0.881
0.567
0.237
-0.042
-0.224
-0.276
-0.293
-0.271
-0.205
-0.152
-0.125
-0.1
-0.069
-0.032
0.001
0.015
0.02
0.025
0.029
0.03
0.032
0.033
0.035
0.037
0.04
0.043
0.046
0.047
0.048
0.049
0.051
0.053
0.055
0.057
0.059
0.06
0.061
0.063
0.064
0.066
0.068
0.072
0.075
0.079
0.082
0.085
0.087
0.09
0.094
0.098
0.104
0.111
0.122
0.146
0.165
0.181
0.197
0.214
0.23
0.244
0.259
0.273
0.29
0.311
0.322
0.33
0.338
0.344
0.349
0.353
0.355
0.356
0.355
0.354
0.352
0.349
0.344
0.338
0.329
0.313
0.276
0.236
0.196
0.156
0.115
0.072
0.026
-0.015
-0.045
-0.07
-0.086
-0.096
-0.104
-0.113
-0.126
-0.139
-0.151
-0.158
-0.164
-0.17
-0.174
-0.178
-0.181
-0.185
-0.188
-0.191
-0.194
-0.196
-0.198
-0.2
-0.201
-0.203
-0.204
-0.204
-0.204
-0.203
-0.202
-0.201
-0.201
-0.202
-0.202
-0.203
-0.204
-0.208
-0.211
-0.207
-0.199
-0.196
-0.193
-0.19
-0.187
-0.185
-0.185
-0.185
-0.184
-0.183
-0.183
-0.185
-0.188
-0.192
-0.197
-0.2
-0.203
-0.205
-0.208
-0.211
-0.214
-0.217
-0.219
-0.22
-0.221
-0.222
-0.224
-0.226
-0.228
-0.229
-0.23
-0.232
-0.235
-0.238
-0.242
-0.245
-0.248
-0.25
-0.253
-0.257
-0.264
-0.271
-0.275
-0.274
-0.265
-0.254
-0.243
-0.238
-0.233
-0.229
-0.226
-0.223
-0.22
-0.217
-0.213
-0.209
-0.205
-0.202
-0.199
-0.197
-0.195
-0.194
-0.193
-0.192
-0.192
-0.192
-0.191
-0.189
-0.186
-0.183
-0.18
-0.176
-0.171
-0.166
-0.16
-0.154
-0.147
-0.139
-0.13
-0.122
-0.112
-0.102
-0.091
-0.082
-0.074
-0.067
-0.06
-0.052
-0.041
-0.025
-0.009
0.007
0.016
0.023
0.029
0.033
0.036
0.04
0.045
0.05
0.055
0.06
0.066
0.072
0.078
0.086
0.095
0.105
0.113
0.121
0.13
0.14
0.152
0.17
0.184
0.193
0.199
0.201
0.203
0.205
0.206
0.207
0.207
0.206
0.205
0.205
0.205
0.206
0.207
0.209
0.211
0.213
0.217
0.22
0.224
0.228
0.232
0.237
0.242
0.246
0.252
0.26
0.269
0.278
0.288
0.295
0.3
0.302
0.303
0.303
0.303
0.303
0.303
0.303
0.304
0.304
0.305
0.304
0.298
0.289
0.279
0.266
0.266
0.284
0.335
0.423
0.545
0.695
0.865
1.036
1.183
1.266
1.267
1.19
0.987
0.7
0.378
0.076
-0.152
-0.258
-0.266
-0.205
-0.084
0.034
0.09
0.102
0.111
0.119
0.125
0.13
0.134
0.138
0.14
0.14
0.14
0.139
0.138
0.137
0.135
0.134
0.133
0.132
0.13
0.13
0.131
0.133
0.134
0.135
0.135
0.135
0.135
0.135
0.134
0.133
0.132
0.131
0.13
0.131
0.131
0.13
0.129
0.127
0.126
0.126
0.126
0.126
0.125
0.124
0.124
0.124
0.124
0.124
0.122
0.119
0.118
0.122
0.133
0.143
0.151
0.159
0.166
0.172
0.177
0.18
0.179
0.176
0.172
0.165
0.157
0.144
0.121
0.102
0.076
0.043
0.008
-0.028
-0.067
-0.106
-0.136
-0.159
-0.186
-0.203
-0.214
-0.224
-0.235
-0.249
-0.263
-0.278
-0.293
-0.313
-0.33
-0.337
-0.34
-0.343
-0.345
-0.345
-0.346
-0.349
-0.354
-0.361
-0.369
-0.376
-0.381
-0.387
-0.395
-0.4
-0.402
-0.397
-0.385
-0.371
-0.36
-0.353
-0.348
-0.342
-0.335
-0.328
-0.321
-0.316
-0.311
-0.307
-0.302
-0.298
-0.294
-0.291
-0.289
-0.286
-0.282
-0.276
-0.266
-0.254
-0.243
-0.233
-0.222
-0.214
-0.206
-0.199
-0.192
-0.186
-0.18
-0.173
-0.167
-0.161
-0.157
-0.153
-0.15
-0.145
-0.141
-0.136
-0.132
-0.129
-0.125
-0.121
-0.117
-0.113
-0.11
-0.109
-0.108
-0.108
-0.108
-0.108
-0.107
-0.106
-0.104
-0.098
-0.09
-0.085
-0.084
-0.088
-0.094
-0.099
-0.103
-0.106
-0.108
-0.112
-0.117
-0.121
-0.125
-0.126
-0.127
-0.128
-0.127
-0.126
-0.124
-0.121
-0.118
-0.114
-0.11
-0.107
-0.102
-0.097
-0.092
-0.088
-0.084
-0.077
-0.068
-0.058
-0.048
-0.038
-0.029
-0.021
-0.013
-0.005
0.002
0.011
0.022
0.034
0.045
0.056
0.065
0.074
0.083
0.092
0.103
0.116
0.128
0.137
0.143
0.147
0.151
0.155
0.158
0.161
0.163
0.166
0.168
0.17
0.172
0.174
0.175
0.176
0.178
0.179
0.18
0.181
0.182
0.182
0.182
0.183
0.185
0.188
0.19
0.193
0.195
0.196
0.197
0.199
0.201
0.204
0.206
0.207
0.208
0.209
0.21
0.212
0.214
0.218
0.221
0.224
0.227
0.23
0.232
0.235
0.236
0.236
0.236
0.236
0.237
0.239
0.241
0.244
0.248
0.253
0.259
0.274
0.31
0.369
0.466
0.6
0.764
0.938
1.093
1.183
1.186
1.113
0.906
0.613
0.291
0.0
-0.214
-0.287
-0.311
-0.286
-0.21
-0.137
-0.084
-0.049
-0.031
-0.017
-0.008
-0.001
0.002
0.007
0.01
0.011
0.011
0.011
0.011
0.011
0.01
0.01
0.01
0.01
0.01
0.01
0.01
0.01
0.01
0.009
0.009
0.008
0.008
0.008
0.008
0.008
0.009
0.01
0.012
0.014
0.017
0.021
0.024
0.028
0.031
0.035
0.039
0.046
0.062
0.081
0.103
0.125
0.147
0.168
0.188
0.208
0.229
0.248
0.265
0.281
0.296
0.315
0.338
0.361
0.384
0.399
0.408
0.415
0.422
0.427
0.43
0.43
0.423
0.412
0.396
0.369
0.327
0.29
0.252
0.213
0.17
0.123
0.079
0.053
0.04
0.03
0.018
0.005
-0.006
-0.019
-0.034
-0.049
-0.062
-0.074
-0.091
-0.113
-0.137
-0.147
-0.153
-0.158
-0.163
-0.167
-0.17
-0.172
-0.174
-0.176
-0.178
-0.179
-0.179
-0.179
-0.179
-0.178
-0.178
-0.176
-0.175
-0.172
-0.169
-0.165
-0.161
-0.157
-0.153
-0.148
-0.143
-0.138
-0.132
-0.122
-0.11
-0.098
-0.088
-0.078
-0.069
-0.062
-0.056
-0.05
-0.045
-0.041
-0.039
-0.04
-0.041
-0.044
-0.048
-0.052
-0.056
-0.059
-0.063
-0.068
-0.072
-0.073
-0.069
-0.059
-0.048
-0.038
-0.033
-0.029
-0.025
-0.022
-0.019
-0.017
-0.015
-0.013
-0.011
-0.009
-0.007
-0.005
-0.004
-0.003
-0.001
-0.001
0.0
0.0
0.0
0.0
0.0
0.0
0.001
0.002
0.003
0.004
0.006
0.009
0.012
0.015
0.017
0.019
0.02
0.021
0.022
0.023
0.023
0.024
0.026
0.028
0.031
0.035
0.039
0.043
0.048
0.052
0.056
0.061
0.065
0.069
0.073
0.077
0.08
0.083
0.086
0.088
0.091
0.094
0.097
0.101
0.104
0.108
0.112
0.116
0.119
0.122
0.124
0.125
0.127
0.128
0.13
0.132
0.135
0.139
0.143
0.15
0.158
0.166
0.172
0.173
0.172
0.169
0.163
0.154
0.134
0.098
0.079
0.067
0.057
0.052
0.053
0.057
0.062
0.068
0.075
0.08
0.078
0.062
0.041
0.024
0.003
-0.011
-0.013
-0.005
0.007
0.028
0.065
0.098
0.121
0.136
0.147
0.159
0.165
0.157
0.139
0.117
0.091
0.074
0.062
0.052
0.045
0.045
0.057
0.073
0.088
0.105
0.122
0.133
0.146
0.193
0.267
0.383
0.549
0.76
1.0
1.222
1.34
1.339
1.217
0.932
0.565
0.194
-0.116
-0.322
-0.377
-0.371
-0.285
-0.182
-0.097
-0.059
-0.036
-0.018
0.004
0.029
0.052
0.06
0.066
0.071
0.075
0.076
0.073
0.067
0.063
0.058
0.054
0.052
0.056
0.065
0.073
0.075
0.077
0.079
0.082
0.085
0.087
0.089
0.091
0.091
0.092
0.093
0.095
0.097
0.098
0.098
0.099
0.1
0.102
0.104
0.108
0.113
0.118
0.125
0.135
0.154
0.173
0.186
0.197
0.208
0.222
0.235
0.249
0.269
0.304
0.34
0.363
0.369
0.374
0.379
0.375
0.35
0.33
0.312
0.297
0.284
0.273
0.26
0.244
0.228
0.212
0.194
0.172
0.144
0.105
0.058
0.024
0.002
-0.016
-0.034
-0.061
-0.102
-0.147
-0.193
-0.228
-0.25
-0.265
-0.277
-0.28
-0.283
-0.284
-0.286
-0.287
-0.287
-0.288
-0.289
-0.292
-0.294
-0.297
-0.299
-0.3
-0.299
-0.298
-0.295
-0.292
-0.288
-0.284
-0.28
-0.276
-0.271
-0.266
-0.262
-0.257
-0.253
-0.248
-0.243
-0.235
-0.225
-0.216
-0.207
-0.202
-0.199
-0.195
-0.193
-0.19
-0.188
-0.186
-0.184
-0.181
-0.178
-0.175
-0.172
-0.171
-0.17
-0.168
-0.165
-0.163
-0.16
-0.159
-0.158
-0.157
-0.155
-0.151
-0.147
-0.145
-0.144
-0.144
-0.145
-0.146
-0.148
-0.152
-0.156
-0.16
-0.165
-0.168
-0.17
-0.172
-0.174
-0.178
-0.181
-0.183
-0.185
-0.186
-0.187
-0.187
-0.187
-0.187
-0.184
-0.181
-0.176
-0.173
-0.171
-0.17
-0.17
-0.17
-0.169
-0.169
-0.169
-0.169
-0.169
-0.167
-0.164
-0.161
-0.159
-0.158
-0.158
-0.158
-0.158
-0.157
-0.156
-0.156
-0.156
-0.158
-0.159
-0.159
-0.158
-0.156
-0.155
-0.154
-0.152
-0.15
-0.146
-0.142
-0.14
-0.144
-0.153
-0.163
-0.171
-0.18
-0.189
-0.195
-0.195
-0.188
-0.174
-0.16
-0.147
-0.136
-0.125
-0.113
-0.1
-0.086
-0.072
-0.06
-0.05
-0.039
-0.029
-0.02
-0.013
-0.011
-0.015
-0.021
-0.028
-0.036
-0.042
-0.046
-0.051
-0.057
-0.063
-0.068
-0.073
-0.075
-0.076
-0.076
-0.076
-0.074
-0.071
-0.068
-0.063
-0.058
-0.054
-0.05
-0.047
-0.046
-0.043
-0.041
-0.038
-0.035
-0.032
-0.03
-0.028
-0.026
-0.023
-0.02
-0.018
-0.018
-0.017
-0.017
-0.016
-0.015
-0.013
-0.011
-0.009
-0.007
-0.004
-0.001
0.003
0.01
0.016
0.031
0.068
0.13
0.226
0.362
0.531
0.725
0.919
1.078
1.125
1.105
0.948
0.665
0.324
0.003
-0.244
-0.372
-0.413
-0.39
-0.325
-0.24
-0.198
-0.173
-0.157
-0.138
-0.114
-0.105
-0.1
-0.095
-0.09
-0.085
-0.083
-0.08
-0.078
-0.077
-0.075
