-0.046
-0.193
-0.368
-0.541
-0.68
-0.735
-0.738
-0.687
-0.601
-0.506
-0.423
-0.358
-0.304
-0.256
-0.22
-0.208
-0.205
-0.203
-0.198
-0.193
-0.179
-0.156
-0.121
-0.082
-0.045
-0.008
0.027
0.062
0.096
0.128
0.156
0.18
0.197
0.208
0.215
0.219
0.22
0.217
0.21
0.199
0.184
0.16
0.139
0.117
0.095
0.072
0.049
0.033
0.014
-0.002
-0.016
-0.027
-0.037
-0.048
-0.057
-0.061
-0.063
-0.065
-0.066
-0.067
-0.067
-0.067
-0.066
-0.064
-0.061
-0.058
-0.056
-0.053
-0.051
-0.049
-0.047
-0.045
-0.043
-0.037
-0.019
0.006
0.044
0.093
0.154
0.221
0.281
0.31
0.306
0.263
0.145
-0.034
-0.254
-0.475
-0.651
-0.733
-0.741
-0.69
-0.588
-0.47
-0.361
-0.28
-0.235
-0.205
-0.188
-0.171
-0.158
-0.141
-0.12
-0.091
-0.066
-0.044
-0.021
0.004
0.03
0.061
0.095
0.128
0.162
0.199
0.233
0.265
0.293
0.306
0.313
0.317
0.319
0.319
0.315
0.306
0.292
0.273
0.254
0.236
0.21
0.182
0.149
0.114
0.084
0.059
0.039
0.015
0.0
-0.008
-0.014
-0.018
-0.022
-0.025
-0.027
-0.028
-0.029
-0.029
-0.03
-0.031
-0.033
-0.033
-0.033
-0.034
-0.034
-0.034
-0.032
-0.031
-0.028
-0.024
-0.017
-0.003
0.022
0.062
0.117
0.186
0.266
0.346
0.382
0.373
0.293
0.118
-0.12
-0.373
-0.58
-0.71
-0.754
-0.728
-0.653
-0.561
-0.473
-0.389
-0.31
-0.243
-0.193
-0.16
-0.147
-0.13
-0.111
-0.088
-0.073
-0.058
-0.043
-0.029
-0.014
0.013
0.047
0.082
0.118
0.158
0.199
0.231
0.257
0.271
0.28
0.286
0.287
0.28
0.272
0.262
0.253
0.233
0.212
0.191
0.166
0.141
0.116
0.09
0.065
0.038
0.009
-0.02
-0.045
-0.066
-0.089
-0.113
-0.125
-0.132
-0.137
-0.14
-0.14
-0.137
-0.133
-0.129
-0.126
-0.123
-0.121
-0.122
-0.124
-0.127
-0.13
-0.134
-0.136
-0.135
-0.128
-0.107
-0.076
-0.032
0.025
0.096
0.174
0.247
0.303
0.307
0.271
0.133
-0.082
-0.346
-0.61
-0.81
-0.899
-0.907
-0.856
-0.741
-0.617
-0.508
-0.424
-0.362
-0.318
-0.287
-0.271
-0.258
-0.246
-0.223
-0.196
-0.17
-0.148
-0.121
-0.089
-0.054
-0.019
0.01
0.035
0.059
0.084
0.114
0.143
0.158
0.169
0.177
0.182
0.186
0.189
0.189
0.183
0.168
0.146
0.118
0.091
0.067
0.039
0.01
-0.017
-0.044
-0.071
-0.103
-0.133
-0.148
-0.158
-0.166
-0.171
-0.173
-0.173
-0.174
-0.175
-0.176
-0.176
-0.176
-0.176
-0.176
-0.177
-0.178
-0.179
-0.18
-0.181
-0.182
-0.185
-0.189
-0.191
-0.191
-0.184
-0.171
-0.139
-0.086
-0.021
0.053
0.127
0.189
0.219
0.19
0.088
-0.09
-0.324
-0.566
-0.763
-0.883
-0.911
-0.857
-0.755
-0.631
-0.509
-0.418
-0.366
-0.345
-0.332
-0.319
-0.306
-0.284
-0.26
-0.247
-0.227
-0.208
-0.185
-0.161
-0.136
-0.106
-0.068
-0.025
0.012
0.045
0.075
0.103
0.13
0.155
0.165
0.17
0.174
0.169
0.159
0.148
0.134
0.11
0.079
0.047
0.019
-0.003
-0.03
-0.045
-0.071
-0.1
-0.128
-0.143
-0.157
-0.17
-0.183
-0.192
-0.196
-0.199
-0.199
-0.191
-0.187
-0.185
-0.183
-0.181
-0.179
-0.178
-0.176
-0.175
-0.174
-0.173
-0.173
-0.173
-0.173
-0.173
-0.171
-0.167
-0.159
-0.14
-0.104
-0.058
0.005
0.088
0.173
0.227
0.226
0.17
0.012
-0.212
-0.452
-0.663
-0.8
-0.84
-0.797
-0.712
-0.614
-0.515
-0.429
-0.361
-0.309
-0.272
-0.247
-0.233
-0.222
-0.213
-0.207
-0.19
-0.17
-0.147
-0.123
-0.108
-0.083
-0.057
-0.027
0.005
0.04
0.072
0.097
0.121
0.146
0.163
0.174
0.182
0.186
0.183
0.175
0.163
0.147
0.123
0.102
0.075
0.048
0.02
-0.008
-0.037
-0.061
-0.084
-0.109
-0.123
-0.133
-0.14
-0.142
-0.144
-0.146
-0.147
-0.148
-0.15
-0.152
-0.153
-0.154
-0.154
-0.155
-0.157
-0.159
-0.158
-0.154
-0.148
-0.143
-0.136
-0.13
-0.125
-0.119
-0.11
-0.1
-0.08
-0.05
-0.01
0.035
0.081
0.111
0.12
0.101
0.047
-0.064
-0.22
-0.401
-0.575
-0.706
-0.765
-0.745
-0.67
-0.571
-0.472
-0.387
-0.32
-0.271
-0.247
-0.24
-0.235
-0.231
-0.226
-0.206
-0.18
-0.154
-0.13
-0.108
-0.095
-0.073
-0.048
-0.012
0.029
0.075
0.119
0.157
0.185
0.211
0.222
0.228
0.233
0.226
0.213
0.197
0.172
0.146
0.121
0.094
0.064
0.036
0.021
0.008
-0.006
-0.025
-0.04
-0.05
-0.058
-0.067
-0.075
-0.084
-0.094
-0.102
-0.11
-0.113
-0.115
-0.115
-0.116
-0.116
-0.116
-0.116
-0.116
-0.117
-0.117
-0.117
-0.116
-0.114
-0.112
-0.109
-0.105
-0.095
-0.077
-0.047
-0.011
0.034
0.091
0.148
0.192
0.203
0.194
0.142
0.034
-0.122
-0.311
-0.503
-0.661
-0.744
-0.754
-0.719
-0.633
-0.537
-0.448
-0.373
-0.32
-0.284
-0.257
-0.235
-0.213
-0.191
-0.168
-0.154
-0.14
-0.128
-0.116
-0.104
-0.082
-0.052
-0.013
0.029
0.072
0.112
0.147
0.176
0.2
0.217
0.223
0.224
0.222
0.216
0.206
0.191
0.177
0.16
0.142
0.125
0.098
0.07
0.045
0.022
-0.001
-0.015
-0.039
-0.064
-0.082
-0.092
-0.097
-0.101
-0.105
-0.106
-0.105
-0.104
-0.102
-0.1
-0.098
-0.096
-0.094
-0.093
-0.092
-0.09
-0.088
-0.087
-0.086
-0.085
-0.085
-0.084
-0.083
-0.08
-0.068
-0.045
-0.008
0.042
0.107
0.181
0.251
0.292
0.291
0.24
0.1
-0.11
-0.352
-0.578
-0.732
-0.795
-0.775
-0.705
-0.615
-0.517
-0.423
-0.345
-0.282
-0.238
-0.218
-0.211
-0.204
-0.185
-0.162
-0.139
-0.116
-0.094
-0.072
-0.052
-0.029
-0.004
0.021
0.05
0.084
0.118
0.146
0.169
0.192
0.216
0.224
0.228
0.23
0.229
0.222
0.203
0.18
0.156
0.129
0.097
0.06
0.026
0.0
-0.022
-0.051
-0.081
-0.103
-0.112
-0.119
-0.123
-0.127
-0.129
-0.13
-0.13
-0.128
-0.126
-0.123
-0.12
-0.117
-0.113
-0.108
-0.105
-0.103
-0.102
-0.1
-0.099
-0.098
-0.097
-0.096
-0.094
-0.091
-0.081
-0.054
-0.008
0.048
0.112
0.185
0.259
0.317
0.338
0.3
0.183
-0.015
-0.271
-0.532
-0.739
-0.863
-0.887
-0.819
-0.697
-0.562
-0.444
-0.363
-0.307
-0.26
-0.226
-0.212
-0.203
-0.194
-0.178
-0.155
-0.13
-0.106
-0.092
-0.067
-0.041
-0.011
0.017
0.049
0.086
0.124
0.159
0.193
0.225
0.251
0.26
0.264
0.268
0.267
0.256
0.24
0.224
0.203
0.179
0.15
0.118
0.088
0.06
0.033
0.011
-0.004
-0.022
-0.041
-0.06
-0.077
-0.089
-0.098
-0.104
-0.113
-0.123
-0.128
-0.13
-0.131
-0.133
-0.134
-0.135
-0.136
-0.136
-0.136
-0.136
-0.135
-0.134
-0.133
-0.131
-0.129
-0.125
-0.121
-0.112
-0.094
-0.063
-0.019
0.039
0.106
0.171
0.22
0.225
0.2
0.092
-0.082
-0.307
-0.538
-0.727
-0.845
-0.877
-0.834
-0.749
-0.647
-0.549
-0.469
-0.405
-0.362
-0.337
-0.328
-0.32
-0.301
-0.276
-0.25
-0.221
-0.194
-0.167
-0.139
-0.11
-0.081
-0.048
-0.013
0.022
0.056
0.084
0.101
0.111
0.117
0.121
0.123
0.122
0.119
0.114
0.109
0.102
0.093
0.082
0.068
0.045
0.018
-0.007
-0.022
-0.046
-0.07
-0.094
-0.108
-0.123
-0.138
-0.152
-0.161
-0.167
-0.169
-0.172
-0.174
-0.174
-0.172
-0.166
-0.16
-0.156
-0.153
-0.149
-0.146
-0.142
-0.14
-0.139
-0.138
-0.137
-0.136
-0.134
-0.13
-0.121
-0.099
-0.065
-0.017
0.044
0.121
0.204
0.278
0.308
0.297
0.21
0.031
-0.207
-0.462
-0.684
-0.827
-0.878
-0.837
-0.73
-0.595
-0.478
-0.397
-0.346
-0.314
-0.29
-0.27
-0.244
-0.213
-0.182
-0.155
-0.131
-0.118
-0.097
-0.074
-0.049
-0.022
0.006
0.036
0.066
0.099
0.131
0.162
0.191
0.216
0.233
0.247
0.257
0.258
0.254
0.244
0.223
0.195
0.162
0.13
0.101
0.076
0.053
0.028
0.0
-0.015
-0.03
-0.044
-0.056
-0.068
-0.078
-0.085
-0.087
-0.088
-0.089
-0.089
-0.089
-0.089
-0.087
-0.084
-0.082
-0.081
-0.079
-0.078
-0.077
-0.078
-0.081
-0.084
-0.087
-0.091
-0.097
-0.1
-0.096
-0.089
-0.071
-0.039
0.004
0.063
0.127
0.182
0.217
0.219
0.19
0.099
-0.045
-0.233
-0.437
-0.611
-0.727
-0.764
-0.723
-0.628
-0.511
-0.402
-0.323
-0.263
-0.22
-0.193
-0.184
-0.177
-0.173
-0.165
-0.154
-0.136
-0.114
-0.088
-0.062
-0.041
-0.02
0.007
0.043
0.079
0.111
0.142
0.17
0.195
0.209
0.219
0.226
0.226
0.219
0.209
0.195
0.181
0.166
0.14
0.117
0.094
0.067
0.036
0.009
-0.006
-0.022
-0.035
-0.047
-0.059
-0.071
-0.083
-0.091
-0.095
-0.097
-0.098
-0.098
-0.098
-0.096
-0.093
-0.091
-0.089
-0.087
-0.084
-0.081
-0.079
-0.078
-0.077
-0.078
-0.08
-0.082
-0.084
-0.088
-0.092
-0.084
-0.066
-0.036
0.005
0.062
0.122
0.17
0.188
0.182
0.139
0.036
-0.118
-0.302
-0.487
-0.64
-0.723
-0.734
-0.703
-0.617
-0.512
-0.406
-0.317
-0.255
-0.21
-0.183
-0.174
-0.167
-0.159
-0.145
-0.128
-0.114
-0.099
-0.084
-0.068
-0.041
-0.01
0.022
0.057
0.093
0.129
0.164
0.196
0.222
0.233
0.238
0.242
0.242
0.233
0.222
0.207
0.186
0.161
0.134
0.106
0.08
0.057
0.035
0.011
-0.011
-0.033
-0.056
-0.07
-0.08
-0.086
-0.089
-0.091
-0.093
-0.093
-0.092
-0.093
-0.094
-0.095
-0.095
-0.095
-0.096
-0.097
-0.097
-0.097
-0.097
-0.096
-0.095
-0.095
-0.094
-0.093
-0.091
-0.089
-0.082
-0.066
-0.038
0.0
0.044
0.092
0.138
0.17
0.18
0.166
0.126
0.032
-0.102
-0.265
-0.432
-0.573
-0.663
-0.689
-0.652
-0.573
-0.478
-0.392
-0.319
-0.259
-0.211
-0.174
-0.15
-0.142
-0.138
-0.136
-0.127
-0.102
-0.072
-0.041
-0.014
0.008
0.029
0.058
0.1
0.143
0.181
0.212
0.239
0.266
0.277
0.283
0.287
0.288
0.281
0.272
0.261
0.248
0.224
0.192
0.161
0.134
0.107
0.075
0.04
0.011
-0.004
-0.021
-0.035
-0.046
-0.056
-0.06
-0.062
-0.063
-0.064
-0.065
-0.064
-0.062
-0.058
-0.056
-0.054
-0.051
-0.048
-0.048
-0.054
-0.061
-0.065
-0.071
-0.076
-0.079
-0.08
-0.08
-0.077
-0.07
-0.052
-0.021
0.022
0.078
0.144
0.213
0.275
0.301
0.294
0.228
0.083
-0.122
-0.36
-0.58
-0.736
-0.792
-0.79
-0.716
-0.613
-0.509
-0.412
-0.334
-0.283
-0.252
-0.229
-0.214
-0.197
-0.183
-0.162
-0.141
-0.12
-0.095
-0.067
-0.04
-0.012
0.021
0.057
0.093
0.125
0.156
0.182
0.208
0.232
0.242
0.248
0.252
0.254
0.254
0.25
0.244
0.234
0.219
0.193
0.164
0.137
0.111
0.084
0.056
0.026
-0.003
-0.032
-0.055
-0.07
-0.082
-0.09
-0.101
-0.106
-0.109
-0.111
-0.114
-0.116
-0.118
-0.119
-0.119
-0.119
-0.119
-0.119
-0.117
-0.116
-0.115
-0.113
-0.111
-0.109
-0.106
-0.098
-0.091
-0.08
-0.065
-0.039
-0.003
0.046
0.118
0.203
0.28
0.309
0.295
0.193
-0.013
-0.276
-0.538
-0.739
-0.83
-0.837
-0.784
-0.69
-0.587
-0.496
-0.424
-0.361
-0.306
-0.267
-0.245
-0.234
-0.225
-0.212
-0.197
-0.183
-0.16
-0.138
-0.113
-0.083
-0.051
-0.018
0.015
0.052
0.087
0.122
0.156
0.184
0.211
0.224
0.234
0.24
0.24
0.233
0.216
0.193
0.166
0.135
0.104
0.074
0.04
0.004
-0.027
-0.052
-0.073
-0.085
-0.096
-0.108
-0.12
-0.134
-0.141
-0.145
-0.148
-0.15
-0.151
-0.151
-0.15
-0.148
-0.147
-0.145
-0.142
-0.138
-0.137
-0.14
-0.141
-0.142
-0.143
-0.144
-0.144
-0.143
-0.14
-0.135
-0.12
-0.092
-0.059
-0.021
0.025
0.079
0.126
0.146
0.141
0.101
0.007
-0.133
-0.309
-0.497
-0.662
-0.774
-0.812
-0.778
-0.697
-0.59
-0.485
-0.397
-0.335
-0.303
-0.292
-0.285
-0.28
-0.263
-0.225
-0.182
-0.15
-0.135
-0.124
-0.113
-0.096
-0.071
-0.039
-0.002
0.039
0.084
0.125
0.162
0.194
0.217
0.226
0.228
0.229
0.23
0.223
0.201
0.178
