0.527
0.634
0.747
0.862
0.959
0.995
1.008
1.012
1.006
0.996
0.988
0.983
0.978
0.974
0.97
0.965
0.957
0.95
0.944
0.937
0.927
0.918
0.914
0.917
0.923
0.934
0.951
0.98
0.999
1.01
1.016
1.01
0.994
0.944
0.884
0.827
0.791
0.752
0.724
0.709
0.699
0.7
0.717
0.728
0.736
0.743
0.748
0.751
0.751
0.748
0.745
0.74
0.734
0.729
0.723
0.717
0.71
0.702
0.694
0.686
0.68
0.676
0.672
0.669
0.666
0.663
0.659
0.656
0.652
0.648
0.644
0.64
0.636
0.631
0.624
0.614
0.604
0.599
0.597
0.596
0.595
0.594
0.593
0.592
0.591
0.592
0.592
0.593
0.594
0.597
0.6
0.603
0.607
0.611
0.614
0.618
0.622
0.627
0.632
0.634
0.634
0.631
0.627
0.621
0.614
0.607
0.597
0.586
0.576
0.566
0.555
0.544
0.533
0.522
0.505
0.478
0.454
0.437
0.423
0.411
0.402
0.39
0.375
0.357
0.338
0.325
0.312
0.298
0.283
0.263
0.234
0.219
0.213
0.208
0.205
0.202
0.2
0.198
0.195
0.193
0.19
0.188
0.186
0.183
0.178
0.168
0.146
0.123
0.097
0.085
0.08
0.075
0.071
0.068
0.066
0.065
0.065
0.066
0.066
0.067
0.067
0.067
0.068
0.069
0.07
0.071
0.072
0.073
0.073
0.074
0.073
0.07
0.064
0.056
0.044
0.02
0.008
0.002
-0.002
-0.005
-0.008
-0.009
-0.009
-0.008
-0.007
-0.005
-0.004
-0.001
0.001
0.003
0.006
0.008
0.01
0.013
0.016
0.019
0.021
0.023
0.022
0.019
0.015
0.01
0.005
0.001
-0.003
-0.008
-0.013
-0.018
-0.02
-0.02
-0.017
-0.014
-0.012
-0.009
-0.008
-0.006
-0.004
-0.002
0.0
0.002
0.005
0.008
0.012
0.014
0.017
0.02
0.024
0.03
0.044
0.077
0.112
0.135
0.145
0.153
0.152
0.133
0.106
0.073
0.024
-0.023
-0.046
-0.059
-0.069
-0.073
-0.067
-0.052
-0.036
-0.016
0.001
0.008
0.013
0.017
0.022
0.026
0.03
0.032
0.033
0.034
0.034
0.034
0.032
0.03
0.027
0.025
0.022
0.02
0.017
0.015
0.013
0.01
0.007
0.004
0.0
-0.005
-0.009
-0.013
-0.016
-0.019
-0.02
-0.02
-0.019
-0.018
-0.016
-0.015
-0.013
-0.011
-0.009
-0.007
-0.005
-0.002
0.0
0.005
0.012
0.019
0.027
0.034
0.041
0.05
0.061
0.073
0.086
0.101
0.118
0.134
0.144
0.151
0.156
0.16
0.161
0.159
0.154
0.146
0.137
0.128
0.116
0.103
0.094
0.085
0.073
0.057
0.04
0.028
0.018
0.008
-0.003
-0.015
-0.022
-0.027
-0.031
-0.035
-0.038
-0.04
-0.043
-0.046
-0.049
-0.052
-0.055
-0.058
-0.06
-0.062
-0.065
-0.068
-0.07
-0.072
-0.075
-0.077
-0.081
-0.084
-0.088
-0.091
-0.093
-0.096
-0.098
-0.101
-0.104
-0.106
-0.108
-0.111
-0.113
-0.115
-0.117
-0.116
-0.112
-0.106
-0.098
-0.09
-0.083
-0.079
-0.076
-0.073
-0.07
-0.067
-0.065
-0.064
-0.062
-0.06
-0.058
-0.056
-0.055
-0.054
-0.053
-0.053
-0.053
-0.053
-0.053
-0.053
-0.053
-0.052
-0.051
-0.05
-0.048
-0.046
-0.044
-0.042
-0.04
-0.038
-0.036
-0.034
-0.032
-0.031
-0.03
-0.031
-0.031
-0.032
-0.033
-0.035
-0.037
-0.039
-0.041
-0.043
-0.044
-0.045
-0.047
-0.049
-0.051
-0.052
-0.054
-0.055
-0.056
-0.056
-0.056
-0.055
-0.053
-0.051
-0.049
-0.047
-0.045
-0.041
-0.038
-0.033
-0.029
-0.024
-0.017
-0.001
0.01
0.02
0.025
0.028
0.031
0.033
0.035
0.037
0.04
0.043
0.046
0.049
0.053
0.058
0.062
0.064
0.067
0.069
0.071
0.074
0.076
0.08
0.084
0.087
0.091
0.095
0.098
0.1
0.103
0.106
0.109
0.112
0.119
0.134
0.157
0.177
0.195
0.202
0.197
0.184
0.166
0.138
0.09
0.042
-0.003
-0.053
-0.075
-0.085
-0.092
-0.096
-0.091
-0.077
-0.061
-0.042
-0.023
-0.012
-0.006
0.0
0.006
0.011
0.016
0.02
0.023
0.026
0.029
0.031
0.033
0.034
0.035
0.036
0.038
0.041
0.044
0.047
0.05
0.052
0.054
0.056
0.057
0.058
0.06
0.062
0.066
0.072
0.076
0.077
0.076
0.072
0.069
0.065
0.061
0.055
0.048
0.044
0.043
0.048
0.058
0.067
0.073
0.079
0.086
0.092
0.098
0.102
0.104
0.106
0.107
0.108
0.108
0.108
0.108
0.109
0.11
0.111
0.112
0.112
0.108
0.101
0.093
0.081
0.065
0.048
0.035
0.026
0.017
0.004
-0.008
-0.016
-0.022
-0.027
-0.032
-0.036
-0.041
-0.044
-0.048
-0.052
-0.055
-0.059
-0.062
-0.064
-0.067
-0.07
-0.073
-0.076
-0.079
-0.082
-0.084
-0.086
-0.087
-0.088
-0.088
-0.089
-0.09
-0.091
-0.093
-0.095
-0.097
-0.1
-0.103
-0.107
-0.111
-0.115
-0.119
-0.123
-0.125
-0.127
-0.128
-0.13
-0.132
-0.135
-0.137
-0.139
-0.14
-0.142
-0.143
-0.144
-0.145
-0.144
-0.143
-0.141
-0.139
-0.137
-0.136
-0.134
-0.133
-0.131
-0.129
-0.127
-0.125
-0.124
-0.121
-0.117
-0.112
-0.106
-0.099
-0.092
-0.084
-0.074
-0.06
-0.04
-0.033
-0.03
-0.029
-0.027
-0.025
-0.024
-0.023
-0.023
-0.022
-0.022
-0.021
-0.021
-0.023
-0.025
-0.027
-0.03
-0.033
-0.035
-0.038
-0.039
-0.04
-0.041
-0.042
-0.044
-0.046
-0.048
-0.05
-0.052
-0.055
-0.058
-0.062
-0.066
-0.07
-0.072
-0.075
-0.079
-0.084
-0.091
-0.099
-0.105
-0.105
-0.104
-0.102
-0.101
-0.101
-0.101
-0.1
-0.099
-0.098
-0.097
-0.095
-0.093
-0.091
-0.089
-0.087
-0.085
-0.082
-0.079
-0.076
-0.072
-0.066
-0.061
-0.054
-0.045
-0.036
-0.028
-0.021
-0.015
-0.009
-0.005
-0.001
0.001
0.003
0.005
0.007
0.009
0.01
0.012
0.014
0.016
0.018
0.02
0.021
0.022
0.023
0.023
0.023
0.023
0.021
0.019
0.018
0.017
0.016
0.015
0.013
0.011
0.009
0.006
0.003
0.0
-0.005
-0.009
-0.013
-0.016
-0.018
-0.02
-0.022
-0.023
-0.025
-0.027
-0.031
-0.034
-0.037
-0.038
-0.036
-0.033
-0.03
-0.027
-0.025
-0.022
-0.018
-0.013
-0.008
0.0
0.009
0.029
0.058
0.102
0.148
0.194
0.211
0.222
0.22
0.188
0.14
0.079
0.007
-0.064
-0.126
-0.146
-0.158
-0.157
-0.125
-0.082
-0.035
0.01
0.027
0.032
0.035
0.037
0.039
0.043
0.046
0.05
0.055
0.062
0.066
0.055
0.037
0.026
0.019
0.013
0.008
0.003
0.0
-0.004
-0.006
-0.008
-0.009
-0.01
-0.011
-0.011
-0.012
-0.014
-0.015
-0.016
-0.012
-0.005
0.0
0.004
0.007
0.01
0.013
0.016
0.019
0.022
0.025
0.028
0.03
0.031
0.033
0.035
0.037
0.04
0.043
0.05
0.067
0.084
0.103
0.121
0.138
0.151
0.16
0.168
0.178
0.188
0.195
0.203
0.209
0.214
0.215
0.214
0.21
0.204
0.197
0.187
0.169
0.148
0.13
0.114
0.101
0.09
0.077
0.062
0.042
0.027
0.015
0.005
-0.005
-0.014
-0.024
-0.034
-0.044
-0.053
-0.061
-0.065
-0.068
-0.071
-0.073
-0.076
-0.078
-0.08
-0.082
-0.084
-0.086
-0.088
-0.09
-0.091
-0.092
-0.093
-0.094
-0.095
-0.096
-0.098
-0.1
-0.104
-0.108
-0.11
-0.106
-0.096
-0.087
-0.08
-0.074
-0.068
-0.062
-0.056
-0.052
-0.049
-0.045
-0.042
-0.039
-0.037
-0.036
-0.035
-0.034
-0.034
-0.033
-0.033
-0.034
-0.035
-0.035
-0.035
-0.036
-0.036
-0.036
-0.037
-0.037
-0.037
-0.037
-0.036
-0.036
-0.036
-0.037
-0.037
-0.037
-0.037
-0.037
-0.038
-0.038
-0.038
-0.039
-0.039
-0.038
-0.038
-0.038
-0.037
-0.037
-0.036
-0.036
-0.036
-0.036
-0.036
-0.036
-0.037
-0.037
-0.037
-0.038
-0.038
-0.038
-0.038
-0.037
-0.035
-0.034
-0.032
-0.029
-0.027
-0.025
-0.022
-0.019
-0.017
-0.015
-0.012
-0.004
0.004
0.011
0.018
0.022
0.025
0.029
0.032
0.035
0.038
0.039
0.04
0.041
0.041
0.041
0.039
0.038
0.036
0.035
0.033
0.032
0.03
0.028
0.025
0.023
0.021
0.018
0.014
0.01
0.006
0.003
0.001
0.0
0.0
-0.001
-0.001
-0.001
-0.001
-0.002
-0.003
-0.006
-0.008
-0.008
-0.005
-0.001
0.002
0.005
0.009
0.013
0.016
0.019
0.021
0.021
0.02
0.018
0.016
0.014
0.011
0.005
0.001
0.007
0.022
0.044
0.078
0.116
0.148
0.169
0.185
0.185
0.165
0.109
0.044
-0.017
-0.057
-0.069
-0.076
-0.078
-0.078
-0.077
-0.074
-0.069
-0.061
-0.038
-0.02
-0.011
-0.004
0.0
0.003
0.002
0.0
-0.004
-0.007
-0.008
-0.008
-0.009
-0.01
-0.011
-0.013
-0.016
-0.018
-0.021
-0.023
-0.024
-0.025
-0.026
-0.026
-0.026
-0.025
-0.024
-0.023
-0.022
-0.02
-0.018
-0.017
-0.015
-0.014
-0.013
-0.012
-0.012
-0.01
-0.009
-0.006
-0.003
0.0
0.004
0.008
0.013
0.018
0.022
0.025
0.029
0.033
0.038
0.044
0.055
0.075
0.088
0.094
0.098
0.101
0.105
0.108
0.11
0.111
0.111
0.111
0.109
0.107
0.104
0.098
0.091
0.082
0.065
0.033
0.014
0.003
-0.006
-0.017
-0.027
-0.035
-0.043
-0.05
-0.057
-0.064
-0.07
-0.077
-0.085
-0.094
-0.103
-0.109
-0.115
-0.119
-0.121
-0.124
-0.126
-0.128
-0.13
-0.132
-0.133
-0.134
-0.135
-0.136
-0.136
-0.136
-0.134
-0.133
-0.132
-0.131
-0.13
-0.127
-0.125
-0.123
-0.121
-0.12
-0.118
-0.116
-0.114
-0.112
-0.11
-0.109
-0.108
-0.106
-0.104
-0.101
-0.099
-0.098
-0.098
-0.098
-0.098
-0.097
-0.096
-0.096
-0.097
-0.097
-0.097
-0.096
-0.093
-0.092
-0.093
-0.097
-0.104
-0.109
-0.113
-0.117
-0.121
-0.125
-0.128
-0.13
-0.131
-0.13
-0.128
-0.124
-0.12
-0.115
-0.109
-0.104
-0.1
-0.097
-0.095
-0.093
-0.091
-0.088
-0.087
-0.086
-0.085
-0.084
-0.083
-0.082
-0.081
-0.08
-0.08
-0.08
-0.08
-0.079
-0.078
-0.077
-0.076
-0.075
-0.074
-0.072
-0.069
-0.066
-0.064
-0.062
-0.06
-0.058
-0.056
-0.054
-0.052
-0.05
-0.048
-0.046
-0.043
-0.041
-0.039
-0.038
-0.037
-0.036
-0.036
-0.036
-0.036
-0.037
-0.038
-0.038
-0.038
-0.038
-0.038
-0.038
-0.038
-0.038
-0.038
-0.038
-0.038
-0.039
-0.04
-0.041
-0.041
-0.04
-0.039
-0.037
-0.036
-0.034
-0.033
-0.03
-0.026
-0.022
-0.018
-0.015
-0.013
-0.012
-0.01
-0.008
-0.006
-0.005
-0.004
-0.002
0.0
0.003
0.006
0.008
0.009
0.01
0.012
0.014
0.016
0.019
0.022
0.031
0.053
0.089
0.131
0.18
0.222
0.237
0.236
0.215
0.157
0.077
-0.009
-0.09
-0.118
-0.127
-0.107
-0.074
-0.037
-0.02
-0.013
-0.007
-0.001
0.002
0.005
0.007
0.009
0.011
0.013
0.014
0.014
0.014
0.013
0.013
0.012
0.012
0.013
0.013
0.013
0.013
0.014
0.015
0.016
0.017
0.018
0.019
0.019
0.02
0.021
0.023
0.024
0.026
0.027
0.03
0.033
0.036
0.039
0.042
0.045
0.048
0.051
0.055
0.058
0.061
0.065
0.07
0.077
0.085
0.092
0.098
0.105
0.112
0.12
0.128
0.138
0.149
0.159
0.17
0.179
0.188
0.196
0.202
0.209
0.215
0.218
0.218
0.214
0.206
0.197
0.185
0.166
0.148
0.129
0.112
0.103
0.097
0.093
0.09
0.086
0.081
0.076
0.07
0.059
0.04
0.021
0.001
-0.017
-0.03
-0.045
-0.051
-0.055
-0.059
-0.063
-0.066
-0.069
-0.072
-0.075
-0.077
-0.079
-0.081
-0.084
-0.086
-0.087
-0.09
-0.094
-0.097
-0.099
-0.1
-0.098
-0.095
-0.092
-0.09
-0.088
-0.087
-0.085
-0.083
-0.081
-0.079
-0.077
-0.075
-0.073
-0.071
-0.069
-0.068
-0.065
-0.063
-0.06
-0.057
-0.054
-0.05
-0.044
-0.037
-0.032
-0.029
-0.026
-0.025
-0.024
-0.022
-0.021
-0.019
-0.018
-0.018
-0.021
-0.024
-0.027
-0.03
-0.032
-0.035
-0.038
-0.041
-0.044
-0.046
-0.049
-0.051
-0.054
-0.056
-0.059
-0.062
-0.065
-0.069
-0.076
-0.082
-0.085
-0.088
-0.091
-0.095
-0.098
-0.094
-0.086
-0.082
-0.079
-0.076
-0.073
-0.071
-0.068
-0.066
-0.063
-0.06
-0.059
-0.058
-0.056
-0.055
-0.054
-0.053
-0.051
-0.049
-0.048
-0.046
-0.044
-0.042
-0.039
-0.037
-0.035
-0.032
-0.028
-0.02
-0.003
0.013
0.03
0.044
0.055
0.064
0.069
0.073
0.076
0.078
0.077
0.074
0.069
0.062
0.049
0.027
0.015
0.009
0.005
0.002
0.003
0.005
0.01
0.015
0.023
0.035
0.044
0.05
0.055
0.058
0.06
0.057
0.049
0.041
0.031
0.017
0.008
0.001
-0.002
-0.007
-0.011
-0.013
-0.013
-0.009
-0.003
0.002
0.008
0.013
0.018
0.022
0.026
0.029
0.032
0.035
0.039
0.043
0.053
0.064
0.094
0.129
0.171
0.222
0.275
0.303
0.312
0.295
0.245
0.165
0.072
-0.011
-0.05
-0.064
-0.052
-0.017
0.023
0.054
0.064
0.065
0.065
0.066
0.067
0.068
0.069
0.069
0.069
0.069
0.069
0.069
0.068
0.066
0.064
0.061
0.057
0.055
0.053
0.05
0.047
0.044
0.04
0.036
0.032
0.03
0.028
0.025
0.022
0.02
0.018
0.018
0.019
0.021
0.023
0.026
0.029
0.033
0.037
0.043
0.049
0.054
0.059
0.064
0.069
0.072
0.076
0.079
0.083
0.086
0.09
0.094
0.1
0.109
0.124
0.135
0.149
0.167
0.184
0.201
0.211
0.217
0.221
0.224
0.224
0.223
0.221
0.217
0.212
0.203
0.186
0.17
0.152
0.132
0.109
0.091
0.081
0.072
0.064
0.057
0.051
0.047
0.042
0.036
0.03
0.022
0.012
-0.001
-0.021
-0.038
-0.047
-0.053
-0.058
-0.062
-0.065
-0.068
-0.071
-0.073
-0.075
-0.076
-0.078
-0.079
-0.08
-0.081
-0.082
-0.083
-0.084
-0.084
-0.084
-0.084
-0.085
-0.085
-0.086
-0.086
-0.085
-0.085
-0.084
-0.082
-0.08
-0.078
-0.076
-0.073
-0.07
-0.067
-0.065
-0.063
-0.06
-0.058
-0.055
-0.052
-0.047
-0.043
-0.04
-0.038
-0.038
-0.041
-0.044
-0.05
-0.056
-0.063
-0.069
-0.077
-0.085
-0.092
-0.097
-0.103
-0.107
-0.109
-0.11
-0.112
-0.114
-0.116
-0.118
-0.119
-0.12
-0.121
-0.122
-0.124
-0.125
-0.126
-0.127
-0.127
-0.127
-0.128
-0.129
-0.13
-0.13
-0.13
-0.128
-0.127
-0.126
-0.125
-0.123
-0.12
-0.117
-0.114
-0.112
-0.109
-0.106
-0.097
-0.087
-0.08
-0.075
-0.072
-0.07
-0.067
-0.064
-0.061
-0.058
-0.057
-0.055
-0.053
-0.05
-0.046
-0.042
-0.038
-0.035
-0.032
-0.029
-0.024
-0.019
-0.015
-0.014
-0.014
-0.016
-0.019
-0.021
-0.023
-0.025
-0.027
-0.029
-0.031
-0.032
-0.033
-0.034
-0.035
-0.036
-0.037
-0.039
-0.039
-0.04
-0.04
-0.041
-0.042
-0.043
-0.044
-0.045
-0.045
-0.045
-0.045
-0.046
-0.047
-0.047
-0.047
-0.047
-0.048
-0.048
-0.05
-0.055
-0.053
-0.036
-0.011
0.02
0.052
0.08
0.121
0.162
0.181
0.196
0.205
0.192
0.152
0.084
-0.003
-0.098
-0.182
-0.224
-0.238
-0.223
-0.178
-0.126
-0.079
-0.04
-0.01
0.005
0.01
0.015
0.018
0.022
0.025
0.027
0.028
0.029
0.031
0.031
0.033
0.033
0.034
0.034
0.034
0.034
0.034
0.035
0.036
0.036
0.037
0.038
0.039
0.04
0.042
0.045
0.048
0.053
0.059
0.067
0.076
0.083
0.09
0.098
0.103
0.107
0.111
0.113
0.116
0.119
0.123
0.126
0.129
0.133
0.138
0.145
0.153
0.162
0.172
0.182
0.189
0.196
0.2
0.203
0.206
0.208
0.21
0.212
0.214
0.216
0.217
0.217
0.218
0.217
0.216
0.215
0.213
0.211
0.207
0.202
0.197
0.191
0.166
0.128
0.114
0.101
0.086
0.063
0.049
0.044
0.039
0.036
0.032
0.028
0.024
0.02
0.017
0.013
0.008
0.003
-0.003
-0.01
-0.015
-0.018
-0.021
-0.023
-0.024
-0.026
-0.026
-0.027
-0.027
-0.027
-0.027
-0.027
-0.028
-0.029
-0.03
-0.032
-0.033
-0.035
-0.037
-0.039
-0.041
-0.043
-0.045
-0.047
-0.05
-0.052
-0.056
-0.06
-0.064
-0.067
-0.071
-0.074
-0.076
-0.077
-0.077
-0.076
-0.074
-0.072
-0.069
-0.067
-0.064
-0.061
-0.058
-0.056
-0.053
-0.05
-0.045
-0.041
-0.038
-0.037
-0.038
-0.04
-0.042
-0.045
-0.047
-0.05
-0.053
-0.056
-0.058
-0.059
-0.059
-0.058
-0.056
-0.053
-0.048
-0.043
-0.038
-0.034
-0.029
-0.024
-0.02
-0.017
-0.016
-0.019
-0.025
-0.031
-0.035
-0.038
-0.04
-0.043
-0.046
-0.05
-0.053
-0.056
-0.058
-0.06
-0.062
-0.064
-0.067
-0.068
-0.069
-0.069
-0.069
-0.068
-0.068
-0.067
-0.067
-0.065
-0.063
-0.061
-0.058
-0.056
-0.053
-0.05
-0.048
-0.045
-0.043
-0.041
-0.039
-0.037
-0.035
-0.032
-0.03
-0.028
-0.025
-0.022
-0.019
-0.017
-0.014
-0.012
-0.01
-0.009
-0.008
-0.008
-0.007
-0.005
-0.003
-0.001
0.001
0.004
0.008
0.012
0.016
0.02
0.023
0.025
0.026
0.026
0.025
0.024
0.021
0.017
0.013
0.009
0.005
0.002
-0.002
-0.01
-0.019
-0.025
-0.029
-0.033
-0.036
-0.039
-0.042
-0.045
-0.047
-0.048
-0.049
-0.048
-0.046
-0.043
-0.038
-0.033
-0.026
-0.017
0.0
0.022
0.052
0.083
0.11
0.134
0.15
0.16
0.159
0.139
0.082
-0.013
-0.114
-0.181
-0.203
-0.194
-0.168
-0.111
-0.056
-0.027
-0.015
-0.009
-0.005
-0.002
0.0
0.004
0.009
0.014
0.018
0.023
0.027
0.032
0.037
0.042
0.047
0.05
0.053
0.054
0.055
0.056
0.058
0.059
0.061
0.065
0.067
0.058
0.044
0.036
0.029
0.022
0.016
0.011
0.01
0.01
0.01
0.01
0.012
0.013
0.014
0.016
0.017
0.019
0.021
0.023
0.027
0.032
0.037
0.043
0.049
0.058
0.067
0.075
0.084
0.097
0.112
0.123
0.132
0.141
0.151
0.164
0.172
0.177
0.182
0.187
0.19
0.192
0.191
0.189
0.186
0.183
0.179
0.174
0.168
0.159
0.15
0.14
0.132
0.125
0.118
0.112
0.105
0.098
0.091
0.083
0.07
0.053
0.041
0.028
0.008
-0.014
-0.038
-0.05
-0.055
-0.059
-0.062
-0.065
-0.067
-0.07
-0.073
-0.076
-0.079
-0.083
-0.086
-0.088
-0.091
-0.093
-0.096
-0.1
-0.103
-0.107
-0.111
-0.113
-0.114
-0.116
-0.116
-0.115
-0.113
-0.11
-0.106
-0.101
-0.097
-0.092
-0.088
-0.079
-0.061
-0.041
-0.034
-0.031
-0.027
-0.024
-0.02
-0.017
-0.014
-0.011
-0.01
-0.009
-0.008
-0.007
-0.006
-0.006
-0.006
-0.007
-0.008
-0.008
-0.009
-0.009
-0.01
-0.011
-0.012
-0.014
-0.015
-0.016
-0.017
-0.018
-0.02
-0.023
-0.029
-0.042
-0.044
-0.045
-0.046
-0.048
-0.049
-0.051
-0.051
-0.052
-0.053
-0.054
-0.056
-0.058
-0.061
-0.063
-0.069
-0.072
-0.071
-0.067
-0.065
-0.064
-0.062
-0.061
-0.06
-0.059
-0.057
-0.054
-0.05
-0.046
-0.042
-0.037
-0.032
-0.022
-0.003
0.012
0.021
0.028
0.032
0.036
0.038
0.041
0.043
0.045
0.046
0.046
0.047
0.049
0.051
0.052
0.053
0.053
0.054
0.054
0.055
0.056
0.057
0.057
0.058
0.06
0.065
0.064
0.05
0.03
0.006
-0.003
-0.009
-0.013
-0.016
-0.019
-0.02
-0.021
-0.019
-0.016
-0.012
-0.007
-0.001
0.007
0.024
0.043
0.07
0.1
0.13
0.151
0.162
0.17
0.157
0.118
0.052
-0.026
-0.107
-0.176
-0.197
-0.204
-0.185
-0.131
-0.066
-0.023
-0.011
-0.003
0.002
0.008
0.012
0.016
0.019
0.022
0.025
0.026
0.027
0.028
0.028
0.028
0.027
0.025
0.023
0.021
0.018
0.015
0.012
0.011
0.009
0.006
0.004
0.0
-0.002
-0.005
-0.008
-0.01
-0.011
-0.011
-0.011
-0.01
-0.009
-0.007
-0.006
-0.003
-0.001
0.001
0.004
0.008
0.015
0.031
0.044
0.054
0.062
0.068
0.073
0.078
0.083
0.088
0.094
0.104
0.121
0.129
0.134
0.138
0.143
0.146
0.149
0.15
0.151
0.152
0.152
0.152
0.152
0.151
0.149
0.147
0.144
0.142
0.14
0.136
0.131
0.119
0.106
0.089
0.067
0.05
0.04
0.025
0.006
-0.006
-0.016
-0.025
-0.032
-0.039
-0.045
-0.05
-0.056
-0.064
-0.075
-0.082
-0.086
-0.088
-0.089
-0.089
-0.089
-0.09
-0.091
-0.093
-0.094
-0.095
-0.096
-0.096
-0.096
-0.096
-0.095
-0.094
-0.093
-0.091
-0.091
-0.09
-0.091
-0.092
-0.092
-0.092
-0.092
-0.092
-0.091
-0.091
-0.09
-0.089
-0.087
-0.086
-0.085
-0.084
-0.083
-0.081
-0.08
-0.078
-0.076
-0.075
-0.073
-0.07
-0.064
-0.059
-0.054
-0.049
-0.046
-0.042
-0.038
-0.033
-0.03
-0.03
-0.034
-0.041
-0.048
-0.054
-0.059
-0.065
-0.068
-0.069
-0.066
-0.061
-0.056
-0.051
-0.046
-0.04
-0.036
-0.034
-0.034
-0.036
-0.038
-0.04
-0.042
-0.044
-0.046
-0.048
-0.051
-0.053
-0.055
-0.057
-0.06
-0.062
-0.064
-0.065
-0.066
-0.068
-0.071
-0.078
-0.083
-0.084
-0.078
-0.072
-0.069
-0.068
-0.066
-0.064
-0.061
-0.058
-0.055
-0.052
-0.049
-0.045
-0.041
-0.037
-0.032
-0.028
-0.023
-0.015
-0.006
0.001
0.007
0.012
0.015
0.017
0.02
0.022
0.024
0.026
0.027
0.028
0.028
0.029
0.03
0.031
0.032
0.032
0.031
0.031
0.032
0.032
0.032
0.032
0.031
0.029
0.027
0.024
0.022
0.019
0.017
0.014
0.012
0.01
0.009
0.008
0.006
0.004
0.001
-0.002
-0.006
-0.01
-0.014
-0.017
-0.019
-0.02
-0.02
-0.019
-0.017
-0.014
-0.01
-0.006
-0.001
0.003
0.014
0.042
0.075
0.102
0.142
0.186
0.203
0.216
0.212
0.168
0.092
0.003
-0.075
-0.134
-0.15
-0.155
-0.148
-0.103
-0.061
-0.037
-0.015
0.0
0.013
0.019
0.021
0.024
0.026
0.029
0.03
0.03
0.031
0.031
0.032
0.032
0.032
0.032
0.032
0.032
0.031
0.031
0.029
0.027
0.026
0.024
0.023
0.021
0.02
0.02
0.019
0.018
0.018
0.018
0.018
0.017
0.015
0.014
0.015
0.02
0.028
0.036
0.042
0.048
0.053
0.059
0.065
0.07
0.074
0.079
0.084
0.09
0.098
0.107
0.118
0.128
0.137
0.146
0.154
0.162
0.168
0.172
0.176
0.179
0.182
0.184
0.186
0.188
0.189
0.189
0.188
0.186
0.183
0.18
0.175
0.169
0.16
0.143
0.127
0.105
0.079
0.057
0.041
0.026
0.016
0.009
0.003
-0.002
-0.008
-0.014
-0.02
-0.026
-0.033
-0.038
-0.044
-0.047
-0.049
-0.051
-0.053
-0.055
-0.056
-0.058
-0.061
-0.063
-0.065
-0.067
-0.068
-0.07
-0.072
-0.074
-0.076
-0.077
-0.079
-0.081
-0.083
-0.086
-0.089
-0.09
-0.091
-0.09
-0.089
-0.088
-0.086
-0.083
-0.079
-0.074
-0.069
-0.063
-0.053
-0.044
-0.037
-0.032
-0.027
-0.023
-0.021
-0.022
-0.025
-0.028
-0.03
-0.031
-0.032
-0.034
-0.035
-0.035
-0.036
-0.036
-0.036
-0.036
-0.036
-0.035
-0.034
-0.033
-0.031
-0.029
-0.027
-0.024
-0.021
-0.019
-0.018
-0.02
-0.025
-0.032
-0.038
-0.042
-0.046
-0.05
-0.054
-0.058
-0.06
-0.061
-0.061
-0.061
-0.06
-0.059
-0.058
-0.056
-0.054
-0.052
-0.051
-0.049
-0.048
-0.045
-0.04
-0.037
-0.034
-0.031
-0.027
-0.022
-0.01
0.008
0.04
0.08
0.099
0.113
0.122
0.105
0.051
-0.027
-0.117
-0.205
-0.249
-0.264
-0.245
-0.188
-0.119
-0.06
-0.033
-0.029
-0.027
-0.025
-0.023
-0.021
-0.019
-0.017
-0.016
-0.015
-0.015
-0.014
-0.014
-0.014
-0.015
-0.016
-0.017
-0.017
-0.017
-0.017
-0.017
-0.018
-0.018
-0.018
-0.018
-0.017
-0.015
-0.014
-0.014
-0.014
-0.013
-0.012
-0.011
-0.01
-0.008
-0.007
-0.006
-0.004
-0.001
0.002
0.007
0.011
0.014
0.017
0.02
0.024
0.029
0.039
0.06
0.08
0.095
0.107
0.118
0.127
0.137
0.149
0.158
0.166
0.172
0.176
0.177
0.178
0.179
0.18
0.182
0.183
0.178
0.167
0.157
0.147
0.137
0.126
0.11
0.087
0.064
0.043
0.022
0.005
-0.005
-0.013
-0.025
-0.032
-0.036
-0.04
-0.044
-0.048
-0.052
-0.057
-0.062
-0.066
-0.07
-0.074
-0.077
-0.079
-0.082
-0.084
-0.092
-0.104
-0.11
-0.113
-0.116
-0.118
-0.118
-0.117
-0.113
-0.109
-0.105
-0.101
-0.098
-0.095
-0.092
-0.089
-0.085
-0.083
-0.081
-0.078
-0.076
-0.072
-0.066
-0.056
-0.045
-0.035
-0.027
-0.02
-0.014
-0.01
-0.007
-0.004
-0.002
-0.002
-0.004
-0.007
-0.011
-0.016
-0.022
-0.031
-0.036
-0.038
-0.038
