0.052
0.056
0.06
0.064
0.068
0.063
0.049
0.033
0.015
0.014
0.032
0.081
0.148
0.211
0.247
0.259
0.264
0.264
0.259
0.25
0.223
0.162
0.089
0.046
0.03
0.024
0.027
0.039
0.072
0.122
0.152
0.183
0.207
0.237
0.288
0.353
0.408
0.426
0.411
0.366
0.306
0.287
0.303
0.323
0.337
0.317
0.259
0.225
0.213
0.214
0.237
0.253
0.267
0.277
0.282
0.282
0.279
0.275
0.27
0.253
0.201
0.124
0.035
-0.035
-0.078
-0.093
-0.097
-0.094
-0.083
-0.051
-0.007
0.038
0.084
0.133
0.187
0.249
0.31
0.34
0.355
0.364
0.371
0.378
0.384
0.394
0.404
0.39
0.351
0.297
0.24
0.18
0.113
0.037
-0.039
-0.106
-0.126
-0.132
-0.138
-0.138
-0.126
-0.117
-0.108
-0.103
-0.104
-0.114
-0.126
-0.132
-0.137
-0.141
-0.145
-0.149
-0.152
-0.153
-0.152
-0.15
-0.147
-0.144
-0.141
-0.137
-0.132
-0.126
-0.123
-0.123
-0.127
-0.133
-0.139
-0.143
-0.148
-0.152
-0.157
-0.161
-0.163
-0.164
-0.162
-0.159
-0.154
-0.148
-0.143
-0.137
-0.131
-0.123
-0.115
-0.11
-0.11
-0.116
-0.124
-0.132
-0.138
-0.144
-0.15
-0.156
-0.162
-0.166
-0.17
-0.174
-0.178
-0.183
-0.189
-0.197
-0.203
-0.209
-0.214
-0.219
-0.223
-0.225
-0.22
-0.208
-0.197
-0.19
-0.184
-0.179
-0.174
-0.169
-0.164
-0.159
-0.154
-0.15
-0.147
-0.145
-0.143
-0.142
-0.141
-0.139
-0.137
-0.135
-0.133
-0.13
-0.128
-0.124
-0.12
-0.116
-0.111
-0.107
-0.103
-0.1
-0.098
-0.095
-0.093
-0.089
-0.085
-0.081
-0.077
-0.074
-0.071
-0.067
-0.064
-0.061
-0.06
-0.059
-0.059
-0.06
-0.06
-0.06
-0.059
-0.058
-0.058
-0.056
-0.055
-0.052
-0.05
-0.048
-0.046
-0.044
-0.044
-0.043
-0.043
-0.043
-0.043
-0.043
-0.042
-0.041
-0.039
-0.037
-0.037
-0.038
-0.04
-0.043
-0.045
-0.048
-0.052
-0.057
-0.061
-0.062
-0.062
-0.058
-0.053
-0.045
-0.033
-0.008
0.02
0.047
0.072
0.098
0.123
0.154
0.178
0.195
0.202
0.197
0.183
0.163
0.132
0.113
0.104
0.097
0.091
0.084
0.076
0.066
0.05
0.018
-0.017
-0.05
-0.106
-0.168
-0.232
-0.269
-0.28
-0.287
-0.291
-0.291
-0.287
-0.281
-0.274
-0.268
-0.262
-0.256
-0.249
-0.242
-0.236
-0.231
-0.226
-0.217
-0.203
-0.19
-0.183
-0.179
-0.175
-0.172
-0.17
-0.168
