0.061
0.065
0.067
0.069
0.069
0.068
0.065
0.061
0.055
0.047
0.038
0.025
0.0
-0.022
-0.053
-0.077
-0.087
-0.095
-0.076
-0.053
-0.033
-0.015
-0.004
0.005
0.012
0.017
0.016
0.011
0.003
-0.006
-0.017
-0.032
-0.04
-0.037
-0.031
-0.027
-0.025
-0.022
-0.02
-0.019
-0.018
-0.016
-0.014
-0.012
-0.011
-0.009
-0.008
-0.006
-0.002
0.005
0.004
-0.012
-0.027
-0.041
-0.048
-0.042
-0.029
-0.016
-0.003
0.006
0.014
0.018
0.022
0.026
0.029
0.031
0.033
0.034
0.035
0.033
0.03
0.026
0.02
0.013
0.005
-0.001
-0.011
-0.028
-0.04
-0.042
-0.042
-0.043
-0.045
-0.047
-0.048
-0.047
-0.042
-0.037
-0.032
-0.027
-0.022
-0.02
-0.02
-0.025
-0.033
-0.043
-0.054
-0.07
-0.086
-0.102
-0.116
-0.132
-0.139
-0.136
-0.126
-0.098
-0.026
0.09
0.247
0.414
0.535
0.554
0.529
0.389
0.19
0.0
-0.096
-0.126
-0.103
-0.071
-0.048
-0.071
-0.112
-0.14
-0.151
-0.158
-0.14
-0.127
-0.119
-0.113
-0.109
-0.106
-0.102
-0.098
-0.094
-0.09
-0.085
-0.081
-0.076
-0.07
-0.058
-0.051
-0.047
-0.043
-0.038
-0.034
-0.034
-0.041
-0.052
-0.06
-0.071
-0.079
-0.079
-0.074
-0.065
-0.052
-0.027
-0.005
0.011
0.028
0.04
0.051
0.059
0.061
0.055
0.046
0.036
0.025
0.018
0.023
0.036
0.051
0.068
0.078
0.084
0.088
0.091
0.094
0.097
0.1
0.104
0.109
0.114
0.119
0.125
0.13
0.135
0.14
0.144
0.149
0.155
0.161
0.166
0.171
0.176
0.182
0.189
0.197
0.202
0.204
0.201
0.195
0.188
0.183
0.177
0.171
0.163
0.152
0.139
0.123
0.105
0.083
0.054
0.033
0.02
0.014
0.011
0.008
0.005
0.001
-0.002
-0.007
-0.011
-0.015
-0.019
-0.023
-0.027
-0.03
-0.031
-0.03
-0.03
-0.03
-0.03
-0.031
-0.032
-0.034
-0.037
-0.039
-0.041
-0.043
-0.045
-0.046
-0.047
-0.048
-0.048
-0.049
-0.048
-0.046
-0.043
-0.04
-0.037
-0.035
-0.034
-0.032
-0.029
-0.026
-0.024
-0.023
-0.021
-0.02
-0.016
-0.011
-0.006
-0.002
0.0
0.0
0.001
0.002
0.002
0.002
0.001
0.0
-0.001
-0.001
0.003
0.009
0.012
0.015
0.02
0.025
0.027
0.025
0.019
0.012
0.004
-0.001
-0.009
-0.018
-0.026
-0.03
-0.029
-0.022
-0.013
-0.001
0.019
0.042
0.051
0.059
0.04
0.023
0.013
0.002
-0.008
-0.017
-0.025
-0.04
-0.058
-0.022
0.041
0.077
0.086
0.095
0.095
0.079
0.054
0.025
-0.016
-0.089
-0.163
-0.19
-0.189
-0.156
-0.104
-0.063
-0.05
-0.041
-0.034
-0.031
-0.035
-0.049
-0.07
-0.109
-0.139
-0.147
-0.152
-0.13
-0.115
-0.107
-0.101
-0.096
-0.09
-0.084
-0.079
-0.075
-0.069
-0.057
-0.016
0.057
0.151
0.26
0.367
0.427
0.447
0.414
0.314
0.172
0.038
-0.022
-0.042
-0.025
-0.004
0.011
-0.024
-0.088
-0.131
-0.149
-0.161
-0.14
-0.115
-0.092
-0.091
-0.115
-0.134
-0.151
-0.163
-0.169
-0.161
-0.144
-0.126
-0.114
-0.1
-0.086
-0.075
-0.073
-0.077
-0.084
-0.092
-0.1
-0.111
-0.117
-0.108
-0.094
-0.09
-0.087
-0.084
-0.081
-0.078
-0.076
-0.075
-0.073
-0.071
-0.068
-0.063
-0.06
-0.058
-0.056
-0.054
-0.05
-0.045
-0.041
-0.036
-0.032
-0.025
-0.011
0.002
0.01
0.017
0.021
0.025
0.028
0.032
0.038
0.045
0.055
0.064
0.07
0.074
0.077
0.08
0.084
0.088
0.092
0.096
0.1
0.104
0.108
0.112
0.115
0.116
0.116
0.114
0.112
0.108
0.104
0.099
0.094
0.089
0.083
0.078
0.073
0.067
0.041
0.008
0.001
-0.002
-0.007
-0.01
-0.013
-0.015
-0.018
-0.019
-0.021
-0.02
-0.018
-0.015
-0.013
-0.011
-0.011
-0.011
-0.011
-0.01
-0.01
-0.011
-0.012
-0.014
-0.015
-0.014
-0.013
-0.013
-0.013
-0.015
-0.018
-0.023
-0.027
-0.031
-0.034
-0.037
-0.039
-0.041
-0.043
-0.044
-0.045
-0.047
-0.05
-0.052
-0.055
-0.056
-0.057
-0.056
-0.054
-0.051
-0.047
-0.042
-0.037
-0.032
-0.028
-0.025
-0.023
-0.022
-0.021
-0.019
-0.018
-0.016
-0.013
-0.011
-0.007
-0.002
0.001
0.005
0.009
0.012
0.015
0.018
0.021
0.023
0.024
0.025
0.025
0.027
0.028
0.03
0.032
0.035
0.038
0.044
0.053
0.06
0.064
0.063
0.06
0.057
0.054
0.049
0.04
0.043
0.068
0.081
0.09
0.098
0.105
0.11
0.114
0.116
0.117
0.118
0.116
0.112
0.107
0.103
0.099
0.094
0.087
0.079
0.071
0.064
0.057
0.05
0.042
0.033
0.022
0.012
0.005
-0.002
-0.018
-0.036
-0.026
-0.018
-0.013
-0.008
-0.004
-0.004
-0.008
-0.015
-0.021
-0.026
-0.034
-0.039
-0.028
-0.001
0.039
0.098
0.196
0.318
0.449
0.545
0.578
0.56
0.502
0.366
0.193
0.019
-0.118
-0.189
-0.213
-0.189
-0.148
-0.105
-0.077
-0.059
-0.05
-0.06
-0.079
-0.093
-0.108
-0.121
-0.127
-0.122
-0.111
-0.098
-0.087
-0.073
-0.062
-0.062
-0.069
-0.078
-0.084
-0.09
-0.096
-0.098
-0.091
-0.077
-0.063
-0.054
-0.045
-0.037
-0.03
-0.024
-0.021
-0.02
-0.022
-0.025
-0.028
-0.031
-0.034
-0.038
-0.042
-0.046
-0.049
-0.047
-0.041
-0.031
-0.02
-0.01
0.002
0.014
0.023
0.024
0.023
0.021
0.019
0.016
0.013
0.009
0.007
0.007
0.014
0.026
0.036
0.042
0.048
0.056
0.064
0.072
0.079
0.084
0.088
0.092
0.094
0.095
0.093
0.089
0.083
0.076
0.07
0.064
0.058
0.052
0.046
0.039
0.03
0.02
0.011
0.003
-0.001
-0.007
-0.014
-0.023
-0.041
-0.075
-0.094
-0.103
-0.109
-0.113
-0.116
-0.119
-0.122
-0.124
-0.128
-0.131
-0.134
-0.138
-0.145
-0.159
-0.167
-0.16
-0.149
-0.144
-0.14
-0.135
-0.131
-0.127
-0.125
-0.123
-0.12
-0.118
-0.117
-0.117
-0.118
-0.121
-0.123
-0.126
-0.128
-0.13
-0.131
-0.134
-0.137
-0.139
-0.143
-0.153
-0.159
-0.146
-0.123
-0.108
-0.096
-0.084
-0.074
-0.068
-0.066
-0.067
-0.07
-0.075
-0.08
-0.087
-0.1
-0.097
-0.073
-0.066
-0.063
-0.059
-0.055
-0.052
-0.049
-0.047
-0.045
-0.043
-0.039
-0.035
-0.032
-0.03
-0.03
-0.03
-0.03
-0.029
-0.027
-0.026
-0.026
-0.028
-0.029
-0.029
-0.029
-0.029
-0.03
-0.03
-0.031
-0.031
-0.029
-0.028
-0.027
-0.029
-0.031
-0.032
-0.032
-0.031
-0.03
-0.031
-0.032
-0.034
-0.035
-0.035
-0.035
-0.036
-0.038
-0.041
-0.044
-0.046
-0.047
-0.047
-0.048
-0.049
-0.051
-0.052
-0.052
-0.054
-0.057
-0.061
-0.065
-0.068
-0.07
-0.071
-0.07
-0.068
-0.066
-0.062
-0.057
-0.049
-0.04
-0.03
-0.014
0.006
0.035
0.08
0.136
0.22
0.307
0.392
0.42
0.407
0.364
0.248
0.109
0.002
-0.031
-0.049
-0.059
-0.064
-0.068
-0.081
-0.113
-0.142
-0.161
-0.172
-0.173
-0.159
-0.138
-0.121
-0.102
-0.088
-0.087
-0.091
-0.096
-0.099
-0.1
-0.102
-0.103
-0.104
-0.105
-0.105
-0.105
-0.104
-0.104
-0.103
-0.101
-0.097
-0.094
-0.09
-0.087
-0.084
-0.081
-0.078
-0.075
-0.072
-0.067
-0.06
-0.054
-0.047
-0.042
-0.039
-0.037
-0.034
-0.031
-0.029
-0.027
-0.025
-0.022
-0.019
-0.014
-0.009
-0.005
-0.001
0.001
0.004
0.007
0.01
0.013
0.017
0.02
0.025
0.03
0.038
0.047
0.056
0.064
0.07
0.075
0.079
0.083
0.088
0.093
0.099
0.106
0.11
0.112
0.114
0.116
0.119
0.124
0.126
0.124
0.116
0.104
0.092
0.079
0.066
0.054
0.034
0.0
-0.017
-0.023
-0.028
-0.032
-0.035
-0.036
-0.038
-0.04
-0.042
-0.045
-0.048
-0.05
-0.05
-0.05
-0.05
-0.052
-0.054
-0.055
-0.055
-0.055
-0.056
-0.059
-0.062
-0.065
-0.064
-0.058
-0.05
-0.042
-0.036
-0.031
-0.027
-0.021
-0.017
-0.013
-0.01
-0.007
-0.003
0.0
0.005
0.008
0.009
0.009
0.009
0.011
0.012
0.014
0.015
0.017
0.021
0.027
0.032
0.036
0.038
0.039
0.039
0.041
0.045
0.042
0.022
0.004
-0.011
-0.03
-0.05
-0.081
-0.124
-0.153
-0.173
-0.182
-0.175
-0.159
-0.143
-0.126
-0.113
-0.103
-0.097
-0.092
-0.088
-0.085
-0.081
-0.077
-0.072
-0.067
-0.062
-0.056
-0.049
-0.042
-0.036
-0.027
-0.018
-0.01
-0.006
-0.002
0.0
0.003
0.005
0.007
0.009
0.011
0.013
0.015
0.016
0.017
0.018
0.02
0.023
0.025
0.025
0.025
0.025
0.026
0.028
0.029
0.029
0.029
0.029
0.03
0.032
0.034
0.036
0.038
0.039
0.042
0.047
0.052
0.057
0.061
0.065
0.069
0.073
0.079
0.084
0.093
0.106
0.152
0.234
0.337
0.453
0.558
0.585
0.571
0.476
0.349
0.232
0.179
0.162
0.149
0.14
0.108
0.037
-0.018
-0.037
-0.023
0.017
0.079
0.1
0.086
0.059
0.037
0.026
0.017
0.018
0.032
0.043
0.054
0.061
0.061
0.051
0.04
0.032
0.024
0.018
0.013
0.011
0.012
0.014
0.017
0.02
0.025
0.029
0.036
0.043
0.05
0.057
0.062
0.065
0.07
0.074
0.078
0.081
0.084
0.087
0.092
0.097
0.104
0.11
0.115
0.121
0.126
0.133
0.14
0.146
0.152
0.156
0.16
0.164
0.168
0.173
0.177
0.182
0.186
0.189
0.194
0.2
0.208
0.215
0.224
0.237
0.265
0.292
0.298
0.302
0.305
0.305
0.303
0.299
0.294
0.288
0.281
0.281
0.29
0.301
0.31
0.294
0.268
0.24
0.223
0.214
0.205
0.193
0.181
0.167
0.152
0.137
0.124
0.107
0.088
0.062
0.05
0.044
0.039
0.036
0.033
0.031
0.029
0.026
0.022
0.017
0.013
0.009
0.005
0.003
0.001
-0.001
-0.003
