0.257
0.305
0.354
0.407
0.439
0.449
0.454
0.457
0.459
0.459
0.456
0.453
0.45
0.448
0.448
0.447
0.444
0.442
0.441
0.44
0.438
0.436
0.435
0.435
0.436
0.438
0.439
0.44
0.44
0.439
0.438
0.437
0.437
0.435
0.433
0.43
0.427
0.424
0.422
0.418
0.405
0.392
0.379
0.367
0.357
0.348
0.338
0.329
0.321
0.316
0.313
0.31
0.307
0.303
0.3
0.297
0.295
0.293
0.291
0.289
0.287
0.286
0.284
0.281
0.274
0.27
0.275
0.291
0.335
0.394
0.458
0.52
0.576
0.61
0.622
0.609
0.569
0.508
0.432
0.346
0.264
0.2
0.161
0.147
0.148
0.165
0.191
0.224
0.241
0.248
0.253
0.257
0.259
0.261
0.262
0.262
0.26
0.258
0.255
0.253
0.252
0.25
0.248
0.246
0.243
0.241
0.239
0.238
0.238
0.238
0.24
0.243
0.247
0.252
0.257
0.261
0.264
0.267
0.27
0.272
0.274
0.277
0.28
0.283
0.287
0.291
0.294
0.297
0.3
0.303
0.308
0.313
0.32
0.332
0.345
0.353
0.362
0.376
0.394
0.406
0.414
0.418
0.422
0.426
0.43
0.434
0.438
0.443
0.451
0.455
0.45
0.44
0.425
0.401
0.374
0.347
0.301
0.258
0.21
0.182
0.153
0.125
0.098
0.069
0.037
0.009
-0.008
-0.022
-0.04
-0.05
-0.055
-0.059
-0.062
-0.066
-0.07
-0.074
-0.08
-0.085
-0.091
-0.097
-0.101
-0.103
-0.105
-0.107
-0.109
-0.111
-0.114
-0.116
-0.119
-0.122
-0.125
-0.127
-0.129
-0.131
-0.132
-0.133
-0.133
-0.133
-0.133
-0.131
-0.13
-0.13
-0.13
-0.13
-0.131
-0.131
-0.132
-0.134
-0.136
-0.138
-0.139
-0.14
-0.142
-0.142
-0.142
-0.142
-0.143
-0.143
-0.143
-0.143
-0.143
-0.144
-0.145
-0.144
-0.144
-0.143
-0.142
-0.14
-0.138
-0.136
-0.134
-0.132
-0.13
-0.127
-0.125
-0.124
-0.121
-0.116
-0.11
-0.105
-0.105
-0.108
-0.113
-0.118
-0.123
-0.13
-0.136
-0.139
-0.137
-0.13
-0.122
-0.117
-0.114
-0.111
-0.109
-0.105
-0.101
-0.097
-0.092
-0.087
-0.084
-0.08
-0.076
-0.071
-0.065
-0.058
-0.044
-0.031
-0.023
-0.016
-0.011
-0.007
-0.003
0.0
0.003
0.003
0.001
-0.001
-0.006
-0.012
-0.018
-0.025
-0.036
-0.047
-0.059
-0.069
-0.077
-0.083
-0.086
-0.085
-0.08
-0.074
-0.07
-0.065
-0.061
-0.058
-0.055
-0.055
-0.057
-0.061
-0.065
-0.069
-0.075
-0.079
-0.079
-0.072
-0.058
-0.017
0.027
0.092
0.169
0.236
0.276
0.29
0.291
0.28
0.25
0.197
0.134
0.071
0.011
-0.049
-0.065
-0.068
-0.07
-0.068
-0.052
-0.044
-0.04
-0.037
-0.035
-0.032
-0.03
-0.027
-0.024
-0.021
-0.019
-0.018
-0.017
-0.016
-0.016
-0.016
-0.014
-0.012
-0.01
-0.007
-0.003
0.002
0.01
0.02
0.03
0.038
0.046
0.052
0.056
0.056
0.05
0.042
0.033
0.025
0.015
0.006
0.006
0.014
0.026
0.042
0.064
0.083
0.094
0.101
0.107
0.113
0.121
0.128
0.135
0.142
0.154
0.174
0.194
0.206
0.213
0.219
0.223
0.227
0.231
0.235
0.238
0.24
0.244
0.25
0.255
0.255
0.248
0.237
0.219
0.188
0.151
0.12
0.074
0.031
-0.018
-0.055
-0.08
-0.093
-0.102
-0.109
-0.115
-0.12
-0.123
-0.126
-0.132
-0.141
-0.154
-0.171
-0.18
-0.187
-0.193
-0.198
-0.202
-0.204
-0.203
-0.2
-0.195
-0.191
-0.187
-0.184
-0.18
-0.176
-0.173
-0.17
-0.169
-0.168
-0.167
-0.167
-0.166
-0.166
-0.166
-0.167
-0.167
-0.168
-0.169
-0.169
-0.17
-0.17
-0.17
-0.17
-0.169
-0.167
-0.165
-0.163
-0.161
-0.159
-0.158
-0.156
-0.153
-0.151
-0.15
-0.149
-0.149
-0.148
-0.147
-0.145
-0.143
-0.141
-0.138
-0.135
-0.132
-0.13
-0.128
-0.127
-0.126
-0.126
-0.125
-0.123
-0.12
-0.117
-0.113
-0.109
-0.104
-0.1
-0.095
-0.091
-0.087
-0.084
-0.081
-0.079
-0.074
-0.068
-0.054
-0.036
-0.019
-0.005
0.006
0.015
0.026
0.04
0.051
0.058
0.062
0.065
0.068
0.07
0.073
0.078
0.083
0.087
0.092
0.097
0.104
0.113
0.122
0.131
0.14
0.149
0.157
0.165
0.171
0.175
0.178
0.181
0.186
0.194
0.193
0.181
0.169
0.161
0.152
0.143
0.132
0.117
0.098
0.087
0.081
0.077
0.073
0.071
0.071
0.071
0.072
0.075
0.078
0.082
0.088
0.091
0.083
0.068
0.059
0.052
0.045
0.04
0.036
0.033
0.032
0.032
0.035
0.039
0.045
0.054
0.087
0.147
0.234
0.336
0.434
0.507
0.517
0.494
0.373
0.204
0.044
-0.071
-0.115
-0.116
-0.076
-0.026
0.02
0.043
0.057
0.066
0.07
0.063
0.049
0.041
0.035
0.03
0.026
0.022
0.02
0.019
0.02
0.023
0.026
0.029
0.033
0.035
0.038
0.041
0.044
0.048
0.051
0.054
0.058
0.063
0.067
0.07
0.073
0.076
0.079
0.082
0.085
0.089
0.093
0.097
0.102
0.106
0.111
0.115
0.118
0.12
0.123
0.125
0.129
0.133
0.143
0.164
0.178
0.193
0.208
0.225
0.244
0.261
0.284
0.298
0.308
0.316
0.322
0.323
0.322
0.317
0.31
0.301
0.289
0.268
0.249
0.229
0.209
0.189
0.164
0.128
0.088
0.05
0.02
-0.001
-0.019
-0.042
-0.075
-0.093
-0.1
-0.105
-0.109
-0.113
-0.116
-0.121
-0.125
-0.127
-0.13
-0.132
-0.136
-0.139
-0.146
-0.159
-0.16
-0.16
-0.16
-0.16
-0.16
-0.16
-0.16
-0.159
-0.157
-0.154
-0.151
-0.147
-0.144
-0.14
-0.136
-0.134
-0.132
-0.134
-0.138
-0.144
-0.149
-0.154
-0.159
-0.165
-0.17
-0.173
-0.174
-0.171
-0.167
-0.162
-0.158
-0.155
-0.152
-0.149
-0.146
-0.144
-0.142
-0.14
-0.138
-0.137
-0.135
-0.133
-0.132
-0.131
-0.13
-0.129
-0.128
-0.128
-0.127
-0.127
-0.127
-0.127
-0.127
-0.126
-0.124
-0.123
-0.121
-0.119
-0.116
-0.114
-0.113
-0.113
-0.113
-0.113
-0.114
-0.115
-0.117
-0.118
-0.119
-0.12
-0.119
-0.118
-0.116
-0.115
-0.114
-0.112
-0.11
-0.108
-0.105
-0.102
-0.099
-0.095
-0.087
-0.081
-0.078
-0.076
-0.073
-0.069
-0.066
-0.07
-0.079
-0.085
-0.091
-0.096
-0.099
-0.099
-0.098
-0.094
-0.088
-0.081
-0.07
-0.052
-0.035
-0.024
-0.017
-0.011
-0.006
-0.003
-0.003
-0.007
-0.014
-0.023
-0.032
-0.041
-0.052
-0.064
-0.072
-0.078
-0.082
-0.084
-0.086
-0.087
-0.089
-0.09
-0.091
-0.091
-0.092
-0.092
-0.093
-0.094
-0.094
-0.094
-0.093
-0.092
-0.091
-0.09
-0.088
-0.086
-0.082
-0.079
-0.075
-0.072
-0.052
-0.006
0.058
0.14
0.23
0.312
0.351
0.365
0.335
0.243
0.104
-0.041
-0.163
-0.222
-0.227
-0.187
-0.111
-0.041
-0.016
-0.008
-0.026
-0.051
-0.07
-0.059
-0.024
0.026
0.048
0.06
0.068
0.051
0.027
0.008
0.003
0.001
0.0
0.0
0.0
0.0
-0.001
0.0
0.002
0.007
0.013
0.019
0.026
0.033
0.042
0.05
0.057
0.063
0.068
0.073
0.08
0.09
0.1
0.111
0.117
0.122
0.125
0.127
0.13
0.134
0.138
0.141
0.144
0.148
0.154
0.167
0.193
0.219
0.246
0.27
0.287
0.304
0.313
0.321
0.327
0.332
0.336
0.337
0.336
0.334
0.331
0.326
0.32
0.31
0.283
0.252
0.221
0.191
0.16
0.134
0.113
0.094
0.07
0.041
0.012
-0.017
-0.04
-0.054
-0.065
-0.072
-0.076
-0.079
-0.081
-0.083
-0.084
-0.085
-0.086
-0.086
-0.087
-0.088
-0.088
-0.088
-0.085
-0.082
-0.08
-0.077
-0.075
-0.07
-0.07
-0.078
-0.082
-0.086
-0.09
-0.093
-0.095
-0.093
-0.088
-0.082
-0.078
-0.075
-0.072
-0.068
-0.064
-0.06
-0.059
-0.058
-0.06
-0.061
-0.062
-0.064
-0.065
-0.067
-0.07
-0.074
-0.077
-0.08
-0.081
-0.081
-0.08
-0.078
-0.076
-0.073
-0.068
-0.063
-0.06
-0.063
-0.069
-0.077
-0.084
-0.093
-0.101
-0.105
-0.102
-0.096
-0.089
-0.086
-0.082
-0.078
-0.075
-0.071
-0.067
-0.063
-0.06
-0.058
-0.056
-0.057
-0.058
-0.059
-0.06
-0.061
-0.062
-0.064
-0.065
-0.066
-0.066
-0.065
-0.064
-0.065
-0.067
-0.07
-0.072
-0.07
-0.064
-0.058
-0.055
-0.053
-0.051
-0.048
-0.046
-0.043
-0.04
-0.037
-0.034
-0.03
-0.027
-0.024
-0.022
-0.02
-0.017
-0.015
-0.012
-0.009
-0.006
-0.002
0.002
0.007
0.011
0.015
0.017
0.018
0.017
0.015
0.012
0.009
0.005
0.0
-0.004
-0.009
-0.014
-0.019
-0.026
-0.032
-0.038
-0.043
-0.047
-0.05
-0.052
-0.053
-0.054
-0.054
-0.054
-0.055
-0.056
-0.057
-0.058
-0.059
-0.06
-0.06
-0.059
-0.057
-0.053
-0.049
-0.043
-0.036
-0.022
0.004
0.05
0.117
0.207
0.306
0.385
0.393
0.357
0.228
0.05
-0.121
-0.213
-0.243
-0.226
-0.175
-0.117
-0.087
-0.067
-0.057
-0.041
-0.019
-0.008
-0.001
0.004
0.009
0.012
0.015
0.018
0.021
0.023
0.025
0.027
0.029
0.031
0.033
0.034
0.036
0.037
0.038
0.041
0.045
0.051
0.055
0.06
0.064
0.066
0.068
0.07
0.073
0.075
0.077
0.078
0.08
0.082
0.085
0.088
0.09
0.093
0.095
0.098
0.102
0.109
0.121
0.135
0.148
0.161
0.173
0.183
0.194
0.208
0.223
0.238
0.252
0.268
0.282
0.291
0.297
0.301
0.307
0.314
0.319
0.319
0.312
0.301
0.287
0.267
0.246
0.22
0.186
0.149
0.114
0.077
0.045
0.017
-0.021
-0.047
-0.058
-0.067
-0.073
-0.079
-0.086
-0.092
-0.098
-0.103
-0.107
-0.112
-0.116
-0.122
-0.126
-0.131
-0.134
-0.134
-0.132
-0.128
-0.122
-0.117
-0.111
-0.106
-0.099
-0.091
-0.084
-0.08
-0.081
-0.084
-0.089
-0.094
-0.099
-0.107
-0.115
-0.121
-0.123
-0.121
-0.117
-0.114
-0.112
-0.111
-0.109
-0.107
-0.105
-0.103
-0.101
-0.1
-0.099
-0.098
-0.098
-0.099
-0.101
-0.102
-0.104
-0.105
-0.105
-0.104
-0.103
-0.101
-0.099
-0.097
-0.094
-0.091
-0.089
-0.087
-0.086
-0.084
-0.083
-0.082
-0.08
-0.078
-0.077
-0.075
-0.074
-0.073
-0.071
-0.069
-0.067
-0.065
-0.063
-0.061
-0.06
-0.059
-0.058
-0.058
-0.059
-0.059
-0.061
-0.062
-0.064
-0.065
-0.066
-0.065
-0.065
-0.063
-0.061
-0.058
-0.055
-0.052
-0.049
-0.047
-0.046
-0.045
-0.044
-0.043
-0.041
-0.039
-0.036
-0.032
-0.028
-0.023
-0.018
-0.012
-0.006
-0.001
0.002
0.005
0.007
0.008
0.009
0.009
0.008
0.006
0.003
0.001
-0.001
-0.004
-0.007
-0.01
-0.014
-0.018
-0.022
-0.026
-0.029
-0.032
-0.039
-0.046
-0.054
-0.061
-0.064
-0.065
-0.066
-0.066
-0.065
-0.063
-0.062
-0.06
-0.057
-0.054
-0.051
-0.048
-0.043
-0.039
-0.034
-0.027
-0.018
0.02
0.077
0.139
0.208
0.282
0.342
0.365
0.365
0.34
0.27
0.152
0.019
-0.104
-0.178
-0.204
-0.186
-0.13
-0.06
-0.002
0.018
0.025
0.023
0.016
0.013
0.011
0.01
0.01
0.008
0.005
0.003
0.0
-0.002
-0.004
-0.004
-0.003
0.0
0.003
0.008
0.014
0.02
0.026
0.031
0.035
0.038
0.041
0.044
0.048
0.052
0.055
0.059
0.062
0.067
0.072
0.077
0.081
0.083
0.085
0.087
0.088
0.09
0.091
0.093
0.095
0.098
0.105
0.123
0.151
0.172
0.187
0.199
0.212
0.223
0.234
0.247
0.262
0.278
0.295
0.307
0.318
0.327
0.332
0.331
0.324
0.312
0.298
0.283
0.261
0.241
0.224
0.203
0.179
0.155
0.123
0.093
0.07
0.044
0.017
-0.015
-0.035
-0.044
-0.05
-0.056
-0.061
-0.066
-0.07
-0.073
-0.077
-0.081
-0.086
-0.096
-0.112
-0.12
-0.125
-0.13
-0.134
-0.135
-0.132
-0.124
-0.115
-0.108
-0.1
-0.093
-0.089
-0.088
-0.091
-0.097
-0.104
-0.109
-0.116
-0.121
-0.124
-0.124
-0.121
-0.117
-0.112
-0.109
-0.104
-0.099
-0.095
-0.094
-0.095
-0.097
-0.1
-0.104
-0.107
-0.112
-0.117
-0.121
-0.121
-0.118
-0.114
-0.11
-0.106
-0.102
-0.097
-0.092
-0.091
-0.093
-0.096
-0.1
-0.105
-0.112
-0.116
-0.108
-0.096
-0.089
-0.083
-0.076
-0.072
-0.069
-0.069
-0.073
-0.078
-0.083
-0.089
-0.093
-0.099
-0.105
-0.11
-0.113
-0.113
-0.109
-0.104
-0.097
-0.092
-0.088
-0.085
-0.082
-0.079
-0.076
-0.072
-0.068
-0.066
-0.064
-0.065
-0.065
-0.065
-0.065
-0.066
-0.068
-0.069
-0.072
-0.074
-0.075
-0.075
-0.076
-0.081
-0.079
-0.064
-0.051
-0.04
-0.029
-0.018
-0.008
0.002
0.016
0.024
0.019
0.008
-0.005
-0.023
-0.049
-0.06
-0.065
-0.069
-0.073
-0.078
-0.083
-0.086
-0.089
-0.091
-0.092
-0.094
-0.096
-0.097
-0.097
-0.096
-0.094
-0.094
-0.094
-0.094
-0.095
-0.096
-0.097
-0.099
-0.103
-0.106
-0.101
-0.089
-0.069
-0.045
-0.012
0.037
0.105
0.189
0.277
0.354
0.392
0.389
0.33
0.197
0.024
-0.132
-0.208
-0.234
-0.214
-0.153
-0.094
-0.063
-0.043
-0.031
-0.022
-0.015
-0.009
-0.002
0.002
0.003
0.0
-0.007
-0.012
-0.018
-0.023
-0.026
-0.022
-0.013
-0.004
0.001
0.006
0.01
0.014
0.018
0.023
0.028
0.032
0.035
0.037
0.039
0.042
0.046
0.052
0.063
0.073
0.083
0.089
0.093
0.096
0.099
0.102
0.105
0.108
0.112
0.117
0.123
0.129
0.136
0.144
0.156
0.169
0.178
0.186
0.193
0.201
0.21
0.221
0.233
0.247
0.264
0.279
0.289
0.296
0.302
0.305
0.305
0.301
0.294
0.285
0.273
0.253
0.233
0.204
0.174
0.149
0.123
0.097
0.066
0.037
0.015
-0.006
-0.019
-0.029
-0.036
-0.042
-0.05
-0.057
-0.065
-0.071
-0.076
-0.08
-0.084
-0.087
-0.091
-0.095
-0.098
-0.101
-0.101
-0.101
-0.101
-0.102
-0.102
-0.102
-0.101
-0.1
-0.098
-0.096
-0.096
-0.097
-0.091
-0.078
-0.069
-0.061
-0.055
-0.051
-0.053
-0.06
-0.068
-0.076
-0.081
-0.087
-0.093
-0.098
-0.101
-0.103
-0.102
-0.098
-0.093
-0.087
-0.081
-0.076
-0.073
-0.07
-0.068
-0.065
-0.063
-0.062
-0.06
-0.058
-0.057
-0.056
-0.054
-0.052
-0.05
-0.049
-0.047
-0.045
-0.043
-0.041
-0.039
-0.037
-0.035
-0.033
-0.03
-0.027
-0.024
-0.022
-0.021
-0.019
-0.018
-0.015
-0.012
-0.009
-0.007
-0.005
-0.003
-0.001
0.0
0.002
0.003
0.003
0.004
0.004
0.004
0.004
0.005
0.005
0.006
0.007
0.008
0.009
0.01
0.011
0.012
0.014
0.017
0.02
0.024
0.028
0.031
0.035
0.039
0.044
0.049
0.053
0.058
0.064
0.072
0.082
0.088
0.089
0.082
0.072
0.061
0.054
0.047
0.039
0.033
0.027
0.021
0.017
0.013
0.01
0.007
0.005
0.002
-0.001
-0.004
-0.007
-0.008
-0.009
-0.01
-0.011
-0.011
-0.011
-0.01
-0.008
-0.004
0.0
0.003
0.008
0.019
0.042
0.082
0.14
0.219
0.312
0.397
0.44
0.436
0.371
0.235
0.068
-0.098
-0.205
-0.241
-0.223
-0.196
-0.163
-0.128
-0.098
-0.071
-0.041
-0.006
0.015
0.025
0.032
0.029
0.003
-0.007
-0.014
-0.019
-0.024
-0.027
-0.03
-0.033
-0.036
-0.04
-0.043
-0.046
-0.048
-0.049
-0.049
-0.048
-0.047
-0.046
-0.043
-0.04
-0.037
-0.034
-0.032
-0.03
-0.028
-0.025
-0.022
-0.02
-0.017
-0.015
-0.01
-0.004
0.001
0.008
0.014
0.019
0.026
0.034
0.05
0.078
0.103
0.128
0.153
0.187
0.211
0.223
0.232
0.238
0.244
0.248
0.252
0.255
0.258
0.262
0.267
0.272
0.275
0.275
0.27
0.26
0.247
0.231
0.206
0.185
0.154
0.124
0.101
0.074
0.045
0.012
-0.017
-0.041
-0.066
-0.093
-0.117
-0.131
-0.137
-0.14
-0.143
-0.145
-0.146
-0.146
-0.147
-0.147
-0.149
-0.151
-0.153
-0.156
-0.16
-0.163
-0.166
-0.171
-0.175
-0.177
-0.179
-0.18
-0.181
-0.181
-0.181
-0.182
-0.182
-0.183
-0.184
-0.185
-0.187
-0.19
-0.192
-0.193
-0.194
-0.194
-0.194
-0.192
-0.191
-0.19
-0.188
-0.187
-0.186
-0.186
-0.187
-0.188
-0.19
-0.192
-0.193
-0.194
-0.194
-0.194
-0.194
-0.194
-0.194
-0.195
-0.195
-0.196
-0.197
-0.198
-0.199
-0.2
-0.2
-0.2
-0.199
-0.198
-0.197
-0.197
-0.196
-0.195
-0.193
-0.192
-0.192
-0.192
-0.193
-0.193
-0.193
-0.191
-0.189
-0.186
-0.184
-0.181
-0.178
-0.175
-0.171
-0.167
-0.164
-0.162
-0.159
-0.157
-0.153
-0.15
-0.146
-0.141
-0.136
-0.13
-0.123
-0.116
-0.111
-0.106
-0.103
-0.1
-0.096
-0.094
-0.091
-0.088
-0.084
-0.081
-0.079
-0.077
-0.076
-0.075
-0.075
-0.076
-0.078
-0.08
-0.082
-0.085
-0.087
-0.088
-0.089
-0.089
-0.088
-0.086
-0.081
-0.076
-0.07
-0.065
-0.059
-0.054
-0.049
-0.043
-0.038
-0.034
-0.03
-0.027
-0.023
-0.02
-0.017
-0.014
-0.008
0.011
0.071
0.15
0.246
0.352
0.431
0.457
0.43
0.351
0.202
0.042
-0.095
-0.156
-0.176
-0.151
-0.076
0.0
0.065
0.115
0.133
0.14
0.137
0.13
0.121
0.112
0.134
0.169
0.208
0.227
0.236
0.241
0.244
0.247
0.251
0.257
0.263
0.269
0.275
0.281
0.289
0.299
0.318
0.334
0.349
0.358
0.365
0.371
0.377
0.383
0.39
0.395
0.401
0.406
0.413
0.422
0.436
0.451
0.466
0.481
0.497
0.509
0.52
0.527
0.532
0.536
0.539
0.543
0.547
0.552
0.557
0.563
0.569
0.577
0.585
0.598
0.622
0.634
0.64
0.646
0.653
0.658
0.658
0.649
0.633
0.607
0.572
0.541
0.509
0.475
0.441
0.407
0.371
0.334
0.305
0.282
0.254
0.226
0.206
0.191
0.182
0.175
0.17
0.163
0.153
0.142
0.132
0.122
0.11
0.099
0.094
0.093
0.093
0.092
0.092
0.091
0.09
0.088
0.086
0.085
0.083
0.08
0.076
0.072
0.069
0.064
0.06
0.053
0.045
0.04
0.039
0.041
0.045
0.048
0.051
0.055
0.059
0.062
0.061
0.055
0.046
0.037
0.03
0.022
0.015
0.009
0.005
0.002
0.0
0.0
-0.003
-0.006
-0.01
-0.01
-0.005
0.001
0.007
0.014
0.02
0.024
0.024
0.021
0.016
0.01
0.006
0.002
-0.001
-0.005
-0.009
-0.014
-0.018
-0.023
-0.028
-0.033
-0.039
-0.046
-0.056
-0.074
-0.086
-0.093
-0.1
-0.105
-0.109
-0.113
-0.12
-0.128
-0.139
-0.15
-0.166
-0.188
-0.193
-0.193
-0.193
-0.193
-0.194
-0.187
-0.174
-0.166
-0.159
-0.152
-0.147
-0.145
-0.144
-0.146
-0.149
-0.155
-0.162
-0.173
-0.191
-0.216
-0.232
-0.243
-0.253
-0.261
-0.268
-0.273
-0.278
-0.281
-0.284
-0.286
-0.289
-0.292
-0.294
-0.296
-0.299
-0.301
-0.303
-0.305
-0.306
-0.308
-0.309
-0.31
-0.311
-0.313
-0.318
-0.328
-0.327
-0.308
-0.26
-0.177
-0.066
0.052
0.138
0.166
0.134
0.035
-0.134
-0.31
-0.448
-0.488
-0.501
-0.481
-0.419
-0.35
-0.28
-0.258
-0.251
-0.244
-0.247
-0.266
-0.278
-0.286
-0.293
-0.3
-0.302
-0.302
-0.298
-0.294
-0.288
-0.281
-0.273
-0.263
-0.252
-0.243
-0.235
-0.229
-0.221
-0.214
-0.207
-0.2
-0.191
-0.184
-0.179
-0.175
-0.17
-0.167
-0.164
-0.16
-0.157
-0.153
-0.148
-0.143
-0.138
-0.132
-0.125
-0.112
-0.087
-0.068
-0.044
-0.01
0.01
0.019
0.027
0.033
0.038
0.044
0.048
0.051
0.055
0.059
0.067
0.081
0.098
0.116
0.133
0.14
0.145
0.15
0.153
0.152
0.144
0.131
0.117
0.096
0.075
0.046
0.01
-0.018
-0.039
-0.06
-0.077
-0.092
-0.11
-0.131
-0.145
-0.157
-0.166
-0.172
-0.176
-0.179
-0.18
-0.181
-0.182
-0.183
-0.185
-0.188
-0.19
-0.19
-0.19
-0.188
-0.186
-0.183
-0.182
-0.18
-0.178
-0.174
-0.171
-0.167
-0.164
-0.161
-0.157
-0.153
-0.147
-0.142
-0.138
-0.135
-0.133
-0.132
-0.13
-0.128
-0.126
-0.124
-0.122
-0.12
-0.118
-0.116
-0.115
-0.114
-0.114
-0.114
-0.113
-0.113
-0.112
-0.111
-0.11
-0.108
-0.106
-0.104
-0.102
-0.099
-0.096
-0.093
-0.09
-0.087
-0.084
-0.08
-0.071
-0.06
-0.051
-0.047
-0.048
-0.052
-0.056
-0.061
-0.063
-0.066
-0.07
-0.074
-0.078
-0.081
-0.083
-0.084
-0.084
-0.083
-0.08
-0.076
-0.07
-0.065
-0.059
-0.055
-0.051
-0.047
-0.043
-0.039
-0.033
-0.028
-0.022
-0.017
-0.012
-0.006
-0.002
0.001
0.005
0.008
0.01
0.013
0.018
0.023
0.027
0.03
0.031
0.029
0.025
0.02
0.016
0.012
0.01
0.007
0.004
0.001
-0.001
-0.005
-0.007
-0.01
-0.012
-0.014
-0.015
-0.015
-0.014
-0.013
-0.012
-0.01
-0.007
-0.005
-0.002
0.001
0.005
0.009
0.013
0.017
0.022
0.036
0.07
0.129
0.222
0.335
0.442
0.49
0.507
0.47
0.355
0.191
0.025
-0.092
-0.131
-0.122
-0.093
-0.027
0.016
0.034
0.04
0.045
0.05
0.054
0.057
0.059
0.062
0.064
0.065
0.067
0.069
0.07
0.071
0.072
0.074
0.076
0.079
0.081
0.084
0.085
0.087
0.089
0.091
0.093
0.096
0.1
0.106
0.113
0.122
0.132
0.142
0.153
0.164
0.175
0.188
0.2
0.207
0.21
0.212
0.214
0.217
0.219
0.221
0.223
0.225
0.228
0.232
0.238
0.244
0.252
0.26
0.27
0.285
0.3
0.315
0.329
0.339
0.349
0.358
0.366
0.371
0.373
0.371
0.367
0.359
0.349
0.337
0.311
0.266
0.226
0.188
0.16
0.138
0.114
0.09
0.066
0.049
0.037
0.029
0.021
0.012
0.002
-0.009
-0.023
-0.041
-0.057
-0.072
-0.082
-0.091
-0.1
-0.105
-0.107
-0.104
-0.098
-0.091
-0.083
-0.072
-0.064
-0.063
-0.07
-0.077
-0.079
-0.08
-0.082
-0.084
-0.087
-0.09
-0.092
-0.094
-0.096
-0.099
-0.1
-0.1
-0.099
-0.096
-0.094
-0.092
-0.09
-0.088
-0.086
-0.084
-0.082
-0.08
-0.079
-0.08
-0.08
-0.08
-0.08
-0.079
-0.078
-0.078
-0.077
-0.076
-0.074
-0.072
-0.07
-0.069
-0.068
-0.068
-0.069
-0.069
-0.069
-0.069
-0.068
-0.068
-0.066
-0.063
-0.056
-0.051
-0.052
-0.057
-0.061
-0.065
-0.068
-0.068
-0.063
-0.058
-0.052
-0.046
-0.043
-0.05
-0.063
-0.072
-0.081
-0.088
-0.091
-0.087
-0.077
-0.063
-0.044
-0.018
-0.004
0.006
0.017
0.017
-0.001
-0.028
-0.059
-0.082
-0.096
-0.077
-0.046
-0.007
0.034
0.074
0.101
0.118
0.125
0.12
0.105
0.061
0.008
-0.045
-0.062
-0.072
-0.075
-0.072
-0.063
-0.054
-0.047
-0.038
-0.029
-0.025
-0.029
-0.038
-0.047
-0.055
-0.064
-0.072
-0.075
-0.072
-0.063
-0.051
-0.029
0.006
0.03
0.045
0.059
0.07
0.109
0.168
0.25
0.336
0.386
0.388
0.343
0.231
0.083
-0.056
-0.126
-0.149
-0.134
-0.089
-0.027
0.005
0.013
0.019
0.022
0.024
0.025
0.025
0.025
0.024
0.023
0.021
0.018
0.013
0.004
0.0
0.005
0.021
0.04
0.062
0.068
0.071
0.074
0.077
0.078
0.079
0.079
0.077
0.074
0.07
0.062
0.063
0.079
0.097
0.117
0.135
0.148
0.159
0.166
0.168
0.166
0.162
0.159
0.154
0.15
0.148
0.153
0.164
0.177
0.188
0.2
0.213
0.224
0.233
0.243
0.257
0.277
0.297
0.32
0.339
0.347
0.351
0.355
0.358
0.359
0.355
0.347
0.335
0.321
0.299
0.28
0.255
0.221
0.192
0.169
0.142
0.115
0.089
0.061
0.033
0.005
-0.024
-0.053
-0.082
-0.12
-0.136
-0.144
-0.151
-0.158
-0.163
-0.167
-0.171
-0.174
-0.176
-0.179
-0.181
-0.183
-0.185
-0.186
-0.186
-0.186
-0.186
-0.186
-0.187
-0.188
-0.189
-0.19
-0.192
-0.194
-0.195
-0.196
-0.197
-0.197
-0.197
-0.196
-0.196
-0.195
-0.194
-0.193
-0.192
-0.19
-0.19
-0.189
-0.188
-0.187
-0.186
-0.185
-0.183
-0.181
-0.179
-0.177
-0.175
-0.174
-0.172
-0.17
-0.169
-0.168
-0.167
-0.166
-0.164
-0.162
-0.16
-0.158
-0.155
-0.152
-0.15
-0.149
-0.147
-0.146
-0.144
-0.142
-0.14
-0.137
-0.135
-0.133
-0.132
-0.13
-0.129
-0.127
-0.126
-0.125
-0.123
-0.12
-0.117
-0.114
-0.111
-0.109
-0.106
-0.104
-0.102
-0.1
-0.098
-0.096
-0.093
-0.09
-0.085
-0.08
-0.074
-0.067
-0.061
-0.055
-0.051
-0.048
-0.046
-0.045
-0.045
-0.045
-0.045
-0.046
-0.046
-0.045
-0.043
-0.041
-0.038
-0.036
-0.035
-0.035
-0.036
-0.038
-0.042
-0.048
-0.054
-0.061
-0.068
-0.073
-0.078
-0.082
-0.09
-0.098
-0.106
-0.111
-0.112
-0.111
-0.108
-0.103
-0.098
-0.094
-0.09
