0.576
0.681
0.795
0.911
1.008
1.049
1.041
1.012
1.0
0.992
0.985
0.979
0.974
0.969
0.964
0.96
0.954
0.947
0.94
0.932
0.923
0.914
0.902
0.891
0.88
0.87
0.866
0.862
0.859
0.856
0.853
0.852
0.852
0.851
0.85
0.848
0.846
0.844
0.842
0.841
0.84
0.839
0.836
0.833
0.829
0.825
0.821
0.813
0.794
0.775
0.754
0.735
0.728
0.724
0.722
0.72
0.719
0.717
0.716
0.713
0.711
0.708
0.704
0.7
0.695
0.689
0.679
0.669
0.66
0.651
0.642
0.634
0.627
0.621
0.615
0.612
0.61
0.61
0.609
0.609
0.608
0.606
0.604
0.601
0.599
0.597
0.594
0.591
0.586
0.58
0.574
0.555
0.523
0.511
0.503
0.497
0.493
0.491
0.491
0.495
0.501
0.509
0.525
0.551
0.592
0.651
0.719
0.789
0.854
0.875
0.885
0.881
0.843
0.786
0.704
0.599
0.487
0.397
0.335
0.315
0.308
0.303
0.304
0.318
0.338
0.359
0.369
0.377
0.38
0.375
0.363
0.353
0.341
0.33
0.32
0.314
0.309
0.305
0.301
0.297
0.295
0.293
0.291
0.289
0.287
0.284
0.281
0.278
0.274
0.27
0.265
0.26
0.255
0.249
0.243
0.238
0.233
0.228
0.222
0.217
0.213
0.21
0.207
0.205
0.203
0.202
0.201
0.201
0.2
0.198
0.196
0.194
0.199
0.209
0.22
0.228
0.236
0.243
0.249
0.254
0.258
0.26
0.262
0.264
0.265
0.268
0.271
0.274
0.275
0.272
0.266
0.257
0.242
0.217
0.192
0.163
0.132
0.103
0.077
0.047
0.014
-0.017
-0.048
-0.072
-0.084
-0.092
-0.096
-0.094
-0.09
-0.086
-0.082
-0.079
-0.086
-0.099
-0.108
-0.115
-0.122
-0.127
-0.127
-0.123
-0.116
-0.109
-0.103
-0.097
-0.091
-0.086
-0.085
-0.087
-0.09
-0.094
-0.097
-0.098
-0.1
-0.101
-0.102
-0.104
-0.105
-0.106
-0.107
-0.109
-0.11
-0.112
-0.112
-0.112
-0.112
-0.112
-0.111
-0.11
-0.11
-0.11
-0.111
-0.112
-0.114
-0.114
-0.112
-0.109
-0.104
-0.1
-0.094
-0.088
-0.086
-0.089
-0.095
-0.1
-0.103
-0.105
-0.106
-0.108
-0.11
-0.112
-0.113
-0.114
-0.114
-0.115
-0.115
-0.114
-0.114
-0.114
-0.114
-0.114
-0.115
-0.115
-0.115
-0.116
-0.117
-0.118
-0.119
-0.121
-0.122
-0.123
-0.124
-0.125
-0.127
-0.129
-0.13
-0.132
-0.135
-0.138
-0.141
-0.14
-0.133
-0.123
-0.114
-0.109
-0.104
-0.099
-0.094
-0.09
-0.085
-0.081
-0.078
-0.074
-0.07
-0.067
-0.065
-0.064
-0.063
-0.063
-0.062
-0.062
-0.061
-0.059
-0.057
-0.055
-0.052
-0.049
-0.046
-0.044
-0.042
-0.042
-0.043
-0.045
-0.046
-0.048
-0.049
-0.051
-0.052
-0.052
-0.052
-0.052
-0.052
-0.053
-0.054
-0.056
-0.058
-0.061
-0.064
-0.067
-0.069
-0.071
-0.071
-0.071
-0.071
-0.073
-0.075
-0.078
-0.08
-0.082
-0.083
-0.085
-0.087
-0.088
-0.09
-0.091
-0.091
-0.093
-0.094
-0.093
-0.085
-0.074
-0.061
-0.042
-0.026
-0.003
0.024
0.072
0.126
0.188
0.255
0.318
0.359
0.371
0.362
0.335
0.274
0.19
0.095
0.005
-0.067
-0.112
-0.128
-0.134
-0.123
-0.105
-0.098
-0.093
-0.089
-0.086
-0.082
-0.08
-0.078
-0.075
-0.073
-0.071
-0.069
-0.069
-0.069
-0.07
-0.071
-0.072
-0.072
-0.072
-0.071
-0.071
-0.07
-0.071
-0.071
-0.07
-0.07
-0.07
-0.07
-0.07
-0.07
-0.07
-0.069
-0.069
-0.068
-0.067
-0.067
-0.066
-0.065
-0.065
-0.063
-0.058
-0.051
-0.043
-0.033
-0.019
-0.007
0.003
0.01
0.016
0.021
0.025
0.03
0.035
0.039
0.044
0.049
0.056
0.067
0.082
0.096
0.108
0.116
0.122
0.128
0.133
0.137
0.139
0.14
0.139
0.137
0.134
0.129
0.123
0.115
0.099
0.064
0.029
-0.004
-0.029
-0.049
-0.072
-0.089
-0.104
-0.113
-0.116
-0.118
-0.119
-0.12
-0.121
-0.122
-0.122
-0.122
-0.12
-0.117
-0.113
-0.11
-0.107
-0.105
-0.104
-0.102
-0.102
-0.102
-0.102
-0.102
-0.102
-0.102
-0.101
-0.1
-0.099
-0.098
-0.096
-0.094
-0.092
-0.091
-0.089
-0.088
-0.086
-0.084
-0.081
-0.078
-0.074
-0.071
-0.069
-0.069
-0.069
-0.07
-0.072
-0.073
-0.075
-0.078
-0.081
-0.085
-0.087
-0.088
-0.089
-0.088
-0.086
-0.084
-0.082
-0.078
-0.075
-0.072
-0.07
-0.068
-0.067
-0.066
-0.065
-0.065
-0.064
-0.062
-0.06
-0.057
-0.056
-0.055
-0.054
-0.054
-0.053
-0.052
-0.051
-0.05
-0.051
-0.052
-0.052
-0.051
-0.05
-0.05
-0.049
-0.048
-0.047
-0.047
-0.046
-0.044
-0.043
-0.041
-0.039
-0.036
-0.033
-0.03
-0.028
-0.026
-0.024
-0.022
-0.02
-0.018
-0.016
-0.013
-0.011
-0.009
-0.008
-0.006
-0.005
-0.004
-0.002
-0.001
0.0
0.001
0.002
0.003
0.005
0.008
0.011
0.015
0.019
0.024
0.03
0.035
0.037
0.037
0.035
0.03
0.026
0.022
0.019
0.017
0.015
0.013
0.012
0.011
0.01
0.008
0.006
0.004
0.003
0.002
0.002
0.001
0.001
0.0
0.0
0.0
-0.001
-0.002
-0.004
-0.006
-0.007
-0.009
-0.011
-0.014
-0.017
-0.019
-0.021
-0.022
-0.022
-0.022
-0.02
-0.017
-0.013
-0.008
-0.004
0.0
0.008
0.018
0.027
0.038
0.056
0.088
0.152
0.236
0.337
0.448
0.554
0.617
0.618
0.564
0.431
0.262
0.09
-0.048
-0.121
-0.145
-0.134
-0.101
-0.052
-0.033
-0.028
-0.026
-0.025
-0.025
-0.025
-0.024
-0.024
-0.024
-0.024
-0.024
-0.024
-0.024
-0.024
-0.024
-0.024
-0.024
-0.024
-0.024
-0.023
-0.023
-0.022
-0.021
-0.021
-0.02
-0.018
-0.016
-0.013
-0.011
-0.01
-0.008
-0.007
-0.006
-0.005
-0.003
-0.002
0.0
0.0
0.002
0.004
0.007
0.011
0.014
0.018
0.023
0.029
0.037
0.044
0.051
0.058
0.066
0.074
0.083
0.092
0.101
0.11
0.118
0.126
0.135
0.144
0.153
0.163
0.172
0.18
0.189
0.197
0.203
0.203
0.2
0.193
0.184
0.168
0.141
0.116
0.09
0.068
0.051
0.033
0.018
0.006
-0.007
-0.023
-0.036
-0.049
-0.057
-0.06
-0.062
-0.063
-0.065
-0.066
-0.068
-0.07
-0.072
-0.074
-0.077
-0.079
-0.081
-0.084
-0.089
-0.094
-0.097
-0.098
-0.098
-0.096
-0.095
-0.093
-0.092
-0.09
-0.087
-0.083
-0.078
-0.072
-0.065
-0.059
-0.053
-0.046
-0.039
-0.036
-0.037
-0.044
-0.052
-0.06
-0.068
-0.077
-0.085
-0.089
-0.09
-0.09
-0.09
-0.09
-0.092
-0.094
-0.094
-0.085
-0.074
-0.068
-0.062
-0.056
-0.051
-0.046
-0.043
-0.042
-0.042
-0.044
-0.047
-0.049
-0.051
-0.053
-0.056
-0.06
-0.064
-0.066
-0.068
-0.07
-0.073
-0.077
-0.079
-0.074
-0.062
-0.051
-0.038
-0.031
-0.026
-0.022
-0.017
-0.014
-0.014
-0.016
-0.019
-0.02
-0.021
-0.022
-0.023
-0.023
-0.024
-0.025
-0.026
-0.027
-0.028
-0.028
-0.028
-0.027
-0.025
-0.024
-0.022
-0.019
-0.017
-0.014
-0.011
-0.008
-0.006
-0.005
-0.004
-0.004
-0.003
-0.002
-0.001
-0.001
0.0
0.0
0.001
0.003
0.005
0.007
0.008
0.008
0.009
0.01
0.011
0.011
0.009
0.007
0.005
0.003
0.001
0.0
-0.002
-0.004
-0.007
-0.009
-0.01
-0.011
-0.013
-0.016
-0.021
-0.026
-0.031
-0.035
-0.038
-0.04
-0.043
-0.045
-0.047
-0.048
-0.048
-0.049
-0.05
-0.052
-0.055
-0.057
-0.056
-0.053
-0.048
-0.044
-0.041
-0.038
-0.035
-0.03
-0.025
-0.019
-0.013
-0.004
0.027
0.077
0.146
0.236
0.343
0.458
0.561
0.624
0.626
0.572
0.419
0.221
0.028
-0.121
-0.178
-0.198
-0.179
-0.12
-0.077
-0.062
-0.055
-0.054
-0.057
-0.062
-0.067
-0.073
-0.076
-0.075
-0.068
-0.06
-0.057
-0.055
-0.053
-0.051
-0.05
-0.048
-0.047
-0.045
-0.044
-0.042
-0.04
-0.037
-0.035
-0.034
-0.032
-0.03
-0.028
-0.026
-0.025
-0.023
-0.021
-0.018
-0.015
-0.013
-0.01
-0.007
-0.004
0.0
0.003
0.005
0.008
0.01
0.012
0.015
0.019
0.024
0.034
0.042
0.051
0.058
0.064
0.071
0.078
0.085
0.094
0.105
0.117
0.132
0.148
0.16
0.17
0.179
0.188
0.197
0.205
0.215
0.227
0.233
0.227
0.214
0.199
0.179
0.163
0.142
0.112
0.078
0.045
0.023
0.009
-0.006
-0.021
-0.032
-0.042
-0.05
-0.054
-0.055
-0.056
-0.055
-0.055
-0.055
-0.056
-0.056
-0.057
-0.056
-0.054
-0.051
-0.049
-0.048
-0.047
-0.046
-0.044
-0.042
-0.04
-0.038
-0.037
-0.035
-0.034
-0.032
-0.031
-0.03
-0.029
-0.03
-0.03
-0.029
-0.028
-0.025
-0.022
-0.018
-0.017
-0.017
-0.019
-0.021
-0.023
-0.025
-0.027
-0.03
-0.032
-0.035
-0.036
-0.037
-0.038
-0.038
-0.038
-0.037
-0.036
-0.034
-0.031
-0.028
-0.026
-0.026
-0.026
-0.027
-0.028
-0.029
-0.031
-0.034
-0.036
-0.038
-0.037
-0.034
-0.03
-0.027
-0.025
-0.022
-0.02
-0.018
-0.016
-0.016
-0.016
-0.016
-0.017
-0.017
-0.017
-0.016
-0.015
-0.015
-0.014
-0.013
-0.012
-0.012
-0.011
-0.011
-0.012
-0.012
-0.012
-0.012
-0.01
-0.007
-0.004
-0.002
-0.001
-0.001
-0.003
-0.004
-0.006
-0.009
-0.012
-0.007
0.001
0.004
0.007
0.01
0.014
0.017
0.02
0.023
0.025
0.028
0.03
0.031
0.032
0.032
0.031
0.029
0.027
0.025
0.023
0.021
0.018
0.015
0.011
0.007
0.004
0.001
0.0
-0.002
-0.005
-0.009
-0.012
-0.015
-0.018
-0.021
-0.024
-0.027
-0.03
-0.032
-0.033
-0.034
-0.035
-0.036
-0.037
-0.037
-0.038
-0.038
-0.038
-0.038
-0.039
-0.04
-0.041
-0.041
-0.042
-0.042
-0.043
-0.045
-0.049
-0.053
-0.052
-0.043
-0.03
-0.01
0.017
0.06
0.113
0.181
0.267
0.368
0.472
0.562
0.593
0.582
0.494
0.339
0.15
-0.028
-0.154
-0.191
-0.203
-0.176
-0.141
-0.113
-0.099
-0.091
-0.085
-0.08
-0.074
-0.069
-0.064
-0.058
-0.051
-0.045
-0.043
-0.045
-0.051
-0.057
-0.063
-0.069
-0.075
-0.078
-0.074
-0.065
-0.057
-0.053
-0.051
-0.048
-0.046
-0.043
-0.041
-0.038
-0.036
-0.034
-0.031
-0.03
-0.028
-0.026
-0.025
-0.024
-0.023
-0.022
-0.021
-0.02
-0.018
-0.016
-0.013
-0.009
-0.005
0.0
0.013
0.027
0.042
0.053
0.061
0.067
0.073
0.08
0.085
0.09
0.096
0.106
0.122
0.141
0.159
0.174
0.185
0.193
0.199
0.207
0.212
0.212
0.204
0.192
0.178
0.159
0.14
0.115
0.085
0.055
0.025
0.001
-0.016
-0.036
-0.051
-0.063
-0.071
-0.075
-0.078
-0.079
-0.08
-0.081
-0.082
-0.083
-0.084
-0.084
-0.085
-0.085
-0.086
-0.086
-0.086
-0.086
-0.085
-0.084
-0.083
-0.081
-0.08
-0.078
-0.076
-0.075
-0.073
-0.072
-0.071
-0.07
-0.069
-0.068
-0.067
-0.066
-0.065
-0.064
-0.063
-0.062
-0.06
-0.059
-0.058
-0.058
-0.057
-0.056
-0.054
-0.053
-0.052
-0.053
-0.054
-0.055
-0.056
-0.056
-0.057
-0.057
-0.057
-0.058
-0.058
-0.058
-0.057
-0.056
-0.056
-0.056
-0.057
-0.058
-0.059
-0.058
-0.056
-0.054
-0.052
-0.051
-0.049
-0.046
-0.043
-0.039
-0.037
-0.037
-0.037
-0.038
-0.04
-0.042
-0.046
-0.053
-0.055
-0.052
-0.05
-0.049
-0.048
-0.047
-0.046
-0.045
-0.043
-0.041
-0.038
-0.036
-0.034
-0.033
-0.03
-0.027
-0.021
-0.011
-0.007
-0.007
-0.005
-0.003
-0.015
-0.022
-0.026
-0.028
-0.03
-0.032
-0.032
-0.03
-0.026
-0.022
-0.017
-0.012
-0.007
-0.002
0.004
0.009
0.014
0.015
0.015
0.015
0.014
0.012
0.009
0.005
-0.001
-0.006
-0.004
0.0
0.005
0.011
0.01
-0.003
-0.011
-0.016
-0.019
-0.022
-0.024
-0.025
-0.025
-0.025
-0.025
-0.024
-0.023
-0.022
-0.022
-0.021
-0.02
-0.018
-0.016
-0.015
-0.014
-0.013
-0.012
-0.011
-0.01
-0.01
-0.01
-0.01
-0.009
-0.009
-0.007
-0.004
0.0
0.003
0.026
0.067
0.129
0.212
0.313
0.423
0.519
0.573
0.577
0.539
0.433
0.286
0.131
0.004
-0.084
-0.107
-0.114
-0.098
-0.083
-0.075
-0.069
-0.06
-0.052
-0.041
-0.016
0.008
0.016
0.023
0.026
0.025
0.02
0.015
0.013
0.013
0.013
0.013
0.012
0.011
0.01
0.009
0.008
0.008
0.007
0.007
0.007
0.008
0.009
0.011
0.013
0.014
0.016
0.018
0.021
0.025
0.029
0.032
0.039
0.053
0.058
0.061
0.062
0.064
0.065
0.066
0.067
0.069
0.073
0.078
0.084
0.09
0.096
0.102
0.112
0.124
0.135
0.145
0.157
0.179
0.212
0.228
0.238
0.246
0.25
0.251
0.25
0.247
0.244
0.239
0.231
0.212
0.194
0.181
0.164
0.14
0.11
0.082
0.061
0.042
0.028
0.018
0.01
0.002
-0.003
-0.01
-0.018
-0.027
-0.035
-0.044
-0.051
-0.055
-0.058
-0.061
-0.064
-0.065
-0.066
-0.066
-0.066
-0.066
-0.065
-0.065
-0.063
-0.062
-0.06
-0.059
-0.058
-0.057
-0.056
-0.054
-0.051
-0.049
-0.048
-0.048
-0.049
-0.05
-0.05
-0.051
-0.051
-0.052
-0.053
-0.054
-0.054
-0.054
-0.053
-0.053
-0.052
-0.052
-0.051
-0.051
-0.05
-0.049
-0.05
-0.051
-0.051
-0.052
-0.052
-0.052
-0.053
-0.053
-0.054
-0.055
-0.055
-0.055
-0.055
-0.055
-0.055
-0.055
-0.054
-0.053
-0.051
-0.05
-0.049
-0.048
-0.047
-0.045
-0.044
-0.043
-0.042
-0.04
-0.037
-0.033
-0.03
-0.029
-0.029
-0.03
-0.031
-0.033
-0.033
-0.034
-0.036
-0.038
-0.04
-0.041
-0.041
-0.041
-0.039
-0.038
-0.036
-0.033
-0.031
-0.028
-0.025
-0.022
-0.02
-0.019
-0.017
-0.016
-0.014
-0.012
-0.009
-0.006
-0.004
-0.002
0.0
0.002
0.004
0.006
0.008
0.01
0.012
0.016
0.02
0.024
0.027
0.028
0.028
0.026
0.024
0.021
0.018
0.014
0.007
0.0
0.0
0.003
0.009
0.014
0.019
0.024
0.026
0.021
0.012
0.003
-0.002
-0.007
-0.013
-0.018
-0.023
-0.026
-0.028
-0.029
-0.029
-0.028
-0.027
-0.026
-0.023
-0.02
-0.017
-0.014
-0.011
-0.005
0.0
0.003
0.001
-0.003
-0.009
-0.014
-0.019
-0.024
-0.024
-0.021
-0.014
-0.003
0.033
0.076
0.134
0.208
0.302
0.41
0.516
0.579
0.601
0.571
0.481
0.328
0.162
0.014
-0.089
-0.138
-0.154
-0.138
-0.113
-0.083
-0.057
-0.039
-0.025
-0.02
-0.018
-0.016
-0.015
-0.013
-0.012
-0.012
-0.012
-0.011
-0.01
-0.009
-0.009
-0.009
-0.01
-0.012
-0.012
-0.012
-0.012
-0.012
-0.011
-0.01
-0.009
-0.007
-0.005
-0.003
-0.001
0.0
0.002
0.005
0.007
0.009
0.011
0.012
0.014
0.016
0.02
0.025
0.029
0.034
0.038
0.043
0.047
0.051
0.054
0.056
0.058
0.06
0.062
0.066
0.074
0.092
0.107
0.122
0.137
0.152
0.164
0.174
0.184
0.193
0.2
0.208
0.214
0.213
0.205
0.195
0.185
0.175
0.164
0.154
0.142
0.12
0.089
0.059
0.032
0.008
-0.015
-0.039
-0.063
-0.087
-0.111
-0.125
-0.132
-0.137
-0.14
-0.142
-0.143
-0.143
-0.143
-0.144
-0.144
-0.145
-0.145
-0.143
-0.138
-0.131
-0.125
-0.122
-0.12
-0.117
-0.115
-0.112
-0.109
-0.107
-0.105
-0.103
-0.101
-0.099
-0.097
-0.096
-0.095
-0.095
-0.095
-0.094
-0.093
-0.091
-0.088
-0.086
-0.082
-0.079
-0.076
-0.072
-0.069
-0.067
-0.066
-0.066
-0.065
-0.064
-0.062
-0.06
-0.059
-0.057
-0.055
-0.053
-0.051
-0.05
-0.049
-0.049
-0.05
-0.05
-0.05
-0.05
-0.05
-0.049
-0.048
-0.048
-0.046
-0.044
-0.041
-0.038
-0.036
-0.036
-0.035
-0.035
-0.034
-0.033
-0.033
-0.032
-0.032
-0.031
-0.03
-0.029
-0.028
-0.028
-0.028
-0.029
-0.029
-0.029
-0.029
-0.028
-0.027
-0.026
-0.025
-0.024
-0.024
-0.023
-0.022
-0.022
-0.02
-0.019
-0.018
-0.017
-0.015
-0.013
-0.011
-0.009
-0.006
-0.004
-0.002
0.0
0.001
0.003
0.005
0.006
0.008
0.01
0.011
0.013
0.015
0.017
0.019
0.021
0.024
0.026
0.028
0.029
0.03
0.03
0.03
0.031
0.03
0.029
0.028
0.026
0.024
0.023
0.022
0.02
0.017
0.015
0.012
0.01
0.007
0.005
0.002
0.0
-0.002
-0.003
-0.005
-0.006
-0.007
-0.01
-0.012
-0.014
-0.016
-0.018
-0.02
-0.021
-0.022
-0.023
-0.022
-0.021
-0.019
-0.016
-0.014
-0.011
-0.008
-0.004
0.0
0.004
0.014
0.037
0.077
0.13
0.201
0.291
0.393
0.499
0.589
0.639
0.641
0.596
0.472
0.294
0.099
-0.066
-0.163
-0.178
-0.155
-0.09
-0.027
-0.012
-0.011
-0.011
-0.011
-0.011
-0.011
-0.011
-0.011
-0.01
-0.01
-0.01
-0.011
-0.012
-0.014
-0.015
-0.015
-0.015
-0.014
-0.012
-0.011
-0.01
-0.01
-0.009
-0.007
-0.006
-0.004
-0.002
0.0
0.002
0.004
0.007
0.01
0.014
0.019
0.023
0.026
0.028
0.029
0.03
0.031
0.032
0.033
0.034
0.035
0.036
0.039
0.041
0.045
0.049
0.054
0.061
0.07
0.085
0.099
0.113
0.128
0.148
0.166
0.182
0.193
0.201
0.208
0.213
0.217
0.22
0.221
0.219
0.216
0.21
0.204
0.194
0.178
0.164
0.151
0.137
0.12
0.097
0.072
0.049
0.026
0.007
-0.005
-0.019
-0.025
-0.028
-0.031
-0.033
-0.035
-0.037
-0.039
-0.041
-0.044
-0.047
-0.05
-0.052
-0.053
-0.054
-0.055
-0.057
-0.062
-0.067
-0.071
-0.072
-0.069
-0.064
-0.06
-0.057
-0.055
-0.052
-0.049
-0.045
-0.043
-0.041
-0.04
-0.039
-0.038
-0.039
-0.039
-0.04
-0.042
-0.044
-0.045
-0.046
-0.047
-0.048
-0.049
-0.052
-0.054
-0.056
-0.056
-0.054
-0.05
-0.047
-0.044
-0.039
-0.034
-0.032
-0.033
-0.036
-0.04
-0.043
-0.045
-0.047
-0.049
-0.051
-0.052
-0.053
-0.054
-0.053
-0.052
-0.05
-0.047
-0.044
-0.041
-0.039
-0.036
-0.032
-0.026
-0.02
-0.016
-0.016
-0.018
-0.022
-0.025
-0.028
-0.03
-0.033
-0.037
-0.039
-0.039
-0.038
-0.035
-0.032
-0.029
-0.028
-0.026
-0.025
-0.023
-0.022
-0.02
-0.02
-0.02
-0.02
-0.02
-0.019
-0.017
-0.015
-0.013
-0.01
-0.008
-0.005
-0.003
0.0
0.002
0.005
0.008
0.01
0.015
0.02
0.026
0.031
0.033
0.032
0.029
0.027
0.025
0.023
0.021
0.019
0.016
0.012
0.009
0.007
0.007
0.008
0.009
0.011
0.012
0.015
0.017
0.022
0.026
0.026
0.02
0.01
0.0
-0.012
-0.021
-0.028
-0.032
-0.036
-0.04
-0.043
-0.044
-0.044
-0.042
-0.04
-0.037
-0.035
-0.034
-0.033
-0.031
-0.028
-0.026
-0.024
-0.023
-0.021
-0.019
-0.018
-0.018
-0.016
-0.014
-0.011
0.001
0.035
0.092
0.177
0.287
0.409
0.526
0.619
0.649
0.635
0.532
0.358
0.165
0.0
-0.109
-0.148
-0.149
-0.119
-0.073
-0.046
-0.042
-0.039
-0.036
-0.034
-0.032
-0.03
-0.029
-0.027
-0.026
-0.025
-0.025
-0.025
-0.026
-0.027
-0.028
-0.029
-0.029
-0.028
-0.028
-0.026
-0.024
-0.028
-0.036
-0.042
-0.049
-0.054
-0.054
-0.049
-0.042
-0.034
-0.023
-0.013
-0.009
-0.007
-0.005
-0.002
0.0
0.0
0.002
0.004
0.006
0.008
0.01
0.011
0.013
0.015
0.018
0.021
0.026
0.031
0.035
0.04
0.047
0.06
0.082
0.101
0.115
0.13
0.15
0.171
0.187
0.198
0.206
0.211
0.215
0.218
0.219
0.219
0.216
0.209
0.199
0.182
0.155
0.131
0.107
0.085
0.061
0.036
0.01
-0.007
-0.017
-0.025
-0.033
-0.04
-0.046
-0.049
-0.052
-0.055
-0.058
-0.06
-0.062
-0.063
-0.064
-0.065
-0.066
-0.066
-0.066
-0.065
-0.064
-0.063
-0.063
-0.063
-0.061
-0.059
-0.057
-0.055
-0.054
-0.053
-0.052
-0.049
-0.047
-0.045
-0.044
-0.044
-0.045
-0.045
-0.044
-0.043
-0.044
-0.045
-0.046
-0.046
-0.046
-0.045
-0.044
-0.045
-0.046
-0.047
-0.047
-0.045
-0.044
-0.043
-0.042
-0.042
-0.042
-0.041
-0.039
-0.038
-0.037
-0.036
-0.036
-0.034
-0.031
-0.028
-0.026
-0.026
-0.028
-0.03
-0.032
-0.034
-0.035
-0.037
-0.04
-0.043
-0.044
-0.043
-0.04
-0.035
-0.031
-0.028
-0.027
-0.026
-0.024
-0.022
-0.02
-0.02
-0.019
-0.019
-0.018
-0.018
-0.017
-0.016
-0.016
-0.015
-0.015
-0.015
-0.015
-0.016
-0.016
-0.016
-0.015
-0.014
-0.013
-0.012
-0.011
-0.01
-0.008
-0.006
-0.004
-0.002
0.0
0.001
0.003
0.005
0.008
0.009
0.011
0.014
0.019
0.024
0.029
0.032
0.032
0.032
0.03
0.027
0.024
0.02
0.014
0.006
0.0
-0.001
0.002
0.007
0.012
0.019
0.022
0.017
0.007
0.001
-0.005
-0.01
-0.013
-0.015
-0.017
-0.018
-0.019
-0.02
-0.022
-0.022
-0.023
-0.024
-0.025
-0.026
-0.027
-0.028
-0.029
-0.029
-0.029
-0.03
-0.031
-0.031
-0.032
-0.031
-0.031
-0.03
-0.03
-0.029
-0.028
-0.026
-0.023
-0.02
-0.016
0.004
0.043
0.096
0.166
0.254
0.363
0.483
0.596
0.667
0.671
0.619
0.473
0.28
0.092
-0.046
-0.101
-0.119
-0.106
-0.094
-0.086
-0.078
-0.071
-0.062
-0.042
-0.026
-0.023
-0.023
-0.022
-0.021
-0.021
-0.021
-0.021
-0.021
-0.02
-0.02
-0.02
-0.021
-0.021
-0.022
-0.022
-0.021
-0.02
-0.019
-0.017
-0.016
-0.013
-0.011
-0.008
-0.005
-0.003
0.0
0.003
0.011
0.019
0.022
0.025
0.026
0.028
0.03
0.032
0.033
0.034
0.035
0.037
0.039
0.042
0.045
0.049
0.054
0.059
0.07
0.082
0.094
0.11
0.127
0.139
0.15
0.162
0.173
0.189
0.209
0.223
0.23
0.235
0.239
0.242
0.244
0.249
0.255
0.244
0.225
0.202
0.178
0.154
0.131
0.104
0.072
0.046
0.023
0.002
-0.011
-0.019
-0.028
-0.037
-0.042
-0.045
-0.049
-0.052
-0.054
-0.056
-0.058
-0.06
-0.062
-0.063
-0.065
-0.066
-0.068
-0.069
-0.07
-0.072
-0.074
-0.075
-0.075
-0.075
-0.073
-0.07
-0.068
-0.066
-0.064
-0.063
-0.061
-0.06
-0.059
-0.057
-0.057
-0.056
-0.056
-0.055
-0.054
-0.053
-0.052
-0.052
-0.051
-0.05
-0.05
-0.049
-0.048
-0.047
-0.047
-0.046
-0.045
-0.044
-0.042
-0.039
-0.037
-0.035
-0.036
-0.039
-0.043
-0.047
-0.052
-0.059
-0.065
-0.067
-0.064
-0.06
-0.059
-0.058
-0.057
-0.056
-0.055
-0.053
-0.051
-0.049
-0.047
-0.045
-0.043
-0.042
-0.04
-0.039
-0.038
-0.037
-0.035
-0.033
-0.03
-0.028
-0.028
-0.03
-0.032
-0.034
-0.036
-0.037
-0.039
-0.041
-0.044
-0.045
-0.046
-0.047
-0.046
-0.046
-0.045
-0.043
-0.041
-0.038
-0.036
-0.034
-0.032
-0.03
-0.027
-0.025
-0.022
-0.02
-0.018
-0.016
-0.014
-0.012
-0.01
-0.009
-0.007
-0.006
-0.005
-0.004
-0.002
0.0
0.001
0.002
0.004
0.005
0.006
0.007
0.007
0.008
0.008
0.009
0.01
0.012
0.014
0.01
0.004
-0.001
-0.005
-0.008
-0.012
-0.016
-0.02
-0.024
-0.029
-0.033
-0.036
-0.035
-0.031
-0.026
-0.02
-0.015
-0.009
-0.003
-0.001
-0.003
-0.008
-0.016
-0.027
-0.04
-0.044
-0.047
-0.05
-0.048
-0.038
-0.028
-0.019
-0.01
-0.003
0.021
0.056
0.109
0.186
0.287
0.404
0.518
0.61
0.64
0.63
0.543
0.388
0.206
0.032
-0.086
-0.121
-0.132
-0.118
-0.076
-0.042
-0.033
-0.027
-0.023
-0.018
-0.015
-0.011
-0.009
-0.006
-0.004
-0.003
-0.003
-0.003
-0.003
-0.003
-0.003
-0.001
0.0
0.002
0.004
0.005
0.005
0.004
0.004
0.004
0.005
0.005
0.007
0.01
0.013
0.015
0.014
0.012
0.009
0.007
0.004
0.003
0.004
0.01
0.018
0.024
0.029
0.034
0.038
0.044
0.049
0.054
0.059
0.065
0.07
0.077
0.083
0.091
0.102
0.117
0.127
0.133
0.138
0.144
0.152
0.162
0.181
0.205
0.217
0.224
0.229
0.231
0.231
0.229
0.224
0.218
0.208
0.187
0.165
0.142
0.124
0.109
0.095
0.076
0.05
0.027
0.009
-0.009
-0.028
-0.046
-0.062
-0.069
-0.073
-0.077
-0.079
-0.081
-0.083
-0.083
-0.082
-0.081
-0.079
-0.076
-0.073
-0.071
-0.068
-0.065
-0.063
-0.062
-0.06
-0.059
-0.058
-0.056
-0.054
-0.053
-0.052
-0.051
-0.05
-0.049
-0.048
-0.048
-0.048
-0.049
-0.05
-0.051
-0.051
-0.051
-0.052
-0.052
-0.052
-0.051
-0.049
-0.048
-0.048
-0.048
-0.048
-0.048
-0.048
-0.047
-0.048
-0.049
-0.05
-0.052
-0.052
-0.052
-0.052
-0.053
-0.054
-0.055
-0.055
-0.054
-0.051
-0.048
-0.046
-0.044
-0.043
-0.04
-0.038
-0.036
-0.035
-0.035
-0.037
-0.039
-0.042
-0.045
-0.047
-0.051
-0.056
-0.058
