0.214
0.232
0.25
0.26
0.265
0.269
0.271
0.271
0.269
0.265
0.26
0.251
0.232
0.21
0.19
0.172
0.153
0.131
0.111
0.09
0.07
0.039
0.01
-0.007
-0.025
-0.045
-0.066
-0.084
-0.1
-0.116
-0.125
-0.13
-0.135
-0.141
-0.148
-0.16
-0.175
-0.186
-0.199
-0.215
-0.229
-0.236
-0.239
-0.242
-0.244
-0.246
-0.247
-0.248
-0.249
-0.25
-0.25
-0.251
-0.251
-0.25
-0.25
-0.251
-0.252
-0.253
-0.253
-0.254
-0.255
-0.255
-0.256
-0.257
-0.257
-0.256
-0.256
-0.256
-0.257
-0.258
-0.259
-0.259
-0.259
-0.257
-0.256
-0.255
-0.254
-0.254
-0.252
-0.251
-0.249
-0.246
-0.243
-0.24
-0.237
-0.234
-0.232
-0.229
-0.227
-0.225
-0.223
-0.221
-0.219
-0.217
-0.214
-0.211
-0.206
-0.198
-0.192
-0.189
-0.187
-0.185
-0.182
-0.178
-0.173
-0.168
-0.161
-0.155
-0.149
-0.143
-0.136
-0.127
-0.12
-0.114
-0.109
-0.105
-0.1
-0.093
-0.085
-0.075
-0.065
-0.055
-0.047
-0.036
-0.022
-0.011
-0.002
0.007
0.013
0.016
0.019
0.021
0.023
0.025
0.027
0.028
0.03
0.031
0.033
0.035
0.039
0.043
0.047
0.051
0.057
0.065
0.076
0.085
0.094
0.101
0.106
0.111
0.118
0.124
0.131
0.137
0.144
0.154
0.164
0.168
0.17
0.171
0.172
0.173
0.174
0.175
0.177
0.178
0.18
0.182
0.184
0.188
0.196
0.204
0.216
0.23
0.241
0.248
0.254
0.259
0.265
0.273
0.282
0.288
0.294
0.298
0.303
0.307
0.312
0.318
0.321
0.319
0.313
0.297
0.276
0.256
0.243
0.234
0.228
0.226
0.228
0.234
0.243
0.256
0.268
0.28
0.303
0.332
0.375
0.435
0.515
0.616
0.734
0.863
0.984
1.071
1.096
1.046
0.923
0.737
0.516
0.31
0.165
0.106
0.101
0.137
0.186
0.194
0.197
0.199
0.203
0.208
0.218
0.232
0.246
0.258
0.265
0.268
0.27
0.271
0.271
0.27
0.267
0.264
0.26
0.257
0.253
0.249
0.246
0.244
0.243
0.242
0.241
0.24
0.239
0.238
0.238
0.241
0.246
0.253
0.266
0.276
0.282
0.288
0.295
0.302
0.309
0.312
0.309
0.302
0.291
0.272
0.258
0.249
0.244
0.242
0.241
0.24
0.239
0.238
0.237
0.236
0.234
0.231
0.228
0.226
0.222
0.218
0.217
0.218
0.22
0.222
0.224
0.227
0.226
0.218
0.21
0.201
0.191
0.178
0.163
0.15
0.136
0.124
0.111
0.097
0.082
0.067
0.05
0.041
0.036
0.033
0.031
0.03
0.031
0.034
0.04
0.045
0.054
0.067
0.078
0.094
0.111
0.135
0.163
0.195
0.204
0.208
0.201
0.161
0.094
0.002
-0.113
-0.242
-0.367
-0.474
-0.557
-0.611
-0.64
-0.65
-0.645
-0.628
-0.583
-0.532
-0.488
-0.451
-0.423
-0.405
-0.387
-0.369
-0.339
-0.307
-0.266
-0.22
-0.175
-0.139
-0.108
-0.089
-0.067
-0.047
-0.038
-0.034
-0.031
-0.028
-0.026
-0.024
-0.022
-0.02
-0.018
-0.016
-0.013
-0.009
0.0
0.02
0.032
0.038
0.042
0.047
0.052
0.056
0.062
0.072
0.085
0.092
0.101
0.116
0.136
0.156
0.171
0.178
0.184
0.189
0.193
0.197
0.203
0.209
0.214
0.218
0.221
0.225
0.227
0.223
0.216
0.208
0.197
0.184
0.165
0.144
0.125
0.107
0.09
0.074
0.05
0.021
-0.01
-0.043
-0.059
-0.084
-0.11
-0.139
-0.158
-0.17
-0.176
-0.181
-0.185
-0.188
-0.191
-0.198
-0.211
-0.223
-0.23
-0.234
-0.237
-0.239
-0.241
-0.242
-0.243
-0.245
-0.246
-0.248
-0.25
-0.252
-0.254
-0.255
-0.256
-0.258
-0.26
-0.26
-0.26
-0.259
-0.257
-0.255
-0.253
-0.25
-0.246
-0.242
-0.239
-0.239
-0.241
-0.244
-0.246
-0.249
-0.252
-0.251
-0.247
-0.243
-0.241
-0.239
-0.238
-0.236
-0.235
-0.233
-0.231
-0.229
-0.228
-0.226
-0.225
-0.224
-0.224
-0.223
-0.222
-0.221
-0.219
-0.216
-0.213
-0.209
-0.205
-0.201
-0.197
-0.194
-0.191
-0.19
-0.189
-0.188
-0.186
-0.185
-0.184
-0.182
-0.181
-0.18
-0.178
-0.176
-0.175
-0.173
-0.171
-0.168
-0.162
-0.156
-0.148
-0.142
-0.135
-0.13
-0.13
-0.134
-0.137
-0.14
-0.143
-0.146
-0.148
-0.149
-0.148
-0.145
-0.141
-0.137
-0.133
-0.13
-0.127
-0.123
-0.12
-0.117
-0.114
-0.111
-0.109
-0.108
-0.106
-0.105
-0.104
-0.102
-0.1
-0.098
-0.095
-0.093
-0.091
-0.09
-0.088
-0.087
-0.085
-0.085
-0.084
-0.082
-0.08
-0.079
-0.08
-0.082
-0.085
-0.088
-0.094
-0.102
-0.102
-0.093
-0.082
-0.068
-0.057
-0.049
-0.04
-0.028
-0.013
-0.005
-0.001
0.002
0.005
0.008
0.011
0.014
0.017
0.02
0.023
0.025
0.025
0.021
0.016
0.01
0.0
-0.018
-0.032
-0.042
-0.046
-0.048
-0.05
-0.053
-0.052
-0.042
-0.028
-0.009
0.022
0.06
0.111
0.183
0.278
0.389
0.513
0.642
0.765
0.845
0.852
0.804
0.662
0.461
0.238
0.051
-0.07
-0.119
-0.123
-0.096
-0.068
-0.06
-0.055
-0.051
-0.048
-0.043
-0.038
-0.039
-0.05
-0.064
-0.077
-0.083
-0.088
-0.091
-0.093
-0.09
-0.081
-0.067
-0.054
-0.049
-0.045
-0.042
-0.037
-0.03
-0.02
-0.007
-0.003
-0.002
-0.001
-0.001
0.0
0.0
0.002
0.003
0.005
0.006
0.008
0.009
0.011
0.012
0.014
0.017
0.019
0.021
0.024
0.027
0.029
0.033
0.036
0.038
0.04
0.041
0.043
0.044
0.046
0.047
0.049
0.05
0.051
0.051
0.051
0.052
0.051
0.051
0.05
0.049
0.047
0.045
0.042
0.042
0.045
0.046
0.048
0.049
0.05
0.051
0.05
0.048
0.045
0.041
0.037
0.033
0.029
0.026
0.022
0.02
0.019
0.02
0.022
0.026
0.031
0.038
0.052
0.074
0.105
0.136
0.17
0.208
0.248
0.273
0.283
0.282
0.268
0.229
0.161
0.065
-0.053
-0.185
-0.321
-0.444
-0.544
-0.612
-0.637
-0.638
-0.613
-0.573
-0.527
-0.481
-0.435
-0.389
-0.357
-0.338
-0.319
-0.302
-0.274
-0.228
-0.16
-0.083
-0.011
0.044
0.079
0.098
0.112
0.123
0.136
0.149
0.162
0.179
0.194
0.206
0.215
0.222
0.226
0.229
0.232
0.235
0.239
0.243
0.247
0.253
0.265
0.284
0.296
0.303
0.311
0.32
0.334
0.355
0.372
0.382
0.391
0.397
0.407
0.427
0.444
0.453
0.46
0.465
0.469
0.473
0.478
0.481
0.481
0.475
0.467
0.457
0.443
0.43
0.413
0.391
0.367
0.343
0.321
0.299
0.277
0.256
0.237
0.22
0.194
0.161
0.128
0.096
0.074
0.048
0.022
-0.003
-0.028
-0.047
-0.061
-0.069
-0.078
-0.091
-0.103
-0.117
-0.125
-0.127
-0.129
-0.131
-0.132
-0.133
-0.134
-0.134
-0.135
-0.136
-0.138
-0.138
-0.139
-0.139
-0.139
-0.139
-0.14
-0.14
-0.14
-0.141
-0.141
-0.143
-0.145
-0.146
-0.145
-0.141
-0.137
-0.134
-0.13
-0.126
-0.124
-0.125
-0.126
-0.127
-0.127
-0.128
-0.128
-0.13
-0.131
-0.132
-0.133
-0.133
-0.133
-0.133
-0.133
-0.132
-0.13
-0.129
-0.127
-0.124
-0.121
-0.118
-0.115
-0.111
-0.105
-0.099
-0.095
-0.093
-0.091
-0.089
-0.086
-0.085
-0.088
-0.095
-0.101
-0.106
-0.11
-0.111
-0.109
-0.106
-0.106
-0.106
-0.106
-0.105
-0.104
-0.103
-0.102
-0.1
-0.099
-0.099
-0.099
-0.099
-0.1
-0.101
-0.103
-0.104
-0.104
-0.104
-0.105
-0.105
-0.105
-0.106
-0.108
-0.109
-0.111
-0.113
-0.114
-0.115
-0.114
-0.112
-0.108
-0.104
-0.1
-0.098
-0.095
-0.091
-0.088
-0.086
-0.083
-0.081
-0.079
-0.078
-0.077
-0.075
-0.073
-0.07
-0.068
-0.065
-0.062
-0.059
-0.057
-0.054
-0.053
-0.051
-0.048
-0.046
-0.046
-0.047
-0.049
-0.052
-0.055
-0.06
-0.068
-0.068
-0.061
-0.053
-0.046
-0.039
-0.031
-0.019
-0.001
0.017
0.03
0.035
0.038
0.04
0.04
0.039
0.035
0.028
0.009
-0.015
-0.032
-0.044
-0.051
-0.056
-0.06
-0.063
-0.065
-0.066
-0.069
-0.072
-0.072
-0.063
-0.038
0.006
0.075
0.167
0.283
0.42
0.57
0.717
0.843
0.909
0.908
0.836
0.661
0.428
0.185
-0.015
-0.14
-0.169
-0.17
-0.135
-0.109
-0.099
-0.098
-0.106
-0.119
-0.134
-0.143
-0.15
-0.149
-0.141
-0.133
-0.125
-0.116
-0.109
-0.105
-0.101
-0.097
-0.094
-0.092
-0.09
-0.088
-0.086
-0.085
-0.083
-0.082
-0.081
-0.079
-0.077
-0.075
-0.073
-0.07
-0.066
-0.061
-0.054
-0.045
-0.041
-0.039
-0.037
-0.036
-0.035
-0.032
-0.029
-0.026
-0.024
-0.021
-0.018
-0.016
-0.011
-0.007
-0.003
0.0
0.003
0.009
0.012
0.01
0.005
0.002
0.0
-0.002
-0.005
-0.007
-0.008
-0.007
-0.006
-0.004
-0.001
0.001
0.004
0.007
0.012
0.016
0.018
0.02
0.021
0.023
0.024
0.025
0.024
0.02
0.014
0.008
0.0
-0.012
-0.021
-0.026
-0.031
-0.034
-0.035
-0.034
-0.029
-0.021
-0.007
0.015
0.037
0.059
0.094
0.13
0.169
0.206
0.238
0.249
0.249
0.235
0.195
0.111
-0.002
-0.134
-0.275
-0.413
-0.539
-0.641
-0.707
-0.725
-0.731
-0.718
-0.676
-0.624
-0.564
-0.497
-0.44
-0.408
-0.391
-0.374
-0.357
-0.326
-0.287
-0.237
-0.18
-0.119
-0.066
-0.024
0.006
0.025
0.04
0.05
0.058
0.064
0.075
0.092
0.106
0.116
0.126
0.135
0.142
0.147
0.151
0.155
0.158
0.162
0.169
0.178
0.187
0.197
0.205
0.212
0.221
0.232
0.242
0.256
0.273
0.288
0.304
0.321
0.339
0.357
0.369
0.379
0.386
0.391
0.395
0.396
0.394
0.389
0.382
0.374
0.364
0.355
0.347
0.338
0.327
0.315
0.298
0.279
0.262
0.246
0.221
0.192
0.161
0.129
0.099
0.068
0.036
0.018
0.0
-0.012
-0.031
-0.052
-0.074
-0.086
-0.094
-0.1
-0.106
-0.111
-0.118
-0.124
-0.126
-0.126
-0.126
-0.127
-0.128
-0.128
-0.128
-0.128
-0.129
-0.13
-0.13
-0.13
-0.131
-0.132
-0.133
-0.134
-0.135
-0.137
-0.139
-0.141
-0.143
-0.144
-0.144
-0.143
-0.142
-0.139
-0.135
-0.132
-0.128
-0.125
-0.122
-0.118
-0.114
-0.11
-0.107
-0.105
-0.105
-0.105
-0.106
-0.107
-0.11
-0.112
-0.115
-0.117
-0.115
-0.11
-0.108
-0.107
-0.106
-0.106
-0.106
-0.105
-0.104
-0.103
-0.102
-0.1
-0.098
-0.097
-0.096
-0.094
-0.092
-0.091
-0.089
-0.085
-0.081
-0.077
-0.074
-0.072
-0.07
-0.068
-0.067
-0.066
-0.065
-0.064
-0.064
-0.064
-0.065
-0.066
-0.068
-0.07
-0.072
-0.077
-0.078
-0.071
-0.06
-0.048
-0.043
-0.04
-0.038
-0.038
-0.041
-0.045
-0.051
-0.058
-0.061
-0.063
-0.064
-0.066
-0.067
-0.067
-0.064
-0.06
-0.052
-0.04
-0.034
-0.031
-0.029
-0.027
-0.025
-0.024
-0.022
-0.019
-0.017
-0.015
-0.014
-0.011
-0.009
-0.005
-0.002
0.0
0.0
-0.002
-0.005
-0.009
-0.017
-0.027
-0.033
-0.036
-0.037
-0.035
-0.031
-0.024
-0.013
0.006
0.029
0.035
0.039
0.042
0.045
0.047
0.049
0.051
0.053
0.055
0.058
0.061
0.064
0.069
0.076
0.075
0.065
0.057
0.049
0.043
0.04
0.036
0.03
0.019
0.011
0.006
0.003
0.001
0.001
0.003
0.008
0.016
0.041
0.079
0.133
0.202
0.289
0.397
0.519
0.643
0.755
0.84
0.871
0.815
0.67
0.457
0.214
0.001
-0.131
-0.169
-0.168
-0.126
-0.07
-0.044
-0.034
-0.035
-0.042
-0.047
-0.051
-0.053
-0.054
-0.052
-0.047
-0.041
-0.031
-0.019
-0.016
-0.012
-0.009
-0.01
-0.019
-0.024
-0.028
-0.032
-0.035
-0.036
-0.037
-0.037
-0.037
-0.035
-0.033
-0.03
-0.027
-0.024
-0.02
-0.014
-0.008
0.003
0.021
0.029
0.034
0.037
0.04
0.041
0.042
0.041
0.041
0.04
0.039
0.039
0.038
0.037
0.038
0.037
0.036
0.035
0.035
0.038
0.042
0.046
0.049
0.053
0.057
0.061
0.064
0.066
0.067
0.068
0.068
0.068
0.068
0.067
0.068
0.069
0.067
0.056
0.048
0.042
0.036
0.031
0.026
0.021
0.016
0.012
0.008
0.005
0.001
-0.002
-0.005
-0.01
-0.016
-0.02
-0.017
-0.009
0.002
0.016
0.04
0.071
0.102
0.131
0.162
0.196
0.205
0.208
0.2
0.152
0.076
-0.021
-0.132
-0.248
-0.362
-0.464
-0.544
-0.588
-0.604
-0.605
-0.594
-0.562
-0.509
-0.445
-0.39
-0.362
-0.351
-0.343
-0.324
-0.293
-0.257
-0.219
-0.18
-0.142
-0.11
-0.085
-0.058
-0.03
-0.004
0.01
0.02
0.026
0.03
0.035
0.04
0.045
0.05
0.056
0.063
0.07
0.076
0.081
0.086
0.091
0.096
0.101
0.107
0.12
0.138
0.149
0.158
0.165
0.183
0.21
0.227
0.238
0.244
0.251
0.258
0.266
0.275
0.288
0.299
0.306
0.311
0.315
0.317
0.317
0.315
0.311
0.306
0.3
0.29
0.281
0.27
0.256
0.241
0.228
0.215
0.2
0.182
0.166
0.14
0.113
0.083
0.066
0.049
0.031
0.012
-0.006
-0.024
-0.041
-0.056
-0.071
-0.086
-0.101
-0.111
-0.117
-0.121
-0.121
-0.121
-0.119
-0.118
-0.116
-0.118
-0.127
-0.132
-0.135
-0.138
-0.14
-0.142
-0.143
-0.144
-0.145
-0.145
-0.145
-0.144
-0.144
-0.143
-0.142
-0.141
-0.14
-0.139
-0.137
-0.136
-0.134
-0.133
-0.132
-0.131
-0.13
-0.129
-0.129
-0.129
-0.129
-0.13
-0.132
-0.134
-0.136
-0.138
-0.143
-0.145
-0.142
-0.135
-0.131
-0.126
-0.122
-0.12
-0.121
-0.122
-0.124
-0.125
-0.126
-0.127
-0.129
-0.131
-0.132
-0.131
-0.128
-0.124
-0.121
-0.118
-0.114
-0.11
-0.107
-0.104
-0.103
-0.101
-0.101
-0.099
-0.098
-0.096
-0.096
-0.096
-0.097
-0.098
-0.098
-0.099
-0.099
-0.1
-0.103
-0.105
-0.105
-0.101
-0.097
-0.095
-0.094
-0.093
-0.093
-0.092
-0.091
-0.089
-0.088
-0.087
-0.085
-0.084
-0.083
-0.082
-0.081
-0.079
-0.078
-0.075
-0.071
-0.06
-0.051
-0.043
-0.036
-0.029
-0.022
-0.016
-0.011
-0.006
0.0
0.005
0.01
0.015
0.02
0.021
0.02
0.016
0.012
0.009
0.006
0.002
-0.001
-0.005
-0.009
-0.012
-0.015
-0.019
-0.022
-0.025
-0.026
-0.026
-0.024
-0.021
-0.018
-0.014
-0.009
-0.001
0.003
0.007
0.009
0.011
0.012
0.013
0.013
0.012
0.008
0.002
-0.007
-0.023
-0.034
-0.043
-0.05
-0.054
-0.056
-0.059
-0.06
-0.061
-0.062
-0.062
-0.061
-0.059
-0.055
-0.051
-0.037
-0.001
0.056
0.141
0.253
0.382
0.518
0.644
0.742
0.776
0.768
0.687
0.525
0.315
0.106
-0.06
-0.16
-0.185
-0.163
-0.127
-0.099
-0.091
-0.087
-0.086
-0.086
-0.086
-0.086
-0.085
-0.087
-0.095
-0.099
-0.103
-0.106
-0.108
-0.11
-0.11
-0.109
-0.108
-0.106
-0.103
-0.101
-0.099
-0.098
-0.095
-0.093
-0.091
-0.09
-0.088
-0.087
-0.086
-0.085
-0.083
-0.078
-0.07
-0.059
-0.045
-0.03
-0.018
-0.013
-0.01
-0.008
-0.006
-0.005
-0.005
-0.005
-0.005
-0.006
-0.007
-0.008
-0.009
-0.01
-0.011
-0.013
-0.014
-0.014
-0.012
-0.009
-0.005
0.002
0.014
0.021
0.025
0.03
0.037
0.044
0.048
0.053
0.057
0.06
0.061
0.06
0.059
0.056
0.053
0.046
0.036
0.032
0.03
0.027
0.025
0.024
0.024
0.024
0.024
0.026
0.028
0.031
0.034
0.039
0.047
0.055
0.065
0.08
0.1
0.131
0.167
0.209
0.249
0.286
0.296
0.298
0.29
0.242
0.173
0.081
-0.028
-0.149
-0.268
-0.373
-0.464
-0.535
-0.586
-0.607
-0.614
-0.597
-0.545
-0.473
-0.394
-0.321
-0.273
-0.253
-0.243
-0.234
-0.225
-0.201
-0.154
-0.091
-0.03
0.021
0.059
0.08
0.094
0.105
0.116
0.127
0.138
0.152
0.161
0.167
0.172
0.177
0.181
0.184
0.188
0.197
0.213
0.225
0.232
0.238
0.245
0.25
0.255
0.259
0.263
0.268
0.273
0.277
0.282
0.293
0.309
0.32
0.329
0.34
0.354
0.369
0.377
0.382
0.386
0.388
0.389
0.388
0.385
0.379
0.372
0.359
0.337
0.318
0.299
0.28
0.258
0.234
0.212
0.191
0.174
0.161
0.147
0.134
0.117
0.095
0.076
0.048
0.016
-0.017
-0.047
-0.065
-0.081
-0.092
-0.101
-0.107
-0.111
-0.114
-0.117
-0.12
-0.123
-0.125
-0.127
-0.128
-0.13
-0.131
-0.133
-0.134
-0.135
-0.136
-0.137
-0.137
-0.138
-0.137
-0.135
-0.133
-0.131
-0.129
-0.127
-0.125
-0.124
-0.122
-0.121
-0.12
-0.119
-0.118
-0.117
-0.116
-0.115
-0.113
-0.112
-0.111
-0.109
-0.108
-0.106
-0.105
-0.104
-0.103
-0.102
-0.101
-0.1
-0.098
-0.097
-0.096
-0.095
-0.094
-0.093
-0.092
-0.091
-0.091
-0.09
-0.089
-0.089
-0.089
-0.088
-0.088
-0.087
-0.087
-0.086
-0.086
-0.086
-0.087
-0.087
-0.087
-0.087
-0.087
-0.087
-0.087
-0.086
-0.086
-0.085
-0.084
-0.084
-0.084
-0.083
-0.083
-0.082
-0.082
-0.082
-0.081
-0.08
-0.078
-0.075
-0.073
-0.074
-0.076
-0.078
-0.079
-0.08
-0.082
-0.083
-0.081
-0.078
-0.072
-0.066
-0.057
-0.05
-0.047
-0.046
-0.045
-0.044
-0.043
-0.042
-0.042
-0.042
-0.042
-0.041
-0.04
-0.039
-0.039
-0.038
-0.038
-0.038
-0.038
-0.038
-0.038
-0.038
-0.037
-0.037
-0.034
-0.032
-0.031
-0.031
-0.034
-0.037
-0.039
-0.041
-0.043
-0.045
-0.045
-0.043
-0.04
-0.036
-0.03
-0.02
-0.011
-0.003
0.005
0.014
0.026
0.042
0.06
0.075
0.084
0.089
0.091
0.089
0.083
0.073
0.061
0.043
0.02
-0.004
-0.021
-0.03
-0.036
-0.04
-0.042
-0.043
-0.042
-0.04
-0.036
-0.023
0.0
0.03
0.073
0.134
0.219
0.332
0.467
0.606
0.733
0.833
0.881
0.876
0.799
0.63
0.405
0.174
-0.01
-0.116
-0.146
-0.123
-0.09
-0.079
-0.091
-0.112
-0.124
-0.127
-0.13
-0.123
-0.118
-0.116
-0.114
-0.113
-0.112
-0.11
-0.109
-0.107
-0.105
-0.103
-0.101
-0.098
-0.096
-0.095
-0.093
-0.092
-0.09
-0.088
-0.084
-0.079
-0.071
-0.064
-0.061
-0.059
-0.057
-0.055
-0.053
-0.051
-0.049
-0.047
-0.044
-0.039
-0.031
-0.023
-0.012
-0.002
0.002
0.006
0.012
0.02
0.026
0.032
0.036
0.036
0.034
0.032
0.03
0.029
0.027
0.025
0.026
0.028
0.033
0.038
0.046
0.057
0.057
0.057
0.057
0.058
0.058
0.058
0.058
0.057
0.055
0.052
0.049
0.045
0.042
0.038
0.034
0.03
0.025
0.02
0.016
0.012
0.007
0.004
0.002
0.003
0.005
0.009
0.013
0.021
0.037
0.056
0.075
0.108
0.143
0.181
0.219
0.254
0.282
0.291
0.281
0.252
0.183
0.082
-0.044
-0.186
-0.33
-0.463
-0.574
-0.652
-0.69
-0.703
-0.696
-0.675
-0.633
-0.578
-0.51
-0.436
-0.374
-0.351
-0.344
-0.347
-0.353
-0.347
-0.304
-0.242
-0.167
-0.091
-0.028
0.016
0.047
0.062
0.073
0.082
0.092
0.099
0.104
0.109
0.114
0.12
0.125
0.132
0.14
0.148
0.158
0.17
0.181
0.193
0.204
0.214
0.226
0.244
0.257
0.265
0.272
0.278
0.289
0.304
0.32
0.335
0.345
0.351
0.358
0.365
0.375
0.39
0.407
0.425
0.436
0.443
0.447
0.45
0.45
0.447
0.443
0.436
0.426
0.406
0.372
0.339
0.308
0.278
0.249
0.215
0.178
0.146
0.119
0.089
0.071
0.055
0.043
0.031
0.014
-0.003
-0.028
-0.058
-0.077
-0.093
-0.105
-0.118
-0.126
-0.131
-0.135
-0.139
-0.142
-0.145
-0.147
-0.15
-0.154
-0.16
-0.169
-0.172
-0.174
-0.175
-0.176
-0.177
-0.177
-0.176
-0.175
-0.174
-0.172
-0.168
-0.163
-0.166
-0.168
-0.17
-0.172
-0.172
-0.17
-0.166
-0.162
-0.159
-0.157
-0.154
-0.151
-0.148
-0.146
-0.144
-0.142
-0.138
-0.133
-0.138
-0.141
-0.144
-0.145
-0.148
-0.151
-0.154
-0.158
-0.163
-0.166
-0.161
-0.153
-0.147
-0.142
-0.139
-0.136
-0.135
-0.134
-0.132
-0.131
-0.129
-0.128
-0.127
-0.126
-0.125
-0.124
-0.122
-0.12
-0.117
-0.115
-0.113
-0.112
-0.11
-0.109
-0.107
-0.106
-0.106
-0.106
-0.107
-0.108
-0.109
-0.11
-0.111
-0.111
-0.112
-0.113
-0.113
-0.114
-0.114
-0.114
-0.113
-0.111
-0.108
-0.105
-0.102
-0.099
-0.095
-0.09
-0.086
-0.084
-0.082
-0.08
-0.078
-0.075
-0.072
-0.071
-0.074
-0.081
-0.088
-0.093
-0.098
-0.103
-0.108
-0.11
-0.109
-0.107
-0.103
-0.1
-0.096
-0.092
-0.087
-0.082
-0.079
-0.075
-0.072
-0.068
-0.065
-0.063
-0.063
-0.064
-0.068
-0.072
-0.08
-0.089
-0.095
-0.099
-0.092
-0.08
-0.067
-0.056
-0.044
-0.019
0.002
0.013
0.018
0.021
0.023
0.025
0.024
0.022
0.018
0.012
0.001
-0.013
-0.025
-0.04
-0.057
-0.076
-0.088
-0.095
-0.1
-0.102
-0.101
-0.099
-0.096
-0.087
-0.063
-0.027
0.025
0.102
0.206
0.336
0.481
0.628
0.756
0.848
0.878
0.829
0.7
0.509
0.291
0.086
-0.075
-0.171
-0.194
-0.192
-0.159
-0.132
-0.121
-0.12
-0.123
-0.126
-0.13
-0.129
-0.122
-0.11
-0.097
-0.089
-0.084
-0.082
-0.086
-0.092
-0.098
-0.103
-0.107
-0.107
-0.104
-0.098
-0.093
-0.088
-0.084
-0.08
-0.077
-0.074
-0.071
-0.069
-0.065
-0.062
-0.058
-0.053
-0.045
-0.031
-0.021
-0.014
-0.011
-0.008
-0.007
-0.005
-0.004
-0.003
-0.002
-0.001
0.0
0.0
0.001
0.002
0.004
0.007
0.013
0.023
0.028
0.033
0.032
0.026
0.022
0.018
0.016
0.014
0.015
0.017
0.021
0.025
0.03
0.037
0.042
0.047
0.052
0.056
0.057
0.053
0.046
0.038
0.03
0.024
0.019
0.011
0.0
-0.007
-0.01
-0.013
-0.015
-0.016
-0.017
-0.017
-0.016
-0.014
-0.012
-0.008
-0.003
0.005
0.021
0.043
0.072
0.108
0.15
0.193
0.232
0.253
0.253
0.228
0.16
0.051
-0.089
-0.244
-0.393
-0.517
-0.601
-0.635
-0.646
-0.641
-0.624
-0.592
-0.558
-0.519
-0.471
-0.422
-0.377
-0.349
-0.338
-0.33
-0.313
-0.285
-0.248
-0.206
-0.163
-0.12
-0.08
-0.044
-0.008
0.02
0.038
0.056
0.073
0.082
0.087
0.09
0.092
0.096
0.099
0.103
0.107
0.113
0.121
0.129
0.136
0.142
0.147
0.153
0.158
0.164
0.175
0.192
0.205
0.215
0.225
0.246
0.274
0.303
0.318
0.329
0.336
0.34
0.341
0.342
0.343
0.344
0.345
0.345
0.346
0.345
0.343
0.339
0.334
0.326
0.308
0.286
0.264
0.241
0.22
0.2
0.179
0.156
0.136
0.118
0.1
0.085
0.067
0.048
0.028
0.006
-0.011
-0.027
-0.041
-0.052
-0.06
-0.068
-0.077
-0.086
-0.095
-0.102
-0.107
-0.111
-0.114
-0.116
-0.119
-0.122
-0.125
-0.125
-0.123
-0.121
-0.12
-0.12
-0.12
-0.119
-0.118
-0.117
-0.116
-0.115
-0.114
-0.112
-0.111
-0.109
-0.107
-0.106
-0.104
-0.102
-0.099
-0.096
-0.093
-0.091
-0.089
-0.087
-0.084
-0.082
-0.081
-0.079
-0.078
-0.078
-0.077
-0.076
-0.075
-0.073
-0.071
-0.069
-0.068
-0.066
-0.064
-0.062
-0.06
-0.057
-0.054
-0.051
-0.047
-0.045
-0.044
-0.043
-0.042
-0.041
-0.04
-0.039
-0.038
-0.037
-0.036
-0.035
-0.033
-0.031
-0.028
-0.025
-0.022
-0.019
-0.016
-0.013
-0.01
-0.008
-0.007
-0.008
-0.01
-0.013
-0.017
-0.02
-0.023
-0.027
-0.031
-0.035
-0.037
-0.037
-0.035
-0.032
-0.029
-0.024
-0.015
0.0
0.01
0.015
0.018
0.021
0.021
0.02
0.018
0.013
0.007
-0.003
-0.021
-0.03
-0.036
-0.039
-0.042
-0.042
-0.04
-0.035
-0.031
-0.027
-0.022
-0.018
-0.015
-0.013
-0.011
-0.01
-0.008
-0.007
-0.006
-0.005
-0.004
-0.004
-0.004
-0.005
-0.006
-0.007
-0.008
-0.01
-0.011
-0.013
-0.016
-0.018
-0.02
-0.019
-0.017
-0.014
-0.009
-0.003
0.005
0.016
0.027
0.038
0.042
0.046
0.05
0.05
0.043
0.033
0.019
0.005
-0.009
-0.023
-0.032
-0.038
-0.042
-0.045
-0.047
-0.048
-0.047
-0.044
-0.038
-0.021
0.012
0.069
0.151
0.261
0.393
0.532
0.663
0.772
0.829
0.827
0.761
0.598
0.38
0.157
-0.031
-0.146
-0.172
-0.171
-0.141
-0.111
-0.097
-0.084
-0.071
-0.063
-0.057
-0.054
-0.056
-0.061
-0.071
-0.081
-0.086
-0.09
-0.089
-0.079
-0.073
-0.068
-0.064
-0.061
-0.06
-0.061
-0.061
-0.062
-0.064
-0.065
-0.068
-0.07
-0.067
-0.058
-0.047
-0.035
-0.03
-0.027
-0.025
-0.023
-0.019
-0.013
-0.007
-0.002
0.002
0.005
0.008
0.011
0.014
0.017
0.02
0.022
0.025
0.027
0.028
0.03
0.031
0.032
0.033
0.035
0.039
