-0.089
-0.11
-0.137
-0.173
-0.196
-0.208
-0.218
-0.227
-0.235
-0.243
-0.251
-0.262
-0.27
-0.27
-0.265
-0.257
-0.236
-0.191
-0.116
-0.021
0.077
0.167
0.23
0.252
0.252
0.232
0.179
0.101
0.011
-0.087
-0.184
-0.266
-0.327
-0.34
-0.342
-0.343
-0.344
-0.344
-0.345
-0.345
-0.345
-0.345
-0.345
-0.344
-0.343
-0.342
-0.341
-0.341
-0.341
-0.341
-0.341
-0.34
-0.338
-0.337
-0.336
-0.334
-0.332
-0.33
-0.328
-0.326
-0.323
-0.321
-0.319
-0.316
-0.313
-0.31
-0.306
-0.302
-0.299
-0.294
-0.289
-0.284
-0.277
-0.267
-0.256
-0.247
-0.236
-0.222
-0.204
-0.187
-0.17
-0.154
-0.138
-0.116
-0.09
-0.065
-0.041
-0.017
0.007
0.029
0.046
0.064
0.083
0.102
0.119
0.131
0.14
0.15
0.161
0.172
0.185
0.2
0.213
0.224
0.237
0.253
0.274
0.287
0.295
0.302
0.308
0.31
0.31
0.308
0.303
0.297
0.29
0.279
0.26
0.243
0.22
0.192
0.166
0.14
0.119
0.102
0.082
0.064
0.05
0.035
0.02
0.005
-0.007
-0.017
-0.023
-0.028
-0.031
-0.033
-0.035
-0.036
-0.037
-0.038
-0.038
-0.037
-0.034
-0.03
-0.026
-0.023
-0.02
-0.017
-0.016
-0.014
-0.012
-0.01
-0.009
-0.007
-0.005
-0.003
-0.002
0.0
0.0
0.0
0.001
0.0
0.0
-0.001
-0.002
-0.003
-0.004
-0.005
-0.005
-0.005
-0.004
-0.003
-0.001
0.0
0.0
0.001
0.001
0.002
0.003
0.004
0.004
0.003
0.002
0.001
0.0
-0.001
-0.004
-0.007
-0.01
-0.013
-0.016
-0.018
-0.021
-0.023
-0.026
-0.029
-0.032
-0.036
-0.039
-0.043
-0.047
-0.05
-0.052
-0.054
-0.057
-0.059
-0.061
-0.063
-0.065
-0.067
-0.068
-0.07
-0.072
-0.074
-0.076
-0.077
-0.078
-0.078
-0.078
-0.079
-0.079
-0.08
-0.081
-0.081
-0.081
-0.08
-0.078
-0.077
-0.075
-0.074
-0.072
-0.071
-0.07
-0.069
-0.068
-0.069
-0.071
-0.073
-0.074
-0.075
-0.076
-0.077
-0.078
-0.079
-0.079
-0.08
-0.082
-0.091
-0.089
-0.072
-0.059
-0.047
-0.039
-0.035
-0.032
-0.031
-0.03
-0.028
-0.027
-0.026
-0.026
-0.025
-0.024
-0.023
-0.023
-0.023
-0.023
-0.023
-0.025
-0.027
-0.029
-0.032
-0.035
-0.038
-0.041
-0.045
-0.048
-0.051
-0.053
-0.056
-0.059
-0.062
-0.067
-0.071
-0.076
-0.079
-0.082
-0.083
-0.084
-0.084
-0.085
-0.085
-0.085
-0.085
-0.085
-0.085
-0.084
-0.081
-0.062
-0.012
0.056
0.142
0.24
0.337
0.421
0.474
0.492
0.49
0.465
0.398
0.309
0.209
0.112
0.027
-0.039
-0.066
-0.07
-0.075
-0.078
-0.081
-0.083
-0.085
-0.086
-0.088
-0.089
-0.091
-0.091
-0.09
-0.089
-0.088
-0.088
-0.088
-0.088
-0.087
-0.087
-0.086
-0.086
-0.086
-0.085
-0.085
-0.085
-0.084
-0.084
-0.084
-0.084
-0.084
-0.083
-0.082
-0.08
-0.079
-0.078
-0.077
-0.076
-0.075
-0.074
-0.073
-0.073
-0.072
-0.072
-0.07
-0.068
-0.065
-0.063
-0.06
-0.056
-0.053
-0.049
-0.045
-0.041
-0.037
-0.032
-0.024
-0.012
0.0
0.008
0.017
0.026
0.035
0.045
0.053
0.061
0.071
0.085
0.101
0.115
0.126
0.139
0.152
0.167
0.185
0.206
0.218
0.226
0.233
0.238
0.24
0.241
0.238
0.234
0.227
0.218
0.201
0.171
0.144
0.117
0.091
0.061
0.031
0.008
-0.009
-0.028
-0.046
-0.065
-0.078
-0.089
-0.097
-0.102
-0.106
-0.108
-0.11
-0.112
-0.113
-0.114
-0.114
-0.115
-0.116
-0.116
-0.116
-0.115
-0.114
-0.112
-0.11
-0.108
-0.107
-0.105
-0.103
-0.101
-0.099
-0.097
-0.096
-0.094
-0.092
-0.09
-0.089
-0.088
-0.087
-0.086
-0.085
-0.084
-0.083
-0.083
-0.083
-0.083
-0.082
-0.08
-0.079
-0.077
-0.076
-0.075
-0.073
-0.072
-0.072
-0.071
-0.071
-0.071
-0.07
-0.069
-0.069
-0.069
-0.07
-0.069
-0.069
-0.069
-0.068
-0.068
-0.067
-0.067
-0.066
-0.065
-0.064
-0.063
-0.063
-0.063
-0.062
-0.062
-0.063
-0.063
-0.063
-0.062
-0.06
-0.058
-0.056
-0.054
-0.053
-0.052
-0.051
-0.05
-0.05
-0.05
-0.05
-0.049
-0.046
-0.043
-0.04
-0.036
-0.031
-0.027
-0.022
-0.017
-0.013
-0.009
-0.006
-0.002
0.003
0.009
0.016
0.023
0.028
0.032
0.035
0.038
0.04
0.041
0.042
0.042
0.041
0.041
0.042
0.042
0.043
0.043
0.043
0.044
0.044
0.045
0.046
0.047
0.048
0.049
0.051
0.053
0.056
0.059
0.064
0.073
0.084
0.095
0.106
0.113
0.118
0.123
0.128
0.132
0.136
0.139
0.142
0.145
0.147
0.15
0.152
0.154
0.157
0.159
0.161
0.163
0.165
0.167
0.167
0.165
0.161
0.156
0.15
0.144
0.136
0.123
0.112
0.103
0.096
0.09
0.085
0.081
0.077
0.074
0.071
0.069
0.067
0.065
0.063
0.06
0.057
0.053
0.048
0.046
0.049
0.057
0.066
0.073
0.08
0.088
0.096
0.102
0.108
0.116
0.143
0.189
0.257
0.351
0.473
0.614
0.754
0.87
0.908
0.897
0.801
0.644
0.473
0.32
0.211
0.15
0.128
0.115
0.108
0.102
0.098
0.095
0.09
0.084
0.078
0.071
0.065
0.063
0.06
0.058
0.056
0.054
0.052
0.051
0.049
0.046
0.045
0.043
0.042
0.041
0.039
0.038
0.038
0.037
0.037
0.038
0.038
0.039
0.04
0.041
0.042
0.042
0.042
0.042
0.042
0.042
0.042
0.043
0.043
0.044
0.046
0.049
0.051
0.053
0.056
0.058
0.059
0.06
0.061
0.063
0.064
0.067
0.07
0.074
0.079
0.084
0.089
0.093
0.097
0.101
0.105
0.111
0.121
0.139
0.156
0.179
0.208
0.228
0.239
0.248
0.257
0.265
0.27
0.274
0.278
0.282
0.284
0.285
0.284
0.281
0.276
0.269
0.259
0.24
0.21
0.187
0.161
0.132
0.102
0.069
0.04
0.018
0.0
-0.018
-0.031
-0.039
-0.046
-0.051
-0.057
-0.062
-0.067
-0.07
-0.072
-0.073
-0.075
-0.076
-0.078
-0.078
-0.079
-0.079
-0.08
-0.08
-0.08
-0.08
-0.08
-0.081
-0.081
-0.08
-0.08
-0.079
-0.077
-0.075
-0.073
-0.071
-0.069
-0.068
-0.067
-0.066
-0.065
-0.065
-0.065
-0.066
-0.067
-0.067
-0.067
-0.066
-0.066
-0.065
-0.065
-0.065
-0.065
-0.066
-0.067
-0.069
-0.071
-0.073
-0.075
-0.076
-0.078
-0.079
-0.08
-0.08
-0.08
-0.079
-0.079
-0.078
-0.078
-0.078
-0.077
-0.076
-0.074
-0.071
-0.069
-0.066
-0.064
-0.062
-0.06
-0.058
-0.057
-0.056
-0.055
-0.054
-0.053
-0.052
-0.05
-0.049
-0.048
-0.047
-0.047
-0.047
-0.049
-0.051
-0.053
-0.057
-0.061
-0.064
-0.068
-0.07
-0.072
-0.073
-0.075
-0.076
-0.077
-0.077
-0.078
-0.078
-0.079
-0.08
-0.081
-0.082
-0.083
-0.083
-0.083
-0.083
-0.084
-0.084
-0.085
-0.085
-0.086
-0.087
-0.088
-0.089
-0.09
-0.09
-0.09
-0.09
-0.09
-0.09
-0.089
-0.088
-0.087
-0.086
-0.085
-0.084
-0.083
-0.081
-0.079
-0.077
-0.075
-0.073
-0.071
-0.068
-0.065
-0.062
-0.059
-0.057
-0.054
-0.05
-0.045
-0.039
-0.033
-0.027
-0.022
-0.019
-0.015
-0.012
-0.009
-0.006
-0.004
-0.002
0.0
0.002
0.004
0.006
0.007
0.007
0.006
0.004
0.003
0.0
-0.001
-0.002
-0.003
-0.003
-0.004
-0.004
-0.005
-0.007
-0.008
-0.01
-0.012
-0.014
-0.016
-0.018
-0.02
-0.022
-0.024
-0.027
-0.03
-0.033
-0.036
-0.041
-0.046
-0.052
-0.056
-0.058
-0.059
-0.057
-0.054
-0.049
-0.042
-0.028
0.002
0.063
0.147
0.254
0.381
0.521
0.651
0.742
0.755
0.725
0.593
0.41
0.22
0.064
-0.018
-0.048
-0.052
-0.047
-0.044
-0.042
-0.041
-0.041
-0.042
-0.045
-0.048
-0.051
-0.052
-0.052
-0.053
-0.055
-0.057
-0.059
-0.06
-0.06
-0.06
-0.06
-0.059
-0.058
-0.056
-0.055
-0.054
-0.053
-0.051
-0.049
-0.047
-0.044
-0.042
-0.04
-0.037
-0.035
-0.032
-0.029
-0.027
-0.025
-0.024
-0.023
-0.021
-0.019
-0.017
-0.015
-0.013
-0.01
-0.007
-0.004
0.0
0.004
0.009
0.014
0.02
0.027
0.033
0.041
0.049
0.055
0.061
0.066
0.071
0.08
0.09
0.102
0.113
0.127
0.143
0.163
0.184
0.204
0.22
0.231
0.239
0.246
0.254
0.263
0.271
0.278
0.285
0.292
0.297
0.299
0.297
0.294
0.289
0.282
0.269
0.242
0.212
0.184
0.16
0.133
0.103
0.075
0.048
0.024
0.008
-0.004
-0.016
-0.028
-0.038
-0.042
-0.044
-0.046
-0.047
-0.048
-0.049
-0.049
-0.049
-0.049
-0.048
-0.047
-0.046
-0.044
-0.042
-0.041
-0.04
-0.04
-0.04
-0.039
-0.04
-0.04
-0.041
-0.042
-0.042
-0.042
-0.04
-0.037
-0.035
-0.034
-0.032
-0.031
-0.029
-0.028
-0.027
-0.026
-0.025
-0.025
-0.024
-0.024
-0.024
-0.024
-0.024
-0.025
-0.025
-0.026
-0.027
-0.028
-0.03
-0.031
-0.033
-0.034
-0.035
-0.035
-0.036
-0.037
-0.038
-0.039
-0.04
-0.04
-0.04
-0.041
-0.042
-0.043
-0.044
-0.045
-0.045
-0.044
-0.044
-0.043
-0.043
-0.042
-0.042
-0.041
-0.04
-0.039
-0.038
-0.037
-0.037
-0.037
-0.037
-0.037
-0.038
-0.039
-0.04
-0.041
-0.042
-0.043
-0.044
-0.045
-0.046
-0.046
-0.046
-0.047
-0.047
-0.047
-0.048
-0.049
-0.05
-0.051
-0.053
-0.054
-0.055
-0.056
-0.057
-0.057
-0.057
-0.057
-0.056
-0.056
-0.055
-0.055
-0.054
-0.053
-0.053
-0.052
-0.051
-0.049
-0.048
-0.045
-0.043
-0.041
-0.039
-0.037
-0.033
-0.028
-0.024
-0.021
-0.019
-0.017
-0.014
-0.01
-0.007
-0.009
-0.011
-0.013
-0.014
-0.016
-0.018
-0.019
-0.019
-0.02
-0.021
-0.021
-0.021
-0.02
-0.019
-0.016
-0.013
-0.009
-0.007
-0.004
-0.001
0.003
0.008
0.012
0.015
0.019
0.021
0.024
0.026
0.029
0.032
0.033
0.035
0.035
0.035
0.035
0.034
0.031
0.027
0.022
0.017
0.012
0.007
0.003
0.0
-0.002
-0.005
-0.008
-0.011
-0.014
-0.017
-0.019
-0.021
-0.023
-0.025
-0.026
-0.027
-0.027
-0.027
-0.026
-0.026
-0.026
-0.026
-0.026
-0.026
-0.028
-0.031
-0.032
-0.029
-0.019
0.006
0.055
0.137
0.255
0.399
0.551
0.689
0.776
0.785
0.741
0.597
0.405
0.215
0.067
-0.023
-0.039
-0.045
-0.033
-0.02
-0.008
-0.01
-0.024
-0.032
-0.038
-0.043
-0.047
-0.051
-0.054
-0.057
-0.06
-0.063
-0.066
-0.068
-0.07
-0.071
-0.073
-0.074
-0.076
-0.078
-0.079
-0.081
-0.081
-0.082
-0.082
-0.082
-0.081
-0.079
-0.076
-0.073
-0.069
-0.065
-0.061
-0.057
-0.053
-0.048
-0.042
-0.037
-0.034
-0.031
-0.029
-0.027
-0.025
-0.023
-0.021
-0.019
-0.018
-0.017
-0.015
-0.013
-0.011
-0.009
-0.006
-0.003
0.001
0.011
0.035
0.053
0.064
0.073
0.081
0.092
0.113
0.131
0.143
0.152
0.16
0.168
0.176
0.184
0.193
0.204
0.216
0.229
0.241
0.254
0.264
0.272
0.278
0.283
0.282
0.277
0.269
0.255
0.233
0.211
0.188
0.163
0.136
0.107
0.079
0.056
0.039
0.023
0.012
0.004
-0.002
-0.007
-0.012
-0.016
-0.018
-0.019
-0.02
-0.021
-0.022
-0.023
-0.024
-0.025
-0.026
-0.026
-0.026
-0.026
-0.025
-0.024
-0.023
-0.022
-0.02
-0.019
-0.018
-0.017
-0.016
-0.015
-0.015
-0.014
-0.014
-0.013
-0.013
-0.012
-0.012
-0.012
-0.013
-0.013
-0.014
-0.015
-0.016
-0.017
-0.018
-0.018
-0.018
-0.018
-0.018
-0.017
-0.017
-0.017
-0.017
-0.017
-0.017
-0.018
-0.018
-0.019
-0.019
-0.019
-0.018
-0.018
-0.017
-0.016
-0.015
-0.014
-0.013
-0.012
-0.012
-0.012
-0.012
-0.012
-0.013
-0.013
-0.014
-0.015
-0.015
-0.015
-0.015
-0.014
-0.014
-0.013
-0.012
-0.012
-0.011
-0.011
-0.011
-0.011
-0.01
-0.01
-0.009
-0.009
-0.009
-0.009
-0.009
-0.009
-0.009
-0.009
-0.009
-0.009
-0.01
-0.01
-0.01
-0.011
-0.011
-0.011
-0.012
-0.013
-0.014
-0.015
-0.016
-0.018
-0.02
-0.022
-0.023
-0.024
-0.024
-0.025
-0.025
-0.025
-0.025
-0.025
-0.025
-0.026
-0.028
-0.03
-0.032
-0.034
-0.036
-0.037
-0.038
-0.039
-0.04
-0.04
-0.04
-0.041
-0.041
-0.043
-0.045
-0.047
-0.049
-0.05
-0.051
-0.052
-0.052
-0.052
-0.05
-0.047
-0.043
-0.039
-0.036
-0.032
-0.029
-0.027
-0.025
-0.023
-0.021
-0.019
-0.017
-0.014
-0.012
-0.009
-0.008
-0.006
-0.006
-0.006
-0.006
-0.008
-0.01
-0.013
-0.016
-0.019
-0.022
-0.025
-0.027
-0.03
-0.032
-0.033
-0.035
-0.036
-0.038
-0.039
-0.041
-0.042
-0.044
-0.046
-0.047
-0.049
-0.051
-0.052
-0.052
-0.052
-0.052
-0.052
-0.053
-0.053
-0.054
-0.056
-0.057
-0.061
-0.069
-0.058
-0.024
0.037
0.127
0.241
0.376
0.52
0.649
0.726
0.733
0.687
0.554
0.38
0.209
0.075
0.012
-0.004
-0.015
-0.022
-0.026
-0.029
-0.032
-0.034
-0.035
-0.036
-0.036
-0.037
-0.036
-0.035
-0.035
-0.036
-0.037
-0.039
-0.04
-0.041
-0.042
-0.043
-0.044
-0.044
-0.044
-0.043
-0.041
-0.04
-0.038
-0.035
-0.032
-0.028
-0.025
-0.022
-0.02
-0.017
-0.01
-0.003
0.0
0.0
0.0
0.0
0.0
0.0
0.001
0.002
0.002
0.002
0.002
0.001
0.002
0.004
0.006
0.009
0.012
0.016
0.02
0.027
0.036
0.046
0.057
0.066
0.075
0.083
0.09
0.095
0.1
0.107
0.115
0.124
0.134
0.145
0.158
0.17
0.186
0.208
0.226
0.24
0.249
0.254
0.258
0.261
0.264
0.264
0.263
0.259
0.252
0.244
0.227
0.203
0.183
0.162
0.141
0.119
0.096
0.072
0.049
0.025
0.006
-0.007
-0.02
-0.032
-0.045
-0.059
-0.066
-0.07
-0.073
-0.076
-0.078
-0.079
-0.08
-0.079
-0.077
-0.075
-0.073
-0.072
-0.07
-0.069
-0.068
-0.066
-0.065
-0.063
-0.062
-0.061
-0.06
-0.059
-0.058
-0.057
-0.057
-0.056
-0.056
-0.056
-0.056
-0.056
-0.055
-0.054
-0.054
-0.053
-0.052
-0.052
-0.051
-0.05
-0.05
-0.049
-0.049
-0.048
-0.048
-0.047
-0.047
-0.047
-0.046
-0.046
-0.047
-0.047
-0.047
-0.048
-0.049
-0.05
-0.051
-0.053
-0.054
-0.054
-0.054
-0.053
-0.053
-0.052
-0.052
-0.052
-0.052
-0.051
-0.051
-0.052
-0.052
-0.053
-0.053
-0.053
-0.053
-0.052
-0.052
-0.051
-0.051
-0.05
-0.05
-0.05
-0.05
-0.051
-0.052
-0.054
-0.055
-0.057
-0.058
-0.059
-0.059
-0.059
-0.059
-0.059
-0.059
-0.059
-0.059
-0.061
-0.064
-0.067
-0.069
-0.069
-0.067
-0.064
-0.062
-0.061
-0.061
-0.06
-0.058
-0.057
-0.055
-0.055
-0.054
-0.055
-0.055
-0.054
-0.054
-0.054
-0.054
-0.054
-0.053
-0.052
-0.051
-0.049
-0.048
-0.047
-0.046
-0.045
-0.044
-0.042
-0.04
-0.039
-0.038
-0.037
-0.035
-0.033
-0.031
-0.029
-0.027
-0.025
-0.024
-0.022
-0.019
-0.017
-0.015
-0.013
-0.011
-0.009
-0.006
-0.004
-0.001
0.001
0.005
0.01
0.015
0.018
0.02
0.021
0.021
0.022
0.022
0.022
0.022
0.023
0.023
0.024
0.024
0.024
0.024
0.024
0.024
0.024
0.023
0.021
0.018
0.015
0.013
0.01
0.006
0.003
-0.002
-0.014
-0.025
-0.031
-0.036
-0.039
-0.042
-0.043
-0.042
-0.038
-0.034
-0.028
-0.023
-0.016
-0.008
-0.001
0.006
0.019
0.042
0.09
0.16
0.256
0.377
0.513
0.645
0.747
0.775
0.764
0.676
0.534
0.374
0.232
0.119
0.044
0.02
0.014
0.009
0.007
0.004
0.002
0.0
0.0
-0.001
-0.002
-0.003
-0.004
-0.005
-0.005
-0.005
-0.006
-0.008
-0.009
-0.01
-0.01
-0.01
-0.009
-0.007
-0.004
-0.001
0.0
0.003
0.005
0.007
0.009
0.01
0.011
0.011
0.012
0.013
0.014
0.015
0.017
0.018
0.02
0.022
0.024
0.026
0.027
0.028
0.029
0.03
0.031
0.033
0.036
0.039
0.044
0.05
0.056
0.061
0.067
0.072
0.078
0.086
0.093
0.099
0.104
0.112
0.122
0.135
0.146
0.154
0.162
0.171
0.179
0.189
0.201
0.211
0.221
0.238
0.259
0.275
0.287
0.299
0.307
0.314
0.318
0.318
0.311
0.3
0.282
0.256
0.233
0.213
0.193
0.172
0.148
0.123
0.098
0.074
0.056
0.042
0.026
0.009
-0.006
-0.018
-0.026
-0.031
-0.036
-0.041
-0.048
-0.055
-0.062
-0.067
-0.072
-0.076
-0.081
-0.084
-0.085
-0.084
-0.082
-0.079
-0.076
-0.072
-0.069
-0.068
-0.066
-0.065
-0.063
-0.062
-0.061
-0.06
-0.058
-0.057
-0.056
-0.056
-0.055
-0.055
-0.055
-0.055
-0.055
-0.055
-0.055
-0.055
-0.055
-0.055
-0.054
-0.054
-0.054
-0.054
-0.055
-0.055
-0.054
-0.054
-0.053
-0.053
-0.052
-0.052
-0.051
-0.05
-0.049
-0.048
-0.048
-0.048
-0.048
-0.047
-0.046
-0.045
-0.045
-0.044
-0.044
-0.043
-0.042
-0.042
-0.042
-0.042
-0.042
-0.043
-0.043
-0.043
-0.042
-0.042
-0.041
-0.04
-0.038
-0.037
-0.035
-0.034
-0.033
-0.032
-0.031
-0.031
-0.029
-0.027
-0.023
-0.019
-0.02
-0.027
-0.036
-0.042
-0.047
-0.053
-0.057
-0.06
-0.06
-0.058
-0.054
-0.051
-0.049
-0.048
-0.047
-0.045
-0.043
-0.042
-0.041
-0.04
-0.039
-0.038
-0.036
-0.035
-0.035
-0.035
-0.035
-0.036
-0.036
-0.036
-0.036
-0.036
-0.036
-0.035
-0.035
-0.034
-0.033
-0.032
-0.031
-0.03
-0.029
-0.029
-0.029
-0.028
-0.028
-0.028
-0.027
-0.027
-0.027
-0.026
-0.025
-0.023
-0.022
-0.022
-0.021
-0.02
-0.019
-0.018
-0.017
-0.017
-0.016
-0.015
-0.013
-0.01
-0.008
-0.005
-0.002
0.0
0.001
0.003
0.004
0.005
0.004
0.002
0.001
-0.001
-0.003
-0.006
-0.009
-0.011
-0.014
-0.016
-0.019
-0.022
-0.025
-0.029
-0.032
-0.036
-0.039
-0.042
-0.044
-0.047
-0.049
-0.05
-0.052
-0.053
-0.054
-0.055
-0.056
-0.057
-0.059
-0.062
-0.066
-0.068
-0.068
-0.065
-0.06
-0.051
-0.026
0.033
0.12
0.233
0.37
0.52
0.659
0.748
0.758
0.719
0.585
0.405
0.225
0.085
0.006
-0.024
-0.035
-0.041
-0.046
-0.052
-0.059
-0.065
-0.07
-0.075
-0.079
-0.082
-0.084
-0.086
-0.087
-0.087
-0.087
-0.087
-0.087
-0.086
-0.086
-0.087
-0.089
-0.09
-0.089
-0.084
-0.08
-0.077
-0.076
-0.074
-0.072
-0.07
-0.068
-0.067
-0.065
-0.063
-0.062
-0.06
-0.059
-0.059
-0.058
-0.057
-0.056
-0.055
-0.053
-0.05
-0.047
-0.044
-0.041
-0.037
-0.034
-0.03
-0.027
-0.024
-0.02
-0.016
-0.01
0.0
0.009
0.018
0.03
0.043
0.057
0.067
0.074
0.082
0.089
0.097
0.106
0.116
0.126
0.134
0.145
0.157
0.17
0.188
0.21
0.233
0.255
0.272
0.284
0.295
0.304
0.312
0.315
0.311
0.302
0.287
0.263
0.237
0.211
0.184
0.156
0.125
0.096
0.068
0.043
0.03
0.023
0.017
0.01
0.002
-0.004
-0.011
-0.018
-0.025
-0.029
-0.031
-0.033
-0.035
-0.036
-0.037
-0.038
-0.038
-0.039
-0.04
-0.04
-0.041
-0.041
-0.041
-0.041
-0.04
-0.039
-0.037
-0.035
-0.033
-0.031
-0.028
-0.026
-0.023
-0.021
-0.019
-0.016
-0.014
-0.011
-0.009
-0.008
-0.008
-0.007
-0.008
-0.008
-0.01
-0.011
-0.013
-0.015
-0.017
-0.019
-0.02
-0.021
-0.023
-0.026
-0.027
-0.029
-0.03
-0.03
-0.029
-0.028
-0.026
-0.023
-0.02
-0.016
-0.014
-0.011
-0.01
-0.008
-0.007
-0.005
-0.004
-0.003
-0.002
-0.001
0.0
0.0
0.0
0.001
0.001
0.001
0.0
0.0
-0.001
-0.001
-0.002
-0.003
-0.003
-0.004
-0.004
-0.005
-0.005
-0.005
-0.006
-0.006
-0.007
-0.008
-0.01
-0.011
-0.013
-0.015
-0.016
-0.018
-0.019
-0.02
-0.021
-0.021
-0.021
-0.022
-0.023
-0.025
-0.027
-0.028
-0.03
-0.031
-0.032
-0.032
-0.032
-0.031
-0.029
-0.028
-0.026
-0.025
-0.024
-0.023
-0.022
-0.02
-0.017
-0.015
-0.014
-0.015
-0.016
-0.018
-0.019
-0.02
-0.021
-0.023
-0.025
-0.027
-0.028
-0.026
-0.023
-0.018
-0.014
-0.01
-0.005
0.0
0.004
0.009
0.012
0.015
0.018
0.021
0.025
0.029
0.033
0.035
0.038
0.04
0.042
0.045
0.048
0.05
0.05
0.048
0.044
0.039
0.034
0.03
0.024
0.018
0.013
0.009
0.005
0.002
0.0
-0.003
-0.006
-0.008
-0.01
-0.013
-0.016
-0.02
-0.024
-0.028
-0.032
-0.036
-0.039
-0.043
-0.047
-0.05
-0.052
-0.054
-0.054
-0.054
-0.052
-0.049
-0.045
-0.039
-0.031
-0.001
0.055
0.139
0.248
0.376
0.511
0.625
0.678
0.675
0.606
0.468
0.303
0.145
0.021
-0.026
-0.033
-0.039
-0.044
-0.048
-0.053
-0.056
-0.058
-0.06
-0.062
-0.063
-0.065
-0.065
-0.064
-0.063
-0.063
-0.063
-0.063
-0.062
-0.061
-0.059
-0.057
-0.055
-0.053
-0.051
-0.049
-0.048
-0.046
-0.045
-0.044
-0.043
-0.041
-0.04
-0.039
-0.037
-0.035
-0.032
-0.03
-0.027
-0.025
-0.023
-0.021
-0.019
-0.018
-0.018
-0.017
-0.017
-0.016
-0.016
-0.015
-0.013
-0.012
-0.01
-0.006
-0.001
0.003
0.01
0.018
0.027
0.039
0.049
0.057
0.068
0.08
0.09
0.097
0.103
0.109
0.116
0.124
0.138
0.161
0.18
0.194
0.21
0.226
0.241
0.253
0.26
0.264
0.269
0.272
0.274
0.274
0.274
0.271
0.268
0.263
0.256
0.243
0.218
0.193
0.165
0.135
0.105
0.074
0.045
0.017
-0.01
-0.029
-0.04
-0.047
-0.054
-0.059
-0.062
-0.064
-0.065
-0.066
-0.067
-0.068
-0.07
-0.071
-0.072
-0.072
-0.073
-0.073
-0.074
-0.074
-0.073
-0.072
-0.071
-0.07
-0.069
-0.068
-0.067
-0.066
-0.065
-0.064
-0.064
-0.064
-0.063
-0.063
-0.062
-0.061
-0.06
-0.059
-0.058
-0.057
-0.056
-0.056
-0.055
-0.054
-0.053
-0.053
-0.053
-0.053
-0.053
-0.053
-0.053
-0.053
-0.054
-0.054
-0.055
-0.056
-0.056
-0.056
-0.057
-0.057
-0.057
-0.057
-0.057
-0.058
-0.058
-0.058
-0.059
-0.06
-0.06
-0.061
-0.061
-0.062
-0.061
-0.06
-0.059
-0.058
-0.056
-0.055
-0.055
-0.055
-0.054
-0.052
-0.05
-0.051
-0.054
-0.057
-0.059
-0.06
-0.061
-0.061
-0.062
-0.063
-0.064
-0.065
-0.065
-0.066
-0.066
-0.067
-0.067
-0.068
-0.068
-0.068
-0.067
-0.066
-0.066
-0.065
-0.063
-0.062
-0.061
-0.059
-0.058
-0.056
-0.056
-0.055
-0.055
-0.054
-0.053
-0.053
-0.054
-0.054
-0.054
-0.054
-0.053
-0.053
-0.052
-0.053
-0.053
-0.054
-0.056
-0.057
-0.058
-0.06
-0.061
-0.062
-0.063
-0.064
-0.064
-0.063
-0.061
-0.058
-0.053
-0.048
-0.043
-0.038
-0.032
-0.022
-0.013
-0.007
-0.002
0.0
0.002
0.004
0.007
0.008
0.009
0.009
0.007
0.003
0.0
-0.005
-0.009
-0.014
-0.02
-0.025
-0.03
-0.034
-0.037
-0.039
-0.041
-0.042
-0.043
-0.044
-0.044
-0.044
-0.045
-0.046
-0.048
-0.05
-0.051
-0.052
-0.053
-0.053
-0.054
-0.054
-0.054
-0.054
-0.055
-0.056
-0.059
-0.064
-0.055
-0.026
0.022
0.095
0.192
0.31
0.439
0.562
0.66
0.699
0.693
0.619
0.478
0.305
0.14
0.013
-0.037
-0.057
-0.058
-0.047
-0.037
-0.028
-0.023
-0.031
-0.043
-0.05
-0.054
-0.058
-0.061
-0.064
-0.066
-0.069
-0.071
-0.073
-0.074
-0.074
-0.073
-0.071
-0.068
-0.065
-0.061
-0.056
-0.052
-0.049
-0.047
-0.045
-0.043
-0.04
-0.038
-0.036
-0.033
-0.032
-0.03
-0.027
-0.025
-0.022
-0.021
-0.019
-0.018
-0.017
-0.015
-0.014
-0.012
-0.011
-0.009
-0.007
-0.003
0.002
0.009
0.016
0.023
0.03
0.038
0.046
0.056
0.065
0.075
0.085
0.098
0.108
0.116
0.127
0.14
0.157
0.171
0.183
0.195
0.205
0.216
0.226
0.238
0.253
0.267
0.281
0.292
0.3
0.307
0.313
0.317
0.319
0.317
0.31
0.3
0.287
0.269
0.257
0.241
0.217
0.188
0.161
0.137
0.11
0.088
0.071
0.051
0.036
0.025
0.016
0.009
0.004
0.0
-0.002
-0.006
-0.008
-0.011
-0.014
-0.017
-0.019
-0.022
-0.025
-0.027
-0.029
-0.031
-0.034
-0.037
-0.039
-0.04
-0.039
-0.035
-0.029
-0.023
-0.017
-0.011
-0.003
0.004
0.01
0.01
0.006
0.0
-0.005
-0.009
-0.014
-0.019
-0.024
-0.027
-0.028
-0.027
-0.025
-0.021
-0.018
-0.015
-0.008
-0.003
-0.004
-0.011
-0.019
-0.022
-0.024
-0.026
-0.027
-0.028
-0.03
-0.031
-0.033
-0.034
-0.035
-0.036
-0.036
-0.037
-0.037
-0.037
-0.037
-0.037
-0.037
-0.037
-0.037
-0.038
-0.039
-0.041
-0.042
-0.043
-0.044
-0.045
-0.046
-0.046
-0.048
-0.048
-0.049
-0.049
-0.05
-0.05
-0.051
-0.052
-0.053
-0.054
-0.055
-0.056
-0.057
-0.058
-0.059
-0.06
