-0.038
-0.037
-0.036
-0.039
-0.044
-0.051
-0.059
-0.065
-0.068
-0.071
-0.074
-0.076
-0.076
-0.074
-0.07
-0.064
-0.056
-0.044
-0.034
-0.024
-0.014
-0.002
0.007
0.014
0.019
0.021
0.023
0.024
0.026
0.028
0.03
0.032
0.033
0.032
0.029
0.025
0.021
0.015
0.006
0.004
0.008
0.01
0.012
0.015
0.016
0.015
0.011
0.005
-0.004
-0.023
-0.037
-0.043
-0.048
-0.052
-0.056
-0.059
-0.062
-0.064
-0.067
-0.07
-0.076
-0.08
-0.074
-0.057
-0.013
0.076
0.207
0.376
0.567
0.742
0.822
0.812
0.676
0.408
0.104
-0.144
-0.267
-0.28
-0.228
-0.119
-0.029
0.018
0.029
0.029
0.03
0.031
0.031
0.029
0.025
0.02
0.009
-0.008
-0.022
-0.033
-0.044
-0.057
-0.068
-0.069
-0.071
-0.072
-0.064
-0.059
-0.056
-0.054
-0.053
-0.051
-0.049
-0.047
-0.045
-0.043
-0.04
-0.037
-0.034
-0.031
-0.027
-0.023
-0.017
-0.011
-0.007
-0.003
0.0
0.005
0.012
0.019
0.025
0.033
0.046
0.055
0.059
0.063
0.066
0.067
0.067
0.065
0.062
0.059
0.057
0.055
0.053
0.051
0.048
0.045
0.042
0.038
0.034
0.03
0.027
0.023
0.019
0.015
0.011
0.008
0.007
0.008
0.008
0.009
0.01
0.011
0.012
0.012
0.013
0.014
0.015
0.016
0.017
0.017
0.017
0.018
0.018
0.02
0.021
0.021
0.022
0.023
0.023
0.024
0.025
0.026
0.027
0.028
0.028
0.029
0.029
0.03
0.03
0.031
0.031
0.032
0.033
0.033
0.033
0.033
0.032
0.031
0.03
0.03
0.03
0.03
0.03
0.03
0.03
0.03
0.03
0.03
0.029
0.028
0.028
0.031
0.035
0.041
0.049
0.06
0.061
0.063
0.064
0.063
0.052
0.046
0.042
0.038
0.036
0.033
0.032
0.031
0.031
0.03
0.031
0.033
0.035
0.037
0.04
0.052
0.098
0.175
0.291
0.447
0.629
0.801
0.89
0.883
0.757
0.494
0.186
-0.079
-0.231
-0.256
-0.186
-0.091
-0.046
-0.031
-0.043
-0.059
-0.07
-0.062
-0.037
-0.009
0.0
0.003
0.003
0.004
0.003
0.003
0.003
0.003
0.003
0.003
0.003
0.003
0.003
0.003
0.003
0.004
0.004
0.005
0.006
0.007
0.009
0.012
0.014
0.017
0.02
0.023
0.03
0.037
0.043
0.048
0.053
0.057
0.061
0.065
0.069
0.073
0.077
0.08
0.083
0.086
0.088
0.091
0.092
0.091
0.09
0.089
0.086
0.083
0.075
0.06
0.052
0.048
0.045
0.043
0.041
0.039
0.037
0.035
0.034
0.033
0.032
0.03
0.027
0.02
0.009
0.002
-0.001
-0.005
-0.008
-0.011
-0.013
-0.013
-0.014
-0.014
-0.014
-0.015
-0.017
-0.018
-0.018
-0.017
-0.015
-0.013
-0.011
-0.009
-0.006
-0.002
0.0
-0.001
-0.004
-0.008
-0.009
-0.011
-0.012
-0.013
-0.014
-0.016
-0.018
-0.02
-0.021
-0.022
-0.022
-0.022
-0.023
-0.024
-0.025
-0.025
-0.027
-0.028
-0.03
-0.031
-0.031
-0.03
-0.028
-0.024
-0.019
-0.011
0.006
0.021
0.03
0.035
0.034
0.031
0.028
0.024
0.029
0.035
0.04
0.04
0.036
0.031
0.026
0.032
0.04
0.045
0.039
0.031
0.026
0.023
0.026
0.033
0.039
0.044
0.049
0.052
0.054
0.064
0.087
0.1
0.106
0.11
0.113
0.115
0.116
0.115
0.113
0.111
0.109
0.106
0.102
0.103
0.112
0.119
0.123
0.128
0.132
0.135
0.137
0.138
0.141
0.145
0.148
0.148
0.145
0.14
0.134
0.126
0.118
0.108
0.092
0.08
0.073
0.068
0.066
0.065
0.065
0.066
0.066
0.066
0.066
0.068
0.069
0.07
0.07
0.067
0.064
0.061
0.056
0.048
0.042
0.035
0.032
0.035
0.04
0.045
0.048
0.053
0.057
0.063
0.068
0.075
0.083
0.087
0.084
0.079
0.073
0.066
0.058
0.048
0.033
0.012
-0.002
-0.008
-0.011
-0.013
-0.014
-0.016
-0.018
-0.02
-0.022
-0.023
-0.025
-0.029
-0.034
-0.039
-0.045
-0.05
-0.055
-0.058
-0.055
-0.05
-0.048
-0.046
-0.044
-0.042
-0.04
-0.039
-0.037
-0.036
-0.034
-0.033
-0.031
-0.029
-0.026
-0.021
-0.018
-0.021
-0.028
-0.034
-0.04
-0.044
-0.04
-0.027
0.006
0.082
0.202
0.364
0.555
0.73
0.827
0.789
0.594
0.282
-0.064
-0.341
-0.458
-0.464
-0.38
-0.257
-0.171
-0.151
-0.154
-0.176
-0.187
-0.189
-0.19
-0.191
-0.19
-0.19
-0.188
-0.185
-0.18
-0.172
-0.158
-0.144
-0.132
-0.124
-0.12
-0.117
-0.12
-0.124
-0.13
-0.137
-0.144
-0.154
-0.166
-0.173
-0.177
-0.18
-0.182
-0.185
-0.186
-0.188
-0.191
-0.192
-0.19
-0.185
-0.18
-0.173
-0.165
-0.155
-0.14
-0.127
-0.118
-0.112
-0.105
-0.099
-0.088
-0.081
-0.077
-0.073
-0.07
-0.068
-0.066
-0.064
-0.062
-0.06
-0.057
-0.054
-0.05
-0.046
-0.041
-0.032
-0.016
-0.007
-0.002
0.001
0.003
0.003
0.001
-0.002
-0.006
-0.011
-0.019
-0.026
-0.032
-0.035
-0.038
-0.04
-0.042
-0.045
-0.046
-0.048
-0.048
-0.049
-0.049
-0.048
-0.048
-0.047
-0.046
-0.044
-0.042
-0.041
-0.039
-0.037
-0.032
-0.026
-0.02
-0.014
-0.008
-0.002
0.003
0.007
0.011
0.013
0.014
0.016
0.017
0.019
0.02
0.021
0.02
0.017
0.014
0.01
0.006
0.002
-0.002
-0.009
-0.015
-0.022
-0.027
-0.032
-0.038
-0.041
-0.042
-0.041
-0.04
-0.038
-0.036
-0.034
-0.033
-0.031
-0.031
-0.031
-0.034
-0.037
-0.04
-0.042
-0.044
-0.045
-0.047
-0.048
-0.049
-0.051
-0.052
-0.053
-0.054
-0.055
-0.057
-0.058
-0.06
-0.061
-0.062
-0.063
-0.065
-0.068
-0.071
-0.078
-0.09
-0.091
-0.091
-0.091
-0.092
-0.09
-0.084
-0.079
-0.073
-0.067
-0.059
-0.055
-0.051
-0.048
-0.045
-0.042
-0.039
-0.037
-0.034
-0.032
-0.03
-0.026
-0.02
-0.01
-0.002
0.001
0.004
0.007
0.009
0.01
0.011
0.012
0.012
0.012
0.011
0.009
0.007
0.003
0.0
-0.007
-0.022
-0.038
-0.053
-0.069
-0.087
-0.1
-0.108
-0.111
-0.108
-0.101
-0.08
-0.035
0.033
0.137
0.279
0.444
0.603
0.69
0.684
0.564
0.299
-0.025
-0.322
-0.515
-0.568
-0.504
-0.388
-0.278
-0.197
-0.174
-0.166
-0.166
-0.174
-0.18
-0.185
-0.189
-0.191
-0.189
-0.184
-0.177
-0.17
-0.161
-0.154
-0.147
-0.14
-0.132
-0.124
-0.115
-0.107
-0.098
-0.093
-0.09
-0.089
-0.087
-0.086
-0.084
-0.082
-0.081
-0.08
-0.078
-0.077
-0.074
-0.068
-0.053
-0.033
-0.013
0.0
0.008
0.015
0.022
0.028
0.037
0.047
0.057
0.062
0.065
0.067
0.069
0.07
0.072
0.074
0.077
0.079
0.081
0.084
0.087
0.091
0.102
0.118
0.125
0.129
0.132
0.133
0.133
0.13
0.125
0.12
0.114
0.107
0.099
0.093
0.087
0.075
0.054
0.036
0.025
0.014
0.004
-0.005
-0.014
-0.02
-0.022
-0.023
-0.023
-0.023
-0.024
-0.025
-0.025
-0.025
-0.024
-0.023
-0.022
-0.022
-0.021
-0.02
-0.019
-0.018
-0.017
-0.017
-0.017
-0.016
-0.016
-0.017
-0.019
-0.021
-0.025
-0.029
-0.032
-0.034
-0.036
-0.038
-0.04
-0.042
-0.044
-0.045
-0.046
-0.046
-0.046
-0.046
-0.045
-0.043
-0.042
-0.039
-0.037
-0.035
-0.033
-0.03
-0.028
-0.024
-0.019
-0.015
-0.012
-0.009
-0.007
-0.004
0.0
