-0.068
-0.033
-0.011
0.0
0.009
0.016
0.022
0.027
0.03
0.033
0.037
0.045
0.058
0.069
0.075
0.08
0.084
0.087
0.087
0.085
0.081
0.077
0.075
0.074
0.073
0.072
0.07
0.068
0.066
0.063
0.061
0.059
0.057
0.055
0.054
0.053
0.053
0.052
0.051
0.05
0.049
0.047
0.045
0.042
0.039
0.036
0.033
0.031
0.03
0.028
0.028
0.029
0.03
0.033
0.035
0.037
0.04
0.042
0.045
0.047
0.049
0.05
0.051
0.052
0.054
0.056
0.059
0.062
0.064
0.066
0.067
0.067
0.067
0.066
0.064
0.061
0.058
0.055
0.053
0.051
0.049
0.046
0.044
0.041
0.038
0.034
0.03
0.026
0.021
0.016
0.012
0.009
0.005
0.0
-0.003
-0.006
-0.01
-0.017
-0.024
-0.029
-0.031
-0.028
-0.022
-0.012
-0.002
0.006
0.02
0.032
0.042
0.05
0.056
0.061
0.065
0.068
0.07
0.072
0.074
0.075
0.073
0.071
0.068
0.066
0.065
0.064
0.063
0.062
0.06
0.058
0.057
0.056
0.055
0.053
0.05
0.048
0.045
0.041
0.036
0.029
-0.005
-0.079
-0.204
-0.37
-0.552
-0.697
-0.745
-0.666
-0.481
-0.244
-0.018
0.141
0.177
0.169
0.096
0.049
0.034
0.044
0.051
0.055
0.058
0.06
0.062
0.064
0.065
0.066
0.066
0.067
0.068
0.07
0.071
0.073
0.074
0.069
0.059
0.049
0.042
0.036
0.03
0.025
0.02
0.015
0.011
0.008
0.005
0.003
0.0
-0.001
-0.004
-0.005
-0.006
-0.008
-0.011
-0.014
-0.019
-0.024
-0.029
-0.036
-0.045
-0.061
-0.076
-0.09
-0.102
-0.113
-0.123
-0.134
-0.145
-0.154
-0.161
-0.166
-0.171
-0.176
-0.182
-0.187
-0.191
-0.195
-0.2
-0.205
-0.212
-0.218
-0.223
-0.225
-0.222
-0.216
-0.207
-0.197
-0.186
-0.168
-0.152
-0.138
-0.114
-0.086
-0.063
-0.042
-0.023
-0.003
0.017
0.037
0.045
0.05
0.053
0.055
0.056
0.057
0.059
0.06
0.062
0.063
0.065
0.067
0.071
0.077
0.065
0.058
0.055
0.053
0.05
0.048
0.046
0.044
0.042
0.04
0.039
0.038
0.038
0.037
0.036
0.035
0.033
0.03
0.024
0.02
0.02
0.022
0.023
0.024
0.025
0.025
0.026
0.026
0.027
0.028
0.03
0.033
0.035
0.036
0.039
0.045
0.044
0.032
0.023
0.016
0.01
0.005
0.005
0.007
0.013
0.021
0.044
0.083
0.096
0.103
0.108
0.094
0.081
0.074
0.066
0.058
0.05
0.042
0.03
0.014
0.012
0.022
0.03
0.038
0.044
0.045
0.04
0.03
0.014
-0.007
-0.021
-0.032
-0.03
-0.014
-0.002
0.006
0.014
0.02
0.025
0.03
0.034
0.037
0.04
0.044
0.048
0.053
0.058
0.063
0.069
0.076
0.083
0.087
0.086
0.083
0.079
0.075
0.072
0.068
0.063
0.06
0.063
0.07
0.079
0.088
0.099
0.106
0.106
0.1
0.093
0.087
0.082
0.076
0.07
0.064
0.058
0.046
0.003
-0.082
-0.206
-0.355
-0.499
-0.595
-0.601
-0.539
-0.36
-0.138
0.06
0.194
0.235
0.235
0.19
0.134
0.12
0.118
0.116
0.118
0.128
0.141
0.153
0.141
0.12
0.094
0.063
0.046
0.039
0.035
0.047
0.053
0.056
0.059
0.061
0.063
0.064
0.065
0.066
0.067
0.067
0.067
0.066
0.065
0.062
0.059
0.055
0.051
0.046
0.036
0.012
-0.003
-0.011
-0.017
-0.021
-0.024
-0.026
-0.028
-0.031
-0.033
-0.036
-0.041
-0.047
-0.055
-0.065
-0.078
-0.09
-0.1
-0.108
-0.118
-0.13
-0.136
-0.14
-0.145
-0.151
-0.155
-0.158
-0.16
-0.161
-0.161
-0.161
-0.16
-0.158
-0.156
-0.152
-0.147
-0.141
-0.134
-0.118
-0.086
-0.054
-0.027
-0.016
-0.01
-0.005
-0.003
0.0
0.002
0.005
0.008
0.011
0.015
0.02
0.026
0.036
0.042
0.04
0.037
0.034
0.031
0.028
0.025
0.023
0.023
0.024
0.025
0.027
0.029
0.033
0.04
0.024
0.012
0.005
-0.001
-0.007
-0.011
-0.013
-0.011
-0.007
-0.001
0.003
0.011
0.024
0.026
0.014
0.007
0.001
-0.003
-0.008
-0.01
-0.009
-0.006
-0.003
-0.001
-0.001
0.0
0.001
0.003
0.005
0.007
0.008
0.009
0.011
0.013
0.015
0.016
0.016
0.016
0.016
0.017
0.018
0.021
0.023
0.027
0.035
0.04
0.031
0.014
0.005
-0.002
-0.01
-0.016
-0.021
-0.025
-0.027
-0.027
-0.028
-0.028
-0.028
-0.028
-0.028
-0.027
-0.027
-0.027
-0.027
-0.027
-0.027
-0.026
-0.025
-0.023
-0.022
-0.02
-0.018
-0.014
-0.01
-0.005
0.0
0.003
0.006
0.008
0.011
0.014
0.019
0.023
0.027
0.03
0.032
0.034
0.036
0.038
0.04
0.041
0.043
0.044
0.046
0.049
0.052
0.055
0.057
0.056
0.053
0.049
0.045
0.037
0.027
-0.014
-0.078
-0.171
-0.288
-0.418
-0.51
-0.54
-0.51
-0.424
-0.283
-0.15
-0.053
0.008
0.043
0.077
0.111
0.137
0.156
0.158
0.143
0.097
0.041
0.011
-0.008
-0.023
-0.023
-0.01
0.01
0.031
0.038
0.042
0.045
0.047
0.048
0.049
0.05
0.048
0.046
0.042
0.038
0.034
0.03
0.026
0.022
0.018
0.015
0.012
0.009
0.005
0.002
0.0
-0.004
-0.008
-0.012
-0.016
-0.021
-0.027
-0.034
-0.04
-0.046
-0.051
-0.056
-0.06
-0.066
-0.074
-0.086
-0.099
-0.113
-0.126
-0.14
-0.153
-0.167
-0.179
-0.192
-0.2
-0.202
-0.204
-0.207
-0.21
-0.193
-0.177
-0.167
-0.157
-0.148
-0.139
-0.123
-0.093
-0.066
-0.05
-0.037
-0.028
-0.016
-0.003
0.012
0.022
0.028
0.032
0.036
0.042
0.048
0.056
0.064
0.07
0.076
0.083
0.089
0.095
0.1
0.104
0.107
0.108
0.11
0.112
0.112
0.112
0.111
0.111
0.111
0.112
0.113
0.111
0.104
0.093
0.084
0.08
0.077
0.074
0.07
0.068
0.065
0.063
0.061
0.059
0.057
0.054
0.052
0.052
0.052
0.052
0.052
0.052
0.052
0.051
0.05
0.05
0.049
0.048
0.046
0.044
0.043
0.043
0.042
0.041
0.039
0.038
0.037
0.036
0.036
0.037
0.038
0.039
0.041
0.043
0.045
0.047
0.05
0.05
0.048
0.043
0.035
0.027
0.013
-0.002
-0.011
-0.017
-0.021
-0.026
-0.029
-0.032
-0.034
-0.037
-0.039
-0.04
-0.041
-0.043
-0.045
-0.049
-0.055
-0.066
-0.072
-0.065
-0.052
-0.045
-0.039
-0.035
-0.03
-0.026
-0.022
-0.017
-0.012
-0.007
-0.002
0.002
0.007
0.012
0.021
0.03
0.034
0.031
0.022
0.01
-0.004
-0.024
-0.029
-0.032
-0.035
-0.038
-0.038
-0.032
-0.023
-0.013
0.0
0.001
-0.008
-0.034
-0.086
-0.16
-0.254
-0.359
-0.46
-0.523
-0.545
-0.523
-0.458
-0.344
-0.217
-0.103
-0.033
-0.012
0.001
0.014
0.025
0.04
0.058
0.058
0.042
0.032
0.025
0.019
0.014
0.007
0.002
-0.002
-0.008
-0.015
-0.023
-0.033
-0.043
-0.046
-0.04
-0.027
-0.014
-0.004
0.008
0.018
0.023
0.026
0.028
0.034
0.039
0.016
0.0
-0.009
-0.017
-0.023
-0.029
-0.034
-0.038
-0.043
-0.047
-0.052
-0.056
-0.061
-0.066
-0.073
-0.08
-0.087
-0.095
-0.103
-0.111
-0.12
-0.129
-0.137
-0.144
-0.15
-0.156
-0.162
-0.167
-0.171
-0.173
-0.174
-0.175
-0.176
-0.178
-0.181
-0.183
-0.188
-0.191
-0.184
-0.168
-0.151
-0.13
-0.111
-0.085
-0.053
-0.029
-0.014
0.0
0.015
0.025
0.032
0.038
0.043
0.047
0.051
0.054
0.056
0.058
0.059
0.06
0.061
0.062
0.063
0.064
0.064
0.064
0.065
0.065
0.065
0.063
0.061
0.059
0.056
0.054
0.052
0.051
0.049
0.049
0.047
0.047
0.046
0.046
0.046
0.046
0.046
0.046
0.045
0.045
0.044
0.044
0.044
0.044
0.044
0.045
0.046
0.047
0.048
0.05
0.051
0.052
0.053
0.054
0.056
0.056
0.056
0.056
0.056
0.056
0.057
0.058
0.06
0.062
0.063
0.064
0.064
0.063
0.062
0.059
0.056
0.052
0.048
0.043
0.039
0.035
0.03
0.026
0.022
0.02
0.019
0.019
0.018
0.018
0.018
0.018
0.019
0.021
0.024
0.023
0.011
0.003
-0.001
-0.005
-0.009
-0.011
-0.013
-0.011
-0.008
-0.002
0.003
0.009
0.015
0.02
0.025
0.031
0.035
0.039
0.041
0.043
0.044
0.044
0.044
0.043
0.04
0.037
0.033
0.03
0.027
0.025
0.021
0.011
0.0
-0.016
-0.026
-0.034
-0.041
-0.047
-0.054
-0.059
-0.063
-0.069
-0.079
-0.119
-0.203
-0.328
-0.471
-0.592
-0.648
-0.647
-0.581
-0.436
-0.268
-0.109
0.004
0.04
0.052
0.029
-0.011
-0.032
-0.034
-0.035
-0.035
-0.036
-0.036
-0.032
-0.027
-0.022
-0.017
-0.011
-0.005
-0.001
-0.001
-0.007
-0.016
-0.025
-0.032
-0.038
-0.044
-0.05
-0.055
-0.06
-0.063
-0.067
-0.07
-0.072
-0.073
-0.074
-0.075
-0.076
-0.077
-0.078
-0.08
-0.081
-0.083
-0.085
-0.088
-0.091
-0.093
-0.096
-0.099
-0.103
-0.109
-0.119
-0.139
-0.154
-0.161
-0.165
-0.17
-0.174
-0.179
-0.182
-0.184
-0.186
-0.186
-0.186
-0.186
-0.185
-0.184
-0.182
-0.179
-0.177
-0.174
-0.17
-0.166
-0.16
-0.148
-0.136
-0.123
-0.102
-0.073
-0.052
-0.039
-0.027
-0.018
-0.002
0.019
0.044
0.063
0.071
0.074
0.076
0.078
0.079
0.082
0.086
0.09
0.094
0.099
0.104
0.111
0.121
0.13
0.136
0.139
0.143
0.148
0.151
0.146
0.135
0.125
0.115
0.106
0.098
0.091
0.085
0.078
0.071
0.067
0.067
0.072
0.08
0.09
0.1
0.114
0.12
0.118
0.113
0.107
0.1
0.109
0.122
0.132
0.122
0.107
0.097
0.117
0.132
0.141
0.148
0.153
0.157
0.16
0.161
0.163
0.164
0.165
0.167
0.17
0.171
0.172
0.171
0.171
0.17
0.17
0.169
0.168
0.167
0.165
0.162
0.158
0.151
0.142
0.134
0.127
0.119
0.11
0.102
0.095
0.09
0.085
0.079
0.074
0.07
0.068
0.067
0.066
0.065
0.062
0.059
0.057
0.06
0.069
0.078
0.084
0.088
0.091
0.094
0.098
0.103
0.107
0.111
0.114
0.116
0.119
0.122
0.125
0.13
0.137
0.143
0.143
0.136
0.126
0.115
0.101
0.091
0.085
0.078
0.072
0.068
0.072
0.081
0.09
0.102
0.102
0.085
0.041
-0.044
-0.17
-0.322
-0.463
-0.519
-0.511
-0.413
-0.235
-0.046
0.097
0.163
0.184
0.173
0.163
0.157
0.151
0.144
0.133
0.111
0.083
0.07
0.065
0.06
0.057
0.055
0.052
0.049
0.045
0.042
0.038
0.035
0.031
0.027
0.022
0.017
0.01
0.003
-0.003
-0.009
-0.016
-0.023
-0.028
-0.031
-0.031
-0.03
-0.028
-0.025
-0.023
-0.019
-0.014
-0.011
-0.017
-0.031
-0.047
-0.066
-0.08
-0.095
-0.11
-0.125
-0.145
-0.161
-0.168
-0.171
-0.174
-0.18
-0.189
-0.199
-0.208
-0.217
-0.226
-0.232
-0.235
-0.236
-0.237
-0.239
-0.242
-0.243
-0.239
-0.237
-0.235
-0.231
-0.226
-0.22
-0.211
-0.2
-0.185
-0.172
-0.159
-0.147
-0.126
-0.109
-0.095
-0.084
-0.076
-0.068
-0.058
-0.046
-0.027
-0.017
-0.011
-0.006
-0.002
0.001
0.003
0.005
0.007
0.008
0.01
0.01
0.011
0.01
0.01
0.012
0.014
0.017
0.018
0.017
0.012
0.005
0.0
-0.006
-0.013
-0.02
-0.025
-0.027
-0.024
-0.018
-0.012
-0.006
0.001
0.006
0.006
0.001
-0.004
-0.011
-0.021
-0.021
-0.01
-0.003
0.002
0.008
0.012
0.014
0.012
0.009
0.006
0.003
0.0
-0.005
-0.005
0.0
0.002
0.005
0.007
0.01
0.01
0.008
0.004
-0.001
-0.005
-0.008
-0.01
-0.012
-0.014
-0.017
-0.019
-0.021
-0.022
-0.023
-0.026
-0.029
-0.031
-0.033
-0.033
-0.033
-0.033
-0.034
-0.035
-0.037
-0.038
-0.039
-0.041
-0.043
-0.045
-0.046
-0.047
-0.047
-0.045
-0.042
-0.038
-0.033
-0.027
-0.02
-0.015
-0.009
-0.003
0.001
0.005
0.009
0.012
0.015
0.017
0.018
0.019
0.021
0.023
0.025
0.026
0.027
0.028
0.029
0.03
0.032
0.033
0.033
0.034
0.035
0.038
0.043
0.026
-0.001
-0.034
-0.096
-0.188
-0.304
-0.422
-0.492
-0.494
-0.43
-0.275
-0.091
0.071
0.146
0.17
0.147
0.127
0.117
0.108
0.1
0.092
0.084
0.077
0.07
0.062
0.053
0.047
0.043
0.044
0.044
0.045
0.046
0.047
0.049
0.054
0.044
0.035
0.029
0.024
0.021
0.018
0.015
0.013
0.011
0.009
0.006
0.005
0.002
0.0
-0.002
-0.005
-0.006
-0.007
-0.008
-0.009
-0.01
-0.013
-0.015
-0.018
-0.021
-0.023
-0.027
-0.032
-0.038
-0.052
-0.075
-0.085
-0.091
-0.096
-0.103
-0.112
-0.121
-0.127
-0.134
-0.139
-0.143
-0.146
-0.149
-0.149
-0.148
-0.147
-0.144
-0.14
-0.135
-0.13
-0.123
-0.113
-0.103
-0.095
-0.087
-0.076
-0.06
-0.037
-0.016
0.0
0.011
0.019
0.024
0.027
0.031
0.037
0.045
0.054
0.064
0.075
0.088
0.101
0.11
0.118
0.127
0.138
0.136
0.117
0.087
0.07
0.068
0.066
0.065
0.063
0.062
0.061
0.06
0.059
0.059
0.058
0.057
0.051
0.043
0.036
0.028
0.021
0.021
0.03
0.041
0.051
0.061
0.07
0.076
0.081
0.085
0.092
0.101
0.101
0.087
0.074
0.061
0.054
0.054
0.056
0.058
0.06
0.061
0.054
0.044
0.037
0.031
0.027
0.025
0.026
0.031
0.039
0.048
0.056
0.068
0.078
0.083
0.08
0.071
0.062
0.056
0.051
0.046
0.041
0.035
0.029
0.024
0.02
0.014
0.006
-0.005
-0.025
-0.038
-0.045
-0.051
-0.055
-0.059
-0.059
-0.056
-0.049
-0.039
-0.024
-0.005
0.0
0.001
0.003
0.006
0.008
0.011
0.014
0.016
0.018
0.02
0.023
0.024
0.024
0.024
0.023
0.023
0.024
0.023
0.023
0.02
0.016
0.011
0.007
0.004
0.001
-0.002
-0.008
-0.014
-0.019
-0.023
-0.029
-0.039
-0.076
-0.162
-0.277
-0.398
-0.498
-0.529
-0.516
-0.424
-0.273
-0.1
0.048
0.115
0.137
0.111
0.09
0.079
0.07
0.064
0.058
0.053
0.05
0.047
0.041
0.024
0.0
-0.012
-0.019
-0.022
-0.015
-0.005
0.0
0.003
0.007
0.011
0.015
0.017
0.018
0.018
0.018
0.017
0.015
0.012
0.008
0.003
-0.001
-0.005
-0.008
-0.012
-0.016
-0.02
-0.024
-0.028
-0.032
-0.037
-0.043
-0.048
-0.052
-0.056
-0.06
-0.065
-0.076
-0.097
-0.116
-0.125
-0.131
-0.135
-0.14
-0.144
-0.148
-0.151
-0.155
-0.158
-0.16
-0.161
-0.163
-0.166
-0.168
-0.172
-0.179
-0.185
-0.185
-0.176
-0.165
-0.154
-0.142
-0.129
-0.118
-0.106
-0.087
-0.051
-0.023
