-0.183
-0.223
-0.261
-0.302
-0.322
-0.326
-0.329
-0.33
-0.331
-0.328
-0.321
-0.314
-0.311
-0.309
-0.307
-0.305
-0.302
-0.3
-0.299
-0.298
-0.297
-0.295
-0.293
-0.291
-0.289
-0.287
-0.285
-0.283
-0.28
-0.278
-0.276
-0.274
-0.273
-0.272
-0.27
-0.268
-0.266
-0.264
-0.261
-0.258
-0.255
-0.252
-0.248
-0.244
-0.241
-0.237
-0.233
-0.23
-0.226
-0.222
-0.218
-0.213
-0.207
-0.201
-0.196
-0.192
-0.189
-0.187
-0.185
-0.184
-0.184
-0.184
-0.184
-0.184
-0.185
-0.185
-0.185
-0.186
-0.186
-0.187
-0.187
-0.187
-0.186
-0.186
-0.186
-0.186
-0.185
-0.184
-0.183
-0.183
-0.182
-0.181
-0.181
-0.18
-0.18
-0.179
-0.178
-0.177
-0.175
-0.174
-0.173
-0.172
-0.172
-0.172
-0.172
-0.171
-0.171
-0.171
-0.171
-0.171
-0.17
-0.169
-0.168
-0.166
-0.164
-0.163
-0.162
-0.162
-0.161
-0.16
-0.16
-0.16
-0.159
-0.158
-0.157
-0.155
-0.153
-0.151
-0.148
-0.145
-0.143
-0.14
-0.137
-0.134
-0.132
-0.129
-0.126
-0.122
-0.12
-0.117
-0.113
-0.108
-0.104
-0.101
-0.098
-0.097
-0.098
-0.1
-0.102
-0.105
-0.108
-0.112
-0.115
-0.12
-0.126
-0.13
-0.13
-0.127
-0.12
-0.11
-0.097
-0.078
-0.064
-0.046
-0.023
0.0
0.026
0.058
0.086
0.129
0.172
0.218
0.266
0.319
0.374
0.435
0.504
0.584
0.67
0.755
0.834
0.898
0.919
0.91
0.884
0.796
0.674
0.53
0.377
0.226
0.086
-0.035
-0.132
-0.201
-0.222
-0.225
-0.227
-0.228
-0.229
-0.23
-0.23
-0.23
-0.23
-0.23
-0.23
-0.229
-0.227
-0.225
-0.223
-0.22
-0.217
-0.214
-0.211
-0.207
-0.204
-0.201
-0.198
-0.196
-0.194
-0.191
-0.189
-0.187
-0.186
-0.185
-0.185
-0.186
-0.186
-0.188
-0.19
-0.192
-0.194
-0.196
-0.198
-0.2
-0.202
-0.203
-0.205
-0.206
-0.207
-0.209
-0.21
-0.211
-0.212
-0.212
-0.212
-0.21
-0.208
-0.205
-0.201
-0.197
-0.191
-0.185
-0.178
-0.166
-0.154
-0.141
-0.13
-0.12
-0.111
-0.104
-0.098
-0.095
-0.092
-0.09
-0.088
-0.086
-0.085
-0.085
-0.085
-0.085
-0.087
-0.088
-0.09
-0.092
-0.094
-0.095
-0.096
-0.097
-0.098
-0.098
-0.099
-0.099
-0.1
-0.1
-0.1
-0.1
-0.099
-0.099
-0.098
-0.097
-0.096
-0.094
-0.092
-0.089
-0.087
-0.084
-0.082
-0.08
-0.078
-0.076
-0.075
-0.074
-0.072
-0.07
-0.069
-0.068
-0.066
-0.065
-0.064
-0.062
-0.061
-0.059
-0.058
-0.057
-0.056
-0.054
-0.052
-0.05
-0.048
-0.047
-0.046
-0.045
-0.044
-0.044
-0.044
-0.044
-0.044
-0.044
-0.044
-0.044
-0.044
-0.043
-0.043
-0.043
-0.042
-0.042
-0.043
-0.044
-0.045
-0.046
-0.047
-0.048
-0.049
-0.05
-0.051
-0.051
-0.051
-0.051
-0.051
-0.051
-0.051
-0.051
-0.051
-0.052
-0.052
-0.052
-0.052
-0.052
-0.052
-0.051
-0.05
-0.049
-0.047
-0.046
-0.044
-0.042
-0.04
-0.038
-0.036
-0.034
-0.032
-0.03
-0.028
-0.025
-0.022
-0.019
-0.015
-0.009
-0.003
0.002
0.007
0.011
0.014
0.017
0.02
0.023
0.025
0.027
0.029
0.031
0.032
0.034
0.034
0.035
0.035
0.035
0.035
0.036
0.036
0.036
0.036
0.036
0.036
0.037
0.036
0.036
0.036
0.036
0.036
0.037
0.037
0.039
0.04
0.042
0.044
0.046
0.048
0.049
0.051
0.053
0.055
0.057
0.061
0.066
0.07
0.072
0.07
0.064
0.056
0.048
0.041
0.034
0.026
0.02
0.015
0.012
0.013
0.016
0.021
0.026
0.032
0.039
0.047
0.057
0.066
0.073
0.082
0.099
0.127
0.158
0.186
0.23
0.273
0.315
0.359
0.408
0.463
0.525
0.591
0.662
0.739
0.819
0.894
0.958
0.986
0.995
0.966
0.88
0.756
0.614
0.466
0.315
0.171
0.044
-0.06
-0.14
-0.165
-0.168
-0.171
-0.174
-0.176
-0.179
-0.181
-0.183
-0.185
-0.187
-0.188
-0.188
-0.187
-0.186
-0.185
-0.184
-0.183
-0.181
-0.18
-0.179
-0.178
-0.177
-0.176
-0.175
-0.173
-0.172
-0.171
-0.169
-0.168
-0.168
-0.167
-0.166
-0.166
-0.165
-0.165
-0.165
-0.165
-0.165
-0.165
-0.165
-0.165
-0.165
-0.165
-0.165
-0.164
-0.163
-0.163
-0.162
-0.161
-0.16
-0.159
-0.158
-0.156
-0.155
-0.153
-0.15
-0.142
-0.131
-0.122
-0.112
-0.1
-0.087
-0.074
-0.061
-0.049
-0.038
-0.029
-0.022
-0.019
-0.018
-0.016
-0.015
-0.014
-0.013
-0.012
-0.012
-0.011
-0.01
-0.01
-0.012
-0.013
-0.015
-0.016
-0.017
-0.018
-0.019
-0.019
-0.019
-0.018
-0.017
-0.017
-0.017
-0.017
-0.018
-0.018
-0.018
-0.018
-0.019
-0.019
-0.018
-0.017
-0.016
-0.014
-0.012
-0.01
-0.008
-0.006
-0.004
-0.003
-0.002
-0.001
0.0
0.001
0.004
0.006
0.008
0.011
0.013
0.016
0.018
0.02
0.021
0.022
0.021
0.021
0.021
0.02
0.02
0.02
0.021
0.021
0.022
0.022
0.023
