0.164
0.155
0.146
0.141
0.138
0.135
0.133
0.132
0.13
0.129
0.127
0.124
0.121
0.119
0.118
0.117
0.117
0.116
0.115
0.113
0.111
0.107
0.101
0.085
0.064
0.049
0.037
0.029
0.025
0.025
0.025
0.026
0.026
0.026
0.026
0.026
0.025
0.026
0.027
0.029
0.032
0.035
0.04
0.037
0.017
-0.013
-0.049
-0.082
-0.109
-0.121
-0.128
-0.134
-0.136
-0.132
-0.12
-0.106
-0.095
-0.083
-0.072
-0.065
-0.062
-0.059
-0.056
-0.053
-0.05
-0.048
-0.046
-0.044
-0.043
-0.042
-0.04
-0.038
-0.035
-0.032
-0.029
-0.025
-0.022
-0.018
-0.013
-0.008
-0.002
0.002
0.006
0.009
0.011
0.013
0.016
0.018
0.021
0.024
0.027
0.031
0.035
0.04
0.043
0.046
0.049
0.052
0.057
0.068
0.084
0.097
0.106
0.113
0.12
0.127
0.134
0.142
0.156
0.125
-0.068
-0.138
0.006
0.095
0.182
0.291
0.33
0.34
0.35
0.364
0.378
0.411
0.381
0.145
-0.015
-0.071
-0.083
-0.101
-0.103
-0.087
-0.077
-0.086
-0.106
-0.108
-0.088
-0.074
-0.08
-0.088
-0.093
-0.08
-0.069
-0.061
-0.055
-0.049
-0.045
-0.044
-0.044
-0.043
-0.041
-0.039
-0.039
-0.038
-0.037
-0.036
-0.034
-0.033
-0.033
-0.033
-0.033
-0.034
-0.035
-0.036
-0.036
-0.036
-0.035
-0.034
-0.032
-0.03
-0.033
-0.04
-0.045
-0.05
-0.055
-0.057
-0.057
-0.051
-0.043
-0.033
-0.024
-0.013
-0.002
0.003
0.005
0.007
0.009
0.01
0.012
0.013
0.013
0.013
0.013
0.013
0.011
0.009
0.005
0.001
-0.003
-0.007
-0.014
-0.02
-0.022
-0.02
-0.014
-0.005
0.004
0.019
0.04
0.055
0.066
0.075
0.079
0.078
0.072
0.061
0.028
-0.022
-0.08
-0.114
-0.126
-0.125
-0.104
-0.073
-0.038
-0.026
-0.02
-0.015
-0.011
-0.008
-0.005
-0.003
-0.002
-0.002
-0.004
-0.005
-0.005
-0.005
-0.006
-0.007
-0.009
-0.01
-0.012
-0.013
-0.014
-0.016
-0.019
-0.02
-0.021
-0.02
-0.016
-0.011
-0.006
-0.002
0.0
0.002
0.004
0.005
0.005
0.006
0.007
0.01
0.013
0.017
0.019
0.022
0.024
0.028
0.032
0.037
0.042
0.051
0.068
0.08
0.089
0.095
0.1
0.105
0.108
0.111
0.112
0.112
0.11
0.105
0.099
0.092
0.085
0.079
0.074
0.069
0.063
0.057
0.051
0.046
0.041
0.037
0.033
0.029
0.027
0.024
0.023
0.021
0.02
0.018
0.017
0.017
0.017
0.019
0.021
0.023
0.024
0.026
0.027
0.028
0.03
0.032
0.033
0.035
0.037
0.038
0.039
0.039
0.038
0.036
0.032
0.029
0.025
0.022
0.018
0.016
0.014
0.013
0.012
0.01
0.009
0.007
0.005
0.004
0.002
0.002
0.002
0.004
0.007
0.011
0.016
0.021
0.026
0.035
0.052
0.068
0.077
0.084
0.089
0.093
0.095
0.095
0.094
0.089
0.083
0.076
0.07
0.065
0.06
0.054
0.048
0.044
0.041
0.041
0.042
0.045
0.049
0.054
0.06
0.068
0.084
0.097
0.104
0.111
0.116
0.118
0.117
0.113
0.104
0.071
0.011
-0.058
-0.108
-0.125
-0.111
-0.071
-0.007
0.017
0.024
0.028
0.031
0.034
0.036
0.039
0.041
0.044
0.046
0.047
0.05
0.053
0.056
0.058
0.06
0.06
0.058
0.056
0.053
0.05
0.045
0.04
0.037
0.036
0.039
0.045
0.05
0.053
0.056
0.059
0.063
0.067
0.07
0.072
0.073
0.074
0.074
0.074
0.074
0.074
0.074
0.073
0.072
0.071
0.071
0.071
0.072
0.073
0.074
0.075
0.076
0.077
0.078
0.079
0.079
0.079
0.078
0.076
0.075
0.075
0.076
0.076
0.074
0.068
0.06
0.046
0.026
0.018
0.013
0.009
0.005
0.003
0.002
0.002
0.004
0.006
0.008
0.011
0.014
0.017
0.021
0.026
0.033
0.041
0.05
0.057
0.066
0.073
0.077
0.076
0.076
0.075
0.075
0.075
0.075
0.075
0.074
0.072
0.068
0.062
0.056
0.051
0.046
0.04
0.034
0.029
0.024
0.02
0.015
0.008
-0.002
-0.014
-0.024
-0.032
-0.037
-0.039
-0.04
-0.041
-0.042
-0.042
-0.043
-0.043
-0.044
-0.044
-0.043
-0.042
-0.041
-0.04
-0.038
-0.037
-0.034
-0.032
-0.031
-0.033
-0.039
-0.048
-0.058
-0.071
-0.084
-0.09
-0.094
-0.098
-0.101
-0.103
-0.104
-0.104
-0.105
-0.105
-0.104
-0.103
-0.101
-0.099
-0.097
-0.094
-0.09
-0.082
-0.082
-0.093
-0.126
-0.161
-0.198
-0.237
-0.256
-0.272
-0.281
-0.266
-0.242
-0.22
-0.21
-0.206
-0.202
-0.197
-0.19
-0.181
-0.162
-0.139
-0.127
-0.118
-0.119
-0.133
-0.147
-0.161
-0.161
-0.148
-0.128
-0.104
-0.094
-0.089
-0.086
-0.083
-0.082
-0.081
-0.08
-0.08
-0.08
-0.08
-0.081
-0.082
-0.083
-0.085
-0.088
-0.089
-0.087
-0.081
-0.075
-0.07
-0.067
-0.063
-0.059
-0.055
-0.051
-0.047
-0.044
-0.041
-0.037
-0.032
-0.025
-0.017
-0.008
0.0
0.006
0.012
0.017
0.021
0.024
0.025
0.024
0.021
0.016
0.012
0.008
0.004
0.0
-0.005
-0.01
-0.015
-0.019
-0.023
-0.027
-0.031
-0.038
-0.046
-0.054
-0.06
-0.064
-0.068
-0.07
-0.072
-0.073
-0.074
-0.073
-0.07
-0.067
-0.063
-0.06
-0.057
-0.054
-0.052
-0.049
-0.046
-0.043
-0.041
-0.038
-0.037
-0.035
-0.033
-0.031
-0.029
-0.027
-0.025
-0.022
-0.02
-0.017
-0.014
-0.012
-0.011
-0.01
-0.01
-0.009
-0.008
-0.007
-0.007
-0.006
-0.005
-0.003
-0.001
0.002
0.006
0.011
0.02
0.035
0.048
0.058
0.069
0.084
0.099
0.105
0.109
0.112
0.114
0.116
0.117
0.117
0.118
0.117
0.116
0.114
0.112
0.109
0.106
0.103
0.1
0.095
0.091
0.088
0.085
0.082
0.079
0.077
0.077
0.08
0.086
0.092
0.1
0.1
0.093
0.072
0.026
-0.032
-0.094
-0.148
-0.18
-0.183
-0.166
-0.117
-0.066
-0.037
-0.029
-0.023
-0.021
-0.022
-0.025
-0.029
-0.033
-0.037
-0.042
-0.046
-0.049
-0.051
-0.05
-0.049
-0.047
-0.045
-0.043
-0.041
-0.038
-0.036
-0.035
-0.035
-0.036
-0.038
-0.038
-0.039
-0.04
-0.041
-0.043
-0.044
-0.044
-0.042
-0.038
-0.034
-0.03
-0.025
-0.017
-0.01
-0.005
0.0
0.007
0.022
0.033
0.04
0.048
0.057
0.065
0.073
0.082
0.093
0.1
0.105
0.11
0.114
0.116
0.116
0.117
0.117
0.118
0.118
0.12
0.118
0.109
0.095
0.08
0.068
0.054
0.04
0.023
0.004
-0.012
-0.025
-0.033
-0.039
-0.045
-0.053
-0.069
-0.078
-0.082
-0.086
-0.088
-0.09
-0.09
-0.088
-0.085
-0.082
-0.079
-0.077
-0.074
-0.072
-0.069
-0.066
-0.065
-0.065
-0.066
-0.067
-0.069
-0.071
-0.074
-0.077
-0.08
-0.086
-0.091
-0.093
-0.095
-0.096
-0.098
-0.1
-0.101
-0.1
-0.097
-0.092
-0.087
-0.082
-0.078
-0.078
-0.08
-0.083
-0.085
-0.087
-0.09
-0.091
-0.092
-0.09
-0.088
-0.086
-0.084
-0.083
-0.08
-0.078
-0.076
-0.074
-0.074
-0.076
-0.078
-0.08
-0.082
-0.086
-0.093
-0.1
-0.11
-0.126
-0.138
-0.144
-0.148
-0.151
-0.151
-0.15
-0.146
-0.141
-0.133
-0.119
-0.098
-0.078
-0.056
-0.046
-0.039
-0.035
-0.042
-0.062
-0.096
-0.14
-0.185
-0.228
-0.255
-0.257
-0.241
-0.207
-0.17
-0.131
-0.097
-0.083
-0.078
-0.075
-0.073
-0.07
-0.066
-0.06
-0.047
-0.037
-0.035
-0.034
-0.034
-0.034
-0.033
-0.032
-0.03
-0.027
-0.024
-0.02
-0.014
-0.004
0.002
0.01
0.022
0.032
0.036
0.04
0.044
0.049
0.053
0.056
0.059
0.062
0.064
0.066
0.066
0.065
0.063
0.061
0.059
0.056
0.053
0.051
0.054
0.062
0.075
0.093
0.111
0.13
0.15
0.165
0.174
0.18
0.18
0.172
0.161
0.146
0.131
0.117
0.107
0.101
0.095
0.089
0.069
0.044
0.035
0.035
0.042
0.05
0.057
0.048
0.033
0.017
0.006
0.0
0.0
0.007
0.02
0.03
0.033
0.034
0.035
0.036
0.037
0.038
0.04
0.042
0.046
0.049
0.052
0.054
0.056
0.059
0.061
0.063
0.065
0.067
0.069
0.071
0.073
0.075
0.077
0.079
0.081
0.082
0.084
0.086
0.089
0.092
0.096
0.101
0.105
0.105
0.102
0.096
0.087
0.072
0.061
0.055
0.051
0.051
0.053
0.058
0.066
0.08
0.095
0.104
0.107
0.109
0.11
0.111
0.111
0.111
0.109
0.105
0.101
0.094
0.081
0.071
0.063
0.057
0.053
0.05
0.048
0.047
0.049
0.052
0.057
0.064
0.073
0.083
0.094
0.104
0.109
0.114
0.119
0.114
0.098
0.067
0.026
-0.018
-0.059
-0.092
-0.101
-0.103
-0.104
-0.096
-0.085
-0.074
-0.064
-0.052
-0.035
-0.006
0.028
0.053
0.062
0.058
0.041
0.02
-0.003
-0.015
-0.024
-0.031
-0.03
-0.023
-0.01
-0.003
-0.002
-0.002
-0.001
-0.001
-0.001
-0.002
-0.002
-0.003
-0.004
-0.005
-0.004
0.002
0.008
0.013
0.018
0.023
0.029
0.038
0.054
0.062
0.066
0.069
0.072
0.073
0.075
0.076
0.078
0.08
0.083
0.096
0.121
0.141
0.147
0.151
0.154
0.157
0.158
0.161
0.164
0.165
0.162
0.158
0.155
0.161
0.17
0.176
0.169
0.162
0.159
0.154
0.149
0.144
0.138
0.129
0.117
0.109
0.104
0.099
0.094
0.086
0.081
0.076
0.071
0.069
0.07
0.074
0.078
0.085
0.093
0.094
0.095
0.096
0.095
0.087
0.082
0.078
0.076
0.073
0.072
0.071
0.069
0.068
0.066
0.065
0.064
0.063
0.062
0.06
0.058
0.056
0.054
0.051
0.045
0.026
0.005
-0.007
-0.016
-0.024
-0.03
-0.036
-0.041
-0.04
-0.028
-0.016
-0.004
-0.002
-0.008
-0.017
-0.028
-0.034
-0.037
-0.039
-0.039
-0.035
-0.031
-0.027
-0.023
-0.021
-0.024
-0.032
-0.043
-0.06
-0.079
-0.096
-0.113
-0.125
-0.129
-0.132
-0.134
-0.135
-0.134
-0.13
-0.124
-0.106
-0.081
-0.053
-0.025
-0.012
-0.004
0.001
-0.006
-0.03
-0.08
-0.144
-0.215
-0.275
-0.31
-0.322
-0.311
-0.279
-0.22
-0.172
-0.148
-0.139
-0.139
-0.146
-0.154
-0.161
-0.161
-0.151
-0.144
-0.138
-0.133
-0.132
-0.133
-0.134
-0.137
-0.139
-0.141
-0.14
-0.135
-0.132
-0.13
-0.128
-0.126
-0.126
-0.126
-0.128
-0.132
-0.137
-0.141
-0.146
-0.152
-0.158
-0.164
-0.169
-0.173
-0.176
-0.179
-0.181
-0.184
-0.186
-0.187
-0.186
-0.185
-0.183
-0.18
-0.176
-0.172
-0.165
-0.152
-0.145
-0.136
-0.125
-0.112
-0.101
-0.095
-0.092
-0.089
-0.087
-0.086
-0.087
-0.09
-0.095
-0.1
-0.11
-0.125
-0.133
-0.137
-0.142
-0.15
-0.159
-0.165
-0.171
-0.177
-0.182
-0.186
-0.19
-0.194
-0.198
-0.204
-0.208
-0.208
-0.202
-0.195
-0.191
-0.187
-0.185
-0.182
-0.18
-0.177
-0.174
-0.172
-0.17
-0.168
-0.166
-0.162
-0.154
-0.14
-0.132
-0.127
-0.124
-0.129
-0.138
-0.144
-0.149
-0.153
-0.156
-0.158
-0.158
-0.156
-0.153
-0.149
-0.145
-0.142
-0.138
-0.134
-0.131
-0.128
-0.125
-0.123
-0.12
-0.116
-0.111
-0.108
-0.108
-0.11
-0.114
-0.118
-0.124
-0.123
-0.114
-0.106
-0.1
-0.094
-0.087
-0.08
-0.074
-0.067
-0.062
-0.06
-0.061
-0.064
-0.069
-0.073
-0.079
-0.085
-0.093
-0.105
-0.12
-0.13
-0.137
-0.137
-0.127
-0.116
-0.107
-0.099
-0.092
-0.081
-0.07
-0.063
-0.059
-0.064
-0.069
-0.073
-0.075
-0.07
-0.06
-0.045
-0.025
0.002
0.036
0.078
0.117
0.149
0.169
0.181
0.187
0.191
0.194
0.198
0.201
0.204
0.209
0.229
0.256
0.283
0.312
0.342
0.36
0.378
0.394
0.409
0.42
0.426
0.43
0.421
0.394
0.362
0.352
0.35
0.349
0.348
0.348
0.348
0.347
0.346
0.345
0.344
0.343
0.342
0.34
0.337
0.339
0.35
0.362
0.375
0.388
0.403
0.424
0.438
0.446
0.452
0.455
0.455
0.455
0.456
0.456
0.456
0.457
0.457
0.457
0.456
0.453
0.45
0.446
0.441
0.434
0.426
0.415
0.399
0.377
0.359
0.346
0.336
0.328
0.319
0.306
0.287
0.269
0.258
0.249
0.234
0.224
0.216
0.21
0.207
0.208
0.209
0.21
0.211
0.212
0.213
0.214
0.215
0.216
0.217
0.218
0.218
0.218
0.218
0.217
0.215
0.213
0.211
0.208
0.205
0.202
0.198
0.195
0.187
0.179
0.171
0.164
0.157
0.151
0.146
0.14
0.136
0.131
0.126
0.12
0.112
0.103
0.094
0.09
0.087
0.085
0.083
0.081
0.079
0.077
0.075
0.073
0.071
0.069
0.067
0.064
0.061
0.054
0.041
0.028
0.016
0.003
-0.007
-0.02
-0.042
-0.056
-0.061
-0.066
-0.069
-0.071
-0.073
-0.075
-0.078
-0.08
-0.082
-0.084
-0.087
-0.09
-0.093
-0.103
-0.125
-0.168
-0.222
-0.289
-0.358
-0.416
-0.434
-0.44
-0.423
-0.368
-0.312
-0.297
-0.295
-0.293
-0.293
-0.292
-0.29
-0.287
-0.281
-0.271
-0.251
-0.231
-0.218
-0.219
-0.219
-0.219
-0.219
-0.221
-0.224
-0.226
-0.227
-0.222
-0.212
-0.203
-0.195
-0.189
-0.183
-0.178
-0.173
-0.17
-0.167
-0.164
-0.163
-0.161
-0.158
-0.156
-0.154
-0.152
-0.15
-0.147
-0.143
-0.137
-0.131
-0.122
-0.112
-0.102
-0.09
-0.079
-0.069
-0.06
-0.052
-0.045
-0.037
-0.03
-0.024
-0.019
-0.014
-0.011
-0.009
-0.009
-0.011
-0.015
-0.02
-0.029
-0.047
-0.058
-0.063
-0.068
-0.072
-0.078
-0.083
-0.088
-0.093
-0.1
-0.11
-0.12
-0.129
-0.135
-0.139
-0.143
-0.147
-0.15
-0.151
-0.15
-0.148
-0.146
-0.142
-0.139
-0.135
-0.129
-0.122
-0.114
-0.106
-0.1
-0.095
-0.091
-0.087
-0.084
-0.082
-0.08
-0.079
-0.078
-0.076
-0.075
-0.073
-0.071
-0.07
-0.071
-0.072
-0.073
-0.073
-0.074
-0.075
-0.076
-0.078
-0.079
-0.08
-0.081
-0.081
-0.081
-0.081
-0.081
-0.079
-0.077
-0.074
-0.07
-0.066
-0.061
-0.052
-0.046
-0.042
-0.039
-0.036
-0.035
-0.035
-0.037
-0.04
-0.043
-0.047
-0.05
-0.056
-0.061
-0.066
-0.07
-0.073
-0.075
-0.078
-0.082
-0.084
-0.085
-0.084
-0.079
-0.074
-0.067
-0.058
-0.043
-0.034
-0.027
-0.022
-0.018
-0.018
-0.022
-0.028
-0.038
-0.054
-0.083
-0.127
-0.182
-0.237
-0.254
-0.247
-0.197
-0.155
-0.14
-0.139
-0.146
-0.155
-0.163
-0.154
-0.147
-0.142
-0.139
-0.136
-0.133
-0.13
-0.127
-0.123
-0.116
-0.11
-0.11
-0.115
-0.122
-0.126
-0.13
-0.133
-0.135
-0.137
-0.138
-0.136
-0.134
-0.132
-0.129
-0.128
-0.127
-0.125
-0.123
-0.12
-0.118
-0.116
-0.114
-0.112
-0.11
-0.107
-0.104
-0.1
-0.096
-0.089
-0.073
-0.062
-0.048
-0.028
-0.003
0.01
0.017
0.022
0.016
0.011
0.008
0.005
0.002
0.0
-0.001
-0.002
-0.005
-0.009
-0.001
0.007
0.015
0.015
0.007
0.002
-0.002
-0.007
-0.013
-0.02
-0.028
-0.046
-0.073
-0.09
-0.1
-0.107
-0.111
-0.113
-0.115
-0.119
-0.124
-0.114
-0.096
-0.082
-0.076
-0.073
-0.07
-0.067
-0.066
-0.064
-0.061
-0.056
-0.059
-0.063
-0.065
-0.068
-0.07
-0.07
-0.07
-0.068
-0.067
-0.066
-0.066
-0.064
-0.06
-0.064
-0.067
-0.069
-0.071
-0.073
-0.074
-0.075
-0.076
-0.077
-0.08
-0.083
-0.087
-0.095
-0.108
-0.116
-0.121
-0.112
-0.101
-0.093
-0.085
-0.079
-0.07
-0.056
-0.045
-0.038
-0.038
-0.047
-0.054
-0.058
-0.063
-0.069
-0.077
-0.085
-0.093
-0.104
-0.111
-0.115
-0.117
-0.12
-0.124
-0.123
-0.114
-0.1
-0.083
-0.067
-0.05
-0.04
-0.035
-0.031
-0.029
-0.028
-0.029
-0.03
-0.034
-0.04
-0.062
-0.122
-0.192
-0.244
-0.261
-0.248
-0.209
-0.139
-0.098
-0.085
-0.091
-0.111
-0.137
-0.147
-0.147
-0.137
-0.126
-0.116
-0.109
-0.104
-0.1
-0.098
-0.096
-0.094
-0.091
-0.087
-0.083
-0.079
-0.075
-0.072
-0.068
-0.064
-0.061
-0.059
-0.057
-0.054
-0.051
-0.045
-0.038
-0.03
-0.015
-0.004
0.0
0.002
0.001
-0.001
-0.004
0.011
0.026
0.036
0.045
0.051
0.057
0.067
0.084
0.092
0.095
0.098
0.1
0.102
0.103
0.105
0.106
0.108
0.109
0.11
0.11
0.11
0.109
0.109
0.108
0.107
0.106
0.105
0.102
0.098
0.094
0.09
0.084
0.07
0.059
0.052
0.047
0.042
0.039
0.037
0.038
0.041
0.045
0.048
0.052
0.056
0.06
0.064
0.068
0.072
0.076
0.081
0.085
0.09
0.096
0.102
0.107
0.115
0.131
0.157
0.177
0.19
0.199
0.204
0.209
0.212
0.215
0.215
0.213
0.21
0.207
0.202
0.195
0.197
0.216
0.237
0.259
0.272
0.288
0.312
0.332
0.345
0.35
0.349
0.346
0.344
0.34
0.339
0.343
0.347
0.351
0.336
0.293
0.233
0.177
0.132
0.116
0.116
0.127
0.138
0.149
0.149
0.143
0.133
0.118
0.091
0.059
0.048
0.064
0.077
0.084
0.088
0.091
0.094
0.097
0.1
0.102
0.104
0.106
0.109
0.112
0.118
0.127
0.114
0.074
0.036
0.01
-0.019
-0.047
-0.074
-0.091
-0.1
-0.106
-0.092
-0.066
-0.039
-0.022
-0.012
-0.003
0.002
0.006
0.009
0.012
0.015
0.016
0.016
0.012
0.007
0.002
-0.002
-0.005
-0.009
-0.013
-0.017
-0.02
-0.023
-0.024
-0.024
-0.025
-0.024
-0.023
-0.021
-0.018
-0.015
-0.011
-0.008
-0.005
0.0
0.004
0.009
0.009
0.007
0.002
-0.002
-0.008
-0.015
-0.019
-0.015
-0.006
0.007
0.024
0.035
0.045
0.056
0.07
0.084
0.091
0.097
0.097
0.091
0.086
0.082
0.078
0.074
0.071
0.068
0.065
0.062
0.059
0.055
0.05
0.044
0.038
0.031
0.02
0.012
0.007
0.0
-0.012
-0.018
-0.02
-0.022
-0.024
-0.026
-0.027
-0.029
-0.03
-0.032
-0.034
-0.036
-0.039
-0.042
-0.044
-0.05
-0.061
-0.062
-0.055
-0.05
-0.046
-0.041
-0.037
-0.034
-0.031
-0.026
-0.019
-0.019
-0.025
-0.031
-0.038
-0.039
-0.037
-0.034
-0.03
-0.031
-0.039
-0.046
-0.053
-0.058
-0.06
-0.061
-0.063
-0.065
-0.064
-0.056
-0.051
-0.047
-0.044
-0.042
-0.04
-0.038
-0.036
-0.035
-0.033
-0.031
-0.03
-0.029
-0.027
-0.023
-0.02
-0.024
-0.031
-0.038
-0.046
-0.053
-0.061
-0.065
-0.069
-0.072
-0.075
-0.077
-0.077
-0.076
-0.075
-0.073
-0.07
-0.067
-0.065
-0.061
-0.057
-0.054
-0.054
-0.056
-0.061
-0.076
-0.104
-0.139
-0.177
-0.204
-0.213
-0.208
-0.192
-0.158
-0.14
-0.135
-0.135
-0.142
-0.152
-0.153
-0.131
-0.095
-0.062
-0.051
-0.047
-0.05
-0.065
-0.074
-0.065
-0.035
0.004
0.04
0.051
0.054
0.055
0.055
0.055
0.056
0.057
0.058
0.059
0.06
0.06
0.062
0.063
0.065
0.067
0.069
0.074
0.082
0.09
0.094
0.098
0.101
0.103
0.104
0.104
0.104
0.103
0.103
0.103
0.103
0.102
0.101
0.1
0.102
0.106
0.111
0.118
0.128
0.132
0.136
0.14
0.14
0.132
0.123
0.113
0.104
0.091
0.074
0.053
0.034
0.017
0.005
-0.002
-0.01
-0.019
-0.031
-0.047
-0.064
-0.07
-0.073
-0.075
-0.077
-0.079
-0.08
-0.081
-0.081
-0.081
-0.081
-0.08
-0.079
-0.078
-0.077
-0.076
-0.076
-0.075
-0.074
-0.073
-0.073
-0.072
-0.071
-0.07
-0.068
-0.067
-0.065
-0.064
-0.062
-0.06
-0.059
-0.057
-0.055
-0.053
-0.051
-0.046
-0.041
-0.041
-0.047
-0.054
-0.058
-0.062
-0.064
-0.066
-0.067
-0.068
-0.069
-0.069
-0.067
-0.063
-0.059
-0.054
-0.05
-0.046
-0.041
-0.035
-0.029
-0.026
-0.025
-0.028
-0.031
-0.036
-0.04
-0.044
-0.049
-0.054
-0.059
-0.064
-0.068
-0.071
-0.075
-0.079
-0.084
-0.086
-0.084
-0.08
-0.073
-0.062
-0.045
-0.034
-0.027
-0.023
-0.022
-0.026
-0.034
-0.058
-0.105
-0.163
-0.219
-0.252
-0.263
-0.249
-0.207
-0.145
-0.091
-0.077
-0.073
-0.072
-0.07
-0.067
-0.063
-0.057
-0.049
-0.039
-0.025
-0.024
-0.036
-0.055
-0.077
-0.092
-0.102
-0.102
-0.09
-0.074
-0.053
-0.043
-0.039
-0.036
-0.034
-0.032
-0.029
-0.025
-0.021
-0.018
-0.015
-0.012
-0.008
-0.004
0.0
0.005
0.011
0.018
0.024
0.031
0.039
0.046
0.052
0.058
0.064
0.07
0.076
0.082
0.087
0.093
0.106
0.123
0.134
0.142
0.141
0.129
0.122
0.118
0.115
0.112
0.11
0.108
0.106
0.103
0.099
0.097
0.095
0.093
0.091
0.088
0.083
0.075
0.067
0.061
0.055
0.05
0.046
0.042
0.038
0.036
0.034
0.033
0.033
0.033
0.033
0.032
0.032
0.031
0.029
0.027
0.029
0.033
0.035
0.038
0.041
0.043
0.044
0.045
0.044
0.043
0.042
0.039
0.035
0.035
0.043
0.052
0.062
0.07
0.076
0.08
0.083
0.083
0.079
0.074
0.071
0.068
0.065
0.062
0.06
0.058
0.057
0.057
0.057
0.058
0.059
0.061
0.064
0.067
0.07
0.075
0.083
0.089
0.092
0.095
0.098
0.099
0.094
0.085
0.077
0.068
0.06
0.051
0.045
0.04
0.035
0.033
0.034
0.038
0.044
0.054
0.071
0.098
0.127
0.143
0.154
0.162
0.154
0.128
0.083
0.023
-0.049
-0.12
-0.166
-0.171
-0.151
-0.097
-0.051
-0.035
-0.035
-0.046
-0.054
-0.06
-0.065
-0.069
-0.07
-0.069
-0.066
-0.062
-0.059
-0.057
-0.055
-0.053
-0.05
-0.046
-0.042
-0.038
-0.036
-0.034
-0.032
-0.031
-0.029
-0.028
-0.027
-0.027
-0.026
-0.025
-0.023
-0.021
-0.02
-0.019
-0.018
-0.017
-0.016
-0.015
-0.013
-0.012
-0.011
-0.007
0.003
0.014
0.025
0.033
0.041
0.049
0.054
0.057
0.06
0.063
0.066
0.068
0.07
0.071
0.073
0.075
0.078
0.082
0.088
0.091
0.086
0.076
0.067
0.058
0.05
0.043
0.035
0.028
0.021
0.014
0.009
0.004
-0.001
-0.01
-0.023
-0.039
-0.051
-0.051
-0.05
-0.05
-0.051
-0.051
-0.05
-0.05
-0.048
-0.046
-0.043
-0.041
-0.039
-0.037
-0.034
-0.031
-0.029
-0.027
-0.025
-0.024
-0.022
-0.019
-0.02
-0.027
-0.031
-0.034
-0.037
-0.039
-0.041
-0.041
-0.041
-0.04
-0.038
-0.036
-0.033
-0.029
-0.026
-0.028
-0.032
-0.035
-0.038
-0.04
-0.041
-0.04
-0.037
-0.033
-0.028
-0.022
-0.014
-0.009
-0.006
-0.003
-0.001
0.0
0.001
0.001
0.0
-0.004
-0.009
-0.017
-0.035
-0.046
-0.052
-0.056
-0.06
-0.061
-0.061
-0.059
-0.057
-0.053
-0.048
-0.042
-0.032
-0.023
-0.014
-0.005
0.001
0.009
0.015
0.016
0.006
-0.021
-0.061
-0.113
-0.168
-0.208
-0.221
-0.205
-0.159
-0.102
-0.086
-0.082
-0.08
-0.076
-0.072
-0.068
-0.06
-0.051
-0.065
-0.078
-0.09
-0.095
-0.092
-0.084
-0.076
-0.067
-0.061
-0.057
-0.055
-0.054
-0.053
-0.052
-0.051
-0.051
-0.051
-0.052
-0.054
-0.057
-0.061
-0.064
-0.068
-0.074
-0.079
-0.082
-0.081
-0.077
-0.072
-0.065
-0.056
-0.046
-0.041
-0.037
-0.034
-0.029
-0.024
-0.019
-0.012
0.0
0.019
0.033
0.042
0.051
0.06
0.069
0.079
0.079
0.071
0.065
0.061
0.057
0.053
0.048
0.044
0.039
0.034
0.027
0.02
0.015
0.011
0.004
-0.01
-0.025
-0.034
-0.041
-0.048
-0.055
-0.063
-0.067
-0.07
-0.073
-0.074
-0.071
-0.065
-0.059
-0.052
-0.047
-0.043
-0.041
-0.04
-0.039
-0.037
-0.035
-0.034
-0.033
-0.032
-0.031
-0.03
-0.03
-0.03
-0.03
-0.031
-0.032
-0.033
-0.035
-0.036
-0.037
-0.039
-0.041
-0.042
-0.044
-0.047
-0.054
-0.059
-0.06
-0.061
-0.063
-0.064
-0.066
-0.067
-0.066
-0.062
-0.057
-0.051
-0.043
-0.037
-0.033
-0.028
-0.022
-0.021
-0.024
-0.025
-0.027
-0.028
-0.031
-0.035
-0.041
-0.053
-0.066
-0.074
-0.078
-0.084
-0.093
-0.109
-0.12
-0.126
-0.124
-0.109
-0.095
-0.083
-0.074
-0.067
-0.051
-0.025
-0.018
-0.015
-0.02
-0.05
-0.086
-0.129
-0.175
-0.215
-0.235
-0.235
-0.216
-0.175
-0.135
-0.114
-0.106
-0.098
-0.09
-0.081
-0.07
-0.062
-0.057
-0.053
-0.05
-0.047
-0.044
-0.04
-0.033
-0.024
-0.022
-0.021
-0.02
-0.02
-0.021
-0.022
-0.024
-0.025
-0.025
-0.026
-0.027
-0.027
-0.026
-0.024
-0.021
-0.017
-0.012
-0.005
0.0
0.005
0.013
0.025
0.037
0.048
0.053
0.057
0.059
0.06
0.061
0.061
0.059
0.057
0.054
0.05
0.045
0.05
0.064
0.09
0.111
0.117
0.121
0.124
0.125
0.124
0.122
0.119
0.114
0.105
0.093
0.088
0.086
0.083
0.078
0.073
0.066
0.056
