0.01
0.056
0.104
0.16
0.187
0.205
0.217
0.217
0.2
0.176
0.141
0.102
0.072
0.06
0.053
0.048
0.044
0.04
0.039
0.041
0.046
0.051
0.057
0.062
0.067
0.073
0.079
0.085
0.093
0.1
0.108
0.116
0.123
0.132
0.14
0.146
0.148
0.146
0.141
0.134
0.127
0.115
0.095
0.086
0.08
0.076
0.074
0.072
0.069
0.065
0.06
0.054
0.048
0.041
0.033
0.024
0.01
-0.002
-0.008
-0.012
-0.019
-0.028
-0.027
-0.012
0.009
0.037
0.057
0.071
0.08
0.086
0.09
0.093
0.097
0.1
0.102
0.102
0.102
0.1
0.097
0.091
0.085
0.077
0.068
0.054
0.04
0.026
0.015
0.006
0.0
-0.002
0.002
0.013
0.024
0.032
0.04
0.048
0.055
0.06
0.06
0.057
0.051
0.046
0.041
0.038
0.036
0.033
0.029
0.025
0.02
0.016
0.011
0.007
0.004
0.001
-0.001
-0.003
-0.005
-0.008
-0.011
-0.015
-0.019
-0.023
-0.027
-0.03
-0.03
-0.029
-0.026
-0.021
-0.015
-0.01
-0.004
0.001
0.008
0.016
0.025
0.035
0.045
0.055
0.063
0.072
0.08
0.088
0.093
0.094
0.092
0.09
0.086
0.08
0.072
0.054
0.023
-0.003
-0.032
-0.058
-0.076
-0.094
-0.103
-0.109
-0.114
-0.117
-0.12
-0.122
-0.123
-0.125
-0.127
-0.128
-0.129
-0.129
-0.128
-0.128
-0.126
-0.124
-0.121
-0.117
-0.112
-0.106
-0.099
-0.092
-0.074
-0.034
0.028
0.103
0.2
0.317
0.438
0.534
0.563
0.551
0.459
0.302
0.105
-0.093
-0.265
-0.354
-0.384
-0.362
-0.296
-0.205
-0.12
-0.075
-0.06
-0.076
-0.102
-0.122
-0.131
-0.136
-0.132
-0.112
-0.091
-0.068
-0.049
-0.041
-0.038
-0.036
-0.034
-0.032
-0.029
-0.026
-0.023
-0.019
-0.016
-0.013
-0.01
-0.006
-0.003
0.0
0.004
0.013
0.03
0.045
0.056
0.065
0.071
0.077
0.083
0.091
0.098
0.107
0.116
0.13
0.152
0.17
0.187
0.205
0.229
0.248
0.263
0.275
0.284
0.291
0.299
0.306
0.314
0.323
0.333
0.341
0.348
0.354
0.359
0.361
0.358
0.351
0.34
0.326
0.299
0.258
0.231
0.211
0.195
0.175
0.141
0.113
0.097
0.083
0.07
0.056
0.039
0.015
-0.009
-0.029
-0.043
-0.056
-0.067
-0.078
-0.085
-0.093
-0.099
-0.104
-0.106
-0.103
-0.096
-0.089
-0.082
-0.077
-0.071
-0.065
-0.059
-0.054
-0.052
-0.052
-0.053
-0.056
-0.06
-0.064
-0.068
-0.076
-0.083
-0.083
-0.074
-0.062
-0.054
-0.047
-0.041
-0.035
-0.032
-0.031
-0.032
-0.034
-0.039
-0.046
-0.054
-0.067
-0.088
-0.105
-0.112
-0.116
-0.121
-0.127
-0.132
-0.136
-0.139
-0.14
-0.141
-0.141
-0.141
-0.14
-0.137
-0.134
-0.131
-0.128
-0.126
-0.124
-0.121
-0.119
-0.116
-0.114
-0.112
-0.109
-0.106
-0.101
-0.096
-0.091
-0.087
-0.084
-0.083
-0.082
-0.081
-0.08
-0.079
-0.078
-0.076
-0.073
-0.064
-0.066
-0.087
-0.1
-0.11
-0.119
-0.125
-0.129
-0.128
-0.123
-0.116
-0.107
-0.097
-0.086
-0.069
-0.056
-0.05
-0.045
-0.041
-0.036
-0.032
-0.029
-0.03
-0.034
-0.039
-0.044
-0.052
-0.058
-0.058
-0.044
-0.025
-0.004
0.022
0.03
0.033
0.036
0.039
0.043
0.043
0.038
0.03
0.026
0.022
0.019
0.016
0.014
0.011
0.007
0.004
0.0
-0.003
-0.008
-0.013
-0.018
-0.024
-0.03
-0.037
-0.045
-0.053
-0.058
-0.061
-0.064
-0.066
-0.068
-0.07
-0.073
-0.075
-0.077
-0.079
-0.081
-0.082
-0.084
-0.084
-0.083
-0.08
-0.076
-0.069
-0.062
-0.053
-0.019
0.046
0.141
0.266
0.417
0.581
0.727
0.79
0.78
0.66
0.421
0.13
-0.135
-0.314
-0.375
-0.377
-0.321
-0.231
-0.141
-0.1
-0.093
-0.088
-0.084
-0.081
-0.079
-0.076
-0.071
-0.066
-0.062
-0.058
-0.054
-0.049
-0.045
-0.038
-0.024
0.005
0.034
0.048
0.055
0.061
0.066
0.069
0.071
0.074
0.076
0.079
0.082
0.085
0.088
0.09
0.093
0.096
0.098
0.101
0.105
0.109
0.114
0.125
0.149
0.173
0.183
0.188
0.193
0.198
0.202
0.206
0.21
0.214
0.218
0.221
0.223
0.225
0.225
0.226
0.227
0.229
0.231
0.233
0.235
0.239
0.243
0.246
0.249
0.249
0.245
0.237
0.228
0.217
0.204
0.182
0.162
0.142
0.121
0.095
0.054
0.029
0.013
0.001
-0.009
-0.018
-0.025
-0.032
-0.039
-0.047
-0.055
-0.063
-0.072
-0.08
-0.089
-0.098
-0.107
-0.114
-0.116
-0.117
-0.118
-0.119
-0.121
-0.123
-0.125
-0.127
-0.128
-0.129
-0.129
-0.129
-0.128
-0.127
-0.126
-0.125
-0.124
-0.123
-0.122
-0.122
-0.121
-0.121
-0.121
-0.121
-0.122
-0.123
-0.123
-0.124
-0.124
-0.125
-0.126
-0.128
-0.129
-0.13
-0.131
-0.132
-0.133
-0.133
-0.133
-0.132
-0.132
-0.131
-0.131
-0.131
-0.132
-0.133
-0.133
-0.134
-0.136
-0.138
-0.139
-0.141
-0.142
-0.142
-0.143
-0.145
-0.146
-0.148
-0.15
-0.152
-0.155
-0.157
-0.16
-0.164
-0.169
-0.175
-0.181
-0.188
-0.193
-0.197
-0.198
-0.197
-0.194
-0.19
-0.186
-0.181
-0.176
-0.172
-0.17
-0.169
-0.169
-0.169
-0.169
-0.168
-0.168
-0.168
-0.169
-0.169
-0.168
-0.166
-0.164
-0.162
-0.161
-0.16
-0.16
-0.159
-0.158
-0.156
-0.154
-0.152
-0.15
-0.146
-0.14
-0.133
-0.126
-0.117
-0.102
-0.086
-0.072
-0.062
-0.054
-0.047
-0.043
-0.039
-0.036
-0.032
-0.03
-0.029
-0.03
-0.032
-0.036
-0.04
-0.045
-0.05
-0.055
-0.059
-0.065
-0.071
-0.076
-0.08
-0.083
-0.084
-0.082
-0.076
-0.069
-0.06
-0.052
-0.044
-0.036
-0.028
-0.021
-0.013
-0.005
0.0
0.006
0.01
0.016
0.024
0.036
0.061
0.103
0.163
0.237
0.324
0.432
0.563
0.704
0.803
0.836
0.795
0.671
0.452
0.218
0.025
-0.081
-0.116
-0.136
-0.144
-0.142
-0.134
-0.119
-0.069
0.02
0.094
0.121
0.13
0.127
0.122
0.117
0.112
0.108
0.112
0.131
0.151
0.162
0.168
0.173
0.176
0.18
0.186
0.192
0.197
0.201
0.204
0.207
0.21
0.213
0.216
0.219
0.222
0.225
0.229
0.234
0.238
0.243
0.248
0.252
0.257
0.262
0.268
0.275
0.282
0.289
0.297
0.307
0.318
0.331
0.344
0.357
0.371
0.385
0.403
0.417
0.424
0.426
0.428
0.431
0.436
0.439
0.428
0.409
0.398
0.39
0.383
0.377
0.372
0.366
0.36
0.353
0.348
0.344
0.339
0.334
0.327
0.313
0.287
0.264
0.242
0.22
0.2
0.179
0.159
0.137
0.114
0.093
0.077
0.07
0.066
0.062
0.059
0.056
0.053
0.051
0.049
0.047
0.046
0.045
0.045
0.045
0.045
0.045
0.043
0.041
0.039
0.036
0.032
0.028
0.024
0.017
0.01
0.003
-0.002
-0.008
-0.012
-0.017
-0.023
-0.028
-0.033
-0.037
-0.04
-0.043
-0.044
-0.044
-0.042
-0.04
-0.037
-0.034
-0.03
-0.026
-0.022
-0.017
-0.009
0.0
0.004
0.0
-0.011
-0.022
-0.027
-0.03
-0.034
-0.037
-0.04
-0.044
-0.048
-0.052
-0.056
-0.06
-0.065
-0.07
-0.074
-0.079
-0.083
-0.086
-0.09
-0.092
-0.094
-0.096
-0.099
-0.102
-0.106
-0.109
-0.112
-0.114
-0.117
-0.119
-0.121
-0.123
-0.124
-0.125
-0.125
-0.125
-0.125
-0.125
-0.125
-0.124
-0.124
-0.124
-0.124
-0.125
-0.126
-0.126
-0.126
-0.126
-0.127
-0.127
-0.128
-0.129
-0.129
-0.128
-0.127
-0.125
-0.123
-0.122
-0.12
-0.118
-0.115
-0.111
-0.108
-0.104
-0.101
-0.097
-0.092
-0.079
-0.063
-0.053
-0.048
-0.044
-0.04
-0.037
-0.032
-0.029
-0.026
-0.025
-0.025
-0.029
-0.037
-0.048
-0.061
-0.079
-0.109
-0.132
-0.144
-0.152
-0.158
-0.162
-0.166
-0.168
-0.169
-0.17
-0.171
-0.171
-0.169
-0.166
-0.163
-0.159
-0.154
-0.15
-0.145
-0.136
-0.126
-0.117
-0.109
-0.098
-0.057
0.016
0.123
0.254
0.395
0.521
0.59
0.589
0.519
0.356
0.148
-0.069
-0.262
-0.399
-0.432
-0.443
-0.417
-0.341
-0.272
-0.209
-0.17
-0.135
-0.111
-0.089
-0.079
-0.074
-0.068
-0.063
-0.058
-0.053
-0.048
-0.042
-0.037
-0.032
-0.028
-0.025
-0.022
-0.019
-0.018
-0.016
-0.014
-0.011
-0.008
-0.005
-0.001
0.002
0.006
0.01
0.013
0.015
0.017
0.017
0.017
0.017
0.018
0.021
0.025
0.032
0.049
0.064
0.079
0.089
0.096
0.103
0.108
0.112
0.117
0.121
0.127
0.133
0.139
0.145
0.151
0.156
0.162
0.167
0.173
0.177
0.177
0.174
0.169
0.162
0.155
0.148
0.14
0.129
0.117
0.106
0.097
0.09
0.084
0.078
0.07
0.059
0.046
0.03
0.001
-0.036
-0.052
-0.059
-0.065
-0.07
-0.074
-0.076
-0.077
-0.078
-0.077
-0.077
-0.075
-0.073
-0.071
-0.067
-0.063
-0.059
-0.052
-0.038
-0.033
-0.028
-0.022
-0.024
-0.038
-0.047
-0.054
-0.06
-0.064
-0.067
-0.067
-0.065
-0.063
-0.061
-0.058
-0.055
-0.05
-0.045
-0.042
-0.046
-0.055
-0.066
-0.072
-0.078
-0.084
-0.089
-0.094
-0.098
-0.102
-0.105
-0.108
-0.111
-0.113
-0.116
-0.118
-0.121
-0.124
-0.127
-0.131
-0.135
-0.139
-0.144
-0.15
-0.157
-0.164
-0.17
-0.174
-0.179
-0.188
-0.2
-0.183
-0.165
-0.15
-0.139
-0.129
-0.113
-0.097
-0.088
-0.082
-0.08
-0.081
-0.085
-0.088
-0.09
-0.092
-0.094
-0.096
-0.098
-0.101
-0.104
-0.107
-0.11
-0.112
-0.113
-0.114
-0.116
-0.118
-0.121
-0.123
-0.125
-0.126
-0.126
-0.125
-0.123
-0.119
-0.115
-0.11
-0.107
-0.103
-0.098
-0.094
-0.089
-0.085
-0.081
-0.077
-0.073
-0.067
-0.058
-0.045
-0.033
-0.021
-0.011
-0.002
0.007
0.017
0.027
0.036
0.045
0.051
0.051
0.045
0.037
0.029
0.019
0.01
0.0
-0.015
-0.031
-0.038
-0.044
-0.048
-0.05
-0.048
-0.043
-0.036
-0.027
-0.016
-0.007
0.0
0.007
0.006
-0.011
-0.031
-0.053
-0.07
-0.082
-0.092
-0.098
-0.097
-0.09
-0.074
-0.028
0.043
0.137
0.254
0.391
0.538
0.659
0.708
0.7
0.607
0.408
0.149
-0.107
-0.307
-0.408
-0.42
-0.379
-0.299
-0.228
-0.169
-0.12
-0.089
-0.06
-0.041
-0.036
-0.031
-0.025
-0.04
-0.054
-0.066
-0.074
-0.074
-0.068
-0.057
-0.044
-0.027
-0.017
-0.011
-0.008
-0.005
-0.002
0.001
0.006
0.013
0.027
0.045
0.052
0.057
0.06
0.06
0.059
0.056
0.053
0.051
0.047
0.045
0.051
0.063
0.082
0.108
0.132
0.159
0.181
0.194
0.206
0.215
0.225
0.235
0.245
0.256
0.262
0.267
0.272
0.275
0.277
0.277
0.274
0.268
0.262
0.257
0.253
0.249
0.244
0.24
0.236
0.232
0.227
0.223
0.22
0.216
0.211
0.206
0.2
0.19
0.168
0.148
0.127
0.106
0.083
0.066
0.055
0.045
0.035
0.025
0.018
0.011
0.006
0.001
-0.004
-0.01
-0.017
-0.023
-0.028
-0.034
-0.041
-0.051
-0.06
-0.064
-0.066
-0.068
-0.071
-0.074
-0.077
-0.077
-0.071
-0.063
-0.058
-0.056
-0.053
-0.05
-0.047
-0.044
-0.04
-0.038
-0.036
-0.036
-0.036
-0.035
-0.034
-0.032
-0.03
-0.025
-0.015
-0.014
-0.025
-0.03
-0.034
-0.038
-0.043
-0.045
-0.046
-0.045
-0.042
-0.04
-0.038
-0.036
-0.033
-0.03
-0.027
-0.025
-0.024
-0.025
-0.027
-0.031
-0.034
-0.038
-0.042
-0.046
-0.052
-0.057
-0.062
-0.065
-0.065
-0.064
-0.061
-0.058
-0.054
-0.049
-0.042
-0.036
-0.033
-0.035
-0.038
-0.04
-0.043
-0.046
-0.048
-0.049
-0.048
-0.046
-0.044
-0.042
-0.04
-0.037
-0.034
-0.031
-0.027
-0.023
-0.018
-0.013
-0.007
0.0
0.007
0.016
0.032
0.046
0.055
0.061
0.066
0.071
0.077
0.081
0.084
0.086
0.085
0.08
0.074
0.066
0.058
0.044
0.02
-0.004
-0.018
-0.027
-0.034
-0.04
-0.046
-0.054
-0.063
-0.071
-0.079
-0.086
-0.092
-0.1
-0.107
-0.112
-0.117
-0.12
-0.123
-0.124
-0.124
-0.123
-0.122
-0.118
-0.112
-0.104
-0.093
-0.05
0.011
0.096
0.206
0.336
0.476
0.606
0.69
0.697
0.648
0.48
0.233
-0.035
-0.257
-0.375
-0.414
-0.394
-0.332
-0.256
-0.189
-0.147
-0.116
-0.098
-0.084
-0.073
-0.063
-0.051
-0.039
-0.027
-0.016
-0.005
0.004
0.013
0.022
0.029
0.035
0.041
0.045
0.049
0.052
0.055
0.058
0.061
0.064
0.068
0.072
0.076
0.081
0.085
0.089
0.093
0.098
0.104
0.11
0.115
0.121
0.125
0.13
0.135
0.14
0.147
0.153
0.16
0.167
0.173
0.18
0.186
0.192
0.198
0.204
0.21
0.216
0.22
0.223
0.225
0.227
0.231
0.238
0.236
0.218
0.205
0.196
0.187
0.179
0.173
0.167
0.161
0.155
0.148
0.143
0.135
0.125
0.113
0.098
0.081
0.058
0.037
0.017
-0.004
-0.032
-0.069
-0.088
-0.1
-0.109
-0.118
-0.125
-0.13
-0.135
-0.139
-0.142
-0.144
-0.145
-0.145
-0.145
-0.144
-0.144
-0.144
-0.144
-0.144
-0.145
-0.145
-0.144
-0.141
-0.135
-0.13
-0.125
-0.123
-0.12
-0.117
-0.114
-0.111
-0.108
-0.107
-0.107
-0.108
-0.109
-0.11
-0.11
-0.112
-0.113
-0.115
-0.116
-0.118
-0.119
-0.119
-0.12
-0.121
-0.122
-0.123
-0.124
-0.126
-0.127
-0.128
-0.13
-0.13
-0.131
-0.131
-0.131
-0.132
-0.134
-0.135
-0.137
-0.139
-0.14
-0.142
-0.143
-0.144
-0.145
-0.146
-0.147
-0.149
-0.15
-0.153
-0.155
-0.158
-0.161
-0.164
-0.166
-0.167
-0.167
-0.165
-0.162
-0.159
-0.155
-0.152
-0.148
-0.145
-0.141
-0.138
-0.136
-0.135
-0.132
-0.129
-0.125
-0.12
-0.114
-0.11
-0.105
-0.1
-0.094
-0.089
-0.085
-0.083
-0.081
-0.08
-0.078
-0.075
-0.071
-0.067
-0.064
-0.063
-0.061
-0.06
-0.059
-0.059
-0.06
-0.063
-0.065
-0.068
-0.07
-0.072
-0.073
-0.076
-0.079
-0.083
-0.084
-0.083
-0.077
-0.07
-0.063
-0.057
-0.051
-0.045
-0.039
-0.032
-0.025
-0.019
-0.014
-0.009
0.0
0.012
0.066
0.16
0.287
0.44
0.602
0.745
0.833
0.842
0.798
0.646
0.427
0.173
-0.07
-0.261
-0.333
-0.357
-0.333
-0.261
-0.193
-0.15
-0.113
-0.086
-0.059
-0.037
-0.018
-0.003
0.009
0.017
0.022
0.026
0.03
0.034
0.037
0.04
0.043
0.045
0.049
0.052
0.055
0.057
0.06
0.063
0.066
0.069
0.074
0.078
0.083
0.088
0.092
0.097
0.102
0.106
0.111
0.115
0.12
0.126
0.133
0.141
0.149
0.156
0.163
0.168
0.172
0.174
0.176
0.176
0.177
0.177
0.177
0.178
0.179
0.181
0.183
0.184
0.186
0.186
0.187
0.186
0.184
0.181
0.177
0.172
0.166
0.159
0.153
0.146
0.135
0.123
0.108
0.092
0.076
0.061
0.047
0.037
0.028
0.021
0.016
0.011
0.006
0.0
-0.007
-0.016
-0.025
-0.035
-0.046
-0.062
-0.075
-0.079
-0.08
-0.081
-0.082
-0.084
-0.083
-0.074
-0.071
-0.07
-0.069
-0.067
-0.065
-0.065
-0.064
-0.064
-0.064
-0.063
-0.063
-0.062
-0.062
-0.062
-0.062
-0.061
-0.06
-0.058
-0.056
-0.055
-0.054
-0.053
-0.053
-0.053
-0.051
-0.05
-0.049
-0.047
-0.044
-0.04
-0.037
-0.034
-0.034
-0.037
-0.044
-0.052
-0.064
-0.081
-0.091
-0.097
-0.102
-0.106
-0.111
-0.116
-0.122
-0.126
-0.13
-0.134
-0.137
-0.141
-0.143
-0.143
-0.143
-0.143
-0.143
-0.141
-0.139
-0.135
-0.131
-0.127
-0.124
-0.121
-0.12
-0.118
-0.115
-0.111
-0.108
-0.104
-0.101
-0.096
-0.092
-0.087
-0.084
-0.08
-0.077
-0.074
-0.069
-0.059
-0.039
-0.023
-0.015
-0.01
-0.004
0.0
0.003
0.004
0.002
-0.003
-0.01
-0.015
-0.018
-0.02
-0.024
-0.028
-0.033
-0.038
-0.042
-0.046
-0.05
-0.055
-0.059
-0.063
-0.066
-0.068
-0.072
-0.078
-0.086
-0.092
-0.095
-0.093
-0.089
-0.081
-0.07
-0.033
0.023
0.087
0.162
0.248
0.347
0.448
0.539
0.595
0.597
0.55
0.411
0.216
0.007
-0.173
-0.264
-0.297
-0.299
-0.286
-0.275
-0.266
-0.255
-0.239
-0.19
-0.122
-0.048
0.001
0.02
0.02
0.002
-0.015
-0.032
-0.046
-0.056
-0.064
-0.071
-0.077
-0.079
-0.077
-0.072
-0.065
-0.058
-0.046
-0.032
-0.017
-0.006
0.001
0.009
0.016
0.023
0.031
0.037
0.043
0.048
0.054
0.059
0.064
0.068
0.071
0.074
0.077
0.08
0.083
0.085
0.086
0.086
0.087
0.088
0.09
0.092
0.094
0.097
0.1
0.105
0.111
0.117
0.122
0.127
0.132
0.138
0.145
0.151
0.153
0.15
0.146
0.141
0.135
0.124
0.099
0.076
0.059
0.039
0.02
0.001
-0.016
-0.028
-0.037
-0.044
-0.05
-0.055
-0.06
-0.064
-0.068
-0.072
-0.077
-0.081
-0.084
-0.086
-0.086
-0.084
-0.08
-0.075
-0.069
-0.06
-0.045
-0.026
-0.007
0.011
0.025
0.038
0.051
0.067
0.077
0.084
0.09
0.094
0.097
0.1
0.102
0.105
0.108
0.112
0.114
0.114
0.112
0.107
0.102
0.096
0.087
0.088
0.099
0.116
0.135
0.144
0.149
0.153
0.155
0.154
0.15
0.144
0.137
0.129
0.117
0.111
0.116
0.125
0.133
0.143
0.153
0.164
0.176
0.192
0.209
0.233
0.258
0.274
0.287
0.301
0.312
0.322
0.333
0.346
0.357
0.368
0.376
0.383
0.39
0.398
0.411
0.43
0.456
0.481
0.5
0.521
0.543
0.57
0.593
0.607
0.614
0.607
0.595
0.586
0.579
0.572
0.565
0.559
0.553
0.545
0.533
0.515
0.502
0.484
0.463
0.444
0.421
0.397
0.38
0.368
0.359
0.352
0.342
0.326
0.302
0.273
0.248
0.227
0.218
0.212
0.208
0.207
0.209
0.216
0.226
0.243
0.268
0.302
0.354
0.422
0.498
0.575
0.647
0.71
0.749
0.75
0.72
0.632
0.508
0.368
0.239
0.142
0.098
0.095
0.124
0.186
0.253
0.311
0.366
0.426
0.462
0.474
0.454
0.394
0.32
0.243
0.162
0.082
0.023
-0.018
-0.042
-0.084
-0.123
-0.167
-0.194
-0.225
-0.253
-0.278
-0.307
-0.331
-0.35
-0.366
-0.375
-0.382
-0.386
-0.39
-0.393
-0.395
-0.397
-0.398
-0.4
-0.404
-0.409
-0.391
-0.363
-0.334
-0.289
-0.243
-0.191
-0.135
-0.084
-0.039
-0.021
-0.014
-0.012
-0.01
-0.009
-0.008
-0.007
-0.006
-0.005
-0.005
-0.005
-0.005
-0.006
-0.007
-0.008
-0.008
-0.009
-0.011
-0.014
-0.021
-0.03
-0.042
-0.057
-0.073
-0.093
-0.122
-0.156
-0.186
-0.213
-0.238
-0.255
-0.267
-0.276
-0.284
-0.288
-0.291
-0.294
-0.296
-0.299
-0.3
-0.301
-0.302
-0.302
-0.302
-0.302
-0.302
-0.301
-0.298
-0.295
-0.293
-0.29
-0.288
-0.285
-0.281
-0.277
-0.268
-0.257
-0.246
-0.236
-0.231
-0.227
-0.224
-0.222
-0.219
-0.217
-0.215
-0.212
-0.209
-0.204
-0.199
-0.194
-0.19
-0.187
-0.184
-0.181
-0.178
-0.175
-0.173
-0.171
-0.169
-0.168
-0.166
-0.164
-0.162
-0.16
-0.157
-0.155
-0.152
-0.149
-0.147
-0.145
-0.143
-0.142
-0.142
-0.141
-0.14
-0.138
-0.135
-0.131
-0.126
-0.121
-0.115
-0.108
-0.101
-0.094
-0.087
-0.081
-0.075
-0.068
-0.057
-0.046
-0.033
-0.02
-0.011
-0.003
0.003
0.011
0.02
0.029
0.037
0.044
0.05
0.058
0.065
0.071
0.072
0.07
0.064
0.057
0.048
0.036
0.017
0.0
-0.007
-0.013
-0.018
-0.022
-0.026
-0.028
-0.03
-0.03
-0.03
-0.029
-0.027
-0.024
-0.019
-0.013
-0.007
0.0
0.005
0.014
0.024
0.033
0.041
0.047
0.056
0.074
0.105
0.138
0.173
0.234
0.313
0.417
0.539
0.665
0.778
0.859
0.868
0.831
0.668
0.428
0.174
-0.041
-0.18
-0.205
-0.197
-0.133
-0.064
0.0
0.046
0.072
0.092
0.107
0.127
0.156
0.181
0.192
0.198
0.203
0.206
0.207
0.207
0.207
0.206
0.203
0.2
0.199
0.201
0.202
0.202
0.203
0.203
0.204
0.203
0.203
0.204
0.203
0.201
0.197
0.192
0.186
0.18
0.176
0.172
0.169
0.166
0.163
0.161
0.158
0.156
0.155
0.154
0.154
0.155
0.156
0.158
0.161
0.165
0.171
0.176
0.182
0.188
0.193
0.201
0.21
0.217
0.22
0.221
0.222
0.222
0.224
0.226
0.229
0.23
0.228
0.22
0.21
0.195
0.168
0.14
0.114
0.089
0.063
0.036
0.005
-0.017
-0.03
-0.042
-0.054
-0.067
-0.084
-0.107
-0.13
-0.153
-0.176
-0.199
-0.208
-0.213
-0.216
-0.219
-0.222
-0.223
-0.223
-0.223
-0.224
-0.226
-0.229
-0.232
-0.235
-0.236
-0.238
-0.239
-0.241
-0.243
-0.246
-0.248
-0.249
-0.253
-0.259
-0.267
-0.274
-0.279
-0.279
-0.277
-0.274
-0.269
-0.264
-0.256
-0.241
-0.242
-0.262
-0.277
-0.288
-0.298
-0.305
-0.307
-0.308
-0.309
-0.314
-0.319
-0.306
-0.298
-0.294
-0.29
-0.286
-0.284
-0.282
-0.282
-0.282
-0.282
-0.282
-0.282
-0.282
-0.284
-0.286
-0.288
-0.29
-0.29
-0.291
-0.293
-0.295
-0.297
-0.298
-0.295
-0.288
-0.279
-0.27
-0.261
-0.25
-0.238
-0.229
-0.221
-0.214
-0.21
-0.207
-0.204
-0.201
-0.198
-0.196
-0.195
-0.194
-0.192
-0.191
-0.191
-0.192
-0.194
-0.197
-0.2
-0.202
-0.205
-0.209
-0.214
-0.219
-0.224
-0.228
-0.236
-0.246
-0.256
-0.265
-0.273
-0.281
-0.289
-0.297
-0.305
-0.313
-0.32
-0.326
-0.33
-0.335
-0.34
-0.344
-0.345
-0.339
-0.329
-0.312
-0.259
-0.186
-0.086
0.047
0.218
0.419
0.626
0.797
0.862
0.853
0.742
0.533
0.283
0.046
-0.135
-0.218
-0.223
-0.168
-0.072
0.012
0.075
0.132
0.192
0.257
0.296
0.322
0.335
0.345
0.353
0.359
0.363
0.365
0.368
0.371
0.373
0.374
0.375
0.375
0.375
0.376
0.377
0.379
0.381
0.382
0.383
0.384
0.386
0.387
0.39
0.392
0.396
0.4
0.408
0.424
0.431
0.433
0.436
0.44
0.438
0.423
0.412
0.404
0.397
0.395
0.401
0.413
0.426
0.436
0.446
0.455
0.462
0.465
0.468
0.47
0.472
0.474
0.475
0.476
0.477
0.478
0.478
0.478
0.477
0.474
0.469
0.461
0.452
