0.048
0.016
0.0
-0.004
-0.002
0.006
0.011
0.0
-0.019
-0.034
-0.042
-0.048
-0.048
-0.037
-0.022
0.0
0.018
0.03
0.029
0.02
0.014
0.011
0.008
0.004
0.002
0.001
0.002
0.003
0.005
0.007
0.009
0.012
0.018
0.02
0.017
0.013
0.009
0.02
0.033
0.043
0.044
0.039
0.032
0.026
0.036
0.056
0.07
0.075
0.077
0.079
0.08
0.08
0.079
0.078
0.075
0.072
0.068
0.062
0.058
0.063
0.074
0.092
0.108
0.114
0.119
0.118
0.113
0.11
0.109
0.107
0.101
0.092
0.082
0.074
0.067
0.061
0.054
0.048
0.043
0.038
0.034
0.029
0.024
0.018
0.012
0.006
0.001
-0.002
-0.004
-0.006
-0.008
-0.011
-0.013
-0.015
-0.016
-0.017
-0.018
-0.019
-0.02
-0.021
-0.021
-0.021
-0.02
-0.019
-0.019
-0.019
-0.019
-0.02
-0.02
-0.02
-0.02
-0.021
-0.024
-0.013
-0.001
0.009
0.01
0.003
-0.001
-0.005
-0.008
-0.012
-0.014
-0.017
-0.02
-0.025
-0.031
-0.022
-0.012
-0.003
-0.002
-0.011
-0.015
-0.018
-0.021
-0.023
-0.024
-0.026
-0.028
-0.029
-0.031
-0.032
-0.033
-0.033
-0.032
-0.031
-0.029
-0.026
-0.024
-0.022
-0.02
-0.019
-0.017
-0.015
-0.012
-0.01
-0.007
-0.004
-0.001
0.001
0.004
0.007
0.008
0.008
0.007
0.003
0.0
-0.005
-0.01
-0.015
-0.025
-0.033
-0.034
-0.031
-0.025
-0.02
-0.014
-0.007
-0.001
0.005
0.013
0.024
0.025
0.017
0.009
0.0
-0.001
0.003
0.008
0.012
0.016
0.015
0.01
0.002
-0.009
-0.027
-0.04
-0.05
-0.05
-0.041
-0.035
-0.031
-0.026
-0.019
-0.011
-0.001
0.009
0.023
0.024
0.014
0.003
-0.007
0.002
0.01
0.014
0.018
0.022
0.025
0.027
0.029
0.031
0.036
0.043
0.042
0.027
0.013
0.001
-0.007
-0.014
-0.018
-0.023
-0.03
-0.033
-0.029
-0.02
-0.012
-0.004
0.002
0.008
0.013
0.016
0.02
0.024
0.027
0.028
0.027
0.024
0.019
0.013
0.008
0.0
-0.005
-0.001
0.009
0.04
0.088
0.148
0.214
0.28
0.332
0.349
0.332
0.281
0.182
0.08
0.014
-0.006
0.005
0.018
0.028
0.027
0.013
0.001
-0.01
-0.015
-0.012
-0.007
0.0
0.006
0.007
-0.002
-0.011
-0.02
-0.024
-0.019
-0.007
0.0
0.007
0.013
0.017
0.017
0.016
0.015
0.013
0.011
0.008
0.006
0.011
0.02
0.026
0.031
0.036
0.04
0.041
0.04
0.038
0.035
0.032
0.03
0.028
0.025
0.022
0.019
0.019
0.02
0.022
0.025
0.029
0.033
0.039
0.044
0.044
0.04
0.035
0.031
0.027
0.023
0.02
0.019
0.022
0.027
0.034
0.041
0.046
0.052
0.059
0.064
0.068
0.068
0.066
0.061
0.055
0.049
0.043
0.036
0.029
0.021
0.014
0.008
0.001
-0.009
-0.024
-0.04
-0.047
-0.051
-0.054
-0.058
-0.06
-0.061
-0.062
-0.063
-0.065
-0.066
-0.068
-0.069
-0.068
-0.067
-0.067
-0.067
-0.068
-0.069
-0.069
-0.068
-0.068
-0.069
-0.071
-0.074
-0.076
-0.076
-0.076
-0.076
-0.076
-0.076
-0.077
-0.076
-0.075
-0.074
-0.074
-0.075
-0.074
-0.06
-0.05
-0.041
-0.035
-0.031
-0.033
-0.039
-0.047
-0.054
-0.06
-0.067
-0.075
-0.082
-0.084
-0.081
-0.075
-0.067
-0.06
-0.056
-0.051
-0.046
-0.04
-0.036
-0.035
-0.035
-0.037
-0.038
-0.038
-0.038
-0.039
-0.041
-0.044
-0.047
-0.049
-0.049
-0.046
-0.043
-0.039
-0.035
-0.031
-0.022
-0.015
-0.016
-0.019
-0.022
-0.024
-0.028
-0.03
-0.031
-0.03
-0.026
-0.021
-0.017
-0.014
-0.01
-0.005
-0.001
0.001
0.003
0.003
0.002
0.0
-0.004
-0.009
-0.014
-0.019
-0.024
-0.029
-0.035
-0.039
-0.042
-0.042
-0.037
-0.028
-0.018
-0.009
-0.001
0.008
0.019
0.028
0.031
0.033
0.033
0.034
0.035
0.038
0.041
0.043
0.046
0.048
0.051
0.057
0.056
0.041
0.03
0.021
0.013
0.008
0.005
0.004
0.003
0.001
-0.001
-0.003
-0.003
-0.001
0.002
0.007
0.011
0.014
0.017
0.021
0.025
0.028
0.032
0.036
0.039
0.041
0.043
0.046
0.051
0.057
0.088
0.131
0.187
0.248
0.286
0.299
0.279
0.217
0.121
0.026
-0.042
-0.064
-0.055
-0.027
0.012
0.026
0.024
0.001
-0.021
-0.042
-0.043
-0.025
-0.011
0.001
0.011
0.011
0.004
-0.005
-0.013
-0.022
-0.03
-0.035
-0.039
-0.041
-0.044
-0.046
-0.049
-0.051
-0.053
-0.053
-0.054
-0.054
-0.053
-0.053
-0.053
-0.052
-0.05
-0.049
-0.047
-0.046
-0.045
-0.044
-0.042
-0.04
-0.039
-0.037
-0.037
-0.037
-0.036
-0.036
-0.035
-0.035
-0.035
-0.037
-0.041
-0.044
-0.046
-0.049
-0.055
-0.032
-0.016
-0.007
0.0
0.005
0.011
0.017
0.021
0.024
0.027
0.03
0.033
0.037
0.04
0.039
0.035
0.026
0.017
0.01
0.007
0.004
0.0
-0.003
-0.006
-0.008
-0.009
-0.01
-0.011
-0.014
-0.018
-0.022
-0.024
-0.025
-0.025
-0.025
-0.025
-0.025
-0.026
-0.026
-0.027
-0.028
-0.031
-0.035
-0.039
-0.041
-0.041
-0.038
-0.033
-0.03
-0.027
-0.023
-0.019
-0.016
-0.012
-0.01
-0.008
-0.007
-0.007
-0.007
-0.007
-0.007
-0.007
-0.004
-0.005
-0.013
-0.019
-0.023
-0.027
-0.028
-0.025
-0.018
-0.008
0.0
0.003
0.009
0.016
0.023
0.028
0.028
0.025
0.019
0.012
0.007
0.003
0.0
-0.006
-0.012
-0.018
-0.021
-0.021
-0.02
-0.019
-0.018
-0.017
-0.016
-0.013
-0.01
-0.007
-0.005
-0.003
-0.001
0.001
0.004
0.007
0.009
0.011
0.011
0.011
0.011
0.012
0.013
0.014
0.014
0.013
0.011
0.009
0.007
0.005
0.004
0.002
0.0
0.0
0.001
0.004
0.01
0.017
0.027
0.041
0.051
0.058
0.063
0.068
0.071
0.072
0.07
0.064
0.056
0.049
0.04
0.026
0.027
0.042
0.052
0.059
0.066
0.074
0.082
0.09
0.095
0.1
0.106
0.113
0.12
0.124
0.124
0.119
0.111
0.104
0.097
0.092
0.085
0.077
0.069
0.063
0.059
0.058
0.058
0.057
0.057
0.056
0.055
0.056
0.056
0.056
0.056
0.055
0.055
0.057
0.061
0.066
0.071
0.078
0.085
0.092
0.102
0.133
0.18
0.232
0.281
0.302
0.316
0.325
0.312
0.272
0.195
0.101
0.028
0.001
0.001
0.021
0.038
0.054
0.062
0.055
0.043
0.036
0.03
0.025
0.021
0.018
0.016
0.015
0.014
0.012
0.011
0.011
0.012
0.012
0.013
0.011
0.008
0.006
0.007
0.011
0.015
0.017
0.018
0.02
0.022
0.026
0.029
0.032
0.034
0.035
0.035
0.037
0.039
0.041
0.042
0.043
0.047
0.057
0.057
0.049
0.043
0.038
0.034
0.029
0.024
0.019
0.013
0.002
0.004
0.022
0.037
0.047
0.057
0.067
0.077
0.086
0.095
0.108
0.117
0.118
0.112
0.105
0.101
0.097
0.094
0.091
0.088
0.085
0.081
0.077
0.073
0.068
0.062
0.056
0.051
0.046
0.041
0.034
0.028
0.022
0.018
0.017
0.018
0.019
0.02
0.021
0.021
0.024
0.03
0.03
0.016
0.004
-0.005
-0.015
-0.021
-0.026
-0.033
-0.043
-0.041
-0.022
-0.014
-0.008
-0.003
0.001
0.005
0.008
0.01
0.011
0.012
0.013
0.013
0.013
0.012
0.009
0.005
0.001
-0.002
-0.004
-0.006
-0.008
-0.01
-0.012
-0.013
-0.013
-0.012
-0.011
-0.01
-0.01
-0.009
-0.007
-0.005
-0.003
-0.001
0.0
0.0
-0.004
-0.009
-0.016
-0.021
-0.028
-0.034
-0.039
-0.04
-0.038
-0.036
-0.033
-0.029
-0.023
-0.022
-0.023
-0.024
-0.025
-0.026
-0.026
-0.022
-0.015
-0.007
0.002
0.016
0.016
0.002
-0.01
-0.021
-0.031
-0.039
-0.047
-0.054
-0.059
-0.059
-0.055
-0.05
-0.048
-0.046
-0.043
-0.041
-0.039
-0.038
-0.038
-0.038
-0.038
-0.038
-0.04
-0.042
-0.046
-0.05
-0.054
-0.058
-0.06
-0.064
-0.069
-0.074
-0.077
-0.077
-0.075
-0.072
-0.07
-0.067
-0.065
-0.062
-0.058
-0.054
-0.052
-0.052
-0.054
-0.058
-0.062
-0.065
-0.07
-0.075
-0.078
-0.076
-0.071
-0.065
-0.062
-0.059
-0.056
-0.052
-0.049
-0.045
-0.043
-0.041
-0.04
-0.041
-0.042
-0.043
-0.045
-0.048
-0.052
-0.057
-0.06
-0.063
-0.067
-0.073
-0.081
-0.088
-0.094
-0.099
-0.103
-0.107
-0.112
-0.116
-0.119
-0.121
-0.122
-0.121
-0.12
-0.119
-0.116
-0.112
-0.107
-0.101
-0.09
-0.064
-0.012
0.046
0.111
0.177
0.229
0.247
0.246
0.221
0.152
0.052
-0.043
-0.099
-0.115
-0.124
-0.129
-0.131
-0.133
-0.136
-0.14
-0.145
-0.144
-0.132
-0.124
-0.117
-0.11
-0.107
-0.11
-0.116
-0.121
-0.123
-0.124
-0.125
-0.128
-0.131
-0.134
-0.137
-0.138
-0.139
-0.139
-0.139
-0.137
-0.135
-0.131
-0.126
-0.121
-0.117
-0.114
-0.112
-0.11
-0.108
-0.107
-0.105
-0.105
-0.104
-0.102
-0.099
-0.094
-0.09
-0.087
-0.085
-0.084
-0.082
-0.08
-0.078
-0.077
-0.076
-0.075
-0.074
-0.07
-0.066
-0.061
-0.057
-0.053
-0.049
-0.044
-0.038
-0.033
-0.028
-0.025
-0.022
-0.018
-0.013
-0.008
-0.003
0.0
0.002
0.004
0.006
0.006
0.005
0.003
-0.001
-0.006
-0.012
-0.017
-0.022
-0.028
-0.038
-0.049
-0.054
-0.057
-0.06
-0.062
-0.065
-0.068
-0.07
-0.072
-0.072
-0.072
-0.071
-0.07
-0.069
-0.067
-0.064
-0.06
-0.055
-0.05
-0.045
-0.039
-0.028
-0.019
-0.018
-0.025
-0.034
-0.041
-0.048
-0.054
-0.059
-0.059
-0.053
-0.043
-0.032
-0.021
-0.007
0.003
0.004
0.001
-0.002
-0.004
-0.007
-0.011
-0.014
-0.015
-0.014
-0.01
-0.006
-0.002
0.0
0.006
0.013
0.018
0.02
0.018
0.014
0.009
0.003
-0.002
-0.006
-0.001
0.006
0.015
0.026
0.026
0.014
0.006
0.001
-0.003
-0.006
-0.008
-0.005
0.001
0.01
0.02
0.029
0.042
0.054
0.059
0.057
0.052
0.048
0.046
0.045
0.044
0.043
0.042
0.04
0.038
0.035
0.033
0.032
0.031
0.031
0.033
0.034
0.037
0.039
0.043
0.046
0.05
0.054
0.058
0.063
0.066
0.072
0.086
0.094
0.099
0.104
0.108
0.112
0.114
0.111
0.105
0.099
0.095
0.091
0.086
0.082
0.08
0.08
0.083
0.088
0.094
0.099
0.103
0.109
0.116
0.122
0.126
0.127
0.126
0.124
0.122
0.121
0.118
0.114
0.11
0.106
0.105
0.109
0.114
0.12
0.124
0.128
0.133
0.137
0.141
0.141
0.138
0.132
0.124
0.115
0.106
0.093
0.08
0.067
0.056
0.049
0.044
0.04
0.036
0.033
0.031
0.03
0.03
0.033
0.037
0.044
0.052
0.061
0.081
0.114
0.154
0.201
0.255
0.31
0.363
0.381
0.389
0.394
0.374
0.313
0.253
0.193
0.137
0.085
0.034
-0.02
-0.039
-0.05
-0.042
-0.003
0.022
0.032
0.037
0.041
0.047
0.052
0.059
0.067
0.079
0.085
0.08
0.069
0.059
0.05
0.042
0.039
0.041
0.046
0.05
0.053
0.056
0.059
0.063
0.067
0.071
0.076
0.082
0.087
0.092
0.096
0.099
0.1
0.102
0.104
0.107
0.109
0.11
0.112
0.115
0.117
0.119
0.12
0.121
0.122
0.122
0.123
0.124
0.125
0.126
0.127
0.128
0.13
0.133
0.137
0.141
0.149
0.157
0.16
0.158
0.153
0.149
0.147
0.145
0.143
0.141
0.139
0.136
0.133
0.129
0.124
0.119
0.112
0.106
0.1
0.091
0.077
0.063
0.052
0.042
0.027
0.01
0.001
-0.002
-0.004
-0.007
-0.009
-0.009
-0.009
-0.009
-0.009
-0.011
-0.013
-0.014
-0.015
-0.016
-0.016
-0.016
-0.016
-0.017
-0.018
-0.02
-0.022
-0.028
-0.039
-0.04
-0.026
-0.019
-0.015
-0.012
-0.009
-0.007
-0.004
-0.001
0.002
0.005
0.007
0.01
0.012
0.015
0.019
0.024
0.035
0.041
0.032
0.017
0.008
0.001
-0.005
-0.009
-0.012
-0.011
-0.008
-0.004
0.001
0.008
0.018
0.034
0.048
0.054
0.06
0.064
0.068
0.071
0.073
0.075
0.076
0.076
0.076
0.077
0.077
0.077
0.078
0.079
0.081
0.082
0.082
0.082
0.082
0.082
0.083
0.084
0.083
0.082
0.079
0.076
0.073
0.069
0.065
0.06
0.049
