0.147
0.027
-0.159
-0.408
-0.706
-1.042
-1.446
-1.877
-2.261
-2.589
-2.839
-3.018
-3.136
-3.181
-3.196
-3.18
-3.13
-3.052
-2.951
-2.84
-2.736
-2.656
-2.602
-2.557
-2.508
-2.477
-2.443
-2.416
-2.395
-2.369
-2.34
-2.309
-2.25
-2.172
-2.089
-2.016
-1.948
-1.879
-1.81
-1.745
-1.687
-1.637
-1.604
-1.567
-1.531
-1.494
-1.456
-1.416
-1.38
-1.347
-1.318
-1.294
-1.267
-1.237
-1.211
-1.187
-1.158
-1.124
-1.093
-1.07
-1.056
-1.066
-1.096
-1.18
-1.29
-1.409
-1.537
-1.674
-1.811
-1.939
-2.056
-2.15
-2.199
-2.216
-2.221
-2.217
-2.206
-2.174
-2.125
-2.069
-2.006
-1.941
-1.896
-1.88
-1.89
-1.921
-1.981
-2.065
-2.172
-2.293
-2.416
-2.534
-2.646
-2.734
-2.78
-2.797
-2.808
-2.835
-2.891
-2.994
-3.151
-3.348
-3.566
-3.802
-4.045
-4.285
-4.508
-4.692
-4.829
-4.918
-4.95
-4.96
-4.941
-4.885
-4.834
-4.793
-4.783
-4.776
-4.763
-4.748
-4.722
-4.631
-4.418
-4.15
-3.835
-3.462
-3.056
-2.64
-2.226
-1.823
-1.466
-1.219
-1.137
-1.115
-1.101
-1.085
-1.075
-1.059
-0.999
-0.857
-0.657
-0.406
-0.103
0.26
0.658
1.04
1.368
1.633
1.826
1.921
1.934
1.907
1.832
1.745
1.645
1.528
1.412
1.307
1.209
1.109
1.008
0.916
0.829
0.74
0.647
0.564
0.509
0.462
0.392
0.3
0.185
0.044
-0.114
-0.281
-0.446
-0.608
-0.763
-0.894
-0.96
-0.985
-0.985
-0.965
-0.936
-0.903
-0.855
-0.812
-0.76
-0.699
-0.641
-0.587
-0.527
-0.454
-0.373
-0.305
-0.259
-0.232
-0.212
-0.2
-0.189
-0.179
-0.162
-0.142
-0.116
-0.072
0.0
0.098
0.212
0.332
0.455
0.574
0.685
0.79
0.901
1.016
1.126
1.219
1.293
1.334
1.348
1.327
1.266
1.139
0.961
0.745
0.499
0.236
-0.013
-0.224
-0.382
-0.462
-0.489
-0.471
-0.419
-0.333
-0.241
-0.154
-0.078
-0.036
-0.021
-0.041
-0.099
-0.204
-0.354
-0.562
-0.83
-1.145
-1.485
-1.829
-2.161
-2.452
-2.669
-2.79
-2.806
-2.764
-2.613
-2.406
-2.164
-1.897
-1.608
-1.289
-0.957
-0.625
-0.28
0.087
0.472
0.877
1.293
1.69
2.029
2.295
2.496
2.656
2.797
2.923
3.041
3.163
3.287
3.419
3.566
3.734
3.911
4.07
4.192
4.269
4.289
4.294
4.285
4.23
4.156
4.051
3.909
3.727
3.52
3.303
3.085
2.878
2.689
2.525
2.382
2.26
2.166
2.104
2.071
2.041
2.006
1.935
1.828
1.688
1.52
1.339
1.157
0.982
0.822
0.692
0.602
0.572
0.562
0.577
0.622
0.686
0.758
0.825
0.879
0.905
0.921
0.932
0.931
0.912
0.862
0.782
0.686
0.574
0.463
0.368
0.296
0.268
0.253
0.242
0.263
0.325
0.4
0.477
0.557
0.638
0.71
0.771
0.828
0.893
0.968
1.043
1.11
1.173
1.233
1.283
1.329
1.346
1.346
1.337
1.314
1.26
1.196
1.122
1.041
0.952
0.865
0.791
0.757
0.745
0.756
0.793
0.846
0.913
0.99
1.073
1.158
1.235
1.298
1.349
1.381
1.407
1.426
1.44
1.447
1.452
1.455
1.458
1.461
1.466
1.47
1.474
1.479
1.484
1.49
1.499
1.515
1.522
1.524
1.527
1.531
1.528
1.509
1.481
1.446
1.412
1.38
1.35
1.314
1.288
1.271
1.261
1.26
1.26
1.26
1.26
1.261
1.261
1.262
1.262
1.263
1.263
1.264
1.266
1.267
1.268
1.269
1.27
1.271
1.271
1.271
1.27
1.269
1.267
1.265
1.262
1.258
1.254
1.244
1.218
1.192
1.165
1.138
1.111
1.084
1.06
1.043
1.029
1.016
0.999
0.974
0.945
0.917
0.867
0.818
0.77
0.725
0.681
0.635
0.609
0.583
0.555
0.53
0.512
0.495
0.472
0.442
0.411
0.379
0.355
0.341
0.329
0.32
0.288
0.241
0.168
0.078
-0.019
-0.122
-0.229
-0.337
-0.44
-0.528
-0.595
-0.616
-0.623
-0.628
-0.616
-0.596
-0.573
-0.55
-0.523
-0.491
-0.458
-0.421
-0.386
-0.351
-0.318
-0.286
-0.251
-0.23
-0.22
-0.212
-0.207
-0.205
-0.205
-0.21
-0.218
-0.227
-0.236
-0.246
-0.259
-0.271
-0.276
-0.278
-0.28
-0.282
-0.283
-0.284
-0.285
-0.287
-0.288
-0.291
-0.296
-0.303
-0.311
-0.323
-0.345
-0.365
-0.393
-0.427
-0.454
-0.475
-0.495
-0.52
-0.551
-0.58
-0.611
-0.643
-0.672
-0.694
-0.71
-0.723
-0.729
-0.732
-0.734
-0.737
-0.74
-0.743
-0.745
-0.747
-0.748
-0.749
-0.749
-0.748
-0.745
-0.742
-0.739
-0.736
-0.733
-0.73
-0.727
-0.724
-0.721
-0.718
-0.714
-0.709
-0.703
-0.696
-0.69
-0.685
-0.68
-0.674
-0.667
-0.65
-0.619
-0.588
-0.556
-0.522
-0.493
-0.455
-0.411
-0.354
-0.288
-0.212
-0.132
-0.05
0.03
0.099
0.115
0.118
0.105
0.027
-0.079
-0.204
-0.334
-0.458
-0.564
-0.645
-0.674
-0.685
-0.667
-0.612
-0.547
-0.477
-0.411
-0.355
-0.302
-0.27
-0.236
-0.204
-0.182
-0.164
-0.145
-0.119
-0.085
-0.048
-0.01
0.03
0.063
0.11
0.159
0.192
0.231
0.267
0.299
0.333
0.369
0.401
0.454
0.508
0.567
0.631
0.698
0.767
0.834
0.896
0.951
1.004
1.035
1.057
1.072
1.078
1.075
1.064
1.035
0.984
0.91
0.803
0.664
0.494
0.31
0.143
0.024
-0.004
0.004
0.076
0.166
0.245
0.315
0.369
0.398
0.44
0.483
0.531
0.587
0.648
0.711
0.774
0.836
0.897
0.957
1.019
1.086
1.156
1.222
1.279
1.327
1.346
1.356
1.362
1.36
1.342
1.315
1.282
1.249
1.22
1.195
1.165
1.131
1.098
1.045
0.994
0.942
0.888
0.829
0.765
0.702
0.642
0.59
0.539
0.505
0.466
0.43
0.395
0.364
0.335
0.305
0.273
0.242
0.21
0.183
0.16
0.136
0.113
0.09
0.049
0.006
-0.038
-0.083
-0.126
-0.173
-0.223
-0.274
-0.305
-0.322
-0.329
-0.334
-0.338
-0.342
-0.346
-0.35
-0.354
-0.357
-0.362
-0.369
-0.384
-0.416
-0.452
-0.484
-0.533
-0.584
-0.643
-0.708
-0.771
-0.827
-0.879
-0.91
-0.945
-0.976
-1.004
-1.034
-1.065
-1.097
-1.13
-1.161
-1.189
-1.218
-1.246
-1.277
-1.307
-1.327
-1.332
-1.337
-1.342
-1.325
-1.297
-1.266
-1.212
-1.143
-1.06
-0.968
-0.87
-0.774
-0.686
-0.606
-0.537
-0.477
-0.426
-0.368
-0.342
-0.33
-0.329
-0.327
-0.323
-0.317
-0.312
-0.31
-0.31
-0.313
-0.32
-0.329
-0.337
-0.345
-0.351
-0.355
-0.355
-0.347
-0.331
-0.302
-0.267
-0.24
-0.213
-0.196
-0.188
-0.183
-0.175
-0.168
-0.159
-0.15
-0.136
-0.118
-0.099
-0.082
-0.066
-0.054
-0.045
-0.036
-0.028
-0.021
-0.012
-0.005
0.003
0.014
0.029
0.041
0.052
0.06
0.065
0.07
0.076
0.085
0.096
0.103
0.106
0.107
0.111
0.118
0.125
0.128
0.128
0.128
0.126
0.126
0.125
0.12
0.111
0.099
0.088
0.072
0.058
0.039
0.012
-0.018
-0.053
-0.091
-0.125
-0.157
-0.19
-0.225
-0.256
-0.285
-0.314
-0.34
-0.366
-0.392
-0.425
-0.465
-0.506
-0.535
-0.551
-0.561
-0.57
-0.577
-0.585
-0.593
-0.598
-0.598
-0.598
-0.602
-0.607
-0.612
-0.614
-0.613
-0.611
-0.608
-0.598
-0.585
-0.572
-0.562
-0.553
-0.543
-0.532
-0.519
-0.506
-0.495
-0.488
-0.483
-0.475
-0.468
-0.461
-0.457
