0.402
0.403
0.399
0.392
0.383
0.37
0.35
0.331
0.312
0.293
0.276
0.259
0.242
0.226
0.204
0.175
0.143
0.111
0.075
0.045
0.0
-0.044
-0.092
-0.14
-0.19
-0.248
-0.314
-0.381
-0.451
-0.525
-0.602
-0.677
-0.748
-0.812
-0.87
-0.921
-0.969
-1.016
-1.067
-1.098
-1.131
-1.161
-1.186
-1.217
-1.236
-1.245
-1.252
-1.258
-1.261
-1.262
-1.261
-1.257
-1.252
-1.246
-1.239
-1.23
-1.214
-1.199
-1.184
-1.17
-1.156
-1.142
-1.13
-1.115
-1.098
-1.081
-1.059
-1.032
-1.006
-0.978
-0.948
-0.916
-0.882
-0.85
-0.821
-0.791
-0.76
-0.731
-0.705
-0.678
-0.656
-0.64
-0.624
-0.614
-0.608
-0.602
-0.597
-0.59
-0.584
-0.577
-0.567
-0.554
-0.541
-0.527
-0.51
-0.491
-0.475
-0.462
-0.451
-0.438
-0.423
-0.407
-0.391
-0.379
-0.37
-0.358
-0.344
-0.325
-0.311
-0.3
-0.291
-0.282
-0.274
-0.265
-0.254
-0.243
-0.231
-0.219
-0.207
-0.194
-0.179
-0.162
-0.142
-0.123
-0.107
-0.093
-0.08
-0.067
-0.051
-0.032
-0.016
0.0
0.017
0.038
0.059
0.08
0.097
0.121
0.147
0.169
0.195
0.224
0.252
0.277
0.303
0.328
0.355
0.375
0.388
0.4
0.413
0.424
0.432
0.439
0.446
0.452
0.457
0.461
0.465
0.468
0.471
0.474
0.478
0.482
0.486
0.491
0.497
0.504
0.513
0.528
0.54
0.55
0.554
0.558
0.56
0.562
0.564
0.565
0.566
0.566
0.567
0.568
0.569
0.571
0.572
0.573
0.574
0.574
0.574
0.575
0.575
0.576
0.577
0.578
0.578
0.58
0.583
0.586
0.589
0.59
0.589
0.584
0.577
0.568
0.56
0.548
0.536
0.525
0.514
0.502
0.488
0.479
0.474
0.47
0.466
0.463
0.461
0.465
0.475
0.487
0.499
0.512
0.524
0.532
0.539
0.547
0.556
0.565
0.576
0.605
0.655
0.734
0.842
0.969
1.097
1.205
1.286
1.328
1.342
1.326
1.28
1.196
1.084
0.953
0.818
0.697
0.595
0.514
0.45
0.395
0.347
0.3
0.269
0.248
0.235
0.225
0.214
0.204
0.199
0.195
0.192
0.188
0.185
0.183
0.181
0.179
0.177
0.175
0.174
0.174
0.175
0.177
0.179
0.181
0.184
0.187
0.191
0.195
0.199
0.204
0.212
0.227
0.24
0.253
0.264
0.274
0.283
0.292
0.299
0.304
0.307
0.309
0.311
0.314
0.316
0.32
0.323
0.327
0.33
0.335
0.34
0.347
0.357
0.376
0.391
0.403
0.417
0.434
0.452
0.47
0.487
0.504
0.514
0.523
0.529
0.531
0.529
0.522
0.513
0.497
0.47
0.443
0.416
0.387
0.358
0.328
0.301
0.275
0.252
0.23
0.206
0.179
0.15
0.119
0.089
0.06
0.031
0.001
-0.026
-0.053
-0.079
-0.105
-0.129
-0.151
-0.175
-0.201
-0.226
-0.248
-0.264
-0.28
-0.291
-0.297
-0.303
-0.309
-0.315
-0.322
-0.329
-0.337
-0.347
-0.356
-0.366
-0.375
-0.383
-0.389
-0.395
-0.4
-0.405
-0.411
-0.417
-0.422
-0.427
-0.431
-0.434
-0.437
-0.439
-0.442
-0.446
-0.449
-0.452
-0.455
-0.458
-0.461
-0.463
-0.466
-0.468
-0.469
-0.471
-0.474
-0.477
-0.48
-0.481
-0.48
-0.475
-0.469
-0.461
-0.454
-0.449
-0.445
-0.441
-0.438
-0.434
-0.431
-0.428
-0.424
-0.419
-0.415
-0.412
-0.409
-0.406
-0.404
-0.401
-0.399
-0.396
-0.393
-0.389
-0.384
-0.379
-0.374
-0.371
-0.37
-0.37
-0.37
-0.37
-0.371
-0.372
-0.374
-0.376
-0.379
-0.381
-0.382
-0.377
-0.37
-0.363
-0.356
-0.35
-0.344
-0.337
-0.331
-0.325
-0.319
-0.314
-0.308
-0.303
-0.298
-0.292
-0.286
-0.28
-0.273
-0.265
-0.257
-0.246
-0.238
-0.234
-0.231
-0.229
-0.226
-0.224
-0.222
-0.222
-0.222
-0.223
-0.225
-0.226
-0.227
-0.228
-0.229
-0.231
-0.233
-0.235
-0.236
-0.236
-0.236
-0.236
-0.235
-0.235
-0.234
-0.232
-0.232
-0.231
-0.231
-0.232
-0.232
-0.233
-0.234
-0.235
-0.236
-0.236
-0.237
-0.236
-0.236
-0.235
-0.234
-0.233
-0.231
-0.229
-0.228
-0.226
-0.224
-0.222
-0.218
-0.214
-0.205
-0.181
-0.166
-0.146
-0.122
-0.097
-0.068
-0.045
-0.03
-0.023
-0.024
-0.026
-0.026
-0.027
-0.028
-0.028
-0.028
-0.027
-0.027
-0.027
-0.027
-0.028
-0.03
-0.033
-0.036
-0.04
-0.043
-0.045
-0.047
-0.05
-0.053
-0.059
-0.065
-0.067
-0.065
-0.059
-0.049
-0.022
0.035
0.122
0.239
0.38
0.534
0.687
0.817
0.887
0.889
0.828
0.69
0.522
0.357
0.226
0.132
0.067
0.014
-0.04
-0.072
-0.105
-0.139
-0.154
-0.16
-0.166
-0.171
-0.175
-0.178
-0.18
-0.182
-0.182
-0.182
-0.181
-0.18
-0.178
-0.176
-0.174
-0.172
-0.171
-0.17
-0.169
-0.168
-0.167
-0.163
-0.16
-0.162
-0.172
-0.183
-0.188
-0.192
-0.196
-0.199
-0.202
-0.205
-0.208
-0.21
-0.212
-0.213
-0.214
-0.214
-0.214
-0.213
-0.211
-0.21
-0.207
-0.205
-0.202
-0.199
-0.196
-0.193
-0.19
-0.187
-0.182
-0.172
-0.16
-0.146
-0.128
-0.11
-0.1
-0.096
-0.092
-0.089
-0.086
-0.084
-0.083
-0.082
-0.082
-0.083
-0.084
-0.087
-0.091
-0.096
-0.103
-0.109
-0.119
-0.14
-0.156
-0.171
-0.186
-0.206
-0.221
-0.232
-0.242
-0.252
-0.26
-0.268
-0.278
-0.29
-0.299
-0.306
-0.31
-0.312
-0.314
-0.316
-0.317
-0.319
-0.32
-0.321
-0.321
-0.321
-0.32
-0.319
-0.317
-0.315
-0.312
-0.308
-0.305
-0.302
-0.299
-0.293
-0.285
-0.277
-0.266
-0.246
-0.221
-0.199
-0.172
-0.144
-0.126
-0.121
-0.116
-0.111
-0.131
-0.15
-0.163
-0.175
-0.185
-0.195
-0.203
-0.21
-0.217
-0.224
-0.232
-0.239
-0.247
-0.256
-0.265
-0.274
-0.281
-0.286
-0.291
-0.294
-0.298
-0.302
-0.304
-0.305
-0.303
-0.298
-0.292
-0.285
-0.28
-0.273
-0.267
-0.262
-0.26
-0.261
-0.264
-0.268
-0.272
-0.274
-0.276
-0.279
-0.282
-0.284
-0.286
-0.288
-0.289
-0.29
-0.288
-0.284
-0.279
-0.272
-0.264
-0.256
-0.244
-0.22
-0.2
-0.179
-0.16
-0.154
-0.152
-0.15
-0.149
-0.148
-0.147
-0.146
-0.145
-0.143
-0.141
-0.139
-0.137
-0.135
-0.133
-0.131
-0.128
-0.126
-0.123
-0.119
-0.113
-0.107
-0.101
-0.096
-0.091
-0.085
-0.077
-0.066
-0.046
-0.026
-0.015
-0.01
-0.005
-0.001
0.002
0.005
0.009
0.013
0.016
0.019
0.022
0.026
0.03
0.035
0.042
0.05
0.058
0.065
0.072
0.081
0.093
0.106
0.12
0.133
0.144
0.154
0.161
0.168
0.177
0.186
0.196
0.206
0.218
0.233
0.252
0.272
0.29
0.306
0.318
0.327
0.334
0.338
0.34
0.34
0.34
0.341
0.341
0.342
0.343
0.344
0.345
0.346
0.348
0.35
0.351
0.352
0.353
0.355
0.357
0.359
0.362
0.366
0.37
0.375
0.38
0.385
0.39
0.396
0.404
0.418
0.445
0.498
0.579
0.693
0.841
1.01
1.178
1.314
1.374
1.371
1.294
1.138
0.952
0.783
0.657
0.571
0.517
0.469
0.436
0.408
0.39
0.375
0.362
0.349
0.334
0.324
0.316
0.312
0.31
0.308
0.306
0.305
0.303
0.301
0.299
0.298
0.297
0.296
0.295
0.294
0.294
0.295
0.296
0.298
0.299
0.302
0.304
0.307
0.309
0.313
0.316
0.32
0.323
0.327
0.333
0.34
0.348
0.354
0.358
0.362
0.365
0.37
0.374
0.378
0.381
0.384
0.388
0.391
0.396
0.401
0.407
0.412
0.416
0.42
0.425
0.429
0.433
0.435
0.435
0.434
0.431
0.426
0.421
0.415
0.408
0.398
0.386
0.374
0.361
0.344
0.321
0.302
0.282
0.263
0.246
0.229
0.211
0.19
0.168
0.147
0.127
0.108
0.088
0.071
0.048
0.012
-0.012
-0.023
-0.031
-0.037
-0.043
-0.048
-0.053
-0.057
-0.062
-0.067
-0.072
-0.079
-0.086
-0.095
-0.104
-0.111
-0.115
-0.118
-0.121
-0.124
-0.127
-0.129
-0.13
-0.132
-0.134
-0.137
-0.14
-0.144
-0.147
-0.15
-0.153
-0.157
-0.161
-0.165
-0.167
-0.169
-0.171
-0.172
-0.175
-0.178
-0.181
-0.183
-0.186
-0.189
-0.192
-0.195
-0.198
-0.201
-0.203
-0.203
-0.204
-0.205
-0.206
-0.207
-0.208
-0.208
-0.208
-0.208
-0.208
-0.208
-0.208
-0.209
-0.209
-0.209
-0.209
-0.209
-0.21
-0.211
-0.211
-0.211
-0.21
-0.21
-0.209
-0.208
-0.207
-0.204
-0.201
-0.197
-0.193
-0.189
-0.186
-0.183
-0.18
-0.176
-0.171
-0.167
-0.162
-0.157
-0.151
-0.144
-0.137
-0.13
-0.123
-0.119
-0.114
-0.111
-0.107
-0.103
-0.099
-0.095
-0.092
-0.088
-0.085
-0.082
-0.079
-0.076
-0.074
-0.072
-0.07
-0.069
-0.068
-0.067
-0.066
-0.066
-0.065
-0.065
-0.064
-0.064
-0.063
-0.063
-0.063
-0.064
-0.065
-0.065
-0.066
-0.067
-0.068
-0.069
-0.069
-0.07
-0.07
-0.069
-0.069
-0.068
-0.068
-0.067
-0.066
-0.064
-0.062
-0.06
-0.059
-0.057
-0.054
-0.051
-0.048
-0.044
-0.04
-0.036
-0.032
-0.025
-0.017
-0.009
-0.003
0.0
0.003
0.005
0.007
0.01
0.013
0.017
0.019
0.019
0.016
0.009
0.001
-0.005
-0.011
-0.018
-0.026
-0.034
-0.039
-0.04
-0.038
-0.034
-0.028
-0.022
-0.016
-0.011
-0.006
0.0
0.005
0.012
0.019
0.026
0.035
0.051
0.109
0.201
0.323
0.474
0.651
0.831
0.98
1.034
1.024
0.917
0.738
0.541
0.373
0.259
0.193
0.156
0.121
0.083
0.049
0.022
0.0
-0.017
-0.031
-0.043
-0.056
-0.067
-0.072
-0.075
-0.077
-0.08
-0.082
-0.083
-0.085
-0.086
-0.087
-0.089
-0.09
-0.091
-0.092
-0.093
-0.093
-0.094
-0.094
-0.094
-0.093
-0.092
-0.091
-0.09
-0.088
-0.086
-0.085
-0.083
-0.081
-0.079
-0.077
-0.075
-0.072
-0.068
-0.063
-0.053
-0.028
-0.005
0.008
0.018
0.026
0.033
0.041
0.047
0.053
0.059
0.066
0.076
0.087
0.1
0.117
0.138
0.164
0.187
0.204
0.219
0.228
0.232
0.234
0.238
0.244
0.241
0.22
0.202
0.188
0.174
0.163
0.151
0.139
0.124
0.11
0.097
0.086
0.076
0.066
0.053
0.038
0.022
0.003
-0.011
-0.024
-0.037
-0.049
-0.063
-0.078
-0.089
-0.097
-0.104
-0.11
-0.116
-0.123
-0.129
-0.136
-0.142
-0.149
-0.156
-0.163
-0.17
-0.177
-0.183
-0.188
-0.191
-0.193
-0.196
-0.198
-0.2
-0.202
-0.203
-0.204
-0.205
-0.206
-0.208
-0.209
-0.209
-0.209
-0.208
-0.207
-0.205
-0.203
-0.201
-0.198
-0.195
-0.192
-0.19
-0.187
-0.186
-0.184
-0.181
-0.179
-0.176
-0.174
-0.171
-0.168
-0.165
-0.162
-0.158
-0.155
-0.151
-0.148
-0.144
-0.14
-0.136
-0.131
-0.126
-0.121
-0.116
-0.11
-0.105
-0.1
-0.094
-0.087
-0.078
-0.062
-0.047
-0.031
-0.021
-0.015
-0.009
-0.004
0.0
0.004
0.009
0.013
0.018
0.023
0.03
0.038
0.05
0.062
0.075
0.086
0.093
0.098
0.103
0.107
0.111
0.114
0.118
0.12
0.122
0.124
0.126
0.128
0.129
0.13
0.131
0.132
0.133
0.134
0.135
0.136
0.137
0.138
0.14
0.141
0.142
0.143
0.143
0.143
0.143
0.143
0.142
0.141
0.139
0.137
0.135
0.133
0.131
0.129
0.127
0.125
0.122
0.12
0.118
0.116
0.114
0.11
0.107
0.103
0.099
0.096
0.093
0.09
0.087
0.085
0.083
0.082
0.081
0.08
0.078
0.077
0.075
0.073
0.071
0.07
0.069
0.067
0.065
0.063
0.062
0.062
0.062
0.063
0.066
0.07
0.074
0.08
0.085
0.089
0.092
0.095
0.099
0.103
0.106
0.109
0.111
0.113
0.114
0.115
0.115
0.115
0.113
0.111
0.109
0.107
0.106
0.104
0.102
0.099
0.096
0.093
0.09
0.087
0.084
0.079
0.075
0.072
0.07
0.07
0.072
0.074
0.078
0.083
0.09
0.115
0.164
0.243
0.357
0.505
0.68
0.859
1.012
1.092
1.094
1.026
0.872
0.688
0.515
0.383
0.303
0.252
0.217
0.175
0.133
0.089
0.052
0.021
-0.011
-0.031
-0.041
-0.048
-0.054
-0.061
-0.067
-0.074
-0.08
-0.084
-0.087
-0.09
-0.093
-0.096
-0.098
-0.1
-0.103
-0.105
-0.108
-0.11
-0.112
-0.113
-0.114
-0.113
-0.112
-0.11
-0.107
-0.104
-0.102
-0.099
-0.096
-0.093
-0.09
-0.086
-0.082
-0.077
-0.071
-0.057
-0.043
-0.033
-0.023
-0.012
0.0
0.013
0.026
0.042
0.06
0.08
0.101
0.121
0.143
0.159
0.171
0.18
0.19
0.2
0.208
0.215
0.221
0.227
0.232
0.235
0.237
0.235
0.231
0.225
0.216
0.207
0.192
0.166
0.143
0.126
0.113
0.102
0.091
0.081
0.07
0.058
0.044
0.031
0.018
0.012
0.008
0.004
0.001
-0.001
-0.004
-0.006
-0.006
-0.007
-0.007
-0.005
-0.003
0.0
0.003
0.007
0.011
0.014
0.017
0.018
0.02
0.021
0.022
0.023
0.024
0.025
0.026
0.027
0.029
0.03
0.03
0.03
0.03
0.03
0.03
0.03
0.029
0.028
0.028
0.028
0.028
0.028
0.028
0.028
0.027
0.027
0.026
0.025
0.025
0.025
0.025
0.025
0.025
0.026
0.026
0.027
0.028
0.03
0.031
0.031
0.032
0.034
0.035
0.036
0.038
0.039
0.041
0.042
0.043
0.044
0.046
0.046
0.047
0.047
0.047
0.048
0.049
0.05
0.051
0.053
0.055
0.057
0.061
0.065
0.069
0.072
0.074
0.077
0.078
0.079
0.08
0.08
0.081
0.081
0.082
0.083
0.084
0.084
0.084
0.083
0.082
0.081
0.081
0.079
0.078
0.076
0.075
0.074
0.073
0.073
0.072
0.071
0.069
0.067
0.065
0.062
0.059
0.055
0.05
0.046
0.041
0.037
0.033
0.026
0.017
0.009
0.001
-0.005
-0.01
-0.012
-0.014
-0.017
-0.019
-0.021
-0.023
-0.025
-0.027
-0.03
-0.033
-0.037
-0.041
-0.045
-0.049
-0.052
-0.056
-0.061
-0.065
-0.069
-0.073
-0.077
-0.08
-0.084
-0.088
-0.093
-0.096
-0.099
-0.102
-0.104
-0.107
-0.109
-0.111
-0.112
-0.114
-0.115
-0.117
-0.119
-0.121
-0.123
-0.125
-0.127
-0.129
-0.131
-0.133
-0.135
-0.138
-0.141
-0.144
-0.146
-0.149
-0.15
-0.151
-0.15
-0.148
-0.145
-0.142
-0.138
-0.133
-0.127
-0.122
-0.116
-0.112
-0.107
-0.102
-0.097
-0.092
-0.089
-0.087
-0.089
-0.092
-0.098
-0.103
-0.11
-0.115
-0.121
-0.126
-0.13
-0.135
-0.14
-0.145
-0.149
-0.154
-0.158
-0.161
-0.162
-0.162
-0.161
-0.16
-0.158
-0.155
-0.151
-0.146
-0.138
-0.13
-0.121
-0.077
-0.003
0.099
0.233
0.396
0.57
0.733
0.856
0.895
0.887
0.803
0.662
0.496
0.34
0.215
0.123
0.053
0.007
-0.029
-0.052
-0.071
-0.087
-0.093
-0.098
-0.102
-0.106
-0.11
-0.113
-0.116
-0.119
-0.12
-0.121
-0.122
-0.122
-0.12
-0.118
-0.115
-0.111
-0.107
-0.103
-0.099
-0.096
-0.092
-0.089
-0.086
-0.083
-0.079
-0.074
-0.069
-0.064
-0.058
-0.052
-0.047
-0.042
-0.038
-0.033
-0.028
-0.022
-0.014
-0.001
0.011
0.022
0.032
0.039
0.045
0.05
0.054
0.06
0.066
0.071
0.077
0.083
0.091
0.1
0.111
0.124
0.134
0.144
0.152
0.158
0.164
0.17
0.174
0.177
0.179
0.181
0.18
0.178
0.175
0.169
0.162
0.154
0.146
0.134
0.112
0.093
0.077
0.064
0.053
0.042
0.032
0.023
0.014
0.004
-0.007
-0.02
-0.036
-0.048
-0.06
-0.068
-0.071
-0.071
-0.071
-0.072
-0.072
-0.074
-0.075
-0.075
-0.075
-0.074
-0.074
-0.073
-0.072
-0.07
-0.068
-0.065
-0.063
-0.064
-0.067
-0.071
-0.075
-0.077
-0.079
-0.08
-0.082
-0.084
-0.086
-0.088
-0.09
-0.091
-0.092
-0.092
-0.092
-0.093
-0.093
-0.094
-0.095
-0.095
-0.096
-0.096
-0.097
-0.098
-0.099
-0.1
-0.101
-0.101
-0.102
-0.103
-0.103
-0.104
-0.105
-0.105
-0.105
-0.105
-0.105
-0.104
-0.103
-0.103
-0.102
-0.101
-0.1
-0.099
-0.098
-0.097
-0.097
-0.097
-0.094
-0.089
-0.083
-0.078
-0.076
-0.074
-0.072
-0.07
-0.068
-0.066
-0.066
-0.066
-0.067
-0.066
-0.065
-0.062
-0.06
-0.059
-0.058
-0.057
-0.055
-0.054
-0.052
-0.051
-0.051
-0.051
-0.049
-0.044
-0.037
-0.031
-0.028
-0.028
-0.03
-0.032
-0.035
-0.039
-0.045
-0.05
-0.052
-0.052
-0.051
-0.049
-0.047
-0.045
-0.044
-0.043
-0.045
-0.047
-0.05
-0.054
-0.059
-0.063
-0.063
-0.055
-0.044
-0.037
-0.032
-0.027
-0.023
-0.018
-0.014
-0.009
-0.004
0.0
0.003
0.006
0.009
0.012
0.017
0.022
0.026
0.028
0.027
0.024
0.018
0.011
0.003
-0.004
-0.017
-0.028
-0.034
-0.039
-0.044
-0.05
-0.053
-0.045
-0.029
-0.018
-0.01
-0.003
0.003
0.009
0.015
0.02
0.025
0.032
0.041
0.055
0.069
0.083
0.092
0.1
0.106
0.111
0.116
0.121
0.125
0.129
0.133
0.137
0.142
0.148
0.153
0.158
0.16
0.158
0.153
0.145
0.136
0.126
0.11
0.097
0.085
0.077
0.072
0.067
0.062
0.058
0.053
0.047
0.042
0.037
0.032
0.027
0.021
0.012
0.003
-0.002
-0.001
0.003
0.014
0.03
0.083
0.173
0.299
0.459
0.637
0.81
0.955
1.025
1.049
1.02
0.933
0.804
0.667
0.542
0.44
0.361
0.304
0.278
0.258
0.233
0.203
0.168
0.127
0.088
0.066
0.055
0.047
0.041
0.034
0.028
0.022
0.017
0.014
0.011
0.008
0.005
0.002
0.0
-0.001
-0.003
-0.005
-0.008
-0.009
-0.01
-0.011
-0.011
-0.012
-0.012
-0.012
-0.011
-0.01
-0.009
-0.007
-0.006
-0.004
-0.002
0.0
0.004
0.007
0.011
0.014
0.018
0.022
0.027
0.037
0.047
0.057
0.063
0.069
0.076
0.083
0.091
0.098
0.106
0.115
0.123
0.129
0.134
0.139
0.143
0.146
0.148
0.15
0.15
0.15
0.148
0.146
0.141
0.136
0.13
0.124
0.115
0.098
0.083
0.069
0.047
0.014
-0.01
-0.027
-0.041
-0.055
-0.068
-0.079
-0.089
-0.1
-0.109
-0.115
-0.119
-0.124
-0.128
-0.131
-0.133
-0.136
-0.138
-0.139
-0.14
-0.14
-0.139
-0.137
-0.134
-0.131
-0.127
-0.122
-0.117
-0.111
-0.106
-0.102
-0.098
-0.093
-0.089
-0.083
-0.079
-0.074
-0.07
-0.066
-0.063
-0.06
-0.057
-0.055
-0.053
-0.052
-0.05
-0.049
-0.047
-0.046
-0.045
-0.044
-0.043
-0.042
-0.042
-0.041
-0.041
-0.041
-0.041
-0.04
-0.04
-0.039
-0.038
-0.037
-0.037
-0.036
-0.036
-0.036
-0.036
-0.038
-0.039
-0.041
-0.043
-0.045
-0.048
-0.05
-0.053
-0.055
-0.057
-0.059
-0.061
-0.062
-0.064
-0.066
-0.068
-0.07
-0.073
-0.075
-0.078
-0.081
-0.084
-0.087
-0.089
-0.091
-0.092
-0.092
-0.092
-0.091
-0.089
-0.087
-0.085
-0.083
-0.081
-0.079
-0.078
-0.077
-0.075
-0.074
-0.072
-0.071
-0.07
-0.069
-0.068
-0.066
-0.065
-0.063
-0.062
-0.062
-0.062
-0.063
-0.063
-0.064
-0.064
-0.065
-0.065
-0.066
-0.066
-0.066
-0.065
-0.065
-0.064
-0.064
-0.063
-0.064
-0.065
-0.066
-0.067
-0.069
-0.071
-0.073
-0.074
-0.076
-0.076
-0.076
-0.076
-0.076
-0.077
-0.077
-0.078
-0.079
-0.08
-0.083
-0.088
-0.093
-0.099
-0.104
-0.11
-0.116
-0.122
-0.127
-0.131
-0.134
-0.135
-0.136
-0.138
-0.14
-0.143
-0.147
-0.15
-0.154
-0.156
-0.158
-0.159
-0.16
-0.159
-0.158
-0.156
-0.154
-0.151
-0.148
-0.145
-0.142
-0.14
-0.137
-0.135
-0.133
-0.131
-0.129
-0.127
-0.126
-0.123
-0.12
-0.116
-0.113
-0.11
-0.11
-0.111
-0.113
-0.116
-0.118
-0.12
-0.123
-0.126
-0.129
-0.133
-0.136
-0.138
-0.141
-0.142
-0.143
-0.143
-0.142
-0.139
-0.134
-0.128
-0.121
-0.112
-0.096
-0.061
-0.003
0.082
0.205
0.359
0.531
0.7
0.838
0.903
0.901
0.829
0.689
0.529
0.379
0.255
0.163
0.099
0.041
0.002
-0.019
-0.031
-0.04
-0.045
-0.049
-0.052
-0.054
-0.055
-0.056
-0.058
-0.061
-0.064
-0.066
-0.064
-0.053
-0.04
-0.029
-0.017
-0.005
0.007
0.018
0.026
0.031
0.036
0.04
0.043
0.046
0.05
0.054
0.057
0.06
0.063
0.067
0.071
0.075
0.081
0.092
0.103
0.113
0.123
0.132
0.141
0.149
0.158
0.168
0.178
0.188
0.198
0.208
0.217
0.225
0.234
0.243
0.252
0.261
0.27
0.281
0.291
0.298
0.304
0.309
0.313
0.317
0.32
0.322
0.324
0.325
0.325
0.325
0.323
0.321
0.319
0.315
0.31
0.304
0.297
0.281
0.249
0.225
0.208
0.196
0.184
0.172
0.156
0.139
0.123
0.106
0.094
0.084
0.075
0.066
0.058
0.053
0.048
0.045
0.041
0.038
0.035
0.032
0.029
0.025
0.023
0.02
0.018
0.016
0.014
0.012
0.01
0.008
0.006
0.005
0.004
0.002
0.001
0.0
-0.001
-0.003
-0.004
-0.005
-0.007
-0.009
-0.011
-0.012
-0.014
-0.017
-0.019
-0.022
-0.025
-0.029
-0.034
-0.038
-0.043
-0.048
-0.053
-0.058
-0.063
-0.067
-0.07
-0.073
-0.076
-0.08
-0.083
-0.086
-0.088
-0.091
-0.093
-0.095
-0.096
-0.096
-0.095
-0.092
-0.089
-0.085
-0.08
-0.075
-0.071
-0.066
-0.062
-0.059
-0.055
-0.052
-0.049
-0.046
-0.043
-0.04
-0.037
-0.035
-0.032
-0.03
-0.027
-0.026
-0.024
-0.023
-0.022
-0.021
-0.02
-0.019
-0.018
-0.017
-0.015
-0.013
-0.008
-0.003
0.001
0.006
0.011
0.015
0.018
0.02
0.022
0.024
0.024
0.025
0.026
0.027
0.028
0.029
0.031
0.033
0.035
0.037
0.039
0.042
0.045
0.047
0.05
0.052
0.055
0.057
0.06
0.065
0.072
0.078
0.082
0.083
0.082
0.08
0.078
0.076
0.075
0.074
0.073
0.071
0.069
0.068
0.066
0.064
0.063
0.063
0.063
0.064
0.065
0.066
0.067
0.067
0.068
0.068
0.068
0.067
0.067
0.066
0.065
0.065
0.065
0.065
0.066
0.066
0.067
0.068
0.069
0.069
0.07
0.07
0.07
0.07
0.07
0.07
0.071
0.072
0.073
0.074
0.075
0.077
0.078
0.08
0.081
0.083
0.084
0.086
0.088
0.092
0.096
0.101
0.106
0.111
0.117
0.123
0.129
0.133
0.136
0.139
0.141
0.144
0.146
0.148
0.15
0.153
0.155
0.157
0.159
0.16
0.161
0.163
0.164
0.165
0.167
0.169
0.173
0.181
0.191
0.203
0.211
0.217
0.222
0.227
0.231
0.235
0.238
0.241
0.244
0.247
0.249
0.252
0.256
0.259
0.261
0.261
0.258
0.253
0.247
0.241
0.235
0.227
0.218
0.21
0.201
0.193
0.184
0.175
0.166
0.158
0.151
0.145
0.138
0.129
0.122
0.118
0.114
0.11
0.106
0.103
0.105
0.113
0.13
0.179
0.257
0.367
0.508
0.673
0.843
0.994
1.101
1.117
1.093
0.965
0.793
0.614
0.46
0.343
0.266
0.214
0.165
0.114
0.065
0.017
-0.011
-0.034
-0.052
-0.068
-0.083
-0.095
-0.105
-0.114
-0.118
-0.122
-0.125
-0.127
-0.13
-0.132
-0.135
-0.137
-0.138
-0.14
-0.141
-0.143
-0.145
-0.146
-0.149
-0.153
-0.157
-0.159
-0.157
-0.151
-0.143
-0.134
-0.123
-0.113
-0.103
-0.097
-0.092
-0.088
-0.084
-0.081
-0.079
-0.076
-0.073
-0.07
-0.066
-0.063
-0.058
-0.053
-0.044
-0.034
-0.024
-0.014
-0.002
0.01
0.022
0.033
0.045
0.059
0.074
0.082
0.086
0.09
0.094
0.097
0.099
0.099
0.1
0.099
0.098
0.095
0.091
0.087
0.082
0.075
0.067
0.052
0.039
0.029
0.017
0.003
-0.013
-0.03
-0.047
-0.066
-0.082
-0.095
-0.108
-0.119
-0.125
-0.129
-0.133
-0.136
-0.138
-0.14
-0.142
-0.144
-0.147
-0.149
-0.151
-0.152
-0.154
-0.156
-0.157
-0.159
-0.16
-0.16
-0.161
-0.162
-0.163
-0.164
-0.165
-0.166
-0.167
-0.169
-0.172
-0.174
-0.177
-0.18
-0.183
-0.185
-0.188
-0.19
-0.191
-0.192
-0.193
-0.194
-0.196
-0.198
-0.2
-0.203
-0.205
-0.207
-0.21
-0.211
-0.212
-0.213
-0.212
-0.211
-0.211
-0.21
-0.209
-0.208
-0.207
-0.206
-0.205
-0.204
-0.204
-0.203
-0.201
-0.199
-0.197
-0.195
-0.194
-0.192
-0.19
-0.188
-0.185
-0.183
-0.182
-0.181
-0.179
-0.175
-0.171
-0.166
-0.162
-0.158
-0.154
-0.149
-0.143
-0.137
-0.132
-0.128
-0.125
-0.121
-0.118
-0.114
-0.11
-0.106
-0.103
-0.1
-0.097
-0.094
-0.091
-0.088
-0.086
-0.085
-0.083
-0.082
-0.08
-0.078
-0.076
-0.074
-0.073
-0.071
-0.069
-0.067
-0.065
-0.062
-0.06
-0.057
-0.054
-0.051
-0.048
-0.045
-0.042
-0.039
-0.037
-0.034
-0.032
-0.03
-0.028
-0.027
-0.025
-0.023
-0.022
-0.02
-0.019
-0.018
-0.017
-0.016
-0.015
-0.014
-0.013
-0.012
