0.383
0.462
0.586
0.712
0.785
0.819
0.862
0.912
0.931
0.951
1.002
1.133
1.278
1.38
1.45
1.519
1.569
1.566
1.496
1.372
1.254
1.142
1.016
0.865
0.725
0.628
0.58
0.562
0.55
0.545
0.541
0.538
0.536
0.534
0.531
0.527
0.523
0.519
0.514
0.507
0.499
0.488
0.477
0.467
0.456
0.445
0.432
0.42
0.409
0.4
0.393
0.387
0.383
0.383
0.388
0.394
0.402
0.41
0.421
0.434
0.447
0.462
0.479
0.492
0.503
0.511
0.52
0.531
0.543
0.557
0.572
0.582
0.588
0.592
0.597
0.6
0.602
0.599
0.592
0.581
0.56
0.53
0.511
0.5
0.488
0.475
0.46
0.442
0.42
0.404
0.392
0.381
0.373
0.365
0.354
0.339
0.322
0.307
0.296
0.28
0.26
0.249
0.241
0.233
0.227
0.223
0.22
0.22
0.221
0.223
0.226
0.231
0.236
0.243
0.258
0.286
0.303
0.312
0.32
0.324
0.326
0.323
0.318
0.312
0.305
0.294
0.289
0.293
0.302
0.309
0.316
0.321
0.32
0.311
0.296
0.273
0.236
0.198
0.16
0.137
0.124
0.114
0.107
0.1
0.095
0.09
0.087
0.083
0.08
0.077
0.074
0.073
0.072
0.072
0.073
0.075
0.078
0.082
0.087
0.092
0.097
0.103
0.11
0.116
0.123
0.131
0.139
0.147
0.155
0.161
0.168
0.174
0.182
0.193
0.218
0.249
0.262
0.268
0.272
0.278
0.283
0.288
0.296
0.328
0.377
0.45
0.546
0.645
0.738
0.796
0.802
0.768
0.675
0.542
0.379
0.202
0.033
-0.107
-0.203
-0.234
-0.244
-0.223
-0.186
-0.15
-0.129
-0.115
-0.11
-0.116
-0.128
-0.137
-0.145
-0.152
-0.155
-0.153
-0.145
-0.135
-0.123
-0.105
-0.091
-0.085
-0.081
-0.077
-0.074
-0.071
-0.068
-0.066
-0.063
-0.061
-0.059
-0.057
-0.054
-0.05
-0.047
-0.043
-0.039
-0.034
-0.028
-0.022
-0.016
-0.011
-0.006
-0.002
0.0
0.003
0.004
0.005
0.003
0.001
-0.001
-0.003
-0.007
-0.01
-0.013
-0.015
-0.017
-0.02
-0.023
-0.028
-0.031
-0.034
-0.038
-0.042
-0.049
-0.063
-0.094
-0.116
-0.128
-0.135
-0.139
-0.143
-0.145
-0.148
-0.151
-0.152
-0.154
-0.155
-0.153
-0.148
-0.139
-0.127
-0.108
-0.073
-0.052
-0.04
-0.031
-0.025
-0.022
-0.025
-0.03
-0.037
-0.045
-0.052
-0.059
-0.068
-0.077
-0.086
-0.095
-0.105
-0.117
-0.128
