-0.003
-0.002
-0.002
-0.001
-0.001
-0.001
-0.001
-0.001
0.0
0.0
0.002
0.004
0.006
0.009
0.011
0.012
0.014
0.015
0.016
0.017
0.018
0.019
0.02
0.021
0.022
0.024
0.026
0.027
0.028
0.029
0.029
0.031
0.032
0.033
0.034
0.035
0.04
0.044
0.037
0.025
0.013
0.002
-0.006
-0.01
-0.012
-0.014
-0.016
-0.017
-0.018
-0.019
-0.02
-0.021
-0.023
-0.025
-0.027
-0.03
-0.032
-0.035
-0.039
-0.043
-0.049
-0.06
-0.069
-0.069
-0.065
-0.058
-0.036
0.019
0.091
0.169
0.242
0.298
0.318
0.318
0.306
0.276
0.227
0.164
0.095
0.03
-0.027
-0.053
-0.06
-0.066
-0.069
-0.071
-0.07
-0.068
-0.065
-0.061
-0.058
-0.056
-0.053
-0.049
-0.046
-0.044
-0.042
-0.04
-0.037
-0.034
-0.029
-0.025
-0.02
-0.016
-0.013
-0.009
-0.005
-0.001
0.001
0.005
0.009
0.013
0.016
0.019
0.022
0.023
0.025
0.026
0.028
0.029
0.029
0.029
0.029
0.029
0.029
0.029
0.03
0.031
0.033
0.034
0.036
0.039
0.041
0.043
0.045
0.047
0.05
0.051
0.053
0.055
0.058
0.062
0.067
0.069
0.066
0.058
0.047
0.036
0.022
0.009
-0.001
-0.011
-0.02
-0.028
-0.034
-0.039
-0.041
-0.042
-0.042
-0.042
-0.043
-0.044
-0.045
-0.045
-0.041
-0.036
-0.03
-0.028
-0.026
-0.025
-0.023
-0.022
-0.021
-0.021
-0.02
-0.02
-0.019
-0.017
-0.016
-0.015
-0.015
-0.015
-0.016
-0.017
-0.018
-0.018
-0.018
-0.018
-0.015
-0.012
-0.009
-0.008
-0.009
-0.01
-0.012
-0.013
-0.014
-0.015
-0.018
-0.021
-0.023
-0.025
-0.026
-0.025
-0.023
-0.021
-0.017
-0.013
-0.009
-0.005
-0.001
0.001
0.004
0.006
0.01
0.015
0.021
0.025
0.027
0.029
0.03
0.03
0.03
0.029
0.028
0.026
0.024
0.021
0.018
0.014
0.01
0.004
-0.001
-0.008
-0.02
-0.026
-0.03
-0.031
-0.032
-0.033
-0.034
-0.035
-0.036
-0.038
-0.039
-0.041
-0.042
-0.042
-0.043
-0.042
-0.042
-0.043
-0.044
-0.046
-0.049
-0.055
-0.055
-0.044
-0.014
0.032
0.094
0.16
0.217
0.254
0.268
0.267
0.253
0.212
0.153
0.088
0.025
-0.033
-0.061
-0.075
-0.085
-0.09
-0.09
-0.083
-0.073
-0.064
-0.054
-0.046
-0.04
-0.036
-0.032
-0.028
-0.025
-0.022
-0.019
-0.016
-0.013
-0.01
-0.007
-0.004
-0.001
0.001
0.002
0.002
0.004
0.006
0.008
0.011
0.015
0.02
0.025
0.03
0.034
0.038
0.041
0.043
0.044
0.046
0.048
0.05
0.052
0.054
0.056
0.059
0.062
0.065
0.067
0.069
0.069
0.069
0.067
0.065
0.064
0.062
0.06
0.058
0.057
0.056
0.054
0.052
0.049
0.047
0.044
0.041
0.035
0.027
0.015
0.002
-0.004
-0.01
-0.014
-0.017
-0.021
-0.025
-0.028
-0.031
-0.034
-0.036
-0.037
-0.037
-0.038
-0.039
-0.041
-0.044
-0.049
-0.054
-0.054
-0.047
-0.039
-0.035
-0.032
-0.028
-0.025
-0.021
-0.018
-0.015
-0.014
-0.014
-0.014
-0.016
-0.018
-0.02
-0.022
-0.023
-0.024
-0.025
-0.027
-0.028
-0.028
-0.03
-0.032
-0.034
-0.036
-0.038
-0.04
-0.041
-0.04
-0.038
-0.034
-0.029
-0.023
-0.017
-0.012
-0.008
-0.005
-0.002
0.0
0.002
0.004
0.006
0.007
0.009
0.011
0.012
0.012
0.012
0.012
0.01
0.007
0.003
0.0
-0.004
-0.008
-0.012
-0.016
-0.022
-0.034
-0.04
-0.043
-0.043
-0.044
-0.045
-0.046
-0.047
-0.048
-0.048
-0.049
-0.05
-0.051
-0.052
-0.053
-0.053
-0.053
-0.053
-0.054
-0.055
-0.056
-0.058
-0.061
-0.065
-0.068
-0.062
-0.045
0.003
0.056
0.111
0.163
0.212
0.229
0.236
0.242
0.225
0.173
0.109
0.042
-0.014
-0.064
-0.092
-0.11
-0.122
-0.128
-0.122
-0.108
-0.088
-0.06
-0.033
-0.009
0.002
0.009
0.015
0.019
0.019
0.016
0.012
0.007
0.002
-0.002
-0.007
-0.011
-0.011
-0.006
0.0
0.007
0.011
0.014
0.017
0.021
0.026
0.031
0.036
0.039
0.043
0.046
0.05
0.054
0.057
0.061
0.065
0.069
0.073
0.077
0.08
0.082
0.082
0.082
0.08
0.078
0.076
0.073
0.072
0.07
0.07
0.069
0.067
0.065
0.062
0.059
0.056
0.053
0.05
0.047
0.043
0.039
0.034
0.028
0.021
0.014
0.006
0.0
-0.005
-0.01
-0.015
-0.019
-0.022
-0.024
-0.026
-0.028
-0.03
-0.033
-0.034
-0.035
-0.036
-0.036
-0.035
-0.033
-0.031
-0.03
-0.029
-0.028
-0.027
-0.027
-0.026
-0.025
-0.024
-0.023
-0.022
-0.021
-0.02
-0.018
-0.016
-0.016
-0.016
-0.017
-0.018
-0.02
-0.022
-0.023
-0.025
-0.026
-0.026
-0.026
-0.026
-0.026
-0.026
-0.027
-0.027
-0.028
-0.028
-0.029
-0.03
-0.029
-0.027
-0.023
-0.018
-0.012
-0.007
-0.002
0.003
0.009
0.014
0.017
0.019
0.022
0.025
0.028
0.031
0.03
0.021
0.01
0.003
-0.002
-0.008
-0.014
-0.02
-0.025
-0.03
-0.034
-0.038
-0.043
-0.053
-0.069
-0.074
-0.078
-0.081
-0.084
-0.083
-0.077
-0.069
-0.062
-0.054
-0.048
-0.048
-0.054
-0.063
-0.071
-0.082
-0.087
-0.084
-0.073
-0.042
0.011
0.081
0.157
0.222
0.256
0.268
0.254
0.211
0.143
0.076
0.02
-0.01
-0.042
-0.071
-0.1
-0.119
-0.127
-0.133
-0.131
-0.114
-0.094
-0.074
-0.06
-0.053
-0.049
-0.045
-0.041
-0.037
-0.033
-0.029
-0.025
-0.021
-0.018
-0.014
-0.011
-0.007
-0.002
0.0
0.002
0.003
0.0
-0.002
-0.007
-0.013
-0.018
-0.025
-0.032
-0.036
-0.035
-0.031
-0.023
-0.013
-0.003
0.011
0.022
0.032
0.037
0.04
0.043
0.046
0.048
0.051
0.053
0.054
0.056
0.057
0.057
0.055
0.052
0.047
0.041
0.035
0.03
0.024
0.019
0.014
0.01
0.007
0.005
0.004
0.003
0.001
-0.001
-0.003
-0.006
-0.009
-0.012
-0.014
-0.015
-0.016
-0.017
-0.018
-0.018
-0.017
-0.016
-0.015
-0.014
-0.012
-0.012
-0.012
-0.013
-0.014
-0.013
-0.013
-0.013
-0.012
-0.011
-0.01
-0.009
-0.008
-0.007
-0.006
-0.005
-0.005
-0.005
-0.006
-0.007
-0.007
-0.007
-0.007
-0.006
-0.006
-0.005
-0.004
-0.003
-0.002
-0.001
0.0
0.0
0.0
0.0
0.0
0.0
0.0
0.0
-0.001
0.0
0.001
0.003
0.006
0.008
0.009
0.01
0.011
0.012
0.012
0.012
0.013
0.013
0.014
0.016
0.019
0.022
0.024
0.025
0.022
0.018
0.012
0.006
0.001
-0.004
-0.011
-0.016
-0.021
-0.023
-0.025
-0.027
-0.028
-0.029
-0.031
-0.033
-0.035
-0.037
-0.039
-0.041
-0.043
-0.046
-0.048
-0.05
-0.053
-0.056
-0.06
-0.067
-0.072
-0.072
-0.067
-0.055
-0.019
0.033
0.102
0.182
0.258
0.329
0.353
0.345
0.315
0.221
0.109
0.007
-0.05
-0.071
-0.079
-0.077
-0.071
-0.069
-0.068
-0.067
-0.065
-0.063
-0.06
-0.058
-0.054
-0.048
-0.043
-0.039
-0.035
-0.032
-0.029
-0.026
-0.023
-0.02
-0.017
-0.014
-0.012
-0.011
-0.01
-0.01
-0.011
-0.012
-0.014
-0.017
-0.02
-0.023
-0.029
-0.035
-0.035
-0.026
-0.015
-0.008
-0.003
0.002
0.007
0.012
0.016
0.019
0.02
0.021
0.022
0.023
0.023
0.024
0.023
0.023
0.023
0.023
0.023
0.023
0.023
0.022
0.021
0.018
0.014
0.01
0.005
0.0
-0.004
-0.009
-0.014
-0.019
-0.023
-0.026
-0.028
-0.028
-0.027
-0.026
-0.025
-0.024
-0.023
-0.023
-0.022
-0.021
-0.021
-0.02
-0.02
-0.021
-0.021
-0.022
-0.022
-0.022
-0.021
-0.021
-0.02
-0.02
-0.019
-0.019
-0.019
-0.019
-0.019
-0.019
-0.019
-0.018
-0.017
-0.015
-0.012
-0.009
-0.006
-0.003
-0.001
0.001
0.003
0.004
0.006
0.006
0.006
0.005
0.003
0.001
0.0
-0.002
-0.004
-0.006
-0.009
-0.012
-0.013
-0.013
-0.01
-0.006
-0.001
0.004
0.011
0.021
0.029
0.034
0.037
0.039
0.041
0.043
0.045
0.046
0.046
0.044
0.04
0.035
0.031
0.028
0.024
0.021
0.017
0.013
0.009
0.006
0.002
0.0
-0.004
-0.007
-0.01
-0.013
-0.015
-0.017
-0.019
-0.022
-0.025
-0.027
-0.029
-0.032
-0.034
-0.037
-0.039
-0.041
-0.042
-0.043
-0.045
-0.048
-0.053
-0.058
-0.061
-0.059
-0.054
-0.044
-0.015
0.045
0.129
0.228
0.33
0.414
0.436
0.423
0.334
0.198
0.049
-0.072
-0.126
-0.13
-0.1
-0.05
-0.032
-0.025
-0.027
-0.037
-0.047
-0.057
-0.057
-0.044
-0.028
-0.013
-0.01
-0.007
-0.005
-0.007
-0.017
-0.026
-0.033
-0.038
-0.037
-0.031
-0.022
-0.017
-0.012
-0.008
-0.005
-0.001
0.001
0.005
0.008
0.012
0.014
0.016
0.017
0.019
0.02
0.021
0.022
0.022
0.023
0.024
0.025
0.026
0.027
0.027
0.027
0.028
0.028
0.028
0.028
0.028
0.028
0.028
0.028
0.028
0.028
0.027
0.025
0.023
0.02
0.018
0.016
0.014
0.012
0.011
0.009
0.008
0.007
0.005
0.003
0.001
-0.001
-0.004
-0.007
-0.01
-0.013
-0.016
-0.017
-0.019
-0.02
-0.021
-0.022
-0.022
-0.022
-0.022
-0.023
-0.025
-0.027
-0.029
-0.029
-0.028
-0.026
-0.024
-0.023
-0.023
-0.022
-0.021
-0.019
-0.018
-0.017
-0.016
-0.016
-0.015
-0.014
-0.013
-0.012
-0.011
-0.012
-0.012
-0.013
-0.012
-0.011
-0.01
-0.01
-0.01
-0.01
-0.01
-0.009
-0.009
-0.009
-0.01
-0.011
-0.012
-0.012
-0.012
-0.01
-0.008
-0.005
-0.003
-0.001
0.0
0.003
0.006
0.008
0.009
0.009
0.01
0.01
0.01
0.011
0.011
0.011
0.012
0.012
0.013
0.014
0.014
0.014
0.014
0.013
0.012
0.01
0.008
0.005
0.003
0.001
-0.001
-0.004
-0.008
-0.012
-0.016
-0.021
-0.026
-0.029
-0.033
-0.036
-0.039
-0.042
-0.045
-0.047
-0.05
-0.052
-0.055
-0.058
-0.063
-0.067
-0.068
-0.067
-0.063
-0.057
-0.038
0.003
0.065
0.139
0.218
0.294
0.35
0.358
0.341
0.271
0.18
0.081
-0.008
-0.073
-0.113
-0.125
-0.13
-0.133
-0.121
-0.088
-0.052
-0.038
-0.033
-0.045
-0.065
-0.078
-0.083
-0.086
-0.084
-0.074
-0.06
-0.041
-0.025
-0.014
-0.003
0.003
0.009
0.014
0.016
0.015
0.013
0.01
0.007
0.004
0.001
0.0
0.0
0.001
0.005
0.009
0.011
0.013
0.015
0.017
0.019
0.021
0.023
0.024
0.025
0.026
0.026
0.025
0.024
0.023
0.023
0.022
0.021
0.02
0.02
0.02
0.019
0.019
0.017
0.015
0.015
0.019
0.025
0.03
0.035
0.039
0.041
0.041
0.038
0.033
0.027
0.015
-0.003
-0.02
-0.035
-0.046
-0.054
-0.061
-0.067
-0.073
-0.065
-0.053
-0.037
-0.029
-0.026
-0.023
-0.021
-0.019
-0.019
-0.018
-0.019
-0.019
-0.02
-0.021
-0.022
-0.023
-0.024
-0.025
-0.026
-0.026
-0.026
-0.024
-0.02
-0.015
-0.004
0.009
0.015
0.019
0.021
0.022
0.021
0.018
0.012
0.004
-0.01
-0.024
-0.033
-0.038
-0.041
-0.044
-0.046
-0.047
-0.045
-0.041
-0.036
-0.027
-0.012
-0.001
0.004
0.009
0.014
0.019
0.021
0.023
0.025
0.027
0.028
0.03
0.031
0.032
0.032
0.032
0.033
0.033
0.033
0.033
0.033
0.034
0.036
0.035
0.028
0.021
0.014
0.008
0.002
-0.001
-0.003
-0.006
-0.008
-0.01
-0.011
-0.013
-0.014
-0.015
-0.016
-0.017
-0.018
-0.02
-0.021
-0.022
-0.023
-0.024
-0.025
-0.026
-0.028
-0.029
-0.031
-0.033
-0.036
-0.042
-0.036
-0.019
0.015
0.063
0.125
0.193
0.262
0.319
0.335
0.329
0.284
0.203
0.104
0.01
-0.065
-0.12
-0.141
-0.14
-0.112
-0.073
-0.044
-0.023
0.0
0.021
0.029
0.029
0.019
0.006
-0.011
-0.021
-0.027
-0.031
-0.032
-0.031
-0.027
-0.021
-0.013
0.0
0.01
0.021
0.034
0.045
0.051
0.056
0.058
0.058
0.055
0.05
0.047
0.045
0.042
0.04
0.038
0.038
0.04
0.043
0.046
0.048
0.051
0.054
0.057
0.06
0.063
0.067
0.07
0.073
0.077
0.08
0.082
0.082
0.08
0.076
0.072
0.068
0.063
0.058
0.055
0.051
0.047
0.04
0.031
0.022
0.013
0.005
0.001
-0.001
-0.003
-0.005
-0.007
-0.01
-0.012
-0.014
-0.018
-0.024
-0.033
-0.035
-0.037
-0.039
-0.027
-0.018
-0.013
-0.009
-0.006
-0.004
-0.005
-0.007
-0.01
-0.013
-0.015
-0.017
-0.019
-0.02
-0.022
-0.024
-0.025
-0.027
-0.027
-0.028
-0.028
-0.028
-0.028
-0.028
-0.027
-0.026
-0.025
-0.024
-0.023
-0.022
-0.021
-0.019
-0.016
-0.014
-0.012
-0.01
-0.009
-0.008
-0.007
-0.005
-0.004
-0.003
-0.004
-0.005
-0.008
-0.012
-0.016
-0.023
-0.034
-0.039
-0.042
-0.044
-0.046
-0.046
-0.045
-0.039
-0.031
-0.017
0.0
0.01
0.017
0.016
0.005
-0.003
-0.011
-0.018
-0.023
-0.028
-0.032
-0.036
-0.041
-0.045
-0.05
-0.054
-0.059
-0.067
-0.07
-0.072
-0.074
-0.075
-0.075
-0.075
-0.07
-0.063
-0.056
-0.046
-0.045
-0.049
-0.052
-0.054
-0.057
-0.061
-0.067
-0.077
-0.088
-0.097
-0.097
-0.081
-0.05
-0.01
0.046
0.122
0.205
0.278
0.314
0.313
0.269
0.174
0.057
-0.057
-0.15
-0.197
-0.201
-0.175
-0.131
-0.107
-0.101
-0.096
-0.089
-0.082
-0.069
-0.046
-0.034
-0.029
-0.025
-0.022
-0.02
-0.018
-0.015
-0.013
-0.011
-0.01
-0.009
-0.006
-0.003
0.003
0.019
0.027
0.03
0.033
0.035
0.038
0.04
0.042
0.044
0.045
0.046
0.047
0.049
0.05
0.052
0.054
0.056
0.058
0.06
0.061
0.062
0.063
0.063
0.064
0.065
0.067
0.068
0.069
0.068
0.068
0.067
0.066
0.065
0.064
0.063
0.061
0.06
0.058
0.057
0.055
0.053
0.05
0.047
0.043
0.036
0.021
0.01
0.004
0.0
-0.001
-0.002
-0.003
-0.003
-0.004
-0.005
-0.006
-0.006
-0.006
-0.006
-0.006
-0.006
-0.006
-0.006
-0.006
-0.005
-0.004
-0.004
-0.003
-0.004
-0.005
-0.006
-0.008
-0.01
-0.012
-0.011
-0.007
-0.001
0.002
0.004
0.007
0.009
0.01
0.012
0.013
0.014
0.014
0.014
0.014
0.013
0.013
0.012
0.011
0.01
0.008
0.007
0.005
0.004
0.002
0.0
-0.001
-0.002
-0.004
-0.005
-0.006
-0.007
-0.008
-0.011
-0.013
-0.008
0.0
0.007
0.016
0.022
0.025
0.027
0.029
0.031
0.032
0.034
0.035
0.035
0.033
0.031
0.028
0.024
0.021
0.016
0.009
0.001
-0.006
-0.014
-0.02
-0.025
-0.03
-0.034
-0.038
-0.041
-0.043
-0.045
-0.047
-0.049
-0.052
-0.055
-0.056
-0.058
-0.058
-0.059
-0.059
-0.059
-0.058
-0.056
-0.053
-0.05
-0.045
-0.04
-0.018
0.03
0.102
0.187
0.267
0.313
0.316
0.283
0.199
0.096
0.0
-0.076
-0.104
-0.113
-0.118
-0.117
-0.113
-0.106
-0.096
-0.077
-0.058
-0.038
-0.03
-0.028
-0.025
-0.022
-0.02
-0.019
-0.018
-0.018
-0.018
-0.018
-0.017
-0.016
-0.015
-0.014
-0.014
-0.013
-0.012
-0.011
-0.009
-0.008
-0.006
-0.004
-0.002
0.0
0.009
0.022
0.025
0.027
0.029
0.03
0.031
0.033
0.034
0.035
0.036
0.036
0.036
0.037
0.038
0.039
0.041
0.041
0.035
0.029
0.026
0.023
0.022
0.02
0.019
0.017
0.015
0.012
0.011
0.01
0.009
0.008
0.006
0.005
0.004
0.002
0.0
-0.002
-0.006
-0.01
-0.014
-0.019
-0.024
-0.03
-0.04
-0.045
-0.045
-0.044
-0.043
-0.043
-0.043
-0.044
-0.043
-0.04
-0.037
-0.034
-0.03
-0.027
-0.027
-0.029
-0.033
-0.038
-0.045
-0.038
-0.032
-0.028
-0.024
-0.019
-0.013
-0.002
0.006
0.008
0.01
0.01
0.003
-0.002
-0.006
-0.011
-0.018
-0.024
-0.028
-0.032
-0.035
-0.038
-0.04
-0.041
-0.042
-0.043
-0.042
-0.042
-0.041
-0.04
-0.039
-0.038
-0.036
-0.033
-0.028
-0.015
-0.008
-0.004
-0.001
0.0
0.002
0.005
0.006
0.008
0.009
0.011
0.012
0.014
0.015
0.016
0.015
0.013
0.011
0.007
0.003
0.0
-0.007
-0.015
-0.021
-0.028
-0.036
-0.041
-0.045
-0.049
-0.054
-0.054
-0.05
-0.047
-0.044
-0.043
-0.046
-0.052
-0.055
-0.058
-0.06
-0.061
-0.063
-0.063
-0.063
-0.063
-0.063
-0.061
-0.058
-0.055
-0.04
0.006
0.078
0.165
0.253
0.324
0.355
0.33
0.253
0.143
0.035
-0.043
-0.08
-0.093
-0.085
-0.078
-0.073
-0.068
-0.062
-0.056
-0.05
-0.043
-0.039
-0.04
-0.042
-0.044
-0.045
-0.046
-0.046
-0.043
-0.039
-0.036
-0.033
-0.029
-0.025
-0.019
-0.012
-0.002
0.005
0.009
0.012
0.014
0.015
0.015
0.017
0.018
0.02
0.021
0.023
0.024
0.026
0.029
0.032
0.035
0.039
0.042
0.045
0.049
0.052
0.055
0.056
0.055
0.052
0.048
0.043
0.038
0.031
0.025
0.022
0.015
0.006
-0.001
-0.007
-0.001
0.008
0.021
0.03
0.035
0.038
0.039
0.038
0.036
0.033
0.024
0.0
-0.013
-0.02
-0.023
-0.026
-0.028
-0.029
-0.031
-0.032
-0.034
-0.035
-0.036
-0.037
-0.037
-0.037
-0.038
-0.039
-0.041
-0.042
-0.041
-0.036
-0.03
-0.025
-0.021
-0.017
-0.014
-0.011
-0.008
-0.006
-0.004
-0.002
-0.001
0.0
0.001
0.002
0.002
0.0
-0.001
-0.004
-0.007
-0.01
-0.016
-0.021
-0.021
-0.018
-0.013
-0.009
-0.005
-0.002
-0.001
-0.002
-0.005
-0.006
-0.008
-0.01
-0.012
-0.013
-0.012
-0.01
-0.005
0.0
0.015
0.027
0.033
0.039
0.043
0.047
0.053
0.059
0.061
0.063
0.065
0.054
0.041
0.03
0.023
0.017
0.013
0.008
0.003
-0.001
-0.007
-0.011
-0.012
-0.013
-0.016
-0.018
-0.014
-0.01
-0.008
-0.006
-0.005
-0.005
-0.008
-0.014
-0.019
-0.023
-0.028
-0.032
-0.036
-0.037
-0.039
-0.039
-0.039
-0.04
-0.042
-0.033
-0.006
0.033
0.089
0.162
0.245
0.319
0.36
0.362
0.332
0.258
0.163
0.069
-0.012
-0.067
-0.081
-0.085
-0.078
-0.064
-0.05
-0.037
-0.024
-0.013
-0.005
-0.004
-0.01
-0.016
-0.022
-0.025
-0.022
-0.015
-0.006
0.002
0.006
0.008
0.009
0.011
0.012
0.015
0.019
0.022
0.024
0.027
0.03
0.032
0.033
0.033
0.032
0.031
0.031
0.031
0.03
0.028
0.029
0.035
0.04
0.045
0.048
0.049
0.049
0.05
0.051
0.052
0.053
0.054
0.054
0.053
0.051
0.05
0.048
0.046
0.044
0.044
0.046
0.05
0.054
0.058
0.061
0.058
0.052
0.041
0.029
0.019
0.008
-0.002
-0.01
-0.016
-0.019
-0.021
-0.022
-0.024
-0.026
-0.028
-0.029
-0.031
-0.033
-0.035
-0.037
-0.041
-0.044
-0.046
-0.045
-0.043
-0.039
-0.036
-0.035
-0.033
-0.031
-0.029
-0.028
-0.026
-0.025
-0.025
-0.024
-0.024
-0.024
-0.024
-0.024
-0.025
-0.026
-0.027
-0.028
-0.029
-0.03
-0.032
-0.036
-0.038
-0.037
-0.034
-0.03
-0.026
-0.034
-0.045
-0.054
-0.044
-0.035
-0.029
-0.023
-0.016
-0.01
-0.003
0.005
0.009
0.008
0.005
0.001
-0.001
-0.004
-0.004
0.0
0.007
0.013
0.019
0.024
0.023
0.019
0.013
0.009
0.005
0.001
-0.002
-0.005
-0.007
-0.01
-0.014
-0.019
-0.025
-0.033
-0.041
-0.051
-0.056
-0.059
-0.061
-0.062
-0.064
-0.064
-0.065
-0.066
-0.067
-0.068
-0.069
-0.07
-0.071
-0.072
-0.075
-0.079
-0.078
-0.07
-0.059
-0.042
-0.012
0.025
0.071
0.122
0.175
0.22
0.245
0.254
0.242
0.208
0.138
0.058
-0.012
-0.073
-0.114
-0.13
-0.139
-0.145
-0.141
-0.127
-0.1
-0.074
-0.058
-0.043
-0.032
-0.028
-0.026
-0.025
-0.025
-0.024
-0.023
-0.022
-0.021
-0.021
-0.019
-0.018
-0.016
-0.014
-0.012
-0.009
-0.007
-0.003
0.003
0.01
0.016
0.021
0.028
0.036
0.037
0.032
0.027
0.022
0.023
0.034
0.041
0.048
0.053
0.057
0.059
0.06
0.061
0.064
0.059
0.046
0.039
0.036
0.038
0.043
0.045
0.048
0.051
0.052
0.053
0.052
0.049
0.044
0.04
0.037
0.032
0.027
0.023
0.02
0.016
0.011
0.004
-0.002
-0.006
-0.009
-0.011
-0.013
-0.015
-0.017
-0.019
-0.022
-0.025
-0.028
-0.03
-0.032
-0.034
-0.036
-0.038
-0.04
-0.042
-0.045
-0.047
-0.051
-0.058
-0.057
-0.049
-0.037
-0.02
-0.006
0.001
0.008
0.013
0.018
0.024
0.023
0.014
0.001
-0.018
-0.029
-0.036
-0.04
-0.043
-0.044
-0.043
-0.039
-0.035
-0.031
-0.026
-0.02
-0.014
-0.01
-0.007
-0.005
-0.004
-0.002
-0.001
0.0
0.003
0.005
0.006
0.008
0.009
0.011
0.014
0.016
0.018
0.02
0.022
0.024
0.027
0.03
0.032
0.034
0.034
0.034
0.033
0.032
0.029
0.026
0.022
0.015
0.004
-0.005
-0.015
-0.025
-0.035
-0.048
-0.059
-0.064
-0.067
-0.067
-0.06
-0.056
-0.054
-0.051
-0.049
-0.048
-0.048
-0.049
-0.05
-0.052
-0.053
-0.057
-0.062
-0.062
-0.052
-0.023
0.018
0.077
0.144
0.214
0.26
0.265
0.244
0.175
0.087
-0.002
-0.079
-0.136
-0.165
-0.174
-0.163
-0.13
-0.09
-0.052
-0.043
-0.042
-0.041
-0.041
-0.045
-0.049
-0.052
-0.049
-0.037
-0.024
-0.013
-0.004
0.002
0.007
0.011
0.015
0.018
0.018
0.019
0.019
0.02
0.02
0.02
0.013
0.007
0.002
0.0
-0.001
0.0
0.004
0.01
0.018
0.029
0.039
0.049
0.059
0.071
0.078
0.084
0.088
0.091
0.091
0.089
0.086
0.083
0.079
0.074
0.067
0.061
0.055
0.053
0.052
0.051
0.05
0.048
0.047
0.045
0.043
0.041
0.04
0.038
0.036
0.034
0.031
0.028
0.021
0.008
0.0
-0.003
-0.006
-0.009
-0.011
-0.012
-0.014
-0.016
-0.017
-0.018
-0.019
-0.02
-0.021
-0.022
-0.025
-0.028
-0.029
-0.027
-0.022
-0.018
-0.016
-0.014
-0.012
-0.01
-0.007
-0.005
-0.003
-0.001
0.0
0.0
0.0
0.0
0.0
0.0
0.001
0.002
0.005
0.007
0.008
0.007
0.006
0.003
0.002
0.001
0.0
-0.002
-0.004
-0.006
-0.008
-0.008
-0.008
-0.008
-0.006
-0.005
-0.003
0.0
0.002
0.004
0.007
0.008
0.01
0.012
0.015
0.018
0.02
0.022
0.023
0.023
0.022
0.021
0.018
0.014
0.01
0.006
0.002
-0.001
-0.004
-0.008
-0.013
-0.017
-0.021
-0.024
-0.027
-0.029
-0.032
-0.035
-0.037
-0.04
-0.043
-0.046
-0.049
-0.052
-0.055
-0.058
-0.061
-0.067
-0.073
-0.075
-0.075
-0.071
-0.065
-0.043
-0.012
0.033
0.09
0.157
0.222
0.265
0.27
0.248
0.174
0.077
-0.014
-0.088
-0.121
-0.132
-0.119
-0.076
-0.045
-0.035
-0.031
-0.036
-0.047
-0.056
-0.064
-0.071
-0.07
-0.064
-0.054
-0.038
-0.012
0.0
0.006
0.011
0.014
0.016
0.017
0.018
0.019
0.02
0.02
0.021
0.022
0.024
0.024
0.021
0.019
0.017
0.014
0.012
0.011
0.012
0.016
0.021
0.025
0.028
0.03
0.033
0.035
0.038
0.041
0.043
0.045
0.046
0.047
0.048
0.048
0.047
0.046
0.045
0.043
0.041
0.039
0.037
0.035
0.033
0.031
0.029
0.026
0.022
0.018
0.014
0.01
0.006
0.001
-0.002
-0.006
-0.01
-0.013
-0.016
-0.019
-0.022
-0.025
-0.027
-0.029
-0.03
-0.031
-0.032
-0.033
-0.034
-0.034
-0.035
-0.036
-0.039
-0.041
-0.038
-0.034
-0.031
-0.029
-0.029
-0.028
-0.027
-0.027
-0.025
-0.024
-0.022
-0.021
-0.02
-0.018
-0.017
-0.016
-0.014
-0.013
-0.011
-0.008
-0.004
-0.001
0.0
0.002
0.005
0.009
0.008
-0.003
-0.012
-0.019
-0.025
-0.028
-0.028
-0.028
-0.028
-0.028
-0.028
-0.018
-0.007
-0.001
0.004
0.009
0.013
0.018
0.022
0.026
0.028
0.029
0.03
0.032
0.033
0.033
0.033
0.03
0.025
0.019
0.009
-0.006
-0.015
-0.021
-0.025
-0.028
-0.029
-0.03
-0.031
-0.031
-0.032
-0.033
-0.034
-0.035
-0.037
-0.038
-0.038
-0.039
-0.04
-0.041
-0.041
-0.04
-0.04
-0.039
-0.038
-0.036
-0.032
-0.019
0.017
0.069
0.136
0.212
0.282
0.331
0.338
0.328
0.257
0.152
0.03
-0.088
-0.177
-0.207
-0.204
-0.159
-0.091
-0.028
-0.006
-0.006
-0.03
-0.048
-0.054
-0.056
-0.052
-0.044
-0.034
-0.023
-0.018
-0.015
-0.014
-0.012
-0.008
-0.003
0.001
0.006
0.012
0.017
0.022
0.027
0.031
0.037
0.039
0.036
0.031
0.028
0.025
0.022
0.019
0.018
0.019
0.023
0.027
0.03
0.034
0.037
0.041
0.045
0.049
0.052
0.054
0.057
0.06
0.065
0.069
0.073
0.075
0.078
0.082
0.081
0.071
0.061
0.05
