-0.041
-0.048
-0.055
-0.061
-0.069
-0.075
-0.081
-0.085
-0.089
-0.093
-0.097
-0.101
-0.104
-0.106
-0.107
-0.107
-0.107
-0.106
-0.104
-0.1
-0.095
-0.088
-0.08
-0.072
-0.064
-0.055
-0.045
-0.034
-0.024
-0.016
-0.011
-0.006
-0.002
0.001
0.006
0.013
0.019
0.024
0.025
0.023
0.017
0.01
0.004
0.001
0.0
-0.003
-0.006
-0.01
-0.013
-0.015
-0.017
-0.018
-0.018
-0.018
-0.018
-0.018
-0.017
-0.016
-0.016
-0.016
-0.018
-0.02
-0.023
-0.025
-0.027
-0.028
-0.029
-0.029
-0.029
-0.027
-0.025
-0.023
-0.023
-0.023
-0.023
-0.023
-0.022
-0.022
-0.021
-0.02
-0.019
-0.017
-0.013
-0.009
-0.004
0.0
0.002
0.005
0.007
0.007
0.006
0.004
0.0
-0.002
-0.005
-0.007
-0.008
-0.01
-0.011
-0.012
-0.012
-0.012
-0.012
-0.013
-0.015
-0.016
-0.018
-0.019
-0.02
-0.021
-0.021
-0.02
-0.02
-0.019
-0.018
-0.017
-0.016
-0.015
-0.013
-0.01
-0.008
-0.005
-0.003
-0.001
0.0
0.002
0.005
0.006
0.007
0.007
0.007
0.007
0.007
0.007
0.008
0.008
0.01
0.012
0.014
0.016
0.016
0.016
0.015
0.014
0.012
0.009
0.006
0.002
0.0
-0.003
-0.004
-0.004
-0.003
-0.002
0.0
0.001
0.001
0.002
0.001
0.0
-0.001
-0.003
-0.005
-0.006
-0.008
-0.008
-0.008
-0.007
-0.006
-0.006
-0.006
-0.007
-0.009
-0.011
-0.014
-0.017
-0.02
-0.023
-0.025
-0.026
-0.026
-0.025
-0.025
-0.024
-0.024
-0.024
-0.024
-0.025
-0.026
-0.027
-0.028
-0.028
-0.027
-0.024
-0.019
-0.014
-0.009
-0.004
0.0
0.004
0.007
0.01
0.012
0.013
0.014
0.016
0.018
0.02
0.022
0.025
0.027
0.03
0.032
0.035
0.037
0.039
0.041
0.041
0.042
0.041
0.041
0.04
0.039
0.037
0.036
0.034
0.031
0.027
0.023
0.018
0.013
0.007
-0.002
-0.031
-0.058
-0.082
-0.104
-0.119
-0.13
-0.141
-0.154
-0.155
-0.133
-0.07
0.025
0.158
0.327
0.519
0.702
0.817
0.855
0.816
0.699
0.5
0.287
0.098
-0.04
-0.108
-0.132
-0.144
-0.143
-0.128
-0.11
-0.098
-0.087
-0.076
-0.067
-0.059
-0.053
-0.049
-0.045
-0.042
-0.04
-0.037
-0.035
-0.034
-0.032
-0.031
-0.03
-0.03
-0.029
-0.03
-0.033
-0.038
-0.044
-0.051
-0.056
-0.062
-0.067
-0.072
-0.076
-0.079
-0.082
-0.082
-0.08
-0.077
-0.072
-0.068
-0.064
-0.06
-0.056
-0.051
-0.046
-0.041
-0.037
-0.033
-0.029
-0.025
-0.019
-0.014
-0.009
-0.005
-0.001
0.001
0.005
0.011
0.016
0.021
0.026
0.03
0.035
0.041
0.046
0.052
0.056
0.059
0.062
0.065
0.069
0.075
0.082
0.09
0.102
0.121
0.14
0.15
0.16
0.174
0.19
0.201
0.206
0.21
0.213
0.216
0.217
0.218
0.216
0.213
0.207
0.201
0.195
0.189
0.18
0.169
0.157
0.143
0.128
0.113
0.096
0.081
0.067
0.056
0.051
0.047
0.044
0.041
0.037
0.034
0.031
0.029
0.027
0.026
0.026
0.025
0.024
0.023
0.022
0.02
0.018
0.016
0.013
0.011
0.008
0.007
0.005
0.005
0.004
0.004
0.003
0.002
0.0
-0.002
-0.005
-0.006
-0.006
-0.006
-0.005
-0.004
-0.002
-0.001
0.0
0.002
0.004
0.006
0.007
0.008
0.008
0.008
0.007
0.005
0.003
0.001
-0.001
-0.003
-0.006
-0.007
-0.009
-0.01
-0.011
-0.013
-0.015
-0.017
-0.02
-0.021
-0.023
-0.025
-0.027
-0.029
-0.031
-0.033
-0.034
-0.036
-0.038
-0.041
-0.044
-0.047
-0.049
-0.051
-0.053
-0.055
-0.057
-0.059
-0.06
-0.061
-0.061
-0.062
-0.062
-0.062
-0.061
-0.06
-0.06
-0.059
-0.058
-0.057
-0.055
-0.053
-0.05
-0.047
-0.045
-0.042
-0.038
-0.034
-0.031
-0.028
-0.025
-0.023
-0.019
-0.013
-0.005
0.001
0.003
0.0
-0.004
-0.009
-0.013
-0.015
-0.017
-0.019
-0.02
-0.022
-0.024
-0.026
-0.03
-0.033
-0.036
-0.04
-0.043
-0.047
-0.05
-0.054
-0.059
-0.064
-0.072
-0.089
-0.109
-0.133
-0.15
-0.164
-0.177
-0.186
-0.189
-0.187
-0.181
-0.172
-0.16
-0.139
-0.1
-0.067
-0.042
-0.014
-0.005
-0.001
0.002
0.005
0.008
0.01
0.012
0.013
0.015
0.018
0.02
0.022
0.023
0.023
0.022
0.021
0.02
0.02
0.02
0.02
0.02
0.02
0.021
0.021
0.022
0.022
0.022
0.022
0.022
0.022
0.022
0.022
0.02
0.018
0.017
0.016
0.016
0.014
0.013
0.01
0.008
0.007
0.006
0.005
0.004
0.003
0.003
0.003
0.003
0.003
0.004
0.003
0.003
0.002
0.002
0.002
0.002
0.002
0.002
0.003
0.006
0.009
0.013
0.016
0.019
0.021
0.022
0.025
0.027
0.029
0.03
0.031
0.032
0.033
0.035
0.037
0.039
0.04
0.041
0.041
0.041
0.04
0.038
0.034
0.03
0.026
0.021
0.017
0.013
0.009
0.005
0.001
-0.002
-0.007
-0.011
-0.016
-0.021
-0.025
-0.029
-0.031
-0.034
-0.037
-0.04
-0.044
-0.05
-0.062
-0.069
-0.062
-0.042
0.012
0.11
0.244
0.409
0.592
0.76
0.857
0.865
0.804
0.648
0.45
0.241
0.053
-0.085
-0.147
-0.167
-0.146
-0.11
-0.07
-0.053
-0.046
-0.039
-0.035
-0.031
-0.029
-0.029
-0.028
-0.028
-0.028
-0.028
-0.028
-0.029
-0.031
-0.032
-0.033
-0.033
-0.033
-0.034
-0.035
-0.037
-0.038
-0.039
-0.04
-0.043
-0.047
-0.05
-0.053
-0.055
-0.057
-0.059
-0.062
-0.066
-0.069
-0.072
-0.074
-0.074
-0.073
-0.071
-0.068
-0.063
-0.056
-0.049
-0.041
-0.028
-0.016
-0.007
-0.001
0.002
0.004
0.005
0.006
0.008
0.009
0.011
0.014
0.018
0.023
0.028
0.033
0.038
0.045
0.051
0.06
0.075
0.089
0.094
0.097
0.099
0.101
0.103
0.105
0.106
0.108
0.11
0.111
0.113
0.114
0.116
0.116
0.117
0.117
0.118
0.119
0.121
0.122
0.125
0.13
0.135
0.138
0.136
0.129
0.118
0.105
0.085
0.064
0.051
0.043
0.036
0.029
0.022
0.015
0.009
0.003
-0.002
-0.01
-0.021
-0.039
-0.046
-0.049
-0.05
-0.051
-0.052
-0.053
-0.053
-0.054
-0.054
-0.055
-0.056
-0.057
-0.057
-0.056
-0.053
-0.05
-0.046
-0.042
-0.037
-0.033
-0.03
-0.027
-0.025
-0.023
-0.022
-0.021
-0.019
-0.017
-0.015
-0.013
-0.011
-0.008
-0.006
-0.003
-0.001
0.0
0.0
0.0
0.0
0.0
0.001
0.001
0.001
0.001
0.001
0.001
0.002
0.002
0.002
0.001
0.0
0.0
-0.001
-0.001
-0.002
-0.003
-0.003
-0.003
-0.003
-0.002
0.0
0.0
0.0
0.0
0.0
0.0
0.0
0.0
0.0
-0.001
-0.002
-0.003
-0.003
-0.004
-0.004
-0.004
-0.004
-0.004
-0.003
-0.003
-0.003
-0.004
-0.005
-0.006
-0.007
-0.007
-0.007
-0.007
-0.007
-0.007
-0.006
-0.005
-0.004
-0.002
-0.001
-0.001
-0.001
-0.002
-0.003
-0.004
-0.006
-0.007
-0.008
-0.009
-0.009
-0.009
-0.009
-0.009
-0.01
-0.01
-0.011
-0.011
-0.011
-0.012
-0.013
-0.014
-0.014
-0.015
-0.015
-0.015
-0.015
-0.016
-0.017
-0.018
-0.02
-0.022
-0.024
-0.025
-0.026
-0.027
-0.026
-0.026
-0.025
-0.025
-0.024
-0.024
-0.024
-0.025
-0.027
-0.03
-0.033
-0.036
-0.038
-0.04
-0.042
-0.043
-0.045
-0.046
-0.046
-0.047
-0.049
-0.053
-0.057
-0.062
-0.064
-0.064
-0.063
-0.061
-0.059
-0.057
-0.055
-0.053
-0.049
-0.046
-0.043
-0.041
-0.04
-0.04
-0.039
-0.039
-0.039
-0.038
-0.038
-0.035
-0.028
-0.028
-0.036
-0.039
-0.041
-0.042
-0.043
-0.043
-0.043
-0.044
-0.044
-0.045
-0.045
-0.046
-0.045
-0.044
-0.044
-0.043
-0.042
-0.041
-0.04
-0.04
-0.039
-0.04
-0.04
-0.04
-0.039
-0.039
-0.038
-0.037
-0.037
-0.037
-0.036
-0.036
-0.036
-0.037
-0.038
-0.04
-0.041
-0.042
-0.042
-0.042
-0.042
-0.042
-0.038
-0.039
-0.056
-0.063
-0.067
-0.071
-0.075
-0.078
-0.082
-0.086
-0.09
-0.094
-0.096
-0.097
-0.096
-0.095
-0.093
-0.09
-0.087
-0.084
-0.079
-0.074
-0.069
-0.064
-0.037
0.037
0.143
0.287
0.462
0.642
0.792
0.847
0.839
0.732
0.542
0.315
0.102
-0.049
-0.088
-0.101
-0.071
-0.054
-0.047
-0.043
-0.04
-0.037
-0.034
-0.03
-0.027
-0.022
-0.017
-0.014
-0.01
-0.008
-0.006
-0.003
0.0
0.003
0.011
0.029
0.046
0.061
0.067
0.071
0.075
0.078
0.081
0.084
0.087
0.089
0.09
0.091
0.092
0.093
0.094
0.094
0.094
0.094
0.095
0.095
0.096
0.097
0.097
0.098
0.098
0.098
0.099
0.101
0.102
0.104
0.106
0.107
0.108
0.109
0.11
0.112
0.114
0.116
0.118
0.121
0.123
0.127
0.131
0.135
0.139
0.143
0.147
0.151
0.155
0.159
0.163
0.167
0.172
0.177
0.183
0.19
0.195
0.199
0.202
0.205
0.208
0.21
0.213
0.215
0.217
0.221
0.226
0.229
0.231
0.23
0.226
0.22
0.212
0.198
0.175
0.159
0.149
0.137
0.125
0.11
0.093
0.081
0.072
0.065
0.057
0.048
0.039
0.032
0.026
0.019
0.013
0.005
-0.001
-0.007
-0.011
-0.016
-0.021
-0.026
-0.03
-0.03
-0.029
-0.026
-0.024
-0.022
-0.021
-0.021
-0.019
-0.017
-0.015
-0.014
-0.013
-0.013
-0.013
-0.013
-0.013
-0.014
-0.016
-0.018
-0.021
-0.024
-0.027
-0.03
-0.037
-0.043
-0.047
-0.047
-0.045
-0.043
-0.041
-0.039
-0.037
-0.036
-0.036
-0.04
-0.046
-0.051
-0.054
-0.058
-0.063
-0.067
-0.07
-0.071
-0.069
-0.066
-0.063
-0.06
-0.057
-0.055
-0.051
-0.048
-0.045
-0.043
-0.043
-0.044
-0.047
-0.05
-0.054
-0.06
-0.069
-0.085
-0.101
-0.122
-0.146
-0.169
-0.193
-0.217
-0.245
-0.263
-0.272
-0.279
-0.284
-0.285
-0.283
-0.277
-0.27
-0.263
-0.258
-0.254
-0.25
-0.245
-0.24
-0.236
-0.232
-0.229
-0.227
-0.225
-0.222
-0.219
-0.216
-0.213
-0.21
-0.208
-0.205
-0.201
-0.198
-0.195
-0.193
-0.191
-0.19
-0.188
-0.186
-0.183
-0.181
-0.18
-0.179
-0.177
-0.175
-0.173
-0.171
-0.169
-0.167
-0.165
-0.162
-0.158
-0.152
-0.146
-0.141
-0.135
-0.128
-0.113
-0.087
-0.06
-0.032
-0.002
0.029
0.064
0.084
0.09
0.093
0.096
0.098
0.099
0.099
0.099
0.098
0.098
0.097
0.097
0.097
0.096
0.095
0.094
0.094
0.094
0.095
0.095
0.095
0.094
0.093
0.093
0.092
0.092
0.091
0.091
0.09
0.089
0.089
0.089
0.09
0.09
0.09
0.089
0.089
0.09
0.09
0.091
0.091
0.091
0.091
0.091
0.091
0.091
0.09
0.089
0.087
0.085
0.082
0.078
0.074
0.065
0.042
0.025
0.015
0.008
0.005
0.004
0.003
0.003
0.002
0.001
0.003
0.015
0.025
0.035
0.044
0.054
0.07
0.086
0.092
0.095
0.098
0.1
0.101
0.101
0.1
0.099
0.097
0.094
0.091
0.086
0.081
0.074
0.064
0.054
0.049
0.044
0.04
0.037
0.035
0.031
0.026
0.019
0.009
-0.004
-0.022
-0.028
-0.036
-0.033
0.0
0.066
0.17
0.305
0.462
0.624
0.759
0.826
0.824
0.745
0.568
0.354
0.151
0.002
-0.04
-0.054
-0.04
-0.022
-0.009
-0.02
-0.033
-0.042
-0.041
-0.029
-0.023
-0.019
-0.015
-0.012
-0.01
-0.009
-0.009
-0.01
-0.01
-0.01
-0.01
-0.01
-0.012
-0.013
-0.015
-0.017
-0.018
-0.018
-0.019
-0.02
-0.023
-0.025
-0.028
-0.029
-0.03
-0.03
-0.03
-0.03
-0.03
-0.029
-0.028
-0.027
-0.027
-0.028
-0.029
-0.024
-0.013
-0.008
-0.005
-0.003
-0.002
-0.001
0.0
0.0
0.001
0.002
0.003
0.004
0.006
0.008
0.01
0.011
0.013
0.014
0.015
0.016
0.018
0.021
0.025
0.03
0.04
0.05
0.058
0.065
0.072
0.077
0.082
0.087
0.093
0.099
0.107
0.115
0.122
0.127
0.133
0.138
0.143
0.148
0.151
0.154
0.155
0.154
0.153
0.15
0.146
0.141
0.134
0.126
0.114
0.091
0.069
0.057
0.049
0.043
0.037
0.032
0.027
0.024
0.02
0.017
0.013
0.009
0.005
0.002
-0.001
-0.006
-0.011
-0.016
-0.019
-0.022
-0.023
-0.024
-0.025
-0.027
-0.028
-0.029
-0.028
-0.028
-0.028
-0.029
-0.03
-0.032
-0.033
-0.033
-0.033
-0.033
-0.033
-0.032
-0.03
-0.028
-0.025
-0.023
-0.02
-0.019
-0.018
-0.017
-0.016
-0.015
-0.013
-0.011
-0.01
-0.009
-0.01
-0.012
-0.015
-0.019
-0.023
-0.026
-0.03
-0.034
-0.039
-0.043
-0.046
-0.048
-0.049
-0.049
-0.049
-0.047
-0.045
-0.043
-0.04
-0.038
-0.036
-0.035
-0.034
-0.033
-0.029
-0.025
-0.022
-0.02
-0.02
-0.021
-0.022
-0.024
-0.027
-0.032
-0.037
-0.038
-0.036
-0.033
-0.032
-0.031
-0.029
-0.028
-0.027
-0.026
-0.026
-0.027
-0.028
-0.031
-0.033
-0.036
-0.039
-0.041
-0.044
-0.047
-0.049
-0.052
-0.053
-0.054
-0.054
-0.053
-0.053
-0.052
-0.051
-0.051
-0.05
-0.049
-0.048
-0.047
-0.047
-0.047
-0.046
-0.045
-0.043
-0.041
-0.04
-0.038
-0.037
-0.036
-0.035
-0.033
-0.031
-0.03
-0.025
-0.021
-0.021
-0.026
-0.032
-0.036
-0.04
-0.045
-0.048
-0.05
-0.05
-0.048
-0.046
-0.044
-0.042
-0.042
-0.041
-0.039
-0.038
-0.037
-0.037
-0.038
-0.037
-0.037
-0.037
-0.037
-0.038
-0.039
-0.04
-0.041
-0.041
-0.041
-0.042
-0.043
-0.043
-0.043
-0.044
-0.044
-0.043
-0.043
-0.042
-0.041
-0.039
-0.037
-0.035
-0.033
-0.032
-0.03
-0.029
-0.029
-0.029
-0.03
-0.03
-0.03
-0.028
-0.025
-0.022
-0.02
-0.017
-0.015
-0.012
-0.01
-0.008
-0.007
-0.007
-0.007
-0.007
-0.005
-0.003
0.0
0.0
0.0
0.0
0.0
0.0
0.0
-0.001
-0.003
-0.006
-0.008
-0.004
0.005
0.015
0.019
0.021
0.024
0.027
0.031
0.035
0.039
0.042
0.044
0.046
0.048
0.051
0.052
0.053
0.053
0.053
0.053
0.053
0.054
0.055
0.056
0.059
0.066
0.071
0.065
0.054
0.048
0.044
0.039
0.035
0.032
0.028
0.023
0.018
0.014
0.011
0.008
0.003
-0.002
-0.017
-0.048
-0.069
-0.082
-0.088
-0.081
-0.063
-0.011
0.086
0.223
0.386
0.553
0.699
0.795
0.809
0.778
0.64
0.444
0.237
0.059
-0.044
-0.079
-0.062
-0.048
-0.04
-0.033
-0.029
-0.027
-0.028
-0.031
-0.035
-0.039
-0.042
-0.046
-0.051
-0.056
-0.057
-0.054
-0.049
-0.043
-0.04
-0.037
-0.033
-0.029
-0.025
-0.021
-0.017
-0.015
-0.014
-0.014
-0.014
-0.013
-0.013
-0.013
-0.014
-0.013
-0.013
-0.011
-0.009
-0.008
-0.007
-0.006
-0.006
-0.006
-0.005
-0.004
-0.003
-0.002
-0.001
0.0
0.001
0.004
0.007
0.01
0.013
0.015
0.017
0.02
0.023
0.026
0.029
0.032
0.034
0.037
0.041
0.045
0.05
0.054
0.058
0.062
0.067
0.074
0.082
0.091
0.099
0.108
0.115
0.12
0.125
0.13
0.135
0.138
0.142
0.145
0.148
0.152
0.155
0.156
0.157
0.156
0.154
0.153
0.152
0.15
0.148
0.145
0.142
0.14
0.137
0.133
0.127
0.112
0.097
0.081
0.067
0.053
0.039
0.02
0.003
-0.003
-0.006
-0.01
-0.014
-0.017
-0.019
-0.022
-0.024
-0.026
-0.028
-0.03
-0.032
-0.033
-0.034
-0.034
-0.035
-0.035
-0.035
-0.035
-0.034
-0.034
-0.033
-0.033
-0.032
-0.032
-0.03
-0.029
-0.027
-0.027
-0.027
-0.026
-0.026
-0.025
-0.025
-0.025
-0.025
-0.025
-0.024
-0.024
-0.023
-0.021
-0.021
-0.02
-0.02
-0.021
-0.021
-0.021
-0.022
-0.023
-0.024
-0.025
-0.027
-0.028
-0.028
-0.029
-0.03
-0.031
-0.031
-0.032
-0.032
-0.031
-0.031
-0.031
-0.032
-0.032
-0.032
-0.032
-0.031
-0.03
-0.03
-0.03
-0.03
-0.028
-0.025
-0.023
-0.021
-0.02
-0.019
-0.018
-0.017
-0.017
-0.017
-0.017
-0.018
-0.019
-0.02
-0.021
-0.022
-0.023
-0.023
-0.024
-0.024
-0.024
-0.025
-0.026
-0.028
-0.028
-0.028
-0.028
-0.028
-0.029
-0.03
-0.031
-0.032
-0.031
-0.03
-0.03
-0.029
-0.029
-0.028
-0.027
-0.025
-0.023
-0.023
-0.023
-0.023
-0.023
-0.023
-0.023
-0.024
-0.025
-0.025
-0.025
-0.024
-0.023
-0.021
-0.019
-0.016
-0.014
-0.012
-0.01
-0.009
-0.009
-0.008
-0.008
-0.008
-0.009
-0.009
-0.01
-0.01
-0.009
-0.009
-0.009
-0.01
-0.011
-0.011
-0.012
-0.012
-0.012
-0.012
-0.013
-0.013
-0.012
-0.011
-0.01
-0.009
-0.009
-0.008
-0.008
-0.008
-0.007
-0.006
-0.005
-0.005
-0.005
-0.005
-0.005
-0.004
-0.004
-0.004
-0.004
-0.005
-0.005
-0.005
-0.004
-0.004
-0.003
-0.002
-0.001
0.0
0.0
0.001
0.002
0.003
0.003
0.004
0.004
0.003
0.003
0.004
0.004
0.005
0.005
0.006
0.007
0.008
0.009
0.009
0.009
0.009
0.009
0.008
0.008
0.008
0.008
0.008
0.007
0.007
0.007
0.007
0.007
0.008
0.008
0.008
0.008
0.009
0.01
0.011
0.012
0.013
0.015
0.016
0.018
0.02
0.021
0.022
0.023
0.025
0.026
0.026
0.026
0.025
0.024
0.023
0.023
0.022
0.02
0.018
0.015
0.011
0.007
0.003
-0.001
-0.009
-0.019
-0.029
-0.037
-0.045
-0.053
-0.062
-0.072
-0.086
-0.096
-0.096
-0.09
-0.076
-0.036
0.044
0.156
0.295
0.454
0.612
0.734
0.77
0.756
0.652
0.483
0.293
0.116
-0.021
-0.078
-0.095
-0.106
-0.112
-0.114
-0.113
-0.106
-0.098
-0.091
-0.085
-0.08
-0.075
-0.068
-0.062
-0.056
-0.052
-0.048
-0.046
-0.044
-0.042
-0.042
-0.042
-0.042
-0.043
-0.043
-0.043
-0.042
-0.042
-0.041
-0.041
-0.04
-0.039
-0.038
-0.037
-0.038
-0.038
-0.038
-0.038
-0.038
-0.037
-0.037
-0.037
-0.035
-0.033
-0.031
-0.028
-0.026
-0.024
-0.022
-0.02
-0.017
-0.015
-0.012
-0.01
-0.008
-0.005
-0.001
0.002
0.007
0.011
0.015
0.018
0.022
0.026
0.031
0.035
0.039
0.043
0.047
0.052
0.057
0.062
0.066
0.071
0.076
0.081
0.087
0.093
0.099
0.105
0.112
0.123
0.135
0.142
0.144
0.146
0.147
0.148
0.15
0.151
0.152
0.152
0.148
0.141
0.133
0.125
0.113
0.1
0.088
0.077
0.067
0.058
0.048
0.038
0.03
0.023
0.017
0.011
0.004
-0.002
-0.009
-0.013
-0.018
-0.022
-0.026
-0.03
-0.034
-0.036
-0.037
-0.036
-0.036
-0.035
-0.035
-0.035
-0.034
-0.033
-0.032
-0.031
-0.031
-0.031
-0.031
-0.031
-0.03
-0.03
-0.03
-0.03
-0.029
-0.028
-0.026
-0.025
-0.024
-0.023
-0.023
-0.022
-0.021
-0.02
-0.019
-0.019
-0.02
-0.02
-0.019
-0.019
-0.018
-0.018
-0.018
-0.018
-0.018
-0.016
-0.015
-0.015
-0.015
-0.016
-0.017
-0.017
-0.017
-0.018
-0.019
-0.02
-0.021
-0.022
-0.021
-0.021
-0.022
-0.023
-0.024
-0.026
-0.026
-0.026
-0.027
-0.028
-0.03
-0.033
-0.035
-0.036
-0.036
-0.037
-0.038
-0.039
-0.04
-0.041
-0.042
-0.043
-0.044
-0.045
-0.047
-0.048
-0.048
-0.049
-0.049
-0.049
-0.049
-0.049
-0.049
-0.049
-0.049
-0.049
-0.049
-0.049
-0.051
-0.053
-0.054
-0.055
-0.054
-0.053
-0.052
-0.052
-0.051
-0.051
-0.049
-0.048
-0.047
-0.046
-0.044
-0.043
-0.042
-0.041
-0.041
-0.041
-0.041
-0.041
-0.041
-0.041
-0.041
-0.041
-0.041
-0.038
-0.035
-0.031
-0.029
-0.028
-0.027
-0.027
-0.027
-0.026
-0.027
-0.028
-0.03
-0.031
-0.03
-0.027
-0.024
-0.022
-0.021
-0.02
-0.019
-0.017
-0.015
-0.013
-0.013
-0.014
-0.015
-0.015
-0.016
-0.017
-0.018
-0.021
-0.024
-0.025
-0.023
-0.019
-0.016
-0.015
-0.014
-0.013
-0.013
-0.012
-0.011
-0.011
-0.01
-0.009
-0.007
-0.005
-0.003
-0.002
-0.001
0.0
0.001
0.003
0.004
0.006
0.008
0.012
0.018
0.023
0.026
0.026
0.025
0.023
0.021
0.02
0.019
0.017
0.015
0.013
0.011
0.01
0.009
0.01
0.012
0.015
0.019
0.023
0.028
0.032
0.037
0.046
0.053
0.055
0.056
0.058
0.06
0.062
0.064
0.063
0.061
0.059
0.059
0.058
0.058
0.057
0.056
0.054
0.053
0.052
0.051
0.051
0.05
0.049
0.049
0.047
0.045
0.043
0.039
0.035
0.03
0.021
0.002
-0.011
-0.026
-0.04
-0.05
-0.059
-0.068
-0.059
-0.032
0.021
0.103
0.214
0.354
0.509
0.652
0.753
0.769
0.748
0.633
0.467
0.278
0.102
-0.029
-0.084
-0.102
-0.088
-0.072
-0.058
-0.055
-0.053
-0.052
-0.051
-0.05
-0.049
-0.049
-0.049
-0.049
-0.049
-0.049
-0.05
-0.05
-0.051
-0.053
-0.054
-0.055
-0.054
-0.053
-0.052
-0.051
-0.051
-0.051
-0.051
-0.051
-0.05
-0.05
-0.05
-0.05
-0.051
-0.05
-0.047
-0.044
-0.04
-0.035
-0.031
-0.026
-0.019
-0.018
-0.023
-0.026
-0.029
-0.032
-0.035
-0.036
-0.036
-0.034
-0.031
-0.029
-0.025
-0.022
-0.019
-0.016
-0.013
-0.01
-0.006
-0.002
0.003
0.01
0.018
0.028
0.042
0.055
0.066
0.075
0.084
0.092
0.099
0.105
0.108
0.11
0.112
0.113
0.114
0.115
0.116
0.118
0.119
0.119
0.12
0.12
0.12
0.12
0.119
0.118
0.116
0.113
0.11
0.106
0.101
0.096
0.089
0.073
0.055
0.043
0.034
0.026
0.018
0.009
0.0
-0.007
-0.014
-0.022
-0.03
-0.037
-0.045
-0.052
-0.058
-0.065
-0.072
-0.076
-0.078
-0.079
-0.079
-0.08
-0.08
-0.08
-0.08
-0.081
-0.081
-0.081
-0.082
-0.082
-0.081
-0.08
-0.079
-0.076
-0.074
-0.071
-0.068
-0.065
-0.063
-0.061
-0.059
-0.057
-0.055
-0.053
-0.051
-0.049
-0.048
-0.047
-0.047
-0.047
-0.047
-0.048
-0.049
-0.051
-0.053
-0.054
-0.055
-0.056
-0.056
-0.057
-0.058
-0.06
-0.061
-0.062
-0.063
-0.065
-0.066
-0.068
-0.069
-0.069
-0.069
-0.068
-0.066
-0.065
-0.063
-0.062
-0.06
-0.057
-0.054
-0.051
-0.044
-0.038
-0.038
-0.043
-0.049
-0.053
-0.057
-0.061
-0.064
-0.066
-0.064
-0.059
-0.054
-0.048
-0.046
-0.043
-0.041
-0.039
-0.037
-0.035
-0.033
-0.032
-0.031
-0.03
-0.03
-0.029
-0.029
-0.029
-0.029
-0.03
-0.03
-0.031
-0.03
-0.03
-0.03
-0.029
-0.029
-0.029
-0.028
-0.027
-0.025
-0.024
-0.023
-0.023
-0.022
-0.022
-0.022
-0.022
-0.022
-0.022
-0.023
-0.023
-0.023
-0.023
-0.023
-0.022
-0.022
-0.022
-0.021
-0.021
-0.021
-0.02
-0.02
-0.021
-0.021
-0.02
-0.02
-0.019
-0.018
-0.018
-0.018
-0.017
-0.016
-0.015
-0.013
-0.012
-0.012
-0.012
-0.011
-0.011
-0.01
-0.009
-0.009
-0.009
-0.008
-0.006
-0.003
0.0
0.003
0.007
0.01
0.015
0.024
0.033
0.039
0.043
0.046
0.048
0.049
0.051
0.053
0.055
0.056
0.056
0.056
0.056
0.057
0.057
0.056
0.056
0.056
0.055
0.054
0.053
0.053
0.052
0.05
0.045
0.057
0.063
0.065
0.067
0.068
0.069
0.069
0.07
0.07
0.071
0.072
0.072
0.072
0.072
0.072
0.072
0.072
0.073
0.073
0.073
0.072
0.072
0.073
0.073
0.074
0.076
0.077
0.078
0.08
0.082
0.084
0.086
0.088
0.09
0.092
0.094
0.095
0.097
0.099
0.102
0.105
0.108
0.11
0.11
0.107
0.102
0.097
0.093
0.089
0.085
0.081
0.077
0.072
0.068
0.063
0.06
0.057
0.053
0.048
0.042
0.027
0.002
-0.011
-0.021
-0.021
-0.012
0.013
0.063
0.147
0.269
0.422
0.584
0.731
0.829
0.842
0.805
0.675
0.498
0.305
0.14
0.027
-0.009
-0.023
0.001
0.023
0.037
0.048
0.052
0.049
0.041
0.033
0.028
0.024
0.021
0.018
0.015
0.013
0.011
0.01
0.011
0.013
0.016
0.019
0.022
0.025
0.029
0.031
0.033
0.034
0.035
0.035
0.035
0.035
0.035
0.035
0.035
0.036
0.037
0.038
0.039
0.041
0.042
0.043
0.043
0.043
0.044
0.045
0.046
0.048
0.049
0.051
0.053
0.056
0.059
0.063
0.067
0.07
0.074
0.078
0.081
0.084
0.087
0.09
0.094
0.098
0.103
0.109
0.117
0.126
0.136
0.144
0.153
0.16
0.167
0.172
0.177
0.182
0.186
0.189
0.192
0.193
0.194
0.194
0.192
0.19
0.186
0.182
0.178
0.173
0.167
0.16
0.15
0.141
0.131
0.119
0.106
0.09
0.076
0.063
0.048
0.03
0.005
-0.015
-0.033
-0.047
-0.057
-0.069
-0.084
-0.107
-0.124
-0.135
-0.143
-0.15
-0.157
-0.162
-0.167
-0.17
-0.173
-0.175
-0.177
-0.179
-0.181
-0.183
-0.184
-0.184
-0.184
-0.183
-0.181
-0.179
-0.176
-0.173
-0.17
-0.167
-0.164
