0.017
0.019
0.021
0.023
0.025
0.027
0.028
0.029
0.029
0.03
0.031
0.032
0.033
0.035
0.037
0.038
0.039
0.039
0.04
0.041
0.042
0.042
0.042
0.041
0.041
0.041
0.04
0.041
0.041
0.042
0.043
0.044
0.045
0.047
0.05
0.053
0.06
0.074
0.083
0.088
0.092
0.095
0.097
0.098
0.098
0.097
0.095
0.092
0.088
0.084
0.079
0.073
0.062
0.051
0.04
0.033
0.028
0.023
0.018
0.015
0.013
0.012
0.013
0.015
0.017
0.02
0.023
0.028
0.035
0.043
0.056
0.09
0.137
0.187
0.232
0.264
0.276
0.275
0.254
0.196
0.089
-0.044
-0.186
-0.313
-0.411
-0.458
-0.458
-0.414
-0.317
-0.2
-0.095
-0.042
-0.027
-0.015
-0.003
0.008
0.034
0.055
0.058
0.06
0.061
0.062
0.063
0.063
0.063
0.062
0.062
0.06
0.058
0.054
0.049
0.044
0.043
0.046
0.051
0.054
0.057
0.059
0.061
0.062
0.063
0.064
0.066
0.068
0.07
0.072
0.075
0.079
0.086
0.086
0.078
0.072
0.067
0.063
0.061
0.063
0.069
0.076
0.086
0.098
0.102
0.104
0.105
0.106
0.109
0.112
0.115
0.118
0.121
0.124
0.126
0.129
0.133
0.136
0.139
0.144
0.15
0.159
0.174
0.188
0.205
0.228
0.241
0.246
0.251
0.254
0.256
0.257
0.257
0.255
0.252
0.247
0.241
0.236
0.23
0.222
0.214
0.207
0.202
0.198
0.192
0.181
0.159
0.139
0.127
0.112
0.097
0.073
0.042
0.01
-0.014
-0.028
-0.037
-0.046
-0.057
-0.062
-0.065
-0.069
-0.072
-0.076
-0.079
-0.081
-0.082
-0.083
-0.083
-0.083
-0.082
-0.08
-0.077
-0.074
-0.071
-0.069
-0.068
-0.067
-0.066
-0.065
-0.063
-0.06
-0.057
-0.055
-0.052
-0.05
-0.047
-0.044
-0.042
-0.041
-0.04
-0.039
-0.038
-0.036
-0.035
-0.034
-0.035
-0.037
-0.04
-0.043
-0.045
-0.047
-0.049
-0.052
-0.056
-0.058
-0.059
-0.058
-0.056
-0.053
-0.05
-0.047
-0.044
-0.04
-0.035
-0.031
-0.03
-0.033
-0.039
-0.045
-0.051
-0.054
-0.056
-0.058
-0.06
-0.063
-0.065
-0.066
-0.067
-0.068
-0.069
-0.07
-0.071
-0.072
-0.073
-0.073
-0.074
-0.075
-0.075
-0.075
-0.075
-0.075
-0.075
-0.075
-0.076
-0.078
-0.081
-0.085
-0.087
-0.087
-0.083
-0.077
-0.071
-0.067
-0.063
-0.058
-0.053
-0.05
-0.05
-0.052
-0.057
-0.063
-0.068
-0.072
-0.076
-0.082
-0.087
-0.09
-0.092
-0.09
-0.087
-0.084
-0.08
-0.076
-0.071
-0.066
-0.062
-0.06
-0.059
-0.059
-0.059
-0.058
-0.058
-0.057
-0.057
-0.057
-0.058
-0.058
-0.058
-0.059
-0.059
-0.059
-0.059
-0.059
-0.058
-0.058
-0.057
-0.057
-0.057
-0.056
-0.055
-0.054
-0.053
-0.052
-0.053
-0.053
-0.053
-0.053
-0.053
-0.053
-0.054
-0.054
-0.053
-0.052
-0.05
-0.049
-0.048
-0.047
-0.046
-0.045
-0.044
-0.044
-0.045
-0.046
-0.046
-0.046
-0.045
-0.044
-0.043
-0.042
-0.04
-0.039
-0.037
-0.035
-0.033
-0.032
-0.032
-0.032
-0.033
-0.033
-0.032
-0.032
-0.031
-0.03
-0.029
-0.027
-0.025
-0.023
-0.02
-0.018
-0.017
-0.016
-0.015
-0.014
-0.012
-0.011
-0.011
-0.01
-0.01
-0.009
-0.007
-0.005
-0.003
-0.001
0.0
0.001
0.003
0.006
0.008
0.01
0.011
0.012
0.013
0.015
0.018
0.022
0.026
0.032
0.043
0.054
0.063
0.07
0.075
0.08
0.083
0.085
0.085
0.084
0.082
0.077
0.072
0.066
0.06
0.052
0.044
0.037
0.029
0.022
0.017
0.012
0.007
0.003
0.001
0.0
0.0
0.001
0.003
0.008
0.013
0.021
0.036
0.062
0.099
0.144
0.194
0.25
0.271
0.289
0.251
0.17
0.054
-0.078
-0.207
-0.311
-0.377
-0.399
-0.389
-0.358
-0.279
-0.189
-0.112
-0.065
-0.05
-0.04
-0.027
-0.016
-0.006
0.004
0.013
0.019
0.022
0.025
0.027
0.028
0.028
0.029
0.031
0.032
0.033
0.033
0.033
0.033
0.034
0.034
0.033
0.033
0.032
0.032
0.032
0.032
0.032
0.032
0.033
0.035
0.037
0.04
0.042
0.043
0.043
0.043
0.044
0.045
0.046
0.047
0.048
0.05
0.053
0.056
0.06
0.063
0.067
0.07
0.073
0.077
0.081
0.085
0.089
0.094
0.1
0.107
0.114
0.119
0.124
0.128
0.134
0.141
0.151
0.161
0.171
0.179
0.186
0.193
0.199
0.205
0.208
0.211
0.213
0.215
0.217
0.218
0.219
0.22
0.219
0.217
0.215
0.211
0.206
0.2
0.192
0.18
0.158
0.138
0.121
0.106
0.092
0.079
0.066
0.052
0.039
0.026
0.006
-0.028
-0.048
-0.058
-0.066
-0.072
-0.077
-0.081
-0.082
-0.083
-0.084
-0.084
-0.084
-0.085
-0.086
-0.087
-0.087
-0.087
-0.086
-0.086
-0.086
-0.086
-0.086
-0.086
-0.085
-0.085
-0.084
-0.083
-0.082
-0.08
-0.078
-0.076
-0.074
-0.072
-0.07
-0.068
-0.065
-0.063
-0.06
-0.058
-0.057
-0.056
-0.056
-0.055
-0.054
-0.053
-0.052
-0.052
-0.052
-0.052
-0.051
-0.05
-0.049
-0.048
-0.048
-0.049
-0.049
-0.05
-0.05
-0.05
-0.051
-0.052
-0.053
-0.053
-0.053
-0.053
-0.052
-0.051
-0.051
-0.05
-0.05
-0.049
-0.049
-0.049
-0.049
-0.051
-0.053
-0.054
-0.054
-0.055
-0.055
-0.054
-0.054
-0.054
-0.052
-0.051
-0.05
-0.05
-0.051
-0.052
-0.054
-0.056
-0.056
-0.056
-0.055
-0.054
-0.053
-0.051
-0.049
-0.047
-0.045
-0.042
-0.04
-0.038
-0.037
-0.037
-0.038
-0.039
-0.041
-0.042
-0.043
-0.045
-0.046
-0.047
-0.046
-0.044
-0.042
-0.04
-0.041
-0.042
-0.044
-0.045
-0.045
-0.047
-0.049
-0.051
-0.052
-0.052
-0.05
-0.048
-0.046
-0.045
-0.044
-0.042
-0.04
-0.038
-0.036
-0.034
-0.033
-0.033
-0.033
-0.033
-0.033
-0.034
-0.035
-0.036
-0.037
-0.038
-0.039
-0.039
-0.04
-0.039
-0.039
-0.038
-0.037
-0.036
-0.035
-0.034
-0.034
-0.033
-0.033
-0.033
-0.034
-0.035
-0.036
-0.036
-0.036
-0.037
-0.037
-0.037
-0.036
-0.034
-0.032
-0.031
-0.031
-0.031
-0.031
-0.031
-0.031
-0.032
-0.033
-0.034
-0.034
-0.033
-0.029
-0.024
-0.019
-0.017
-0.015
-0.013
-0.011
-0.01
-0.009
-0.009
-0.009
-0.008
-0.008
-0.008
-0.008
-0.007
-0.007
-0.006
-0.005
-0.004
-0.004
-0.004
-0.005
-0.005
-0.005
-0.005
-0.006
-0.006
-0.006
-0.006
-0.006
-0.006
-0.006
-0.007
-0.007
-0.008
-0.008
-0.008
-0.009
-0.01
-0.011
-0.011
-0.01
-0.009
-0.008
-0.007
-0.006
-0.005
-0.003
0.0
0.002
0.005
0.008
0.012
0.019
0.028
0.038
0.044
0.05
0.054
0.058
0.063
0.068
0.073
0.076
0.077
0.073
0.066
0.057
0.048
0.038
0.027
0.015
0.008
0.003
0.0
-0.003
-0.006
-0.01
-0.013
-0.015
-0.015
-0.014
-0.01
-0.005
0.001
0.01
0.027
0.062
0.099
0.138
0.181
0.211
0.229
0.241
0.224
0.173
0.083
-0.032
-0.162
-0.282
-0.362
-0.391
-0.392
-0.367
-0.299
-0.212
-0.135
-0.092
-0.081
-0.073
-0.061
-0.051
-0.036
-0.008
0.031
0.049
0.059
0.066
0.07
0.069
0.064
0.057
0.051
0.047
0.043
0.039
0.036
0.034
0.034
0.034
0.037
0.04
0.044
0.047
0.05
0.052
0.054
0.055
0.056
0.057
0.058
0.059
0.06
0.061
0.062
0.063
0.063
0.064
0.065
0.066
0.067
0.067
0.067
0.068
0.069
0.071
0.073
0.076
0.078
0.081
0.084
0.088
0.092
0.096
0.1
0.104
0.109
0.113
0.117
0.121
0.126
0.131
0.136
0.142
0.149
0.159
0.169
0.177
0.181
0.184
0.186
0.188
0.189
0.191
0.193
0.194
0.195
0.196
0.196
0.195
0.193
0.191
0.188
0.184
0.178
0.171
0.162
0.144
0.121
0.101
0.084
0.067
0.052
0.037
0.023
0.008
-0.007
-0.021
-0.034
-0.046
-0.06
-0.072
-0.077
-0.081
-0.084
-0.087
-0.09
-0.093
-0.096
-0.098
-0.099
-0.1
-0.102
-0.103
-0.104
-0.104
-0.104
-0.103
-0.102
-0.101
-0.1
-0.098
-0.096
-0.093
-0.091
-0.089
-0.087
-0.086
-0.085
-0.085
-0.085
-0.085
-0.085
-0.085
-0.085
-0.084
-0.081
-0.079
-0.076
-0.074
-0.072
-0.07
-0.069
-0.068
-0.067
-0.067
-0.067
-0.066
-0.064
-0.06
-0.057
-0.056
-0.057
-0.058
-0.06
-0.06
-0.06
-0.06
-0.06
-0.062
-0.063
-0.064
-0.065
-0.066
-0.066
-0.067
-0.067
-0.068
-0.068
-0.068
-0.067
-0.067
-0.066
-0.065
-0.064
-0.064
-0.064
-0.063
-0.063
-0.062
-0.062
-0.063
-0.064
-0.064
-0.064
-0.063
-0.062
-0.062
-0.061
-0.06
-0.059
-0.057
-0.055
-0.053
-0.053
-0.053
-0.053
-0.053
-0.052
-0.051
-0.05
-0.05
-0.049
-0.049
-0.047
-0.046
-0.045
-0.044
-0.044
-0.044
-0.043
-0.041
-0.04
-0.038
-0.037
-0.036
-0.035
-0.033
-0.032
-0.031
-0.03
-0.03
-0.031
-0.03
-0.03
-0.028
-0.027
-0.026
-0.024
-0.023
-0.021
-0.019
-0.018
-0.017
-0.018
-0.018
-0.018
-0.017
-0.016
-0.014
-0.012
-0.01
-0.008
-0.005
-0.003
0.0
0.0
0.0
0.0
0.0
0.0
-0.001
-0.001
-0.002
-0.003
-0.004
-0.004
-0.004
-0.004
-0.004
-0.005
-0.006
-0.008
-0.009
-0.01
-0.011
-0.011
-0.013
-0.014
-0.015
-0.016
-0.017
-0.017
-0.018
-0.019
-0.02
-0.021
-0.021
-0.02
-0.019
-0.018
-0.017
-0.017
-0.016
-0.015
-0.014
-0.015
-0.015
-0.016
-0.017
-0.016
-0.014
-0.011
-0.009
-0.007
-0.005
-0.004
-0.003
-0.002
-0.001
0.0
0.0
0.0
0.0
0.0
0.0
0.0
-0.001
-0.001
-0.001
-0.002
-0.002
-0.002
-0.001
-0.001
0.0
0.0
0.0
0.001
0.001
0.002
0.003
0.004
0.005
0.005
0.006
0.007
0.009
0.01
0.012
0.013
0.015
0.017
0.02
0.024
0.027
0.03
0.033
0.036
0.04
0.046
0.052
0.057
0.059
0.059
0.055
0.048
0.04
0.031
0.023
0.016
0.009
0.002
-0.004
-0.01
-0.017
-0.022
-0.026
-0.028
-0.029
-0.03
-0.029
-0.027
-0.023
-0.017
-0.011
-0.005
0.001
0.018
0.05
0.099
0.154
0.218
0.281
0.305
0.305
0.276
0.194
0.058
-0.098
-0.252
-0.38
-0.455
-0.48
-0.462
-0.407
-0.309
-0.211
-0.132
-0.09
-0.067
-0.054
-0.044
-0.033
-0.021
-0.012
-0.007
-0.004
-0.002
0.0
0.001
0.003
0.004
0.006
0.007
0.009
0.011
0.012
0.013
0.014
0.014
0.013
0.013
0.014
0.014
0.015
0.014
0.014
0.015
0.016
0.017
0.018
0.019
0.019
0.019
0.019
0.02
0.022
0.023
0.024
0.024
0.026
0.028
0.031
0.034
0.037
0.039
0.041
0.044
0.048
0.052
0.056
0.06
0.064
0.069
0.074
0.08
0.086
0.092
0.097
0.101
0.105
0.11
0.116
0.121
0.127
0.134
0.143
0.151
0.157
0.163
0.168
0.171
0.175
0.178
0.182
0.185
0.187
0.189
0.189
0.189
0.188
0.187
0.185
0.182
0.178
0.173
0.163
0.14
0.112
0.087
0.067
0.051
0.034
0.017
0.001
-0.012
-0.024
-0.035
-0.047
-0.06
-0.066
-0.07
-0.073
-0.076
-0.079
-0.081
-0.083
-0.084
-0.085
-0.085
-0.086
-0.087
-0.088
-0.089
-0.089
-0.089
-0.089
-0.088
-0.088
-0.087
-0.085
-0.083
-0.08
-0.077
-0.075
-0.072
-0.07
-0.068
-0.065
-0.057
-0.05
-0.046
-0.043
-0.041
-0.039
-0.036
-0.033
-0.031
-0.03
-0.03
-0.031
-0.033
-0.034
-0.035
-0.036
-0.037
-0.039
-0.041
-0.042
-0.042
-0.041
-0.04
-0.037
-0.034
-0.031
-0.028
-0.026
-0.024
-0.023
-0.022
-0.021
-0.02
-0.02
-0.019
-0.018
-0.018
-0.018
-0.018
-0.019
-0.019
-0.019
-0.02
-0.021
-0.023
-0.024
-0.025
-0.026
-0.026
-0.027
-0.028
-0.029
-0.029
-0.029
-0.028
-0.028
-0.027
-0.027
-0.026
-0.025
-0.024
-0.023
-0.022
-0.022
-0.022
-0.021
-0.021
-0.02
-0.019
-0.018
-0.018
-0.018
-0.017
-0.016
-0.015
-0.014
-0.014
-0.014
-0.013
-0.013
-0.011
-0.01
-0.009
-0.008
-0.008
-0.008
-0.008
-0.008
-0.008
-0.008
-0.008
-0.008
-0.008
-0.008
-0.008
-0.008
-0.008
-0.008
-0.007
-0.007
-0.008
-0.008
-0.009
-0.01
-0.011
-0.011
-0.011
-0.011
-0.011
-0.011
-0.01
-0.009
-0.009
-0.009
-0.009
-0.009
-0.009
-0.009
-0.009
-0.01
-0.01
-0.011
-0.011
-0.011
-0.011
-0.012
-0.013
-0.014
-0.016
-0.017
-0.018
-0.019
-0.019
-0.019
-0.019
-0.019
-0.018
-0.017
-0.016
-0.015
-0.014
-0.014
-0.014
-0.013
-0.013
-0.012
-0.011
-0.01
-0.009
-0.008
-0.006
-0.004
-0.002
0.0
0.001
0.001
0.002
0.004
0.006
0.009
0.011
0.012
0.013
0.013
0.015
0.017
0.019
0.02
0.02
0.021
0.021
0.022
0.024
0.025
0.026
0.026
0.026
0.028
0.03
0.033
0.035
0.037
0.039
0.042
0.047
0.057
0.067
0.077
0.084
0.089
0.095
0.099
0.101
0.099
0.094
0.086
0.076
0.057
0.029
0.017
0.011
0.005
0.001
-0.001
-0.002
-0.003
-0.004
-0.004
-0.003
-0.001
0.002
0.005
0.011
0.017
0.044
0.085
0.134
0.188
0.243
0.289
0.305
0.289
0.242
0.133
-0.006
-0.156
-0.291
-0.394
-0.444
-0.46
-0.438
-0.375
-0.276
-0.179
-0.104
-0.06
-0.035
-0.015
0.0
0.023
0.033
0.038
0.043
0.046
0.049
0.051
0.054
0.056
0.058
0.06
0.061
0.062
0.063
0.063
0.063
0.062
0.062
0.062
0.062
0.061
0.06
0.06
0.059
0.057
0.055
0.054
0.052
0.05
0.048
0.047
0.046
0.044
0.043
0.043
0.043
0.043
0.042
0.042
0.041
0.04
0.038
0.037
0.036
0.036
0.035
0.036
0.037
0.039
0.041
0.045
0.049
0.053
0.058
0.063
0.072
0.082
0.092
0.105
0.12
0.132
0.138
0.142
0.145
0.148
0.151
0.154
0.157
0.16
0.164
0.167
0.17
0.173
0.177
0.181
0.185
0.188
0.188
0.187
0.183
0.177
0.171
0.161
0.145
0.132
0.115
0.095
0.076
0.05
0.028
0.015
0.006
0.0
-0.005
-0.015
-0.033
-0.054
-0.075
-0.091
-0.101
-0.108
-0.113
-0.116
-0.118
-0.12
-0.122
-0.124
-0.125
-0.125
-0.125
-0.125
-0.124
-0.123
-0.121
-0.119
-0.115
-0.112
-0.109
-0.107
-0.105
-0.103
-0.1
-0.098
-0.094
-0.091
-0.088
-0.085
-0.083
-0.081
-0.08
-0.079
-0.079
-0.078
-0.078
-0.077
-0.076
-0.075
-0.072
-0.069
-0.067
-0.064
-0.062
-0.059
-0.057
-0.055
-0.053
-0.051
-0.051
-0.051
-0.051
-0.051
-0.05
-0.049
-0.049
-0.049
-0.049
-0.049
-0.048
-0.048
-0.047
-0.047
-0.048
-0.048
-0.049
-0.048
-0.048
-0.048
-0.049
-0.049
-0.049
-0.048
-0.047
-0.045
-0.045
-0.044
-0.044
-0.044
-0.043
-0.043
-0.043
-0.043
-0.043
-0.043
-0.043
-0.042
-0.041
-0.04
-0.04
-0.039
-0.038
-0.037
-0.036
-0.036
-0.036
-0.036
-0.035
-0.033
-0.031
-0.03
-0.03
-0.031
-0.034
-0.037
-0.04
-0.043
-0.046
-0.051
-0.056
-0.06
-0.063
-0.063
-0.061
-0.057
-0.053
-0.049
-0.046
-0.04
-0.034
-0.029
-0.027
-0.027
-0.03
-0.033
-0.036
-0.037
-0.039
-0.042
-0.045
-0.048
-0.05
-0.051
-0.05
-0.049
-0.047
-0.046
-0.044
-0.042
-0.04
-0.038
-0.037
-0.037
-0.037
-0.038
-0.038
-0.038
-0.038
-0.039
-0.039
-0.039
-0.039
-0.038
-0.037
-0.036
-0.036
-0.037
-0.038
-0.038
-0.038
-0.038
-0.037
-0.037
-0.037
-0.036
-0.035
-0.033
-0.031
-0.029
-0.028
-0.027
-0.027
-0.026
-0.023
-0.02
-0.017
-0.015
-0.017
-0.019
-0.023
-0.026
-0.028
-0.031
-0.035
-0.038
-0.039
-0.036
-0.03
-0.022
-0.011
0.003
0.009
0.011
0.013
0.015
0.016
0.017
0.018
0.018
0.017
0.017
0.017
0.016
0.015
0.014
0.012
0.01
0.008
0.007
0.005
0.003
0.004
0.012
0.024
0.034
0.045
0.054
0.061
0.066
0.07
0.073
0.077
0.08
0.082
0.084
0.085
0.085
0.084
0.082
0.079
0.074
0.068
0.062
0.054
0.04
0.03
0.021
0.016
0.011
0.008
0.005
0.003
0.002
0.001
0.001
0.003
0.006
0.011
0.016
0.022
0.034
0.058
0.096
0.139
0.188
0.239
0.273
0.284
0.265
0.21
0.106
-0.026
-0.169
-0.299
-0.396
-0.441
-0.444
-0.411
-0.333
-0.234
-0.134
-0.058
-0.021
-0.013
-0.007
-0.003
0.0
0.002
0.005
0.009
0.011
0.014
0.016
0.018
0.021
0.025
0.033
0.04
0.045
0.048
0.049
0.051
0.052
0.052
0.053
0.053
0.053
0.053
0.054
0.053
0.053
0.052
0.052
0.052
0.053
0.054
0.054
0.055
0.055
0.057
0.059
0.06
0.062
0.063
0.064
0.065
0.067
0.07
0.072
0.075
0.077
0.08
0.084
0.087
0.091
0.094
0.097
0.1
0.103
0.107
0.11
0.114
0.117
0.121
0.125
0.129
0.135
0.141
0.147
0.155
0.164
0.172
0.18
0.188
0.194
0.199
0.203
0.207
0.21
0.213
0.213
0.212
0.21
0.206
0.202
0.196
0.19
0.182
0.167
0.152
0.138
0.121
0.102
0.083
0.068
0.056
0.045
0.032
0.017
0.0
-0.023
-0.042
-0.057
-0.07
-0.082
-0.091
-0.095
-0.098
-0.1
-0.102
-0.104
-0.106
