-0.811
-0.796
-0.787
-0.783
-0.783
-0.786
-0.793
-0.806
-0.844
-0.922
-1.024
-1.123
-1.199
-1.264
-1.345
-1.446
-1.542
-1.608
-1.631
-1.632
-1.611
-1.553
-1.492
-1.439
-1.373
-1.285
-1.184
-1.091
-1.016
-0.956
-0.899
-0.844
-0.79
-0.739
-0.694
-0.664
-0.631
-0.595
-0.554
-0.523
-0.506
-0.496
-0.484
-0.472
-0.452
-0.419
-0.388
-0.366
-0.355
-0.329
-0.285
-0.232
-0.184
-0.153
-0.119
-0.087
-0.056
-0.021
0.003
0.016
0.025
0.032
0.037
0.041
0.043
0.044
0.045
0.047
0.049
0.05
0.052
0.055
0.058
0.062
0.066
0.071
0.075
0.08
0.087
0.096
0.107
0.116
0.121
0.126
0.131
0.138
0.146
0.155
0.168
0.184
0.211
0.245
0.264
0.277
0.29
0.305
0.33
0.356
0.367
0.374
0.381
0.392
0.407
0.432
0.462
0.475
0.483
0.488
0.49
0.488
0.484
0.478
0.47
0.455
0.426
0.393
0.357
0.338
0.332
0.326
0.321
0.317
0.312
0.306
0.302
0.3
0.298
0.295
0.291
0.287
0.275
0.252
0.237
0.226
0.228
0.249
0.304
0.401
0.552
0.745
0.958
1.171
1.366
1.523
1.605
1.614
1.581
1.484
1.353
1.201
1.046
0.879
0.698
0.538
0.419
0.327
0.27
0.248
0.234
0.217
0.191
0.16
0.139
0.132
0.128
0.125
0.127
0.134
0.143
0.147
0.149
0.151
0.153
0.156
0.158
0.161
0.162
0.163
0.163
0.163
0.161
0.159
0.158
0.156
0.153
0.149
0.145
0.141
0.136
0.131
0.123
0.115
0.107
0.098
0.089
0.08
0.071
0.064
0.061
0.065
0.073
0.082
0.088
0.093
0.098
0.103
0.107
0.11
0.112
0.115
0.118
0.12
0.121
0.122
0.122
0.124
0.126
0.128
0.13
0.13
0.13
0.129
0.129
0.127
0.124
0.12
0.116
0.111
0.108
0.106
0.103
0.1
0.097
0.094
0.091
0.089
0.085
0.081
0.077
0.074
0.071
0.067
0.063
0.056
0.043
0.031
0.023
0.009
-0.014
-0.044
-0.07
-0.093
-0.119
-0.141
-0.157
-0.177
-0.194
-0.208
-0.222
-0.236
-0.254
-0.274
-0.29
-0.307
-0.324
-0.341
-0.358
-0.375
-0.39
-0.402
-0.413
-0.426
-0.442
-0.457
-0.47
-0.48
-0.485
-0.489
-0.491
-0.493
-0.495
-0.497
-0.495
-0.488
-0.478
-0.469
-0.457
-0.447
-0.438
-0.431
-0.421
-0.407
-0.389
-0.368
-0.344
-0.32
-0.308
-0.304
-0.304
-0.303
-0.3
-0.296
-0.292
-0.285
-0.278
-0.272
-0.268
-0.264
-0.255
-0.241
-0.229
-0.219
-0.211
-0.202
-0.194
-0.188
-0.183
-0.175
-0.166
-0.157
-0.151
-0.144
-0.135
-0.127
-0.121
-0.117
-0.113
-0.107
-0.101
-0.094
-0.088
-0.081
-0.074
-0.069
-0.063
-0.055
-0.047
-0.04
-0.033
-0.026
-0.019
-0.01
-0.002
0.003
0.009
0.017
0.027
0.038
0.047
0.057
0.069
0.084
0.1
0.113
0.123
0.131
0.141
0.153
0.166
0.177
0.188
0.201
0.214
0.223
0.228
0.235
0.241
0.242
0.238
0.236
0.235
0.233
0.225
0.217
0.212
0.206
0.2
0.194
0.192
0.191
0.187
0.182
0.178
0.176
0.172
0.167
0.166
0.169
0.175
0.18
0.184
0.179
0.174
0.167
0.182
0.194
0.204
0.216
0.226
0.234
0.24
0.247
0.256
0.264
0.273
0.285
0.295
0.304
0.315
0.326
0.336
0.343
0.346
0.35
0.356
0.363
0.369
0.375
0.381
0.387
0.394
0.399
0.405
0.411
0.416
0.421
0.424
0.43
0.435
0.438
0.437
0.431
0.42
0.409
0.389
0.357
0.33
0.306
0.284
0.259
0.233
0.21
0.198
0.191
0.188
0.184
0.181
0.176
0.166
0.149
0.122
0.094
0.062
0.023
0.003
-0.005
-0.011
0.01
0.076
0.187
0.336
0.522
0.73
0.949
1.157
1.319
1.409
1.417
1.369
1.23
1.049
0.861
0.669
0.503
0.358
0.252
0.158
0.095
0.07
0.054
0.021
-0.043
-0.117
-0.18
-0.199
-0.206
-0.213
-0.194
-0.184
-0.179
-0.177
-0.177
-0.173
-0.167
-0.162
-0.159
-0.158
-0.158
-0.159
-0.162
-0.165
-0.166
-0.164
-0.163
-0.164
-0.165
-0.162
-0.16
-0.16
-0.161
-0.164
-0.166
-0.168
-0.169
-0.17
-0.17
-0.169
-0.169
-0.172
-0.174
-0.176
-0.18
-0.186
-0.191
-0.193
-0.195
-0.197
-0.199
-0.201
-0.201
-0.201
-0.199
-0.197
-0.192
-0.186
-0.18
-0.171
-0.163
-0.157
-0.152
-0.148
-0.143
-0.135
-0.122
-0.103
-0.088
-0.078
-0.072
-0.066
-0.057
-0.047
-0.035
-0.022
-0.007
0.005
0.02
0.033
0.041
0.046
0.053
0.061
0.066
0.07
0.071
0.069
0.064
0.057
0.047
0.037
0.022
-0.004
-0.027
-0.055
-0.086
-0.104
-0.118
-0.13
-0.143
-0.153
-0.157
-0.161
-0.165
-0.167
-0.169
-0.17
-0.171
-0.172
-0.173
-0.174
-0.175
-0.173
-0.171
-0.172
-0.174
-0.175
-0.174
-0.174
-0.175
-0.175
-0.175
-0.176
-0.177
-0.178
-0.18
-0.181
-0.182
-0.183
-0.183
-0.183
-0.183
-0.185
-0.186
-0.187
-0.191
-0.194
-0.197
-0.198
-0.196
-0.191
-0.186
-0.182
-0.179
-0.176
-0.172
-0.169
-0.164
-0.16
-0.156
-0.154
-0.152
-0.15
-0.146
-0.14
-0.132
-0.116
-0.095
-0.087
-0.083
-0.079
-0.073
-0.069
-0.066
-0.064
-0.062
-0.06
-0.058
-0.056
-0.055
-0.054
-0.054
-0.053
-0.052
-0.05
-0.048
-0.047
-0.047
-0.045
-0.041
-0.038
-0.036
-0.035
-0.035
-0.035
-0.035
-0.034
-0.032
-0.03
-0.029
-0.028
-0.027
-0.024
-0.021
-0.019
-0.018
-0.018
-0.019
-0.02
-0.021
-0.022
-0.024
-0.027
-0.03
-0.032
-0.033
-0.034
-0.034
-0.035
-0.038
-0.04
-0.042
-0.043
-0.042
-0.043
-0.044
-0.044
-0.043
-0.04
-0.036
-0.031
-0.026
-0.023
-0.022
-0.02
-0.017
-0.015
-0.012
-0.011
-0.01
-0.009
-0.008
-0.006
-0.002
0.0
0.0
0.001
0.002
0.005
0.008
0.01
0.013
0.014
0.015
0.016
0.018
0.02
0.022
0.023
0.024
0.026
0.029
0.034
0.039
0.043
0.048
0.052
0.057
0.063
0.069
0.075
0.081
0.086
0.091
0.098
0.105
0.112
0.119
0.124
0.127
0.128
0.128
0.125
0.121
0.115
0.108
0.1
0.093
0.083
0.065
0.05
0.045
0.041
0.038
0.034
0.031
0.027
0.022
0.016
0.009
0.001
-0.008
-0.022
-0.044
-0.053
-0.055
-0.061
-0.055
-0.012
0.067
0.193
0.364
0.566
0.779
0.988
1.161
1.257
1.289
1.257
1.159
0.994
0.805
0.63
0.466
0.322
0.216
0.148
0.081
0.0
-0.077
-0.123
-0.14
-0.146
-0.152
-0.157
-0.162
-0.165
-0.169
-0.171
-0.173
-0.174
-0.175
-0.176
-0.176
-0.175
-0.175
-0.175
-0.175
-0.175
-0.174
-0.171
-0.168
-0.165
-0.163
-0.161
-0.159
-0.156
-0.153
-0.151
-0.149
-0.147
-0.146
-0.144
-0.142
-0.139
-0.136
-0.134
-0.131
-0.128
-0.125
-0.12
-0.116
-0.112
-0.108
-0.104
-0.101
-0.096
-0.09
-0.085
-0.08
-0.075
-0.07
-0.064
-0.059
-0.053
-0.047
-0.041
-0.035
-0.027
-0.019
-0.011
-0.004
0.001
0.005
0.01
0.017
0.027
0.041
0.054
0.068
0.089
0.12
0.146
0.166
0.185
0.193
0.199
0.204
0.208
0.211
0.213
0.215
0.216
0.216
0.216
0.214
0.212
0.209
0.204
0.198
0.192
0.184
0.172
0.147
0.125
0.103
0.081
0.058
0.045
0.037
0.031
0.026
0.021
0.015
0.01
0.005
0.001
-0.002
-0.004
-0.007
-0.009
-0.011
-0.014
-0.016
-0.018
-0.02
-0.023
-0.025
-0.027
-0.028
-0.029
-0.031
-0.032
-0.032
-0.032
-0.031
-0.031
-0.031
-0.031
-0.031
-0.03
-0.028
-0.026
-0.025
-0.023
-0.021
-0.019
-0.016
-0.014
-0.013
-0.012
-0.012
-0.012
-0.012
-0.011
-0.011
-0.012
-0.012
-0.012
-0.012
-0.011
-0.009
-0.008
-0.006
-0.005
-0.003
-0.001
0.0
0.003
0.005
0.008
0.011
0.014
0.016
0.019
0.023
0.026
0.029
0.032
0.035
0.037
0.039
0.041
0.043
0.046
0.048
0.049
0.049
0.05
0.051
0.051
0.051
0.051
0.05
0.049
0.049
0.049
0.048
0.047
0.046
0.046
0.045
0.045
0.045
0.045
0.045
0.044
0.043
0.042
0.041
0.041
0.04
0.039
0.038
0.037
0.037
0.036
0.036
0.035
0.034
0.033
0.031
0.03
0.029
0.027
0.026
0.025
0.024
0.023
0.021
0.019
0.018
0.016
0.016
0.015
0.015
0.015
0.015
0.015
0.015
0.016
0.018
0.018
0.019
0.019
0.019
0.02
0.02
0.02
0.02
0.02
0.019
0.018
0.019
0.02
0.021
0.02
0.019
0.018
0.017
0.016
0.015
0.012
0.01
0.007
0.007
0.009
0.012
0.014
0.016
0.018
0.021
0.024
0.027
0.031
0.034
0.037
0.041
0.046
0.051
0.055
0.06
0.066
0.073
0.08
0.083
0.081
0.075
0.067
0.057
0.043
0.021
0.004
-0.004
-0.01
-0.015
-0.019
-0.023
-0.028
-0.033
-0.038
-0.043
-0.05
-0.06
-0.083
-0.12
-0.139
-0.153
-0.158
-0.153
-0.141
-0.109
-0.025
0.1
0.272
0.471
0.682
0.899
1.106
1.261
1.304
1.288
1.162
0.965
0.769
0.588
0.45
0.338
0.244
0.153
0.06
-0.029
-0.1
-0.141
-0.18
-0.213
-0.231
-0.245
-0.251
-0.246
-0.235
-0.23
-0.226
-0.223
-0.221
-0.219
-0.217
-0.214
-0.21
-0.205
-0.201
-0.196
-0.192
-0.189
-0.185
-0.181
-0.176
-0.166
-0.156
-0.151
-0.15
-0.149
-0.148
-0.147
-0.146
-0.146
-0.145
-0.145
-0.145
-0.146
-0.145
-0.143
-0.14
-0.137
-0.133
-0.13
-0.128
-0.124
-0.119
-0.114
-0.108
-0.101
-0.094
-0.088
-0.084
-0.08
-0.076
-0.073
-0.07
-0.068
-0.064
-0.059
-0.055
-0.052
-0.049
-0.045
-0.041
-0.036
-0.026
-0.005
0.015
0.034
0.05
0.064
0.076
0.094
0.12
0.136
0.144
0.149
0.154
0.16
