0.08
0.076
0.072
0.068
0.064
0.059
0.051
0.043
0.033
0.021
0.008
-0.002
-0.01
-0.017
-0.025
-0.031
-0.037
-0.043
-0.048
-0.052
-0.054
-0.054
-0.053
-0.051
-0.048
-0.045
-0.042
-0.037
-0.031
-0.025
-0.02
-0.015
-0.008
0.0
0.008
0.015
0.023
0.029
0.035
0.041
0.048
0.055
0.061
0.064
0.063
0.059
0.051
0.041
0.029
0.006
-0.028
-0.042
-0.049
-0.053
-0.056
-0.058
-0.061
-0.067
-0.073
-0.08
-0.086
-0.092
-0.098
-0.106
-0.118
-0.13
-0.135
-0.137
-0.139
-0.142
-0.145
-0.14
-0.113
-0.038
0.068
0.214
0.402
0.635
0.905
1.182
1.437
1.621
1.673
1.651
1.487
1.23
0.924
0.619
0.355
0.144
0.001
-0.107
-0.199
-0.255
-0.272
-0.283
-0.29
-0.294
-0.297
-0.3
-0.302
-0.303
-0.305
-0.307
-0.31
-0.313
-0.315
-0.316
-0.316
-0.311
-0.303
-0.293
-0.282
-0.266
-0.249
-0.23
-0.211
-0.192
-0.181
-0.175
-0.172
-0.169
-0.167
-0.165
-0.163
-0.16
-0.158
-0.154
-0.149
-0.144
-0.138
-0.132
-0.128
-0.124
-0.12
-0.115
-0.111
-0.107
-0.104
-0.103
-0.102
-0.102
-0.102
-0.103
-0.106
-0.11
-0.115
-0.123
-0.13
-0.13
-0.119
-0.105
-0.095
-0.083
-0.072
-0.067
-0.07
-0.078
-0.087
-0.096
-0.108
-0.117
-0.116
-0.101
-0.082
-0.072
-0.064
-0.057
-0.05
-0.043
-0.038
-0.034
-0.031
-0.03
-0.03
-0.032
-0.035
-0.039
-0.045
-0.051
-0.059
-0.068
-0.079
-0.102
-0.109
-0.109
-0.111
-0.114
-0.113
-0.097
-0.079
-0.059
-0.038
-0.022
-0.008
0.0
0.002
0.0
-0.003
-0.006
-0.011
-0.016
-0.018
-0.015
-0.007
0.0
0.004
0.008
0.013
0.018
0.023
0.027
0.03
0.032
0.032
0.031
0.03
0.028
0.025
0.021
0.017
0.013
0.009
0.005
0.002
-0.002
-0.008
-0.013
-0.014
-0.013
-0.008
-0.002
0.004
0.019
0.053
0.08
0.096
0.106
0.112
0.115
0.118
0.12
0.123
0.127
0.131
0.138
0.147
0.156
0.166
0.179
0.189
0.195
0.197
0.199
0.202
0.207
0.206
0.188
0.137
0.085
0.053
0.021
-0.012
-0.049
-0.075
-0.088
-0.098
-0.097
-0.076
-0.043
-0.007
0.01
0.022
0.03
0.032
0.028
0.018
0.002
-0.025
-0.058
-0.077
-0.089
-0.069
-0.01
0.098
0.27
0.499
0.77
1.062
1.343
1.584
1.76
1.838
1.786
1.592
1.314
0.998
0.688
0.416
0.206
0.064
-0.046
-0.139
-0.23
-0.299
-0.325
-0.326
-0.31
-0.286
-0.257
-0.238
-0.225
-0.221
-0.226
-0.236
-0.242
-0.246
-0.249
-0.251
-0.253
-0.254
-0.255
-0.255
-0.253
-0.248
-0.243
-0.237
-0.229
-0.219
-0.202
-0.183
-0.161
-0.146
-0.134
-0.124
-0.115
-0.105
-0.096
-0.088
-0.081
-0.074
-0.067
-0.062
-0.058
-0.057
-0.057
-0.057
-0.057
-0.057
-0.055
-0.053
-0.052
-0.053
-0.058
-0.065
-0.073
-0.079
-0.086
-0.092
-0.098
-0.1
-0.098
-0.093
-0.087
-0.081
-0.077
-0.072
-0.067
-0.063
-0.059
-0.056
-0.052
-0.049
-0.046
-0.046
-0.048
-0.05
-0.052
-0.055
-0.056
-0.058
-0.06
-0.063
-0.065
-0.068
-0.069
-0.073
-0.077
-0.083
-0.087
-0.087
-0.085
-0.081
-0.075
-0.069
-0.064
-0.058
-0.051
-0.043
-0.034
-0.027
-0.018
-0.005
0.012
0.02
0.024
0.028
0.031
0.033
0.033
0.033
0.031
0.027
0.023
0.018
0.011
0.013
0.036
0.056
0.076
0.092
0.106
0.129
0.165
0.189
0.201
0.211
0.22
0.228
0.236
0.248
0.265
0.28
0.292
0.299
0.309
0.32
0.333
0.358
0.386
0.4
0.41
0.414
0.408
0.393
0.371
0.341
0.313
0.29
0.276
0.265
0.267
0.289
0.322
0.365
0.399
0.425
0.444
0.458
0.468
0.479
0.491
0.502
0.514
0.529
0.541
0.551
0.559
0.566
0.572
0.574
0.568
0.555
0.539
0.523
0.5
0.482
0.467
0.455
0.446
0.438
0.431
0.425
0.42
0.415
0.409
0.401
0.386
0.368
0.35
0.333
0.317
0.295
0.271
0.251
0.24
0.251
0.283
0.358
0.474
0.641
0.855
1.116
1.402
1.671
1.883
1.968
1.952
1.787
1.479
1.116
0.756
0.451
0.232
0.094
0.018
-0.019
-0.052
-0.09
-0.118
-0.133
-0.145
-0.155
-0.164
-0.172
-0.18
-0.187
-0.193
-0.196
-0.199
-0.204
-0.21
-0.207
-0.187
-0.173
-0.161
-0.151
-0.143
-0.134
-0.128
-0.124
-0.121
-0.118
-0.115
-0.112
-0.109
-0.106
-0.103
-0.102
-0.1
-0.098
-0.096
-0.093
-0.091
-0.089
-0.086
-0.084
-0.08
-0.077
-0.073
-0.071
-0.069
-0.068
-0.067
-0.067
-0.069
-0.072
-0.075
-0.08
-0.085
-0.09
-0.094
-0.098
-0.105
-0.113
-0.119
-0.122
-0.12
-0.116
-0.11
-0.105
-0.102
-0.099
-0.096
-0.091
-0.087
-0.084
-0.081
-0.08
-0.078
-0.078
-0.079
-0.08
-0.083
-0.087
-0.091
-0.095
-0.099
-0.104
-0.11
-0.12
-0.13
-0.142
-0.155
-0.17
-0.186
-0.203
-0.221
-0.24
-0.257
-0.272
-0.286
-0.299
-0.306
-0.309
-0.309
-0.31
-0.311
-0.314
-0.311
-0.29
-0.277
-0.267
-0.259
-0.252
-0.249
-0.249
-0.249
-0.249
-0.248
-0.248
-0.247
-0.248
-0.249
-0.25
-0.251
-0.252
-0.253
-0.254
-0.255
-0.256
-0.256
-0.254
-0.251
-0.247
-0.244
-0.242
-0.239
-0.237
-0.236
-0.235
-0.235
-0.235
-0.235
-0.235
-0.234
-0.232
-0.229
-0.227
-0.224
-0.22
-0.216
-0.212
-0.209
-0.204
-0.198
-0.192
-0.175
-0.136
-0.101
-0.079
-0.075
-0.072
-0.07
-0.067
-0.066
-0.064
-0.061
-0.058
-0.055
-0.051
-0.046
-0.042
-0.039
-0.035
-0.029
-0.023
-0.019
-0.019
-0.022
-0.029
-0.038
-0.046
-0.055
-0.068
-0.08
-0.088
-0.094
-0.099
-0.104
-0.108
-0.113
-0.116
-0.119
-0.118
-0.114
-0.106
-0.096
-0.083
-0.065
-0.032
-0.007
0.052
0.135
0.248
0.4
0.58
0.782
0.99
1.18
1.326
1.366
1.347
1.211
0.991
0.738
0.489
0.284
0.135
0.039
-0.02
-0.055
-0.074
-0.089
-0.099
-0.103
-0.103
-0.104
-0.104
-0.105
-0.105
-0.105
-0.105
-0.105
-0.104
-0.105
-0.104
-0.099
-0.09
-0.079
-0.069
-0.059
-0.048
-0.036
-0.023
-0.011
0.002
0.013
0.024
0.034
0.044
0.054
0.064
0.073
0.082
0.09
0.099
0.109
0.119
0.126
0.131
0.135
0.138
0.141
0.144
0.147
0.15
0.151
0.151
0.15
0.148
0.144
0.139
0.131
0.121
0.109
0.091
0.059
0.047
0.039
0.033
0.028
0.025
0.03
0.043
0.055
0.064
0.071
0.079
0.085
0.09
0.093
0.093
0.09
0.085
0.079
0.074
0.069
0.065
0.061
0.057
0.053
0.05
0.048
0.046
0.045
0.043
0.04
0.037
0.036
0.035
0.035
0.035
0.035
0.036
0.037
0.038
0.038
0.039
0.038
0.035
0.031
0.029
0.031
0.037
0.043
0.049
0.055
0.062
0.067
0.067
0.061
0.052
0.044
0.039
0.034
0.029
0.023
0.018
0.014
0.011
0.009
0.008
0.008
0.009
0.01
0.012
0.013
0.015
0.017
0.017
0.017
0.018
0.022
0.026
0.03
0.03
0.026
0.021
0.016
0.013
0.01
0.005
0.001
-0.003
-0.005
-0.004
-0.001
0.001
0.005
0.007
0.01
0.013
0.017
0.021
0.024
0.026
0.028
0.028
0.03
0.034
0.038
0.037
0.028
0.015
0.001
-0.015
-0.019
-0.019
-0.02
-0.02
-0.022
-0.024
-0.025
-0.028
-0.034
-0.041
-0.047
-0.052
-0.056
-0.06
-0.064
-0.066
-0.068
-0.068
-0.067
-0.065
-0.062
-0.057
-0.05
-0.034
-0.005
0.039
0.106
0.192
0.304
0.443
0.617
0.825
1.055
1.291
1.49
1.609
1.62
1.561
1.391
1.16
0.891
0.611
0.361
0.169
0.035
-0.042
-0.094
-0.11
-0.122
-0.135
-0.146
-0.154
-0.162
-0.169
-0.174
-0.177
-0.177
-0.174
-0.169
-0.16
-0.15
-0.137
-0.114
-0.094
-0.08
-0.069
-0.061
-0.053
-0.047
-0.04
-0.031
-0.018
-0.001
0.016
0.034
0.048
0.064
0.091
0.109
0.119
0.126
0.131
0.135
0.137
0.14
0.146
0.154
0.153
0.137
0.125
0.115
0.107
0.103
0.102
0.101
0.098
0.094
0.094
0.102
0.108
0.113
0.116
0.118
0.119
0.116
0.109
0.1
0.09
0.077
0.058
0.045
0.035
0.03
0.026
0.022
0.018
0.016
0.013
0.011
0.008
0.005
0.002
0.0
-0.002
-0.005
-0.007
-0.012
-0.017
-0.022
-0.024
-0.026
-0.029
-0.035
-0.044
-0.026
-0.008
0.003
0.013
0.022
0.028
0.034
0.041
0.045
0.038
0.025
0.017
0.01
0.003
-0.002
-0.005
-0.005
-0.004
-0.001
0.002
0.009
0.034
0.082
0.159
0.276
0.438
0.645
0.869
1.091
1.301
1.47
1.55
1.547
1.452
1.243
0.968
0.681
0.429
0.242
0.13
0.071
0.027
-0.027
-0.094
-0.148
-0.175
-0.184
-0.17
-0.158
-0.148
-0.142
-0.142
-0.146
-0.152
-0.158
-0.167
-0.167
-0.152
-0.131
-0.1
-0.076
-0.06
-0.057
-0.057
-0.056
-0.056
-0.055
-0.054
-0.052
-0.049
-0.046
-0.041
-0.035
-0.027
-0.018
-0.007
0.008
0.028
0.037
0.043
0.048
0.052
0.054
0.053
0.05
0.045
0.039
0.029
0.013
0.003
-0.001
-0.004
-0.01
-0.019
-0.031
-0.045
-0.065
-0.068
-0.059
-0.049
-0.037
-0.026
-0.019
-0.014
-0.01
-0.008
-0.011
-0.016
-0.022
-0.026
-0.03
-0.034
-0.037
-0.039
-0.041
-0.043
-0.043
-0.042
-0.04
-0.038
-0.035
-0.03
-0.023
-0.01
0.009
0.022
0.031
0.035
0.038
0.041
0.04
0.031
0.021
0.009
0.0
-0.011
-0.02
-0.026
-0.031
-0.036
-0.036
-0.027
-0.018
-0.009
-0.001
0.004
0.008
0.01
0.013
0.016
0.018
0.019
0.02
0.02
0.019
0.018
0.018
0.016
0.013
0.012
0.015
0.016
0.017
0.019
0.02
0.02
0.019
0.017
0.013
