-0.156
-0.158
-0.159
-0.159
-0.158
-0.156
-0.153
-0.149
-0.144
-0.138
-0.134
-0.129
-0.124
-0.118
-0.113
-0.109
-0.107
-0.108
-0.108
-0.109
-0.109
-0.11
-0.111
-0.113
-0.114
-0.116
-0.117
-0.118
-0.119
-0.118
-0.117
-0.114
-0.109
-0.104
-0.098
-0.092
-0.086
-0.079
-0.074
-0.069
-0.065
-0.061
-0.058
-0.056
-0.054
-0.052
-0.05
-0.048
-0.046
-0.044
-0.042
-0.039
-0.037
-0.034
-0.03
-0.026
-0.02
-0.006
0.022
0.064
0.103
0.141
0.182
0.227
0.272
0.318
0.365
0.399
0.415
0.421
0.426
0.431
0.435
0.438
0.441
0.444
0.445
0.446
0.447
0.448
0.449
0.448
0.447
0.446
0.445
0.444
0.443
0.443
0.443
0.443
0.444
0.445
0.445
0.446
0.445
0.445
0.447
0.451
0.457
0.465
0.482
0.508
0.546
0.583
0.62
0.66
0.711
0.73
0.746
0.706
0.612
0.48
0.341
0.231
0.182
0.166
0.18
0.204
0.233
0.25
0.258
0.265
0.269
0.271
0.27
0.266
0.261
0.256
0.248
0.237
0.229
0.223
0.219
0.216
0.213
0.211
0.209
0.207
0.205
0.202
0.199
0.196
0.193
0.191
0.189
0.187
0.185
0.183
0.181
0.18
0.179
0.178
0.176
0.174
0.173
0.173
0.173
0.173
0.173
0.173
0.173
0.175
0.177
0.179
0.182
0.184
0.187
0.19
0.193
0.197
0.201
0.205
0.208
0.212
0.219
0.225
0.23
0.232
0.232
0.23
0.227
0.223
0.217
0.206
0.182
0.163
0.149
0.134
0.116
0.092
0.065
0.039
0.019
0.003
-0.016
-0.042
-0.074
-0.092
-0.103
-0.111
-0.119
-0.125
-0.13
-0.136
-0.143
-0.15
-0.155
-0.159
-0.162
-0.165
-0.167
-0.17
-0.171
-0.172
-0.172
-0.17
-0.168
-0.165
-0.162
-0.159
-0.156
-0.153
-0.149
-0.146
-0.142
-0.138
-0.134
-0.129
-0.124
-0.116
-0.108
-0.099
-0.089
-0.081
-0.074
-0.067
-0.061
-0.056
-0.052
-0.049
-0.045
-0.04
-0.032
-0.025
-0.019
-0.014
-0.01
-0.007
-0.005
-0.005
-0.008
-0.011
-0.014
-0.015
-0.017
-0.019
-0.021
-0.023
-0.025
-0.025
-0.026
-0.026
-0.027
-0.027
-0.027
-0.026
-0.024
-0.021
-0.019
-0.017
-0.013
-0.007
-0.014
-0.018
-0.019
-0.02
-0.021
-0.022
-0.024
-0.025
-0.027
-0.029
-0.031
-0.034
-0.037
-0.04
-0.043
-0.046
-0.049
-0.054
-0.061
-0.066
-0.07
-0.073
-0.075
-0.078
-0.08
-0.084
-0.087
-0.09
-0.09
-0.09
-0.087
-0.084
-0.079
-0.072
-0.058
-0.034
-0.011
0.011
0.052
0.096
0.139
0.165
0.187
0.202
0.204
0.195
0.171
0.117
0.049
-0.021
-0.088
-0.144
-0.174
-0.184
-0.175
-0.146
-0.099
-0.049
-0.031
-0.026
-0.022
-0.021
-0.026
-0.034
-0.038
-0.041
-0.044
-0.046
-0.049
-0.05
-0.051
-0.051
-0.051
-0.049
-0.047
-0.044
-0.041
-0.037
-0.032
-0.023
-0.01
-0.009
-0.008
-0.007
-0.006
-0.005
-0.005
-0.007
-0.011
-0.014
-0.017
-0.02
-0.022
-0.025
-0.027
-0.028
-0.029
-0.029
-0.027
-0.024
-0.02
-0.015
-0.01
-0.006
-0.001
0.003
0.009
0.013
0.017
0.018
0.016
0.013
0.009
0.005
0.0
-0.004
-0.01
-0.016
-0.022
-0.027
-0.031
-0.035
-0.043
-0.055
-0.07
-0.08
-0.087
-0.093
-0.1
-0.106
-0.112
-0.121
-0.134
-0.142
-0.149
-0.154
-0.163
-0.178
-0.191
-0.203
-0.213
-0.221
-0.227
-0.232
-0.236
-0.24
-0.244
-0.251
-0.259
-0.265
-0.27
-0.273
-0.276
-0.28
-0.283
-0.286
-0.289
-0.291
-0.294
-0.296
-0.299
-0.302
-0.304
-0.305
-0.307
-0.31
-0.313
-0.316
-0.318
-0.319
-0.318
-0.315
-0.313
-0.31
-0.306
-0.299
-0.287
-0.274
-0.261
-0.249
-0.235
-0.224
-0.216
-0.207
-0.198
-0.188
-0.171
-0.146
-0.122
-0.101
-0.083
-0.065
-0.048
-0.027
-0.008
0.003
0.013
0.021
0.035
0.054
0.067
0.074
0.079
0.081
0.079
0.073
0.066
0.057
0.045
0.043
0.043
0.043
0.043
0.042
0.042
0.044
0.05
0.056
0.06
0.064
0.068
0.072
0.074
0.073
0.068
0.061
0.055
0.051
0.047
0.043
0.04
0.036
0.033
0.031
0.031
0.03
0.03
0.03
0.03
0.03
0.031
0.032
0.034
0.035
0.034
0.031
0.028
0.024
0.018
0.019
0.03
0.06
0.099
0.142
0.185
0.206
0.22
0.23
0.219
0.185
0.13
0.063
0.0
-0.047
-0.062
-0.07
-0.071
-0.069
-0.064
-0.047
-0.006
0.044
0.101
0.127
0.136
0.12
0.107
0.097
0.09
0.088
0.089
0.091
0.093
0.094
0.095
0.095
0.096
0.097
0.095
0.092
0.088
0.085
0.082
0.079
0.075
0.072
0.069
0.069
0.071
0.075
0.079
0.083
0.085
0.088
0.091
0.094
0.098
0.102
0.105
0.107
0.109
0.112
0.114
0.117
0.119
0.12
0.121
0.122
0.124
0.126
0.129
0.131
0.133
0.134
0.135
0.135
0.134
0.133
0.13
0.126
0.121
0.116
0.105
0.079
0.051
0.028
0.015
0.008
0.002
-0.003
-0.01
-0.016
-0.022
-0.028
-0.034
-0.043
-0.053
-0.065
-0.081
-0.087
-0.09
-0.092
-0.093
-0.094
-0.094
-0.095
-0.095
-0.096
-0.097
-0.097
-0.097
-0.096
-0.095
-0.092
-0.09
-0.088
-0.086
-0.084
-0.082
-0.08
-0.078
-0.077
-0.076
-0.075
-0.073
-0.071
-0.068
-0.065
-0.061
-0.058
-0.054
-0.049
-0.044
-0.04
-0.037
-0.034
-0.032
-0.031
-0.029
-0.027
-0.025
-0.023
-0.02
-0.018
-0.015
-0.011
-0.008
-0.005
-0.004
-0.003
-0.003
-0.004
-0.005
-0.006
-0.008
-0.01
-0.012
-0.014
-0.015
-0.017
-0.017
-0.018
-0.019
-0.02
-0.021
-0.022
-0.023
-0.024
-0.027
-0.03
-0.033
-0.035
-0.036
-0.037
-0.037
-0.036
-0.034
-0.032
-0.028
-0.022
-0.016
-0.01
-0.005
-0.001
0.004
0.01
0.016
0.02
0.019
0.015
0.007
0.0
-0.007
-0.011
-0.015
-0.019
-0.022
-0.026
-0.03
-0.033
-0.036
-0.038
-0.041
-0.043
-0.045
-0.046
-0.047
-0.047
-0.047
-0.047
-0.047
-0.047
-0.048
-0.048
-0.049
-0.052
-0.054
-0.052
-0.043
-0.027
-0.001
0.032
0.083
0.133
0.186
0.24
0.279
0.293
0.293
0.269
0.204
0.098
-0.015
-0.106
-0.132
-0.14
-0.122
-0.07
-0.024
-0.011
-0.004
0.0
0.004
0.008
0.011
0.014
0.017
0.02
0.022
0.024
0.026
0.028
0.03
0.032
0.035
0.037
0.039
0.041
0.044
0.047
0.051
0.055
0.059
0.063
0.068
0.072
0.076
0.081
0.086
0.091
0.097
0.102
0.107
0.112
0.119
0.13
0.146
0.155
0.159
0.161
0.162
0.164
0.165
0.167
0.169
0.171
0.173
0.176
0.178
0.18
0.182
0.183
0.184
0.187
0.19
0.194
0.196
0.196
0.193
0.188
0.182
0.175
0.166
0.154
0.14
0.127
0.115
0.103
0.091
0.08
0.07
0.06
0.046
0.032
0.033
0.034
0.033
0.033
0.033
0.035
0.041
0.047
0.05
0.052
0.054
0.056
0.058
0.061
0.063
0.064
0.064
0.064
0.063
0.062
0.06
0.057
0.054
0.05
0.047
0.044
0.041
0.037
0.032
0.028
0.026
0.024
0.023
0.022
0.02
0.017
0.019
0.033
0.042
0.048
0.052
0.056
0.059
0.06
0.061
0.061
0.059
0.055
0.051
0.046
0.041
0.036
0.029
0.021
0.015
0.011
0.007
0.005
0.002
0.0
-0.002
-0.005
-0.007
-0.009
-0.01
-0.01
-0.011
-0.014
-0.016
-0.018
-0.018
-0.016
-0.013
-0.01
-0.007
-0.006
-0.003
0.0
0.003
0.006
0.006
0.004
0.002
0.0
0.0
-0.002
-0.007
-0.007
0.001
0.007
0.013
0.019
0.023
0.024
0.023
0.019
0.016
0.013
0.011
0.008
0.004
0.0
-0.006
-0.012
-0.02
-0.03
-0.044
-0.053
-0.061
-0.069
-0.079
-0.091
-0.101
-0.109
-0.116
-0.122
-0.129
-0.138
-0.149
-0.16
-0.167
-0.173
-0.178
-0.178
-0.177
-0.175
-0.174
-0.172
-0.171
-0.17
-0.173
-0.18
-0.187
-0.192
-0.199
-0.205
-0.209
-0.209
-0.208
-0.205
-0.198
-0.175
-0.14
-0.091
-0.03
0.033
0.089
0.115
0.114
0.078
0.002
-0.097
-0.204
-0.288
-0.331
-0.346
-0.339
-0.319
-0.278
-0.236
-0.201
-0.182
-0.17
-0.162
-0.154
-0.146
-0.137
-0.127
-0.118
-0.108
-0.098
-0.088
-0.078
-0.068
-0.06
-0.051
-0.046
-0.044
-0.043
-0.042
-0.041
-0.041
-0.041
-0.041
-0.041
-0.041
-0.042
-0.045
-0.048
-0.053
-0.059
-0.065
-0.076
-0.082
-0.077
-0.066
-0.054
-0.039
-0.029
-0.022
-0.017
-0.011
-0.003
0.005
0.015
0.027
0.037
0.046
0.06
0.082
0.102
0.114
0.124
0.132
0.139
0.144
0.149
0.153
0.157
0.161
0.165
0.17
0.173
0.168
0.158
0.152
0.146
0.14
0.134
0.129
0.124
0.117
0.104
0.081
0.062
0.047
0.028
0.018
0.013
0.008
0.003
0.0
-0.003
-0.005
-0.006
-0.006
-0.006
-0.005
-0.004
-0.002
0.001
0.005
0.01
0.016
0.023
0.038
0.049
0.057
0.063
0.069
0.075
0.081
0.084
0.087
0.09
0.093
0.094
0.096
0.096
0.097
0.097
0.097
0.097
0.096
0.095
0.094
0.094
0.093
0.092
0.091
0.09
0.088
0.086
0.085
0.083
0.079
0.075
0.07
0.063
0.056
0.053
0.05
0.048
0.046
0.044
0.042
0.04
0.037
0.034
0.031
0.027
0.024
0.02
0.016
0.013
0.009
0.006
0.001
-0.003
-0.008
-0.011
-0.011
-0.007
-0.002
0.004
0.01
0.014
0.018
0.023
0.028
0.033
0.037
0.039
0.041
0.043
0.044
0.046
0.047
0.048
0.048
0.048
0.049
0.051
0.052
0.049
0.041
0.033
0.028
0.022
0.018
0.013
0.008
0.004
0.0
-0.004
-0.009
-0.016
-0.027
-0.034
-0.04
-0.043
-0.046
-0.049
-0.051
-0.052
-0.053
-0.054
-0.055
-0.055
-0.054
-0.052
-0.049
-0.045
-0.04
-0.035
-0.028
-0.012
0.018
0.064
0.112
0.16
0.205
0.239
0.25
0.24
0.207
0.137
0.042
-0.059
-0.152
-0.205
-0.223
-0.212
-0.18
-0.134
-0.099
-0.088
-0.081
-0.075
-0.069
-0.065
-0.058
-0.051
-0.044
-0.041
-0.038
-0.037
-0.036
-0.035
-0.033
-0.032
-0.031
-0.031
-0.031
-0.032
-0.034
-0.036
-0.039
-0.042
-0.046
-0.05
-0.054
-0.057
-0.063
-0.07
-0.075
-0.075
-0.071
-0.064
-0.057
-0.052
-0.046
-0.04
-0.035
-0.029
-0.023
-0.017
-0.011
-0.004
0.003
0.011
0.02
0.032
0.045
0.05
0.053
0.054
0.056
0.057
0.058
0.058
0.058
0.058
0.057
0.055
0.052
0.048
0.044
0.039
0.035
0.031
0.026
0.021
0.016
0.013
0.009
0.005
-0.003
-0.021
-0.043
-0.067
-0.094
-0.123
-0.143
-0.155
-0.163
-0.164
-0.164
-0.164
-0.164
-0.164
-0.165
-0.166
-0.166
-0.166
-0.166
-0.165
-0.164
-0.163
-0.161
-0.158
-0.155
-0.151
-0.147
-0.144
-0.142
-0.138
-0.134
-0.13
-0.125
-0.121
-0.117
-0.114
-0.11
-0.106
-0.101
-0.096
-0.09
-0.085
-0.079
-0.075
-0.073
-0.071
-0.07
-0.069
-0.068
-0.067
-0.067
-0.066
-0.065
-0.064
-0.063
-0.062
-0.062
-0.061
-0.061
-0.061
-0.06
-0.06
-0.06
-0.059
-0.058
-0.057
-0.055
-0.053
-0.05
-0.048
-0.046
-0.045
-0.043
-0.042
-0.041
-0.04
-0.039
-0.038
-0.037
-0.035
-0.034
-0.031
-0.029
-0.027
-0.024
-0.022
-0.02
-0.017
-0.014
-0.013
-0.011
-0.01
-0.008
-0.006
-0.002
0.0
0.004
0.008
0.015
0.028
0.038
0.041
0.043
0.044
0.045
0.046
0.047
0.049
0.05
0.049
0.046
0.041
0.036
0.03
0.023
0.014
0.003
-0.007
-0.018
-0.028
-0.038
-0.045
-0.049
-0.051
-0.053
-0.054
-0.056
-0.057
-0.058
-0.058
-0.059
-0.059
-0.059
-0.058
-0.055
-0.05
-0.045
-0.039
-0.031
-0.014
0.014
0.052
0.093
0.133
0.147
0.152
0.15
0.142
0.118
0.068
-0.003
-0.084
-0.149
-0.177
-0.187
-0.186
-0.173
-0.153
-0.129
-0.106
-0.08
-0.055
-0.037
-0.022
-0.016
-0.013
-0.01
-0.008
-0.006
-0.004
-0.002
0.0
0.002
0.005
0.008
0.011
0.015
0.02
0.025
0.031
0.042
0.054
0.063
0.071
0.076
0.081
0.085
0.089
0.093
0.098
0.102
0.106
0.11
0.113
0.117
0.121
0.124
0.128
0.131
0.134
0.138
0.141
0.144
0.148
0.15
0.153
0.156
0.158
0.161
0.163
0.165
0.166
0.166
0.164
0.162
0.158
0.155
0.151
0.147
0.143
0.138
0.131
0.124
0.117
0.11
0.102
0.093
0.082
0.071
0.06
0.049
0.038
0.025
0.015
0.008
0.003
-0.005
-0.015
-0.028
-0.037
-0.044
-0.049
-0.053
-0.056
-0.058
-0.059
-0.06
-0.06
-0.06
-0.061
-0.061
-0.062
-0.063
-0.064
-0.066
-0.067
-0.068
-0.069
-0.07
-0.071
-0.072
-0.074
-0.078
-0.087
-0.091
-0.095
-0.098
-0.101
-0.097
-0.088
-0.083
-0.079
-0.075
-0.071
-0.068
-0.065
-0.062
-0.059
-0.057
-0.055
-0.054
-0.052
-0.05
-0.049
-0.047
-0.047
-0.046
-0.046
-0.045
-0.044
-0.044
-0.045
-0.046
-0.048
-0.051
-0.054
-0.057
-0.06
-0.069
-0.084
-0.091
-0.096
-0.098
-0.093
-0.084
-0.078
-0.074
-0.07
-0.067
-0.066
-0.066
-0.068
-0.071
-0.075
-0.078
-0.081
-0.082
-0.084
-0.086
-0.087
-0.089
-0.091
-0.092
-0.093
-0.094
-0.094
-0.094
-0.093
-0.092
-0.09
-0.088
-0.086
-0.085
-0.084
-0.082
-0.081
-0.079
-0.077
-0.075
-0.073
-0.071
-0.07
-0.069
-0.07
-0.072
-0.075
-0.078
-0.081
-0.084
-0.088
-0.089
-0.088
-0.085
-0.081
-0.076
-0.07
-0.08
-0.087
-0.091
-0.095
-0.098
-0.1
-0.103
-0.105
-0.106
-0.109
-0.111
-0.115
-0.118
-0.12
-0.119
-0.115
-0.107
-0.098
-0.081
-0.055
-0.032
-0.011
0.005
0.025
0.048
0.074
0.1
0.115
0.103
0.064
-0.02
-0.122
-0.227
-0.313
-0.337
-0.332
-0.283
-0.227
-0.183
-0.162
-0.144
-0.129
-0.124
-0.122
-0.12
-0.119
-0.118
-0.116
-0.114
-0.112
-0.11
-0.109
-0.107
-0.105
-0.103
-0.101
-0.098
-0.095
-0.092
-0.088
-0.084
-0.079
-0.075
-0.071
-0.068
-0.064
-0.059
-0.052
-0.046
-0.042
-0.039
-0.037
-0.035
-0.034
-0.032
-0.03
-0.028
-0.026
-0.024
-0.022
-0.019
-0.016
-0.012
-0.006
0.004
0.014
0.023
0.031
0.041
0.053
0.062
0.069
0.076
0.083
0.089
0.094
0.099
0.104
0.109
0.112
0.113
0.113
0.11
0.105
0.099
0.088
0.067
0.051
0.042
0.035
0.028
0.022
0.016
0.009
0.004
0.0
-0.001
-0.001
-0.002
-0.003
-0.004
-0.005
-0.005
-0.005
-0.005
-0.005
-0.005
-0.005
-0.005
-0.003
-0.001
0.0
0.002
0.003
0.005
0.009
0.008
-0.001
-0.009
-0.015
-0.02
-0.025
-0.029
-0.033
-0.037
-0.04
-0.045
-0.05
-0.052
-0.052
-0.048
-0.041
-0.032
-0.015
0.009
0.024
0.034
0.043
0.051
0.057
0.061
0.065
0.068
0.072
0.077
0.081
0.086
0.091
0.097
0.105
0.111
0.115
0.118
0.12
0.122
0.124
0.126
0.128
0.129
0.129
0.129
0.128
0.127
0.124
0.121
0.117
0.113
0.103
0.088
0.082
0.08
0.077
0.074
0.073
0.071
0.07
0.069
0.069
0.068
0.067
0.067
0.067
0.067
0.066
0.065
0.064
0.063
0.063
0.063
0.062
0.062
0.063
0.064
0.066
0.069
0.073
0.077
0.082
0.092
0.099
0.104
0.108
0.11
0.113
0.115
0.117
0.119
0.123
0.127
0.131
0.135
0.139
0.144
0.148
0.152
0.154
0.155
0.154
0.152
0.148
0.143
0.136
0.124
0.111
0.101
0.094
0.087
0.08
0.074
0.068
0.063
0.059
0.056
0.052
0.048
0.045
0.042
0.039
0.036
0.03
0.017
0.0
-0.007
-0.012
-0.013
-0.008
0.002
0.019
0.047
0.079
0.107
0.133
0.16
0.181
0.196
0.197
0.184
0.15
0.074
-0.013
-0.086
-0.11
-0.109
-0.078
-0.032
0.008
0.034
0.05
0.059
0.066
0.069
0.067
0.063
0.059
0.056
0.053
0.051
0.049
0.048
0.047
0.049
0.052
0.056
0.06
0.066
0.076
0.084
0.089
0.091
0.092
0.094
0.095
0.096
0.097
0.098
0.098
0.099
0.1
0.1
0.1
0.1
0.1
0.101
0.102
0.103
0.104
0.105
0.105
0.107
0.109
0.111
0.113
0.114
0.115
0.117
0.119
0.122
0.131
0.138
0.142
0.146
0.149
0.152
0.154
0.154
0.152
0.147
0.141
0.13
0.112
0.097
0.079
0.059
0.036
0.009
-0.015
-0.04
-0.063
-0.081
-0.094
-0.097
-0.099
-0.1
-0.102
-0.103
-0.105
-0.109
-0.113
-0.116
-0.119
-0.123
-0.127
-0.13
-0.131
-0.128
-0.124
-0.12
-0.116
-0.114
-0.112
-0.109
-0.106
-0.104
-0.102
-0.101
-0.1
-0.1
-0.101
-0.103
-0.106
-0.109
-0.113
-0.118
-0.122
-0.127
-0.135
-0.142
-0.145
-0.141
-0.131
-0.121
-0.114
-0.108
-0.102
-0.096
-0.092
-0.089
-0.087
-0.087
-0.087
-0.086
-0.086
-0.086
-0.086
-0.086
-0.084
-0.083
-0.085
-0.089
-0.092
-0.094
-0.097
-0.098
-0.099
-0.097
-0.094
-0.09
-0.088
-0.087
-0.086
-0.085
-0.083
-0.081
-0.079
-0.077
-0.075
-0.074
-0.073
-0.072
-0.072
-0.071
-0.071
-0.071
-0.072
-0.073
-0.074
-0.074
-0.074
-0.074
-0.074
-0.074
-0.073
-0.072
-0.071
-0.07
-0.07
-0.07
-0.071
-0.071
-0.071
-0.071
-0.071
-0.072
-0.073
-0.073
-0.072
-0.071
-0.069
-0.068
-0.067
-0.067
-0.067
-0.066
-0.066
-0.067
-0.068
-0.07
-0.071
-0.072
-0.073
-0.074
-0.075
-0.076
-0.077
-0.078
-0.078
-0.079
-0.081
-0.084
-0.087
-0.09
-0.093
-0.096
-0.098
-0.101
-0.103
-0.105
-0.108
-0.109
-0.11
-0.11
-0.111
-0.113
-0.114
-0.116
-0.118
-0.121
-0.125
-0.129
-0.131
-0.129
-0.124
-0.117
-0.106
-0.085
-0.06
-0.03
0.004
0.036
0.067
0.089
0.101
0.109
0.095
0.057
-0.003
-0.071
-0.139
-0.2
-0.242
-0.258
-0.259
-0.25
-0.224
-0.185
-0.141
-0.092
-0.045
-0.028
-0.027
-0.036
-0.045
-0.053
-0.053
-0.038
-0.015
0.003
0.009
0.013
0.015
0.008
-0.003
-0.013
-0.021
-0.027
-0.03
-0.026
-0.018
-0.008
0.0
0.01
0.02
0.027
0.034
0.037
0.04
0.043
0.045
0.047
0.049
0.05
0.052
0.054
0.056
0.059
0.061
0.063
0.066
0.069
0.073
0.078
0.084
0.096
0.108
0.119
0.13
0.141
0.152
0.161
0.165
0.167
0.169
0.171
0.173
0.175
0.167
0.154
0.146
0.14
0.135
0.13
0.125
0.121
0.116
0.112
0.107
0.102
0.094
0.083
0.071
0.055
0.042
0.028
0.019
0.017
0.015
0.014
0.013
0.012
0.012
0.011
0.01
0.01
0.01
0.009
0.009
0.01
0.011
0.013
0.015
0.017
0.02
0.023
0.027
0.032
0.036
0.04
0.046
0.052
0.057
0.061
0.063
0.065
0.067
0.068
0.069
0.07
0.072
0.074
0.075
0.077
0.078
0.08
0.081
0.082
0.083
0.084
0.085
0.085
0.087
0.09
0.093
0.095
0.095
0.091
0.085
0.078
0.07
0.059
0.051
0.046
0.044
0.042
0.04
0.038
0.037
0.036
0.034
0.033
0.032
0.03
0.029
0.029
0.029
0.031
0.032
0.035
0.037
0.04
0.042
0.044
0.046
0.047
0.049
0.05
0.051
0.053
0.055
0.057
0.06
0.062
0.065
0.068
0.07
0.072
0.073
0.074
0.074
0.074
0.072
0.071
0.069
0.068
0.067
0.065
0.063
0.06
0.058
0.055
0.053
0.05
0.046
0.04
0.033
0.027
0.022
0.016
0.011
0.006
0.0
-0.004
-0.01
-0.015
-0.019
-0.023
-0.027
-0.03
-0.034
-0.036
-0.039
-0.041
-0.044
-0.047
-0.049
-0.051
-0.053
-0.055
-0.059
-0.066
-0.071
-0.071
-0.064
-0.053
-0.036
-0.009
0.035
0.081
0.129
0.176
0.22
0.243
0.259
0.271
0.27
0.252
0.201
0.11
0.002
-0.097
-0.15
-0.168
-0.15
-0.12
-0.092
-0.069
-0.046
-0.026
-0.012
-0.007
-0.003
0.0
-0.001
-0.011
-0.019
-0.028
-0.033
-0.03
-0.024
-0.019
-0.015
-0.012
-0.012
-0.015
-0.022
-0.031
-0.046
-0.072
-0.084
-0.088
-0.093
-0.097
-0.101
-0.103
-0.105
-0.107
-0.107
-0.107
-0.107
-0.107
-0.106
-0.104
-0.102
-0.1
-0.097
-0.093
-0.089
-0.08
-0.059
-0.045
-0.038
-0.032
-0.026
-0.021
-0.017
-0.014
-0.011
-0.007
-0.003
0.0
0.001
0.0
-0.001
-0.003
-0.005
-0.008
-0.01
-0.012
-0.015
-0.017
-0.019
-0.021
-0.023
-0.026
-0.03
-0.035
-0.04
-0.05
-0.072
-0.089
-0.1
-0.108
-0.114
-0.12
-0.126
-0.129
-0.125
-0.118
-0.115
-0.113
-0.111
-0.11
-0.109
-0.107
-0.106
-0.105
-0.105
-0.104
-0.104
-0.103
-0.102
-0.101
-0.1
-0.099
-0.098
-0.097
-0.096
-0.095
-0.094
-0.093
-0.093
-0.092
-0.092
-0.091
-0.09
-0.089
-0.087
-0.086
-0.084
-0.082
-0.079
-0.077
-0.076
-0.075
-0.075
-0.075
-0.075
-0.074
-0.074
-0.073
-0.073
-0.073
-0.071
-0.069
-0.067
-0.066
-0.065
-0.066
-0.068
-0.069
-0.071
-0.073
-0.077
-0.08
-0.077
-0.068
-0.055
-0.036
-0.017
0.006
0.03
0.047
0.059
0.067
0.071
0.075
0.079
0.084
0.09
0.096
0.102
0.107
0.113
0.119
0.123
0.125
0.123
0.118
0.113
0.108
0.105
0.1
0.096
0.091
0.089
0.089
0.09
0.092
0.093
0.094
0.094
0.094
0.095
0.096
0.097
0.098
0.098
0.099
0.099
0.099
0.1
0.1
0.1
0.1
0.1
0.1
0.101
0.101
0.101
0.101
0.1
0.101
0.101
0.102
0.102
0.103
0.104
0.105
0.108
0.095
0.083
0.076
0.069
0.063
0.057
0.053
0.049
0.045
0.043
0.04
0.036
0.033
0.031
0.029
0.027
0.024
0.021
0.017
0.013
0.007
0.001
-0.004
-0.013
-0.018
-0.014
-0.007
0.005
0.023
0.053
0.09
0.131
0.155
0.174
0.188
0.19
0.184
0.165
0.099
0.013
-0.067
-0.107
-0.12
-0.105
-0.062
-0.008
0.007
0.011
0.013
0.016
0.02
0.025
0.029
0.032
0.035
0.037
0.039
0.04
0.041
0.042
0.043
0.045
0.047
0.049
0.05
0.05
0.05
0.05
0.05
0.05
0.05
0.051
0.052
