-0.062
-0.072
-0.083
-0.094
-0.102
-0.108
-0.113
-0.119
-0.123
-0.126
-0.128
-0.131
-0.132
-0.134
-0.134
-0.135
-0.135
-0.134
-0.133
-0.131
-0.129
-0.126
-0.123
-0.121
-0.118
-0.116
-0.114
-0.111
-0.109
-0.107
-0.104
-0.102
-0.1
-0.097
-0.095
-0.092
-0.088
-0.083
-0.078
-0.074
-0.07
-0.068
-0.066
-0.065
-0.065
-0.064
-0.063
-0.062
-0.061
-0.061
-0.06
-0.06
-0.058
-0.057
-0.057
-0.056
-0.056
-0.055
-0.055
-0.054
-0.054
-0.053
-0.053
-0.053
-0.053
-0.052
-0.051
-0.05
-0.049
-0.048
-0.047
-0.046
-0.045
-0.044
-0.043
-0.043
-0.043
-0.043
-0.043
-0.043
-0.043
-0.043
-0.042
-0.042
-0.04
-0.039
-0.037
-0.036
-0.033
-0.031
-0.029
-0.027
-0.025
-0.023
-0.021
-0.02
-0.019
-0.018
-0.018
-0.018
-0.017
-0.017
-0.016
-0.015
-0.014
-0.014
-0.013
-0.013
-0.012
-0.011
-0.01
-0.01
-0.009
-0.009
-0.008
-0.007
-0.005
-0.003
-0.002
0.0
0.002
0.007
0.013
0.019
0.023
0.027
0.032
0.041
0.058
0.071
0.077
0.082
0.085
0.087
0.088
0.09
0.093
0.091
0.08
0.07
0.061
0.052
0.045
0.035
0.024
0.016
0.013
0.011
0.009
0.007
0.005
0.003
0.002
0.001
0.0
0.0
0.0
0.0
0.001
0.002
0.003
0.004
0.005
0.007
0.008
0.011
0.023
0.055
0.109
0.192
0.309
0.459
0.625
0.788
0.911
0.939
0.845
0.648
0.406
0.181
0.016
-0.046
-0.067
-0.047
-0.03
-0.02
-0.013
-0.007
-0.003
0.0
0.003
0.008
0.014
0.02
0.021
0.018
0.014
0.009
0.005
0.002
0.001
0.001
0.003
0.007
0.011
0.013
0.016
0.018
0.021
0.024
0.028
0.033
0.038
0.044
0.048
0.053
0.058
0.062
0.066
0.069
0.072
0.075
0.078
0.083
0.09
0.097
0.104
0.113
0.122
0.132
0.141
0.148
0.155
0.161
0.168
0.173
0.179
0.185
0.192
0.198
0.204
0.21
0.217
0.223
0.227
0.231
0.235
0.238
0.24
0.24
0.239
0.236
0.233
0.229
0.223
0.213
0.2
0.182
0.162
0.141
0.123
0.107
0.085
0.059
0.034
0.014
0.0
-0.01
-0.023
-0.038
-0.053
-0.068
-0.074
-0.077
-0.079
-0.082
-0.084
-0.085
-0.086
-0.087
-0.088
-0.089
-0.089
-0.089
-0.088
-0.087
-0.086
-0.085
-0.084
-0.083
-0.082
-0.082
-0.081
-0.081
-0.081
-0.082
-0.082
-0.081
-0.08
-0.079
-0.078
-0.076
-0.075
-0.074
-0.073
-0.072
-0.071
-0.071
-0.071
-0.071
-0.072
-0.072
-0.071
-0.069
-0.066
-0.064
-0.064
-0.066
-0.068
-0.069
-0.07
-0.07
-0.071
-0.072
-0.074
-0.075
-0.075
-0.076
-0.076
-0.075
-0.074
-0.073
-0.071
-0.069
-0.067
-0.066
-0.065
-0.064
-0.063
-0.063
-0.062
-0.063
-0.063
-0.063
-0.063
-0.063
-0.063
-0.062
-0.062
-0.062
-0.061
-0.06
-0.059
-0.058
-0.057
-0.056
-0.056
-0.055
-0.054
-0.053
-0.053
-0.052
-0.051
-0.049
-0.047
-0.044
-0.042
-0.04
-0.037
-0.035
-0.032
-0.028
-0.024
-0.021
-0.017
-0.013
-0.007
-0.001
0.003
0.008
0.011
0.014
0.017
0.02
0.023
0.027
0.03
0.032
0.032
0.029
0.025
0.019
0.012
0.0
-0.013
-0.021
-0.027
-0.032
-0.036
-0.039
-0.042
-0.043
-0.044
-0.045
-0.046
-0.048
-0.049
-0.05
-0.051
-0.051
-0.051
-0.051
-0.05
-0.049
-0.047
-0.043
-0.038
-0.022
0.01
0.063
0.141
0.246
0.375
0.512
0.631
0.689
0.686
0.614
0.468
0.283
0.099
-0.044
-0.134
-0.164
-0.164
-0.134
-0.095
-0.06
-0.04
-0.031
-0.027
-0.024
-0.023
-0.021
-0.02
-0.018
-0.017
-0.015
-0.013
-0.011
-0.01
-0.009
-0.008
-0.005
-0.002
0.002
0.01
0.018
0.025
0.029
0.033
0.035
0.038
0.04
0.042
0.044
0.047
0.05
0.054
0.057
0.061
0.065
0.071
0.077
0.083
0.089
0.093
0.098
0.103
0.111
0.118
0.124
0.13
0.139
0.15
0.161
0.171
0.18
0.189
0.196
0.203
0.208
0.213
0.215
0.216
0.217
0.219
0.22
0.221
0.221
0.22
0.217
0.212
0.206
0.197
0.187
0.177
0.166
0.155
0.141
0.122
0.102
0.081
0.058
0.038
0.022
0.001
-0.013
-0.022
-0.029
-0.036
-0.041
-0.049
-0.059
-0.071
-0.083
-0.093
-0.095
-0.096
-0.097
-0.098
-0.099
-0.099
-0.099
-0.099
-0.099
-0.099
-0.098
-0.095
-0.092
-0.088
-0.085
-0.082
-0.08
-0.078
-0.077
-0.076
-0.075
-0.074
-0.073
-0.073
-0.072
-0.071
-0.069
-0.068
-0.066
-0.066
-0.065
-0.064
-0.063
-0.062
-0.061
-0.061
-0.061
-0.061
-0.061
-0.061
-0.061
-0.061
-0.061
-0.061
-0.061
-0.061
-0.06
-0.06
-0.061
-0.061
-0.061
-0.062
-0.062
-0.062
-0.062
-0.062
-0.063
-0.063
-0.063
-0.064
-0.064
-0.064
-0.064
-0.065
-0.065
-0.066
-0.067
-0.067
-0.067
-0.067
-0.067
-0.067
-0.067
-0.067
-0.067
-0.067
-0.067
-0.067
-0.068
-0.068
-0.066
-0.062
-0.056
-0.048
-0.037
-0.025
-0.019
-0.016
-0.012
-0.009
-0.007
-0.005
-0.004
-0.004
-0.004
-0.004
-0.005
-0.007
-0.009
-0.012
-0.016
-0.019
-0.023
-0.028
-0.039
-0.047
-0.054
-0.058
-0.062
-0.065
-0.067
-0.069
-0.069
-0.067
-0.063
-0.059
-0.054
-0.05
-0.045
-0.041
-0.036
-0.032
-0.029
-0.026
-0.022
-0.017
-0.009
0.011
0.054
0.118
0.201
0.301
0.409
0.506
0.562
0.581
0.558
0.486
0.359
0.218
0.085
-0.025
-0.088
-0.109
-0.095
-0.073
-0.052
-0.044
-0.041
-0.039
-0.037
-0.035
-0.033
-0.032
-0.03
-0.027
-0.025
-0.022
-0.021
-0.019
-0.018
-0.015
-0.012
-0.009
-0.007
-0.004
-0.001
0.001
0.004
0.007
0.011
0.014
0.018
0.022
0.028
0.034
0.04
0.046
0.052
0.058
0.065
0.072
0.08
0.087
0.092
0.097
0.101
0.106
0.111
0.117
0.123
0.13
0.138
0.146
0.152
0.158
0.167
0.178
0.192
0.201
0.208
0.213
0.218
0.221
0.225
0.228
0.231
0.235
0.239
0.241
0.241
0.239
0.234
0.227
0.216
0.197
0.179
0.158
0.135
0.111
0.092
0.078
0.067
0.053
0.036
0.018
-0.002
-0.018
-0.026
-0.034
-0.044
-0.053
-0.057
-0.06
-0.062
-0.064
-0.066
-0.068
-0.07
-0.071
-0.073
-0.074
-0.075
-0.076
-0.077
-0.077
-0.077
-0.077
-0.076
-0.076
-0.074
-0.073
-0.07
-0.068
-0.066
-0.064
-0.061
-0.059
-0.058
-0.056
-0.055
-0.054
-0.053
-0.052
-0.051
-0.05
-0.049
-0.048
-0.047
-0.046
-0.045
-0.045
-0.044
-0.044
-0.043
-0.043
-0.042
-0.042
-0.042
-0.043
-0.043
-0.043
-0.043
-0.043
-0.043
-0.043
-0.042
-0.042
-0.041
-0.041
-0.04
-0.04
-0.039
-0.039
-0.039
-0.039
-0.039
-0.038
-0.038
-0.037
-0.037
-0.036
-0.035
-0.034
-0.033
-0.032
-0.031
-0.03
-0.029
-0.027
-0.025
-0.022
-0.018
-0.014
-0.011
-0.007
-0.003
0.0
0.005
0.009
0.013
0.016
0.02
0.025
0.029
0.033
0.035
0.036
0.034
0.031
0.027
0.022
0.017
0.012
0.003
-0.004
-0.011
-0.016
-0.02
-0.023
-0.025
-0.028
-0.03
-0.032
-0.033
-0.035
-0.036
-0.037
-0.037
-0.037
-0.037
-0.037
-0.036
-0.035
-0.034
-0.032
-0.03
-0.026
-0.023
-0.008
0.025
0.073
0.138
0.222
0.322
0.428
0.52
0.582
0.591
0.57
0.48
0.354
0.209
0.075
-0.029
-0.073
-0.088
-0.07
-0.058
-0.053
-0.048
-0.044
-0.041
-0.038
-0.036
-0.034
-0.032
-0.031
-0.03
-0.029
-0.029
-0.029
-0.029
-0.028
-0.026
-0.024
-0.021
-0.018
-0.015
-0.011
-0.007
-0.002
0.001
0.005
0.009
0.013
0.017
0.02
0.024
0.027
0.03
0.034
0.037
0.041
0.046
0.052
0.057
0.063
0.068
0.075
0.082
0.088
0.094
0.101
0.108
0.116
0.124
0.132
0.142
0.153
0.165
0.174
0.18
0.185
0.189
0.192
0.196
0.199
0.202
0.205
0.207
0.208
0.207
0.204
0.199
0.193
0.185
0.171
0.159
0.143
0.123
0.103
0.085
0.068
0.05
0.031
0.015
0.0
-0.015
-0.028
-0.038
-0.047
-0.057
-0.074
-0.084
-0.089
-0.093
-0.095
-0.097
-0.099
-0.1
-0.1
-0.101
-0.101
-0.102
-0.102
-0.103
-0.104
-0.104
-0.105
-0.105
-0.105
-0.105
-0.105
-0.105
-0.105
-0.105
-0.105
-0.104
-0.102
-0.1
-0.098
-0.096
-0.094
-0.092
-0.089
-0.087
-0.086
-0.084
-0.083
-0.081
-0.079
-0.078
-0.076
-0.075
-0.074
-0.073
-0.071
-0.07
-0.069
-0.068
-0.067
-0.066
-0.065
-0.064
-0.063
-0.061
-0.06
-0.059
-0.058
-0.057
-0.055
-0.054
-0.054
-0.053
-0.052
-0.051
-0.051
-0.05
-0.049
-0.048
-0.047
-0.046
-0.045
-0.044
-0.044
-0.044
-0.044
-0.044
-0.044
-0.043
-0.043
-0.042
-0.042
-0.042
-0.04
-0.039
-0.037
-0.035
-0.034
-0.032
-0.031
-0.029
-0.027
-0.025
-0.022
-0.02
-0.017
-0.014
-0.009
-0.006
-0.003
0.0
0.01
0.019
0.022
0.023
0.025
0.026
0.026
0.026
0.025
0.023
0.02
0.017
0.013
0.009
0.003
-0.001
-0.008
-0.014
-0.018
-0.021
-0.023
-0.025
-0.027
-0.029
-0.03
-0.031
-0.032
-0.032
-0.032
-0.032
-0.031
-0.03
-0.028
-0.026
-0.024
-0.021
-0.019
-0.014
-0.005
0.002
0.025
0.059
0.115
0.196
0.297
0.409
0.513
0.595
0.633
0.608
0.514
0.378
0.235
0.108
0.021
-0.017
-0.031
-0.033
-0.035
-0.036
-0.035
-0.027
-0.023
-0.02
-0.018
-0.017
-0.015
-0.014
-0.012
-0.011
-0.009
-0.007
-0.005
-0.004
-0.002
-0.001
0.0
0.004
0.011
0.018
0.026
0.031
0.034
0.037
0.04
0.043
0.045
0.047
0.049
0.051
0.053
0.056
0.06
0.064
0.07
0.077
0.083
0.089
0.096
0.102
0.107
0.112
0.116
0.121
0.125
0.13
0.134
0.139
0.143
0.15
0.159
0.167
0.174
0.181
0.19
0.2
0.207
0.213
0.217
0.22
0.221
0.222
0.222
0.224
0.226
0.225
0.217
0.205
0.189
0.173
0.158
0.144
0.13
0.116
0.1
0.084
0.068
0.052
0.038
0.016
-0.007
-0.022
-0.037
-0.047
-0.05
-0.051
-0.052
-0.052
-0.053
-0.053
-0.053
-0.053
-0.053
-0.053
-0.053
-0.051
-0.05
-0.048
-0.047
-0.046
-0.045
-0.044
-0.043
-0.043
-0.042
-0.042
-0.042
-0.042
-0.041
-0.04
-0.039
-0.039
-0.039
-0.038
-0.038
-0.037
-0.036
-0.035
-0.035
-0.034
-0.034
-0.034
-0.033
-0.032
-0.031
-0.03
-0.03
-0.029
-0.028
-0.027
-0.026
-0.026
-0.025
-0.025
-0.025
-0.024
-0.024
-0.023
-0.023
-0.023
-0.023
-0.023
-0.024
-0.025
-0.025
-0.026
-0.026
-0.027
-0.027
-0.028
-0.029
-0.029
-0.03
-0.03
-0.032
-0.033
-0.035
-0.036
-0.036
-0.035
-0.034
-0.032
-0.031
-0.03
-0.03
-0.029
-0.028
-0.027
-0.026
-0.026
-0.025
-0.024
-0.023
-0.022
-0.022
-0.022
-0.021
-0.021
-0.02
-0.02
-0.02
-0.02
-0.02
-0.02
-0.02
-0.019
-0.019
-0.019
-0.019
-0.018
-0.016
-0.015
-0.016
-0.018
-0.02
-0.023
-0.026
-0.028
-0.031
-0.033
-0.033
-0.033
-0.03
-0.027
-0.021
-0.009
0.0
0.003
0.007
0.01
0.013
0.016
0.018
0.02
0.023
0.027
0.03
0.032
0.034
0.035
0.037
0.036
0.027
0.018
0.007
-0.001
-0.011
-0.019
-0.024
-0.027
-0.03
-0.032
-0.033
-0.034
-0.034
-0.033
-0.034
-0.034
-0.035
-0.036
-0.036
-0.036
-0.035
-0.035
-0.034
-0.034
-0.034
-0.033
-0.032
-0.03
-0.027
-0.019
0.01
0.057
0.125
0.214
0.32
0.437
0.545
0.621
0.649
0.612
0.512
0.369
0.219
0.092
0.005
-0.026
-0.035
-0.04
-0.045
-0.049
-0.053
-0.057
-0.061
-0.065
-0.068
-0.068
-0.066
-0.063
-0.061
-0.06
-0.06
-0.06
-0.059
-0.058
-0.057
-0.055
-0.054
-0.053
-0.052
-0.051
-0.05
-0.048
-0.047
-0.045
-0.043
-0.038
-0.033
-0.028
-0.02
-0.01
-0.005
-0.003
-0.002
0.0
0.0
0.002
0.003
0.005
0.008
0.011
0.014
0.019
0.026
0.033
0.039
0.046
0.055
0.064
0.072
0.079
0.085
0.09
0.099
0.112
0.122
0.129
0.134
0.138
0.141
0.144
0.146
0.147
0.146
0.142
0.137
0.128
0.113
0.099
0.085
0.072
0.06
0.049
0.035
0.017
0.001
-0.01
-0.02
-0.033
-0.047
-0.059
-0.071
-0.082
-0.093
-0.103
-0.114
-0.125
-0.133
-0.137
-0.14
-0.143
-0.145
-0.146
-0.147
-0.147
-0.146
-0.143
-0.139
-0.136
-0.132
-0.128
-0.125
-0.123
-0.12
-0.118
-0.116
-0.114
-0.112
-0.111
-0.109
-0.108
-0.106
-0.105
-0.103
-0.102
-0.101
-0.1
-0.099
-0.097
-0.096
-0.094
-0.092
-0.089
-0.086
-0.084
-0.081
-0.078
-0.076
-0.075
-0.074
-0.073
-0.072
-0.071
-0.07
-0.07
-0.07
-0.07
-0.069
-0.068
-0.068
-0.067
-0.067
-0.066
-0.066
-0.065
-0.064
-0.063
-0.063
-0.062
-0.062
-0.062
-0.062
-0.063
-0.063
-0.064
-0.064
-0.064
-0.064
-0.064
-0.063
-0.063
-0.063
-0.063
-0.063
-0.062
-0.062
-0.062
-0.062
-0.062
-0.062
-0.062
-0.061
-0.061
-0.061
-0.06
-0.06
-0.06
-0.059
-0.059
-0.058
-0.058
-0.058
-0.058
-0.058
-0.057
-0.058
-0.058
-0.058
-0.059
-0.059
-0.059
-0.059
-0.059
-0.059
-0.058
-0.058
-0.057
-0.056
-0.054
-0.053
-0.052
-0.051
-0.05
-0.048
-0.047
-0.045
-0.044
-0.043
-0.042
-0.04
-0.038
-0.036
-0.035
-0.033
-0.033
-0.033
-0.033
-0.033
-0.034
-0.035
-0.036
-0.037
-0.038
-0.039
-0.041
-0.041
-0.042
-0.042
-0.042
-0.041
-0.039
-0.036
-0.033
-0.031
-0.028
-0.026
-0.024
-0.022
-0.021
-0.019
-0.016
-0.014
-0.012
-0.009
-0.006
-0.003
0.0
0.01
0.031
0.045
0.053
0.059
0.062
0.064
0.066
0.07
0.068
0.056
0.048
0.041
0.036
0.031
0.026
0.021
0.017
0.013
0.008
0.004
0.0
-0.003
-0.006
-0.009
-0.011
-0.012
-0.013
-0.015
-0.016
-0.018
-0.019
-0.021
-0.022
-0.024
-0.026
-0.027
-0.028
-0.028
-0.029
-0.031
-0.033
-0.036
-0.043
-0.047
-0.043
-0.032
0.0
0.058
0.145
0.263
0.402
0.544
0.671
0.761
0.791
0.751
0.646
0.499
0.339
0.196
0.089
0.025
-0.007
-0.02
-0.032
-0.045
-0.056
-0.057
-0.057
-0.058
-0.058
-0.058
-0.059
-0.057
-0.054
-0.05
-0.045
-0.042
-0.038
-0.035
-0.031
-0.028
-0.024
-0.021
-0.018
-0.014
-0.01
-0.006
-0.002
0.001
0.005
0.008
0.011
0.014
0.016
0.019
0.022
0.024
0.028
0.031
0.034
0.036
0.039
0.042
0.046
0.051
0.056
0.063
0.071
0.078
0.086
0.093
0.099
0.105
0.112
0.12
0.127
0.134
0.142
0.152
0.161
0.171
0.18
0.191
0.198
0.204
0.209
0.21
0.209
0.205
0.2
0.195
0.188
0.181
0.175
0.165
0.149
0.133
0.115
0.098
0.085
0.071
0.052
0.029
0.01
-0.004
-0.021
-0.035
-0.046
-0.056
-0.065
-0.068
-0.071
-0.073
-0.074
-0.076
-0.078
-0.079
-0.08
-0.082
-0.083
-0.084
-0.084
-0.084
-0.083
-0.082
-0.081
-0.08
-0.079
-0.077
-0.076
-0.075
-0.074
-0.073
-0.072
-0.071
-0.069
-0.066
-0.064
-0.062
-0.058
-0.054
-0.048
-0.043
-0.04
-0.036
-0.034
-0.032
-0.031
-0.03
-0.03
-0.029
-0.028
-0.027
-0.026
-0.026
-0.025
-0.024
-0.024
-0.023
-0.023
-0.024
-0.025
-0.025
-0.025
-0.025
-0.025
-0.024
-0.023
-0.022
-0.021
-0.02
-0.019
-0.018
-0.018
-0.017
-0.017
-0.017
-0.017
-0.018
-0.017
-0.017
-0.017
-0.017
-0.017
-0.017
-0.017
-0.016
-0.016
-0.016
-0.016
-0.017
-0.017
-0.018
-0.017
-0.017
-0.017
-0.017
-0.016
-0.016
-0.015
-0.014
-0.014
-0.013
-0.013
-0.014
-0.014
-0.014
-0.015
-0.015
-0.015
-0.016
-0.016
-0.016
-0.016
-0.016
-0.016
-0.017
-0.017
-0.018
-0.018
-0.018
-0.019
-0.019
-0.019
-0.019
-0.018
-0.017
-0.017
-0.016
-0.015
-0.014
-0.011
-0.007
-0.003
0.0
0.0
0.001
0.002
0.003
0.004
0.004
0.004
0.005
0.005
0.005
0.005
0.006
0.006
0.006
0.007
0.007
0.008
0.008
0.009
0.01
0.011
0.011
0.012
0.012
0.013
0.013
0.014
0.014
0.015
0.015
0.015
0.016
0.017
0.018
0.018
0.019
0.02
0.02
0.021
0.022
0.024
0.025
0.027
0.029
0.033
0.044
0.055
0.065
0.077
0.088
0.095
0.099
0.103
0.106
0.108
0.109
0.107
0.101
0.094
0.089
0.085
0.082
0.078
0.074
0.07
0.066
0.061
0.057
0.052
0.046
0.041
0.035
0.03
0.025
0.021
0.017
0.015
0.013
0.011
0.009
0.007
0.005
0.003
0.003
0.002
0.003
0.003
0.004
0.006
0.008
0.012
0.017
0.022
0.033
0.061
0.115
0.198
0.313
0.456
0.615
0.765
0.874
0.907
0.846
0.701
0.506
0.305
0.141
0.039
0.013
0.005
0.0
-0.005
-0.01
-0.015
-0.019
-0.022
-0.025
-0.027
-0.029
-0.03
-0.03
-0.028
-0.025
-0.023
-0.02
-0.017
-0.014
-0.012
-0.01
-0.009
-0.007
-0.006
-0.003
0.0
0.002
0.005
0.007
0.01
0.012
0.015
0.017
0.02
0.024
0.029
0.036
0.041
0.045
0.048
0.051
0.054
0.057
0.06
0.064
0.068
0.074
0.081
0.091
0.106
0.117
0.126
0.134
0.143
0.153
0.163
0.172
0.18
0.188
0.195
0.2
0.204
0.207
0.21
0.213
0.214
0.215
0.215
0.214
0.213
0.211
0.208
0.205
0.2
0.193
0.179
0.168
0.153
0.133
0.11
0.085
0.063
0.046
0.03
0.016
0.003
-0.007
-0.017
-0.028
-0.038
-0.05
-0.063
-0.068
-0.071
-0.073
-0.075
-0.077
-0.079
-0.08
-0.082
-0.083
-0.083
-0.084
-0.085
-0.085
-0.085
-0.085
-0.085
-0.085
-0.084
-0.084
-0.083
-0.082
-0.081
-0.08
-0.079
-0.079
-0.078
-0.077
-0.076
-0.075
-0.074
-0.072
-0.071
-0.07
-0.069
-0.068
-0.067
-0.066
-0.064
-0.062
-0.061
-0.059
-0.057
-0.054
-0.049
-0.045
-0.041
-0.039
-0.037
-0.036
-0.035
-0.035
-0.035
-0.035
-0.035
-0.036
-0.036
-0.037
-0.037
-0.037
-0.037
-0.037
-0.037
-0.037
-0.037
-0.037
-0.038
-0.039
-0.039
-0.04
-0.041
-0.041
-0.041
-0.042
-0.042
-0.042
-0.043
-0.043
-0.043
-0.044
-0.044
-0.044
-0.043
-0.043
-0.043
-0.042
-0.042
-0.042
-0.042
-0.042
-0.043
-0.043
-0.044
-0.044
-0.044
-0.044
-0.045
-0.044
-0.044
-0.042
-0.041
-0.04
-0.04
-0.039
-0.039
-0.039
-0.038
-0.038
-0.038
-0.038
-0.039
-0.039
-0.039
-0.038
-0.038
-0.038
-0.038
-0.038
-0.038
-0.038
-0.037
-0.036
-0.036
-0.036
-0.036
-0.035
-0.034
-0.034
-0.033
-0.033
-0.033
-0.032
-0.031
-0.029
-0.028
-0.027
-0.026
-0.025
-0.023
-0.022
-0.021
-0.019
-0.019
-0.018
-0.017
-0.016
-0.015
-0.013
-0.012
-0.011
-0.009
-0.008
-0.007
-0.006
-0.005
-0.004
-0.002
-0.001
0.0
0.002
0.005
0.009
0.013
0.018
0.022
0.027
0.033
0.039
0.044
0.048
0.052
0.055
0.059
0.063
0.067
0.07
0.073
0.074
0.075
0.074
0.073
0.071
0.067
0.063
0.059
0.055
0.051
0.047
0.042
0.038
0.033
0.029
0.025
0.022
0.02
0.017
0.014
0.012
0.009
0.006
0.003
0.0
-0.003
-0.006
-0.007
-0.009
-0.009
-0.009
-0.009
-0.007
-0.005
0.0
0.003
0.009
0.033
0.098
0.193
0.32
0.472
0.633
0.777
0.871
0.881
0.835
0.687
0.488
0.28
0.104
-0.008
-0.032
-0.04
-0.03
-0.015
-0.004
-0.017
-0.024
-0.027
-0.03
-0.033
-0.036
-0.038
-0.039
-0.039
-0.04
-0.041
-0.041
-0.04
-0.038
-0.035
-0.031
-0.026
-0.022
-0.018
-0.015
-0.01
-0.001
0.005
0.01
0.014
0.016
0.017
0.019
0.021
0.023
0.025
0.027
0.03
0.032
0.035
0.039
0.043
0.048
0.054
0.067
0.079
0.089
0.097
0.104
0.109
0.115
0.12
0.125
0.13
0.137
0.146
0.155
0.164
0.173
0.182
0.193
0.206
0.219
0.231
0.239
0.242
0.244
0.246
0.248
0.249
0.248
0.24
0.227
0.211
0.19
0.174
0.159
0.144
0.131
0.114
0.092
0.072
0.051
0.03
0.01
-0.006
-0.024
-0.039
-0.051
-0.064
-0.069
-0.071
-0.073
-0.075
-0.076
-0.078
-0.079
-0.081
-0.082
-0.083
-0.084
-0.085
-0.085
-0.086
-0.086
-0.085
-0.084
-0.083
-0.081
-0.08
-0.079
-0.078
-0.078
-0.077
-0.077
-0.077
-0.077
-0.077
-0.076
-0.075
-0.074
-0.072
-0.07
-0.069
-0.066
-0.064
-0.062
-0.06
-0.058
-0.056
-0.054
-0.053
-0.052
-0.051
-0.05
-0.049
-0.048
-0.046
-0.045
-0.044
-0.043
-0.042
-0.041
-0.04
-0.04
-0.041
-0.041
-0.042
-0.042
-0.042
-0.042
-0.041
-0.041
-0.042
-0.042
-0.042
-0.042
-0.042
-0.043
-0.044
-0.044
-0.045
-0.046
-0.047
-0.047
-0.048
-0.048
-0.047
-0.047
-0.046
-0.046
-0.045
-0.045
-0.044
-0.044
-0.044
-0.045
-0.045
-0.045
-0.045
-0.045
-0.045
-0.045
-0.044
-0.044
-0.043
-0.043
-0.042
-0.042
-0.042
-0.042
-0.042
-0.041
-0.041
-0.041
-0.042
-0.043
-0.043
-0.043
-0.043
-0.044
-0.044
-0.044
-0.044
-0.043
-0.043
-0.043
-0.043
-0.043
-0.042
-0.042
-0.042
-0.043
-0.043
-0.043
-0.043
-0.043
-0.043
-0.043
-0.043
-0.043
-0.043
-0.042
-0.041
-0.04
-0.04
-0.039
-0.039
-0.038
-0.038
-0.037
-0.036
-0.035
-0.034
-0.034
-0.033
-0.032
-0.031
-0.03
-0.028
-0.027
-0.025
-0.023
-0.02
-0.016
-0.014
-0.012
-0.009
-0.007
-0.005
-0.002
0.0
0.001
0.003
0.005
0.008
0.01
0.013
0.016
0.02
0.026
0.036
0.047
0.057
0.067
0.071
0.073
0.074
0.075
0.077
0.077
0.078
0.078
0.076
0.073
0.069
0.064
0.059
0.052
0.044
0.036
0.029
0.023
0.018
0.013
0.008
0.005
0.001
-0.001
-0.003
-0.006
-0.009
-0.011
-0.013
-0.015
-0.017
-0.018
-0.019
-0.02
-0.021
-0.023
-0.025
-0.029
-0.031
-0.027
-0.015
0.018
0.074
0.162
0.284
0.432
0.59
0.734
0.84
0.879
0.825
0.682
0.484
0.274
0.099
-0.012
-0.045
-0.043
-0.024
-0.014
-0.013
-0.022
-0.036
-0.05
-0.059
-0.065
-0.053
-0.044
-0.04
-0.036
-0.033
-0.031
-0.03
-0.028
-0.027
-0.026
-0.024
-0.023
-0.021
-0.019
-0.017
-0.016
-0.015
-0.013
-0.011
-0.008
-0.004
0.0
0.003
0.007
0.012
0.016
0.02
0.024
0.028
0.031
0.035
0.041
0.049
0.056
0.062
0.072
0.089
0.1
0.105
0.108
0.113
0.117
0.121
0.125
0.132
0.143
0.154
0.165
0.176
0.188
0.198
0.205
0.211
0.215
0.219
0.222
0.224
0.227
0.229
0.229
0.228
0.225
0.22
0.214
0.201
0.181
0.162
0.141
0.118
0.097
0.076
0.056
0.037
0.017
0.0
-0.011
-0.025
-0.038
-0.052
-0.063
-0.072
-0.078
-0.083
-0.087
-0.09
-0.092
-0.094
-0.095
-0.097
-0.098
-0.099
-0.1
-0.101
-0.102
-0.103
-0.104
-0.104
-0.104
-0.104
-0.104
-0.103
-0.102
-0.1
-0.098
-0.096
-0.094
-0.092
-0.09
-0.088
-0.087
-0.086
-0.084
-0.083
-0.082
-0.081
-0.08
-0.078
-0.077
-0.076
-0.075
-0.073
-0.071
-0.069
-0.068
-0.068
-0.067
-0.066
-0.065
-0.064
-0.063
-0.063
-0.063
-0.062
-0.06
-0.058
-0.055
-0.053
-0.051
-0.05
-0.048
-0.047
-0.046
-0.045
-0.046
-0.047
-0.048
-0.048
-0.049
-0.049
-0.049
-0.049
-0.049
-0.049
-0.049
-0.048
-0.048
-0.048
-0.049
-0.05
-0.05
-0.051
-0.051
-0.05
-0.049
-0.049
-0.048
-0.047
-0.046
-0.045
-0.044
-0.043
-0.043
-0.043
-0.044
-0.044
-0.044
-0.043
-0.043
-0.043
-0.043
-0.043
-0.042
-0.042
-0.041
-0.04
-0.04
-0.04
-0.039
-0.039
-0.038
-0.038
-0.037
-0.037
-0.036
-0.036
-0.035
-0.033
-0.031
-0.029
-0.028
-0.028
-0.028
-0.029
-0.03
-0.032
-0.035
-0.039
-0.042
-0.039
-0.033
-0.029
-0.027
-0.025
-0.022
-0.02
-0.019
-0.019
-0.019
-0.02
-0.021
-0.021
-0.022
-0.022
-0.023
-0.024
-0.025
-0.025
-0.025
-0.026
-0.026
-0.027
-0.027
-0.027
-0.027
-0.026
-0.025
-0.024
-0.024
-0.023
-0.021
-0.019
-0.017
-0.015
-0.014
-0.012
-0.01
-0.008
-0.004
0.0
0.004
0.008
0.011
0.016
0.022
0.03
0.039
0.048
0.057
0.067
0.073
0.078
0.081
0.083
0.084
0.086
0.087
0.088
0.088
0.088
0.086
0.083
0.08
0.075
0.07
0.063
0.052
0.04
0.028
0.019
0.012
0.005
0.001
0.0
-0.002
-0.003
-0.005
-0.006
-0.008
-0.01
-0.011
-0.012
-0.012
-0.012
-0.012
-0.011
