-0.219
-0.266
-0.317
-0.371
-0.399
-0.41
-0.416
-0.42
-0.423
-0.425
-0.425
-0.425
-0.423
-0.42
-0.416
-0.412
-0.406
-0.402
-0.399
-0.397
-0.396
-0.394
-0.392
-0.39
-0.389
-0.387
-0.384
-0.381
-0.378
-0.377
-0.376
-0.376
-0.377
-0.377
-0.376
-0.375
-0.373
-0.371
-0.367
-0.361
-0.353
-0.344
-0.332
-0.312
-0.282
-0.268
-0.262
-0.257
-0.254
-0.252
-0.25
-0.248
-0.246
-0.244
-0.243
-0.242
-0.241
-0.239
-0.237
-0.232
-0.227
-0.221
-0.21
-0.175
-0.104
-0.01
0.097
0.209
0.314
0.412
0.493
0.527
0.525
0.482
0.4
0.303
0.204
0.107
0.017
-0.061
-0.125
-0.162
-0.176
-0.175
-0.16
-0.15
-0.143
-0.137
-0.13
-0.122
-0.113
-0.103
-0.092
-0.078
-0.066
-0.056
-0.047
-0.035
-0.018
-0.003
0.007
0.014
0.021
0.029
0.039
0.051
0.064
0.08
0.091
0.099
0.111
0.123
0.129
0.133
0.136
0.139
0.142
0.147
0.154
0.162
0.171
0.18
0.191
0.201
0.211
0.231
0.258
0.272
0.28
0.286
0.295
0.304
0.316
0.333
0.356
0.374
0.391
0.408
0.427
0.442
0.454
0.465
0.475
0.484
0.492
0.5
0.506
0.514
0.521
0.528
0.535
0.543
0.549
0.553
0.553
0.549
0.542
0.532
0.515
0.487
0.462
0.433
0.404
0.383
0.361
0.349
0.342
0.336
0.332
0.329
0.327
0.327
0.328
0.33
0.333
0.335
0.337
0.338
0.34
0.341
0.343
0.345
0.347
0.349
0.351
0.353
0.355
0.357
0.359
0.36
0.36
0.361
0.362
0.362
0.362
0.362
0.363
0.365
0.366
0.367
0.368
0.369
0.369
0.37
0.37
0.37
0.369
0.367
0.364
0.362
0.36
0.358
0.356
0.355
0.354
0.353
0.353
0.353
0.353
0.354
0.355
0.355
0.356
0.356
0.355
0.355
0.354
0.354
0.354
0.354
0.353
0.351
0.349
0.347
0.344
0.34
0.333
0.324
0.312
0.301
0.294
0.289
0.285
0.282
0.278
0.275
0.272
0.269
0.266
0.263
0.26
0.257
0.253
0.249
0.244
0.238
0.231
0.223
0.215
0.206
0.198
0.192
0.188
0.185
0.182
0.18
0.178
0.175
0.173
0.171
0.169
0.167
0.165
0.163
0.162
0.161
0.16
0.158
0.156
0.153
0.15
0.144
0.132
0.121
0.112
0.1
0.086
0.064
0.05
0.041
0.034
0.027
0.021
0.014
0.007
0.002
-0.001
-0.004
-0.007
-0.009
-0.011
-0.013
-0.015
-0.018
-0.022
-0.025
-0.028
-0.03
-0.032
-0.033
-0.035
-0.037
-0.04
-0.043
-0.046
-0.05
-0.054
-0.057
-0.061
-0.065
-0.069
-0.071
-0.073
-0.074
-0.075
-0.075
-0.077
-0.08
-0.083
-0.085
-0.088
-0.09
-0.092
-0.094
-0.095
-0.096
-0.097
-0.098
-0.105
-0.102
-0.068
-0.008
0.069
0.166
0.275
0.39
0.503
0.598
0.655
0.674
0.662
0.625
0.545
0.441
0.328
0.219
0.121
0.04
-0.023
-0.073
-0.107
-0.131
-0.142
-0.151
-0.159
-0.166
-0.173
-0.178
-0.184
-0.188
-0.193
-0.198
-0.204
-0.21
-0.215
-0.219
-0.222
-0.224
-0.225
-0.227
-0.229
-0.231
-0.233
-0.235
-0.237
-0.238
-0.239
-0.24
-0.241
-0.242
-0.242
-0.242
-0.241
-0.241
-0.241
-0.241
-0.24
-0.241
-0.241
-0.24
-0.239
-0.237
-0.236
-0.233
-0.231
-0.228
-0.225
-0.222
-0.217
-0.205
-0.176
-0.158
-0.149
-0.142
-0.136
-0.13
-0.125
-0.121
-0.116
-0.113
-0.11
-0.106
-0.102
-0.098
-0.094
-0.091
-0.088
-0.084
-0.081
-0.079
-0.077
-0.076
-0.075
-0.075
-0.077
-0.081
-0.087
-0.093
-0.099
-0.105
-0.11
-0.115
-0.122
-0.128
-0.133
-0.136
-0.138
-0.137
-0.134
-0.129
-0.124
-0.118
-0.112
-0.108
-0.105
-0.102
-0.099
-0.096
-0.092
-0.089
-0.086
-0.083
-0.079
-0.076
-0.073
-0.07
-0.068
-0.066
-0.064
-0.062
-0.059
-0.054
-0.049
-0.045
-0.042
-0.042
-0.044
-0.048
-0.053
-0.06
-0.073
-0.092
-0.118
-0.153
-0.191
-0.233
-0.278
-0.318
-0.355
-0.387
-0.404
-0.416
-0.423
-0.423
-0.416
-0.404
-0.385
-0.358
-0.341
-0.331
-0.319
-0.303
-0.288
-0.273
-0.261
-0.25
-0.24
-0.229
-0.217
-0.203
-0.192
-0.185
-0.178
-0.171
-0.163
-0.155
-0.148
-0.141
-0.134
-0.127
-0.121
-0.116
-0.111
-0.107
-0.101
-0.096
-0.09
-0.085
-0.079
-0.072
-0.065
-0.057
-0.048
-0.039
-0.03
-0.022
-0.015
-0.008
0.0
0.012
0.024
0.037
0.043
0.047
0.05
0.053
0.056
0.058
0.059
0.061
0.062
0.063
0.064
0.065
0.066
0.067
0.068
0.07
0.071
0.071
0.072
0.071
0.07
0.068
0.067
0.066
0.065
0.065
0.067
0.069
0.067
0.064
0.063
0.062
0.062
0.061
0.059
0.057
0.055
0.054
0.052
0.052
0.053
0.054
0.055
0.057
0.058
0.059
0.06
0.06
0.061
0.061
0.061
0.061
0.062
0.064
0.065
0.067
0.068
0.07
0.071
0.072
0.072
0.072
0.072
0.073
0.075
0.076
0.078
0.078
0.077
0.076
0.074
0.071
0.068
0.062
0.054
0.065
0.096
0.144
0.222
0.325
0.449
0.589
0.736
0.867
0.949
0.958
0.922
0.805
0.644
0.483
0.357
0.262
0.189
0.132
0.098
0.063
0.026
0.011
0.006
0.002
-0.001
-0.004
-0.007
-0.01
-0.013
-0.014
-0.015
-0.017
-0.017
-0.017
-0.017
-0.017
-0.017
-0.016
-0.015
-0.013
-0.01
-0.008
-0.006
-0.005
-0.003
-0.001
0.0
0.002
0.003
0.003
0.003
0.003
0.003
0.003
0.002
0.002
0.003
0.003
0.003
0.002
0.001
0.001
0.0
0.0
0.0
0.001
0.001
0.002
0.003
0.005
0.008
0.011
0.014
0.018
0.023
0.028
0.036
0.045
0.053
0.059
0.064
0.07
0.074
0.079
0.083
0.086
0.088
0.09
0.09
0.089
0.087
0.084
0.079
0.072
0.062
0.044
0.01
-0.011
-0.025
-0.038
-0.05
-0.065
-0.082
-0.096
-0.103
-0.106
-0.11
-0.112
-0.114
-0.114
-0.114
-0.114
-0.114
-0.115
-0.115
-0.116
-0.116
-0.117
-0.118
-0.119
-0.119
-0.119
-0.12
-0.12
-0.121
-0.122
-0.122
-0.121
-0.121
-0.122
-0.123
-0.124
-0.125
-0.125
-0.125
-0.124
-0.124
-0.123
-0.122
-0.12
-0.118
-0.116
-0.115
-0.113
-0.112
-0.111
-0.11
-0.109
-0.108
-0.106
-0.104
-0.102
-0.099
-0.096
-0.094
-0.092
-0.09
-0.089
-0.087
-0.084
-0.081
-0.078
-0.074
-0.071
-0.067
-0.063
-0.059
-0.056
-0.053
-0.052
-0.051
-0.05
-0.05
-0.05
-0.05
-0.05
-0.05
-0.049
-0.046
-0.044
-0.041
-0.039
-0.039
-0.038
-0.038
-0.039
-0.039
-0.04
-0.042
-0.045
-0.048
-0.042
-0.032
-0.029
-0.028
-0.026
-0.024
-0.023
-0.022
-0.02
-0.018
-0.016
-0.015
-0.014
-0.013
-0.011
-0.01
-0.009
-0.008
-0.008
-0.007
-0.007
-0.007
-0.006
-0.006
-0.006
-0.006
-0.006
-0.005
-0.005
-0.004
-0.004
-0.004
-0.004
-0.004
-0.004
-0.003
-0.003
-0.004
-0.005
-0.006
-0.006
-0.006
-0.006
-0.007
-0.009
-0.01
-0.011
-0.013
-0.013
-0.014
-0.016
-0.018
-0.019
-0.021
-0.022
-0.025
-0.031
-0.039
-0.043
-0.04
-0.033
-0.024
-0.016
-0.007
0.0
0.005
0.009
0.012
0.015
0.018
0.021
0.023
0.024
0.024
0.024
0.023
0.02
0.014
0.007
-0.001
-0.02
-0.047
-0.061
-0.071
-0.07
-0.06
-0.032
0.027
0.114
0.228
0.368
0.519
0.667
0.799
0.891
0.904
0.878
0.76
0.605
0.448
0.321
0.237
0.186
0.154
0.119
0.082
0.065
0.056
0.049
0.044
0.04
0.037
0.036
0.035
0.036
0.037
0.039
0.042
0.046
0.051
0.058
0.065
0.075
0.092
0.099
0.101
0.102
0.104
0.105
0.106
0.106
0.106
0.106
0.107
0.107
0.108
0.109
0.109
0.109
0.109
0.11
0.112
0.113
0.114
0.115
0.116
0.119
0.122
0.125
0.128
0.131
0.135
0.14
0.146
0.152
0.158
0.164
0.17
0.176
0.184
0.194
0.204
0.212
0.22
0.228
0.239
0.253
0.259
0.262
0.264
0.266
0.267
0.268
0.269
0.269
0.268
0.265
0.261
0.256
0.249
0.239
0.222
0.209
0.198
0.186
0.17
0.162
0.157
0.153
0.15
0.148
0.146
0.145
0.144
0.142
0.141
0.139
0.138
0.137
0.135
0.13
0.128
0.131
0.135
0.138
0.14
0.142
0.143
0.144
0.143
0.142
0.141
0.141
0.14
0.139
0.138
0.136
0.135
0.135
0.134
0.134
0.134
0.134
0.133
0.134
0.135
0.137
0.138
0.14
0.141
0.142
0.144
0.145
0.147
0.149
0.15
0.152
0.153
0.155
0.158
0.16
0.163
0.166
0.169
0.172
0.176
0.18
0.184
0.187
0.19
0.191
0.19
0.188
0.184
0.18
0.176
0.17
0.164
0.153
0.144
0.139
0.134
0.13
0.125
0.121
0.12
0.123
0.126
0.13
0.133
0.136
0.138
0.137
0.134
0.13
0.123
0.116
0.106
0.096
0.086
0.077
0.069
0.061
0.053
0.046
0.04
0.033
0.027
0.022
0.018
0.014
0.01
0.006
0.002
-0.004
-0.013
-0.022
-0.032
-0.042
-0.051
-0.058
-0.063
-0.066
-0.068
-0.069
-0.07
-0.072
-0.073
-0.075
-0.077
-0.079
-0.081
-0.083
-0.085
-0.088
-0.09
-0.092
-0.095
-0.099
-0.11
-0.12
-0.128
-0.134
-0.138
-0.141
-0.145
-0.149
-0.154
-0.159
-0.165
-0.171
-0.182
-0.199
-0.209
-0.216
-0.221
-0.224
-0.228
-0.232
-0.236
-0.24
-0.244
-0.248
-0.251
-0.253
-0.254
-0.254
-0.251
-0.245
-0.237
-0.209
-0.167
-0.107
-0.023
0.088
0.222
0.366
0.504
0.611
0.642
0.632
0.546
0.396
0.216
0.053
-0.058
-0.109
-0.132
-0.148
-0.171
-0.197
-0.213
-0.214
-0.213
-0.213
-0.213
-0.214
-0.214
-0.214
-0.215
-0.215
-0.216
-0.216
-0.216
-0.215
-0.214
-0.212
-0.211
-0.21
-0.208
-0.207
-0.205
-0.203
-0.201
-0.199
-0.198
-0.195
-0.191
-0.187
-0.182
-0.176
-0.17
-0.165
-0.162
-0.159
-0.156
-0.154
-0.152
-0.151
-0.149
-0.147
-0.144
-0.142
-0.14
-0.139
-0.137
-0.136
-0.134
-0.132
-0.129
-0.126
-0.117
-0.097
-0.081
-0.07
-0.065
-0.061
-0.058
-0.056
-0.054
-0.056
-0.059
-0.062
-0.064
-0.065
-0.067
-0.068
-0.07
-0.072
-0.075
-0.077
-0.079
-0.082
-0.085
-0.088
-0.092
-0.101
-0.124
-0.142
-0.154
-0.164
-0.173
-0.181
-0.189
-0.194
-0.195
-0.19
-0.184
-0.18
-0.177
-0.173
-0.17
-0.167
-0.165
-0.161
-0.157
-0.152
-0.147
-0.141
-0.136
-0.13
-0.122
-0.113
-0.104
-0.098
-0.092
-0.087
-0.082
-0.077
-0.071
-0.065
-0.061
-0.057
-0.054
-0.05
-0.046
-0.042
-0.037
-0.032
-0.026
-0.019
-0.011
0.0
0.007
0.011
0.013
0.015
0.016
0.018
0.019
0.02
0.022
0.023
0.024
0.026
0.027
0.028
0.027
0.027
0.028
0.029
0.031
0.034
0.039
0.043
0.042
0.037
0.031
0.027
0.023
0.018
0.014
0.011
0.009
0.009
0.009
0.008
0.008
0.009
0.01
0.012
0.013
0.006
0.002
0.0
-0.003
-0.005
-0.005
-0.002
0.002
0.007
0.012
0.017
0.023
0.03
0.035
0.036
0.032
0.026
0.018
0.012
0.004
-0.002
-0.005
-0.002
0.004
0.01
0.014
0.017
0.02
0.023
0.026
0.029
0.032
0.035
0.038
0.041
0.044
0.046
0.048
0.049
0.051
0.053
0.055
0.056
0.059
0.061
0.063
0.065
0.068
0.07
0.072
0.072
0.072
0.071
0.069
0.067
0.065
0.062
0.059
0.056
0.053
0.049
0.045
0.041
0.036
0.03
0.026
0.021
0.018
0.015
0.015
0.015
0.016
0.017
0.021
0.026
0.032
0.055
0.111
0.183
0.278
0.391
0.514
0.633
0.727
0.757
0.746
0.658
0.513
0.341
0.169
0.036
-0.005
-0.017
-0.025
-0.029
-0.033
-0.049
-0.09
-0.132
-0.144
-0.152
-0.158
-0.162
-0.165
-0.171
-0.18
-0.189
-0.192
-0.194
-0.196
-0.198
-0.2
-0.201
-0.202
-0.202
-0.202
-0.201
-0.2
-0.199
-0.198
-0.196
-0.194
-0.192
-0.19
-0.189
-0.189
-0.189
-0.189
-0.188
-0.187
-0.186
-0.184
-0.183
-0.18
-0.176
-0.173
-0.169
-0.165
-0.161
-0.157
-0.149
-0.14
-0.132
-0.126
-0.119
-0.093
-0.053
-0.026
-0.005
0.008
0.022
0.036
0.059
0.076
0.082
0.086
0.078
0.068
0.06
0.06
0.065
0.069
0.072
0.074
0.076
0.076
0.075
0.072
0.068
0.063
0.045
0.01
-0.006
-0.016
-0.023
-0.03
-0.037
-0.041
-0.045
-0.049
-0.052
-0.053
-0.052
-0.048
-0.044
-0.04
-0.037
-0.035
-0.032
-0.029
-0.025
-0.021
-0.018
-0.015
-0.012
-0.009
-0.006
-0.001
0.003
0.015
0.032
0.036
0.039
0.04
0.041
0.041
0.034
0.025
0.016
0.011
0.004
-0.002
-0.008
-0.013
-0.015
-0.013
-0.009
-0.004
0.0
0.006
0.013
0.027
0.036
0.038
0.039
0.04
0.04
0.04
0.041
0.042
0.044
0.045
0.045
0.044
0.044
0.044
0.044
0.043
0.042
0.042
0.041
0.04
0.039
0.038
0.037
0.034
0.031
0.028
0.023
0.011
-0.003
-0.017
-0.028
-0.037
-0.045
-0.053
-0.061
-0.064
-0.059
-0.05
-0.044
-0.039
-0.035
-0.031
-0.03
-0.031
-0.034
-0.039
-0.045
-0.05
-0.058
-0.064
-0.067
-0.064
-0.059
-0.053
-0.05
-0.047
-0.044
-0.041
-0.039
-0.038
-0.038
-0.04
-0.043
-0.045
-0.048
-0.05
-0.053
-0.055
-0.058
-0.06
-0.062
-0.065
-0.067
-0.07
-0.072
-0.074
-0.076
-0.077
-0.078
-0.079
-0.081
-0.083
-0.088
-0.092
-0.096
-0.095
-0.091
-0.085
-0.078
-0.071
-0.062
-0.054
-0.051
-0.05
-0.048
-0.047
-0.045
-0.057
-0.067
-0.072
-0.076
-0.082
-0.088
-0.095
-0.104
-0.122
-0.148
-0.171
-0.191
-0.219
-0.253
-0.291
-0.305
-0.31
-0.314
-0.317
-0.317
-0.313
-0.305
-0.281
-0.245
-0.19
-0.116
-0.018
0.106
0.251
0.405
0.547
0.655
0.696
0.693
0.64
0.544
0.422
0.29
0.161
0.057
-0.006
-0.033
-0.044
-0.05
-0.055
-0.061
-0.067
-0.073
-0.082
-0.095
-0.105
-0.112
-0.119
-0.122
-0.117
-0.105
-0.089
-0.066
-0.056
-0.053
-0.051
-0.05
-0.049
-0.048
-0.047
-0.046
-0.045
-0.043
-0.041
-0.038
-0.036
-0.034
-0.033
-0.032
-0.032
-0.031
-0.03
-0.029
-0.027
-0.025
-0.023
-0.02
-0.017
-0.014
-0.01
-0.007
-0.004
-0.001
0.0
0.001
0.003
0.005
0.008
0.012
0.02
0.028
0.036
0.044
0.052
0.062
0.073
0.086
0.101
0.115
0.124
0.13
0.135
0.139
0.14
0.139
0.136
0.131
0.127
0.123
0.12
0.117
0.113
0.109
0.105
0.101
0.095
0.09
0.084
0.079
0.075
0.072
0.069
0.066
0.063
0.059
0.056
0.053
0.051
0.051
0.051
0.051
0.053
0.054
0.056
0.058
0.061
0.063
0.065
0.066
0.067
0.069
0.07
0.071
0.071
0.07
0.067
0.064
0.061
0.059
0.058
0.057
0.056
0.055
0.054
0.053
0.052
0.051
0.051
0.05
0.05
0.049
0.05
0.05
0.051
0.051
0.051
0.051
0.05
0.048
0.046
0.044
0.042
0.039
0.036
0.033
0.031
0.029
0.028
0.026
0.022
0.016
0.012
0.009
0.01
0.013
0.018
0.024
0.027
0.029
0.03
0.032
0.035
0.038
0.041
0.043
0.046
0.048
0.05
0.052
0.054
0.056
0.056
0.055
0.054
0.052
0.049
0.047
0.044
0.042
0.039
0.037
0.034
0.032
0.029
0.026
0.02
0.012
0.006
0.003
0.003
0.002
0.001
0.0
-0.001
-0.002
-0.002
-0.002
-0.002
-0.001
0.0
0.0
0.0
0.001
0.002
0.004
0.005
0.006
0.006
0.007
0.009
0.011
0.012
0.014
0.015
0.015
0.015
0.015
0.015
0.015
0.015
0.014
0.013
0.013
0.014
0.015
0.016
0.017
0.017
0.017
0.018
0.019
0.02
0.021
0.023
0.026
0.033
0.038
0.034
0.026
0.02
0.015
0.011
0.009
0.01
0.014
0.018
0.023
0.027
0.033
0.038
0.041
0.038
0.031
0.019
0.003
-0.016
-0.021
-0.024
-0.028
-0.013
0.031
0.107
0.216
0.356
0.513
0.668
0.799
0.884
0.897
0.872
0.767
0.618
0.439
0.259
0.11
0.01
-0.01
-0.015
-0.021
-0.031
-0.044
-0.066
-0.098
-0.117
-0.128
-0.135
-0.14
-0.143
-0.145
-0.147
-0.151
-0.156
-0.161
-0.163
-0.159
-0.151
-0.142
-0.135
-0.13
-0.125
-0.12
-0.115
-0.109
-0.104
-0.099
-0.094
-0.089
-0.081
-0.075
-0.069
-0.064
-0.059
-0.056
-0.053
-0.05
-0.047
-0.045
-0.043
-0.041
-0.039
-0.036
-0.035
-0.033
-0.031
-0.029
-0.026
-0.023
-0.02
-0.016
-0.011
-0.005
0.0
0.007
0.014
0.022
0.03
0.04
0.054
0.067
0.08
0.087
0.094
0.099
0.103
0.107
0.108
0.107
0.105
0.101
0.095
0.088
0.078
0.06
0.046
0.031
0.017
0.005
-0.01
-0.029
-0.048
-0.069
-0.085
-0.093
-0.1
-0.107
-0.112
-0.116
-0.119
-0.122
-0.125
-0.127
-0.128
-0.128
-0.126
-0.122
-0.118
-0.114
-0.109
-0.104
-0.096
-0.087
-0.079
-0.072
-0.067
-0.062
-0.057
-0.053
-0.051
-0.051
-0.053
-0.056
-0.06
-0.065
-0.07
-0.079
-0.084
-0.078
-0.064
-0.048
-0.03
-0.016
-0.003
0.009
0.029
0.042
0.051
0.059
0.064
0.069
0.072
0.075
0.079
0.083
0.088
0.095
0.103
0.113
0.124
0.137
0.146
0.152
0.154
0.156
0.158
0.159
0.161
0.163
0.165
0.166
0.167
0.167
0.168
0.169
0.169
0.169
0.168
0.167
0.166
0.166
0.166
0.166
0.166
0.165
0.164
0.163
0.162
0.161
0.16
0.158
0.156
0.155
0.154
0.153
0.152
0.151
0.149
0.147
0.145
0.144
0.144
0.144
0.145
0.147
0.151
0.155
0.161
0.17
0.185
0.2
0.214
0.225
0.237
0.249
0.263
0.279
0.29
0.3
0.309
0.314
0.318
0.322
0.327
0.325
0.309
0.293
0.279
0.267
0.256
0.24
0.217
0.203
0.195
0.187
0.177
0.165
0.146
0.116
0.097
0.086
0.077
0.069
0.063
0.057
0.053
0.048
0.044
0.038
0.034
0.029
0.025
0.019
0.012
0.005
0.0
-0.005
-0.009
-0.012
-0.015
-0.017
-0.02
-0.023
-0.026
-0.029
-0.032
-0.036
-0.042
-0.051
-0.05
-0.035
0.004
0.075
0.175
0.302
0.445
0.591
0.725
0.831
0.879
0.877
0.815
0.68
0.499
0.319
0.183
0.108
0.079
0.064
0.052
0.035
0.012
-0.018
-0.034
-0.041
-0.046
-0.05
-0.053
-0.056
-0.059
-0.062
-0.065
-0.068
-0.072
-0.075
-0.078
-0.08
-0.083
-0.087
-0.091
-0.094
-0.095
-0.094
-0.089
-0.083
-0.076
-0.069
-0.062
-0.053
-0.043
-0.035
-0.029
-0.024
-0.019
-0.016
-0.012
-0.009
-0.005
-0.003
-0.002
-0.001
0.0
0.001
0.003
0.005
0.009
0.013
0.02
0.033
0.053
0.069
0.082
0.1
0.119
0.136
0.153
0.163
0.17
0.175
0.179
0.182
0.184
0.185
0.186
0.187
0.188
0.189
0.191
0.194
0.193
0.181
0.165
0.143
0.119
0.09
0.055
0.02
-0.035
-0.092
-0.127
-0.165
-0.202
-0.24
-0.277
-0.306
-0.326
-0.335
-0.341
-0.346
-0.35
-0.35
-0.341
-0.329
-0.318
-0.307
-0.296
-0.286
-0.277
-0.268
-0.259
-0.249
-0.24
-0.23
-0.221
-0.215
-0.21
-0.206
-0.202
-0.199
-0.197
-0.196
-0.195
-0.195
-0.194
-0.194
-0.194
-0.194
-0.194
-0.194
-0.193
-0.193
-0.194
-0.199
-0.197
-0.179
-0.171
-0.167
-0.164
-0.162
-0.161
-0.159
-0.156
-0.152
-0.147
-0.142
-0.137
-0.133
-0.13
-0.127
-0.125
-0.123
-0.122
-0.12
-0.119
-0.116
-0.114
-0.11
-0.105
-0.1
-0.095
-0.09
-0.086
-0.081
-0.078
-0.075
-0.073
-0.071
-0.07
-0.068
-0.065
-0.062
-0.058
-0.055
-0.052
-0.049
-0.046
-0.044
-0.043
-0.043
-0.044
-0.045
-0.047
-0.049
-0.051
-0.054
-0.056
-0.058
-0.06
-0.062
-0.067
-0.072
-0.075
-0.072
-0.064
-0.055
-0.051
-0.048
-0.046
-0.043
-0.041
-0.038
-0.036
-0.033
-0.031
-0.03
-0.029
-0.027
-0.025
-0.024
-0.022
-0.021
-0.022
-0.023
-0.023
-0.024
-0.026
-0.028
-0.031
-0.033
-0.036
-0.039
-0.042
-0.052
-0.08
-0.134
-0.186
-0.22
-0.256
-0.29
-0.321
-0.354
-0.378
-0.392
-0.404
-0.415
-0.424
-0.43
-0.435
-0.44
-0.445
-0.448
-0.45
-0.452
-0.453
-0.452
-0.451
-0.449
-0.446
-0.442
-0.437
-0.431
-0.424
-0.415
-0.397
-0.385
-0.377
-0.369
-0.361
-0.35
-0.337
-0.3
-0.238
-0.154
-0.043
0.09
0.239
0.386
0.51
0.583
0.589
0.547
0.433
0.292
0.143
0.012
-0.08
-0.133
-0.148
-0.159
-0.17
-0.18
-0.191
-0.204
-0.21
-0.204
-0.192
-0.182
-0.174
-0.167
-0.159
-0.153
-0.147
-0.14
-0.129
-0.112
-0.091
-0.079
-0.07
-0.063
-0.058
-0.055
-0.054
-0.054
-0.055
-0.056
-0.057
-0.058
-0.06
-0.061
-0.055
-0.041
-0.032
-0.025
-0.017
-0.009
0.0
0.007
0.015
0.023
0.032
0.041
0.05
0.058
0.065
0.071
0.077
0.083
0.089
0.095
0.1
0.106
0.113
0.126
0.147
0.165
0.181
0.193
0.207
0.221
0.232
0.24
0.248
0.253
0.256
0.257
0.257
0.258
0.258
0.259
0.26
0.26
0.258
0.247
0.233
0.22
0.206
0.191
0.174
0.158
0.151
0.147
0.144
0.141
0.138
0.136
0.134
0.133
0.131
0.13
0.128
0.127
0.126
0.125
0.126
0.126
0.126
0.126
0.126
0.126
0.127
0.126
0.126
0.125
0.124
0.123
0.121
0.12
0.119
0.117
0.115
0.113
0.112
0.111
0.11
0.11
0.109
0.109
0.11
0.111
0.112
0.113
0.113
0.114
0.116
0.117
0.118
0.12
0.121
0.123
0.124
0.126
0.128
0.13
0.131
0.131
0.132
0.133
0.135
0.135
0.135
0.135
0.134
0.133
0.132
0.132
0.13
0.128
0.125
0.122
0.12
0.117
0.115
0.112
0.109
0.106
0.104
0.102
0.101
0.099
0.096
0.094
0.091
0.089
0.088
0.086
0.085
0.084
0.085
0.086
0.088
0.092
0.096
0.1
0.104
0.108
0.113
0.117
0.12
0.123
0.126
0.129
0.132
0.134
0.137
0.141
0.144
0.146
0.149
0.151
0.153
0.155
0.155
0.155
0.153
0.15
0.147
0.143
0.139
0.135
0.13
0.126
0.123
0.119
0.117
0.114
0.112
0.11
0.108
0.105
0.103
0.101
0.098
0.095
0.093
0.09
0.089
0.088
0.087
0.085
0.084
0.083
0.082
0.081
0.08
0.079
0.078
0.076
0.074
0.072
0.068
0.065
0.06
0.054
0.046
0.036
0.026
0.018
0.009
0.0
-0.009
-0.018
-0.031
-0.042
-0.045
-0.042
-0.032
-0.015
0.037
0.121
0.231
0.362
0.504
0.644
0.764
0.827
0.829
0.774
0.645
0.483
0.318
0.175
0.063
-0.013
-0.043
-0.05
-0.052
-0.054
-0.055
-0.056
-0.057
-0.059
-0.06
-0.062
-0.064
-0.066
-0.068
-0.069
-0.071
-0.074
-0.078
-0.082
-0.085
-0.089
-0.094
-0.1
-0.104
-0.108
-0.11
-0.111
-0.113
-0.114
-0.114
-0.115
-0.114
-0.114
-0.113
-0.114
-0.115
-0.116
-0.116
-0.116
-0.115
-0.113
-0.11
-0.107
-0.102
-0.097
-0.091
-0.085
-0.079
-0.071
-0.062
-0.054
-0.046
-0.038
-0.03
-0.022
-0.013
-0.003
0.008
0.02
0.03
0.038
0.045
0.051
0.056
0.06
0.063
0.066
0.068
0.071
0.074
0.078
0.086
0.091
0.083
0.067
0.047
0.023
0.004
-0.018
-0.048
-0.077
-0.106
-0.127
-0.14
-0.155
-0.171
-0.179
-0.185
-0.19
-0.194
-0.198
-0.201
-0.203
-0.204
-0.204
-0.202
-0.2
-0.198
-0.194
-0.19
-0.185
-0.18
-0.176
-0.173
-0.17
-0.166
-0.163
-0.158
-0.154
-0.15
-0.146
-0.142
-0.138
-0.133
-0.129
-0.125
-0.122
-0.119
-0.116
-0.114
-0.11
-0.107
-0.103
-0.1
-0.096
-0.092
-0.089
-0.086
-0.082
-0.079
-0.075
-0.071
-0.065
-0.055
-0.045
-0.037
-0.034
-0.033
-0.031
-0.031
-0.031
-0.03
-0.029
-0.027
-0.026
-0.023
-0.02
-0.017
-0.014
-0.011
-0.007
-0.005
-0.003
-0.001
0.0
0.003
0.006
0.011
0.015
0.021
0.025
0.029
0.032
0.034
0.033
0.031
0.028
0.024
0.02
0.014
0.009
0.004
0.0
-0.001
-0.004
-0.006
-0.008
-0.011
-0.013
-0.016
-0.018
-0.021
-0.023
-0.025
-0.026
-0.027
-0.027
-0.025
-0.022
-0.019
-0.016
-0.013
-0.009
-0.005
-0.001
0.002
0.006
0.009
0.013
0.021
0.031
0.037
0.041
0.044
0.045
0.047
0.048
0.05
0.052
0.053
0.054
0.055
0.056
0.058
0.059
0.06
0.061
0.062
0.062
0.062
0.063
0.064
0.065
0.066
0.069
