0.092
0.098
0.105
0.112
0.121
0.134
0.151
0.151
0.129
0.067
-0.049
-0.193
-0.328
-0.403
-0.427
-0.407
-0.349
-0.242
-0.143
-0.08
-0.052
-0.039
-0.03
-0.025
-0.024
-0.027
-0.03
-0.035
-0.042
-0.046
-0.041
-0.028
-0.009
0.021
0.039
0.047
0.052
0.057
0.063
0.068
0.073
0.078
0.088
0.101
0.087
0.063
0.037
0.018
0.005
-0.005
-0.013
-0.021
-0.031
-0.03
-0.015
0.006
0.032
0.049
0.057
0.065
0.075
0.086
0.103
0.122
0.128
0.134
0.139
0.122
0.107
0.096
0.089
0.086
0.089
0.096
0.107
0.126
0.158
0.179
0.193
0.2
0.199
0.194
0.186
0.173
0.15
0.126
0.1
0.074
0.058
0.054
0.051
0.049
0.046
0.045
0.046
0.048
0.052
0.057
0.064
0.074
0.053
0.018
-0.018
-0.054
-0.09
-0.116
-0.133
-0.143
-0.149
-0.156
-0.164
-0.162
-0.141
-0.125
-0.112
-0.101
-0.093
-0.086
-0.079
-0.063
-0.031
-0.007
0.007
0.016
0.016
0.009
-0.004
-0.046
-0.111
-0.189
-0.254
-0.278
-0.279
-0.264
-0.221
-0.164
-0.124
-0.099
-0.086
-0.077
-0.068
-0.06
-0.052
-0.041
-0.023
0.0
0.006
0.012
0.017
-0.009
-0.054
-0.098
-0.122
-0.139
-0.145
-0.137
-0.119
-0.092
-0.053
-0.023
-0.004
0.009
0.02
0.039
0.068
0.087
0.099
0.106
0.106
0.098
0.086
0.072
0.052
0.033
0.02
0.008
0.0
-0.001
0.004
0.011
0.015
0.018
0.022
0.025
0.029
0.033
0.037
0.042
0.047
0.053
0.059
0.066
0.073
0.083
0.102
0.112
0.105
0.09
0.067
0.036
0.008
-0.021
-0.055
-0.083
-0.102
-0.115
-0.095
-0.063
-0.026
-0.002
0.011
0.021
0.027
0.032
0.037
0.043
0.048
0.048
0.04
0.03
0.023
0.016
0.01
0.006
0.005
0.008
0.014
0.021
0.028
0.034
0.042
0.049
0.056
0.06
0.061
0.06
0.057
0.054
0.051
0.05
0.047
0.043
0.039
0.036
0.032
0.03
0.027
0.025
0.024
0.023
0.022
0.023
0.023
0.021
0.016
0.018
0.036
0.084
0.139
0.211
0.291
0.358
0.38
0.355
0.282
0.127
-0.067
-0.259
-0.411
-0.479
-0.501
-0.474
-0.392
-0.295
-0.208
-0.139
-0.097
-0.061
-0.035
-0.015
-0.004
0.003
0.009
0.013
0.017
0.019
0.022
0.024
0.025
0.026
0.028
0.03
0.034
0.04
0.045
0.045
0.04
0.033
0.027
0.021
0.016
0.013
0.017
0.027
0.04
0.058
0.082
0.095
0.101
0.107
0.112
0.116
0.118
0.117
0.112
0.104
0.095
0.087
0.08
0.07
0.06
0.051
0.048
0.051
0.059
0.069
0.08
0.093
0.112
0.129
0.144
0.156
0.167
0.174
0.176
0.172
0.165
0.155
0.138
0.107
0.074
0.04
0.003
-0.022
-0.03
-0.033
-0.036
-0.039
-0.041
-0.043
-0.045
-0.048
-0.05
-0.053
-0.056
-0.06
-0.063
-0.068
-0.08
-0.109
-0.134
-0.152
-0.172
-0.189
-0.204
-0.211
-0.206
-0.194
-0.174
-0.145
-0.117
-0.086
-0.064
-0.051
-0.044
-0.039
-0.036
-0.033
-0.029
-0.026
-0.028
-0.037
-0.049
-0.057
-0.065
-0.072
-0.077
-0.078
-0.077
-0.073
-0.067
-0.059
-0.044
-0.017
-0.005
0.0
0.005
0.009
0.011
0.012
0.012
0.011
0.008
0.003
-0.002
-0.006
-0.012
-0.017
-0.022
-0.028
-0.033
-0.038
-0.042
-0.045
-0.046
-0.047
-0.047
-0.047
-0.048
-0.048
-0.048
-0.048
-0.049
-0.049
-0.05
-0.05
-0.051
-0.051
-0.052
-0.053
-0.054
-0.055
-0.057
-0.058
-0.061
-0.063
-0.066
-0.07
-0.074
-0.079
-0.087
-0.096
-0.103
-0.104
-0.101
-0.095
-0.086
-0.07
-0.04
-0.02
-0.008
-0.001
-0.001
-0.009
-0.021
-0.039
-0.071
-0.099
-0.119
-0.132
-0.143
-0.152
-0.156
-0.147
-0.128
-0.11
-0.09
-0.076
-0.068
-0.057
-0.044
-0.019
0.0
0.015
0.026
0.027
0.02
0.008
-0.009
-0.038
-0.067
-0.094
-0.113
-0.127
-0.128
-0.114
-0.094
-0.065
-0.048
-0.038
-0.03
-0.026
-0.026
-0.027
-0.03
-0.033
-0.035
-0.036
-0.039
-0.041
-0.045
-0.049
-0.054
-0.06
-0.068
-0.075
-0.084
-0.096
-0.105
-0.104
-0.097
-0.085
-0.067
-0.037
0.014
0.066
0.132
0.196
0.23
0.241
0.215
0.134
-0.006
-0.181
-0.355
-0.487
-0.536
-0.528
-0.436
-0.303
-0.187
-0.119
-0.097
-0.082
-0.073
-0.057
-0.024
0.01
0.033
0.036
0.038
0.041
0.042
0.041
0.04
0.04
0.04
0.04
0.04
0.04
0.04
0.04
0.042
0.045
0.05
0.055
0.059
0.062
0.065
0.068
0.071
0.073
0.075
0.077
0.079
0.08
0.082
0.083
0.085
0.087
0.089
0.092
0.096
0.1
0.106
0.116
0.127
0.137
0.148
0.164
0.184
0.198
0.204
0.208
0.212
0.215
0.217
0.218
0.22
0.221
0.221
0.22
0.218
0.215
0.21
0.204
0.196
0.188
0.169
0.137
0.114
0.088
0.063
0.045
0.027
0.016
0.009
0.004
-0.001
-0.009
-0.02
-0.031
-0.043
-0.054
-0.067
-0.079
-0.086
-0.088
-0.09
-0.091
-0.092
-0.093
-0.095
-0.097
-0.1
-0.102
-0.104
-0.104
-0.105
-0.105
-0.106
-0.107
-0.108
-0.108
-0.11
-0.114
-0.119
-0.125
-0.127
-0.127
-0.124
-0.121
-0.12
-0.118
-0.117
-0.115
-0.112
-0.108
-0.104
-0.1
-0.096
-0.093
-0.09
-0.086
-0.082
-0.078
-0.072
-0.06
-0.05
-0.051
-0.062
-0.077
-0.09
-0.106
-0.117
-0.121
-0.124
-0.128
-0.133
-0.136
-0.125
-0.103
-0.087
-0.074
-0.061
-0.05
-0.041
-0.034
-0.027
-0.02
-0.014
-0.008
-0.003
-0.001
-0.002
-0.006
-0.013
-0.021
-0.029
-0.036
-0.047
-0.057
-0.064
-0.065
-0.06
-0.049
-0.034
-0.005
0.025
0.037
0.047
0.045
0.024
0.0
-0.025
-0.049
-0.061
-0.068
-0.075
-0.081
-0.085
-0.087
-0.087
-0.086
-0.082
-0.077
-0.07
-0.063
-0.054
-0.041
-0.017
-0.005
0.0
0.005
0.012
0.015
0.009
0.0
-0.004
-0.006
-0.008
-0.01
-0.011
-0.012
-0.013
-0.015
-0.017
-0.018
-0.019
-0.02
-0.021
-0.021
-0.022
-0.023
-0.023
-0.023
-0.023
-0.022
-0.022
-0.023
-0.023
-0.023
-0.023
-0.024
-0.025
-0.028
-0.032
-0.034
-0.036
-0.037
-0.037
-0.037
-0.036
-0.034
-0.03
-0.024
-0.018
-0.011
-0.004
0.01
0.047
0.116
0.198
0.287
0.381
0.413
0.389
0.318
0.132
-0.104
-0.332
-0.499
-0.552
-0.544
-0.457
-0.328
-0.208
-0.122
-0.055
-0.032
-0.026
-0.024
-0.022
-0.021
-0.019
-0.018
-0.016
-0.014
-0.011
-0.007
-0.001
0.005
0.012
0.024
0.046
0.065
0.081
0.094
0.107
0.119
0.131
0.143
0.15
0.141
0.122
0.104
0.084
0.067
0.052
0.038
0.023
0.017
0.026
0.046
0.078
0.118
0.145
0.165
0.186
0.211
0.256
0.292
0.312
0.327
0.333
0.331
0.325
0.314
0.297
0.264
0.241
0.225
0.218
0.228
0.246
0.256
0.264
0.272
0.279
0.284
0.287
0.287
0.285
0.282
0.278
0.271
0.263
0.248
0.213
0.173
0.13
0.082
0.03
-0.005
-0.028
-0.041
-0.04
-0.024
-0.002
0.019
0.043
0.061
0.069
0.075
0.081
0.086
0.094
0.107
0.127
0.165
0.2
0.216
0.228
0.2
0.114
0.046
0.022
0.014
0.029
0.054
0.065
0.072
0.077
0.08
0.084
0.089
0.093
0.096
0.099
0.103
0.105
0.107
0.108
0.107
0.105
0.102
0.099
0.095
0.091
0.087
0.084
0.08
0.076
0.072
0.068
0.064
0.061
0.059
0.057
0.055
0.054
0.052
0.049
0.047
0.044
0.041
0.037
0.032
0.027
0.022
0.019
0.015
0.012
0.008
0.003
-0.002
-0.007
-0.012
-0.017
-0.024
-0.034
-0.044
-0.053
-0.059
-0.061
-0.06
-0.057
-0.054
-0.05
-0.046
-0.041
-0.031
-0.022
-0.021
-0.03
-0.046
-0.072
-0.111
-0.148
-0.177
-0.194
-0.207
-0.206
-0.185
-0.167
-0.151
-0.138
-0.129
-0.123
-0.118
-0.113
-0.108
-0.104
-0.103
-0.107
-0.114
-0.122
-0.134
-0.152
-0.161
-0.167
-0.172
-0.175
-0.177
-0.172
-0.161
-0.148
-0.135
-0.12
-0.108
-0.101
-0.096
-0.09
-0.085
-0.081
-0.078
-0.079
-0.086
-0.095
-0.105
-0.111
-0.117
-0.122
-0.127
-0.132
-0.136
-0.139
-0.141
-0.141
-0.139
-0.137
-0.134
-0.13
-0.126
-0.12
-0.114
-0.104
-0.093
-0.082
-0.069
-0.046
-0.013
0.037
0.1
0.17
0.194
0.215
0.164
0.048
-0.118
-0.308
-0.477
-0.575
-0.589
-0.558
-0.46
-0.347
-0.242
-0.159
-0.131
-0.119
-0.111
-0.125
-0.14
-0.151
-0.155
-0.147
-0.131
-0.112
-0.09
-0.07
-0.053
-0.039
-0.029
-0.021
-0.014
-0.008
-0.003
-0.001
-0.004
-0.011
-0.019
-0.025
-0.033
-0.04
-0.044
-0.044
-0.036
-0.025
-0.013
-0.003
0.006
0.017
0.025
0.031
0.037
0.042
0.046
0.05
0.053
0.058
0.063
0.067
0.071
0.074
0.079
0.085
0.099
0.131
0.161
0.181
0.185
0.189
0.192
0.194
0.196
0.194
0.187
0.18
0.173
0.167
0.16
0.151
0.142
0.129
0.106
0.074
0.051
0.034
0.015
0.0
-0.013
-0.025
-0.035
-0.046
-0.057
-0.07
-0.083
-0.091
-0.097
-0.103
-0.107
-0.11
-0.11
-0.109
-0.106
-0.103
-0.101
-0.1
-0.1
-0.1
-0.1
-0.099
-0.099
-0.099
-0.098
-0.098
-0.097
-0.096
-0.095
-0.094
-0.093
-0.093
-0.093
-0.093
-0.093
-0.093
-0.094
-0.096
-0.096
-0.097
-0.097
-0.097
-0.097
-0.097
-0.097
-0.097
-0.096
-0.095
-0.094
-0.094
-0.095
-0.098
-0.102
-0.104
-0.104
-0.102
-0.099
-0.098
-0.096
-0.094
-0.091
-0.089
-0.087
-0.086
-0.085
-0.085
-0.086
-0.087
-0.089
-0.092
-0.096
-0.1
-0.104
-0.108
-0.116
-0.13
-0.138
-0.143
-0.146
-0.149
-0.15
-0.147
-0.14
-0.13
-0.112
-0.084
-0.063
-0.048
-0.031
