0.245
0.263
0.289
0.319
0.332
0.338
0.344
0.348
0.353
0.355
0.357
0.357
0.357
0.356
0.355
0.352
0.347
0.341
0.335
0.327
0.31
0.273
0.234
0.201
0.179
0.162
0.145
0.124
0.096
0.077
0.066
0.059
0.054
0.051
0.049
0.047
0.045
0.044
0.042
0.04
0.037
0.033
0.03
0.027
0.026
0.024
0.022
0.018
0.014
0.011
0.008
0.008
0.009
0.01
0.011
0.011
0.012
0.013
0.015
0.016
0.017
0.017
0.019
0.021
0.022
0.022
0.019
0.014
0.01
0.005
-0.003
-0.009
-0.004
0.007
0.026
0.049
0.059
0.065
0.07
0.073
0.073
0.072
0.068
0.063
0.057
0.05
0.04
0.029
0.019
0.009
0.0
-0.011
-0.024
-0.039
-0.048
-0.055
-0.061
-0.066
-0.072
-0.078
-0.085
-0.093
-0.101
-0.113
-0.131
-0.144
-0.152
-0.165
-0.186
-0.208
-0.221
-0.204
-0.153
-0.031
0.121
0.267
0.411
0.542
0.638
0.678
0.674
0.618
0.491
0.323
0.139
-0.036
-0.166
-0.252
-0.309
-0.328
-0.317
-0.297
-0.273
-0.246
-0.227
-0.219
-0.215
-0.212
-0.213
-0.221
-0.232
-0.241
-0.25
-0.259
-0.264
-0.268
-0.272
-0.282
-0.277
-0.248
-0.223
-0.209
-0.203
-0.199
-0.195
-0.191
-0.186
-0.181
-0.176
-0.17
-0.162
-0.151
-0.139
-0.125
-0.112
-0.1
-0.088
-0.079
-0.071
-0.062
-0.053
-0.042
-0.029
-0.018
-0.009
-0.002
0.0
-0.002
-0.01
-0.018
-0.026
-0.035
-0.045
-0.055
-0.068
-0.092
-0.124
-0.144
-0.157
-0.171
-0.183
-0.204
-0.231
-0.247
-0.256
-0.263
-0.27
-0.277
-0.284
-0.292
-0.302
-0.307
-0.301
-0.29
-0.279
-0.267
-0.255
-0.243
-0.221
-0.202
-0.193
-0.187
-0.208
-0.225
-0.234
-0.242
-0.247
-0.249
-0.249
-0.246
-0.242
-0.237
-0.23
-0.215
-0.191
-0.18
-0.175
-0.171
-0.168
-0.166
-0.165
-0.165
-0.166
-0.169
-0.173
-0.178
-0.187
-0.199
-0.178
-0.158
-0.144
-0.135
-0.128
-0.123
-0.115
-0.106
-0.096
-0.087
-0.082
-0.078
-0.075
-0.073
-0.071
-0.069
-0.067
-0.066
-0.065
-0.065
-0.064
-0.064
-0.063
-0.062
-0.06
-0.057
-0.06
-0.078
-0.091
-0.103
-0.113
-0.118
-0.121
-0.123
-0.125
-0.128
-0.13
-0.132
-0.132
-0.13
-0.125
-0.116
-0.102
-0.054
0.051
0.213
0.421
0.664
0.907
1.083
1.128
1.023
0.788
0.475
0.163
-0.079
-0.222
-0.305
-0.315
-0.285
-0.226
-0.173
-0.113
-0.064
-0.047
-0.063
-0.083
-0.1
-0.103
-0.105
-0.107
-0.108
-0.107
-0.099
-0.09
-0.083
-0.078
-0.072
-0.065
-0.058
-0.051
-0.044
-0.037
-0.03
-0.023
-0.014
-0.005
0.004
0.014
0.023
0.032
0.039
0.043
0.047
0.051
0.056
0.063
0.07
0.08
0.092
0.112
0.141
0.16
0.172
0.181
0.189
0.196
0.204
0.208
0.202
0.187
0.17
0.15
0.138
0.121
0.098
0.072
0.046
0.031
0.023
0.016
0.007
-0.002
-0.012
-0.027
-0.048
-0.068
-0.076
-0.081
-0.084
-0.087
-0.089
-0.091
-0.092
-0.093
-0.094
-0.095
-0.096
-0.097
-0.098
-0.099
-0.1
-0.102
-0.103
-0.105
-0.108
-0.11
-0.112
-0.113
-0.115
-0.116
-0.117
-0.118
-0.12
-0.121
-0.123
-0.125
-0.127
-0.129
-0.131
-0.131
-0.132
-0.131
-0.13
-0.129
-0.127
-0.125
-0.123
-0.122
-0.121
-0.119
-0.118
-0.117
-0.117
-0.117
-0.117
-0.118
-0.119
-0.118
-0.117
-0.116
-0.115
-0.113
-0.115
-0.132
-0.142
-0.149
-0.156
-0.162
-0.165
-0.166
-0.163
-0.159
-0.153
-0.145
-0.135
-0.119
-0.119
-0.135
-0.152
-0.17
-0.183
-0.195
-0.207
-0.224
-0.251
-0.271
-0.278
-0.282
-0.284
-0.286
-0.287
-0.288
-0.288
-0.288
-0.287
-0.284
-0.281
-0.276
-0.268
-0.24
-0.158
-0.017
0.182
0.428
0.685
0.894
0.99
0.929
0.71
0.383
0.027
-0.27
-0.456
-0.512
-0.513
-0.46
-0.4
-0.355
-0.329
-0.316
-0.31
-0.306
-0.303
-0.3
-0.295
-0.29
-0.285
-0.28
-0.273
-0.261
-0.242
-0.229
-0.217
-0.205
-0.184
-0.17
-0.161
-0.153
-0.145
-0.138
-0.133
-0.128
-0.12
-0.11
-0.099
-0.086
-0.074
-0.061
-0.05
-0.04
-0.022
0.003
0.021
0.031
0.04
0.052
0.065
0.09
0.125
0.159
0.187
0.199
0.206
0.211
0.214
0.216
0.214
0.211
0.205
0.197
0.183
0.155
0.135
0.124
0.114
0.101
0.089
0.079
0.07
0.062
0.056
0.052
0.05
0.048
0.046
0.045
0.042
0.039
0.037
0.037
0.04
0.045
0.051
0.055
0.06
0.064
0.068
0.073
0.077
0.08
0.082
0.084
0.086
0.087
0.088
0.088
0.088
0.089
0.089
0.088
0.088
0.087
0.086
0.085
0.084
0.083
0.082
0.081
0.08
0.079
0.076
0.071
0.082
0.092
0.098
0.105
0.115
0.126
0.134
0.142
0.15
0.156
0.161
0.164
0.166
0.168
0.171
0.174
0.179
0.186
0.195
0.202
0.209
0.215
0.218
0.218
0.215
0.211
0.206
0.202
0.199
0.195
0.193
0.191
0.192
0.195
0.2
0.206
0.218
0.241
0.255
0.263
0.269
0.272
0.271
0.267
0.261
0.251
0.23
0.205
0.189
0.184
0.181
0.179
0.176
0.174
0.172
0.17
0.167
0.165
0.161
0.158
0.153
0.145
0.142
0.146
0.158
0.192
0.264
0.369
0.523
0.723
0.955
1.167
1.321
1.375
1.292
1.075
0.765
0.437
0.155
-0.049
-0.105
-0.104
-0.041
0.039
0.127
0.163
0.175
0.164
0.129
0.101
0.093
0.088
0.085
0.081
0.076
0.072
0.068
0.061
0.047
0.02
0.007
0.001
-0.002
-0.005
-0.008
-0.01
-0.011
-0.012
-0.013
-0.012
-0.01
-0.006
-0.002
0.002
0.007
0.014
0.027
0.037
0.044
0.055
0.075
0.103
0.124
0.135
0.142
0.149
0.158
0.166
0.172
0.177
0.182
0.186
0.188
0.187
0.184
0.179
0.172
0.16
0.136
0.107
0.084
0.07
0.063
0.056
0.048
0.039
0.03
0.019
0.01
0.002
-0.005
-0.016
-0.031
-0.041
-0.047
-0.052
-0.057
-0.062
-0.067
-0.07
-0.075
-0.081
-0.092
-0.102
-0.11
-0.115
-0.118
-0.12
-0.123
-0.126
-0.13
-0.133
-0.136
-0.138
-0.141
-0.144
-0.15
-0.157
-0.165
-0.173
-0.178
-0.182
-0.186
-0.19
-0.195
-0.198
-0.201
-0.204
-0.207
-0.21
-0.214
-0.218
-0.223
-0.227
-0.231
-0.235
-0.24
-0.245
-0.251
-0.256
-0.261
-0.265
-0.268
-0.271
-0.275
-0.278
-0.281
-0.283
-0.284
-0.283
-0.283
-0.282
-0.28
-0.278
-0.275
-0.27
-0.267
-0.27
-0.276
-0.282
-0.287
-0.291
-0.29
-0.284
-0.275
-0.266
-0.257
-0.245
-0.231
-0.214
-0.196
-0.191
-0.189
-0.188
-0.186
-0.186
-0.185
-0.186
-0.188
-0.193
-0.198
-0.203
-0.206
-0.21
-0.214
-0.217
-0.221
-0.223
-0.225
-0.226
-0.227
-0.227
-0.227
-0.225
-0.223
-0.219
-0.215
-0.21
-0.203
-0.174
-0.124
-0.044
0.075
0.243
0.465
0.715
0.955
1.135
1.194
1.095
0.841
0.486
0.12
-0.173
-0.347
-0.394
-0.354
-0.287
-0.209
-0.153
-0.121
-0.1
-0.087
-0.075
-0.064
-0.053
-0.042
-0.031
-0.021
-0.012
-0.004
0.001
0.001
-0.002
-0.007
-0.01
-0.013
-0.016
-0.019
-0.021
-0.018
-0.011
-0.003
0.005
0.013
0.023
0.032
0.041
0.048
0.053
0.059
0.072
0.093
0.115
0.137
0.161
0.181
0.2
0.214
