-0.325
-0.325
-0.326
-0.327
-0.328
-0.329
-0.33
-0.331
-0.333
-0.334
-0.334
-0.334
-0.333
-0.332
-0.33
-0.329
-0.329
-0.328
-0.328
-0.327
-0.325
-0.324
-0.321
-0.318
-0.315
-0.31
-0.304
-0.298
-0.291
-0.286
-0.281
-0.276
-0.27
-0.264
-0.255
-0.24
-0.222
-0.208
-0.198
-0.189
-0.18
-0.172
-0.167
-0.161
-0.157
-0.154
-0.154
-0.156
-0.16
-0.165
-0.169
-0.171
-0.172
-0.173
-0.173
-0.175
-0.176
-0.179
-0.181
-0.184
-0.187
-0.189
-0.191
-0.192
-0.193
-0.195
-0.196
-0.198
-0.2
-0.203
-0.207
-0.211
-0.215
-0.22
-0.223
-0.226
-0.226
-0.226
-0.224
-0.218
-0.211
-0.201
-0.166
-0.064
0.082
0.268
0.477
0.677
0.816
0.831
0.769
0.532
0.186
-0.2
-0.538
-0.761
-0.832
-0.829
-0.742
-0.614
-0.491
-0.393
-0.324
-0.301
-0.293
-0.289
-0.286
-0.281
-0.276
-0.271
-0.265
-0.256
-0.24
-0.225
-0.213
-0.204
-0.199
-0.198
-0.199
-0.199
-0.2
-0.2
-0.201
-0.202
-0.201
-0.199
-0.194
-0.187
-0.175
-0.146
-0.122
-0.106
-0.093
-0.083
-0.066
-0.042
-0.017
0.01
0.031
0.041
0.049
0.057
0.063
0.07
0.078
0.09
0.102
0.116
0.132
0.15
0.166
0.183
0.199
0.214
0.225
0.235
0.24
0.232
0.214
0.193
0.168
0.15
0.126
0.095
0.062
0.03
0.009
-0.004
-0.016
-0.027
-0.045
-0.073
-0.096
-0.11
-0.122
-0.132
-0.15
-0.172
-0.185
-0.192
-0.197
-0.199
-0.2
-0.2
-0.201
-0.201
-0.202
-0.202
-0.202
-0.202
-0.201
-0.199
-0.195
-0.19
-0.184
-0.175
-0.168
-0.162
-0.158
-0.154
-0.149
-0.141
-0.13
-0.12
-0.108
-0.099
-0.092
-0.083
-0.074
-0.066
-0.058
-0.051
-0.05
-0.054
-0.058
-0.062
-0.061
-0.051
-0.042
-0.034
-0.025
-0.014
0.001
0.025
0.039
0.047
0.053
0.059
0.065
0.071
0.081
0.094
0.099
0.102
0.104
0.106
0.107
0.109
0.11
0.113
0.117
0.121
0.126
0.135
0.148
0.151
0.153
0.155
0.153
0.137
0.127
0.12
0.114
0.109
0.106
0.103
0.101
0.098
0.094
0.087
0.068
0.057
0.053
0.05
0.047
0.045
0.043
0.041
0.038
0.036
0.033
0.03
0.027
0.024
0.02
0.015
0.009
0.004
0.0
-0.002
-0.006
-0.015
-0.033
-0.046
-0.054
-0.059
-0.06
-0.058
-0.052
-0.045
-0.036
-0.023
-0.01
0.007
0.029
0.063
0.117
0.202
0.327
0.493
0.692
0.891
1.042
1.092
1.0
0.76
0.412
0.035
-0.287
-0.495
-0.553
-0.549
-0.476
-0.381
-0.303
-0.254
-0.229
-0.207
-0.184
-0.158
-0.137
-0.126
-0.12
-0.116
-0.113
-0.109
-0.105
-0.1
-0.094
-0.084
-0.067
-0.052
-0.042
-0.036
-0.031
-0.026
-0.021
-0.016
-0.011
-0.005
0.002
0.011
0.02
0.03
0.039
0.047
0.054
0.063
0.071
0.08
0.09
0.102
0.116
0.127
0.141
0.159
0.173
0.184
0.195
0.209
0.227
0.244
0.256
0.262
0.266
0.27
0.272
0.273
0.271
0.265
0.257
0.249
0.239
0.23
0.222
0.212
0.2
0.184
0.161
0.135
0.11
0.085
0.06
0.036
0.0
-0.037
-0.061
-0.083
-0.099
-0.113
-0.12
-0.125
-0.129
-0.132
-0.134
-0.136
-0.138
-0.139
-0.14
-0.142
-0.143
-0.145
-0.147
-0.151
-0.154
-0.154
-0.149
-0.144
-0.141
-0.138
-0.134
-0.13
-0.128
-0.126
-0.126
-0.125
-0.125
-0.125
-0.125
-0.126
-0.128
-0.13
-0.131
-0.131
-0.129
-0.126
-0.124
-0.121
-0.119
-0.116
-0.114
-0.112
-0.111
-0.11
-0.11
-0.109
-0.108
-0.106
-0.105
-0.105
-0.106
-0.107
-0.108
-0.108
-0.108
-0.108
-0.108
-0.105
-0.1
-0.094
-0.091
-0.088
-0.085
-0.082
-0.079
-0.076
-0.072
-0.069
-0.066
-0.063
-0.06
-0.056
-0.052
-0.047
-0.038
-0.02
-0.006
0.003
0.011
0.017
0.016
0.01
0.0
-0.012
-0.028
-0.041
-0.047
-0.049
-0.052
-0.054
-0.057
-0.059
-0.062
-0.063
-0.064
-0.064
-0.064
-0.063
-0.061
-0.058
-0.055
-0.053
-0.05
-0.048
-0.047
-0.046
-0.044
-0.042
-0.04
-0.037
-0.035
-0.032
-0.029
-0.027
-0.023
-0.02
-0.017
-0.011
0.01
0.082
0.195
0.349
0.536
0.727
0.886
0.948
0.929
0.77
0.459
0.076
-0.29
-0.566
-0.669
-0.667
-0.556
-0.403
-0.274
-0.192
-0.151
-0.135
-0.122
-0.11
-0.097
-0.08
-0.071
-0.066
-0.063
-0.061
-0.059
-0.057
-0.056
-0.054
-0.052
-0.049
-0.047
-0.045
-0.044
-0.043
-0.042
-0.04
-0.037
-0.033
-0.025
-0.007
0.01
0.024
0.034
0.044
0.054
0.065
0.079
0.098
0.113
0.132
0.155
0.175
0.2
0.224
0.242
0.256
0.267
0.275
0.283
0.291
0.301
0.313
0.33
0.348
0.36
0.369
0.376
0.379
0.377
0.371
0.363
0.349
0.323
0.294
0.262
0.228
0.197
0.171
0.142
0.114
0.081
0.043
0.007
-0.013
-0.024
-0.032
-0.039
-0.045
-0.05
-0.055
-0.06
-0.066
-0.072
-0.079
-0.088
-0.096
-0.101
-0.105
-0.109
-0.113
-0.116
-0.119
-0.121
-0.123
-0.124
-0.125
-0.124
-0.122
-0.118
-0.114
-0.109
-0.104
-0.099
-0.094
-0.089
-0.085
-0.079
-0.068
-0.056
-0.048
-0.047
-0.051
-0.057
-0.062
-0.065
-0.068
-0.07
-0.074
-0.077
-0.08
-0.083
-0.086
-0.088
-0.09
-0.091
-0.092
-0.092
-0.091
-0.09
-0.089
-0.088
-0.086
-0.084
-0.082
-0.08
-0.078
-0.076
-0.073
-0.07
-0.068
-0.065
-0.063
-0.06
-0.057
-0.053
-0.047
-0.042
-0.036
-0.032
-0.028
-0.024
-0.021
-0.019
-0.017
-0.015
-0.013
-0.01
-0.006
-0.002
0.0
0.002
0.0
-0.006
-0.014
-0.021
-0.026
-0.031
-0.036
-0.041
-0.046
-0.05
-0.053
-0.054
-0.055
-0.054
-0.053
-0.052
-0.05
-0.048
-0.046
-0.044
-0.043
-0.042
-0.041
-0.04
-0.038
-0.035
-0.032
-0.029
-0.026
-0.024
-0.022
-0.021
-0.018
-0.015
-0.012
0.002
0.055
0.133
0.238
0.372
0.531
0.701
0.85
0.933
0.932
0.845
0.618
0.306
-0.024
-0.312
-0.508
-0.571
-0.57
-0.507
-0.408
-0.304
-0.215
-0.143
-0.082
-0.026
-0.011
-0.009
-0.008
-0.007
-0.006
-0.005
-0.006
-0.007
-0.008
-0.01
-0.011
-0.012
-0.014
-0.016
-0.019
-0.02
-0.019
-0.016
-0.01
-0.002
0.006
0.019
0.041
0.059
0.072
0.08
0.088
0.097
0.105
0.113
0.121
0.131
0.141
0.152
0.164
0.186
0.223
0.249
0.262
0.273
0.284
0.296
0.307
0.319
0.331
0.343
0.35
0.355
0.359
0.365
0.372
0.376
0.367
0.349
0.327
0.301
0.283
0.26
0.229
0.198
0.163
0.123
0.089
0.061
0.026
0.001
-0.011
-0.019
-0.026
-0.03
-0.034
-0.037
-0.039
-0.041
-0.043
-0.046
-0.053
-0.061
-0.068
-0.072
-0.076
-0.081
-0.085
-0.088
-0.088
-0.083
-0.076
-0.067
-0.061
-0.057
-0.052
-0.046
-0.04
-0.035
-0.032
-0.032
-0.034
-0.037
-0.039
-0.041
-0.043
-0.046
-0.05
-0.056
-0.06
-0.063
-0.063
-0.062
-0.06
-0.059
-0.057
-0.056
-0.052
-0.047
-0.047
-0.055
-0.068
-0.08
-0.094
-0.103
-0.105
-0.106
-0.108
-0.111
-0.114
-0.108
-0.097
-0.088
-0.081
-0.074
-0.07
-0.07
-0.073
-0.078
-0.082
-0.086
-0.09
-0.095
-0.098
-0.1
-0.1
-0.097
-0.094
-0.088
-0.081
-0.071
-0.052
-0.032
-0.015
-0.001
0.005
-0.002
-0.016
-0.029
-0.041
-0.051
-0.059
-0.064
-0.067
-0.07
-0.072
-0.075
-0.078
-0.082
-0.086
-0.09
-0.094
-0.099
-0.103
-0.106
-0.108
-0.108
-0.109
-0.11
-0.113
-0.115
-0.119
-0.122
-0.125
-0.129
-0.131
-0.132
-0.132
-0.131
-0.13
-0.128
-0.126
-0.123
-0.12
-0.114
-0.108
-0.103
-0.092
-0.06
0.011
0.116
0.267
0.461
0.683
0.894
1.022
1.027
0.917
0.629
0.245
-0.144
-0.45
-0.628
-0.657
-0.646
-0.56
-0.474
-0.4
-0.336
-0.274
-0.215
-0.171
-0.16
-0.153
-0.148
-0.143
-0.139
-0.135
-0.131
-0.128
-0.124
-0.12
-0.111
-0.094
-0.079
-0.072
-0.068
-0.064
-0.061
-0.058
-0.055
-0.051
-0.047
-0.043
-0.039
-0.035
-0.03
-0.023
-0.011
0.01
0.027
0.044
0.061
0.081
0.109
0.141
0.171
0.202
0.232
0.264
0.293
0.314
0.324
0.329
0.333
0.336
0.338
0.339
0.341
0.342
0.342
0.341
0.34
0.338
0.334
0.33
0.324
0.318
0.304
0.274
0.25
0.233
0.216
0.194
0.164
0.133
0.102
0.074
0.044
0.019
0.001
-0.014
-0.028
-0.04
-0.048
-0.055
-0.059
-0.063
-0.066
-0.068
-0.069
-0.064
-0.057
-0.05
-0.043
-0.035
-0.028
-0.023
-0.022
-0.022
-0.023
-0.024
-0.024
-0.025
-0.025
-0.025
-0.024
-0.024
-0.025
-0.026
-0.027
-0.028
-0.029
-0.028
-0.028
-0.027
-0.026
-0.026
-0.024
-0.023
-0.022
-0.022
-0.023
-0.024
-0.026
-0.028
-0.029
-0.031
-0.033
-0.035
-0.036
-0.036
-0.036
-0.036
-0.036
-0.038
-0.04
-0.046
-0.052
-0.053
-0.046
-0.036
-0.029
-0.02
-0.013
-0.01
-0.012
-0.016
-0.021
-0.025
-0.032
-0.037
-0.037
-0.029
-0.018
-0.007
0.007
0.019
0.03
0.037
0.042
0.047
0.052
0.055
0.057
0.056
0.052
0.047
0.042
0.035
0.029
0.021
0.011
0.0
-0.007
-0.013
-0.017
-0.022
-0.027
-0.032
-0.036
-0.038
-0.037
-0.031
-0.023
-0.013
-0.005
0.001
0.01
0.019
0.027
0.032
0.033
0.03
0.026
0.021
0.016
0.011
0.004
-0.001
-0.006
-0.007
-0.003
0.005
0.017
0.057
0.111
0.189
0.298
0.443
0.619
0.814
0.993
1.099
1.1
0.996
0.726
0.36
-0.02
-0.331
-0.52
-0.555
-0.545
-0.46
-0.363
-0.268
-0.184
-0.113
-0.05
-0.007
0.017
0.029
0.039
0.046
0.049
0.05
0.049
0.046
0.041
0.035
0.028
0.017
-0.001
-0.015
-0.025
-0.033
-0.039
-0.04
-0.033
-0.02
