-0.107
-0.107
-0.107
-0.107
-0.106
-0.106
-0.106
-0.107
-0.107
-0.107
-0.107
-0.106
-0.106
-0.105
-0.104
-0.104
-0.103
-0.102
-0.1
-0.099
-0.098
-0.097
-0.096
-0.095
-0.094
-0.092
-0.089
-0.085
-0.082
-0.08
-0.079
-0.077
-0.075
-0.074
-0.073
-0.072
-0.072
-0.071
-0.071
-0.071
-0.072
-0.072
-0.073
-0.074
-0.075
-0.077
-0.078
-0.08
-0.081
-0.083
-0.085
-0.087
-0.088
-0.09
-0.092
-0.093
-0.095
-0.096
-0.098
-0.099
-0.099
-0.1
-0.101
-0.101
-0.101
-0.102
-0.102
-0.102
-0.103
-0.104
-0.105
-0.106
-0.107
-0.109
-0.11
-0.111
-0.113
-0.114
-0.115
-0.117
-0.118
-0.12
-0.123
-0.126
-0.132
-0.14
-0.147
-0.153
-0.158
-0.164
-0.177
-0.2
-0.225
-0.251
-0.272
-0.286
-0.285
-0.264
-0.208
-0.121
-0.03
0.051
0.116
0.163
0.179
0.172
0.149
0.075
-0.026
-0.134
-0.227
-0.305
-0.381
-0.469
-0.574
-0.69
-0.8
-0.891
-0.954
-0.975
-0.966
-0.941
-0.865
-0.769
-0.669
-0.576
-0.485
-0.399
-0.323
-0.262
-0.215
-0.175
-0.15
-0.133
-0.124
-0.115
-0.104
-0.092
-0.087
-0.083
-0.079
-0.076
-0.074
-0.072
-0.071
-0.069
-0.068
-0.066
-0.065
-0.063
-0.062
-0.06
-0.06
-0.059
-0.058
-0.057
-0.057
-0.056
-0.055
-0.053
-0.05
-0.046
-0.042
-0.039
-0.035
-0.03
-0.025
-0.02
-0.014
-0.008
-0.002
0.004
0.011
0.022
0.037
0.051
0.064
0.078
0.095
0.109
0.121
0.132
0.141
0.152
0.166
0.18
0.192
0.2
0.209
0.218
0.227
0.234
0.241
0.247
0.251
0.252
0.253
0.253
0.254
0.255
0.256
0.257
0.253
0.244
0.235
0.223
0.212
0.2
0.189
0.178
0.165
0.148
0.131
0.113
0.093
0.075
0.06
0.05
0.041
0.036
0.032
0.029
0.027
0.026
0.026
0.028
0.031
0.035
0.04
0.046
0.055
0.064
0.073
0.083
0.094
0.105
0.114
0.121
0.125
0.126
0.126
0.126
0.126
0.125
0.125
0.125
0.126
0.125
0.124
0.122
0.119
0.115
0.112
0.108
0.103
0.098
0.092
0.085
0.08
0.076
0.072
0.068
0.065
0.062
0.059
0.057
0.055
0.053
0.051
0.049
0.046
0.044
0.041
0.039
0.036
0.031
0.026
0.017
0.008
0.0
-0.009
-0.018
-0.026
-0.032
-0.035
-0.037
-0.039
-0.041
-0.042
-0.043
-0.045
-0.046
-0.048
-0.05
-0.052
-0.054
-0.057
-0.06
-0.063
-0.067
-0.074
-0.081
-0.088
-0.094
-0.097
-0.099
-0.102
-0.104
-0.106
-0.107
-0.108
-0.109
-0.11
-0.11
-0.11
-0.11
-0.109
-0.107
-0.106
-0.104
-0.103
-0.102
-0.101
-0.1
-0.099
-0.098
-0.098
-0.097
-0.097
-0.096
-0.095
-0.095
-0.095
-0.097
-0.099
-0.1
-0.102
-0.104
-0.105
-0.107
-0.109
-0.11
-0.111
-0.112
-0.112
-0.112
-0.111
-0.11
-0.108
-0.106
-0.103
-0.1
-0.096
-0.093
-0.09
-0.088
-0.086
-0.085
-0.084
-0.083
-0.082
-0.082
-0.081
-0.081
-0.08
-0.079
-0.079
-0.078
-0.078
-0.078
-0.078
-0.078
-0.078
-0.079
-0.079
-0.08
-0.081
-0.082
-0.083
-0.083
-0.083
-0.082
-0.082
-0.081
-0.08
-0.078
-0.077
-0.076
-0.075
-0.073
-0.072
-0.071
-0.069
-0.067
-0.065
-0.06
-0.055
-0.049
-0.044
-0.04
-0.037
-0.035
-0.032
-0.03
-0.027
-0.024
-0.022
-0.022
-0.025
-0.031
-0.04
-0.054
-0.079
-0.098
-0.111
-0.111
-0.094
-0.048
0.038
0.136
0.233
0.318
0.385
0.426
0.43
0.41
0.343
0.25
0.15
0.064
-0.001
-0.059
-0.127
-0.211
-0.309
-0.409
-0.499
-0.565
-0.597
-0.608
-0.594
-0.552
-0.482
-0.405
-0.333
-0.261
-0.186
-0.109
-0.036
0.023
0.069
0.106
0.116
0.117
0.118
0.118
0.118
0.118
0.118
0.118
0.118
0.116
0.113
0.111
0.107
0.103
0.099
0.095
0.091
0.087
0.084
0.081
0.079
0.077
0.075
0.073
0.071
0.069
0.068
0.066
0.065
0.065
0.065
0.065
0.065
0.066
0.067
0.069
0.071
0.073
0.076
0.078
0.08
0.083
0.086
0.09
0.092
0.095
0.096
0.097
0.098
0.098
0.097
0.096
0.095
0.094
0.092
0.091
0.09
0.089
0.087
0.086
0.084
0.081
0.078
0.075
0.072
0.069
0.065
0.061
0.055
0.047
0.033
0.018
0.005
-0.005
-0.015
-0.026
-0.039
-0.054
-0.068
-0.082
-0.096
-0.11
-0.123
-0.137
-0.149
-0.156
-0.16
-0.163
-0.166
-0.168
-0.169
-0.17
-0.169
-0.168
-0.166
-0.163
-0.159
-0.154
-0.148
-0.142
-0.132
-0.122
-0.115
-0.108
-0.104
-0.101
-0.098
-0.096
-0.094
-0.091
-0.089
-0.086
-0.083
-0.08
-0.076
-0.073
-0.069
-0.066
-0.062
-0.057
-0.053
-0.049
-0.046
-0.043
-0.04
-0.038
-0.036
-0.035
-0.034
-0.033
-0.033
-0.033
-0.032
-0.032
-0.032
-0.032
-0.032
-0.032
-0.031
-0.03
-0.029
-0.028
-0.026
-0.024
-0.022
-0.02
-0.018
-0.016
-0.014
-0.012
-0.009
-0.007
-0.005
-0.003
-0.001
0.0
0.001
0.003
0.005
0.006
0.007
0.009
0.01
0.011
0.012
0.012
0.013
0.013
0.013
0.013
0.013
0.013
0.013
0.013
0.013
0.013
0.014
0.015
0.016
0.016
0.017
0.018
0.018
0.019
0.02
0.02
0.021
0.021
0.022
0.024
0.027
0.03
0.033
0.037
0.042
0.047
0.052
0.057
0.061
0.065
0.067
0.069
0.071
0.073
0.075
0.078
0.08
0.082
0.084
0.086
0.088
0.09
0.09
0.091
0.09
0.09
0.088
0.087
0.086
0.085
0.085
0.084
0.084
0.084
0.085
0.085
0.086
0.086
0.086
0.086
0.086
0.086
0.086
0.087
0.088
0.089
0.091
0.093
0.094
0.093
0.089
0.084
0.078
0.072
0.064
0.055
0.047
0.037
0.02
-0.004
-0.029
-0.05
-0.066
-0.076
-0.061
-0.017
0.063
0.155
0.241
0.312
0.365
0.39
0.399
0.381
0.33
0.24
0.133
0.031
-0.05
-0.121
-0.196
-0.286
-0.391
-0.5
-0.597
-0.67
-0.699
-0.709
-0.69
-0.634
-0.547
-0.451
-0.362
-0.278
-0.199
-0.126
-0.064
-0.02
0.005
0.022
0.033
0.038
0.039
0.04
0.041
0.041
0.042
0.042
0.042
0.042
0.042
0.04
0.037
0.032
0.027
0.023
0.019
0.014
0.01
0.005
0.001
-0.001
-0.003
-0.004
-0.004
-0.004
-0.004
-0.003
-0.003
-0.002
-0.002
-0.001
-0.001
-0.001
-0.001
-0.001
0.0
0.0
0.001
0.002
0.005
0.008
0.011
0.015
0.018
0.022
0.025
0.029
0.032
0.036
0.039
0.042
0.046
0.049
0.052
0.054
0.057
0.06
0.063
0.066
0.068
0.07
0.071
0.071
0.071
0.071
0.069
0.067
0.064
0.061
0.057
0.051
0.042
0.032
0.023
0.007
-0.011
-0.028
-0.045
-0.062
-0.079
-0.096
-0.114
-0.129
-0.14
-0.155
-0.161
-0.164
-0.167
-0.17
-0.172
-0.175
-0.177
-0.178
-0.179
-0.18
-0.18
-0.18
-0.179
-0.178
-0.176
-0.175
-0.173
-0.171
-0.17
-0.169
-0.167
-0.166
-0.165
-0.164
-0.163
-0.162
-0.161
-0.16
-0.158
-0.157
-0.156
-0.155
-0.155
-0.154
-0.154
-0.154
-0.154
-0.154
-0.153
-0.152
-0.152
-0.151
-0.151
-0.151
-0.151
-0.152
-0.153
-0.154
-0.154
-0.155
-0.156
-0.156
-0.156
-0.155
-0.155
-0.155
-0.154
-0.154
-0.154
-0.153
-0.153
-0.153
-0.153
-0.152
-0.151
-0.149
-0.146
-0.143
-0.14
-0.137
-0.134
-0.131
-0.129
-0.127
-0.125
-0.123
-0.122
-0.121
-0.12
-0.118
-0.117
-0.115
-0.113
-0.11
-0.108
-0.105
-0.103
-0.101
-0.098
-0.096
-0.093
-0.09
-0.086
-0.082
-0.077
-0.073
-0.068
-0.064
-0.06
-0.055
-0.051
-0.047
-0.042
-0.038
-0.034
-0.03
-0.027
-0.024
-0.021
-0.018
-0.015
-0.012
-0.009
-0.005
-0.001
0.003
0.008
0.013
0.016
0.019
0.022
0.024
0.027
0.028
0.029
0.03
0.03
0.029
0.029
0.028
0.027
0.026
0.025
0.024
0.023
0.022
0.021
0.02
0.02
0.019
0.019
0.019
0.019
0.018
0.017
0.016
0.015
0.015
0.013
0.011
0.009
0.006
0.003
-0.001
-0.007
-0.023
-0.05
-0.085
-0.113
-0.122
-0.11
-0.072
0.011
0.111
0.209
0.293
0.358
0.407
0.423
0.415
0.389
0.311
0.209
0.104
0.016
-0.056
-0.129
-0.214
-0.312
-0.413
-0.504
-0.575
-0.623
-0.639
-0.631
-0.605
-0.534
-0.443
-0.343
-0.244
-0.148
-0.061
0.012
0.066
0.104
0.131
0.148
0.154
0.158
0.162
0.165
0.167
0.17
0.173
0.176
0.178
0.18
0.183
0.185
0.187
0.189
0.193
0.198
0.202
0.204
0.207
0.209
0.211
0.213
0.215
0.217
0.219
0.22
0.221
0.223
0.224
0.224
0.225
0.225
0.226
0.226
0.227
0.228
0.23
0.232
0.234
0.236
0.238
0.24
0.243
0.246
0.249
0.251
0.254
0.256
0.258
0.26
0.262
0.264
0.266
0.268
0.271
0.273
0.276
0.277
0.279
0.279
0.279
0.278
0.277
0.276
0.275
0.273
0.271
0.269
0.266
0.264
0.261
0.257
0.247
0.224
0.202
0.181
0.162
0.142
0.123
0.104
0.085
0.067
0.052
0.041
0.03
0.018
0.006
-0.007
-0.015
-0.02
-0.023
-0.026
-0.028
-0.031
-0.033
-0.035
-0.036
-0.038
-0.039
-0.041
-0.044
-0.046
-0.049
-0.052
-0.055
-0.059
-0.063
-0.067
-0.072
-0.078
-0.087
-0.093
-0.095
-0.097
-0.097
-0.098
-0.098
-0.099
-0.099
-0.099
-0.099
-0.098
-0.098
-0.098
-0.097
-0.097
-0.096
-0.095
-0.094
-0.094
-0.093
-0.094
-0.094
-0.094
-0.094
-0.094
-0.095
-0.095
-0.096
-0.096
-0.096
-0.096
-0.097
-0.097
-0.098
-0.098
-0.098
-0.097
-0.097
-0.097
-0.096
-0.096
-0.094
-0.093
-0.091
-0.09
-0.09
-0.089
-0.088
-0.088
-0.087
-0.087
-0.087
-0.087
-0.087
-0.087
-0.086
-0.084
-0.083
-0.081
-0.079
-0.076
-0.073
-0.069
-0.065
