0.157
0.205
0.235
0.268
0.298
0.312
0.319
0.324
0.327
0.329
0.33
0.331
0.33
0.328
0.324
0.319
0.311
0.302
0.289
0.267
0.254
0.238
0.215
0.188
0.161
0.145
0.137
0.131
0.125
0.12
0.114
0.109
0.104
0.1
0.094
0.085
0.072
0.058
0.046
0.032
0.019
0.009
0.001
-0.005
-0.014
-0.024
-0.035
-0.044
-0.054
-0.067
-0.083
-0.102
-0.11
-0.116
-0.121
-0.126
-0.129
-0.132
-0.133
-0.134
-0.134
-0.134
-0.133
-0.132
-0.131
-0.129
-0.128
-0.126
-0.124
-0.122
-0.12
-0.117
-0.115
-0.111
-0.107
-0.103
-0.103
-0.107
-0.115
-0.126
-0.141
-0.163
-0.183
-0.203
-0.223
-0.237
-0.255
-0.28
-0.311
-0.335
-0.355
-0.379
-0.408
-0.442
-0.481
-0.518
-0.555
-0.584
-0.606
-0.63
-0.655
-0.682
-0.703
-0.716
-0.728
-0.741
-0.757
-0.775
-0.795
-0.804
-0.809
-0.814
-0.819
-0.822
-0.825
-0.827
-0.828
-0.828
-0.828
-0.827
-0.825
-0.823
-0.821
-0.819
-0.817
-0.814
-0.811
-0.808
-0.801
-0.796
-0.796
-0.803
-0.819
-0.868
-0.929
-0.989
-1.039
-1.057
-1.067
-1.074
-1.056
-1.028
-0.993
-0.954
-0.915
-0.885
-0.867
-0.854
-0.843
-0.826
-0.798
-0.767
-0.736
-0.68
-0.625
-0.568
-0.514
-0.469
-0.443
-0.423
-0.408
-0.391
-0.369
-0.345
-0.322
-0.298
-0.278
-0.262
-0.244
-0.219
-0.187
-0.153
-0.121
-0.102
-0.091
-0.082
-0.074
-0.067
-0.061
-0.056
-0.051
-0.045
-0.038
-0.029
-0.019
-0.011
-0.004
0.003
0.008
0.01
0.01
0.011
0.011
0.011
0.011
0.01
0.007
-0.008
-0.02
-0.028
-0.035
-0.042
-0.048
-0.053
-0.059
-0.065
-0.071
-0.077
-0.085
-0.093
-0.105
-0.122
-0.144
-0.16
-0.172
-0.182
-0.194
-0.209
-0.227
-0.248
-0.266
-0.274
-0.279
-0.284
-0.287
-0.29
-0.293
-0.294
-0.295
-0.295
-0.294
-0.293
-0.29
-0.286
-0.283
-0.278
-0.273
-0.265
-0.251
-0.236
-0.219
-0.194
-0.159
-0.098
-0.03
0.038
0.109
0.185
0.258
0.328
0.399
0.462
0.516
0.55
0.586
0.621
0.655
0.689
0.723
0.757
0.792
0.828
0.866
0.903
0.941
0.973
1.0
1.02
1.03
1.037
1.036
1.017
0.966
0.904
0.834
0.762
0.692
0.62
0.547
0.478
0.42
0.386
0.358
0.337
0.317
0.301
0.287
0.275
0.263
0.257
0.253
0.25
0.247
0.245
0.243
0.24
0.236
0.233
0.231
0.228
0.225
0.221
0.216
0.21
0.199
0.189
0.18
0.171
0.161
0.15
0.136
0.121
0.107
0.094
0.083
0.075
0.069
0.066
0.063
0.061
0.06
0.059
0.059
0.058
0.058
0.057
0.056
0.054
0.051
0.048
0.045
0.041
0.037
0.033
0.03
0.026
0.022
0.018
0.013
0.008
0.003
-0.002
-0.008
-0.013
-0.017
-0.019
-0.02
-0.021
-0.02
-0.02
-0.019
-0.019
-0.018
-0.018
-0.017
-0.017
-0.016
-0.016
-0.015
-0.014
-0.013
-0.011
-0.007
-0.002
0.002
0.008
0.014
0.018
0.021
0.023
0.024
0.026
0.027
0.029
0.029
0.03
0.031
0.031
0.032
0.032
0.032
0.032
0.031
0.03
0.03
0.029
0.029
0.029
0.028
0.029
0.029
0.03
0.031
0.033
0.034
0.036
0.038
0.039
0.04
0.041
0.043
0.044
0.045
0.046
0.046
0.047
0.05
0.053
0.054
0.048
0.037
0.027
0.021
0.017
0.014
0.012
0.009
0.007
0.005
0.003
0.002
0.001
0.0
0.0
-0.001
-0.001
-0.002
-0.001
-0.001
0.0
0.001
0.002
0.003
0.003
0.002
0.002
0.0
0.0
-0.001
-0.003
-0.005
-0.008
-0.01
-0.019
-0.046
-0.101
-0.172
-0.252
-0.336
-0.422
-0.508
-0.591
-0.664
-0.713
-0.73
-0.736
-0.731
-0.717
-0.677
-0.634
-0.585
-0.53
-0.469
-0.401
-0.332
-0.264
-0.196
-0.126
-0.058
0.007
0.075
0.139
0.194
0.242
0.272
0.298
0.316
0.321
0.323
0.324
0.325
0.326
0.327
0.329
0.33
0.331
0.333
0.334
0.334
0.334
0.333
0.332
0.332
0.333
0.334
0.335
0.336
0.337
0.338
0.339
0.339
0.339
0.335
0.327
0.319
0.311
0.305
0.3
0.296
0.291
0.287
0.283
0.279
0.276
0.273
0.271
0.268
0.266
0.263
0.26
0.255
0.247
0.238
0.23
0.22
0.206
0.189
0.175
0.164
0.157
0.149
0.138
0.126
0.115
0.103
0.091
0.08
0.07
0.061
0.052
0.044
0.04
0.039
0.038
0.038
0.037
0.037
0.036
0.036
0.041
0.051
0.061
0.067
0.071
0.076
0.08
0.085
0.088
0.091
0.094
0.096
0.097
0.099
0.099
0.099
0.098
0.098
0.096
0.095
0.093
0.091
0.089
0.086
0.082
0.08
0.077
0.074
0.072
0.07
0.068
0.066
0.064
0.062
0.059
0.056
0.052
0.048
0.043
0.039
0.034
0.03
0.026
0.022
0.019
0.015
0.012
0.008
0.004
0.0
-0.005
-0.009
-0.013
-0.015
-0.018
-0.021
-0.024
-0.03
-0.044
-0.075
-0.137
-0.21
-0.294
-0.382
-0.472
-0.555
-0.624
-0.641
-0.644
-0.645
-0.627
-0.605
-0.585
-0.571
-0.539
-0.491
-0.428
-0.359
-0.292
-0.228
-0.171
-0.116
-0.062
-0.009
0.039
0.071
0.098
0.117
0.121
0.123
0.123
0.124
0.124
0.125
0.125
0.126
0.127
0.128
0.128
0.129
0.129
0.129
0.129
0.129
0.129
0.129
0.13
0.13
0.13
0.13
0.13
0.13
0.129
0.129
0.129
0.129
0.128
0.127
0.126
0.125
0.123
0.121
0.118
0.116
0.114
0.111
0.108
0.105
0.103
0.101
0.097
0.083
0.071
0.061
0.054
0.05
0.046
0.042
0.039
0.035
0.031
0.027
0.023
0.019
0.014
0.008
-0.001
-0.02
-0.037
-0.047
-0.054
-0.06
-0.065
-0.068
-0.069
-0.066
-0.06
-0.053
-0.045
-0.037
-0.026
-0.014
-0.002
0.008
0.015
0.019
0.022
0.025
0.027
0.029
0.031
0.033
0.036
0.039
0.042
0.045
0.047
0.048
0.049
0.05
0.049
0.049
0.049
0.049
0.049
0.05
0.051
0.053
0.055
0.057
0.059
0.061
0.062
0.063
0.063
0.063
0.063
0.062
0.062
0.062
0.062
0.062
0.062
0.062
0.062
0.062
0.061
0.06
0.058
0.057
0.055
0.054
0.053
0.052
0.051
0.05
0.049
0.049
0.048
0.047
0.045
0.043
0.041
0.038
0.036
0.034
0.033
0.031
0.029
0.027
0.026
0.025
0.023
0.022
0.02
0.017
0.014
0.011
0.008
0.005
0.002
0.0
-0.002
-0.004
-0.004
-0.004
-0.003
-0.001
0.0
0.003
0.007
0.011
0.015
0.02
0.024
0.029
0.033
0.037
0.042
0.048
0.053
0.059
0.064
0.068
0.071
0.073
0.073
0.072
0.07
0.068
0.064
0.06
0.055
0.05
0.044
0.033
0.021
0.012
0.003
-0.006
-0.015
-0.024
-0.033
-0.042
-0.05
-0.058
-0.065
-0.071
-0.078
-0.085
-0.091
-0.096
-0.101
-0.107
-0.113
-0.119
-0.127
-0.134
-0.14
-0.146
-0.151
-0.156
-0.161
-0.165
-0.169
-0.171
-0.174
-0.177
-0.182
-0.195
-0.218
-0.256
-0.309
-0.38
-0.465
-0.553
-0.64
-0.724
-0.797
-0.839
-0.854
-0.86
-0.853
-0.836
-0.811
-0.781
-0.743
-0.696
-0.64
-0.578
-0.513
-0.446
-0.383
-0.331
-0.302
-0.256
-0.21
-0.155
-0.098
-0.042
-0.021
-0.012
-0.006
-0.004
-0.015
-0.032
-0.039
-0.042
-0.045
-0.048
-0.05
-0.052
-0.054
-0.057
-0.059
-0.059
-0.06
-0.061
-0.062
-0.062
-0.062
-0.061
-0.06
-0.059
-0.059
-0.059
-0.059
-0.059
-0.059
-0.059
-0.059
-0.06
-0.06
-0.061
-0.062
-0.063
-0.064
-0.065
-0.067
-0.069
-0.072
-0.074
-0.076
-0.081
-0.087
-0.093
-0.099
-0.105
-0.11
-0.114
-0.117
-0.12
-0.123
-0.126
-0.129
-0.132
-0.135
-0.139
-0.143
-0.147
-0.152
-0.158
-0.167
-0.182
-0.195
-0.206
-0.213
-0.218
-0.223
-0.226
-0.228
-0.229
-0.229
-0.226
-0.222
-0.217
-0.212
-0.207
-0.204
-0.2
-0.197
-0.193
-0.189
-0.185
-0.181
-0.178
-0.175
-0.173
-0.17
-0.168
-0.166
-0.165
-0.165
-0.164
-0.164
-0.163
-0.161
-0.16
-0.159
-0.157
-0.156
-0.154
-0.152
-0.151
-0.151
-0.15
-0.15
-0.151
-0.151
-0.152
-0.152
-0.153
-0.154
-0.155
-0.156
-0.157
-0.158
-0.159
-0.16
-0.161
-0.162
-0.163
-0.163
-0.164
-0.165
-0.166
-0.168
-0.17
-0.171
-0.172
-0.171
-0.168
-0.164
-0.158
-0.152
-0.146
-0.138
-0.131
-0.124
-0.117
-0.111
-0.108
-0.105
-0.103
-0.101
-0.1
-0.098
-0.097
-0.095
-0.093
-0.091
-0.089
-0.087
-0.085
-0.083
-0.081
-0.079
-0.077
-0.074
-0.072
-0.071
-0.069
-0.067
-0.065
-0.063
-0.061
-0.06
-0.058
-0.056
-0.055
-0.054
-0.052
-0.051
-0.05
-0.049
-0.047
-0.045
-0.043
-0.041
-0.039
-0.033
-0.027
-0.021
-0.014
-0.007
-0.003
0.0
0.003
0.006
0.009
0.012
0.015
0.017
0.019
0.021
0.023
0.025
0.026
0.028
0.028
0.029
0.03
0.03
0.031
0.031
0.032
0.033
0.034
0.035
0.036
0.038
0.039
0.041
0.042
0.044
0.045
0.047
0.048
0.05
0.051
0.053
0.055
0.058
0.061
0.065
0.068
0.071
0.075
0.078
0.081
0.085
0.088
0.09
0.093
0.095
0.098
0.1
0.103
0.106
0.108
0.11
0.111
0.111
0.11
0.108
0.106
0.103
0.101
0.098
0.095
0.093
0.091
0.089
0.087
0.085
0.084
0.083
0.082
0.082
0.082
0.081
0.081
0.081
0.08
0.079
0.078
0.077
0.076
0.074
0.073
0.072
0.071
0.07
0.069
0.068
0.067
0.065
0.064
0.062
0.06
0.058
0.057
0.055
0.053
0.051
0.05
0.048
0.047
0.047
0.047
0.047
0.046
0.046
0.046
0.046
0.046
0.047
0.047
0.047
0.046
0.046
0.046
0.045
0.044
0.042
0.041
0.039
0.037
0.034
0.025
0.0
-0.046
-0.104
-0.176
-0.26
-0.354
-0.448
-0.533
-0.597
-0.626
-0.636
-0.626
-0.596
-0.558
-0.519
-0.498
-0.464
-0.431
-0.389
-0.337
-0.277
-0.211
-0.144
-0.08
-0.018
0.036
0.086
0.13
0.166
0.18
0.186
0.191
0.193
0.186
0.174
0.169
0.166
0.164
0.161
0.159
0.158
0.156
0.154
0.153
0.152
0.151
0.15
0.15
0.15
0.15
0.151
0.151
0.151
0.151
0.151
0.151
0.15
0.15
0.149
0.149
0.148
0.148
0.147
0.146
0.145
0.144
0.142
0.139
0.134
0.127
0.12
0.113
0.105
0.098
0.092
0.085
0.079
0.074
0.07
0.066
0.063
0.06
0.057
0.054
0.05
0.046
0.042
0.037
0.032
0.027
0.022
0.016
0.011
0.006
0.001
-0.002
-0.006
-0.01
-0.014
-0.018
-0.022
-0.024
-0.024
-0.022
-0.019
-0.016
-0.012
-0.008
-0.003
0.002
0.008
0.014
0.021
0.027
0.034
0.039
0.044
0.05
0.056
0.063
0.07
0.077
0.084
0.087
0.088
0.09
0.091
0.093
0.094
0.093
0.09
0.087
0.086
0.085
0.084
0.083
0.081
0.079
0.077
0.075
0.073
0.07
0.068
0.065
0.063
0.061
0.059
0.057
0.054
0.051
0.048
0.045
0.042
0.04
0.038
0.037
0.036
0.035
0.034
0.034
0.034
0.033
0.033
0.032
0.031
0.031
0.03
0.03
0.03
0.03
0.03
0.031
0.034
0.036
0.04
0.043
0.046
0.049
0.053
0.057
0.061
0.063
0.064
0.065
0.065
0.067
0.069
0.068
0.059
0.046
0.028
0.011
-0.006
-0.02
-0.031
-0.045
-0.056
-0.065
-0.07
-0.072
-0.073
-0.075
-0.077
-0.078
-0.079
-0.079
-0.077
-0.075
-0.073
-0.071
-0.069
-0.067
-0.065
-0.063
-0.062
-0.061
-0.06
-0.059
-0.058
-0.057
-0.057
-0.057
-0.057
-0.056
-0.054
-0.052
-0.052
-0.053
-0.056
-0.059
-0.061
-0.063
-0.064
-0.067
-0.069
-0.071
-0.073
-0.076
-0.086
-0.119
-0.169
-0.239
-0.323
-0.413
-0.504
-0.592
-0.667
-0.712
-0.728
-0.721
-0.7
-0.666
-0.636
-0.622
-0.602
-0.576
-0.538
-0.488
-0.426
-0.354
-0.279
-0.216
-0.169
-0.125
-0.08
-0.032
0.016
0.059
0.079
0.086
0.086
0.076
0.064
0.053
0.045
0.042
0.041
0.04
0.039
0.038
0.037
0.037
0.036
0.036
0.036
0.036
0.035
0.035
0.034
0.034
0.033
0.032
0.03
0.029
0.029
0.028
0.027
0.026
0.025
0.024
0.023
0.022
0.02
0.018
0.016
0.013
0.011
0.009
0.007
0.005
0.003
0.002
0.0
-0.001
-0.002
-0.005
-0.008
-0.015
-0.022
-0.03
-0.037
-0.045
-0.052
-0.058
-0.064
-0.07
-0.077
-0.084
-0.09
-0.096
-0.101
-0.104
-0.107
-0.11
-0.114
-0.116
-0.113
-0.105
-0.094
-0.08
-0.069
-0.06
-0.051
-0.038
-0.02
-0.004
0.006
0.009
0.01
0.011
0.011
0.012
0.013
0.013
0.014
0.015
0.017
0.018
0.021
0.023
0.025
0.028
0.031
0.034
0.038
0.041
0.044
0.047
0.051
0.055
0.06
0.065
0.068
0.072
0.075
0.077
0.079
0.081
0.082
0.084
0.085
0.085
0.085
0.084
0.082
0.08
0.077
0.075
0.072
0.069
0.066
0.062
0.058
0.055
0.053
0.052
0.05
0.047
0.045
0.043
0.041
0.039
0.036
0.033
0.029
0.025
0.018
0.011
0.004
-0.008
-0.022
-0.042
-0.064
-0.094
-0.135
-0.192
-0.265
-0.352
-0.444
-0.529
-0.579
-0.581
-0.54
-0.442
-0.328
-0.231
-0.187
-0.173
-0.18
-0.194
-0.195
-0.173
-0.133
-0.095
-0.065
-0.042
-0.033
-0.024
-0.012
0.002
0.029
0.056
0.082
0.092
0.097
0.1
0.102
0.099
0.091
0.08
0.066
0.056
0.049
0.04
0.033
0.028
0.023
0.017
0.012
0.007
0.004
0.001
-0.001
-0.004
-0.007
-0.01
-0.012
-0.015
-0.019
-0.022
-0.026
-0.029
-0.033
-0.036
-0.039
-0.042
-0.046
-0.05
-0.054
-0.059
-0.064
-0.069
-0.073
-0.077
-0.085
-0.097
-0.108
-0.116
-0.123
-0.13
-0.137
-0.147
-0.156
-0.166
-0.175
-0.182
-0.187
-0.191
-0.193
-0.195
-0.197
-0.199
-0.2
-0.2
-0.196
-0.189
-0.177
-0.161
-0.148
-0.135
-0.123
-0.109
-0.092
-0.076
-0.062
-0.047
-0.034
-0.021
-0.008
0.003
0.015
0.026
0.03
0.032
0.034
0.035
0.037
0.037
0.038
0.038
0.038
0.038
0.037
0.036
0.035
0.033
0.03
0.028
0.025
0.022
0.014
0.007
0.003
0.001
0.0
-0.001
-0.002
-0.003
-0.004
-0.004
-0.004
-0.003
-0.002
0.0
0.0
0.003
0.005
0.007
0.009
0.012
0.015
0.017
0.018
0.018
0.017
0.015
0.011
0.006
-0.001
-0.019
-0.051
-0.097
-0.158
-0.233
-0.32
-0.411
-0.502
-0.584
-0.649
-0.676
-0.685
-0.675
-0.644
-0.613
-0.588
-0.577
-0.563
-0.542
-0.506
-0.454
-0.383
-0.303
-0.227
-0.164
-0.115
-0.078
-0.043
0.0
0.049
0.096
0.133
0.149
0.155
0.147
0.134
0.122
0.118
0.116
0.115
0.113
0.112
0.11
0.108
0.106
0.102
0.098
0.091
0.081
0.078
0.077
0.075
0.074
0.073
0.075
0.079
0.084
0.088
0.093
0.097
0.1
0.101
0.103
0.104
0.105
0.107
0.108
0.105
0.1
0.095
0.091
0.087
0.084
0.08
0.077
0.074
0.071
0.068
0.064
0.06
0.055
0.046
0.031
0.019
0.009
0.001
-0.008
-0.021
-0.03
-0.035
-0.039
-0.042
-0.045
-0.047
-0.05
-0.053
-0.055
-0.056
-0.055
-0.052
-0.048
-0.043
-0.036
-0.025
-0.014
-0.004
0.006
0.01
0.013
0.016
0.017
0.019
0.02
0.021
0.022
0.022
0.023
0.024
0.024
0.024
0.023
0.023
0.022
0.021
0.019
0.017
0.014
0.011
0.009
0.006
0.002
-0.006
-0.014
-0.022
-0.025
-0.027
-0.028
-0.03
-0.032
-0.034
-0.036
-0.037
-0.038
-0.039
-0.039
-0.04
-0.04
-0.04
-0.04
-0.04
-0.039
-0.038
-0.038
-0.037
-0.036
-0.035
-0.034
-0.033
-0.032
-0.03
-0.029
-0.027
-0.025
-0.024
-0.021
-0.019
-0.016
-0.014
-0.012
-0.01
-0.008
-0.007
-0.006
-0.005
-0.005
-0.004
-0.003
-0.002
-0.001
0.0
0.001
0.0
-0.001
-0.005
-0.009
-0.012
-0.014
-0.016
-0.017
-0.019
-0.02
-0.022
-0.024
-0.025
-0.027
-0.028
-0.029
-0.029
-0.03
-0.031
-0.032
-0.033
-0.034
-0.035
-0.037
-0.038
-0.039
-0.039
-0.04
-0.041
-0.042
-0.042
-0.043
-0.043
-0.043
-0.044
-0.044
-0.045
-0.045
-0.045
-0.044
-0.043
-0.042
-0.041
-0.039
-0.038
-0.036
-0.035
-0.033
-0.032
-0.031
-0.03
-0.029
-0.028
-0.028
-0.027
-0.026
-0.025
-0.024
-0.023
-0.022
-0.022
-0.022
-0.021
-0.021
-0.021
-0.021
-0.022
-0.022
-0.022
-0.023
-0.024
-0.024
-0.025
-0.026
-0.027
-0.027
-0.028
-0.028
-0.029
-0.029
-0.029
-0.029
-0.03
-0.031
-0.033
-0.033
-0.03
-0.026
-0.022
-0.017
-0.015
-0.016
-0.021
-0.035
-0.071
-0.121
-0.183
-0.259
-0.347
-0.442
-0.537
-0.622
-0.689
-0.726
-0.739
-0.733
-0.718
-0.688
-0.656
-0.626
-0.591
-0.547
-0.491
-0.422
-0.345
-0.267
-0.195
-0.131
-0.069
-0.012
0.034
0.072
0.108
0.136
0.162
0.178
0.188
0.194
0.198
0.198
0.193
0.187
0.18
0.174
0.167
0.161
0.156
0.152
0.148
0.145
0.141
0.138
0.136
0.134
0.132
0.131
0.13
0.129
0.128
0.126
0.125
0.123
0.122
0.121
0.119
0.116
0.113
0.108
0.098
0.091
0.086
0.082
0.079
0.075
0.07
0.065
0.06
0.055
0.049
0.044
0.039
0.032
0.023
0.015
0.009
0.006
0.003
0.001
-0.001
-0.004
-0.007
-0.011
-0.015
-0.021
-0.027
-0.032
-0.037
-0.043
-0.05
-0.058
-0.067
-0.075
-0.084
-0.089
-0.09
-0.091
-0.092
-0.093
-0.094
-0.089
-0.082
-0.076
-0.071
-0.066
-0.063
-0.06
-0.056
-0.054
-0.051
-0.049
-0.047
-0.045
-0.043
-0.04
-0.038
-0.036
-0.034
-0.034
-0.033
-0.032
-0.031
-0.03
-0.029
-0.029
-0.028
-0.027
-0.027
-0.026
-0.025
-0.025
-0.025
-0.025
-0.025
-0.025
-0.024
-0.024
-0.024
-0.024
-0.024
-0.024
-0.024
-0.024
-0.024
-0.025
-0.026
-0.026
-0.027
-0.027
-0.028
-0.029
-0.029
-0.03
-0.03
-0.031
-0.031
-0.031
-0.032
-0.032
-0.033
-0.034
-0.034
-0.035
-0.037
-0.038
-0.038
-0.037
-0.034
-0.031
-0.028
-0.025
-0.023
-0.021
-0.019
-0.017
-0.015
-0.013
-0.012
-0.011
-0.01
-0.008
-0.006
-0.005
-0.003
-0.001
0.0
0.001
0.002
0.004
0.005
0.005
0.005
0.005
0.005
0.004
0.003
0.003
0.002
0.001
0.0
0.0
0.0
0.0
0.0
-0.001
-0.002
-0.003
-0.004
-0.004
-0.004
-0.004
-0.004
-0.004
-0.003
-0.001
0.0
0.001
0.002
0.003
0.004
0.005
0.007
0.008
0.009
0.009
0.009
0.007
0.005
0.003
0.001
-0.001
-0.004
-0.007
-0.011
-0.014
-0.014
-0.011
-0.007
-0.003
0.003
0.013
0.019
0.022
0.025
0.027
0.028
0.027
0.023
0.015
-0.008
-0.05
-0.105
-0.174
-0.256
-0.349
-0.446
-0.54
-0.619
-0.674
-0.691
-0.696
-0.687
-0.658
-0.625
-0.591
-0.552
-0.503
-0.445
-0.382
-0.316
-0.25
-0.182
-0.119
-0.061
-0.008
0.042
0.09
0.13
0.158
0.167
0.169
0.17
0.171
0.171
0.171
0.169
0.166
0.162
0.157
0.15
0.146
0.144
0.142
0.141
0.14
0.139
0.139
0.139
0.138
0.138
0.137
0.136
0.135
0.135
0.134
0.133
0.132
0.131
0.13
0.129
0.127
0.124
0.122
0.12
0.117
0.115
0.113
0.111
0.107
0.103
0.096
0.091
0.086
0.079
0.067
0.055
0.042
0.03
0.024
0.017
0.011
0.004
-0.003
-0.014
-0.022
-0.028
-0.034
-0.039
-0.045
-0.05
-0.055
-0.06
-0.065
-0.069
-0.074
-0.079
-0.082
-0.083
-0.084
-0.085
-0.087
-0.087
-0.085
-0.079
-0.072
-0.064
-0.055
-0.048
-0.042
-0.035
-0.028
-0.022
-0.017
-0.012
-0.008
-0.004
-0.002
0.0
0.001
0.002
0.004
0.005
0.006
0.007
0.008
0.008
0.008
0.008
0.008
0.008
0.008
0.009
0.009
0.011
0.012
0.012
0.007
0.001
-0.001
-0.003
-0.005
-0.007
-0.008
-0.009
-0.01
-0.011
-0.012
-0.012
-0.013
-0.014
-0.015
-0.016
-0.017
-0.019
-0.02
-0.021
-0.022
-0.023
-0.024
-0.025
-0.026
-0.028
-0.031
-0.035
-0.038
-0.04
-0.039
-0.036
-0.034
-0.031
-0.029
-0.026
-0.024
-0.021
-0.018
-0.017
-0.015
-0.014
-0.013
-0.012
-0.011
-0.011
-0.01
-0.01
-0.01
-0.009
-0.009
-0.01
-0.01
-0.01
-0.011
-0.012
-0.013
-0.013
-0.014
-0.014
-0.015
-0.016
-0.018
-0.018
-0.018
-0.018
-0.017
-0.016
-0.016
-0.015
-0.014
-0.013
-0.012
-0.011
-0.012
-0.013
-0.015
-0.017
-0.018
-0.02
-0.021
-0.023
-0.025
-0.027
-0.029
-0.031
-0.035
-0.04
-0.06
-0.104
-0.165
-0.239
-0.323
-0.412
-0.5
-0.579
-0.639
-0.661
-0.668
-0.658
-0.627
-0.596
-0.571
-0.558
-0.538
-0.508
-0.458
-0.388
-0.303
-0.217
-0.143
-0.086
-0.044
-0.011
0.021
0.056
0.093
0.133
0.166
0.177
0.182
0.186
0.178
0.169
0.16
0.154
0.151
0.149
0.147
0.146
0.144
0.142
0.139
0.136
0.134
0.131
0.13
0.128
0.127
0.126
0.125
0.123
0.122
0.12
0.118
0.116
0.115
0.114
0.113
0.112
0.112
0.111
0.11
0.108
0.104
0.098
0.092
0.082
0.068
0.057
0.052
0.047
0.041
0.035
0.029
0.023
0.018
0.014
0.011
0.006
0.0
-0.008
-0.017
-0.026
-0.034
-0.042
-0.051
-0.06
-0.068
-0.075
-0.079
-0.08
-0.081
-0.082
-0.084
-0.084
-0.082
-0.075
-0.066
-0.053
-0.043
-0.035
-0.027
-0.019
-0.011
-0.002
0.003
0.008
0.012
0.018
0.023
0.027
0.03
0.032
0.035
0.037
0.038
0.037
0.037
0.035
0.033
0.031
0.028
0.024
0.018
0.013
0.006
0.0
-0.005
-0.011
-0.017
-0.02
-0.023
-0.025
-0.027
-0.03
-0.033
-0.036
-0.039
-0.041
-0.044
-0.046
-0.048
-0.05
-0.052
-0.052
-0.053
-0.053
-0.053
-0.052
-0.051
-0.049
-0.046
-0.044
-0.042
-0.04
-0.039
-0.037
-0.035
-0.033
-0.03
-0.028
-0.026
-0.024
-0.022
-0.021
-0.02
-0.02
-0.02
-0.021
-0.021
-0.022
-0.022
-0.022
-0.022
-0.022
-0.022
-0.022
-0.023
-0.024
-0.024
-0.018
-0.015
-0.013
-0.012
-0.01
-0.009
-0.009
-0.009
-0.009
-0.01
-0.011
-0.012
-0.013
-0.015
-0.017
-0.018
-0.017
-0.014
-0.011
-0.009
-0.007
-0.005
-0.003
-0.002
-0.002
-0.002
-0.003
-0.004
-0.006
-0.008
-0.009
-0.011
-0.013
-0.015
-0.016
-0.017
-0.017
-0.016
-0.016
-0.015
-0.015
-0.014
-0.013
-0.012
-0.011
-0.01
-0.009
-0.009
-0.009
-0.01
-0.011
-0.011
-0.013
-0.014
-0.014
-0.014
-0.012
-0.011
-0.01
-0.008
-0.007
-0.007
-0.008
-0.01
-0.013
-0.014
-0.015
-0.016
-0.017
-0.018
-0.019
-0.02
-0.022
-0.023
-0.024
-0.025
-0.026
-0.027
-0.028
-0.029
-0.03
-0.031
-0.034
-0.038
-0.043
-0.047
-0.051
-0.056
-0.064
-0.08
-0.109
-0.148
-0.202
-0.273
-0.361
-0.458
-0.557
-0.647
-0.722
-0.767
-0.782
-0.775
-0.752
-0.711
-0.669
-0.636
-0.607
-0.573
-0.527
-0.469
-0.402
-0.33
-0.258
-0.189
-0.128
-0.073
-0.022
0.028
0.073
0.111
0.126
0.131
0.133
0.134
0.133
0.13
0.127
0.124
0.122
0.119
0.117
0.114
0.11
0.105
0.1
0.095
0.09
0.086
0.083
0.08
0.077
0.074
0.07
0.066
0.062
0.058
0.053
0.048
0.043
0.038
0.034
0.03
0.027
0.024
0.021
0.017
0.015
0.012
0.01
0.007
0.005
0.002
0.0
-0.002
-0.004
-0.007
-0.012
-0.016
-0.021
-0.027
-0.031
-0.034
-0.037
-0.04
-0.043
-0.046
-0.049
-0.051
-0.055
-0.059
-0.064
-0.067
-0.071
-0.073
-0.075
-0.077
-0.079
-0.08
-0.08
-0.077
-0.074
-0.069
-0.063
-0.056
-0.046
-0.037
-0.029
-0.022
-0.014
-0.008
-0.003
0.0
0.001
0.003
0.005
0.007
0.008
0.009
0.01
0.012
0.013
0.014
0.015
0.016
0.017
0.018
0.019
0.021
0.022
0.024
0.026
0.027
0.029
0.03
0.031
0.032
0.033
0.034
0.034
0.035
0.035
0.036
0.037
0.038
0.04
0.041
0.042
0.042
0.042
0.042
0.042
0.041
0.04
0.038
0.037
0.036
0.035
0.034
0.034
0.033
0.033
0.032
0.031
0.031
0.032
0.033
0.034
0.035
0.037
0.038
0.039
0.041
0.043
0.044
0.045
0.045
0.042
0.039
0.035
0.031
0.028
0.025
0.021
0.018
0.016
0.014
0.014
0.013
0.013
0.014
0.014
0.016
0.018
0.02
0.021
0.023
0.024
0.027
0.03
0.033
0.034
0.034
0.031
0.028
0.025
