0.03
0.035
0.041
0.048
0.056
0.064
0.071
0.076
0.08
0.083
0.085
0.087
0.089
0.091
0.094
0.098
0.102
0.108
0.113
0.117
0.122
0.126
0.131
0.136
0.141
0.147
0.154
0.162
0.172
0.181
0.19
0.2
0.208
0.214
0.221
0.232
0.248
0.267
0.284
0.298
0.311
0.322
0.335
0.351
0.366
0.377
0.385
0.391
0.395
0.398
0.401
0.405
0.411
0.41
0.395
0.372
0.346
0.308
0.266
0.218
0.165
0.131
0.093
0.059
0.027
-0.005
-0.028
-0.042
-0.051
-0.056
-0.059
-0.061
-0.063
-0.064
-0.066
-0.067
-0.069
-0.069
-0.07
-0.07
-0.07
-0.071
-0.07
-0.07
-0.07
-0.07
-0.07
-0.069
-0.069
-0.067
-0.065
-0.063
-0.06
-0.058
-0.055
-0.053
-0.05
-0.048
-0.046
-0.044
-0.042
-0.04
-0.037
-0.033
-0.029
-0.025
-0.022
-0.018
-0.015
-0.013
-0.012
-0.011
-0.011
-0.012
-0.013
-0.014
-0.015
-0.015
-0.015
-0.016
-0.017
-0.018
-0.019
-0.02
-0.02
-0.021
-0.023
-0.024
-0.024
-0.023
-0.019
-0.015
-0.01
-0.007
-0.005
-0.003
-0.001
0.0
0.002
0.003
0.004
0.005
0.006
0.007
0.008
0.007
0.006
0.005
0.003
0.002
0.0
-0.002
-0.005
-0.008
-0.01
-0.012
-0.013
-0.015
-0.018
-0.019
-0.02
-0.02
-0.02
-0.02
-0.021
-0.022
-0.024
-0.025
-0.026
-0.027
-0.028
-0.029
-0.03
-0.03
-0.03
-0.03
-0.03
-0.03
-0.031
-0.032
-0.033
-0.035
-0.036
-0.038
-0.039
-0.04
-0.04
-0.04
-0.04
-0.04
-0.04
-0.041
-0.042
-0.043
-0.044
-0.044
-0.045
-0.046
-0.046
-0.046
-0.047
-0.047
-0.047
-0.047
-0.048
-0.048
-0.049
-0.049
-0.049
-0.05
-0.05
-0.05
-0.05
-0.05
-0.05
-0.051
-0.052
-0.053
-0.054
-0.056
-0.056
-0.057
-0.057
-0.058
-0.059
-0.06
-0.06
-0.06
-0.059
-0.058
-0.056
-0.054
-0.052
-0.049
-0.047
-0.043
-0.039
-0.035
-0.025
-0.005
0.001
0.005
0.009
0.012
0.015
0.017
0.018
0.016
0.012
0.006
0.0
-0.006
-0.012
-0.019
-0.026
-0.033
-0.042
-0.05
-0.057
-0.062
-0.067
-0.072
-0.077
-0.082
-0.086
-0.089
-0.091
-0.091
-0.091
-0.09
-0.088
-0.086
-0.082
-0.076
-0.068
-0.059
-0.021
0.031
0.098
0.172
0.243
0.306
0.356
0.375
0.378
0.371
0.351
0.307
0.252
0.19
0.13
0.08
0.051
0.029
0.015
0.001
-0.013
-0.019
-0.024
-0.029
-0.033
-0.037
-0.04
-0.042
-0.044
-0.045
-0.045
-0.045
-0.044
-0.042
-0.04
-0.038
-0.035
-0.033
-0.03
-0.027
-0.024
-0.02
-0.015
-0.01
-0.004
0.0
0.005
0.01
0.014
0.019
0.024
0.028
0.031
0.034
0.038
0.041
0.046
0.05
0.054
0.058
0.063
0.067
0.072
0.077
0.085
0.093
0.101
0.106
0.111
0.117
0.125
0.139
0.158
0.174
0.185
0.195
0.204
0.213
0.225
0.238
0.25
0.262
0.275
0.29
0.307
0.322
0.335
0.344
0.35
0.355
0.36
0.364
0.366
0.366
0.362
0.354
0.343
0.323
0.294
0.253
0.209
0.158
0.123
0.083
0.045
0.01
-0.024
-0.047
-0.059
-0.068
-0.074
-0.079
-0.084
-0.087
-0.09
-0.093
-0.095
-0.097
-0.098
-0.099
-0.098
-0.096
-0.091
-0.085
-0.078
-0.072
-0.067
-0.064
-0.061
-0.058
-0.055
-0.053
-0.051
-0.049
-0.048
-0.046
-0.045
-0.043
-0.043
-0.042
-0.042
-0.042
-0.041
-0.042
-0.042
-0.043
-0.043
-0.042
-0.041
-0.04
-0.039
-0.039
-0.038
-0.037
-0.034
-0.031
-0.028
-0.025
-0.022
-0.016
-0.008
0.0
0.005
0.009
0.01
0.011
0.011
0.012
0.012
0.011
0.011
0.011
0.012
0.012
0.012
0.012
0.011
0.011
0.011
0.01
0.009
0.008
0.007
0.006
0.006
0.005
0.005
0.004
0.004
0.003
0.003
0.002
0.001
0.0
0.0
0.0
0.0
0.0
-0.001
-0.002
-0.003
-0.003
-0.003
-0.003
-0.003
-0.002
-0.002
0.0
0.0
0.002
0.003
0.005
0.006
0.007
0.009
0.01
0.011
0.012
0.013
0.015
0.016
0.018
0.02
0.021
0.022
0.023
0.023
0.023
0.023
0.023
0.022
0.022
0.021
0.021
0.021
0.02
0.02
0.02
0.019
0.018
0.017
0.014
0.011
0.008
0.006
0.003
0.001
0.0
-0.003
-0.005
-0.008
-0.01
-0.012
-0.012
-0.013
-0.012
-0.011
-0.009
-0.005
-0.001
0.002
0.007
0.011
0.015
0.019
0.025
0.031
0.037
0.041
0.042
0.04
0.036
0.032
0.027
0.021
0.013
0.004
-0.004
-0.012
-0.02
-0.03
-0.041
-0.054
-0.071
-0.079
-0.084
-0.09
-0.096
-0.101
-0.106
-0.108
-0.11
-0.11
-0.11
-0.11
-0.109
-0.106
-0.103
-0.099
-0.094
-0.091
-0.073
-0.024
0.043
0.13
0.231
0.331
0.397
0.42
0.399
0.331
0.214
0.091
-0.003
-0.049
-0.061
-0.069
-0.075
-0.082
-0.088
-0.094
-0.099
-0.105
-0.112
-0.118
-0.123
-0.126
-0.13
-0.133
-0.135
-0.138
-0.14
-0.141
-0.142
-0.144
-0.146
-0.147
-0.149
-0.149
-0.149
-0.148
-0.147
-0.146
-0.144
-0.142
-0.14
-0.138
-0.136
-0.133
-0.131
-0.128
-0.124
-0.12
-0.117
-0.113
-0.107
-0.099
-0.092
-0.086
-0.08
-0.075
-0.07
-0.065
-0.061
-0.056
-0.051
-0.045
-0.04
-0.034
-0.026
-0.017
-0.003
0.009
0.02
0.03
0.04
0.049
0.057
0.065
0.077
0.092
0.106
0.125
0.151
0.175
0.192
0.211
0.223
0.231
0.237
0.242
0.243
0.242
0.238
0.232
0.224
0.209
0.178
0.146
0.111
0.072
0.035
-0.001
-0.038
-0.074
-0.107
-0.132
-0.15
-0.165
-0.172
-0.176
-0.179
-0.182
-0.184
-0.185
-0.186
-0.186
-0.186
-0.186
-0.184
-0.182
-0.18
-0.176
-0.172
-0.168
-0.164
-0.16
-0.157
-0.153
-0.149
-0.146
-0.144
-0.143
-0.141
-0.139
-0.137
-0.134
-0.132
-0.13
-0.128
-0.126
-0.124
-0.122
-0.119
-0.117
-0.114
-0.112
-0.109
-0.106
-0.103
-0.1
-0.097
-0.094
-0.092
-0.09
-0.088
-0.086
-0.084
-0.082
-0.081
-0.08
-0.079
-0.078
-0.078
-0.077
-0.077
-0.076
-0.076
-0.075
-0.075
-0.074
-0.073
-0.073
-0.073
-0.074
-0.074
-0.073
-0.073
-0.073
-0.073
-0.074
-0.074
-0.073
-0.073
-0.072
-0.071
-0.07
-0.07
-0.069
-0.068
-0.068
-0.067
-0.067
-0.067
-0.066
-0.065
-0.064
-0.063
-0.062
-0.061
-0.059
-0.058
-0.056
-0.055
-0.053
-0.051
-0.048
-0.043
-0.036
-0.03
-0.025
-0.021
-0.017
-0.013
-0.011
-0.009
-0.007
-0.005
-0.004
-0.003
-0.002
-0.001
-0.001
-0.001
-0.003
-0.004
-0.006
-0.008
-0.009
-0.01
-0.012
-0.013
-0.014
-0.015
-0.015
-0.016
-0.016
-0.017
-0.017
-0.018
-0.018
-0.019
-0.018
-0.018
-0.017
-0.015
-0.013
-0.009
-0.005
-0.001
0.003
0.007
0.012
0.017
0.026
0.036
0.044
0.051
0.057
0.061
0.065
0.069
0.072
0.075
0.077
0.077
0.075
0.072
0.068
0.063
0.057
0.051
0.043
0.03
0.02
0.016
0.013
0.011
0.008
0.005
0.003
0.003
0.007
0.014
0.021
0.027
0.032
0.037
0.044
0.051
0.056
0.062
0.071
0.105
0.156
0.226
0.32
0.431
0.538
0.611
0.62
0.591
0.491
0.365
0.25
0.186
0.166
0.155
0.147
0.141
0.136
0.124
0.097
0.081
0.075
0.069
0.065
0.061
0.059
0.058
0.056
0.054
0.053
0.053
0.052
0.052
0.052
0.052
0.051
0.051
0.052
0.052
0.052
0.053
0.053
0.052
0.052
0.052
0.053
0.053
0.055
0.057
0.059
0.062
0.065
0.069
0.072
0.076
0.08
0.083
0.086
0.09
0.094
0.098
0.102
0.106
0.109
0.111
0.114
0.118
0.122
0.127
0.137
0.155
0.168
0.179
0.189
0.2
0.214
0.228
0.241
0.252
0.261
0.272
0.284
0.303
0.319
0.332
0.344
0.353
0.36
0.366
0.371
0.374
0.374
0.37
0.363
0.354
0.337
0.308
0.281
0.249
0.21
0.171
0.131
0.094
0.057
0.023
-0.008
-0.042
-0.063
-0.075
-0.083
-0.088
-0.092
-0.095
-0.097
-0.099
-0.1
-0.102
-0.103
-0.105
-0.107
-0.108
-0.109
-0.11
-0.11
-0.11
-0.11
-0.109
-0.106
-0.102
-0.098
-0.094
-0.09
-0.085
-0.081
-0.077
-0.073
-0.071
-0.068
-0.065
-0.062
-0.059
-0.056
-0.053
-0.051
-0.049
-0.047
-0.045
-0.043
-0.043
-0.042
-0.042
-0.042
-0.041
-0.04
-0.04
-0.04
-0.041
-0.042
-0.042
-0.043
-0.043
-0.043
-0.044
-0.044
-0.045
-0.045
-0.045
-0.045
-0.045
-0.045
-0.046
-0.046
-0.047
-0.047
-0.047
-0.048
-0.048
-0.048
-0.048
-0.048
-0.049
-0.05
-0.052
-0.053
-0.054
-0.056
-0.057
-0.058
-0.06
-0.061
-0.063
-0.064
-0.066
-0.068
-0.07
-0.072
-0.074
-0.076
-0.077
-0.077
-0.077
-0.076
-0.074
-0.072
-0.07
-0.068
-0.066
-0.065
-0.064
-0.063
-0.062
-0.06
-0.059
-0.058
-0.057
-0.056
-0.056
-0.054
-0.053
-0.052
-0.052
-0.051
-0.05
-0.049
-0.048
-0.046
-0.045
-0.044
-0.043
-0.042
-0.041
-0.041
-0.041
-0.041
-0.041
-0.041
-0.04
-0.039
-0.038
-0.038
-0.038
-0.039
-0.039
-0.039
-0.039
-0.04
-0.04
-0.041
-0.042
-0.042
-0.042
-0.042
-0.041
-0.04
-0.039
-0.038
-0.037
-0.036
-0.035
-0.033
-0.031
-0.028
-0.026
-0.023
-0.02
-0.017
-0.013
-0.006
0.01
0.024
0.032
0.039
0.044
0.048
0.049
0.047
0.042
0.034
0.025
0.015
0.0
-0.011
-0.022
-0.033
-0.044
-0.054
-0.065
-0.07
-0.074
-0.079
-0.083
-0.086
-0.088
-0.089
-0.09
-0.09
-0.09
-0.089
-0.087
-0.084
-0.079
-0.073
-0.066
-0.058
-0.041
-0.006
0.049
0.123
0.215
0.317
0.413
0.466
0.484
0.461
0.393
0.289
0.184
0.108
0.065
0.048
0.03
0.005
-0.023
-0.039
-0.047
-0.053
-0.057
-0.061
-0.065
-0.068
-0.072
-0.075
-0.078
-0.081
-0.084
-0.087
-0.088
-0.088
-0.088
-0.087
-0.084
-0.08
-0.075
-0.069
-0.064
-0.06
-0.056
-0.052
-0.048
-0.045
-0.041
-0.038
-0.036
-0.033
-0.03
-0.027
-0.025
-0.022
-0.02
-0.018
-0.014
-0.01
-0.003
0.003
0.01
0.017
0.024
0.031
0.038
0.045
0.052
0.06
0.069
0.079
0.092
0.103
0.113
0.122
0.132
0.143
0.155
0.169
0.186
0.203
0.219
0.236
0.255
0.273
0.292
0.312
0.324
0.333
0.34
0.345
0.347
0.347
0.345
0.341
0.334
0.326
0.309
0.276
0.239
0.204
0.169
0.138
0.092
0.042
0.008
-0.023
-0.046
-0.062
-0.076
-0.09
-0.102
-0.107
-0.109
-0.111
-0.112
-0.114
-0.115
-0.116
-0.117
-0.117
-0.118
-0.118
-0.119
-0.119
-0.119
-0.118
-0.118
-0.117
-0.116
-0.114
-0.112
-0.11
-0.107
-0.105
-0.102
-0.1
-0.098
-0.096
-0.094
-0.092
-0.09
-0.089
-0.089
-0.088
-0.087
-0.086
-0.085
-0.083
-0.082
-0.082
-0.081
-0.08
-0.079
-0.078
-0.077
-0.075
-0.074
-0.073
-0.071
-0.07
-0.069
-0.068
-0.068
-0.067
-0.067
-0.066
-0.065
-0.064
-0.063
-0.061
-0.059
-0.058
-0.056
-0.055
-0.054
-0.053
-0.053
-0.052
-0.052
-0.051
-0.051
-0.05
-0.048
-0.047
-0.045
-0.044
-0.042
-0.04
-0.038
-0.037
-0.036
-0.036
-0.035
-0.035
-0.034
-0.033
-0.032
-0.031
-0.03
-0.028
-0.026
-0.024
-0.023
-0.021
-0.019
-0.018
-0.016
-0.015
-0.013
-0.01
-0.005
0.001
0.008
0.013
0.018
0.023
0.027
0.03
0.033
0.036
0.039
0.041
0.042
0.044
0.045
0.047
0.049
0.051
0.053
0.055
0.057
0.058
0.06
0.062
0.063
0.065
0.067
0.068
0.069
0.07
0.07
0.07
0.07
0.07
0.07
0.069
0.069
0.068
0.068
0.068
0.068
0.068
0.068
0.07
0.071
0.073
0.075
0.077
0.079
0.081
0.084
0.088
0.091
0.095
0.099
0.106
0.114
0.121
0.127
0.129
0.131
0.132
0.133
0.134
0.135
0.136
0.136
0.135
0.126
0.113
0.097
0.075
0.053
0.038
0.027
0.018
0.013
0.01
0.008
0.006
0.005
0.004
0.003
0.002
0.001
0.001
0.001
0.001
0.004
0.007
0.013
0.02
0.029
0.046
0.081
0.141
0.214
0.302
0.399
0.49
0.551
0.557
0.529
0.433
0.309
0.195
0.131
0.11
0.097
0.088
0.072
0.042
0.02
0.009
0.001
-0.003
-0.006
