-0.019
-0.017
-0.016
-0.016
-0.015
-0.014
-0.013
-0.011
-0.009
-0.007
-0.005
-0.004
-0.001
0.0
0.003
0.005
0.007
0.008
0.01
0.012
0.014
0.016
0.019
0.02
0.022
0.023
0.024
0.025
0.025
0.025
0.023
0.022
0.021
0.021
0.02
0.018
0.017
0.022
0.031
0.039
0.047
0.056
0.063
0.071
0.08
0.091
0.096
0.099
0.101
0.103
0.101
0.089
0.078
0.068
0.059
0.051
0.039
0.023
0.015
0.012
0.009
0.007
0.005
0.003
0.002
0.001
0.001
0.0
0.0
0.001
0.002
0.003
0.006
0.008
0.01
0.014
0.019
0.024
0.049
0.094
0.153
0.229
0.325
0.434
0.542
0.627
0.654
0.649
0.591
0.506
0.405
0.294
0.179
0.076
0.002
-0.024
-0.032
-0.013
-0.004
-0.001
0.001
0.003
0.005
0.007
0.009
0.01
0.011
0.013
0.014
0.014
0.013
0.012
0.011
0.01
0.009
0.008
0.007
0.007
0.007
0.007
0.008
0.008
0.009
0.009
0.01
0.011
0.012
0.013
0.014
0.014
0.015
0.016
0.018
0.02
0.022
0.025
0.029
0.034
0.04
0.045
0.05
0.055
0.06
0.064
0.069
0.073
0.078
0.082
0.085
0.089
0.093
0.097
0.103
0.11
0.117
0.124
0.131
0.14
0.15
0.156
0.159
0.162
0.165
0.166
0.161
0.15
0.144
0.139
0.135
0.131
0.127
0.123
0.119
0.113
0.106
0.092
0.068
0.047
0.022
-0.005
-0.032
-0.053
-0.068
-0.079
-0.084
-0.087
-0.09
-0.093
-0.096
-0.1
-0.105
-0.11
-0.118
-0.135
-0.162
-0.186
-0.207
-0.219
-0.227
-0.231
-0.226
-0.213
-0.195
-0.165
-0.145
-0.133
-0.123
-0.113
-0.103
-0.096
-0.089
-0.083
-0.078
-0.074
-0.072
-0.07
-0.068
-0.068
-0.067
-0.065
-0.064
-0.062
-0.061
-0.06
-0.059
-0.058
-0.058
-0.059
-0.06
-0.062
-0.066
-0.071
-0.076
-0.082
-0.089
-0.104
-0.135
-0.161
-0.191
-0.22
-0.237
-0.239
-0.241
-0.243
-0.24
-0.217
-0.204
-0.196
-0.189
-0.183
-0.178
-0.174
-0.171
-0.167
-0.164
-0.162
-0.159
-0.157
-0.155
-0.154
-0.152
-0.15
-0.147
-0.146
-0.146
-0.147
-0.149
-0.152
-0.156
-0.162
-0.187
-0.231
-0.294
-0.372
-0.449
-0.508
-0.527
-0.513
-0.473
-0.403
-0.356
-0.341
-0.329
-0.319
-0.288
-0.243
-0.193
-0.17
-0.16
-0.154
-0.147
-0.136
-0.123
-0.112
-0.103
-0.095
-0.088
-0.082
-0.077
-0.074
-0.069
-0.061
-0.047
-0.035
-0.026
-0.018
-0.015
-0.022
-0.036
-0.052
-0.069
-0.078
-0.082
-0.084
-0.086
-0.087
-0.088
-0.089
-0.089
-0.088
-0.086
-0.083
-0.081
-0.079
-0.078
-0.076
-0.073
-0.07
-0.068
-0.065
-0.063
-0.062
-0.061
-0.061
-0.059
-0.057
-0.054
-0.04
0.003
0.064
0.141
0.228
0.318
0.397
0.444
0.447
0.412
0.309
0.161
-0.001
-0.139
-0.228
-0.254
-0.263
-0.249
-0.229
-0.215
-0.234
-0.256
-0.275
-0.275
-0.261
-0.241
-0.212
-0.178
-0.156
-0.146
-0.14
-0.158
-0.185
-0.216
-0.248
-0.277
-0.297
-0.311
-0.312
-0.302
-0.274
-0.233
-0.188
-0.143
-0.1
-0.061
-0.024
0.018
0.048
0.076
0.097
0.109
0.118
0.127
0.136
0.146
0.153
0.159
0.164
0.17
0.176
0.182
0.189
0.198
0.211
0.222
0.232
0.247
0.273
0.296
0.31
0.321
0.331
0.341
0.351
0.358
0.365
0.37
0.373
0.376
0.378
0.379
0.381
0.382
0.383
0.384
0.385
0.387
0.389
0.392
0.394
0.39
0.38
0.365
0.34
0.311
0.286
0.263
0.243
0.225
0.208
0.194
0.183
0.17
0.151
0.132
0.116
0.099
0.084
0.074
0.064
0.058
0.054
0.051
0.047
0.044
0.04
0.036
0.031
0.02
-0.002
-0.028
-0.054
-0.07
-0.078
-0.084
-0.087
-0.087
-0.085
-0.079
-0.071
-0.044
-0.014
0.004
0.016
0.023
0.029
0.033
0.037
0.04
0.045
0.051
0.05
0.039
0.029
0.021
0.013
0.007
0.001
-0.009
-0.023
-0.031
-0.035
-0.039
-0.043
-0.048
-0.052
-0.056
-0.06
-0.063
-0.066
-0.068
-0.066
-0.062
-0.057
-0.052
-0.048
-0.043
-0.039
-0.033
-0.029
-0.025
-0.021
-0.017
-0.013
-0.007
-0.002
0.0
0.0
-0.002
-0.008
-0.016
-0.032
-0.056
-0.078
-0.099
-0.112
-0.118
-0.123
-0.129
-0.133
-0.14
-0.161
-0.199
-0.254
-0.313
-0.36
-0.392
-0.424
-0.443
-0.46
-0.471
-0.471
-0.457
-0.419
-0.38
-0.358
-0.337
-0.314
-0.29
-0.266
-0.239
-0.22
-0.212
-0.208
-0.205
-0.201
-0.197
-0.192
-0.184
-0.174
-0.164
-0.155
-0.146
-0.147
-0.161
-0.197
-0.241
-0.281
-0.318
-0.351
-0.381
-0.397
-0.407
-0.413
-0.417
-0.422
-0.426
-0.432
-0.439
-0.454
-0.476
-0.508
-0.545
-0.561
-0.571
-0.577
-0.577
-0.566
-0.535
-0.497
-0.438
-0.362
-0.263
-0.137
0.007
0.164
0.311
0.427
0.489
0.498
0.48
0.412
0.313
0.205
0.109
0.037
0.021
0.017
0.015
0.014
0.012
0.011
0.011
0.012
0.013
0.014
0.015
0.017
0.02
0.023
0.026
0.03
0.031
0.029
0.024
0.02
0.017
0.013
0.009
0.007
0.009
0.013
0.019
0.027
0.039
0.054
0.062
0.067
0.071
0.074
0.077
0.08
0.083
0.086
0.089
0.091
0.094
0.098
0.103
0.107
0.113
0.117
0.121
0.125
0.13
0.137
0.147
0.151
0.154
0.156
0.158
0.158
0.156
0.149
0.142
0.135
0.127
0.121
0.12
0.125
0.134
0.147
0.17
0.194
0.215
0.232
0.254
0.268
0.276
0.282
0.285
0.286
0.283
0.277
0.269
0.255
0.23
0.203
0.181
0.16
0.141
0.121
0.101
0.089
0.083
0.078
0.072
0.065
0.057
0.048
0.034
0.014
0.0
-0.019
-0.042
-0.055
-0.063
-0.068
-0.069
-0.064
-0.055
-0.04
-0.017
0.004
0.027
0.042
0.049
0.054
0.059
0.065
0.071
0.076
0.081
0.087
0.093
0.099
0.104
0.107
0.109
0.111
0.112
0.113
0.115
0.117
0.118
0.119
0.118
0.116
0.112
0.107
0.103
0.098
0.093
0.087
0.082
0.078
0.074
0.07
0.068
0.066
0.065
0.064
0.063
0.063
0.063
0.062
0.062
0.061
0.06
0.059
0.058
0.059
0.059
0.059
0.058
0.058
0.058
0.058
0.057
0.057
0.056
0.055
0.053
0.052
0.051
0.051
0.05
0.048
0.046
0.044
0.042
0.041
0.039
0.036
0.031
0.027
0.025
0.025
0.025
0.024
0.023
0.021
0.019
0.02
0.025
0.034
0.049
0.065
0.068
0.07
0.073
0.075
0.077
0.079
0.079
0.08
0.08
0.08
0.08
0.079
0.078
0.076
0.073
0.069
0.066
0.062
0.058
0.05
0.029
0.009
-0.004
-0.016
-0.025
-0.032
-0.037
-0.039
-0.037
-0.031
-0.025
-0.02
-0.013
-0.007
-0.004
-0.008
-0.016
-0.025
-0.034
-0.046
-0.052
-0.048
-0.036
-0.004
0.066
0.166
0.293
0.434
0.566
0.659
0.686
0.684
0.643
0.554
0.433
0.295
0.161
0.057
0.003
-0.014
-0.001
0.013
0.025
0.025
0.012
-0.007
-0.028
-0.034
-0.037
-0.039
-0.04
-0.042
-0.043
-0.044
-0.045
-0.046
-0.047
-0.048
-0.048
-0.046
-0.044
-0.041
-0.038
-0.036
-0.034
-0.032
-0.03
-0.027
-0.024
-0.022
-0.019
-0.014
-0.008
-0.003
-0.001
-0.002
-0.005
-0.011
-0.018
-0.032
-0.056
-0.079
-0.105
-0.133
-0.159
-0.198
-0.237
-0.261
-0.273
-0.279
-0.284
-0.287
-0.29
-0.291
-0.292
-0.292
-0.291
-0.29
-0.287
-0.284
-0.28
-0.275
-0.266
-0.25
-0.237
-0.222
-0.203
-0.182
-0.159
-0.131
-0.104
-0.082
-0.066
-0.058
-0.053
-0.048
-0.045
-0.052
-0.068
-0.086
-0.109
-0.126
-0.144
-0.158
-0.159
-0.159
-0.16
-0.161
-0.161
-0.155
-0.146
-0.137
-0.126
-0.114
-0.098
-0.085
-0.072
-0.061
-0.052
-0.045
-0.039
-0.036
-0.033
-0.03
-0.026
-0.022
-0.017
-0.012
-0.007
-0.003
-0.001
0.001
0.004
0.008
0.011
0.015
0.017
0.02
0.024
0.027
0.03
0.031
0.031
0.03
0.028
0.027
0.026
0.024
0.022
0.019
0.017
0.015
0.013
0.012
0.01
0.006
0.001
-0.002
-0.006
-0.009
-0.011
-0.012
-0.012
-0.011
-0.007
-0.003
0.002
0.008
0.013
0.02
0.028
0.037
0.043
0.049
0.054
0.057
0.06
0.063
0.067
0.07
0.073
0.074
0.075
0.075
0.074
0.072
0.069
0.065
0.06
0.053
0.038
0.007
-0.025
-0.054
-0.096
-0.142
-0.197
-0.257
-0.31
-0.359
-0.38
-0.391
-0.399
-0.403
-0.394
-0.375
-0.345
-0.303
-0.262
-0.223
-0.187
-0.156
-0.111
-0.064
-0.035
-0.011
0.005
0.02
0.027
0.032
0.036
0.04
0.042
0.044
0.044
0.044
0.044
0.044
0.044
0.044
0.044
0.042
0.041
0.04
0.042
0.046
0.05
0.054
0.06
0.065
0.068
0.065
0.058
0.047
0.032
0.01
0.0
-0.012
-0.022
-0.011
0.023
0.08
0.158
0.26
0.377
0.498
0.608
0.691
0.724
0.719
0.662
0.557
0.42
0.273
0.151
0.064
0.0
-0.052
-0.104
-0.165
-0.212
-0.227
-0.212
-0.187
-0.152
-0.123
-0.106
-0.091
-0.078
-0.069
-0.062
-0.056
-0.05
-0.044
-0.039
-0.034
-0.031
-0.029
-0.026
-0.023
-0.021
-0.018
-0.016
-0.014
-0.01
-0.007
-0.003
0.0
0.004
0.009
0.015
0.024
0.035
0.043
0.051
0.057
0.062
0.068
0.074
0.08
0.085
0.089
0.092
0.096
0.1
0.107
0.115
0.125
0.135
0.142
0.148
0.154
0.16
0.167
0.174
0.18
0.187
0.193
0.201
0.209
0.216
0.22
0.223
0.226
0.228
0.231
0.235
0.238
0.241
0.242
0.241
0.237
0.229
0.22
0.209
0.197
0.181
0.163
0.149
0.135
0.122
0.108
0.095
0.082
0.07
0.059
0.048
0.038
0.029
0.022
0.02
0.019
0.017
0.016
0.014
0.013
0.011
0.01
0.009
0.009
0.009
0.009
0.009
0.01
0.01
0.01
0.009
0.008
0.007
0.005
0.004
0.003
0.003
0.003
0.003
0.003
0.005
0.006
0.008
0.008
0.008
0.008
0.007
0.005
0.003
0.002
0.001
0.0
0.0
0.001
0.002
0.004
0.005
0.006
0.007
0.008
0.008
0.008
0.007
0.006
0.005
0.004
0.003
0.003
0.003
0.004
0.004
0.005
0.006
0.007
0.008
0.008
0.007
0.007
0.006
0.005
0.004
0.003
0.002
0.001
0.001
0.0
0.0
0.0
-0.001
-0.005
-0.007
-0.005
-0.001
0.0
0.001
0.001
0.002
0.003
0.005
0.007
0.01
0.014
0.02
0.027
0.034
0.041
0.047
0.052
0.057
0.064
0.071
0.077
0.082
0.086
0.088
0.09
0.091
0.091
0.088
0.084
0.079
0.074
0.068
0.063
0.056
0.043
0.028
0.012
-0.003
-0.014
-0.022
-0.03
-0.037
-0.044
-0.048
-0.051
-0.053
-0.054
-0.055
-0.056
-0.058
-0.06
-0.064
-0.065
-0.058
-0.04
0.009
0.079
0.174
0.291
0.418
0.536
0.613
0.639
0.615
0.541
0.41
0.26
0.103
-0.037
-0.148
-0.184
-0.197
-0.175
-0.149
-0.129
-0.13
-0.152
-0.161
-0.166
-0.171
-0.175
-0.179
-0.182
-0.185
-0.188
-0.192
-0.196
-0.199
-0.201
-0.201
-0.199
-0.196
-0.194
-0.191
-0.188
-0.185
-0.181
-0.177
-0.173
-0.169
-0.165
-0.16
-0.149
-0.136
-0.124
-0.112
-0.1
-0.089
-0.079
-0.069
-0.06
-0.051
-0.043
-0.036
-0.028
-0.019
-0.008
0.002
0.012
0.021
0.03
0.042
0.056
0.073
0.091
0.102
0.108
0.114
0.119
0.123
0.128
0.134
0.14
0.147
0.153
0.16
0.166
0.172
0.178
0.186
0.196
0.204
0.21
0.212
0.21
0.207
0.202
0.196
0.187
0.169
0.138
0.117
0.101
0.085
0.074
0.066
0.058
0.049
0.042
0.034
0.026
0.017
0.009
0.0
-0.006
-0.009
-0.012
-0.015
-0.019
-0.021
-0.023
-0.024
-0.024
-0.024
-0.023
-0.023
-0.022
-0.021
-0.019
-0.017
-0.016
-0.016
-0.015
-0.013
-0.01
-0.007
-0.004
-0.003
-0.003
-0.003
-0.003
-0.003
-0.003
-0.005
-0.006
-0.002
0.0
0.002
0.005
0.007
0.007
0.007
0.007
0.007
0.008
0.007
0.007
0.005
0.004
0.002
0.001
0.0
-0.001
-0.003
-0.006
-0.008
-0.01
-0.011
-0.012
-0.013
-0.014
-0.016
-0.017
-0.019
-0.021
-0.024
-0.026
-0.028
-0.03
-0.032
-0.034
-0.036
-0.037
-0.038
-0.038
-0.038
-0.037
-0.036
-0.036
-0.035
-0.034
-0.033
-0.032
-0.031
-0.03
-0.028
-0.026
-0.024
-0.021
-0.017
-0.013
-0.009
-0.005
-0.001
0.003
0.008
0.014
0.024
0.038
0.042
0.044
0.048
0.049
0.044
0.03
0.015
-0.002
-0.02
-0.028
-0.034
-0.038
-0.043
-0.047
-0.05
-0.052
-0.054
-0.055
-0.057
-0.058
-0.06
-0.06
-0.061
-0.063
-0.066
-0.069
-0.072
-0.072
-0.068
-0.062
-0.052
-0.038
-0.009
0.046
0.121
0.22
0.345
0.488
0.619
0.693
0.719
0.694
0.617
0.47
0.301
0.141
0.007
-0.084
-0.113
-0.122
-0.104
-0.084
-0.069
-0.068
-0.076
-0.083
-0.09
-0.093
-0.09
-0.085
-0.082
-0.08
-0.079
-0.079
-0.08
-0.08
-0.079
-0.078
-0.077
-0.076
-0.075
-0.074
-0.072
-0.071
-0.069
-0.067
-0.065
-0.062
-0.059
-0.056
-0.052
-0.048
-0.044
-0.038
-0.031
-0.024
-0.018
-0.013
-0.008
-0.003
0.0
0.006
0.012
0.018
0.026
0.034
0.043
0.051
0.058
0.064
0.07
0.077
0.082
0.087
0.093
0.103
0.119
0.136
0.149
0.16
0.167
0.173
0.176
0.179
0.181
0.184
0.186
0.188
0.189
0.189
0.187
0.184
0.18
0.174
0.167
0.156
0.137
0.122
0.102
0.076
0.049
0.023
-0.002
-0.028
-0.048
-0.063
-0.078
-0.101
-0.114
-0.116
-0.117
-0.119
-0.12
-0.121
-0.12
-0.118
-0.116
-0.114
-0.112
-0.11
-0.11
-0.111
-0.112
-0.114
-0.116
-0.118
-0.12
-0.121
-0.122
-0.123
-0.123
-0.124
-0.124
-0.122
-0.12
-0.116
-0.114
-0.112
-0.11
-0.109
-0.107
-0.106
-0.104
-0.102
-0.101
-0.1
-0.098
-0.097
-0.095
-0.094
-0.094
-0.094
-0.094
-0.093
-0.093
-0.092
-0.091
-0.09
-0.09
-0.089
-0.088
-0.087
-0.087
-0.087
-0.087
-0.087
-0.087
-0.088
-0.088
-0.087
-0.087
-0.086
-0.085
-0.083
-0.082
-0.08
-0.078
-0.077
-0.075
-0.073
-0.072
-0.071
-0.069
-0.066
-0.063
-0.059
-0.055
-0.051
-0.043
-0.035
-0.027
-0.019
-0.011
-0.004
0.001
0.006
0.012
0.017
0.02
0.02
0.019
0.014
0.009
0.002
-0.003
-0.008
-0.015
-0.021
-0.027
-0.031
-0.034
-0.037
-0.039
-0.042
-0.044
-0.047
-0.049
-0.051
-0.052
-0.054
-0.057
-0.059
-0.061
-0.064
-0.069
-0.072
-0.073
-0.071
-0.064
-0.053
-0.018
0.019
0.065
0.12
0.188
0.271
0.369
0.474
0.562
0.597
0.59
0.517
0.39
0.242
0.101
0.002
-0.054
-0.082
-0.096
-0.105
-0.111
-0.114
-0.112
-0.105
-0.099
-0.093
-0.089
-0.085
-0.082
-0.079
-0.076
-0.074
-0.072
-0.069
-0.066
-0.062
-0.058
-0.054
-0.052
-0.053
-0.055
-0.057
-0.059
-0.062
-0.065
-0.067
-0.064
-0.057
-0.049
-0.044
-0.039
-0.034
-0.029
-0.023
-0.017
-0.011
-0.006
-0.001
0.003
0.009
0.014
0.019
0.024
0.027
0.03
0.033
0.038
0.044
0.052
0.06
0.068
0.078
0.087
0.097
0.107
0.116
0.125
0.133
0.141
0.148
0.156
0.166
0.174
0.18
0.185
0.19
0.195
0.199
0.201
0.201
0.199
0.197
0.193
0.188
0.183
0.174
0.158
0.142
0.122
0.095
0.066
0.039
0.012
-0.01
-0.023
-0.03
-0.035
-0.039
-0.043
-0.046
-0.048
-0.05
-0.053
-0.056
-0.058
-0.059
-0.059
-0.059
-0.057
-0.056
-0.053
-0.05
-0.044
-0.044
-0.05
-0.053
-0.055
-0.058
-0.06
-0.061
-0.061
-0.059
-0.058
-0.057
-0.056
-0.056
-0.055
-0.053
-0.051
-0.05
-0.049
-0.049
-0.05
-0.05
-0.05
-0.05
-0.051
-0.052
-0.053
-0.053
-0.053
-0.052
-0.052
-0.053
-0.053
-0.053
-0.053
-0.052
-0.052
-0.053
-0.053
-0.053
-0.053
-0.052
-0.051
-0.051
-0.051
-0.051
-0.05
-0.05
-0.05
-0.05
-0.05
-0.05
-0.049
-0.047
-0.046
-0.045
-0.044
-0.043
-0.042
-0.04
-0.038
-0.036
-0.035
-0.035
-0.031
-0.024
-0.017
-0.011
-0.005
0.0
0.005
0.009
0.013
0.017
0.02
0.02
0.019
0.015
0.012
0.007
0.002
-0.002
-0.01
-0.018
-0.025
-0.03
-0.034
-0.036
-0.039
-0.042
-0.044
-0.046
-0.047
-0.046
-0.043
-0.038
-0.034
-0.029
-0.025
-0.018
-0.012
-0.006
-0.002
0.0
0.002
0.006
0.019
0.064
0.133
0.228
0.345
0.465
0.564
0.619
0.637
0.626
0.59
0.52
0.428
0.316
0.189
0.071
-0.02
-0.059
-0.071
-0.051
-0.016
0.012
0.022
0.027
0.03
0.032
0.034
0.035
0.036
0.037
0.038
0.038
0.037
0.037
0.038
0.039
0.039
0.039
0.039
0.038
0.04
0.044
0.049
0.053
0.055
0.057
0.058
0.06
0.061
0.063
0.064
0.066
0.067
0.069
0.07
0.072
0.073
0.074
0.074
0.076
0.079
0.082
0.087
0.101
0.116
0.128
0.139
0.15
0.16
0.17
0.178
0.186
0.193
0.2
0.208
0.216
0.226
0.236
0.241
0.245
0.249
0.253
0.255
0.256
0.258
0.259
0.259
0.258
0.257
0.256
0.254
0.251
0.247
0.243
0.234
0.212
0.19
0.167
0.143
0.123
0.107
0.09
0.073
0.058
0.051
0.047
0.044
0.04
0.036
0.031
0.026
0.02
0.015
0.009
0.004
0.0
-0.002
-0.005
-0.011
-0.014
-0.01
-0.005
0.0
0.003
0.006
0.009
0.01
0.007
0.003
-0.001
-0.005
-0.007
-0.009
-0.01
-0.013
-0.015
-0.016
-0.017
-0.018
-0.019
-0.021
-0.022
-0.023
-0.024
-0.025
-0.026
-0.027
-0.028
-0.029
-0.03
-0.031
-0.031
-0.032
-0.034
-0.035
-0.037
-0.038
-0.041
-0.043
-0.047
-0.049
-0.05
-0.05
-0.049
-0.047
-0.045
-0.042
-0.037
-0.03
-0.04
-0.057
-0.075
-0.105
-0.139
-0.174
-0.212
-0.26
-0.324
-0.39
-0.446
-0.49
-0.529
-0.569
-0.587
-0.6
-0.608
-0.597
-0.563
-0.516
-0.472
-0.441
-0.424
-0.407
-0.389
-0.377
-0.371
-0.365
-0.358
-0.351
-0.338
-0.312
-0.29
-0.278
-0.27
-0.269
-0.273
-0.279
-0.288
-0.306
-0.328
-0.348
-0.362
-0.371
-0.375
-0.371
-0.361
-0.346
-0.321
-0.295
-0.27
-0.253
-0.241
-0.24
-0.248
-0.27
-0.309
-0.351
-0.396
-0.439
-0.482
-0.499
-0.511
-0.506
-0.46
-0.356
-0.203
-0.017
0.178
0.348
0.461
0.502
0.502
0.464
0.389
0.296
0.199
0.099
0.015
-0.028
-0.044
-0.045
-0.033
-0.017
0.004
0.015
0.019
0.023
0.025
0.027
0.029
0.033
0.037
0.04
0.042
0.045
0.05
0.056
0.067
0.077
0.086
0.093
0.099
0.104
0.11
0.116
0.122
0.125
0.127
0.13
0.132
0.134
0.135
0.137
0.138
0.14
0.141
0.143
0.145
0.146
0.148
0.149
0.152
0.155
0.158
0.161
0.165
0.168
0.172
0.177
0.187
0.207
0.224
0.236
0.243
0.253
0.271
0.284
0.289
0.293
0.297
0.3
0.301
0.303
0.304
0.304
0.305
0.305
0.306
0.307
0.308
0.309
0.31
0.309
0.303
0.293
0.277
0.252
0.232
0.216
0.2
0.184
0.168
0.154
0.136
0.114
0.096
0.082
0.063
0.051
0.043
0.037
0.031
0.028
0.025
0.024
0.023
0.022
0.022
0.021
0.02
0.02
0.02
0.021
0.022
0.022
0.022
0.021
0.021
0.021
0.021
0.021
0.02
0.02
0.02
0.02
0.02
0.02
0.019
0.017
0.015
0.013
0.011
0.008
0.0
0.0
0.011
0.018
0.023
0.027
0.031
0.033
0.034
0.034
0.033
0.033
0.032
0.029
0.026
0.022
0.02
0.017
0.015
0.012
0.008
0.006
0.004
0.006
0.009
0.014
0.019
0.024
0.029
0.037
0.046
0.05
0.048
0.041
0.031
0.013
-0.012
-0.026
-0.035
-0.042
-0.045
-0.045
-0.041
-0.034
-0.022
-0.004
0.006
0.014
0.019
0.02
0.018
0.015
0.012
0.009
0.006
0.005
0.006
0.008
0.011
0.013
0.018
0.022
0.016
0.003
-0.01
-0.028
-0.041
-0.048
-0.053
-0.057
-0.061
-0.064
-0.066
-0.068
-0.07
-0.071
-0.073
-0.075
-0.077
-0.079
-0.08
-0.082
-0.083
-0.084
-0.085
-0.085
-0.083
-0.08
-0.076
-0.071
-0.052
-0.008
0.06
0.157
0.276
0.405
0.524
0.601
0.626
0.605
0.539
0.418
0.269
0.115
-0.013
-0.066
-0.079
-0.089
-0.095
-0.1
-0.103
-0.104
-0.105
-0.105
-0.104
-0.104
-0.103
-0.101
-0.098
-0.096
-0.096
-0.095
-0.095
-0.096
-0.096
-0.097
-0.097
-0.097
-0.097
-0.097
-0.097
-0.096
-0.095
-0.093
-0.091
-0.089
-0.087
-0.085
-0.084
-0.082
-0.08
-0.077
-0.075
-0.072
-0.068
-0.063
-0.056
-0.049
-0.041
-0.032
-0.023
-0.014
-0.004
0.005
0.012
0.017
0.021
0.025
0.03
0.036
0.044
0.052
0.062
0.073
0.088
0.105
0.117
0.127
0.134
0.139
0.142
0.146
0.149
0.152
0.155
0.157
0.158
0.158
0.154
0.149
0.142
0.13
0.104
0.085
0.076
0.069
0.06
0.051
0.042
0.031
0.019
0.009
0.0
-0.009
-0.019
-0.029
-0.039
-0.045
-0.049
-0.053
-0.057
-0.061
-0.066
-0.071
-0.075
-0.08
-0.086
-0.096
-0.111
-0.12
-0.125
-0.127
-0.129
-0.132
-0.134
-0.137
-0.139
-0.14
-0.14
-0.14
-0.14
-0.138
-0.136
-0.132
-0.128
-0.123
-0.118
-0.11
-0.094
-0.08
-0.068
-0.059
-0.052
-0.045
-0.038
-0.033
-0.027
-0.023
-0.02
-0.019
-0.021
-0.025
-0.032
-0.042
-0.078
-0.131
-0.178
-0.195
-0.205
-0.212
-0.219
-0.221
-0.215
-0.197
-0.148
-0.091
-0.063
-0.054
-0.05
-0.046
-0.042
-0.038
-0.035
-0.033
-0.03
-0.027
-0.025
-0.023
-0.023
-0.026
-0.028
-0.031
-0.033
-0.035
-0.039
-0.043
-0.047
-0.049
-0.047
-0.043
-0.037
-0.03
-0.024
-0.018
-0.011
-0.003
0.005
0.014
0.022
0.028
0.033
0.038
0.042
0.045
0.048
0.05
0.049
0.047
0.044
0.04
0.035
0.03
0.026
0.02
0.013
0.007
0.002
-0.002
-0.006
-0.01
-0.014
-0.018
-0.023
-0.026
-0.029
-0.031
-0.032
-0.033
-0.034
-0.034
-0.033
-0.03
-0.026
-0.021
-0.015
-0.008
0.022
0.103
0.217
0.353
0.497
0.629
0.731
0.765
0.757
0.679
0.548
0.395
0.246
0.125
0.042
0.009
0.0
-0.004
-0.008
-0.012
-0.015
-0.018
-0.02
-0.021
-0.021
-0.021
-0.019
-0.016
-0.013
-0.01
-0.007
-0.003
0.0
0.005
0.009
0.012
0.016
0.02
0.025
0.03
0.035
0.04
0.044
0.047
0.05
0.054
0.057
0.062
0.069
0.085
0.1
0.113
0.122
0.131
0.141
0.152
0.164
0.178
0.191
0.203
0.21
0.215
0.218
0.222
0.226
0.23
0.234
0.237
0.241
0.247
0.256
0.274
0.293
0.307
0.316
0.325
0.333
0.34
0.347
0.352
0.356
0.36
0.364
0.367
0.369
0.369
0.368
0.366
0.364
0.359
0.354
0.348
0.338
0.318
0.302
0.281
0.255
0.23
0.205
0.184
0.168
0.156
0.149
0.144
0.141
0.137
0.133
0.129
0.126
0.123
0.118
0.11
0.095
0.079
0.068
0.059
0.053
0.052
0.055
0.058
0.061
0.065
0.067
0.067
0.061
0.052
0.044
0.034
0.024
0.013
0.0
-0.015
-0.035
-0.063
-0.093
-0.139
-0.185
-0.208
-0.223
-0.234
-0.234
-0.222
-0.188
-0.143
-0.098
-0.057
-0.035
-0.023
-0.018
-0.013
-0.009
-0.002
0.003
0.009
0.012
0.016
0.02
0.024
0.027
0.029
0.031
0.033
0.035
0.036
0.037
0.038
0.038
0.038
0.041
0.047
0.037
0.021
0.0
-0.022
-0.049
-0.081
-0.102
-0.111
-0.117
-0.12
-0.119
-0.115
-0.107
-0.113
-0.141
-0.168
-0.199
-0.228
-0.257
-0.285
-0.3
-0.308
-0.315
-0.318
-0.316
-0.311
-0.305
-0.296
-0.283
-0.267
-0.245
-0.218
-0.17
-0.113
-0.054
-0.002
0.024
0.035
0.04
0.044
0.047
0.049
0.05
0.05
0.049
0.047
0.046
0.045
0.044
0.043
0.042
0.041
0.039
0.037
0.036
0.034
0.033
0.03
0.028
0.025
0.023
0.021
0.018
0.014
0.006
-0.001
-0.008
-0.014
-0.025
-0.037
-0.028
-0.003
0.063
0.168
0.309
0.474
0.634
0.755
0.787
0.777
0.692
0.541
0.345
0.13
-0.07
-0.227
-0.322
-0.349
-0.357
-0.365
-0.374
-0.4
-0.449
-0.5
-0.522
-0.529
-0.533
-0.536
-0.538
-0.539
-0.54
-0.54
-0.538
-0.536
-0.531
-0.527
-0.521
-0.512
-0.499
-0.488
-0.478
