0.644
0.764
0.888
1.012
1.117
1.159
1.149
1.118
1.106
1.098
1.091
1.084
1.079
1.075
1.071
1.065
1.058
1.051
1.044
1.036
1.028
1.022
1.016
1.01
1.002
0.995
0.987
0.979
0.97
0.957
0.944
0.933
0.922
0.913
0.906
0.898
0.891
0.883
0.875
0.867
0.86
0.853
0.846
0.839
0.834
0.831
0.827
0.824
0.82
0.815
0.811
0.808
0.804
0.799
0.793
0.786
0.78
0.775
0.77
0.765
0.76
0.755
0.749
0.742
0.732
0.711
0.679
0.662
0.653
0.644
0.632
0.62
0.609
0.598
0.589
0.584
0.58
0.577
0.574
0.571
0.569
0.566
0.563
0.559
0.553
0.547
0.54
0.533
0.527
0.521
0.515
0.51
0.505
0.5
0.495
0.492
0.488
0.484
0.479
0.474
0.467
0.459
0.452
0.444
0.435
0.425
0.412
0.395
0.386
0.379
0.374
0.369
0.366
0.362
0.359
0.355
0.352
0.349
0.346
0.342
0.337
0.328
0.319
0.308
0.297
0.284
0.27
0.257
0.244
0.228
0.21
0.189
0.179
0.173
0.168
0.164
0.16
0.156
0.154
0.153
0.153
0.153
0.153
0.153
0.152
0.151
0.15
0.149
0.148
0.146
0.143
0.138
0.131
0.124
0.116
0.105
0.096
0.089
0.082
0.072
0.06
0.058
0.067
0.072
0.076
0.081
0.083
0.08
0.073
0.064
0.053
0.037
0.03
0.026
0.022
0.019
0.016
0.014
0.014
0.015
0.017
0.019
0.022
0.027
0.034
0.032
0.013
0.0
-0.008
-0.015
-0.022
-0.029
-0.036
-0.042
-0.048
-0.055
-0.063
-0.07
-0.076
-0.081
-0.085
-0.091
-0.1
-0.104
-0.099
-0.088
-0.082
-0.078
-0.075
-0.072
-0.069
-0.065
-0.06
-0.055
-0.05
-0.044
-0.037
-0.028
-0.006
0.029
0.081
0.132
0.182
0.222
0.237
0.237
0.223
0.182
0.125
0.065
0.008
-0.042
-0.062
-0.072
-0.079
-0.079
-0.066
-0.058
-0.052
-0.047
-0.043
-0.041
-0.042
-0.044
-0.048
-0.051
-0.055
-0.057
-0.058
-0.06
-0.062
-0.065
-0.068
-0.071
-0.074
-0.077
-0.081
-0.085
-0.09
-0.094
-0.099
-0.105
-0.116
-0.125
-0.129
-0.131
-0.133
-0.137
-0.143
-0.147
-0.144
-0.136
-0.131
-0.127
-0.123
-0.119
-0.115
-0.11
-0.105
-0.101
-0.096
-0.093
-0.089
-0.087
-0.084
-0.08
-0.076
-0.073
-0.069
-0.067
-0.066
-0.065
-0.064
-0.063
-0.063
-0.063
-0.063
-0.063
-0.063
-0.062
-0.061
-0.059
-0.057
-0.055
-0.053
-0.051
-0.049
-0.047
-0.046
-0.044
-0.042
-0.039
-0.035
-0.031
-0.026
-0.021
-0.016
-0.012
-0.009
-0.006
-0.005
-0.004
-0.003
-0.003
-0.002
-0.001
0.001
0.004
0.008
0.009
0.005
0.0
-0.006
-0.011
-0.016
-0.021
-0.026
-0.031
-0.035
-0.038
-0.04
-0.04
-0.04
-0.04
-0.041
-0.042
-0.043
-0.045
-0.048
-0.051
-0.054
-0.057
-0.059
-0.06
-0.061
-0.061
-0.061
-0.063
-0.064
-0.066
-0.067
-0.067
-0.066
-0.063
-0.06
-0.055
-0.048
-0.042
-0.041
-0.043
-0.046
-0.046
-0.047
-0.048
-0.049
-0.051
-0.053
-0.054
-0.054
-0.053
-0.052
-0.05
-0.049
-0.048
-0.047
-0.047
-0.047
-0.046
-0.046
-0.047
-0.046
-0.046
-0.046
-0.047
-0.049
-0.051
-0.051
-0.052
-0.052
-0.054
-0.055
-0.056
-0.057
-0.057
-0.056
-0.055
-0.054
-0.054
-0.054
-0.053
-0.053
-0.052
-0.052
-0.053
-0.054
-0.056
-0.058
-0.06
-0.06
-0.061
-0.061
-0.061
-0.061
-0.061
-0.061
-0.061
-0.06
-0.059
-0.057
-0.055
-0.053
-0.051
-0.05
-0.048
-0.046
-0.044
-0.04
-0.037
-0.034
-0.031
-0.03
-0.029
-0.03
-0.032
-0.036
-0.04
-0.045
-0.051
-0.055
-0.058
-0.06
-0.062
-0.064
-0.065
-0.066
-0.067
-0.068
-0.069
-0.07
-0.07
-0.071
-0.071
-0.071
-0.071
-0.07
-0.07
-0.069
-0.068
-0.068
-0.067
-0.067
-0.067
-0.068
-0.067
-0.067
-0.066
-0.065
-0.064
-0.063
-0.06
-0.058
-0.056
-0.048
-0.024
0.019
0.079
0.154
0.231
0.272
0.286
0.259
0.175
0.044
-0.088
-0.186
-0.224
-0.238
-0.237
-0.224
-0.209
-0.194
-0.177
-0.155
-0.124
-0.099
-0.086
-0.076
-0.068
-0.063
-0.059
-0.056
-0.053
-0.051
-0.049
-0.046
-0.044
-0.042
-0.04
-0.039
-0.039
-0.039
-0.038
-0.038
-0.038
-0.038
-0.037
-0.035
-0.032
-0.029
-0.029
-0.03
-0.032
-0.035
-0.037
-0.04
-0.043
-0.047
-0.046
-0.037
-0.024
-0.014
-0.005
0.002
0.008
0.012
0.014
0.016
0.017
0.017
0.018
0.02
0.022
0.023
0.024
0.022
0.018
0.013
0.009
0.005
0.0
-0.002
-0.001
0.001
0.004
0.006
0.007
0.009
0.011
0.013
0.016
0.018
0.02
0.022
0.023
0.024
0.024
0.024
0.025
0.024
0.023
0.021
0.02
0.018
0.017
0.016
0.014
0.012
0.01
0.007
0.004
0.0
-0.003
-0.009
-0.015
-0.021
-0.027
-0.031
-0.036
-0.04
-0.043
-0.045
-0.046
-0.046
-0.046
-0.045
-0.045
-0.046
-0.046
-0.045
-0.044
-0.044
-0.045
-0.045
-0.044
-0.044
-0.043
-0.043
-0.042
-0.043
-0.043
-0.042
-0.042
-0.042
-0.043
-0.044
-0.045
-0.046
-0.047
-0.048
-0.05
-0.051
-0.052
-0.052
-0.053
-0.054
-0.055
-0.056
-0.057
-0.057
-0.058
-0.058
-0.057
-0.057
-0.057
-0.056
-0.056
-0.056
-0.057
-0.057
-0.057
-0.057
-0.055
-0.052
-0.049
-0.047
-0.045
-0.043
-0.041
-0.04
-0.038
-0.037
-0.036
-0.036
-0.036
-0.037
-0.038
-0.039
-0.04
-0.041
-0.042
-0.043
-0.045
-0.045
-0.046
-0.049
-0.051
-0.051
-0.045
-0.038
-0.035
-0.033
-0.031
-0.029
-0.027
-0.026
-0.025
-0.023
-0.022
-0.021
-0.02
-0.018
-0.016
-0.015
-0.014
-0.013
-0.012
-0.01
-0.009
-0.007
-0.004
-0.001
0.002
0.008
0.013
0.018
0.02
0.018
0.015
0.01
0.004
-0.001
-0.006
-0.012
-0.018
-0.024
-0.028
-0.03
-0.031
-0.031
-0.032
-0.034
-0.036
-0.038
-0.04
-0.039
-0.032
-0.024
-0.019
-0.013
-0.008
-0.004
-0.003
-0.004
-0.007
-0.011
-0.016
-0.02
-0.026
-0.031
-0.036
-0.037
-0.037
-0.033
-0.025
-0.013
0.029
0.081
0.141
0.209
0.275
0.317
0.319
0.287
0.195
0.07
-0.064
-0.174
-0.227
-0.246
-0.245
-0.222
-0.188
-0.149
-0.114
-0.08
-0.048
-0.012
0.007
0.017
0.025
0.032
0.036
0.038
0.04
0.041
0.042
0.043
0.043
0.044
0.046
0.049
0.05
0.048
0.042
0.034
0.023
0.009
0.006
0.004
0.002
0.0
-0.001
0.0
0.002
0.005
0.007
0.01
0.011
0.009
0.003
-0.003
-0.007
-0.014
-0.021
-0.024
-0.021
-0.012
-0.001
0.006
0.016
0.025
0.031
0.032
0.03
0.027
0.023
0.02
0.015
0.011
0.008
0.007
0.01
0.016
0.022
0.028
0.036
0.043
0.043
0.037
0.031
0.027
0.024
0.021
0.018
0.016
0.015
0.016
0.018
0.022
0.027
0.032
0.036
0.04
0.045
0.049
0.052
0.054
0.052
0.048
0.043
0.037
0.031
0.027
0.022
0.016
0.01
0.005
0.002
0.001
0.001
0.001
0.0
0.0
0.0
0.001
0.003
0.005
0.005
0.003
0.002
0.0
0.0
0.0
0.0
0.0
0.0
-0.001
-0.001
-0.001
0.0
0.001
0.003
0.005
0.007
0.008
0.009
0.01
0.012
0.013
0.013
0.014
0.014
0.014
0.014
0.014
0.013
0.01
0.008
0.004
0.0
-0.003
-0.01
-0.023
-0.027
-0.029
-0.031
-0.032
-0.033
-0.033
-0.034
-0.035
-0.036
-0.038
-0.039
-0.04
-0.041
-0.042
-0.043
-0.044
-0.044
-0.045
-0.046
-0.047
-0.049
-0.05
-0.051
-0.053
-0.053
-0.054
-0.054
-0.055
-0.055
-0.055
-0.054
-0.054
-0.054
-0.053
-0.053
-0.053
-0.052
-0.052
-0.051
-0.051
-0.052
-0.052
-0.052
-0.052
-0.051
-0.051
-0.05
-0.05
-0.051
-0.051
-0.051
-0.051
-0.051
-0.052
-0.052
-0.052
-0.052
-0.052
-0.053
-0.053
-0.054
-0.055
-0.056
-0.055
-0.053
-0.048
-0.041
-0.028
-0.008
0.003
0.01
0.015
0.015
0.01
0.002
-0.004
-0.011
-0.019
-0.028
-0.036
-0.041
-0.046
-0.051
-0.055
-0.058
-0.06
-0.061
-0.061
-0.061
-0.061
-0.06
-0.059
-0.058
-0.057
-0.056
-0.055
-0.054
-0.053
-0.052
-0.051
-0.049
-0.047
-0.045
-0.043
-0.041
-0.039
-0.036
-0.032
-0.017
0.014
0.053
0.106
0.177
0.252
0.306
0.312
0.292
0.216
0.115
0.02
-0.05
-0.075
-0.083
-0.088
-0.093
-0.097
-0.102
-0.11
-0.108
-0.091
-0.063
-0.042
-0.035
-0.029
-0.027
-0.031
-0.038
-0.044
-0.05
-0.053
-0.047
-0.035
-0.026
-0.016
-0.009
-0.004
0.0
0.001
0.003
0.004
0.006
0.007
0.009
0.011
0.013
0.014
0.015
0.016
0.016
0.017
0.017
0.017
0.017
0.017
0.018
0.019
0.021
0.023
0.023
0.023
0.021
0.019
0.018
0.017
0.015
0.013
0.011
0.01
0.009
0.009
0.01
0.013
0.016
0.02
0.025
0.033
0.047
0.055
0.061
0.066
0.069
0.068
0.063
0.056
0.049
0.042
0.035
0.027
0.019
0.011
0.001
-0.003
0.001
0.011
0.02
0.028
0.035
0.039
0.042
0.045
0.05
0.053
0.047
0.037
0.032
0.027
0.022
0.018
0.015
0.014
0.013
0.014
0.014
0.016
0.017
0.019
0.024
0.026
0.023
0.017
0.014
0.012
0.01
0.008
0.007
0.006
0.005
0.004
0.005
0.007
0.009
0.012
0.016
0.019
0.023
0.027
0.031
0.036
0.039
0.041
0.039
0.035
0.029
0.022
0.017
0.012
0.007
0.003
0.0
-0.001
-0.003
-0.005
-0.006
-0.007
-0.008
-0.009
-0.01
-0.011
-0.011
-0.011
-0.011
-0.011
-0.011
-0.011
-0.01
-0.01
-0.009
-0.008
-0.008
-0.014
-0.021
-0.026
-0.03
-0.033
-0.036
-0.038
-0.041
-0.044
-0.047
-0.049
-0.051
-0.054
-0.058
-0.06
-0.058
-0.053
-0.046
-0.038
-0.028
-0.021
-0.016
-0.011
-0.005
-0.004
-0.007
-0.008
-0.01
-0.011
-0.013
-0.014
-0.015
-0.015
-0.017
-0.018
-0.019
-0.021
-0.021
-0.022
-0.023
-0.024
-0.026
-0.028
-0.029
-0.029
-0.028
-0.026
-0.024
-0.022
-0.021
-0.019
-0.016
-0.014
-0.011
-0.007
-0.003
0.0
0.002
0.005
0.008
0.012
0.015
0.016
0.015
0.013
0.009
0.005
0.001
-0.002
-0.006
-0.011
-0.015
-0.017
-0.018
-0.019
-0.022
-0.027
-0.012
-0.004
-0.001
0.001
0.004
0.006
0.008
0.009
0.009
0.01
0.012
0.014
0.016
0.016
0.016
0.016
0.016
0.017
0.018
0.02
0.022
0.038
0.076
0.129
0.199
0.28
0.351
0.376
0.369
0.31
0.21
0.096
-0.004
-0.061
-0.081
-0.083
-0.076
-0.071
-0.068
-0.064
-0.061
-0.057
-0.052
-0.042
-0.024
-0.012
-0.006
-0.001
0.0
0.0
0.0
-0.002
-0.004
-0.004
-0.005
-0.005
-0.007
-0.008
-0.009
-0.01
-0.012
-0.013
-0.014
-0.016
-0.016
-0.017
-0.017
-0.017
-0.017
-0.017
-0.016
-0.015
-0.015
-0.016
-0.016
-0.016
-0.016
-0.015
-0.015
-0.014
-0.014
-0.013
-0.012
-0.011
-0.01
-0.009
-0.008
-0.007
-0.006
-0.004
-0.003
-0.002
0.0
0.0
0.002
0.007
0.012
0.02
0.027
0.032
0.037
0.041
0.045
0.047
0.046
0.045
0.042
0.039
0.036
0.034
0.031
0.028
0.025
0.023
0.022
0.023
0.026
0.03
0.035
0.04
0.044
0.048
0.052
0.057
0.06
0.063
0.063
0.062
0.06
0.057
0.054
0.051
0.047
0.042
0.034
0.025
0.016
0.011
0.006
0.001
-0.002
-0.005
-0.005
-0.004
-0.003
-0.001
0.0
0.002
0.005
0.008
0.011
0.012
0.011
0.009
0.005
0.001
0.0
-0.003
-0.006
-0.01
-0.013
-0.016
-0.018
-0.02
-0.021
-0.023
-0.025
-0.026
-0.027
-0.027
-0.028
-0.029
-0.032
-0.034
-0.036
-0.037
-0.038
-0.038
-0.037
-0.037
-0.036
-0.034
-0.031
-0.029
-0.026
-0.023
-0.021
-0.019
-0.017
-0.014
-0.011
-0.01
-0.01
-0.012
-0.016
-0.021
-0.026
-0.031
-0.035
-0.04
-0.045
-0.049
-0.053
-0.056
-0.057
-0.058
-0.058
-0.057
-0.055
-0.053
-0.05
-0.046
-0.043
-0.039
-0.036
-0.033
-0.03
-0.027
-0.025
-0.022
-0.021
-0.02
-0.021
-0.022
-0.024
-0.025
-0.027
-0.03
-0.032
-0.036
-0.044
-0.049
-0.052
-0.055
-0.057
-0.06
-0.06
-0.056
-0.05
-0.043
-0.036
-0.027
-0.016
0.002
0.02
0.026
0.031
0.034
0.034
0.028
0.02
0.01
-0.003
-0.011
-0.015
-0.018
-0.021
-0.023
-0.025
-0.026
-0.027
-0.028
-0.028
-0.03
-0.031
-0.032
-0.033
-0.032
-0.03
-0.027
-0.024
-0.021
-0.015
-0.012
-0.014
-0.02
-0.025
-0.03
-0.033
-0.032
-0.027
-0.018
-0.003
0.021
0.067
0.122
0.18
0.237
0.288
0.305
0.293
0.257
0.158
0.025
-0.11
-0.215
-0.255
-0.269
-0.257
-0.223
-0.191
-0.178
-0.169
-0.146
-0.112
-0.077
-0.056
-0.036
-0.014
-0.003
0.0
0.004
0.007
0.01
0.012
0.013
0.013
0.013
0.012
0.012
0.012
0.011
0.01
0.007
0.004
0.002
0.0
-0.001
-0.003
-0.005
-0.008
-0.01
-0.01
-0.008
-0.004
0.0
0.004
0.008
0.011
0.016
0.021
0.026
0.029
0.029
0.029
0.028
0.028
0.027
0.027
0.025
0.022
0.019
0.019
0.026
0.037
0.055
0.073
0.077
0.08
0.082
0.085
0.086
0.086
0.084
0.081
0.076
0.071
0.066
0.061
0.055
0.049
0.042
0.036
0.029
0.022
0.017
0.017
0.026
0.036
0.044
0.052
0.06
0.064
0.066
0.067
0.068
0.071
0.074
0.057
0.043
0.035
0.028
0.021
0.016
0.011
0.007
0.004
0.0
-0.004
-0.007
-0.007
-0.007
-0.007
-0.007
-0.008
-0.011
-0.012
-0.007
-0.004
-0.003
-0.001
-0.001
-0.001
-0.001
-0.001
0.0
0.0
0.0
0.0
0.0
0.0
0.0
0.0
0.0
0.0
0.001
0.002
0.003
0.004
0.005
0.006
0.007
0.008
0.008
0.009
0.011
0.013
0.016
0.018
0.019
0.018
0.017
0.015
0.014
0.014
0.013
0.011
0.01
0.008
0.006
0.004
0.002
0.0
-0.002
-0.006
-0.009
-0.012
-0.014
-0.018
-0.024
-0.031
-0.035
-0.036
-0.037
-0.037
-0.038
-0.041
-0.043
-0.043
-0.039
-0.034
-0.031
-0.029
-0.028
-0.027
-0.026
-0.025
-0.024
-0.022
-0.022
-0.022
-0.022
-0.022
-0.023
-0.023
-0.023
-0.023
-0.023
-0.023
-0.023
-0.022
-0.022
-0.022
-0.022
-0.023
-0.023
-0.023
-0.023
-0.022
-0.02
-0.017
-0.016
-0.016
-0.017
-0.019
-0.022
-0.025
-0.027
-0.028
-0.026
-0.024
-0.023
-0.022
-0.02
-0.019
-0.018
-0.019
-0.022
-0.026
-0.03
-0.032
-0.034
-0.035
-0.037
-0.039
-0.041
-0.043
-0.045
-0.046
-0.047
-0.048
-0.049
-0.05
-0.05
-0.049
-0.048
-0.047
-0.047
-0.046
-0.044
-0.043
-0.041
-0.038
-0.035
-0.032
-0.03
-0.021
0.001
0.037
0.088
0.159
0.241
0.306
0.315
0.296
0.207
0.094
-0.013
-0.09
-0.119
-0.128
-0.114
-0.103
-0.097
-0.093
-0.088
-0.08
-0.071
-0.062
-0.055
-0.048
-0.04
-0.033
-0.027
-0.024
-0.022
-0.02
-0.017
-0.014
-0.012
-0.01
-0.007
-0.005
-0.003
-0.002
-0.002
-0.004
-0.006
-0.009
-0.013
-0.017
-0.024
-0.028
-0.023
-0.013
-0.005
0.002
0.009
0.011
0.012
0.012
0.013
0.015
0.016
0.014
0.009
0.006
0.004
0.003
0.002
0.001
0.0
0.0
0.0
0.001
0.003
0.005
0.008
0.011
0.013
0.014
0.015
0.016
0.017
0.018
0.018
0.019
0.02
0.02
0.021
0.022
0.023
0.024
0.025
0.026
0.026
0.026
0.026
0.026
0.027
0.028
0.028
0.029
0.031
0.034
0.037
0.039
0.041
0.041
0.041
0.04
0.038
0.036
0.034
0.03
0.027
0.024
0.022
0.021
0.02
0.018
0.017
0.015
0.013
0.012
0.012
0.011
0.009
0.008
0.007
0.006
0.006
0.005
0.005
0.005
0.005
0.004
0.004
0.003
0.002
0.001
0.0
-0.001
-0.006
-0.01
-0.01
-0.005
0.001
0.007
0.015
0.02
0.02
0.015
0.008
-0.004
-0.013
-0.015
-0.016
-0.017
-0.018
-0.018
-0.017
-0.015
-0.012
-0.009
-0.006
-0.003
-0.004
-0.008
-0.012
-0.013
-0.015
-0.016
-0.017
-0.019
-0.021
-0.022
-0.023
-0.025
-0.026
-0.026
-0.027
-0.028
-0.028
-0.028
-0.028
-0.028
-0.028
-0.027
-0.026
-0.025
-0.024
-0.023
-0.022
-0.021
-0.02
-0.018
-0.016
-0.015
-0.013
-0.011
-0.009
-0.008
-0.006
-0.004
-0.003
-0.002
-0.002
-0.003
-0.004
-0.005
-0.006
-0.007
-0.008
-0.009
-0.01
-0.011
-0.015
-0.018
-0.019
-0.015
-0.008
-0.002
0.006
0.01
0.012
0.014
0.017
0.019
0.02
0.019
0.017
0.015
0.014
0.012
0.011
0.011
0.012
0.013
0.014
0.015
0.018
0.019
0.014
0.006
0.003
0.0
-0.001
-0.003
-0.005
-0.006
-0.008
-0.01
-0.012
-0.013
-0.014
-0.015
-0.015
-0.016
-0.016
-0.016
-0.016
-0.015
-0.014
-0.013
-0.012
-0.011
-0.01
-0.008
-0.007
-0.005
-0.003
0.008
0.036
0.08
0.146
0.22
0.284
0.32
0.32
0.289
0.207
0.104
0.002
-0.055
-0.076
-0.077
-0.071
-0.066
-0.062
-0.058
-0.049
-0.037
-0.027
-0.015
-0.006
-0.004
-0.006
-0.01
-0.013
-0.018
-0.021
-0.021
-0.017
-0.012
-0.01
-0.01
-0.01
-0.01
-0.009
-0.008
-0.007
-0.005
-0.004
-0.004
-0.004
-0.003
-0.003
-0.003
-0.003
-0.004
-0.004
-0.004
-0.004
-0.004
-0.003
-0.002
-0.001
0.0
0.001
0.005
0.0
-0.007
-0.014
-0.013
-0.005
0.0
0.001
0.003
0.004
0.005
0.004
0.004
0.005
0.007
0.008
0.01
0.01
0.011
0.011
0.012
0.013
0.015
0.016
0.017
0.019
0.023
0.028
0.033
0.038
0.043
0.049
0.053
0.053
0.05
0.045
0.04
0.033
0.032
0.034
0.035
0.037
0.038
0.039
0.041
0.043
0.046
0.05
0.054
0.058
0.063
0.067
0.071
0.077
0.077
0.066
0.049
0.031
0.021
0.014
0.008
0.004
0.0
-0.003
-0.006
-0.003
0.001
0.009
0.017
0.017
0.018
0.018
0.018
0.017
0.017
0.015
0.013
0.011
0.008
0.006
0.003
0.0
-0.002
-0.005
-0.007
-0.01
-0.012
-0.013
-0.013
-0.01
-0.007
-0.004
-0.001
0.001
0.001
-0.001
-0.005
-0.009
-0.013
-0.016
-0.017
-0.013
-0.009
-0.005
-0.002
0.0
0.002
0.001
-0.002
-0.007
-0.012
-0.015
-0.018
-0.021
-0.024
-0.026
-0.028
-0.028
-0.029
-0.029
-0.028
-0.028
-0.028
-0.027
-0.026
-0.025
-0.024
-0.025
-0.029
-0.034
-0.038
-0.042
-0.046
-0.048
-0.048
-0.047
-0.044
-0.041
-0.039
-0.036
-0.034
-0.032
-0.031
-0.03
-0.029
-0.028
-0.028
-0.028
-0.029
-0.031
-0.033
-0.035
-0.044
-0.057
-0.061
-0.063
-0.065
-0.065
-0.062
-0.058
-0.054
-0.05
-0.046
-0.041
-0.037
-0.034
-0.03
-0.024
-0.011
0.001
0.009
0.017
0.024
0.029
0.031
0.027
0.017
0.002
-0.016
-0.03
-0.041
-0.049
-0.057
-0.064
-0.064
-0.058
-0.041
-0.024
-0.019
-0.016
-0.013
-0.013
-0.013
-0.016
-0.019
-0.022
-0.024
-0.027
-0.029
-0.032
-0.034
-0.034
-0.033
-0.03
-0.026
-0.022
-0.013
0.0
0.023
0.05
0.089
0.139
0.197
0.258
0.311
0.327
0.318
0.257
0.15
0.017
-0.107
-0.196
-0.227
-0.237
-0.228
-0.201
-0.169
-0.132
-0.097
-0.072
-0.055
-0.041
-0.033
-0.027
-0.021
-0.013
-0.002
0.003
0.005
0.006
0.008
0.009
0.01
0.012
0.013
0.013
0.014
0.014
0.015
0.015
0.016
0.015
0.015
0.016
0.018
0.02
0.02
0.018
0.014
0.01
0.005
0.003
0.002
0.001
0.0
0.008
0.024
0.036
0.04
0.042
0.044
0.045
0.045
0.046
0.047
0.048
0.049
0.049
0.049
0.049
0.05
0.05
0.051
0.052
0.052
0.052
0.052
0.052
0.052
0.052
0.05
0.047
0.056
0.061
0.064
0.068
0.07
0.072
0.072
0.073
0.073
0.073
0.073
0.073
0.072
0.071
0.07
0.07
0.071
0.074
0.075
0.077
0.079
0.079
0.076
0.07
0.064
0.058
0.053
0.046
0.041
0.037
0.034
0.031
0.028
0.026
0.023
0.021
0.019
0.018
0.016
0.014
0.012
0.011
0.01
0.009
0.009
0.009
0.009
0.009
0.008
0.007
0.006
0.005
0.004
0.002
0.0
-0.002
-0.004
-0.006
-0.007
-0.009
-0.01
-0.012
-0.013
-0.015
-0.016
-0.017
-0.019
-0.02
-0.02
-0.021
-0.021
-0.021
-0.021
-0.021
-0.02
-0.019
-0.02
-0.028
-0.033
-0.038
-0.041
-0.043
-0.043
-0.041
-0.038
-0.036
-0.033
-0.029
-0.025
-0.022
-0.023
-0.027
-0.034
-0.044
-0.056
-0.061
-0.064
-0.063
-0.056
-0.051
-0.047
-0.044
-0.041
-0.039
-0.039
-0.041
-0.043
-0.045
-0.048
-0.054
-0.052
-0.039
-0.031
-0.025
-0.018
-0.014
-0.012
-0.014
-0.017
-0.02
-0.023
-0.025
-0.027
-0.029
-0.032
-0.035
-0.036
-0.036
-0.035
-0.034
-0.033
-0.032
-0.031
-0.03
-0.028
-0.026
-0.025
-0.025
-0.024
-0.022
-0.019
-0.017
-0.014
-0.012
-0.009
-0.004
0.0
0.0
-0.003
-0.009
-0.016
-0.026
-0.038
-0.044
-0.049
-0.052
-0.055
-0.057
-0.057
-0.055
-0.053
-0.05
-0.048
-0.047
-0.046
-0.046
-0.045
-0.044
-0.043
-0.041
-0.04
-0.038
-0.037
-0.036
-0.034
-0.033
-0.031
-0.029
-0.025
-0.007
0.044
0.109
0.177
0.242
0.284
0.298
0.281
0.228
0.118
-0.019
-0.147
-0.239
-0.278
-0.282
-0.258
-0.211
-0.164
-0.115
-0.07
-0.051
-0.046
-0.043
-0.041
-0.037
-0.034
-0.03
-0.024
-0.011
0.002
0.004
0.006
0.007
0.007
0.007
0.007
0.008
0.008
0.008
0.007
0.007
0.008
0.007
0.006
0.005
0.005
0.005
0.006
0.007
0.007
0.008
0.008
0.009
0.011
0.013
0.015
0.016
0.017
0.018
0.02
0.022
0.024
0.026
0.026
0.026
0.026
0.028
0.029
0.031
0.032
0.033
0.034
0.035
0.037
0.039
0.041
0.043
0.043
0.044
0.046
0.048
0.049
0.05
0.052
0.053
0.054
0.056
0.058
0.06
0.062
0.063
0.067
0.071
0.072
0.07
0.064
0.06
0.058
0.057
0.056
0.055
0.053
0.052
0.051
0.05
0.049
0.047
0.045
0.044
0.043
0.042
0.042
0.04
0.039
0.037
0.035
0.032
0.03
0.025
0.019
0.014
0.011
0.008
0.006
0.004
0.003
0.001
0.0
0.0
-0.001
-0.001
-0.002
-0.003
-0.004
-0.005
-0.005
-0.004
-0.004
-0.002
-0.002
-0.001
-0.001
-0.001
-0.001
-0.001
-0.001
-0.002
-0.002
-0.003
-0.003
-0.003
-0.003
-0.003
-0.002
-0.002
-0.001
-0.002
-0.003
-0.004
-0.007
-0.009
-0.008
-0.005
-0.004
-0.002
0.0
0.001
0.001
0.0
-0.003
-0.008
-0.017
-0.026
-0.029
-0.03
-0.031
-0.033
-0.033
-0.033
-0.032
-0.03
-0.028
-0.026
-0.025
-0.024
-0.023
-0.021
-0.019
-0.017
-0.016
-0.016
-0.016
-0.015
-0.015
-0.015
-0.016
-0.017
-0.018
-0.018
-0.018
-0.018
-0.019
-0.019
-0.02
-0.02
-0.021
-0.022
-0.024
-0.024
-0.018
-0.013
-0.01
-0.007
-0.006
-0.008
-0.012
-0.016
-0.02
-0.024
-0.028
-0.03
-0.028
-0.024
-0.018
-0.012
-0.003
0.003
0.007
0.011
0.016
0.019
0.019
0.013
0.006
-0.001
-0.01
-0.017
-0.023
-0.027
-0.03
-0.033
-0.035
-0.037
-0.038
-0.038
-0.038
-0.036
-0.034
-0.032
-0.029
-0.025
-0.021
-0.015
-0.005
0.0
0.003
0.006
0.009
0.007
-0.002
-0.013
-0.023
-0.024
-0.017
0.001
0.047
0.115
0.203
0.298
0.38
0.414
0.409
0.35
0.242
0.111
-0.015
-0.107
-0.124
-0.116
-0.08
-0.064
-0.061
-0.059
-0.058
-0.057
-0.056
-0.054
-0.053
-0.051
-0.048
-0.046
-0.045
-0.043
-0.042
-0.04
-0.037
-0.034
-0.032
-0.029
-0.026
-0.024
-0.021
-0.019
-0.017
-0.016
-0.015
-0.013
-0.011
-0.009
-0.006
-0.004
-0.002
-0.001
0.0
0.0
0.001
0.001
0.002
0.001
0.001
0.001
0.002
0.004
0.007
0.011
0.014
0.016
0.019
0.023
0.026
0.029
0.033
0.035
0.037
0.039
0.042
0.045
0.047
0.047
0.045
0.041
0.037
0.033
0.031
0.027
0.024
0.02
0.016
0.013
0.012
0.01
0.009
0.007
0.004
0.002
0.0
-0.005
-0.008
-0.001
0.009
0.017
0.024
0.031
0.034
0.037
0.038
0.04
0.041
0.043
0.045
0.047
0.049
0.051
0.053
0.058
0.063
0.053
0.035
0.018
0.01
0.006
0.001
-0.004
-0.01
-0.018
-0.028
-0.02
-0.005
0.004
0.006
0.007
0.008
0.009
0.01
0.01
0.011
0.012
0.013
0.014
0.016
