0.098
0.094
0.089
0.082
0.073
0.058
0.043
0.032
0.023
0.016
0.016
0.019
0.024
0.027
0.028
0.031
0.033
0.036
0.039
0.042
0.046
0.05
0.054
0.058
0.064
0.069
0.072
0.071
0.066
0.059
0.052
0.045
0.038
0.031
0.027
0.025
0.023
0.022
0.02
0.018
0.016
0.017
0.021
0.028
0.033
0.036
0.04
0.043
0.045
0.048
0.05
0.052
0.054
0.056
0.059
0.063
0.067
0.066
0.061
0.056
0.052
0.049
0.046
0.044
0.041
0.04
0.039
0.038
0.037
0.037
0.038
0.039
0.042
0.045
0.048
0.051
0.055
0.059
0.064
0.069
0.074
0.08
0.085
0.09
0.096
0.102
0.106
0.106
0.103
0.098
0.093
0.083
0.063
0.046
0.036
0.027
0.02
0.014
0.006
0.003
0.006
0.015
0.042
0.084
0.153
0.252
0.383
0.55
0.742
0.942
1.133
1.294
1.404
1.44
1.379
1.222
0.972
0.665
0.358
0.114
-0.029
-0.061
-0.07
-0.077
-0.084
-0.092
-0.122
-0.153
-0.164
-0.164
-0.155
-0.144
-0.128
-0.11
-0.099
-0.097
-0.096
-0.095
-0.094
-0.092
-0.091
-0.089
-0.087
-0.086
-0.084
-0.083
-0.082
-0.081
-0.08
-0.078
-0.076
-0.074
-0.072
-0.069
-0.066
-0.063
-0.06
-0.058
-0.055
-0.053
-0.05
-0.046
-0.043
-0.042
-0.042
-0.043
-0.044
-0.046
-0.047
-0.051
-0.054
-0.053
-0.048
-0.042
-0.039
-0.037
-0.035
-0.033
-0.031
-0.029
-0.027
-0.026
-0.026
-0.026
-0.027
-0.027
-0.028
-0.029
-0.03
-0.032
-0.034
-0.032
-0.025
-0.015
0.003
0.017
0.023
0.028
0.032
0.037
0.041
0.045
0.048
0.05
0.052
0.054
0.056
0.059
0.062
0.064
0.066
0.067
0.069
0.07
0.072
0.073
0.074
0.075
0.076
0.078
0.083
0.087
0.083
0.072
0.057
0.033
0.013
0.0
-0.013
-0.021
-0.027
-0.032
-0.035
-0.036
-0.034
-0.029
-0.023
-0.018
-0.012
-0.004
0.003
0.007
0.009
0.011
0.015
0.02
0.0
-0.014
-0.024
-0.031
-0.037
-0.039
-0.036
-0.031
-0.025
-0.017
-0.005
0.011
0.015
0.017
0.019
0.021
0.022
0.023
0.023
0.022
0.021
0.019
0.017
0.015
0.013
0.011
0.008
0.007
0.004
0.0
-0.003
-0.006
-0.01
-0.014
-0.018
-0.023
-0.034
-0.042
-0.045
-0.047
-0.05
-0.053
-0.057
-0.059
-0.055
-0.045
-0.034
-0.023
-0.011
0.0
0.007
0.014
0.02
0.025
0.03
0.034
0.037
0.039
0.039
0.037
0.033
0.027
0.021
0.013
0.001
-0.004
-0.006
-0.01
-0.015
-0.003
0.005
0.011
0.015
0.017
0.017
0.015
0.011
0.007
0.002
0.0
-0.005
-0.011
-0.015
-0.015
-0.012
-0.008
-0.001
0.01
0.035
0.083
0.154
0.251
0.377
0.53
0.7
0.871
1.025
1.145
1.195
1.187
1.092
0.915
0.697
0.457
0.24
0.084
-0.018
-0.067
-0.081
-0.089
-0.097
-0.104
-0.11
-0.119
-0.131
-0.137
-0.14
-0.143
-0.148
-0.145
-0.133
-0.126
-0.123
-0.12
-0.117
-0.116
-0.115
-0.114
-0.114
-0.114
-0.116
-0.118
-0.121
-0.125
-0.129
-0.132
-0.137
-0.142
-0.146
-0.148
-0.147
-0.142
-0.135
-0.128
-0.124
-0.12
-0.117
-0.114
-0.111
-0.109
-0.106
-0.105
-0.103
-0.102
-0.101
-0.099
-0.097
-0.095
-0.093
-0.092
-0.091
-0.089
-0.087
-0.085
-0.084
-0.083
-0.082
-0.08
-0.078
-0.075
-0.072
-0.069
-0.066
-0.063
-0.06
-0.057
-0.052
-0.047
-0.042
-0.036
-0.027
-0.017
-0.01
-0.002
0.008
0.022
0.034
0.041
0.045
0.048
0.051
0.053
0.056
0.06
0.063
0.068
0.073
0.079
0.091
0.109
0.117
0.126
0.134
0.119
0.102
0.086
0.073
0.065
0.059
0.053
0.05
0.051
0.054
0.058
0.062
0.065
0.07
0.074
0.077
0.078
0.076
0.072
0.066
0.061
0.058
0.055
0.051
0.047
0.043
0.041
0.039
0.038
0.038
0.039
0.04
0.042
0.045
0.047
0.05
0.052
0.054
0.056
0.059
0.062
0.065
0.068
0.068
0.067
0.064
0.06
0.056
0.051
0.044
0.037
0.033
0.035
0.041
0.046
0.05
0.053
0.056
0.06
0.063
0.065
0.065
0.064
0.061
0.057
0.052
0.047
0.041
0.033
0.024
0.02
0.022
0.026
0.034
0.059
0.113
0.196
0.308
0.439
0.593
0.765
0.947
1.122
1.261
1.315
1.306
1.201
0.998
0.739
0.462
0.207
0.028
-0.043
-0.067
-0.06
-0.053
-0.048
-0.046
-0.051
-0.062
-0.067
-0.071
-0.074
-0.077
-0.078
-0.08
-0.082
-0.085
-0.088
-0.09
-0.09
-0.091
-0.092
-0.092
-0.093
-0.095
-0.096
-0.097
-0.098
-0.1
-0.102
-0.104
-0.106
-0.106
-0.105
-0.102
-0.097
-0.09
-0.083
-0.077
-0.072
-0.065
-0.059
-0.054
-0.051
-0.05
-0.052
-0.057
-0.063
-0.069
-0.074
-0.078
-0.082
-0.087
-0.091
-0.095
-0.099
-0.103
-0.107
-0.111
-0.113
-0.115
-0.114
-0.113
-0.112
-0.11
-0.108
-0.105
-0.102
-0.098
-0.094
-0.091
-0.086
-0.081
-0.071
-0.06
-0.051
-0.043
-0.035
-0.028
-0.019
-0.012
-0.008
-0.005
-0.004
-0.002
-0.001
0.0
0.002
0.003
0.004
0.004
0.004
0.005
0.007
0.008
0.008
0.009
0.009
0.009
0.01
0.011
0.011
0.012
0.013
0.013
0.013
0.013
0.012
0.01
0.007
0.004
0.001
-0.002
-0.009
-0.012
-0.01
-0.006
-0.003
0.001
0.004
0.004
0.0
-0.005
-0.01
-0.016
-0.021
-0.02
-0.013
-0.005
-0.001
0.001
0.004
0.006
0.008
0.01
0.012
0.014
0.015
0.014
0.013
0.012
0.011
0.01
0.009
0.007
0.005
0.002
0.001
0.0
-0.002
-0.005
-0.007
-0.009
-0.009
-0.007
-0.004
0.0
0.002
0.006
0.011
0.018
0.023
0.029
0.034
0.04
0.044
0.043
0.035
0.023
0.008
-0.01
-0.021
-0.029
-0.036
-0.04
-0.036
-0.026
-0.01
0.012
0.049
0.084
0.101
0.112
0.119
0.118
0.103
0.079
0.054
0.02
-0.016
-0.029
-0.022
0.0
0.068
0.171
0.304
0.464
0.64
0.823
1.022
1.207
1.333
1.377
1.322
1.163
0.921
0.644
0.382
0.171
0.025
-0.039
-0.061
-0.072
-0.078
-0.088
-0.107
-0.12
-0.127
-0.132
-0.133
-0.13
-0.123
-0.113
-0.1
-0.083
-0.07
-0.059
-0.05
-0.042
-0.035
-0.03
-0.025
-0.021
-0.02
-0.022
-0.029
-0.039
-0.056
-0.082
-0.101
-0.116
-0.129
-0.14
-0.151
-0.152
-0.141
-0.126
-0.104
-0.087
-0.075
-0.066
-0.059
-0.054
-0.05
-0.046
-0.042
-0.039
-0.036
-0.034
-0.032
-0.029
-0.026
-0.023
-0.021
-0.024
-0.029
-0.037
-0.047
-0.06
-0.067
-0.071
-0.075
-0.078
-0.08
-0.08
-0.077
-0.071
-0.064
-0.054
-0.038
-0.025
-0.012
0.001
0.016
0.029
0.04
0.046
0.048
0.05
0.051
0.052
0.053
0.054
0.054
0.056
0.057
0.06
0.063
0.067
0.077
0.087
0.089
0.091
0.092
0.093
0.093
0.09
0.085
0.077
0.063
0.046
0.035
0.038
0.052
0.058
0.062
0.068
0.073
0.078
0.089
0.102
0.113
0.11
0.097
0.091
0.087
0.083
0.08
0.078
0.076
0.073
0.068
0.065
0.067
0.073
0.081
0.095
0.113
0.122
0.125
0.126
0.126
0.119
0.108
0.093
0.076
0.062
0.054
0.048
0.049
0.061
0.081
0.099
0.108
0.114
0.117
0.113
0.106
0.099
0.092
0.089
0.093
0.105
0.139
0.208
0.311
0.45
0.623
0.823
1.033
1.224
1.363
1.416
1.356
1.192
0.956
0.689
0.445
0.256
0.126
0.042
0.006
-0.007
-0.016
-0.038
-0.063
-0.071
-0.074
-0.073
-0.069
-0.066
-0.063
-0.061
-0.061
-0.063
-0.066
-0.07
-0.074
-0.073
-0.062
-0.046
-0.031
-0.023
-0.018
-0.018
-0.025
-0.031
-0.036
-0.04
-0.041
-0.042
-0.045
-0.047
-0.035
-0.014
0.001
0.013
0.011
-0.008
-0.027
-0.043
-0.055
-0.066
-0.082
-0.097
-0.108
-0.115
-0.109
-0.088
-0.053
-0.02
-0.001
0.008
0.014
0.018
0.021
0.021
0.019
0.015
0.01
0.0
-0.015
-0.026
-0.031
-0.035
-0.039
-0.042
-0.045
-0.047
-0.052
-0.058
-0.046
-0.03
-0.017
-0.008
0.002
0.016
0.025
0.03
0.034
0.04
0.047
0.056
0.068
0.085
0.094
0.099
0.103
0.107
0.109
0.112
0.113
0.113
0.113
0.112
0.112
0.111
0.111
0.11
0.11
0.109
0.107
0.106
0.105
0.103
0.101
0.099
0.095
0.09
0.085
0.073
0.049
0.036
0.028
0.022
0.019
0.018
0.02
0.024
0.03
0.035
0.041
0.05
0.056
0.06
0.063
0.066
0.07
0.072
0.074
0.072
0.067
0.061
0.055
0.049
0.044
0.04
0.04
0.043
0.046
0.05
0.054
0.06
0.065
0.065
0.06
0.052
0.045
0.037
0.031
0.03
0.03
0.029
0.026
0.025
0.028
0.036
0.042
0.048
0.053
0.055
0.053
0.05
0.045
0.039
0.031
0.04
0.067
0.126
0.214
0.338
0.492
0.675
0.881
1.087
1.263
1.391
1.451
1.402
1.238
0.99
0.704
0.447
0.245
0.102
0.014
-0.017
-0.027
-0.034
-0.041
-0.047
-0.059
-0.084
-0.1
-0.106
-0.112
-0.116
-0.118
-0.12
-0.121
-0.124
-0.126
-0.128
-0.13
-0.131
-0.133
-0.134
-0.137
-0.142
-0.149
-0.157
-0.165
-0.174
-0.18
-0.182
-0.177
-0.17
-0.162
-0.152
-0.142
-0.131
-0.119
-0.105
-0.096
-0.09
-0.085
-0.082
-0.081
-0.083
-0.089
-0.096
-0.108
-0.13
-0.15
-0.165
-0.178
-0.188
-0.196
-0.2
-0.194
-0.18
-0.154
-0.138
-0.137
-0.136
-0.136
-0.135
-0.135
-0.134
-0.133
-0.13
-0.126
-0.122
-0.116
-0.105
-0.081
-0.065
-0.056
-0.048
-0.039
-0.031
-0.023
-0.013
-0.003
0.007
0.02
0.033
0.045
0.05
0.053
0.056
0.059
0.061
0.063
0.065
0.068
0.07
0.072
0.074
0.075
0.077
0.078
0.08
0.085
0.089
0.092
0.088
0.079
0.071
0.069
0.067
0.064
0.061
0.058
0.055
0.052
0.049
0.047
0.045
0.043
0.041
0.04
0.041
0.041
0.042
0.043
0.044
0.046
0.047
0.049
0.05
0.051
0.051
0.052
0.052
0.054
0.055
0.056
0.058
0.062
0.067
0.067
0.061
0.054
0.049
0.043
0.038
0.034
0.034
0.037
0.043
0.05
0.057
0.063
0.069
0.075
0.081
0.084
0.084
0.081
0.076
0.069
0.061
0.047
0.027
0.023
0.02
0.018
0.017
0.016
0.019
0.027
0.036
0.044
0.054
0.064
0.068
0.065
0.058
0.051
0.044
0.035
0.028
0.025
0.027
0.032
0.038
0.05
0.072
0.096
0.118
0.154
0.191
0.24
0.306
0.399
0.526
0.688
0.875
1.064
1.246
1.398
1.478
1.482
1.42
1.257
1.026
0.757
0.489
0.266
0.099
-0.016
-0.089
-0.139
-0.155
-0.16
-0.163
-0.164
-0.159
-0.147
-0.128
-0.103
-0.081
-0.058
-0.047
-0.041
-0.036
-0.032
-0.029
-0.027
-0.026
-0.025
-0.024
-0.024
-0.023
-0.023
-0.023
-0.021
-0.017
-0.019
-0.036
-0.063
-0.085
-0.09
-0.092
-0.094
-0.096
-0.097
-0.1
-0.102
-0.103
-0.103
-0.103
-0.103
-0.102
-0.101
-0.099
-0.097
-0.094
-0.091
-0.088
-0.084
-0.081
-0.079
-0.077
-0.075
-0.072
-0.068
-0.065
-0.062
-0.06
-0.06
-0.059
-0.061
-0.062
-0.063
-0.064
-0.066
-0.068
-0.071
-0.071
-0.065
-0.054
-0.037
-0.011
0.001
0.006
0.009
0.012
0.016
0.021
0.026
0.03
0.034
0.04
0.048
0.066
0.098
0.122
0.137
0.141
0.144
0.147
0.149
0.148
0.139
0.127
0.112
0.092
0.077
0.069
0.064
0.059
0.055
0.052
0.052
0.054
0.056
0.057
0.06
0.061
0.063
0.066
0.069
0.07
0.069
0.066
0.063
0.06
0.058
0.055
0.052
0.049
0.047
0.046
0.048
0.052
0.058
0.063
0.067
0.071
0.076
0.081
0.086
0.089
0.092
0.093
0.093
0.093
0.092
0.093
0.093
0.093
0.094
0.095
0.096
0.09
0.078
0.056
0.04
0.035
0.03
0.032
0.05
0.097
0.168
0.267
0.402
0.576
0.775
0.981
1.179
1.344
1.419
1.414
1.316
1.13
0.882
0.608
0.366
0.177
0.059
0.033
0.025
0.014
0.0
-0.025
-0.054
-0.07
-0.078
-0.084
-0.088
-0.094
-0.099
-0.103
-0.109
-0.117
-0.124
-0.127
-0.124
-0.117
-0.108
-0.095
-0.08
-0.096
-0.108
-0.115
-0.12
-0.124
-0.125
-0.124
-0.12
-0.113
-0.106
-0.099
-0.091
-0.081
-0.07
-0.065
-0.068
-0.075
-0.083
-0.089
-0.095
-0.099
-0.102
-0.103
-0.103
-0.1
-0.095
-0.088
-0.075
-0.054
-0.042
-0.035
-0.03
-0.031
-0.038
-0.05
-0.071
-0.103
-0.122
-0.133
-0.14
-0.144
-0.142
-0.135
-0.124
-0.105
-0.076
-0.049
-0.026
-0.014
-0.008
-0.002
0.004
0.012
0.02
0.027
0.035
0.042
0.049
0.055
0.061
0.067
0.074
0.08
0.082
0.08
0.075
0.068
0.057
0.04
0.027
0.018
0.005
0.0
-0.005
-0.008
-0.011
-0.012
-0.014
-0.014
-0.013
-0.012
-0.01
-0.007
-0.005
-0.003
0.001
0.006
0.008
0.008
0.005
0.001
-0.001
-0.005
-0.008
-0.009
-0.007
-0.002
0.002
0.005
0.008
0.011
0.014
0.017
0.02
0.022
0.022
0.023
0.023
0.022
0.02
0.017
0.013
0.008
0.004
0.0
-0.003
-0.012
-0.019
-0.022
-0.023
-0.023
-0.023
-0.024
-0.025
-0.027
-0.026
-0.024
-0.02
-0.018
-0.015
-0.014
-0.012
-0.01
-0.005
0.0
0.006
0.011
0.015
0.019
0.023
0.027
0.031
0.034
0.039
0.045
0.071
0.139
0.26
0.432
0.64
0.866
1.073
1.228
1.316
1.321
1.26
1.09
0.863
0.621
0.39
0.191
0.039
-0.066
-0.115
-0.133
-0.134
-0.12
-0.097
-0.081
-0.076
-0.072
-0.073
-0.086
-0.094
-0.1
-0.105
-0.109
-0.11
-0.108
-0.105
-0.101
-0.099
-0.097
-0.096
-0.096
-0.094
-0.093
-0.091
-0.089
-0.087
-0.085
-0.083
-0.082
-0.08
-0.079
-0.077
-0.075
-0.072
-0.068
-0.057
-0.036
-0.025
-0.019
-0.015
-0.013
-0.015
-0.02
-0.027
-0.035
-0.048
-0.058
-0.066
-0.073
-0.079
-0.083
-0.087
-0.092
-0.094
-0.091
-0.084
-0.075
-0.064
-0.048
-0.035
-0.024
-0.019
-0.023
-0.03
-0.037
-0.043
-0.05
-0.055
-0.06
-0.066
-0.073
-0.073
-0.063
-0.049
-0.03
-0.01
0.007
0.019
0.029
0.042
0.059
0.076
0.082
0.086
0.088
0.09
0.091
0.092
0.093
0.094
0.094
0.094
0.093
0.093
0.093
0.092
0.091
0.091
0.09
0.089
0.088
0.086
0.084
0.079
0.079
0.086
0.097
0.106
0.109
0.111
0.112
0.111
0.106
0.101
0.096
0.09
0.085
0.081
0.078
0.074
0.07
0.068
0.072
0.08
0.093
0.107
0.112
0.116
0.119
0.12
0.121
0.119
0.114
0.108
0.101
0.095
0.088
0.081
0.077
0.074
0.073
0.072
0.071
0.07
0.069
0.068
0.067
0.066
0.066
0.066
0.065
0.065
0.064
0.064
0.064
0.066
0.068
0.069
0.07
0.072
0.073
0.075
0.077
0.079
0.08
0.081
0.084
0.087
0.09
0.092
0.092
0.091
0.088
0.085
0.081
0.075
0.066
0.066
0.077
0.11
0.164
0.251
0.383
0.556
0.752
0.957
1.145
1.291
1.355
1.349
1.251
1.052
0.789
0.513
0.278
0.104
-0.005
-0.041
-0.051
-0.058
-0.065
-0.072
-0.078
-0.092
-0.11
-0.118
-0.121
-0.124
-0.126
-0.126
-0.125
-0.123
-0.12
-0.115
-0.108
-0.092
-0.074
-0.066
-0.06
-0.061
-0.071
-0.083
-0.096
-0.104
-0.11
-0.116
-0.119
-0.117
-0.108
-0.082
-0.048
-0.031
-0.026
-0.038
-0.057
-0.077
-0.088
-0.096
-0.1
-0.1
-0.097
-0.093
-0.08
-0.055
-0.023
-0.012
-0.007
-0.004
-0.011
-0.023
-0.04
-0.06
-0.078
-0.091
-0.1
-0.108
-0.112
-0.117
-0.12
-0.12
-0.116
-0.11
-0.104
-0.096
-0.088
-0.079
-0.064
-0.047
-0.038
-0.033
-0.029
-0.024
-0.019
-0.014
-0.006
0.005
0.014
0.026
0.04
0.055
0.069
0.08
0.088
0.088
0.08
0.073
0.067
0.062
0.057
0.053
0.048
0.04
0.041
0.051
0.068
0.08
0.084
0.088
0.089
0.088
0.083
0.073
0.058
0.036
0.014
-0.003
-0.016
-0.024
-0.015
0.0
0.014
0.036
0.066
0.089
0.097
0.098
0.092
0.083
0.069
0.052
0.038
0.03
0.024
0.024
0.033
0.046
0.062
0.068
0.071
0.074
0.075
0.076
0.077
0.078
0.079
0.079
0.078
0.077
0.075
0.073
0.071
0.068
0.064
0.06
0.056
0.051
0.047
0.042
0.035
0.027
0.021
0.016
0.011
0.006
0.007
0.019
0.035
0.058
0.098
0.156
0.234
0.332
0.45
0.592
0.77
0.985
1.21
1.401
1.494
1.488
1.368
1.127
0.822
0.519
0.284
0.146
0.084
0.054
0.026
0.01
-0.006
-0.024
-0.041
-0.06
-0.071
-0.076
-0.079
-0.082
-0.086
-0.089
-0.093
-0.097
-0.106
-0.118
-0.12
-0.122
-0.124
-0.124
-0.121
-0.115
-0.111
-0.106
-0.104
-0.107
-0.113
-0.117
-0.122
-0.124
-0.118
-0.109
-0.103
-0.098
-0.094
-0.091
-0.089
-0.09
-0.091
-0.094
-0.097
-0.1
-0.101
-0.103
-0.106
-0.109
-0.111
-0.113
-0.115
-0.116
-0.118
-0.119
-0.119
-0.118
-0.117
-0.115
-0.113
-0.112
-0.11
-0.107
-0.104
-0.098
-0.086
-0.08
-0.076
-0.073
-0.071
-0.071
-0.073
-0.075
-0.078
-0.075
-0.063
-0.05
-0.037
-0.022
-0.003
0.021
0.049
0.07
0.082
0.09
0.094
0.087
0.075
0.067
0.061
0.055
0.051
0.049
0.05
0.053
0.058
0.066
0.08
0.101
0.118
0.129
0.117
0.099
0.079
0.066
0.06
0.054
0.048
0.042
0.033
0.023
0.024
0.041
0.05
0.057
0.062
0.067
0.071
0.072
0.071
0.069
0.067
0.064
0.062
0.06
0.058
0.055
0.051
0.047
0.045
0.043
0.041
0.04
0.04
0.04
0.039
0.039
0.039
0.039
0.038
0.036
0.034
0.037
0.043
0.049
0.055
0.062
0.069
0.092
0.138
0.154
0.148
0.129
0.089
0.059
0.05
0.04
0.029
0.011
-0.007
-0.026
-0.025
0.013
0.051
0.065
0.065
0.054
0.047
0.041
0.036
0.032
0.032
0.033
0.037
0.043
0.05
0.063
0.091
0.141
0.214
0.312
0.445
0.617
0.817
1.034
1.253
1.432
1.537
1.547
1.494
1.311
1.052
0.771
0.509
0.29
0.136
0.04
-0.014
-0.039
-0.058
-0.082
-0.098
-0.108
-0.113
-0.114
-0.114
-0.114
-0.114
-0.115
-0.116
-0.117
-0.117
-0.117
-0.117
-0.118
-0.119
-0.12
-0.121
-0.122
-0.123
-0.124
-0.126
-0.129
-0.129
-0.124
-0.116
-0.106
-0.092
-0.077
-0.056
-0.038
-0.029
-0.022
-0.022
-0.031
-0.044
-0.064
-0.081
-0.094
-0.109
-0.122
-0.132
-0.137
-0.131
-0.117
-0.103
-0.088
-0.077
-0.069
-0.059
-0.048
-0.044
-0.041
-0.037
-0.038
-0.048
-0.058
-0.067
-0.078
-0.088
-0.098
-0.11
-0.109
-0.097
-0.086
-0.075
-0.067
-0.061
-0.05
-0.034
-0.026
-0.023
-0.02
-0.017
-0.013
-0.008
-0.003
0.002
0.009
0.02
0.038
0.054
0.077
0.101
0.112
0.119
0.126
0.13
0.132
0.133
0.131
0.129
0.127
0.125
0.123
0.121
0.118
0.115
0.112
0.107
0.102
0.096
0.09
0.079
0.059
0.049
0.042
0.035
0.03
0.029
0.034
0.041
0.046
0.051
0.056
0.06
0.061
0.06
0.057
0.053
0.049
0.042
0.038
0.043
0.055
0.075
0.088
0.09
0.092
0.093
0.086
0.074
0.069
0.066
0.063
0.061
0.06
0.059
0.057
0.056
0.054
0.052
0.05
0.048
0.047
0.046
0.046
0.046
0.046
0.046
0.046
0.045
0.042
0.038
0.028
0.027
0.041
0.075
0.136
0.228
0.363
0.537
0.735
0.935
1.126
1.3
1.438
1.479
1.461
1.331
1.109
0.847
0.579
0.343
0.171
0.06
0.0
-0.021
-0.029
-0.035
-0.038
-0.044
-0.051
-0.06
-0.078
-0.103
-0.115
-0.121
-0.127
-0.13
-0.132
-0.132
-0.131
-0.13
-0.128
-0.127
-0.126
-0.124
-0.122
-0.119
-0.116
-0.113
-0.109
-0.105
-0.1
-0.094
-0.087
-0.081
-0.074
-0.067
-0.056
-0.043
-0.035
-0.034
-0.039
-0.047
-0.058
-0.079
-0.109
-0.134
-0.154
-0.164
-0.171
-0.175
-0.175
-0.166
-0.153
-0.137
-0.117
-0.104
-0.096
-0.089
-0.085
-0.082
-0.082
-0.086
-0.093
-0.1
-0.106
-0.112
-0.118
-0.123
-0.123
-0.119
-0.11
-0.099
-0.077
-0.046
-0.019
-0.001
0.006
0.011
0.016
0.017
0.013
0.008
0.003
-0.001
-0.006
-0.009
-0.003
0.009
0.023
0.033
0.044
0.055
0.066
0.076
0.083
0.09
0.097
0.105
0.114
0.123
0.128
0.127
0.123
0.116
0.108
0.096
0.066
0.045
0.035
0.028
0.022
0.019
0.016
0.012
0.008
0.004
0.001
0.0
-0.002
-0.006
-0.01
-0.014
-0.014
-0.009
-0.001
0.009
0.024
0.043
0.047
0.05
0.054
0.058
0.061
0.062
0.06
0.056
0.052
0.048
0.042
0.037
0.035
0.038
0.042
0.046
0.051
0.056
0.058
0.055
0.049
0.041
0.035
0.029
0.022
0.017
0.017
0.022
0.029
0.038
0.048
0.063
0.071
0.063
0.048
0.038
0.029
0.021
0.015
0.015
0.017
0.022
0.028
0.051
0.106
0.172
0.254
0.367
0.522
0.714
0.918
1.114
1.282
1.393
1.406
1.361
1.19
0.932
0.645
0.398
0.228
0.124
0.063
0.039
0.024
-0.012
-0.064
-0.084
-0.085
-0.075
-0.065
-0.054
-0.055
-0.074
-0.104
-0.135
-0.15
-0.16
-0.166
-0.164
-0.15
-0.134
-0.127
-0.123
-0.119
-0.115
-0.111
-0.107
-0.103
-0.099
-0.094
-0.089
-0.085
-0.08
-0.077
-0.075
-0.073
-0.071
-0.068
-0.065
-0.06
-0.057
-0.053
-0.05
-0.048
-0.048
-0.049
-0.052
-0.056
-0.061
-0.066
-0.07
-0.076
-0.081
-0.087
-0.093
-0.098
-0.102
-0.105
-0.107
-0.107
-0.106
-0.105
-0.102
-0.099
-0.097
-0.094
-0.091
-0.088
-0.084
-0.08
-0.075
-0.068
-0.062
-0.055
-0.049
-0.043
-0.037
-0.03
-0.016
0.008
0.021
0.027
0.031
0.034
0.035
0.036
0.037
0.039
0.042
0.043
0.045
0.046
0.048
0.054
