-0.061
-0.06
-0.059
-0.058
-0.056
-0.054
-0.052
-0.049
-0.046
-0.042
-0.037
-0.027
-0.017
-0.01
-0.004
0.0
0.003
0.007
0.009
0.01
0.01
0.006
0.0
-0.006
-0.013
-0.021
-0.03
-0.038
-0.045
-0.05
-0.054
-0.057
-0.058
-0.06
-0.06
-0.061
-0.061
-0.062
-0.062
-0.063
-0.063
-0.064
-0.064
-0.064
-0.064
-0.064
-0.064
-0.064
-0.063
-0.063
-0.062
-0.061
-0.061
-0.061
-0.06
-0.06
-0.059
-0.059
-0.059
-0.06
-0.061
-0.061
-0.061
-0.06
-0.06
-0.059
-0.058
-0.057
-0.056
-0.055
-0.053
-0.051
-0.05
-0.048
-0.033
0.007
0.075
0.177
0.318
0.499
0.702
0.9
1.05
1.106
1.033
0.829
0.526
0.188
-0.114
-0.33
-0.428
-0.46
-0.447
-0.405
-0.345
-0.289
-0.243
-0.22
-0.204
-0.191
-0.178
-0.161
-0.135
-0.112
-0.098
-0.089
-0.081
-0.078
-0.075
-0.074
-0.073
-0.072
-0.07
-0.068
-0.066
-0.063
-0.061
-0.058
-0.055
-0.051
-0.046
-0.041
-0.035
-0.028
-0.016
-0.003
0.005
0.013
0.021
0.028
0.036
0.043
0.049
0.053
0.058
0.068
0.088
0.115
0.141
0.164
0.181
0.198
0.214
0.229
0.246
0.255
0.261
0.267
0.271
0.273
0.274
0.273
0.271
0.267
0.262
0.255
0.24
0.214
0.19
0.165
0.141
0.114
0.091
0.073
0.055
0.031
0.003
-0.018
-0.035
-0.05
-0.065
-0.079
-0.089
-0.096
-0.101
-0.104
-0.108
-0.112
-0.116
-0.12
-0.125
-0.133
-0.145
-0.151
-0.154
-0.157
-0.159
-0.161
-0.161
-0.157
-0.152
-0.149
-0.146
-0.143
-0.141
-0.139
-0.137
-0.136
-0.135
-0.133
-0.132
-0.131
-0.131
-0.13
-0.129
-0.128
-0.126
-0.124
-0.123
-0.121
-0.119
-0.117
-0.114
-0.111
-0.109
-0.107
-0.106
-0.104
-0.103
-0.102
-0.1
-0.099
-0.098
-0.097
-0.096
-0.096
-0.095
-0.094
-0.094
-0.094
-0.094
-0.094
-0.094
-0.093
-0.092
-0.092
-0.091
-0.091
-0.09
-0.09
-0.089
-0.088
-0.087
-0.085
-0.084
-0.082
-0.08
-0.076
-0.071
-0.065
-0.059
-0.054
-0.049
-0.045
-0.039
-0.032
-0.022
-0.016
-0.012
-0.009
-0.006
-0.003
-0.004
-0.01
-0.019
-0.029
-0.041
-0.047
-0.051
-0.053
-0.055
-0.057
-0.059
-0.06
-0.062
-0.063
-0.064
-0.064
-0.064
-0.063
-0.063
-0.062
-0.062
-0.061
-0.06
-0.058
-0.057
-0.056
-0.055
-0.054
-0.051
-0.047
-0.043
-0.039
-0.034
-0.03
-0.028
-0.025
-0.023
-0.022
-0.021
-0.02
-0.019
-0.018
-0.016
-0.014
-0.013
-0.012
-0.011
-0.01
-0.008
-0.006
-0.002
0.004
0.025
0.066
0.137
0.245
0.39
0.571
0.776
0.98
1.142
1.215
1.167
0.982
0.684
0.336
0.011
-0.237
-0.387
-0.427
-0.425
-0.376
-0.307
-0.233
-0.163
-0.106
-0.063
-0.048
-0.044
-0.042
-0.04
-0.039
-0.037
-0.036
-0.034
-0.031
-0.028
-0.024
-0.02
-0.016
-0.01
-0.004
0.001
0.007
0.013
0.022
0.035
0.047
0.057
0.064
0.071
0.077
0.084
0.093
0.105
0.117
0.126
0.133
0.139
0.146
0.153
0.163
0.175
0.187
0.2
0.212
0.223
0.238
0.258
0.277
0.296
0.312
0.323
0.336
0.344
0.35
0.354
0.357
0.359
0.359
0.357
0.354
0.349
0.343
0.33
0.307
0.284
0.257
0.225
0.198
0.175
0.152
0.132
0.11
0.086
0.064
0.043
0.022
0.007
-0.004
-0.018
-0.023
-0.026
-0.028
-0.03
-0.032
-0.034
-0.035
-0.035
-0.036
-0.036
-0.037
-0.038
-0.038
-0.038
-0.037
-0.036
-0.037
-0.038
-0.039
-0.041
-0.041
-0.042
-0.042
-0.043
-0.044
-0.045
-0.046
-0.046
-0.046
-0.046
-0.047
-0.048
-0.049
-0.05
-0.05
-0.051
-0.053
-0.055
-0.057
-0.059
-0.06
-0.061
-0.062
-0.063
-0.064
-0.066
-0.067
-0.068
-0.069
-0.07
-0.071
-0.073
-0.076
-0.079
-0.082
-0.084
-0.085
-0.086
-0.086
-0.086
-0.084
-0.082
-0.079
-0.075
-0.072
-0.069
-0.067
-0.065
-0.062
-0.059
-0.056
-0.053
-0.05
-0.046
-0.043
-0.039
-0.036
-0.033
-0.031
-0.029
-0.028
-0.026
-0.024
-0.022
-0.02
-0.018
-0.016
-0.014
-0.012
-0.01
-0.009
-0.009
-0.01
-0.011
-0.012
-0.015
-0.019
-0.023
-0.027
-0.032
-0.035
-0.039
-0.046
-0.054
-0.06
-0.061
-0.062
-0.062
-0.063
-0.063
-0.064
-0.065
-0.065
-0.065
-0.064
-0.064
-0.065
-0.065
-0.065
-0.064
-0.062
-0.06
-0.057
-0.055
-0.054
-0.052
-0.05
-0.048
-0.045
-0.043
-0.042
-0.039
-0.037
-0.034
-0.032
-0.03
-0.027
-0.025
-0.022
-0.019
-0.016
-0.011
-0.004
0.019
0.074
0.157
0.272
0.419
0.595
0.785
0.966
1.086
1.096
1.022
0.794
0.477
0.134
-0.164
-0.368
-0.442
-0.447
-0.397
-0.316
-0.242
-0.19
-0.162
-0.142
-0.127
-0.112
-0.091
-0.066
-0.054
-0.049
-0.046
-0.043
-0.04
-0.037
-0.034
-0.031
-0.029
-0.026
-0.023
-0.017
-0.008
0.007
0.015
0.02
0.022
0.024
0.027
0.03
0.035
0.039
0.043
0.049
0.057
0.071
0.086
0.101
0.115
0.126
0.134
0.142
0.151
0.163
0.176
0.192
0.206
0.219
0.232
0.249
0.261
0.271
0.278
0.282
0.284
0.285
0.286
0.288
0.289
0.291
0.291
0.29
0.286
0.278
0.269
0.252
0.222
0.194
0.167
0.142
0.116
0.09
0.062
0.038
0.024
0.012
0.002
-0.009
-0.024
-0.047
-0.061
-0.07
-0.078
-0.084
-0.089
-0.091
-0.091
-0.091
-0.091
-0.091
-0.09
-0.09
-0.09
-0.089
-0.089
-0.089
-0.089
-0.089
-0.09
-0.09
-0.091
-0.09
-0.09
-0.089
-0.087
-0.086
-0.084
-0.082
-0.08
-0.078
-0.076
-0.075
-0.075
-0.075
-0.074
-0.073
-0.072
-0.071
-0.07
-0.069
-0.068
-0.067
-0.066
-0.066
-0.066
-0.066
-0.067
-0.068
-0.07
-0.071
-0.072
-0.074
-0.076
-0.079
-0.08
-0.078
-0.073
-0.067
-0.063
-0.057
-0.052
-0.048
-0.048
-0.05
-0.055
-0.06
-0.066
-0.073
-0.08
-0.081
-0.074
-0.067
-0.062
-0.059
-0.056
-0.053
-0.051
-0.047
-0.043
-0.038
-0.034
-0.029
-0.024
-0.019
-0.014
-0.006
0.009
0.019
0.025
0.03
0.037
0.04
0.031
0.016
0.009
0.005
0.0
-0.005
-0.011
-0.015
-0.018
-0.02
-0.021
-0.022
-0.023
-0.023
-0.022
-0.02
-0.019
-0.018
-0.018
-0.019
-0.02
-0.021
-0.021
-0.022
-0.024
-0.026
-0.028
-0.029
-0.029
-0.03
-0.032
-0.034
-0.036
-0.033
-0.026
-0.019
-0.015
-0.012
-0.009
-0.006
-0.003
0.0
0.0
0.0
-0.001
-0.003
-0.005
-0.007
-0.01
-0.015
-0.019
-0.019
-0.012
0.001
0.043
0.11
0.207
0.331
0.481
0.65
0.822
0.968
1.027
1.014
0.888
0.637
0.32
-0.002
-0.267
-0.436
-0.472
-0.463
-0.383
-0.29
-0.22
-0.177
-0.15
-0.123
-0.091
-0.073
-0.064
-0.058
-0.053
-0.05
-0.047
-0.045
-0.043
-0.041
-0.039
-0.037
-0.035
-0.033
-0.031
-0.029
-0.026
-0.022
-0.017
-0.01
-0.002
0.01
0.03
0.045
0.053
0.057
0.061
0.065
0.068
0.072
0.074
0.077
0.08
0.084
0.093
0.114
0.134
0.148
0.16
0.176
0.198
0.221
0.243
0.256
0.263
0.269
0.273
0.279
0.285
0.29
0.296
0.303
0.309
0.312
0.309
0.302
0.292
0.275
0.244
0.209
0.174
0.144
0.122
0.104
0.087
0.07
0.052
0.037
0.025
0.015
0.005
-0.011
-0.037
-0.05
-0.055
-0.058
-0.061
-0.064
-0.068
-0.071
-0.075
-0.078
-0.081
-0.083
-0.085
-0.087
-0.089
-0.091
-0.098
-0.105
-0.108
-0.105
-0.099
-0.094
-0.093
-0.093
-0.093
-0.092
-0.091
-0.089
-0.087
-0.085
-0.083
-0.082
-0.082
-0.082
-0.083
-0.084
-0.086
-0.087
-0.089
-0.09
-0.09
-0.09
-0.09
-0.09
-0.089
-0.089
-0.089
-0.088
-0.088
-0.089
-0.089
-0.089
-0.089
-0.09
-0.089
-0.089
-0.088
-0.088
-0.087
-0.086
-0.086
-0.086
-0.087
-0.088
-0.089
-0.089
-0.089
-0.089
-0.089
-0.088
-0.087
-0.086
-0.084
-0.082
-0.08
-0.079
-0.076
-0.074
-0.071
-0.068
-0.065
-0.062
-0.054
-0.045
-0.035
-0.028
-0.025
-0.023
-0.021
-0.02
-0.019
-0.019
-0.018
-0.018
-0.018
-0.019
-0.02
-0.021
-0.022
-0.025
-0.03
-0.035
-0.041
-0.046
-0.051
-0.054
-0.056
-0.058
-0.059
-0.061
-0.062
-0.063
-0.064
-0.065
-0.066
-0.067
-0.069
-0.07
-0.071
-0.07
-0.07
-0.068
-0.067
-0.066
-0.064
-0.062
-0.06
-0.058
-0.057
-0.057
-0.057
-0.058
-0.058
-0.058
-0.058
-0.058
-0.058
-0.057
-0.056
-0.053
-0.051
-0.048
-0.046
-0.044
-0.042
-0.038
-0.032
-0.011
0.034
0.109
0.216
0.357
0.528
0.717
0.899
1.039
1.093
1.027
0.832
0.536
0.195
-0.123
-0.355
-0.452
-0.461
-0.412
-0.329
-0.251
-0.197
-0.176
-0.158
-0.135
-0.106
-0.092
-0.086
-0.081
-0.077
-0.075
-0.071
-0.066
-0.06
-0.055
-0.049
-0.043
-0.037
-0.029
-0.021
-0.014
-0.008
-0.002
0.002
0.008
0.013
0.017
0.021
0.024
0.027
0.03
0.034
0.038
0.042
0.046
0.051
0.057
0.068
0.09
0.11
0.13
0.15
0.168
0.184
0.197
0.213
0.232
0.247
0.261
0.271
0.276
0.279
0.28
0.282
0.284
0.285
0.287
0.288
0.286
0.282
0.275
0.266
0.254
0.234
0.212
0.193
0.177
0.16
0.144
0.117
0.082
0.058
0.042
0.029
0.017
-0.002
-0.034
-0.055
-0.066
-0.074
-0.079
-0.082
-0.083
-0.085
-0.086
-0.087
-0.087
-0.086
-0.086
-0.086
-0.087
-0.088
-0.089
-0.089
-0.09
-0.09
-0.091
-0.092
-0.092
-0.091
-0.089
-0.087
-0.085
-0.083
-0.081
-0.079
-0.077
-0.074
-0.072
-0.071
-0.071
-0.07
-0.067
-0.061
-0.056
-0.052
-0.051
-0.053
-0.054
-0.056
-0.057
-0.058
-0.06
-0.063
-0.066
-0.068
-0.068
-0.065
-0.062
-0.059
-0.057
-0.054
-0.05
-0.046
-0.043
-0.042
-0.043
-0.045
-0.049
-0.053
-0.056
-0.058
-0.061
-0.064
-0.066
-0.069
-0.07
-0.07
-0.07
-0.067
-0.065
-0.061
-0.057
-0.052
-0.047
-0.041
-0.036
-0.03
-0.024
-0.018
-0.013
-0.009
-0.005
-0.002
0.0
0.002
0.004
0.006
0.008
0.01
0.01
0.009
0.006
0.002
-0.003
-0.008
-0.013
-0.016
-0.019
-0.022
-0.024
-0.027
-0.029
-0.031
-0.033
-0.035
-0.037
-0.039
-0.041
-0.043
-0.044
-0.045
-0.045
-0.046
-0.046
-0.045
-0.045
-0.044
-0.043
-0.042
-0.041
-0.041
-0.04
-0.039
-0.038
-0.037
-0.036
-0.035
-0.035
-0.035
-0.035
-0.035
-0.035
-0.034
-0.033
-0.032
-0.031
-0.03
-0.028
-0.027
-0.026
-0.024
-0.023
-0.022
-0.02
0.001
0.051
0.132
0.249
0.402
0.582
0.779
0.97
1.123
1.194
1.14
0.941
0.62
0.245
-0.092
-0.327
-0.433
-0.449
-0.421
-0.356
-0.295
-0.248
-0.22
-0.173
-0.126
-0.082
-0.058
-0.046
-0.04
-0.036
-0.033
-0.03
-0.025
-0.019
-0.013
-0.007
-0.002
0.002
0.006
0.009
0.013
0.016
0.019
0.023
0.026
0.029
0.031
0.033
0.034
0.036
0.038
0.042
0.051
0.074
0.097
0.113
0.126
0.139
0.153
0.17
0.183
0.191
0.199
0.208
0.218
0.23
0.247
0.269
0.285
0.297
0.305
0.312
0.317
0.321
0.324
0.328
0.333
0.337
0.336
0.33
0.319
0.302
0.277
0.254
0.228
0.197
0.166
0.138
0.118
0.102
0.083
0.058
0.035
0.019
0.005
-0.011
-0.032
-0.049
-0.061
-0.069
-0.073
-0.076
-0.078
-0.08
-0.082
-0.084
-0.087
-0.089
-0.093
-0.096
-0.098
-0.1
-0.102
-0.103
-0.105
-0.107
-0.109
-0.112
-0.113
-0.115
-0.116
-0.116
-0.116
-0.115
-0.113
-0.111
-0.108
-0.106
-0.103
-0.101
-0.1
-0.098
-0.096
-0.094
-0.092
-0.091
-0.09
-0.088
-0.087
-0.086
-0.085
-0.086
-0.087
-0.089
-0.091
-0.093
-0.095
-0.097
-0.1
-0.102
-0.104
-0.106
-0.108
-0.11
-0.112
-0.114
-0.115
-0.115
-0.114
-0.112
-0.11
-0.108
-0.106
-0.105
-0.104
-0.102
-0.101
-0.099
-0.097
-0.096
-0.094
-0.092
-0.09
-0.088
-0.087
-0.085
-0.083
-0.081
-0.078
-0.075
-0.069
-0.063
-0.057
-0.052
-0.048
-0.044
-0.042
-0.039
-0.036
-0.034
-0.033
-0.034
-0.039
-0.046
-0.053
-0.058
-0.061
-0.063
-0.065
-0.068
-0.071
-0.073
-0.076
-0.078
-0.08
-0.083
-0.085
-0.087
-0.087
-0.087
-0.086
-0.085
-0.084
-0.084
-0.083
-0.082
-0.081
-0.08
-0.079
-0.079
-0.078
-0.077
-0.075
-0.073
-0.07
-0.068
-0.066
-0.063
-0.06
-0.055
-0.045
-0.039
-0.037
-0.036
-0.035
-0.034
-0.033
-0.032
-0.031
-0.03
-0.029
-0.027
-0.025
-0.023
-0.019
-0.014
0.008
0.065
0.156
0.283
0.444
0.634
0.838
1.028
1.165
1.202
1.106
0.874
0.544
0.184
-0.127
-0.335
-0.404
-0.407
-0.355
-0.286
-0.23
-0.192
-0.159
-0.123
-0.098
-0.073
-0.056
-0.044
-0.032
-0.02
-0.004
0.004
0.01
0.014
0.018
0.021
0.024
0.028
0.031
0.034
0.037
0.04
0.042
0.044
0.047
0.049
0.051
0.054
0.055
0.057
0.06
0.063
0.068
0.079
0.101
0.118
0.128
0.138
0.147
0.162
0.183
0.205
0.226
0.241
0.253
0.27
0.284
0.294
0.303
0.309
0.315
0.322
0.332
0.341
0.347
0.351
0.354
0.356
0.356
0.353
0.348
0.34
0.327
0.305
0.284
0.26
0.234
0.206
0.174
0.148
0.126
0.102
0.078
0.05
0.026
0.011
0.002
-0.003
-0.011
-0.019
-0.031
-0.039
-0.045
-0.05
-0.053
-0.056
-0.058
-0.059
-0.06
-0.062
-0.063
-0.065
-0.067
-0.067
-0.067
-0.067
-0.067
-0.066
-0.065
-0.063
-0.061
-0.058
-0.056
-0.054
-0.053
-0.052
-0.051
-0.05
-0.049
-0.048
-0.046
-0.045
-0.044
-0.043
-0.043
-0.043
-0.043
-0.045
-0.046
-0.048
-0.05
-0.053
-0.055
-0.058
-0.061
-0.069
-0.074
-0.072
-0.069
-0.067
-0.065
-0.063
-0.061
-0.06
-0.061
-0.063
-0.065
-0.068
-0.071
-0.073
-0.076
-0.08
-0.084
-0.085
-0.084
-0.08
-0.075
-0.07
-0.067
-0.064
-0.06
-0.057
-0.054
-0.051
-0.048
-0.046
-0.045
-0.044
-0.043
-0.043
-0.042
-0.04
-0.039
-0.038
-0.036
-0.035
-0.032
-0.028
-0.025
-0.021
-0.016
-0.012
-0.009
-0.004
0.0
0.002
0.001
-0.003
-0.01
-0.018
-0.025
-0.033
-0.04
-0.044
-0.048
-0.051
-0.053
-0.055
-0.056
-0.056
-0.057
-0.058
-0.059
-0.06
-0.061
-0.061
-0.061
-0.061
-0.062
-0.062
-0.062
-0.062
-0.061
-0.06
-0.058
-0.057
-0.056
-0.054
-0.053
-0.051
-0.049
-0.048
-0.047
-0.046
-0.043
-0.04
-0.037
-0.034
-0.031
-0.029
-0.027
-0.025
-0.022
-0.017
-0.012
0.007
0.046
0.108
0.196
0.312
0.458
0.63
0.812
0.969
1.027
1.01
0.868
0.592
0.25
-0.078
-0.33
-0.46
-0.48
-0.451
-0.364
-0.278
-0.212
-0.164
-0.127
-0.104
-0.087
-0.076
-0.066
-0.056
-0.049
-0.045
-0.042
-0.039
-0.036
-0.033
-0.031
-0.029
-0.027
-0.025
-0.021
-0.015
-0.004
0.009
0.016
0.02
0.023
0.026
0.028
0.031
0.033
0.035
0.037
0.039
0.042
0.046
0.057
0.075
0.085
0.09
0.095
0.101
0.108
0.117
0.133
0.158
0.178
0.193
0.209
0.23
0.257
0.271
0.278
0.284
0.288
0.29
0.29
0.288
0.285
0.281
0.276
0.269
0.256
0.243
0.23
0.216
0.204
0.188
0.167
0.143
0.12
0.099
0.078
0.062
0.049
0.031
0.015
0.001
-0.011
-0.024
-0.034
-0.042
-0.049
-0.054
-0.058
-0.062
-0.064
-0.065
-0.065
-0.065
-0.065
-0.065
-0.066
-0.066
-0.066
-0.066
-0.067
-0.068
-0.07
-0.072
-0.073
-0.075
-0.076
-0.077
-0.079
-0.081
-0.083
-0.084
-0.084
-0.085
-0.085
-0.086
-0.087
-0.088
-0.089
-0.089
-0.09
-0.09
-0.091
-0.092
-0.092
-0.092
-0.092
-0.091
-0.092
-0.091
-0.091
-0.09
-0.09
-0.09
-0.091
-0.092
-0.093
-0.094
-0.094
-0.095
-0.096
-0.097
-0.098
-0.099
-0.1
-0.1
-0.101
-0.102
-0.102
-0.102
-0.101
-0.099
-0.098
-0.096
-0.095
-0.093
-0.09
-0.087
-0.083
-0.08
-0.077
-0.075
-0.07
-0.059
-0.046
-0.04
-0.037
-0.034
-0.032
-0.03
-0.028
-0.026
-0.025
-0.025
-0.025
-0.025
-0.025
-0.025
-0.025
-0.026
-0.026
-0.027
-0.028
-0.029
-0.031
-0.033
-0.036
-0.039
-0.041
-0.044
-0.047
-0.05
-0.053
-0.056
-0.061
-0.067
-0.071
-0.074
-0.075
-0.076
-0.077
-0.077
-0.078
-0.079
-0.08
-0.079
-0.076
-0.072
-0.068
-0.065
-0.063
-0.061
-0.059
-0.057
-0.055
-0.054
-0.053
-0.053
-0.052
-0.05
-0.048
-0.047
-0.047
-0.047
-0.047
-0.047
-0.046
-0.044
-0.041
-0.038
-0.016
0.04
0.129
0.256
0.421
0.613
0.81
0.977
1.053
1.044
0.922
0.675
0.365
0.048
-0.221
-0.401
-0.467
-0.473
-0.437
-0.373
-0.305
-0.242
-0.188
-0.157
-0.135
-0.123
-0.113
-0.102
-0.092
-0.085
-0.08
-0.075
-0.071
-0.067
-0.063
-0.06
-0.056
-0.052
-0.049
-0.044
-0.04
-0.036
-0.032
-0.028
-0.024
-0.02
-0.016
-0.012
-0.008
-0.002
0.01
0.034
0.052
0.062
0.073
0.084
0.097
0.113
0.129
0.141
0.149
0.155
0.162
0.168
0.174
0.181
0.189
0.198
0.206
0.217
0.236
0.263
0.282
0.294
0.301
0.305
0.308
0.311
0.314
0.313
0.304
0.29
0.274
0.252
0.236
0.216
0.19
0.164
0.134
0.1
0.069
0.047
0.033
0.02
0.006
-0.01
-0.028
-0.039
-0.044
-0.046
-0.049
-0.051
-0.052
-0.053
-0.053
-0.054
-0.054
-0.055
-0.056
-0.057
-0.058
-0.06
-0.061
-0.063
-0.064
-0.065
-0.065
-0.065
-0.066
-0.067
-0.069
-0.072
-0.076
-0.079
-0.079
-0.076
-0.072
-0.067
-0.063
-0.058
-0.052
-0.049
-0.05
-0.052
-0.055
-0.057
-0.06
-0.063
-0.066
-0.066
-0.065
-0.063
-0.06
-0.057
-0.051
-0.048
-0.05
-0.055
-0.057
-0.059
-0.06
-0.062
-0.063
-0.064
-0.065
-0.066
-0.066
-0.066
-0.065
-0.062
-0.059
-0.056
-0.053
-0.05
-0.047
-0.045
-0.042
-0.04
-0.039
-0.038
-0.038
-0.038
-0.037
-0.036
-0.035
-0.034
-0.032
-0.031
-0.029
-0.028
-0.027
-0.026
-0.025
-0.024
-0.022
-0.021
-0.019
-0.017
-0.013
-0.008
-0.005
-0.008
-0.016
-0.025
-0.031
-0.037
-0.042
-0.046
-0.049
-0.051
-0.054
-0.056
-0.058
-0.06
-0.063
-0.066
-0.066
-0.064
-0.06
-0.058
-0.055
-0.052
-0.05
-0.049
-0.048
-0.048
-0.047
-0.047
-0.047
-0.048
-0.049
-0.05
-0.052
-0.052
-0.052
-0.053
-0.055
-0.058
-0.06
-0.06
-0.057
-0.053
-0.049
-0.045
-0.042
-0.038
-0.035
-0.034
-0.035
-0.036
-0.038
-0.041
-0.044
-0.029
0.016
0.089
0.193
0.33
0.502
0.701
0.902
1.063
1.139
1.091
0.908
0.616
0.267
-0.066
-0.329
-0.484
-0.508
-0.497
-0.42
-0.333
-0.255
-0.196
-0.153
-0.126
-0.112
-0.106
-0.102
-0.099
-0.095
-0.092
-0.089
-0.086
-0.083
-0.08
-0.077
-0.074
-0.071
-0.067
-0.063
-0.058
-0.053
-0.048
-0.044
-0.039
-0.034
-0.027
-0.019
-0.011
-0.003
0.005
0.016
0.031
0.046
0.057
0.064
0.071
0.078
0.084
0.092
0.103
0.118
0.13
0.147
0.168
0.189
0.213
0.232
0.244
0.254
0.261
0.265
0.268
0.271
0.273
0.275
0.275
0.275
0.274
0.272
0.268
0.263
0.258
0.249
0.233
0.217
0.201
0.184
0.171
0.154
0.131
0.105
0.078
0.049
0.02
-0.004
-0.022
-0.042
-0.05
-0.055
-0.059
-0.063
-0.067
-0.07
-0.072
-0.074
-0.074
-0.074
-0.073
-0.071
-0.068
-0.065
-0.061
-0.056
-0.052
-0.048
-0.045
-0.042
-0.039
-0.034
-0.029
-0.024
-0.019
-0.014
-0.01
-0.007
-0.003
0.0
0.005
0.01
0.016
0.027
0.037
0.039
0.038
0.036
0.034
0.032
0.03
0.029
0.033
0.039
0.047
0.054
0.062
0.069
0.07
0.066
0.061
0.057
0.052
0.048
0.045
0.045
0.05
0.057
0.062
0.065
0.067
0.068
0.07
0.072
0.075
0.077
0.079
0.081
0.082
0.084
0.085
0.086
0.086
0.087
0.088
0.089
0.091
0.092
0.094
0.097
0.099
0.102
0.106
0.11
0.116
0.131
0.137
0.14
0.142
0.145
0.146
0.145
0.135
0.121
0.112
0.104
0.096
0.088
0.082
0.077
0.074
0.071
0.067
0.061
0.051
0.034
0.027
0.024
0.021
0.019
0.016
0.014
0.011
0.008
0.005
0.003
0.002
0.001
0.0
0.0
0.0
0.0
0.0
0.0
-0.001
-0.003
-0.005
-0.007
-0.007
-0.008
-0.008
-0.007
-0.007
-0.007
-0.006
-0.004
-0.002
-0.001
0.0
0.001
0.002
0.003
0.005
0.008
0.014
0.02
0.048
0.11
0.201
0.321
0.472
0.649
0.839
1.016
1.135
1.147
1.085
0.867
0.551
0.198
-0.117
-0.342
-0.43
-0.435
-0.378
-0.297
-0.236
-0.196
-0.17
-0.14
-0.102
-0.079
-0.068
-0.061
-0.054
-0.049
-0.044
-0.04
-0.036
-0.032
-0.029
-0.025
-0.02
-0.013
-0.007
-0.001
0.003
0.008
0.014
0.018
0.023
0.028
0.035
0.042
0.05
0.058
0.069
0.085
0.099
0.109
0.121
0.133
0.139
0.142
0.146
0.151
0.135
0.088
0.023
-0.062
-0.161
-0.26
-0.356
-0.45
-0.539
-0.618
-0.665
-0.681
-0.667
-0.645
-0.616
-0.594
-0.579
-0.572
-0.568
-0.565
-0.561
-0.559
-0.565
-0.579
-0.596
-0.615
-0.629
-0.645
-0.669
-0.689
-0.702
-0.713
-0.724
-0.73
-0.734
-0.737
-0.74
-0.742
-0.743
-0.744
-0.745
-0.744
-0.742
-0.739
-0.735
-0.73
-0.725
-0.719
-0.712
-0.702
-0.691
-0.682
-0.673
-0.664
-0.654
-0.643
-0.632
-0.623
-0.614
-0.597
-0.563
-0.49
-0.397
-0.292
-0.183
-0.071
0.042
0.156
0.267
0.363
0.405
0.42
0.428
0.431
0.428
0.423
0.417
0.414
0.412
0.409
0.407
0.405
0.401
0.397
0.393
0.389
0.385
0.381
0.376
0.371
0.365
0.357
0.348
0.34
0.334
0.328
0.323
0.319
0.315
0.311
0.307
0.304
0.301
0.299
0.297
0.295
0.292
0.29
0.287
0.286
0.283
0.28
0.277
0.274
0.273
0.274
0.276
0.279
0.283
0.286
0.289
0.292
0.295
0.298
0.3
0.302
0.302
0.301
0.298
0.293
0.287
0.28
0.272
0.264
0.255
0.245
0.236
0.229
0.222
0.217
0.213
0.21
0.208
0.205
0.201
0.198
0.195
0.191
0.187
0.183
0.179
0.175
0.172
0.17
0.168
0.167
0.166
0.164
0.163
0.162
0.161
0.159
0.158
0.156
0.154
0.152
0.15
0.149
0.148
0.146
0.145
0.143
0.142
0.14
0.138
0.135
0.131
0.125
0.113
0.102
0.1
0.105
0.112
0.135
0.195
0.283
0.399
0.545
0.711
0.883
1.037
1.138
1.147
1.089
0.889
0.599
0.27
-0.038
-0.26
-0.352
-0.361
-0.32
-0.238
-0.157
-0.091
-0.052
-0.027
-0.013
-0.002
0.008
0.016
0.023
0.03
0.035
0.04
0.042
0.042
0.041
0.04
0.038
0.036
0.035
0.034
0.032
0.03
0.028
0.027
0.025
0.024
0.024
0.026
0.028
0.032
0.037
0.042
0.047
0.052
0.056
0.062
0.068
0.073
0.079
0.084
0.089
0.094
0.101
0.111
0.128
0.146
0.163
0.177
0.187
0.196
0.201
0.205
0.208
0.211
0.213
0.214
0.213
0.209
0.204
0.198
0.19
0.178
0.157
0.138
0.119
0.1
0.079
0.058
0.037
0.018
0.0
-0.02
-0.036
-0.052
-0.07
-0.099
-0.118
-0.132
-0.142
-0.148
-0.149
-0.148
-0.146
-0.144
-0.143
-0.141
-0.14
-0.14
-0.139
-0.137
-0.133
-0.129
-0.126
-0.124
-0.124
-0.123
-0.121
-0.12
-0.119
-0.119
-0.119
-0.119
-0.119
-0.119
-0.118
-0.119
-0.119
-0.12
-0.121
-0.121
-0.121
-0.12
-0.12
-0.119
-0.118
-0.117
-0.115
-0.113
-0.111
-0.11
-0.109
-0.108
-0.107
-0.105
-0.104
-0.104
-0.103
-0.102
-0.101
-0.099
-0.098
-0.096
-0.094
-0.094
-0.093
-0.093
-0.093
-0.093
-0.093
-0.093
-0.093
-0.093
-0.093
-0.091
-0.09
-0.088
-0.086
-0.084
-0.082
-0.08
-0.077
-0.075
-0.072
-0.07
-0.068
-0.065
-0.063
-0.059
-0.055
-0.05
-0.046
-0.042
-0.038
-0.034
-0.031
-0.028
-0.027
-0.028
-0.03
-0.033
-0.037
-0.04
-0.043
-0.046
-0.049
-0.052
-0.054
-0.056
-0.058
-0.059
-0.061
-0.064
-0.067
-0.069
-0.071
-0.073
-0.075
-0.077
-0.078
-0.079
-0.079
-0.078
-0.077
-0.076
-0.076
-0.076
-0.076
-0.075
-0.075
-0.074
-0.073
-0.073
-0.072
-0.071
-0.07
-0.068
-0.067
-0.067
-0.068
-0.069
-0.07
-0.07
-0.07
-0.069
-0.069
-0.069
-0.067
-0.065
-0.062
-0.058
-0.053
-0.045
-0.033
0.009
0.092
0.214
