-0.016
0.0
0.016
0.034
0.051
0.066
0.079
0.091
0.102
0.112
0.122
0.129
0.132
0.133
0.135
0.136
0.137
0.138
0.139
0.14
0.141
0.142
0.142
0.143
0.143
0.143
0.142
0.142
0.141
0.141
0.141
0.142
0.143
0.144
0.146
0.148
0.149
0.151
0.152
0.154
0.156
0.157
0.158
0.159
0.16
0.161
0.163
0.165
0.167
0.17
0.173
0.176
0.179
0.182
0.184
0.186
0.188
0.188
0.189
0.19
0.19
0.19
0.191
0.192
0.194
0.196
0.199
0.202
0.205
0.207
0.209
0.21
0.21
0.209
0.207
0.204
0.201
0.197
0.193
0.189
0.186
0.182
0.179
0.176
0.173
0.17
0.167
0.164
0.161
0.157
0.154
0.15
0.146
0.141
0.137
0.133
0.13
0.127
0.126
0.125
0.125
0.125
0.125
0.125
0.126
0.127
0.127
0.126
0.126
0.127
0.127
0.128
0.13
0.133
0.136
0.139
0.141
0.143
0.145
0.146
0.145
0.144
0.143
0.141
0.14
0.138
0.138
0.137
0.137
0.135
0.134
0.132
0.129
0.126
0.123
0.12
0.118
0.117
0.117
0.117
0.117
0.116
0.115
0.114
0.113
0.112
0.109
0.106
0.1
0.093
0.084
0.047
-0.042
-0.166
-0.319
-0.481
-0.628
-0.724
-0.733
-0.68
-0.503
-0.24
0.043
0.293
0.47
0.515
0.531
0.528
0.498
0.466
0.43
0.393
0.344
0.28
0.211
0.143
0.1
0.077
0.062
0.048
0.037
0.027
0.019
0.013
0.007
0.002
-0.002
-0.006
-0.012
-0.017
-0.022
-0.028
-0.034
-0.041
-0.05
-0.062
-0.075
-0.088
-0.101
-0.113
-0.124
-0.132
-0.141
-0.148
-0.156
-0.163
-0.17
-0.178
-0.187
-0.199
-0.218
-0.239
-0.261
-0.289
-0.32
-0.347
-0.372
-0.398
-0.428
-0.454
-0.477
-0.495
-0.508
-0.516
-0.522
-0.528
-0.533
-0.536
-0.538
-0.538
-0.535
-0.53
-0.522
-0.512
-0.499
-0.48
-0.447
-0.421
-0.388
-0.343
-0.302
-0.272
-0.241
-0.21
-0.18
-0.153
-0.116
-0.073
-0.04
-0.016
0.002
0.016
0.026
0.035
0.045
0.054
0.062
0.072
0.084
0.098
0.115
0.121
0.125
0.128
0.131
0.133
0.135
0.138
0.14
0.142
0.144
0.145
0.146
0.145
0.143
0.141
0.14
0.138
0.136
0.135
0.134
0.134
0.135
0.136
0.136
0.137
0.138
0.138
0.137
0.137
0.137
0.137
0.138
0.139
0.14
0.142
0.145
0.149
0.153
0.155
0.156
0.156
0.155
0.154
0.154
0.155
0.156
0.157
0.157
0.157
0.157
0.156
0.156
0.156
0.155
0.155
0.154
0.154
0.154
0.156
0.158
0.16
0.161
0.162
0.161
0.161
0.16
0.156
0.146
0.134
0.124
0.118
0.113
0.109
0.104
0.101
0.097
0.093
0.09
0.087
0.085
0.083
0.081
0.08
0.079
0.078
0.078
0.079
0.08
0.081
0.082
0.084
0.087
0.09
0.093
0.097
0.101
0.105
0.109
0.114
0.119
0.124
0.132
0.14
0.147
0.153
0.157
0.157
0.156
0.154
0.151
0.148
0.145
0.143
0.141
0.139
0.137
0.135
0.133
0.131
0.129
0.129
0.129
0.13
0.132
0.134
0.137
0.138
0.139
0.139
0.139
0.138
0.136
0.133
0.129
0.124
0.12
0.092
0.002
-0.127
-0.294
-0.48
-0.652
-0.75
-0.754
-0.668
-0.441
-0.154
0.142
0.387
0.55
0.605
0.608
0.566
0.502
0.447
0.417
0.39
0.355
0.315
0.273
0.196
0.13
0.073
0.046
0.036
0.032
0.029
0.027
0.024
0.021
0.016
0.011
0.004
-0.001
-0.007
-0.013
-0.019
-0.027
-0.035
-0.043
-0.05
-0.057
-0.063
-0.068
-0.073
-0.078
-0.087
-0.1
-0.113
-0.126
-0.138
-0.151
-0.165
-0.18
-0.198
-0.22
-0.239
-0.257
-0.276
-0.298
-0.329
-0.366
-0.395
-0.417
-0.436
-0.46
-0.493
-0.512
-0.522
-0.529
-0.534
-0.537
-0.537
-0.534
-0.527
-0.518
-0.508
-0.492
-0.466
-0.447
-0.432
-0.419
-0.403
-0.383
-0.35
-0.313
-0.283
-0.254
-0.227
-0.195
-0.157
-0.12
-0.082
-0.049
-0.026
-0.007
0.015
0.032
0.043
0.052
0.061
0.072
0.082
0.091
0.097
0.101
0.104
0.106
0.108
0.11
0.112
0.114
0.118
0.121
0.124
0.127
0.129
0.13
0.131
0.131
0.131
0.131
0.131
0.131
0.133
0.134
0.137
0.139
0.142
0.144
0.146
0.147
0.148
0.148
0.147
0.147
0.147
0.147
0.148
0.15
0.151
0.152
0.153
0.153
0.153
0.152
0.151
0.149
0.146
0.144
0.142
0.141
0.14
0.141
0.141
0.14
0.14
0.14
0.14
0.14
0.14
0.14
0.139
0.138
0.136
0.133
0.13
0.126
0.121
0.116
0.111
0.107
0.103
0.1
0.096
0.091
0.086
0.08
0.075
0.07
0.066
0.063
0.06
0.058
0.056
0.053
0.052
0.049
0.046
0.041
0.034
0.028
0.026
0.029
0.036
0.046
0.056
0.066
0.08
0.091
0.095
0.097
0.098
0.1
0.101
0.101
0.101
0.102
0.103
0.103
0.103
0.102
0.1
0.098
0.096
0.094
0.092
0.09
0.087
0.085
0.083
0.082
0.081
0.08
0.079
0.078
0.078
0.077
0.074
0.072
0.071
0.072
0.075
0.078
0.082
0.087
0.095
0.104
0.087
0.036
-0.045
-0.156
-0.293
-0.443
-0.578
-0.67
-0.679
-0.629
-0.454
-0.202
0.082
0.339
0.518
0.578
0.58
0.527
0.464
0.436
0.421
0.407
0.384
0.353
0.317
0.259
0.198
0.137
0.098
0.071
0.057
0.044
0.03
0.017
0.007
0.0
-0.007
-0.013
-0.019
-0.024
-0.029
-0.033
-0.038
-0.043
-0.049
-0.054
-0.059
-0.065
-0.073
-0.08
-0.089
-0.099
-0.109
-0.12
-0.132
-0.144
-0.158
-0.179
-0.207
-0.227
-0.247
-0.268
-0.285
-0.308
-0.338
-0.37
-0.403
-0.427
-0.442
-0.457
-0.472
-0.49
-0.51
-0.521
-0.527
-0.531
-0.535
-0.538
-0.539
-0.539
-0.535
-0.527
-0.518
-0.507
-0.493
-0.472
-0.451
-0.432
-0.4
-0.359
-0.322
-0.289
-0.261
-0.226
-0.183
-0.137
-0.097
-0.069
-0.049
-0.033
-0.019
-0.002
0.015
0.029
0.04
0.05
0.062
0.075
0.087
0.094
0.099
0.104
0.108
0.112
0.116
0.12
0.123
0.125
0.127
0.128
0.129
0.131
0.134
0.136
0.139
0.142
0.143
0.144
0.144
0.144
0.144
0.144
0.144
0.144
0.144
0.145
0.146
0.148
0.149
0.151
0.152
0.152
0.152
0.151
0.151
0.152
0.153
0.155
0.156
0.157
0.158
0.159
0.159
0.16
0.161
0.161
0.161
0.16
0.16
0.159
0.159
0.159
0.159
0.158
0.157
0.156
0.154
0.152
0.15
0.149
0.147
0.147
0.146
0.146
0.146
0.145
0.144
0.143
0.141
0.14
0.139
0.137
0.136
0.134
0.133
0.131
0.131
0.131
0.131
0.131
0.13
0.128
0.126
0.124
0.123
0.122
0.123
0.124
0.127
0.131
0.136
0.141
0.146
0.15
0.154
0.157
0.16
0.162
0.163
0.164
0.165
0.167
0.168
0.171
0.173
0.174
0.175
0.175
0.174
0.173
0.171
0.169
0.168
0.166
0.165
0.164
0.164
0.164
0.166
0.167
0.168
0.169
0.169
0.169
0.169
0.17
0.17
0.171
0.174
0.182
0.182
0.166
0.119
0.053
-0.039
-0.164
-0.314
-0.467
-0.598
-0.645
-0.632
-0.515
-0.294
-0.025
0.24
0.449
0.549
0.585
0.585
0.554
0.527
0.5
0.48
0.466
0.444
0.411
0.352
0.279
0.206
0.154
0.121
0.106
0.096
0.089
0.082
0.077
0.072
0.068
0.063
0.059
0.054
0.049
0.044
0.038
0.031
0.022
0.011
-0.003
-0.024
-0.044
-0.063
-0.083
-0.102
-0.121
-0.139
-0.156
-0.17
-0.183
-0.193
-0.203
-0.218
-0.238
-0.264
-0.293
-0.32
-0.343
-0.367
-0.391
-0.419
-0.449
-0.476
-0.498
-0.508
-0.516
-0.522
-0.527
-0.53
-0.532
-0.533
-0.533
-0.532
-0.528
-0.523
-0.517
-0.508
-0.499
-0.483
-0.453
-0.429
-0.406
-0.383
-0.36
-0.33
-0.29
-0.247
-0.204
-0.169
-0.144
-0.124
-0.099
-0.062
-0.034
-0.019
-0.007
0.002
0.012
0.023
0.036
0.052
0.07
0.077
0.082
0.086
0.09
0.093
0.095
0.097
0.098
0.099
0.1
0.1
0.102
0.103
0.105
0.107
0.108
0.11
0.111
0.112
0.114
0.116
0.118
0.119
0.12
0.121
0.122
0.123
0.125
0.127
0.13
0.133
0.136
0.139
0.141
0.143
0.145
0.147
0.148
0.15
0.15
0.15
0.15
0.151
0.151
0.152
0.154
0.155
0.156
0.157
0.157
0.157
0.157
0.157
0.156
0.156
0.157
0.157
0.158
0.158
0.159
0.159
0.159
0.159
0.158
0.157
0.155
0.153
0.15
0.148
0.146
0.144
0.143
0.141
0.139
0.137
0.134
0.13
0.124
0.118
0.111
0.105
0.099
0.095
0.092
0.09
0.088
0.086
0.084
0.082
0.08
0.077
0.074
0.07
0.067
0.064
0.063
0.063
0.065
0.067
0.07
0.073
0.077
0.08
0.083
0.086
0.088
0.09
0.091
0.093
0.096
0.099
0.102
0.104
0.105
0.106
0.106
0.104
0.103
0.1
0.096
0.093
0.09
0.088
0.087
0.087
0.086
0.086
0.086
0.087
0.089
0.09
0.091
0.091
0.091
0.091
0.091
0.09
0.089
0.087
0.085
0.08
0.075
0.068
0.03
-0.039
-0.133
-0.258
-0.406
-0.556
-0.683
-0.725
-0.711
-0.589
-0.368
-0.099
0.176
0.41
0.542
0.585
0.575
0.546
0.485
0.448
0.408
0.372
0.319
0.247
0.175
0.111
0.086
0.069
0.06
0.055
0.051
0.046
0.041
0.034
0.026
0.017
0.008
-0.001
-0.011
-0.021
-0.032
-0.043
-0.054
-0.068
-0.08
-0.091
-0.101
-0.11
-0.117
-0.124
-0.131
-0.138
-0.145
-0.152
-0.161
-0.174
-0.186
-0.198
-0.218
-0.25
-0.288
-0.322
-0.346
-0.361
-0.376
-0.394
-0.421
-0.456
