0.766
0.89
0.998
1.086
1.145
1.146
1.09
0.986
0.942
0.892
0.874
0.862
0.864
0.897
0.944
1.006
1.084
1.173
1.269
1.37
1.474
1.577
1.667
1.733
1.785
1.805
1.815
1.821
1.802
1.742
1.66
1.57
1.466
1.344
1.211
1.073
0.933
0.798
0.677
0.572
0.462
0.338
0.198
0.038
-0.125
-0.296
-0.478
-0.662
-0.857
-1.054
-1.242
-1.416
-1.572
-1.711
-1.842
-1.966
-2.081
-2.176
-2.245
-2.301
-2.333
-2.364
-2.391
-2.409
-2.424
-2.441
-2.464
-2.49
-2.533
-2.588
-2.644
-2.694
-2.725
-2.746
-2.759
-2.767
-2.767
-2.761
-2.747
-2.709
-2.652
-2.579
-2.492
-2.381
-2.252
-2.112
-1.951
-1.761
-1.548
-1.309
-1.053
-0.792
-0.529
-0.272
-0.025
0.21
0.442
0.662
0.86
1.035
1.185
1.309
1.404
1.46
1.462
1.418
1.308
1.147
0.948
0.722
0.475
0.22
-0.031
-0.268
-0.481
-0.669
-0.822
-0.96
-1.098
-1.227
-1.351
-1.475
-1.593
-1.702
-1.799
-1.889
-1.972
-2.044
-2.114
-2.179
-2.24
-2.263
-2.274
-2.282
-2.281
-2.263
-2.214
-2.147
-2.059
-1.944
-1.791
-1.607
-1.408
-1.207
-1.008
-0.82
-0.644
-0.475
-0.314
-0.168
-0.044
0.044
0.101
0.134
0.158
0.174
0.181
0.175
0.16
0.137
0.107
0.08
0.055
0.015
-0.036
-0.111
-0.208
-0.32
-0.472
-0.657
-0.873
-1.125
-1.387
-1.644
-1.885
-2.098
-2.279
-2.413
-2.503
-2.544
-2.543
-2.499
-2.435
-2.365
-2.292
-2.209
-2.148
-2.115
-2.095
-2.082
-2.075
-2.081
-2.094
-2.114
-2.144
-2.195
-2.271
-2.36
-2.442
-2.529
-2.63
-2.723
-2.785
-2.843
-2.902
-2.924
-2.935
-2.943
-2.929
-2.906
-2.879
-2.85
-2.822
-2.795
-2.765
-2.733
-2.7
-2.667
-2.639
-2.619
-2.603
-2.586
-2.563
-2.533
-2.499
-2.467
-2.434
-2.407
-2.37
-2.326
-2.274
-2.217
-2.155
-2.087
-2.016
-1.942
-1.855
-1.755
-1.653
-1.548
-1.437
-1.325
-1.21
-1.058
-0.892
-0.707
-0.5
-0.295
-0.09
0.116
0.311
0.479
0.62
0.743
0.826
0.868
0.904
0.937
0.967
0.994
1.033
1.081
1.142
1.204
1.262
1.33
1.414
1.494
1.554
1.605
1.631
1.638
1.642
1.645
1.648
1.652
1.654
1.658
1.664
1.688
1.742
1.796
1.856
1.924
1.983
2.033
2.088
2.146
2.196
2.225
2.254
2.286
2.31
2.326
2.333
2.327
2.312
2.29
2.256
2.22
2.183
2.144
2.107
2.072
2.039
2.013
1.995
1.978
1.963
1.948
1.929
1.917
1.908
1.901
1.897
1.897
1.9
1.906
1.913
1.927
1.95
1.973
1.999
2.031
2.058
2.077
2.093
2.11
2.127
2.144
2.163
2.188
2.217
2.232
2.242
2.248
2.251
2.247
2.238
2.224
2.201
2.166
2.111
2.05
1.989
1.935
1.886
1.84
1.793
1.74
1.682
1.616
1.551
1.499
1.45
1.398
1.336
1.272
1.211
1.149
1.09
1.04
0.992
0.941
0.886
0.83
0.774
0.715
0.656
0.595
0.537
0.487
0.443
0.397
0.365
0.338
0.322
0.316
0.317
0.319
0.32
0.32
0.32
0.321
0.321
0.321
0.32
0.319
0.317
0.313
0.308
0.301
0.287
0.26
0.219
0.17
0.141
0.111
0.081
0.052
0.025
0.0
-0.026
-0.042
-0.052
-0.059
-0.061
-0.059
-0.054
-0.046
-0.034
-0.011
0.01
0.026
0.043
0.058
0.074
0.094
0.109
0.12
0.129
0.133
0.134
0.13
0.123
0.113
0.096
0.066
0.013
-0.05
-0.113
-0.174
-0.23
-0.276
-0.32
-0.366
-0.417
-0.469
-0.521
-0.549
-0.578
-0.599
-0.61
-0.617
-0.617
-0.607
-0.581
-0.539
-0.487
-0.456
-0.422
-0.392
-0.377
-0.37
-0.366
-0.361
-0.356
-0.349
-0.341
-0.331
-0.318
-0.291
-0.248
-0.21
-0.176
-0.144
-0.117
-0.105
-0.1
-0.095
-0.091
-0.087
-0.083
-0.078
-0.073
-0.068
-0.062
-0.055
-0.045
-0.036
-0.029
-0.023
-0.016
-0.01
-0.004
0.001
0.008
0.015
0.024
0.04
0.073
0.111
0.141
0.163
0.189
0.219
0.238
0.246
0.252
0.236
0.214
0.195
0.182
0.174
0.169
0.165
0.163
0.16
0.159
0.16
0.162
0.166
0.171
0.176
0.18
0.184
0.188
0.193
0.198
0.201
0.202
0.202
0.2
0.197
0.194
0.191
0.186
0.179
0.175
0.184
0.203
0.233
0.267
0.31
0.356
0.383
0.401
0.413
0.42
0.42
0.412
0.399
0.384
0.364
0.349
0.341
0.334
0.329
0.325
0.323
0.322
0.324
0.329
0.338
0.348
0.368
0.4
0.422
0.439
0.461
0.49
0.519
0.533
0.541
0.546
0.549
0.549
0.545
0.537
0.525
0.506
0.473
0.42
0.376
0.333
0.288
0.231
0.168
0.112
0.066
0.021
-0.025
-0.068
-0.111
-0.158
-0.205
-0.234
-0.257
-0.272
-0.279
-0.283
-0.286
-0.288
-0.29
-0.291
-0.293
-0.294
-0.296
-0.298
-0.3
-0.302
-0.303
-0.305
-0.307
-0.309
-0.311
-0.313
-0.314
-0.315
-0.315
-0.314
-0.312
-0.311
-0.31
-0.309
-0.308
-0.308
-0.307
-0.307
-0.306
-0.306
-0.305
-0.305
-0.304
-0.303
-0.303
-0.303
-0.304
-0.306
-0.309
-0.311
-0.313
-0.315
-0.316
-0.317
-0.318
-0.318
-0.318
-0.318
-0.318
-0.318
-0.319
-0.319
-0.32
-0.32
-0.321
-0.321
-0.321
-0.321
-0.319
-0.316
-0.314
-0.311
-0.308
-0.305
-0.302
-0.299
-0.296
-0.294
-0.292
-0.291
-0.289
-0.287
-0.284
-0.281
-0.278
-0.275
-0.272
-0.27
-0.268
-0.266
-0.264
-0.261
-0.257
-0.245
-0.221
-0.199
-0.175
-0.15
-0.127
-0.105
-0.077
-0.06
-0.053
-0.049
-0.046
-0.043
-0.04
-0.037
-0.033
-0.029
-0.026
-0.023
-0.018
-0.013
-0.006
0.005
0.015
0.023
0.029
0.033
0.036
0.038
0.041
0.045
0.049
0.051
0.055
0.059
0.066
0.094
0.146
0.216
0.289
0.372
0.447
0.5
0.518
0.509
0.479
0.415
0.321
0.239
0.163
0.112
0.082
0.07
0.066
0.072
0.082
0.09
0.095
0.1
0.104
0.109
0.114
0.122
0.13
0.138
0.146
0.154
0.162
0.169
0.174
0.18
0.186
0.189
0.192
0.193
0.194
0.194
0.194
0.195
0.195
0.195
0.196
0.198
0.2
0.202
0.203
0.204
0.205
0.207
0.209
0.212
0.215
0.219
0.227
0.244
0.259
0.271
0.281
0.29
0.298
0.307
0.316
0.325
0.331
0.336
0.341
0.345
0.348
0.349
0.348
0.345
0.34
0.334
0.327
0.315
0.295
0.278
0.256
0.231
0.207
0.181
0.152
0.122
0.091
0.06
0.03
0.0
-0.029
-0.061
-0.09
-0.111
-0.126
-0.139
-0.15
-0.163
-0.177
-0.189
-0.2
-0.209
-0.217
-0.224
-0.228
-0.231
-0.233
-0.236
-0.238
-0.241
-0.242
-0.243
-0.242
-0.241
-0.239
-0.236
-0.231
-0.225
-0.219
-0.214
-0.208
-0.2
-0.191
-0.185
-0.181
-0.178
-0.176
-0.175
-0.175
-0.174
-0.174
-0.173
-0.173
-0.172
-0.171
-0.17
-0.168
-0.167
-0.167
-0.165
-0.163
-0.162
-0.159
-0.156
-0.152
-0.146
-0.133
-0.118
-0.103
-0.093
-0.084
-0.077
-0.072
-0.069
-0.067
-0.067
-0.068
-0.068
-0.068
-0.068
-0.067
-0.067
-0.067
-0.069
-0.073
-0.077
-0.079
-0.083
-0.086
-0.09
-0.093
-0.094
-0.094
-0.092
-0.088
-0.084
-0.08
-0.077
-0.073
-0.069
-0.066
-0.063
-0.061
-0.059
-0.056
-0.054
-0.05
-0.046
-0.041
-0.036
-0.029
-0.019
-0.008
0.005
0.018
0.025
0.03
0.034
0.037
0.04
0.043
0.045
0.046
0.046
0.046
0.045
0.044
0.041
0.038
0.035
0.032
0.028
0.024
0.021
0.018
0.014
0.011
0.009
0.009
0.009
0.011
0.014
0.02
0.028
0.038
0.075
0.118
0.173
0.233
0.291
0.336
0.352
0.353
0.342
0.326
0.302
0.26
0.201
0.132
0.09
0.075
0.076
0.094
0.105
0.112
0.119
0.126
0.133
0.14
0.148
0.155
0.161
0.167
0.172
0.176
0.179
0.183
0.187
0.191
0.195
0.198
0.202
0.206
0.21
0.215
0.222
0.23
0.237
0.244
0.251
0.256
0.259
0.262
0.265
0.267
0.27
0.273
0.276
0.278
0.281
0.283
0.286
0.289
0.292
0.296
0.3
0.306
0.314
0.321
0.329
0.336
0.342
0.347
0.353
0.357
0.361
0.364
0.366
0.366
0.366
0.365
0.362
0.359
0.354
0.349
0.341
0.325
0.308
0.284
0.255
0.227
0.2
0.174
0.148
0.122
0.094
0.064
0.031
-0.003
-0.036
-0.061
-0.08
-0.098
-0.113
-0.127
-0.14
-0.153
-0.164
-0.174
-0.184
-0.196
-0.208
-0.213
-0.216
-0.219
-0.221
-0.224
-0.226
-0.227
-0.228
-0.23
-0.232
-0.235
-0.236
-0.237
-0.238
-0.238
-0.238
-0.237
-0.235
-0.233
-0.231
-0.229
-0.227
-0.225
-0.223
-0.22
-0.217
-0.214
-0.211
-0.207
-0.197
-0.187
-0.181
-0.178
-0.175
-0.173
-0.171
-0.17
-0.169
-0.168
-0.167
-0.167
-0.166
-0.165
-0.164
-0.163
-0.162
-0.161
-0.16
-0.158
-0.155
-0.151
-0.146
-0.141
-0.135
-0.126
-0.117
-0.109
-0.102
-0.095
-0.092
-0.09
-0.088
-0.086
-0.084
-0.082
-0.079
-0.076
-0.072
-0.069
-0.066
-0.064
-0.062
-0.061
-0.06
-0.058
-0.056
-0.054
-0.052
-0.05
-0.048
-0.045
-0.041
-0.037
-0.034
-0.032
-0.03
-0.028
-0.027
-0.024
-0.021
-0.018
-0.014
-0.008
0.004
0.015
0.026
0.034
0.039
0.045
0.049
0.051
0.05
0.048
0.043
0.037
0.031
0.026
0.022
0.018
0.015
0.012
0.009
0.007
0.005
0.002
0.0
-0.001
-0.002
-0.001
-0.001
0.0
0.001
0.004
0.006
0.01
0.014
0.018
0.022
0.044
0.09
0.154
0.227
0.3
0.364
0.387
0.403
0.402
0.363
0.308
0.247
0.182
0.114
0.06
0.008
-0.008
-0.018
-0.012
0.016
0.05
0.078
0.096
0.104
0.105
0.105
0.104
0.105
0.106
