-0.085
-0.09
-0.095
-0.099
-0.103
-0.106
-0.109
-0.112
-0.119
-0.129
-0.107
-0.041
0.082
0.261
0.484
0.732
0.981
1.193
1.304
1.304
1.187
0.916
0.574
0.241
-0.014
-0.141
-0.182
-0.159
-0.141
-0.132
-0.125
-0.121
-0.117
-0.114
-0.112
-0.11
-0.108
-0.105
-0.1
-0.093
-0.089
-0.091
-0.099
-0.109
-0.116
-0.124
-0.129
-0.128
-0.118
-0.106
-0.094
-0.081
-0.069
-0.061
-0.054
-0.051
-0.048
-0.046
-0.044
-0.043
-0.043
-0.043
-0.043
-0.042
-0.039
-0.037
-0.035
-0.033
-0.031
-0.029
-0.026
-0.022
-0.018
-0.014
-0.009
-0.002
0.012
0.027
0.038
0.048
0.057
0.066
0.075
0.085
0.095
0.104
0.117
0.136
0.156
0.177
0.198
0.218
0.232
0.241
0.25
0.26
0.271
0.281
0.291
0.303
0.313
0.317
0.317
0.316
0.315
0.314
0.313
0.312
0.311
0.304
0.292
0.272
0.242
0.219
0.205
0.193
0.183
0.154
0.114
0.07
0.042
0.021
0.009
-0.004
-0.021
-0.031
-0.039
-0.046
-0.052
-0.056
-0.059
-0.061
-0.063
-0.064
-0.066
-0.067
-0.068
-0.069
-0.069
-0.069
-0.069
-0.07
-0.071
-0.071
-0.07
-0.069
-0.067
-0.064
-0.061
-0.057
-0.053
-0.049
-0.046
-0.043
-0.041
-0.038
-0.034
-0.031
-0.027
-0.025
-0.023
-0.021
-0.019
-0.017
-0.014
-0.012
-0.01
-0.008
-0.006
-0.004
-0.001
0.002
0.005
0.008
0.011
0.013
0.016
0.018
0.02
0.022
0.023
0.024
0.026
0.028
0.03
0.032
0.033
0.033
0.033
0.033
0.032
0.029
0.026
0.022
0.018
0.014
0.012
0.011
0.009
0.007
0.005
0.003
0.002
0.001
0.0
0.0
-0.001
-0.003
-0.003
-0.004
-0.005
-0.006
-0.008
-0.009
-0.01
-0.011
-0.011
-0.012
-0.013
-0.015
-0.017
-0.019
-0.021
-0.023
-0.027
-0.032
-0.036
-0.041
-0.047
-0.053
-0.059
-0.065
-0.071
-0.075
-0.08
-0.084
-0.088
-0.092
-0.095
-0.098
-0.099
-0.1
-0.1
-0.099
-0.097
-0.095
-0.092
-0.089
-0.086
-0.082
-0.078
-0.074
-0.07
-0.064
-0.058
-0.052
-0.047
-0.041
-0.036
-0.031
-0.026
-0.02
-0.015
-0.01
-0.006
-0.002
0.0
0.005
0.012
0.017
0.017
0.008
-0.001
-0.01
-0.017
-0.025
-0.033
-0.04
-0.048
-0.055
-0.061
-0.068
-0.073
-0.078
-0.082
-0.085
-0.088
-0.091
-0.094
-0.097
-0.1
-0.103
-0.105
-0.107
-0.11
-0.115
-0.126
-0.145
-0.161
-0.169
-0.159
-0.13
-0.043
0.096
0.294
0.535
0.796
1.05
1.256
1.332
1.315
1.153
0.857
0.501
0.156
-0.104
-0.237
-0.258
-0.231
-0.154
-0.099
-0.081
-0.07
-0.075
-0.094
-0.106
-0.111
-0.107
-0.095
-0.08
-0.065
-0.061
-0.06
-0.06
-0.06
-0.06
-0.059
-0.058
-0.058
-0.057
-0.056
-0.055
-0.054
-0.054
-0.052
-0.051
-0.049
-0.046
-0.042
-0.037
-0.033
-0.028
-0.018
-0.009
-0.003
0.0
0.003
0.005
0.007
0.008
0.01
0.012
0.014
0.016
0.018
0.021
0.025
0.029
0.035
0.048
0.077
0.098
0.114
0.127
0.138
0.147
0.156
0.166
0.177
0.188
0.199
0.211
0.225
0.24
0.253
0.263
0.271
0.279
0.285
0.291
0.294
0.298
0.302
0.304
0.306
0.307
0.305
0.302
0.298
0.292
0.285
0.276
0.261
0.245
0.229
0.203
0.168
0.133
0.103
0.082
0.065
0.045
0.029
0.015
0.002
-0.008
-0.021
-0.036
-0.053
-0.059
-0.063
-0.065
-0.068
-0.069
-0.071
-0.072
-0.073
-0.074
-0.075
-0.076
-0.079
-0.081
-0.083
-0.085
-0.086
-0.088
-0.089
-0.089
-0.09
-0.091
-0.091
-0.092
-0.092
-0.093
-0.094
-0.095
-0.096
-0.097
-0.097
-0.098
-0.098
-0.098
-0.098
-0.097
-0.097
-0.096
-0.096
-0.097
-0.098
-0.098
-0.099
-0.099
-0.099
-0.1
-0.101
-0.102
-0.102
-0.101
-0.101
-0.102
-0.103
-0.104
-0.105
-0.106
-0.107
-0.107
-0.108
-0.109
-0.11
-0.11
-0.111
-0.111
-0.112
-0.113
-0.114
-0.115
-0.115
-0.115
-0.115
-0.115
-0.116
-0.116
-0.116
-0.116
-0.116
-0.116
-0.116
-0.118
-0.119
-0.12
-0.12
-0.12
-0.119
-0.119
-0.12
-0.12
-0.12
-0.12
-0.12
-0.121
-0.121
-0.12
-0.12
-0.119
-0.117
-0.116
-0.114
-0.112
-0.109
-0.107
-0.105
-0.103
-0.102
-0.101
-0.1
-0.098
-0.096
-0.094
-0.092
-0.089
-0.086
-0.083
-0.079
-0.075
-0.071
-0.068
-0.065
-0.061
-0.057
-0.053
-0.049
-0.046
-0.043
-0.04
-0.037
-0.034
-0.03
-0.026
-0.022
-0.017
-0.011
-0.004
0.002
0.01
0.019
0.033
0.052
0.063
0.07
0.075
0.08
0.082
0.081
0.076
0.067
0.057
0.05
0.043
0.037
0.03
0.023
0.017
0.012
0.007
0.002
-0.003
-0.009
-0.015
-0.02
-0.025
-0.03
-0.035
-0.04
-0.044
-0.049
-0.054
-0.061
-0.071
-0.08
-0.08
-0.074
-0.06
-0.02
0.077
0.221
0.415
0.647
0.896
1.136
1.325
1.406
1.342
1.131
0.809
0.443
0.107
-0.14
-0.251
-0.287
-0.269
-0.215
-0.159
-0.134
-0.125
-0.12
-0.116
-0.114
-0.112
-0.11
-0.105
-0.101
-0.097
-0.094
-0.092
-0.09
-0.088
-0.086
-0.084
-0.081
-0.079
-0.076
-0.074
-0.071
-0.069
-0.067
-0.064
-0.061
-0.057
-0.052
-0.043
-0.032
-0.021
-0.01
-0.005
-0.001
0.001
0.004
0.006
0.007
0.009
0.011
0.013
0.016
0.019
0.021
0.022
0.024
0.026
0.028
0.032
0.035
0.041
0.054
0.065
0.075
0.091
0.119
0.139
0.149
0.158
0.167
0.175
0.184
0.192
0.201
0.21
0.219
0.227
0.235
0.245
0.257
0.27
0.284
0.293
0.301
0.308
0.313
0.315
0.315
0.313
0.308
0.301
0.292
0.275
0.242
0.209
0.177
0.145
0.113
0.089
0.074
0.057
0.039
0.022
0.005
-0.008
-0.02
-0.034
-0.051
-0.072
-0.081
-0.085
-0.088
-0.092
-0.095
-0.098
-0.099
-0.1
-0.101
-0.102
-0.102
-0.103
-0.104
-0.104
-0.104
-0.104
-0.104
-0.104
-0.103
-0.102
-0.1
-0.099
-0.098
-0.096
-0.094
-0.091
-0.089
-0.088
-0.086
-0.085
-0.084
-0.082
-0.079
-0.077
-0.073
-0.068
-0.061
-0.054
-0.048
-0.043
-0.039
-0.035
-0.033
-0.031
-0.029
-0.027
-0.026
-0.025
-0.025
-0.024
-0.023
-0.021
-0.02
-0.019
-0.018
-0.018
-0.018
-0.017
-0.017
-0.017
-0.017
-0.018
-0.019
-0.02
-0.021
-0.022
-0.024
-0.025
-0.026
-0.027
-0.028
-0.028
-0.029
-0.03
-0.031
-0.031
-0.031
-0.031
-0.034
-0.038
-0.042
-0.044
-0.043
-0.038
-0.031
-0.024
-0.019
-0.013
-0.008
-0.002
0.001
0.002
0.0
-0.003
-0.008
-0.014
-0.018
-0.022
-0.027
-0.032
-0.037
-0.041
-0.043
-0.044
-0.044
-0.044
-0.042
-0.039
-0.034
-0.029
-0.023
-0.017
-0.012
-0.004
0.005
0.014
0.021
0.029
0.035
0.041
0.046
0.052
0.057
0.063
0.068
0.073
0.079
0.087
0.1
0.121
0.136
0.144
0.151
0.156
0.159
0.158
0.152
0.141
0.127
0.109
0.082
0.058
0.045
0.036
0.029
0.024
0.02
0.017
0.014
0.011
0.009
0.007
0.005
0.002
0.0
-0.002
-0.004
-0.006
-0.008
-0.009
-0.01
-0.011
-0.013
-0.016
-0.019
-0.028
-0.024
0.019
0.107
0.245
0.44
0.685
0.96
1.229
1.438
1.531
1.468
1.238
0.883
0.483
0.122
-0.132
-0.246
-0.26
-0.219
-0.14
-0.097
-0.087
-0.08
-0.075
-0.071
-0.067
-0.062
-0.058
-0.054
-0.05
-0.048
-0.046
-0.044
-0.043
-0.042
-0.04
-0.037
-0.034
-0.031
-0.027
-0.024
-0.021
-0.018
-0.015
-0.012
-0.009
-0.006
-0.003
-0.001
0.0
0.002
0.005
0.006
0.008
0.01
0.011
0.012
0.014
0.016
0.017
0.019
0.02
0.021
0.021
0.022
0.023
0.024
0.026
0.028
0.03
0.033
0.038
0.051
0.066
0.081
0.097
0.113
0.127
0.14
0.149
0.156
0.162
0.167
0.172
0.178
0.186
0.194
0.202
0.208
0.215
0.222
0.228
0.234
0.237
0.237
0.236
0.233
0.228
0.223
0.217
0.211
0.201
0.188
0.175
0.159
0.132
0.096
0.07
0.051
0.031
0.008
-0.029
-0.052
-0.062
-0.07
-0.076
-0.08
-0.083
-0.088
-0.093
-0.098
-0.104
-0.108
-0.113
-0.116
-0.118
-0.119
-0.121
-0.123
-0.124
-0.125
-0.126
-0.127
-0.128
-0.13
-0.132
-0.134
-0.135
-0.136
-0.138
-0.139
-0.14
-0.14
-0.14
-0.14
-0.14
-0.138
-0.137
-0.137
-0.136
-0.136
-0.137
-0.137
-0.138
-0.138
-0.138
-0.139
-0.139
-0.139
-0.138
-0.137
-0.136
-0.134
-0.132
-0.13
-0.128
-0.126
-0.124
-0.123
-0.122
-0.122
-0.122
-0.121
-0.121
-0.12
-0.12
-0.119
-0.117
-0.116
-0.114
-0.112
-0.111
-0.11
-0.11
-0.11
-0.11
-0.109
-0.108
-0.106
-0.104
-0.101
-0.098
-0.094
-0.09
-0.086
-0.082
-0.079
-0.076
-0.073
-0.072
-0.07
-0.068
-0.066
-0.063
-0.061
-0.059
-0.057
-0.056
-0.054
-0.053
-0.051
-0.05
-0.049
-0.048
-0.046
-0.044
-0.041
-0.038
-0.034
-0.03
-0.027
-0.023
-0.02
-0.017
-0.014
-0.011
-0.008
-0.004
0.0
0.004
0.008
0.014
0.018
0.022
0.024
0.026
0.027
0.026
0.025
0.022
0.02
0.017
0.014
0.012
0.009
0.006
0.003
0.0
-0.003
-0.007
-0.014
-0.023
-0.032
-0.044
-0.054
-0.061
-0.067
-0.072
-0.077
-0.081
-0.086
-0.089
-0.094
-0.097
-0.1
-0.104
-0.107
-0.11
-0.114
-0.12
-0.131
-0.139
-0.139
-0.13
-0.115
-0.07
0.003
0.113
0.264
0.448
0.656
0.873
1.07
1.204
1.221
1.171
0.973
0.691
0.37
0.063
-0.172
-0.299
-0.341
-0.328
-0.287
-0.21
-0.136
-0.091
-0.085
-0.08
-0.076
-0.072
-0.07
-0.067
-0.064
-0.062
-0.061
-0.059
-0.058
-0.058
-0.058
-0.059
-0.059
-0.059
-0.059
-0.058
-0.057
-0.055
-0.054
-0.053
-0.052
-0.05
-0.048
-0.046
-0.044
-0.042
-0.04
-0.036
-0.033
-0.029
-0.023
-0.016
-0.009
-0.004
0.0
0.003
0.007
0.011
0.015
0.018
0.022
0.026
0.031
0.037
0.044
0.052
0.062
0.076
0.09
0.103
0.117
0.132
0.15
0.169
0.188
0.203
0.215
0.225
0.23
0.232
0.234
0.235
0.236
0.237
0.239
0.24
0.241
0.242
0.241
0.24
0.237
0.234
0.231
0.226
0.221
0.214
0.206
0.196
0.183
0.161
0.133
0.111
0.086
0.058
0.033
0.01
-0.014
-0.032
-0.042
-0.051
-0.061
-0.071
-0.078
-0.085
-0.091
-0.095
-0.097
-0.099
-0.1
-0.1
-0.101
-0.101
-0.103
-0.104
-0.104
-0.103
-0.1
-0.094
-0.087
-0.08
-0.072
-0.061
-0.051
-0.042
-0.035
-0.031
-0.029
-0.027
-0.025
-0.023
-0.021
-0.02
-0.018
-0.017
-0.016
-0.016
-0.015
-0.015
-0.015
-0.017
-0.019
-0.021
-0.024
-0.027
-0.029
-0.031
-0.033
-0.035
-0.037
-0.038
-0.039
-0.04
-0.042
-0.043
-0.045
-0.047
-0.048
-0.049
-0.05
-0.052
-0.054
-0.055
-0.056
-0.057
-0.057
-0.057
-0.058
-0.058
-0.059
-0.059
-0.058
-0.058
-0.058
-0.058
-0.059
-0.059
-0.059
-0.059
-0.058
-0.058
-0.057
-0.057
-0.056
-0.055
-0.054
-0.053
-0.053
-0.052
-0.052
-0.051
-0.051
-0.05
-0.05
-0.05
-0.049
-0.049
-0.048
-0.047
-0.046
-0.044
-0.043
-0.041
-0.04
-0.039
-0.037
-0.034
-0.029
-0.024
-0.017
-0.008
0.001
0.01
0.02
0.03
0.039
0.044
0.048
0.053
0.058
0.065
0.072
0.08
0.088
0.096
0.105
0.111
0.111
0.104
0.093
0.081
0.067
0.057
0.051
0.047
0.044
0.041
0.039
0.036
0.031
0.023
0.015
0.007
0.0
-0.005
-0.011
-0.016
-0.021
-0.025
-0.027
-0.029
-0.031
-0.032
-0.034
-0.036
-0.042
-0.038
0.002
0.078
0.194
0.358
0.566
0.804
1.057
1.294
1.463
1.505
1.394
1.137
0.78
0.393
0.061
-0.157
-0.22
-0.218
-0.147
-0.069
-0.009
0.004
0.005
0.004
0.004
0.004
0.005
0.006
0.007
0.009
0.01
0.011
0.012
0.013
0.013
0.013
0.013
0.014
0.015
0.016
0.018
0.02
0.022
0.024
0.027
0.031
0.034
0.037
0.04
0.043
0.046
0.051
0.064
0.086
0.092
0.095
0.097
0.099
0.101
0.103
0.106
0.108
0.111
0.113
0.115
0.117
0.119
0.122
0.124
0.128
0.134
0.14
0.146
0.152
0.159
0.167
0.179
0.197
0.216
0.233
0.246
0.259
0.272
0.281
0.288
0.294
0.299
0.301
0.302
0.302
0.302
0.302
0.301
0.301
0.302
0.302
0.302
0.3
0.295
0.287
0.275
0.253
0.231
0.207
0.182
0.158
0.136
0.113
0.09
0.069
0.052
0.039
0.023
0.002
-0.025
-0.054
-0.079
-0.09
-0.097
-0.102
-0.105
-0.105
-0.102
-0.095
-0.088
-0.08
-0.069
-0.064
-0.071
-0.084
-0.091
-0.098
-0.104
-0.108
-0.11
-0.11
-0.11
-0.111
-0.111
-0.111
-0.112
-0.112
-0.112
-0.112
-0.112
-0.11
-0.106
-0.101
-0.096
-0.089
-0.078
-0.071
-0.076
-0.086
-0.092
-0.096
-0.101
-0.104
-0.107
-0.107
-0.107
-0.106
-0.104
-0.101
-0.099
-0.098
-0.096
-0.094
-0.092
-0.091
-0.09
-0.089
-0.089
-0.089
-0.09
-0.092
-0.094
-0.097
-0.1
-0.102
-0.104
-0.105
-0.106
-0.106
-0.107
-0.108
-0.108
-0.108
-0.108
-0.108
-0.108
-0.109
-0.109
-0.109
-0.108
-0.108
-0.108
-0.108
-0.107
-0.106
-0.104
-0.103
-0.102
-0.101
-0.101
-0.1
-0.099
-0.099
-0.098
-0.097
-0.095
-0.088
-0.089
-0.102
-0.111
-0.118
-0.124
-0.126
-0.123
-0.118
-0.11
-0.095
-0.071
-0.057
-0.049
-0.043
-0.04
-0.039
-0.039
-0.04
-0.041
-0.041
-0.043
-0.045
-0.045
-0.045
-0.044
-0.042
-0.039
-0.035
-0.029
-0.029
-0.041
-0.053
-0.067
-0.081
-0.09
-0.096
-0.1
-0.105
-0.111
-0.117
-0.123
-0.128
-0.134
-0.139
-0.144
-0.148
-0.152
-0.155
-0.158
-0.16
-0.162
-0.164
-0.167
-0.171
-0.179
-0.178
-0.161
-0.114
-0.014
0.136
0.339
0.59
0.86
1.109
1.283
1.334
1.234
0.995
0.665
0.302
-0.016
-0.237
-0.335
-0.349
-0.317
-0.25
-0.205
-0.192
-0.184
-0.179
-0.173
-0.169
-0.165
-0.162
-0.16
-0.157
-0.156
-0.154
-0.152
-0.15
-0.149
-0.148
-0.146
-0.143
-0.141
-0.138
-0.136
-0.134
-0.133
-0.131
-0.13
-0.127
-0.124
-0.121
-0.118
-0.114
-0.111
-0.106
-0.102
-0.096
-0.091
-0.086
-0.081
-0.074
-0.067
-0.062
-0.058
-0.054
-0.05
-0.045
-0.04
-0.034
-0.027
-0.022
-0.015
-0.001
0.02
0.033
0.04
0.047
0.056
0.064
0.076
0.092
0.103
0.113
0.121
0.13
0.139
0.153
0.173
0.189
0.202
0.216
0.23
0.243
0.252
0.256
0.26
0.263
0.265
0.266
0.263
0.257
0.249
0.239
0.227
0.21
0.194
0.18
0.158
0.124
0.086
0.053
0.03
0.012
-0.005
-0.024
-0.042
-0.063
-0.073
-0.078
-0.083
-0.087
-0.09
-0.092
-0.095
-0.097
-0.099
-0.1
-0.102
-0.103
-0.104
-0.104
-0.105
-0.105
-0.106
-0.106
-0.107
-0.109
-0.11
-0.109
-0.102
-0.093
-0.086
-0.082
-0.08
-0.077
-0.075
-0.072
-0.069
-0.066
-0.064
-0.062
-0.06
-0.059
-0.058
-0.057
-0.056
-0.056
-0.056
-0.056
-0.056
-0.055
-0.054
-0.052
-0.05
-0.048
-0.047
-0.046
-0.046
-0.046
-0.045
-0.045
-0.044
-0.044
-0.044
-0.042
-0.04
-0.038
-0.036
-0.035
-0.034
-0.034
-0.034
-0.033
-0.032
-0.031
-0.029
-0.023
-0.018
-0.017
-0.021
-0.027
-0.03
-0.034
-0.038
-0.041
-0.042
-0.039
-0.034
-0.027
-0.022
-0.019
-0.016
-0.012
-0.009
-0.006
-0.003
-0.002
0.0
0.002
0.005
0.008
0.01
0.011
0.012
0.013
0.015
0.018
0.021
0.025
0.03
0.036
0.049
0.062
0.072
0.081
0.086
0.092
0.098
0.103
0.107
0.108
0.106
0.102
0.097
0.092
0.087
0.08
0.071
0.061
0.052
0.043
0.034
0.029
0.023
0.019
0.015
0.011
0.009
0.006
0.004
0.002
0.0
0.0
-0.001
-0.002
-0.003
-0.006
-0.009
-0.016
-0.019
-0.013
0.002
0.049
0.131
0.256
0.436
0.665
0.923
1.165
1.344
1.414
1.342
1.133
0.818
0.467
0.141
-0.105
-0.224
-0.264
-0.249
-0.202
-0.142
-0.088
-0.065
-0.057
-0.054
-0.052
-0.05
-0.049
-0.046
-0.043
-0.04
-0.037
-0.034
-0.031
-0.028
-0.027
-0.025
-0.022
-0.019
-0.016
-0.013
-0.01
-0.008
-0.005
-0.003
0.0
0.001
0.002
0.004
0.006
0.009
0.012
0.015
0.019
0.023
0.029
0.037
0.044
0.053
0.064
0.073
0.081
0.089
0.096
0.102
0.108
0.113
0.117
0.12
0.124
0.129
0.135
0.143
0.153
0.161
0.17
0.182
0.198
0.212
0.222
0.23
0.239
0.253
0.267
0.275
0.282
0.289
0.295
0.3
0.303
0.305
0.307
0.307
0.307
0.306
0.304
0.301
0.297
0.292
0.286
0.279
0.267
0.242
0.218
0.186
0.15
0.117
0.083
0.055
0.033
0.01
-0.01
-0.026
-0.044
-0.063
-0.078
-0.093
-0.103
-0.107
-0.109
-0.11
-0.11
-0.111
-0.111
-0.111
-0.112
-0.114
-0.114
-0.115
-0.115
-0.115
-0.114
-0.113
-0.111
-0.108
-0.105
-0.103
-0.101
-0.1
-0.099
-0.098
-0.096
-0.094
-0.092
-0.09
-0.087
-0.084
-0.08
-0.077
-0.074
-0.072
-0.071
-0.07
-0.069
-0.067
-0.066
-0.062
-0.059
-0.057
-0.059
-0.062
-0.065
-0.065
-0.066
-0.067
-0.068
-0.069
-0.071
-0.073
-0.075
-0.077
-0.078
-0.078
-0.077
-0.077
-0.076
-0.075
-0.073
-0.072
-0.072
-0.071
-0.072
-0.072
-0.072
-0.07
-0.069
-0.068
-0.067
-0.067
-0.066
-0.064
-0.063
-0.063
-0.062
-0.062
-0.06
-0.057
-0.054
-0.052
-0.052
-0.053
-0.055
-0.058
-0.06
-0.061
-0.063
-0.066
-0.069
-0.071
-0.072
-0.072
-0.071
-0.068
-0.063
-0.057
-0.051
-0.045
-0.037
-0.025
-0.015
-0.009
-0.004
-0.001
0.0
0.002
0.004
0.007
0.009
0.012
0.015
0.019
0.023
0.028
0.033
0.037
0.041
0.045
0.05
0.056
0.063
0.069
0.072
0.073
0.072
0.069
0.065
0.06
0.055
0.049
0.041
0.027
0.017
0.013
0.01
0.009
0.007
0.005
0.003
0.001
0.0
-0.001
-0.002
-0.005
-0.007
-0.009
-0.011
-0.012
-0.014
-0.017
-0.022
-0.031
-0.037
-0.036
-0.027
-0.008
0.046
0.153
0.307
0.508
0.738
0.976
1.179
1.301
1.309
1.222
0.968
0.629
0.276
-0.013
-0.201
-0.248
-0.241
-0.161
-0.099
-0.081
-0.071
-0.065
-0.065
-0.067
-0.07
-0.074
-0.076
-0.078
-0.081
-0.082
-0.083
-0.08
-0.072
-0.063
-0.052
-0.036
-0.028
-0.024
-0.021
-0.017
-0.014
-0.011
-0.01
-0.011
-0.014
-0.018
-0.021
-0.024
-0.027
-0.031
-0.035
-0.037
-0.035
-0.029
-0.021
-0.012
-0.002
0.01
0.022
0.032
0.041
0.054
0.071
0.091
0.103
0.11
0.115
0.12
0.125
0.129
0.133
0.137
0.14
0.145
0.15
0.157
0.165
0.177
0.192
0.209
0.231
0.247
0.258
0.275
0.307
0.331
0.345
0.355
0.359
0.36
0.361
0.361
0.361
0.361
0.361
0.355
0.343
0.329
0.311
0.291
0.264
0.232
0.207
0.187
0.168
0.149
0.13
0.112
0.097
0.084
0.072
0.061
0.05
0.039
0.026
0.011
-0.007
-0.027
-0.045
-0.055
-0.062
-0.067
-0.072
-0.078
-0.083
-0.088
-0.094
-0.099
-0.104
-0.109
-0.115
-0.121
-0.124
-0.125
-0.125
-0.124
-0.121
-0.119
-0.117
-0.113
-0.11
-0.108
-0.108
-0.109
-0.11
-0.111
-0.111
-0.112
-0.113
-0.115
-0.117
-0.119
-0.121
-0.122
-0.122
-0.122
-0.12
-0.118
-0.115
-0.111
-0.107
-0.103
-0.098
-0.094
-0.091
-0.085
-0.072
-0.063
-0.061
-0.059
-0.056
-0.052
-0.052
-0.059
-0.062
-0.064
-0.067
-0.069
-0.071
-0.073
-0.076
-0.078
-0.081
-0.084
-0.086
-0.087
-0.087
-0.087
-0.088
-0.089
-0.091
-0.093
-0.095
-0.097
-0.099
-0.101
-0.103
-0.104
-0.104
-0.103
-0.103
-0.104
-0.104
-0.105
-0.106
-0.106
-0.106
-0.106
-0.107
-0.108
-0.108
-0.107
-0.105
-0.104
-0.102
-0.102
-0.101
-0.101
-0.1
-0.099
-0.097
-0.096
-0.094
-0.093
-0.092
-0.091
-0.089
-0.087
-0.086
-0.085
-0.085
-0.084
-0.084
-0.084
-0.083
-0.081
-0.08
-0.078
-0.076
-0.073
-0.071
-0.068
-0.066
-0.065
-0.064
-0.063
-0.062
-0.06
-0.058
-0.054
-0.045
-0.028
-0.022
-0.019
-0.016
-0.014
-0.011
-0.008
-0.006
-0.004
-0.001
0.002
0.007
0.013
0.023
0.039
0.046
0.05
0.055
0.058
0.06
0.057
0.049
0.039
0.031
0.023
0.015
0.007
0.0
-0.006
-0.012
-0.016
-0.019
-0.021
-0.023
-0.026
-0.028
-0.031
-0.034
-0.037
-0.039
-0.042
-0.044
-0.046
-0.048
-0.052
-0.055
-0.061
-0.073
-0.073
-0.053
-0.001
0.099
0.251
0.458
0.707
0.967
1.199
1.344
1.357
1.279
1.047
0.74
0.41
0.119
-0.089
-0.182
-0.214
-0.198
-0.148
-0.086
-0.063
-0.051
-0.042
-0.044
-0.056
-0.063
-0.066
-0.068
-0.07
-0.072
-0.074
-0.075
-0.075
-0.076
-0.076
-0.076
-0.076
-0.075
-0.072
-0.068
-0.064
-0.061
-0.058
-0.055
-0.052
-0.047
-0.043
-0.038
-0.035
-0.032
-0.029
-0.027
-0.025
-0.023
-0.022
-0.021
-0.02
-0.018
-0.016
-0.013
-0.01
-0.007
-0.005
-0.002
0.0
0.004
0.01
0.02
0.032
0.043
0.055
0.071
0.092
0.115
0.131
0.141
0.15
0.157
0.163
0.168
0.174
0.182
0.195
0.212
0.23
0.247
0.261
0.268
0.272
0.276
0.279
0.281
0.283
0.283
0.281
0.278
0.273
0.267
0.26
0.252
0.237
0.221
0.205
0.185
0.162
0.137
0.111
0.086
0.065
0.037
0.001
-0.025
-0.042
-0.06
-0.079
-0.092
-0.102
-0.111
-0.118
-0.125
-0.131
-0.135
-0.14
-0.143
-0.146
-0.15
-0.153
-0.156
-0.158
-0.16
-0.161
-0.163
-0.165
-0.167
-0.168
-0.168
-0.169
-0.169
-0.17
-0.17
-0.17
-0.169
-0.168
-0.167
-0.167
-0.166
-0.166
-0.165
-0.164
-0.163
-0.162
-0.161
-0.159
-0.157
-0.153
-0.149
-0.145
-0.141
-0.138
-0.136
-0.135
-0.134
-0.133
-0.132
-0.13
-0.129
-0.127
-0.126
-0.123
-0.12
-0.117
-0.115
-0.113
-0.111
-0.11
-0.109
-0.108
-0.107
-0.105
-0.103
-0.102
-0.1
-0.099
-0.098
-0.098
-0.098
-0.098
-0.099
-0.099
-0.101
-0.101
-0.102
-0.101
-0.1
-0.098
-0.095
-0.093
-0.091
-0.088
-0.085
-0.082
-0.079
-0.077
-0.075
-0.073
-0.071
-0.069
-0.066
-0.064
-0.063
-0.061
-0.058
-0.056
-0.054
-0.053
-0.052
-0.052
-0.052
-0.052
-0.051
-0.05
-0.05
-0.049
-0.049
-0.048
-0.048
-0.047
-0.046
-0.045
-0.044
-0.043
-0.043
-0.042
-0.041
-0.04
-0.039
-0.038
-0.037
-0.036
-0.036
-0.036
-0.036
-0.036
-0.037
-0.037
-0.038
-0.038
-0.038
-0.038
-0.037
-0.036
-0.035
-0.033
-0.032
-0.03
-0.029
-0.028
-0.027
-0.026
-0.024
-0.022
-0.019
-0.016
-0.013
-0.01
-0.006
-0.003
-0.001
0.0
0.001
0.002
0.002
0.002
0.002
0.002
0.002
0.002
0.003
0.005
0.007
0.009
0.011
0.012
0.014
0.018
0.023
0.028
0.034
0.041
0.048
0.056
0.065
0.076
0.088
0.1
0.108
0.115
0.122
0.128
0.133
0.136
0.138
0.139
0.139
0.14
0.141
0.142
0.143
0.146
0.153
0.151
0.132
0.123
0.117
0.112
0.107
0.103
0.098
0.093
0.086
0.08
0.075
0.07
0.065
0.061
0.056
0.049
0.037
0.026
0.021
0.026
0.037
0.057
0.116
0.228
0.396
0.62
0.888
1.177
1.439
1.604
1.621
1.541
1.282
0.936
0.579
0.278
0.068
-0.007
-0.033
-0.01
0.03
0.054
0.057
0.06
0.062
0.064
0.066
0.067
0.068
0.071
0.073
0.074
0.074
0.073
0.071
0.069
0.066
0.065
0.064
0.064
0.066
0.068
0.07
0.073
0.076
0.078
0.082
0.087
0.094
0.1
0.104
0.107
0.108
0.109
0.11
0.112
0.113
0.114
0.116
0.118
0.12
0.122
0.124
0.125
0.127
0.128
0.129
0.129
0.13
0.131
0.133
0.135
0.138
0.141
0.145
0.15
0.157
0.166
0.175
0.184
0.192
0.199
0.207
0.216
0.227
0.241
0.255
0.267
0.279
0.289
0.297
0.305
0.312
0.319
0.324
0.33
0.336
0.343
0.354
0.362
0.361
0.352
0.338
0.322
0.3
0.28
0.255
0.222
0.189
0.154
0.127
0.109
0.093
0.078
0.056
0.017
-0.01
-0.025
-0.035
-0.041
-0.045
-0.048
-0.05
-0.052
-0.054
-0.055
-0.057
-0.06
-0.062
-0.064
-0.066
-0.068
-0.071
-0.073
-0.076
-0.078
-0.08
-0.082
-0.084
-0.087
-0.09
-0.092
-0.093
-0.094
-0.094
