-0.484
-0.563
-0.6
-0.656
-0.74
-0.795
-0.747
-0.7
-0.697
-0.727
-0.666
-0.632
-0.621
-0.624
-0.632
-0.623
-0.598
-0.584
-0.572
-0.559
-0.538
-0.511
-0.493
-0.479
-0.457
-0.424
-0.394
-0.376
-0.362
-0.341
-0.323
-0.311
-0.3
-0.291
-0.282
-0.272
-0.262
-0.252
-0.24
-0.228
-0.214
-0.201
-0.191
-0.185
-0.182
-0.179
-0.177
-0.176
-0.175
-0.174
-0.173
-0.172
-0.172
-0.172
-0.172
-0.173
-0.174
-0.175
-0.176
-0.177
-0.177
-0.177
-0.178
-0.178
-0.179
-0.179
-0.18
-0.182
-0.183
-0.186
-0.187
-0.19
-0.192
-0.194
-0.197
-0.198
-0.2
-0.202
-0.203
-0.205
-0.206
-0.208
-0.209
-0.211
-0.212
-0.214
-0.215
-0.216
-0.216
-0.217
-0.217
-0.216
-0.216
-0.215
-0.215
-0.213
-0.212
-0.211
-0.21
-0.209
-0.208
-0.207
-0.206
-0.205
-0.204
-0.203
-0.202
-0.202
-0.202
-0.202
-0.201
-0.201
-0.201
-0.201
-0.202
-0.202
-0.203
-0.204
-0.204
-0.205
-0.205
-0.206
-0.207
-0.207
-0.208
-0.208
-0.208
-0.208
-0.208
-0.207
-0.206
-0.205
-0.203
-0.198
-0.193
-0.188
-0.183
-0.178
-0.175
-0.172
-0.17
-0.168
-0.165
-0.163
-0.162
-0.161
-0.16
-0.159
-0.158
-0.157
-0.156
-0.155
-0.155
-0.154
-0.153
-0.152
-0.151
-0.15
-0.149
-0.148
-0.146
-0.144
-0.142
-0.139
-0.137
-0.133
-0.127
-0.12
-0.112
-0.106
-0.098
-0.091
-0.085
-0.08
-0.076
-0.071
-0.068
-0.064
-0.061
-0.059
-0.056
-0.055
-0.055
-0.055
-0.058
-0.06
-0.064
-0.067
-0.071
-0.075
-0.078
-0.082
-0.085
-0.088
-0.091
-0.094
-0.096
-0.099
-0.102
-0.105
-0.107
-0.109
-0.111
-0.113
-0.115
-0.116
-0.118
-0.12
-0.122
-0.124
-0.126
-0.128
-0.13
-0.131
-0.132
-0.134
-0.135
-0.136
-0.137
-0.138
-0.139
-0.14
-0.141
-0.141
-0.142
-0.142
-0.142
-0.142
-0.142
-0.142
-0.142
-0.143
-0.143
-0.143
-0.144
-0.144
-0.145
-0.146
-0.147
-0.148
-0.149
-0.15
-0.15
-0.15
-0.15
-0.15
-0.15
-0.15
-0.149
-0.148
-0.147
-0.147
-0.147
-0.146
-0.145
-0.144
-0.143
-0.141
-0.139
-0.137
-0.135
-0.132
-0.13
-0.128
-0.126
-0.124
-0.122
-0.119
-0.112
-0.103
-0.095
-0.089
-0.081
-0.073
-0.066
-0.057
-0.049
-0.039
-0.03
-0.022
-0.014
-0.007
-0.002
0.001
0.002
0.002
0.002
0.002
0.003
0.003
0.003
0.003
0.004
0.004
0.004
0.004
0.004
0.002
0.001
0.0
-0.001
-0.003
-0.004
-0.006
-0.007
-0.008
-0.009
-0.01
-0.012
-0.013
-0.008
0.005
0.043
0.093
0.127
0.169
0.197
0.213
0.224
0.209
0.186
0.158
0.108
0.061
0.008
-0.04
-0.059
-0.067
-0.072
-0.075
-0.068
-0.052
-0.034
-0.012
0.009
0.021
0.03
0.037
0.043
0.048
0.051
0.054
0.056
0.057
0.058
0.06
0.061
0.062
0.062
0.063
0.063
0.063
0.063
0.062
0.062
0.061
0.06
0.06
0.059
0.059
0.059
0.06
0.06
0.062
0.064
0.065
0.067
0.069
0.071
0.072
0.075
0.077
0.08
0.084
0.089
0.096
0.104
0.111
0.118
0.125
0.132
0.139
0.146
0.155
0.162
0.168
0.171
0.173
0.174
0.175
0.177
0.178
0.179
0.18
0.181
0.181
0.182
0.181
0.181
0.181
0.18
0.179
0.176
0.174
0.17
0.167
0.162
0.158
0.153
0.148
0.143
0.134
0.123
0.114
0.105
0.098
0.09
0.083
0.075
0.066
0.06
0.056
0.052
0.05
0.047
0.044
0.041
0.039
0.037
0.035
0.035
0.036
0.038
0.042
0.047
0.054
0.062
0.073
0.095
0.116
0.146
0.172
0.202
0.248
0.296
0.35
0.399
0.446
0.523
0.6
0.672
0.734
0.789
0.861
0.882
0.89
0.885
0.842
0.764
0.646
0.515
0.398
0.283
0.169
0.057
-0.036
-0.095
-0.131
-0.157
-0.171
-0.182
-0.193
-0.203
-0.208
-0.212
-0.216
-0.22
-0.223
-0.226
-0.228
-0.23
-0.231
-0.232
-0.232
-0.23
-0.229
-0.228
-0.226
-0.224
-0.223
-0.221
-0.22
-0.218
-0.217
-0.215
-0.212
-0.207
-0.202
-0.202
-0.211
-0.221
-0.227
-0.232
-0.237
-0.242
-0.247
-0.252
-0.257
-0.261
-0.265
-0.269
-0.272
-0.275
-0.278
-0.281
-0.284
-0.288
-0.291
-0.293
-0.294
-0.293
-0.292
-0.289
-0.285
-0.279
-0.273
-0.263
-0.244
-0.229
-0.213
-0.198
-0.182
-0.165
-0.149
-0.132
-0.116
-0.099
-0.082
-0.065
-0.048
-0.032
-0.018
-0.006
0.006
0.019
0.023
0.024
0.026
0.027
0.029
0.03
0.032
0.034
0.036
0.038
0.04
0.042
0.043
0.044
0.044
0.044
0.044
0.044
0.043
0.043
0.043
0.042
0.042
0.042
0.041
0.041
0.041
0.04
0.039
0.038
0.036
0.035
0.034
0.034
0.033
0.033
0.033
0.033
0.034
0.035
0.036
0.037
0.037
0.038
0.038
0.039
0.039
0.039
0.04
0.041
0.041
0.041
0.041
0.042
0.042
0.043
0.043
0.044
0.044
0.044
0.043
0.043
0.042
0.042
0.041
0.04
0.039
0.038
0.037
0.035
0.034
0.033
0.032
0.031
0.029
0.026
0.016
0.014
0.019
0.021
0.021
0.021
0.021
0.021
0.022
0.023
0.024
0.025
0.027
0.029
0.032
0.034
0.037
0.04
0.042
0.045
0.047
0.05
0.052
0.055
0.059
0.063
0.067
0.071
0.074
0.077
0.08
0.081
0.082
0.083
0.084
0.084
0.085
0.085
0.086
0.086
0.086
0.087
0.087
0.087
0.088
0.088
0.087
0.087
0.086
0.086
0.085
0.084
0.083
0.082
0.08
0.078
0.075
0.073
0.071
0.068
0.066
0.064
0.062
0.06
0.059
0.057
0.056
0.055
0.053
0.051
0.049
0.047
0.045
0.043
0.042
0.041
0.039
0.038
0.037
0.036
0.034
0.033
0.031
0.029
0.028
0.026
0.024
0.022
0.021
0.02
0.019
0.018
0.017
0.015
0.013
0.011
0.009
0.007
0.005
0.002
0.0
-0.002
-0.005
-0.007
-0.009
-0.012
-0.015
-0.018
-0.021
-0.024
-0.027
-0.03
-0.033
-0.036
-0.039
-0.041
-0.044
-0.046
-0.048
-0.05
-0.052
-0.053
-0.053
-0.053
-0.052
-0.051
-0.05
-0.047
-0.045
-0.042
-0.04
-0.038
-0.036
-0.034
-0.033
-0.032
-0.032
-0.031
-0.03
-0.029
-0.028
-0.026
-0.025
-0.024
-0.023
-0.022
-0.021
-0.021
-0.021
-0.021
-0.021
-0.021
-0.02
-0.019
-0.018
-0.016
-0.013
-0.01
-0.007
-0.004
-0.001
0.0
0.003
0.006
0.009
0.013
0.018
0.024
0.03
0.036
0.04
0.042
0.04
0.037
0.031
0.025
0.019
0.013
0.008
0.004
0.0
-0.003
-0.007
-0.012
-0.016
-0.02
-0.023
-0.025
-0.025
-0.025
-0.024
-0.023
-0.021
-0.018
-0.014
-0.01
-0.005
0.0
0.025
0.068
0.12
0.176
0.231
0.247
0.254
0.246
0.189
0.113
0.019
-0.06
-0.129
-0.159
-0.171
-0.169
-0.151
-0.132
-0.11
-0.095
-0.08
-0.065
-0.041
-0.03
-0.023
-0.017
-0.013
-0.01
-0.008
-0.006
-0.004
-0.002
0.0
0.001
0.002
0.003
0.004
0.005
0.005
0.005
0.005
0.005
0.006
0.006
0.007
0.007
0.008
0.009
0.009
0.01
0.01
0.01
0.01
0.01
0.01
0.011
0.012
0.014
0.016
0.018
0.021
0.024
0.026
0.03
0.033
0.035
0.038
0.042
0.046
0.052
0.059
0.067
0.074
0.08
0.085
0.089
0.093
0.096
0.099
0.101
0.103
0.104
0.106
0.107
0.109
0.11
0.111
0.112
0.113
0.113
0.113
0.112
0.11
0.108
0.105
0.102
0.098
0.094
0.089
0.084
0.078
0.067
0.056
0.047
0.038
0.032
0.027
0.022
0.018
0.012
0.006
0.0
-0.007
-0.012
-0.015
-0.018
-0.02
-0.023
-0.025
-0.026
-0.028
-0.029
-0.031
-0.033
-0.034
-0.035
-0.036
-0.037
-0.038
-0.038
-0.039
-0.04
-0.041
-0.041
-0.041
-0.042
-0.042
-0.043
-0.043
-0.043
-0.043
-0.043
-0.044
-0.044
-0.044
-0.045
-0.045
-0.046
-0.046
-0.047
-0.047
-0.048
-0.048
-0.048
-0.049
-0.05
-0.05
-0.051
-0.051
-0.052
-0.052
-0.052
-0.053
-0.053
-0.054
-0.055
-0.055
-0.056
-0.057
-0.058
-0.058
-0.059
-0.06
-0.06
-0.061
-0.061
-0.061
-0.06
-0.06
-0.06
-0.06
-0.06
-0.061
-0.061
-0.062
-0.062
-0.063
-0.063
-0.063
-0.064
-0.064
-0.064
-0.064
-0.064
-0.064
-0.064
-0.065
-0.065
-0.065
-0.065
-0.065
-0.065
-0.064
-0.064
-0.063
-0.063
-0.062
-0.062
-0.061
-0.061
-0.06
-0.06
-0.059
-0.059
-0.058
-0.057
-0.055
-0.054
-0.052
-0.05
-0.049
-0.047
-0.045
-0.042
-0.039
-0.036
-0.033
-0.029
-0.02
-0.01
-0.001
0.007
0.016
0.022
0.028
0.034
0.038
0.042
0.043
0.043
0.04
0.035
0.029
0.022
0.015
0.006
-0.006
-0.017
-0.022
-0.026
-0.028
-0.031
-0.033
-0.035
-0.037
-0.038
-0.039
-0.039
-0.038
-0.037
-0.033
-0.029
-0.024
-0.018
-0.011
0.004
0.034
0.079
0.127
0.184
0.207
0.219
0.228
0.209
0.152
0.068
-0.015
-0.101
-0.154
-0.173
-0.173
-0.158
-0.138
-0.11
-0.085
-0.067
-0.043
-0.032
-0.026
-0.022
-0.018
-0.014
-0.011
-0.008
-0.006
-0.005
-0.003
-0.001
0.0
0.002
0.004
0.005
0.007
0.008
0.009
0.01
0.011
0.012
0.013
0.014
0.015
0.016
0.017
0.017
0.018
0.02
0.021
0.022
0.024
0.025
0.027
0.028
0.03
0.031
0.032
0.033
0.034
0.036
0.037
0.04
0.042
0.046
0.05
0.054
0.059
0.064
0.07
0.075
0.08
0.086
0.092
0.099
0.109
0.119
0.127
0.135
0.142
0.147
0.152
0.156
0.159
0.162
0.164
0.165
0.165
0.164
0.163
0.161
0.158
0.155
0.151
0.145
0.132
0.119
0.107
0.098
0.087
0.077
0.067
0.059
0.051
0.042
0.033
0.027
0.022
0.017
0.013
0.01
0.007
0.005
0.003
0.001
0.0
-0.001
-0.002
-0.003
-0.003
-0.004
-0.005
-0.005
-0.006
-0.006
-0.007
-0.008
-0.008
-0.008
-0.009
-0.009
-0.009
-0.009
-0.008
-0.008
-0.008
-0.007
-0.007
-0.007
-0.007
-0.007
-0.006
-0.006
-0.006
-0.005
-0.004
-0.004
-0.003
-0.002
-0.001
0.0
0.0
0.001
0.002
0.003
0.004
0.005
0.005
0.006
0.006
0.007
0.007
0.007
0.007
0.006
0.006
0.006
0.006
0.007
0.006
0.006
0.004
0.002
0.0
0.0
-0.002
-0.003
-0.004
-0.005
-0.007
-0.007
-0.008
-0.009
-0.009
-0.009
-0.009
-0.009
-0.008
-0.007
-0.007
-0.006
-0.006
-0.005
-0.005
-0.005
-0.005
-0.005
-0.005
-0.004
-0.004
-0.003
-0.002
-0.001
0.0
0.0
0.001
0.002
0.004
0.005
0.006
0.007
0.008
0.009
0.01
0.012
0.013
0.014
0.015
0.017
0.018
0.02
0.022
0.024
0.026
0.028
0.029
0.031
0.032
0.034
0.035
0.036
0.038
0.039
0.041
0.044
0.048
0.055
0.061
0.065
0.068
0.071
0.075
0.078
0.077
0.071
0.061
0.052
0.04
0.029
0.018
0.01
0.004
-0.001
-0.006
-0.011
-0.015
-0.019
-0.023
-0.028
-0.033
-0.038
-0.043
-0.047
-0.05
-0.054
-0.06
-0.063
-0.058
-0.046
-0.029
-0.004
0.039
0.09
0.139
0.188
0.212
0.221
0.205
0.156
0.079
-0.003
-0.095
-0.163
-0.195
-0.207
-0.207
-0.196
-0.18
-0.16
-0.14
-0.118
-0.099
-0.085
-0.069
-0.058
-0.05
-0.043
-0.037
-0.032
-0.027
-0.022
-0.014
-0.001
0.008
0.011
0.013
0.014
0.015
0.016
0.016
0.016
0.017
0.017
0.018
0.019
0.021
0.022
0.023
0.024
0.025
0.026
0.027
0.027
0.028
0.03
0.031
0.032
0.034
0.036
0.038
0.041
0.043
0.046
0.048
0.051
0.053
0.055
0.057
0.059
0.061
0.064
0.068
0.074
0.084
0.094
0.102
0.109
0.115
0.122
0.127
0.131
0.132
0.133
0.133
0.134
0.135
0.136
0.137
0.137
0.134
0.129
0.123
0.116
0.107
0.099
0.092
0.086
0.08
0.072
0.064
0.054
0.042
0.031
0.022
0.014
0.007
0.001
-0.004
-0.01
-0.016
-0.022
-0.026
-0.031
-0.035
-0.041
-0.047
-0.05
-0.052
-0.054
-0.056
-0.057
-0.059
-0.06
-0.061
-0.062
-0.063
-0.064
-0.064
-0.065
-0.066
-0.066
-0.066
-0.067
-0.067
-0.066
-0.066
-0.065
-0.064
-0.062
-0.061
-0.059
-0.056
-0.053
-0.05
-0.047
-0.037
-0.013
0.011
0.033
0.063
0.095
0.13
0.177
0.211
0.254
0.306
0.355
0.409
0.463
0.519
0.575
0.629
0.682
0.726
0.757
0.768
0.766
0.746
0.69
0.579
0.449
0.28
0.123
-0.028
-0.133
-0.191
-0.219
-0.228
-0.233
-0.237
-0.239
-0.241
-0.243
-0.246
-0.251
-0.242
-0.234
-0.23
-0.225
-0.221
-0.216
-0.213
-0.21
-0.208
-0.207
-0.204
-0.202
-0.201
-0.2
-0.2
-0.2
-0.2
-0.201
-0.201
-0.203
-0.205
-0.207
-0.21
-0.213
-0.215
-0.219
-0.224
-0.228
-0.232
-0.237
-0.243
-0.249
-0.259
-0.266
-0.272
-0.28
-0.288
-0.296
-0.303
-0.309
-0.314
-0.32
-0.323
-0.326
-0.328
-0.33
-0.331
-0.331
-0.329
-0.327
-0.324
-0.32
-0.315
-0.308
-0.3
-0.292
-0.28
-0.261
-0.241
-0.222
-0.202
-0.181
-0.157
-0.136
-0.116
-0.098
-0.081
-0.065
-0.053
-0.04
-0.027
-0.013
-0.002
0.005
0.016
0.024
0.03
0.034
0.036
0.035
0.035
0.034
0.033
0.033
0.033
0.033
0.033
0.033
0.033
0.033
0.034
0.035
0.036
0.038
0.039
0.041
0.042
0.043
0.045
0.046
0.047
0.048
0.048
0.049
0.05
0.051
0.051
0.052
0.052
0.053
0.053
0.053
0.053
0.053
0.052
0.051
0.051
0.05
0.049
0.047
0.046
0.045
0.045
0.044
0.044
0.043
0.043
0.043
0.043
0.042
0.042
0.041
0.04
0.039
0.037
0.036
0.035
0.033
0.032
0.03
0.029
0.027
0.026
0.024
0.021
0.017
0.014
0.012
0.011
0.01
0.009
0.008
0.006
0.005
0.004
0.003
0.002
0.002
0.001
0.001
0.0
0.0
0.0
0.001
0.001
0.0
0.0
0.0
0.0
-0.001
-0.001
0.001
0.004
0.006
0.008
0.009
0.01
0.011
0.012
0.013
0.013
0.014
0.015
0.015
0.016
0.016
0.016
0.015
0.015
0.015
0.015
0.015
0.015
0.015
0.016
0.017
0.018
0.019
0.02
0.021
0.022
0.024
0.025
0.026
0.027
0.028
0.03
0.032
0.034
0.036
0.038
0.039
0.04
0.04
0.039
0.038
0.037
0.035
0.033
0.031
0.029
0.028
0.026
0.024
0.022
0.021
0.019
0.019
0.019
0.019
0.019
0.02
0.02
0.021
0.021
0.022
0.023
0.024
0.025
0.025
0.024
0.022
0.019
0.017
0.015
0.013
0.011
0.009
0.008
0.007
0.006
0.006
0.006
0.006
0.006
0.006
0.007
0.007
0.008
0.008
0.009
0.009
0.009
0.008
0.007
0.005
0.004
0.002
0.001
0.0
-0.001
0.0
0.001
0.003
0.006
0.009
0.013
0.016
0.019
0.022
0.025
0.029
0.032
0.037
0.041
0.043
0.045
0.046
0.046
0.046
0.047
0.047
0.047
0.047
0.046
0.046
0.046
0.046
0.047
0.047
0.048
0.048
0.049
0.05
0.051
0.053
0.054
0.056
0.058
0.061
0.069
0.075
0.081
0.088
0.095
0.101
0.106
0.11
0.113
0.113
0.11
0.104
0.098
0.089
0.079
0.069
0.059
0.05
0.043
0.038
0.033
0.028
0.023
0.02
0.017
0.015
0.013
0.011
0.011
0.012
0.015
0.018
0.021
0.028
0.042
0.073
0.109
0.159
0.207
0.259
0.296
0.309
0.298
0.265
0.202
0.116
0.031
-0.04
-0.102
-0.128
-0.137
-0.127
-0.111
-0.095
-0.072
-0.042
-0.019
-0.01
-0.002
0.002
0.006
0.009
0.013
0.016
0.019
0.021
0.023
0.025
0.027
0.029
0.031
0.033
0.034
0.036
0.037
0.038
0.039
0.04
0.041
0.042
0.044
0.045
0.046
0.047
0.048
0.049
0.05
0.051
0.052
0.053
0.054
0.055
0.057
0.058
0.059
0.06
0.061
0.062
0.062
0.063
0.065
0.066
0.068
0.07
0.072
0.078
0.083
0.088
0.093
0.1
0.108
0.117
0.123
0.128
0.131
0.134
0.136
0.138
0.14
0.141
0.142
0.144
0.145
0.146
0.146
0.144
0.142
0.138
0.134
0.13
0.125
0.12
0.114
0.108
0.102
0.092
0.08
0.069
0.062
0.056
0.052
0.048
0.044
0.04
0.037
0.033
0.029
0.026
0.023
0.022
0.023
0.025
0.029
0.034
0.044
0.06
0.085
0.114
0.14
0.171
0.211
0.255
0.308
0.354
0.409
0.474
0.541
0.613
0.69
0.765
0.835
0.9
0.951
0.971
0.965
0.918
0.817
0.681
0.503
0.31
0.148
0.012
-0.076
-0.138
-0.168
-0.178
-0.188
-0.197
-0.206
-0.214
-0.221
-0.225
-0.229
-0.231
-0.232
-0.234
-0.235
-0.235
-0.236
-0.237
-0.237
-0.236
-0.236
-0.236
-0.235
-0.235
-0.234
-0.233
-0.233
-0.232
-0.231
-0.23
-0.228
-0.226
-0.224
-0.225
-0.23
-0.237
-0.245
-0.258
-0.269
-0.278
-0.284
-0.29
-0.296
-0.302
-0.307
-0.312
-0.316
-0.32
-0.325
-0.329
-0.332
-0.335
-0.338
-0.341
-0.343
-0.343
-0.343
-0.341
-0.338
-0.335
-0.33
-0.324
-0.312
-0.3
-0.282
-0.263
-0.249
-0.238
-0.224
-0.207
-0.186
-0.166
-0.149
-0.133
-0.117
-0.102
-0.085
-0.071
-0.06
-0.049
-0.042
-0.037
-0.034
-0.031
-0.029
-0.027
-0.026
-0.024
-0.023
-0.022
-0.021
-0.021
-0.02
-0.02
-0.02
-0.022
-0.023
-0.025
-0.027
-0.028
-0.028
-0.029
-0.03
-0.031
-0.032
-0.033
-0.033
-0.032
-0.032
-0.032
-0.032
-0.032
-0.032
-0.032
-0.032
-0.032
-0.033
-0.034
-0.035
-0.036
-0.036
-0.036
-0.037
-0.038
-0.038
-0.038
-0.038
-0.039
-0.04
-0.041
-0.043
-0.044
-0.046
-0.048
-0.049
-0.05
-0.051
-0.052
-0.053
-0.053
-0.053
-0.053
-0.054
-0.054
-0.055
-0.056
-0.056
-0.057
-0.058
-0.058
-0.059
-0.059
-0.06
-0.06
-0.061
-0.061
-0.062
-0.062
-0.063
-0.063
-0.064
-0.064
-0.064
-0.063
-0.063
-0.061
-0.06
-0.058
-0.057
-0.055
-0.053
-0.051
-0.05
-0.049
-0.048
-0.047
-0.046
-0.044
-0.043
-0.041
-0.039
-0.037
-0.035
-0.033
-0.031
-0.03
-0.028
-0.028
-0.027
-0.027
-0.026
-0.026
-0.025
-0.025
-0.024
-0.022
-0.02
-0.017
-0.014
-0.011
-0.008
-0.005
-0.002
0.0
0.003
0.005
0.008
0.012
0.015
0.018
0.02
0.023
0.025
0.026
0.028
0.03
0.031
0.033
0.035
0.037
0.038
0.04
0.041
0.044
0.048
0.052
0.054
0.056
0.057
0.057
0.058
0.058
0.059
0.059
0.059
0.059
0.059
0.059
0.059
0.059
0.059
0.058
0.058
0.058
0.059
0.059
0.059
0.059
0.06
0.06
0.06
0.061
0.061
0.062
0.062
0.062
0.063
0.063
0.064
0.064
0.065
0.066
0.067
0.068
0.07
0.071
0.074
0.076
0.079
0.081
0.083
0.085
0.087
0.088
0.089
0.091
0.092
0.093
0.094
0.095
0.096
0.097
0.097
0.098
0.098
0.099
0.099
0.1
0.1
0.1
0.101
0.101
0.101
0.102
0.102
0.102
0.102
0.102
0.102
0.102
0.103
0.104
0.105
0.105
0.106
0.107
0.108
0.109
0.11
0.112
0.113
0.115
0.119
0.122
0.126
0.128
0.131
0.133
0.136
0.139
0.142
0.146
0.149
0.152
0.156
0.161
0.166
0.172
0.178
0.184
0.193
0.204
0.213
0.222
0.231
0.238
0.243
0.246
0.249
0.251
0.251
0.249
0.246
0.241
0.233
0.219
0.203
0.189
0.175
0.16
0.151
0.146
0.143
0.14
0.138
0.137
0.136
0.135
0.134
0.132
0.13
0.129
0.132
0.139
0.159
0.185
0.217
0.258
0.303
0.347
0.379
0.39
0.382
0.357
0.296
0.219
0.134
0.054
0.0
-0.024
-0.033
-0.027
-0.011
0.017
0.052
0.075
0.088
0.096
0.101
0.105
0.11
0.115
0.119
0.121
0.123
0.125
0.127
0.128
0.129
0.13
0.13
0.129
0.129
0.128
0.128
0.127
0.127
0.126
0.126
0.125
0.125
0.126
0.125
0.125
0.124
0.123
0.122
0.121
0.121
0.12
0.12
0.119
0.119
0.12
0.121
0.122
0.124
0.125
0.126
0.128
0.129
0.13
0.132
0.133
0.135
0.137
0.14
0.143
0.146
0.149
0.151
0.152
0.154
0.155
0.156
0.158
0.16
0.162
0.163
0.165
0.166
0.167
0.168
0.169
0.17
0.168
0.165
0.16
0.156
0.15
0.143
0.135
0.127
0.119
0.111
0.103
0.094
0.083
0.071
0.061
0.052
0.045
0.038
0.033
0.028
0.023
0.018
0.012
0.006
0.0
-0.005
-0.011
-0.016
-0.022
-0.028
-0.034
-0.039
-0.044
-0.048
-0.051
-0.053
-0.055
-0.057
-0.06
-0.063
-0.067
-0.07
-0.073
-0.076
-0.079
-0.082
-0.085
-0.087
-0.09
-0.093
-0.095
-0.096
-0.098
-0.099
-0.101
-0.102
-0.103
-0.104
-0.105
-0.106
-0.107
-0.108
-0.109
-0.11
-0.112
-0.114
-0.115
-0.116
-0.117
-0.118
-0.119
-0.119
-0.12
-0.12
-0.121
-0.122
-0.124
-0.126
-0.127
-0.129
-0.131
-0.132
-0.132
-0.132
-0.132
-0.132
-0.132
-0.131
-0.13
-0.13
-0.131
-0.132
-0.133
-0.133
-0.132
-0.131
-0.13
-0.129
-0.129
-0.128
-0.128
-0.127
-0.127
-0.127
-0.127
-0.127
-0.127
-0.127
-0.127
-0.127
-0.127
-0.127
-0.126
-0.126
-0.125
-0.124
-0.123
-0.123
-0.122
-0.122
-0.122
-0.122
-0.122
-0.121
-0.121
-0.119
-0.118
-0.117
-0.115
-0.114
-0.113
-0.111
-0.11
-0.11
-0.109
-0.108
-0.107
-0.105
-0.103
-0.101
-0.097
-0.092
-0.088
-0.083
-0.079
-0.074
-0.067
-0.059
-0.053
-0.05
-0.047
-0.045
-0.043
-0.043
-0.045
-0.051
-0.058
-0.065
-0.072
-0.08
-0.088
-0.096
-0.1
-0.104
-0.108
-0.111
-0.114
-0.116
-0.117
-0.117
-0.117
-0.117
-0.117
-0.116
-0.114
-0.112
-0.109
-0.106
-0.092
-0.067
-0.029
0.016
0.067
0.119
0.162
0.176
0.167
0.14
0.07
-0.016
-0.105
-0.185
-0.237
-0.258
-0.265
-0.256
-0.231
-0.206
-0.181
-0.15
-0.133
-0.12
-0.113
-0.105
-0.098
-0.091
-0.083
-0.076
-0.067
-0.062
-0.059
-0.057
-0.056
-0.054
-0.053
-0.052
-0.05
-0.049
-0.047
-0.046
-0.044
-0.043
-0.042
-0.04
-0.039
-0.038
-0.037
-0.036
-0.034
-0.033
-0.032
-0.03
-0.029
-0.027
-0.026
-0.024
-0.023
-0.021
-0.02
-0.018
-0.017
-0.015
-0.013
-0.01
-0.007
-0.004
0.0
0.002
0.006
0.01
0.015
0.021
0.027
0.033
0.039
0.048
0.058
0.067
0.077
0.086
0.094
0.098
0.101
0.103
0.104
0.106
0.106
0.107
0.106
0.105
0.103
0.101
0.098
0.095
0.091
0.085
0.079
0.074
0.069
0.063
0.055
0.046
0.039
0.034
0.027
0.019
0.01
0.0
-0.01
-0.014
-0.016
-0.018
-0.019
-0.021
-0.022
-0.023
-0.024
-0.024
-0.025
-0.025
-0.026
-0.026
-0.026
-0.026
-0.027
-0.027
-0.027
-0.027
-0.027
-0.027
-0.028
-0.028
-0.028
-0.028
-0.029
-0.029
-0.03
-0.03
-0.03
-0.031
-0.031
-0.032
-0.032
-0.032
-0.032
-0.032
-0.032
-0.032
-0.033
-0.033
-0.033
-0.033
-0.033
-0.033
-0.033
-0.032
-0.031
-0.03
-0.03
-0.029
-0.028
-0.028
-0.028
-0.028
-0.028
-0.028
-0.029
-0.029
-0.029
-0.029
-0.03
-0.032
-0.034
-0.036
-0.037
-0.037
-0.038
-0.039
-0.04
-0.041
-0.043
-0.044
-0.044
-0.045
-0.045
-0.046
-0.046
-0.045
-0.044
-0.042
-0.041
-0.039
-0.037
-0.035
-0.033
-0.031
-0.029
-0.027
-0.026
-0.025
-0.023
-0.021
-0.019
-0.016
-0.014
-0.012
-0.011
-0.009
-0.009
-0.009
-0.009
-0.01
-0.01
-0.01
-0.011
-0.011
-0.012
-0.012
-0.013
-0.014
-0.015
-0.016
-0.017
-0.017
-0.016
-0.014
-0.01
-0.007
-0.004
0.0
0.003
0.006
0.009
0.013
0.016
0.018
0.02
0.022
0.024
0.027
0.03
0.033
0.036
0.04
0.044
0.051
0.061
0.068
0.073
0.078
0.082
0.085
0.085
0.081
0.075
0.065
0.05
0.038
0.029
0.018
0.004
-0.009
-0.014
-0.016
-0.019
-0.021
-0.022
-0.023
-0.023
-0.023
-0.023
-0.023
-0.022
-0.021
-0.019
-0.017
-0.014
-0.01
-0.002
0.013
0.044
0.083
0.126
0.172
0.213
0.232
0.231
0.205
0.144
0.06
-0.032
-0.109
-0.163
-0.191
-0.2
-0.194
-0.174
-0.145
-0.116
-0.087
-0.067
-0.05
-0.039
-0.032
-0.027
-0.023
-0.019
-0.017
-0.014
-0.012
-0.009
-0.007
-0.006
-0.006
-0.005
-0.005
-0.005
-0.004
-0.004
-0.004
-0.004
-0.004
-0.004
-0.004
-0.005
-0.005
-0.006
-0.006
-0.006
-0.006
-0.005
-0.005
