-0.116
-0.117
-0.117
-0.117
-0.114
-0.111
-0.106
-0.099
-0.091
-0.08
-0.058
-0.041
-0.026
-0.013
-0.001
0.011
0.022
0.03
0.038
0.047
0.056
0.067
0.078
0.091
0.103
0.112
0.12
0.129
0.139
0.147
0.154
0.159
0.163
0.166
0.17
0.173
0.174
0.172
0.165
0.156
0.145
0.134
0.12
0.106
0.096
0.087
0.073
0.058
0.05
0.046
0.044
0.042
0.04
0.038
0.037
0.036
0.035
0.035
0.035
0.037
0.04
0.043
0.047
0.051
0.055
0.059
0.064
0.073
0.081
0.088
0.094
0.1
0.105
0.111
0.119
0.127
0.139
0.18
0.23
0.276
0.299
0.311
0.318
0.321
0.317
0.307
0.277
0.234
0.188
0.157
0.14
0.134
0.129
0.125
0.122
0.119
0.116
0.113
0.11
0.107
0.104
0.102
0.1
0.098
0.096
0.094
0.092
0.089
0.085
0.082
0.078
0.075
0.071
0.068
0.064
0.06
0.056
0.052
0.047
0.039
0.029
0.02
0.009
-0.001
-0.009
-0.016
-0.023
-0.029
-0.034
-0.038
-0.04
-0.042
-0.045
-0.047
-0.048
-0.049
-0.049
-0.049
-0.049
-0.05
-0.051
-0.052
-0.053
-0.054
-0.055
-0.055
-0.056
-0.055
-0.054
-0.051
-0.048
-0.045
-0.042
-0.038
-0.034
-0.031
-0.027
-0.023
-0.02
-0.012
-0.003
0.005
0.013
0.022
0.028
0.033
0.036
0.04
0.042
0.044
0.046
0.048
0.05
0.051
0.053
0.055
0.056
0.057
0.059
0.06
0.062
0.064
0.065
0.067
0.068
0.07
0.073
0.076
0.079
0.082
0.087
0.096
0.106
0.114
0.122
0.13
0.136
0.144
0.15
0.156
0.158
0.157
0.152
0.145
0.137
0.125
0.107
0.088
0.07
0.051
0.031
0.013
-0.001
-0.013
-0.024
-0.037
-0.052
-0.072
-0.086
-0.097
-0.106
-0.113
-0.118
-0.122
-0.126
-0.131
-0.135
-0.138
-0.138
-0.134
-0.126
-0.111
-0.066
0.019
0.145
0.319
0.533
0.783
1.05
1.305
1.513
1.608
1.605
1.492
1.24
0.934
0.632
0.379
0.194
0.079
0.025
-0.003
-0.032
-0.062
-0.091
-0.121
-0.149
-0.167
-0.171
-0.174
-0.177
-0.174
-0.155
-0.141
-0.13
-0.121
-0.113
-0.107
-0.1
-0.093
-0.084
-0.075
-0.066
-0.057
-0.046
-0.035
-0.023
-0.012
-0.003
0.002
0.009
0.014
0.019
0.025
0.031
0.036
0.041
0.044
0.048
0.05
0.052
0.054
0.055
0.056
0.057
0.059
0.061
0.063
0.062
0.059
0.054
0.051
0.048
0.046
0.043
0.04
0.036
0.032
0.029
0.025
0.021
0.016
0.009
-0.003
-0.016
-0.031
-0.042
-0.052
-0.061
-0.069
-0.075
-0.08
-0.083
-0.086
-0.089
-0.091
-0.092
-0.092
-0.089
-0.084
-0.078
-0.072
-0.068
-0.063
-0.057
-0.053
-0.05
-0.051
-0.054
-0.06
-0.067
-0.072
-0.075
-0.078
-0.08
-0.082
-0.084
-0.085
-0.086
-0.086
-0.086
-0.087
-0.087
-0.087
-0.087
-0.086
-0.086
-0.085
-0.085
-0.085
-0.085
-0.086
-0.087
-0.088
-0.089
-0.092
-0.094
-0.096
-0.098
-0.102
-0.105
-0.107
-0.11
-0.114
-0.117
-0.12
-0.123
-0.126
-0.13
-0.133
-0.135
-0.138
-0.141
-0.143
-0.146
-0.148
-0.15
-0.151
-0.151
-0.152
-0.153
-0.154
-0.156
-0.158
-0.16
-0.163
-0.167
-0.171
-0.176
-0.18
-0.184
-0.189
-0.193
-0.199
-0.207
-0.221
-0.23
-0.235
-0.239
-0.244
-0.248
-0.25
-0.25
-0.249
-0.247
-0.246
-0.245
-0.244
-0.244
-0.246
-0.251
-0.259
-0.269
-0.284
-0.3
-0.323
-0.34
-0.345
-0.349
-0.351
-0.353
-0.349
-0.34
-0.331
-0.324
-0.319
-0.314
-0.31
-0.305
-0.301
-0.296
-0.292
-0.288
-0.284
-0.28
-0.277
-0.273
-0.269
-0.266
-0.262
-0.26
-0.257
-0.254
-0.253
-0.252
-0.252
-0.253
-0.255
-0.257
-0.26
-0.264
-0.267
-0.27
-0.274
-0.279
-0.288
-0.298
-0.305
-0.312
-0.318
-0.324
-0.33
-0.334
-0.336
-0.335
-0.332
-0.327
-0.32
-0.307
-0.283
-0.26
-0.23
-0.203
-0.186
-0.174
-0.166
-0.158
-0.152
-0.145
-0.139
-0.13
-0.101
-0.038
0.059
0.191
0.361
0.56
0.789
1.038
1.276
1.465
1.538
1.529
1.41
1.168
0.872
0.582
0.336
0.147
0.023
-0.043
-0.075
-0.091
-0.101
-0.107
-0.112
-0.117
-0.12
-0.122
-0.123
-0.123
-0.124
-0.123
-0.123
-0.122
-0.122
-0.123
-0.124
-0.125
-0.127
-0.127
-0.128
-0.127
-0.128
-0.128
-0.13
-0.131
-0.134
-0.137
-0.141
-0.151
-0.156
-0.151
-0.139
-0.119
-0.09
-0.059
-0.025
0.01
0.052
0.083
0.102
0.116
0.126
0.133
0.14
0.146
0.151
0.156
0.161
0.167
0.172
0.176
0.178
0.18
0.181
0.183
0.185
0.188
0.19
0.192
0.195
0.196
0.198
0.201
0.203
0.206
0.209
0.219
0.245
0.293
0.338
0.387
0.438
0.487
0.538
0.568
0.599
0.632
0.666
0.701
0.737
0.771
0.804
0.835
0.867
0.891
0.906
0.915
0.899
0.873
0.842
0.809
0.778
0.749
0.72
0.689
0.661
0.639
0.621
0.606
0.585
0.558
0.533
0.514
0.494
0.476
0.461
0.445
0.428
0.414
0.4
0.388
0.377
0.368
0.361
0.355
0.349
0.344
0.342
0.341
0.345
0.352
0.36
0.369
0.382
0.404
0.424
0.445
0.465
0.487
0.501
0.509
0.515
0.52
0.526
0.532
0.535
0.54
0.549
0.581
0.637
0.707
0.775
0.831
0.881
0.898
0.906
0.911
0.919
0.926
0.912
0.872
0.812
0.78
0.751
0.719
0.687
0.651
0.584
0.508
0.444
0.41
0.38
0.35
0.321
0.289
0.252
0.218
0.185
0.152
0.12
0.088
0.064
0.046
0.027
0.008
-0.01
-0.031
-0.048
-0.062
-0.078
-0.095
-0.114
-0.137
-0.156
-0.171
-0.185
-0.194
-0.2
-0.203
-0.206
-0.207
-0.209
-0.211
-0.212
-0.212
-0.213
-0.214
-0.215
-0.216
-0.217
-0.218
-0.219
-0.22
-0.221
-0.223
-0.226
-0.23
-0.234
-0.239
-0.246
-0.26
-0.273
-0.286
-0.297
-0.307
-0.317
-0.326
-0.335
-0.345
-0.354
-0.364
-0.377
-0.389
-0.399
-0.406
-0.413
-0.42
-0.426
-0.431
-0.435
-0.439
-0.443
-0.448
-0.453
-0.459
-0.464
-0.468
-0.472
-0.476
-0.483
-0.492
-0.48
-0.448
-0.382
-0.278
-0.126
0.079
0.33
0.617
0.899
1.14
1.289
1.306
1.241
1.022
0.722
0.402
0.108
-0.125
-0.288
-0.374
-0.408
-0.421
-0.429
-0.438
-0.451
-0.466
-0.476
-0.484
-0.491
-0.497
-0.502
-0.507
-0.511
-0.514
-0.516
-0.519
-0.522
-0.526
-0.53
-0.535
-0.538
-0.537
-0.532
-0.523
-0.513
-0.5
-0.479
-0.46
-0.442
-0.423
-0.4
-0.376
-0.354
-0.334
-0.319
-0.307
-0.299
-0.292
-0.287
-0.285
-0.284
-0.283
-0.282
-0.281
-0.279
-0.278
-0.277
-0.276
-0.275
-0.273
-0.272
-0.27
-0.269
-0.268
-0.268
-0.267
-0.265
-0.262
-0.259
-0.256
-0.252
-0.247
-0.24
-0.232
-0.223
-0.214
-0.206
-0.197
-0.186
-0.17
-0.16
-0.154
-0.15
-0.145
-0.142
-0.14
-0.141
-0.145
-0.152
-0.159
-0.163
-0.167
-0.171
-0.175
-0.179
-0.182
-0.184
-0.186
-0.185
-0.183
-0.179
-0.173
-0.165
-0.157
-0.148
-0.138
-0.124
-0.11
-0.098
-0.087
-0.078
-0.071
-0.064
-0.059
-0.054
-0.051
-0.05
-0.052
-0.055
-0.06
-0.065
-0.069
-0.073
-0.076
-0.079
-0.082
-0.086
-0.092
-0.097
-0.103
-0.11
-0.115
-0.12
-0.124
-0.128
-0.132
-0.134
-0.137
-0.139
-0.142
-0.145
-0.149
-0.154
-0.157
-0.16
-0.162
-0.163
-0.163
-0.162
-0.16
-0.156
-0.152
-0.148
-0.145
-0.141
-0.138
-0.135
-0.132
-0.129
-0.126
-0.123
-0.119
-0.117
-0.115
-0.114
-0.116
-0.121
-0.128
-0.136
-0.145
-0.152
-0.159
-0.166
-0.174
-0.181
-0.188
-0.194
-0.199
-0.204
-0.206
-0.208
-0.208
-0.209
-0.208
-0.208
-0.208
-0.208
-0.208
-0.207
-0.207
-0.208
-0.208
-0.209
-0.209
-0.209
-0.207
-0.203
-0.198
-0.193
-0.188
-0.183
-0.179
-0.175
-0.171
-0.166
-0.162
-0.157
-0.152
-0.146
-0.138
-0.129
-0.112
-0.083
-0.054
-0.028
-0.007
0.011
0.028
0.045
0.062
0.078
0.092
0.105
0.116
0.127
0.139
0.152
0.166
0.181
0.198
0.214
0.229
0.243
0.256
0.272
0.286
0.299
0.31
0.32
0.331
0.343
0.354
0.364
0.372
0.38
0.387
0.394
0.398
0.4
0.398
0.393
0.385
0.377
0.369
0.36
0.344
0.331
0.33
0.339
0.358
0.413
0.502
0.635
0.809
1.023
1.273
1.533
1.779
1.966
2.021
1.996
1.815
1.514
1.16
0.819
0.541
0.355
0.266
0.224
0.192
0.154
0.108
0.076
0.065
0.06
0.056
0.053
0.05
0.049
0.049
0.052
0.057
0.064
0.072
0.081
0.091
0.105
0.119
0.13
0.141
0.152
0.165
0.182
0.201
0.222
0.245
0.272
0.295
0.314
0.331
0.346
0.359
0.365
0.369
0.372
0.375
0.378
0.381
0.383
0.384
0.385
0.386
0.386
0.386
0.386
0.384
0.382
0.38
0.377
0.375
0.372
0.368
0.363
0.358
0.353
0.348
0.341
0.327
0.312
0.298
0.285
0.269
0.252
0.235
0.219
0.209
0.202
0.196
0.191
0.187
0.182
0.176
0.171
0.166
0.161
0.156
0.151
0.146
0.142
0.138
0.134
0.13
0.125
0.121
0.117
0.113
0.109
0.104
0.098
0.092
0.084
0.072
0.059
0.046
0.032
0.019
0.011
0.005
0.0
-0.003
-0.007
-0.011
-0.014
-0.017
-0.021
-0.024
-0.027
-0.029
-0.03
-0.031
-0.032
-0.033
-0.034
-0.035
-0.037
-0.04
-0.043
-0.047
-0.051
-0.055
-0.058
-0.06
-0.061
-0.062
-0.061
-0.06
-0.058
-0.055
-0.051
-0.048
-0.045
-0.042
-0.04
-0.038
-0.037
-0.035
-0.032
-0.028
-0.024
-0.02
-0.018
-0.017
-0.017
-0.019
-0.021
-0.024
-0.026
-0.028
-0.03
-0.033
-0.035
-0.037
-0.039
-0.041
-0.043
-0.043
-0.044
