-0.768
-0.76
-0.741
-0.708
-0.691
-0.681
-0.672
-0.662
-0.652
-0.632
-0.601
-0.567
-0.533
-0.5
-0.47
-0.45
-0.438
-0.427
-0.418
-0.405
-0.383
-0.356
-0.329
-0.299
-0.273
-0.234
-0.184
-0.162
-0.149
-0.14
-0.156
-0.171
-0.182
-0.187
-0.18
-0.168
-0.159
-0.15
-0.144
-0.141
-0.14
-0.142
-0.146
-0.152
-0.175
-0.222
-0.27
-0.316
-0.366
-0.426
-0.497
-0.578
-0.663
-0.75
-0.835
-0.921
-1.01
-1.107
-1.212
-1.32
-1.417
-1.494
-1.545
-1.574
-1.623
-1.697
-1.784
-1.864
-1.91
-1.926
-1.91
-1.855
-1.806
-1.779
-1.772
-1.785
-1.804
-1.8
-1.749
-1.688
-1.623
-1.562
-1.505
-1.448
-1.393
-1.363
-1.34
-1.319
-1.291
-1.25
-1.196
-1.155
-1.14
-1.137
-1.131
-1.106
-1.067
-1.041
-1.033
-1.031
-1.029
-1.006
-0.953
-0.899
-0.873
-0.879
-0.884
-0.871
-0.829
-0.779
-0.73
-0.708
-0.665
-0.608
-0.526
-0.438
-0.367
-0.336
-0.321
-0.309
-0.301
-0.304
-0.319
-0.345
-0.383
-0.423
-0.458
-0.493
-0.522
-0.537
-0.543
-0.543
-0.539
-0.535
-0.533
-0.529
-0.522
-0.515
-0.508
-0.5
-0.492
-0.488
-0.488
-0.488
-0.485
-0.473
-0.456
-0.439
-0.431
-0.432
-0.439
-0.44
-0.42
-0.372
-0.319
-0.291
-0.277
-0.27
-0.261
-0.243
-0.215
-0.193
-0.182
-0.181
-0.184
-0.187
-0.185
-0.176
-0.162
-0.155
-0.158
-0.162
-0.162
-0.153
-0.139
-0.129
-0.125
-0.128
-0.129
-0.127
-0.129
-0.13
-0.127
-0.117
-0.094
-0.073
-0.058
-0.048
-0.038
-0.024
-0.014
-0.016
-0.012
-0.008
-0.005
0.0
0.007
0.019
0.038
0.049
0.064
0.082
0.102
0.117
0.124
0.129
0.134
0.136
0.132
0.126
0.115
0.091
0.051
0.02
0.01
0.004
0.002
0.005
0.012
0.019
0.026
0.035
0.039
0.045
0.052
0.042
0.031
0.021
0.014
0.013
0.02
0.03
0.047
0.07
0.084
0.095
0.107
0.118
0.133
0.15
0.158
0.162
0.166
0.173
0.184
0.195
0.204
0.215
0.226
0.233
0.235
0.233
0.231
0.232
0.234
0.237
0.241
0.246
0.253
0.26
0.266
0.277
0.291
0.303
0.321
0.338
0.344
0.346
0.347
0.346
0.346
0.347
0.348
0.348
0.35
0.354
0.359
0.363
0.371
0.394
0.409
0.417
0.422
0.426
0.43
0.434
0.435
0.436
0.437
0.438
0.436
0.431
0.427
0.426
0.427
0.427
0.422
0.419
0.418
0.417
0.414
0.411
0.409
0.407
0.405
0.404
0.406
0.406
0.403
0.4
0.396
0.392
0.382
0.371
0.361
0.354
0.348
0.344
0.349
0.359
0.365
0.371
0.378
0.385
0.391
0.394
0.397
0.401
0.405
0.407
0.404
0.399
0.394
0.39
0.385
0.383
0.38
0.375
0.369
0.362
0.357
0.353
0.348
0.341
0.332
0.323
0.318
0.312
0.31
0.315
0.324
0.329
0.336
0.345
0.353
0.358
0.361
0.362
0.365
0.367
0.356
0.343
0.334
0.327
0.323
0.32
0.318
0.313
0.307
0.304
0.306
0.311
0.315
0.32
0.326
0.324
0.31
0.296
0.281
0.27
0.263
0.256
0.251
0.248
0.252
0.262
0.279
0.298
0.32
0.355
0.412
0.482
0.553
0.615
0.668
0.699
0.71
0.694
0.647
0.577
0.492
0.406
0.335
0.297
0.284
0.3
0.318
0.331
0.331
0.321
0.305
0.279
0.254
0.237
0.22
0.212
0.206
0.201
0.198
0.198
0.198
0.198
0.197
0.197
0.197
0.196
0.195
0.193
0.191
0.189
0.186
0.181
0.171
0.159
0.148
0.132
0.111
0.101
0.096
0.092
0.089
0.089
0.088
0.086
0.085
0.085
0.086
0.087
0.088
0.091
0.092
0.092
0.094
0.096
0.097
0.095
0.093
0.093
0.094
0.094
0.093
0.093
0.094
0.097
0.1
0.102
0.107
0.111
0.115
0.124
0.14
0.149
0.154
0.159
0.164
0.167
0.168
0.163
0.155
0.146
0.138
0.129
0.12
0.114
0.107
0.1
0.092
0.084
0.073
0.063
0.054
0.041
0.026
0.008
-0.015
-0.045
-0.066
-0.081
-0.095
-0.107
-0.111
-0.114
-0.117
-0.12
-0.121
-0.121
-0.12
-0.119
-0.119
-0.119
-0.121
-0.121
-0.121
-0.121
-0.122
-0.123
-0.123
-0.125
-0.128
-0.127
-0.128
-0.13
-0.132
-0.135
-0.137
-0.138
-0.138
-0.136
-0.134
-0.13
-0.127
-0.124
-0.121
-0.118
-0.117
-0.116
-0.115
-0.113
-0.112
-0.112
-0.111
-0.111
-0.112
-0.115
-0.121
-0.126
-0.132
-0.139
-0.147
-0.154
-0.161
-0.168
-0.173
-0.177
-0.181
-0.184
-0.186
-0.187
-0.185
-0.182
-0.178
-0.174
-0.17
-0.166
-0.162
-0.158
-0.153
-0.148
-0.142
-0.136
-0.131
-0.126
-0.122
-0.118
-0.115
-0.112
-0.108
-0.105
-0.101
-0.097
-0.092
-0.089
-0.087
-0.086
-0.086
-0.086
-0.087
-0.087
-0.087
-0.086
-0.085
-0.084
-0.084
-0.084
-0.085
-0.089
-0.093
-0.099
-0.104
-0.107
-0.109
-0.111
-0.113
-0.116
-0.119
-0.122
-0.126
-0.13
-0.134
-0.137
-0.14
-0.142
-0.145
-0.15
-0.158
-0.166
-0.17
-0.168
-0.161
-0.153
-0.144
-0.131
-0.117
-0.103
-0.091
-0.08
-0.07
-0.061
-0.053
-0.049
-0.047
-0.045
-0.043
-0.041
-0.038
-0.036
-0.034
-0.031
-0.028
-0.026
-0.024
-0.022
-0.019
-0.016
-0.013
-0.009
-0.007
-0.005
-0.005
-0.006
-0.008
-0.011
-0.014
-0.016
-0.018
-0.02
-0.023
-0.025
-0.027
-0.028
-0.029
-0.028
-0.027
-0.024
-0.019
-0.013
-0.006
0.006
0.029
0.067
0.112
0.166
0.227
0.295
0.359
0.395
0.398
0.366
0.282
0.173
0.072
0.02
0.006
-0.001
-0.011
-0.021
-0.032
-0.048
-0.07
-0.072
-0.058
-0.045
-0.031
-0.025
-0.032
-0.045
-0.052
-0.056
-0.059
-0.061
-0.063
-0.066
-0.068
-0.069
-0.069
-0.068
-0.066
-0.063
-0.06
-0.057
-0.055
-0.053
-0.051
-0.049
-0.046
-0.043
-0.041
-0.04
-0.04
-0.04
-0.04
-0.042
-0.043
-0.047
-0.05
-0.051
-0.049
-0.045
-0.042
-0.039
-0.037
-0.034
-0.031
-0.028
-0.025
-0.023
-0.021
-0.02
-0.017
-0.014
-0.007
0.003
0.019
0.033
0.044
0.054
0.065
0.076
0.086
0.094
0.102
0.109
0.115
0.119
0.119
0.117
0.114
0.109
0.103
0.091
0.068
0.052
0.041
0.03
0.017
0.001
-0.016
-0.03
-0.041
-0.049
-0.061
-0.078
-0.098
-0.118
-0.127
-0.132
-0.136
-0.139
-0.142
-0.143
-0.143
-0.143
-0.139
-0.134
-0.127
-0.12
-0.113
-0.108
-0.104
-0.1
-0.096
-0.092
-0.088
-0.084
-0.08
-0.075
-0.07
-0.065
-0.061
-0.057
-0.053
-0.048
-0.039
-0.032
-0.025
-0.019
-0.015
-0.013
-0.01
-0.008
-0.006
-0.005
-0.003
-0.002
-0.001
0.0
0.0
0.0
0.0
0.0
0.0
0.0
-0.002
-0.003
-0.005
-0.005
-0.006
-0.008
-0.01
-0.013
-0.015
-0.017
-0.018
-0.02
-0.021
-0.023
-0.023
-0.021
-0.016
-0.009
-0.001
0.006
0.015
0.029
0.042
0.052
0.061
0.066
0.07
0.074
0.078
0.081
0.084
0.086
0.087
0.088
0.089
0.091
0.092
0.093
0.093
0.093
0.094
0.095
0.098
0.1
0.103
0.105
0.107
0.109
0.11
0.112
0.114
0.115
0.116
0.117
0.119
0.121
0.123
0.123
0.123
0.122
0.121
0.12
0.118
0.115
0.113
0.11
0.108
0.106
0.103
0.101
0.1
0.101
0.104
0.11
0.117
0.123
0.128
0.132
0.137
0.142
0.146
0.15
0.154
0.157
0.16
0.161
0.161
0.159
0.157
0.155
0.152
0.149
0.144
0.139
0.133
0.128
0.123
0.114
0.103
0.094
0.086
0.077
0.069
0.062
0.055
0.048
0.041
0.035
0.028
0.016
0.001
-0.004
-0.008
-0.012
-0.014
-0.012
-0.003
0.01
0.033
0.069
0.107
0.146
0.187
0.225
0.256
0.276
0.266
0.239
0.155
0.043
-0.069
-0.156
-0.195
-0.207
-0.216
-0.229
-0.241
-0.256
-0.273
-0.289
-0.303
-0.312
-0.318
-0.323
-0.327
-0.33
-0.331
-0.331
-0.33
-0.327
-0.324
-0.321
-0.317
-0.313
-0.307
-0.301
-0.296
-0.295
-0.297
-0.3
-0.302
-0.302
-0.303
-0.305
-0.306
-0.307
-0.307
-0.308
-0.307
-0.306
-0.305
-0.303
-0.301
-0.298
-0.295
-0.294
-0.292
-0.289
-0.287
-0.284
-0.282
-0.279
-0.277
-0.274
-0.272
-0.269
-0.265
-0.26
-0.252
-0.236
-0.216
-0.2
-0.188
-0.177
-0.168
-0.16
-0.149
-0.137
-0.124
-0.109
-0.097
-0.086
-0.077
-0.069
-0.061
-0.046
-0.024
-0.013
-0.008
-0.003
0.0
0.001
0.002
0.0
-0.004
-0.012
-0.023
-0.033
-0.044
-0.058
-0.072
-0.084
-0.093
-0.102
-0.117
-0.135
-0.142
-0.146
-0.149
-0.151
-0.151
-0.151
-0.148
-0.14
-0.129
-0.116
-0.101
-0.077
-0.061
-0.049
-0.043
-0.039
-0.036
-0.034
-0.032
-0.031
-0.03
-0.028
-0.028
-0.026
-0.024
-0.021
-0.019
-0.017
-0.015
-0.013
-0.01
-0.006
-0.002
0.001
0.006
0.012
0.023
0.034
0.042
0.048
0.052
0.056
0.059
0.062
0.065
0.068
0.07
0.073
0.075
0.078
0.081
0.084
0.087
0.089
0.092
0.094
0.096
0.099
0.102
0.105
0.108
0.11
0.113
0.115
0.118
0.121
0.123
0.125
0.126
0.127
0.128
0.129
0.132
0.134
0.138
0.141
0.144
0.148
0.152
0.159
0.174
0.185
0.188
0.189
0.191
0.192
0.193
0.195
0.197
0.197
0.198
0.198
0.199
0.199
0.199
0.199
0.198
0.197
0.197
0.196
0.196
0.197
0.197
0.197
0.196
0.196
0.196
0.195
0.194
0.192
0.191
0.19
0.188
0.187
0.186
0.185
0.184
0.182
0.179
0.175
0.172
0.171
0.173
0.177
0.183
0.19
0.196
0.2
0.205
0.21
0.215
0.219
0.222
0.224
0.225
0.224
0.224
0.223
0.221
0.219
0.216
0.214
0.212
0.209
0.206
0.202
0.198
0.194
0.19
0.186
0.184
0.182
0.18
0.178
0.176
0.174
0.172
0.167
0.163
0.161
0.164
0.173
0.185
0.201
0.225
0.243
0.261
0.281
0.303
0.333
0.367
0.421
0.48
0.505
0.524
0.522
0.481
0.412
0.326
0.239
0.187
0.174
0.165
0.156
0.147
0.137
0.125
0.099
0.068
0.058
0.053
0.049
0.048
0.048
0.049
0.052
0.057
0.062
0.067
0.07
0.073
0.075
0.078
0.08
0.082
0.084
0.086
0.088
0.091
0.094
0.097
0.1
0.103
0.106
0.108
0.111
0.114
0.117
0.12
0.122
0.124
0.127
0.13
0.133
0.136
0.14
0.143
0.147
0.151
0.154
0.156
0.158
0.159
0.16
0.163
0.166
0.169
0.176
0.193
0.215
0.237
0.255
0.272
0.288
0.296
0.303
0.308
0.313
0.317
0.319
0.321
0.321
0.32
0.319
0.316
0.312
0.307
0.302
0.296
0.29
0.283
0.276
0.268
0.26
0.253
0.244
0.235
0.224
0.207
0.192
0.178
0.155
0.121
0.091
0.071
0.058
0.052
0.048
0.045
0.043
0.041
0.039
0.038
0.036
0.033
0.031
0.029
0.026
0.023
0.019
0.015
0.01
0.004
-0.004
-0.015
-0.025
-0.036
-0.045
-0.051
-0.055
-0.059
-0.062
-0.065
-0.068
-0.07
-0.074
-0.077
-0.081
-0.084
-0.087
-0.09
-0.095
-0.1
-0.111
-0.133
-0.154
-0.173
-0.19
-0.204
-0.217
-0.227
-0.234
-0.24
-0.247
-0.253
-0.26
-0.267
-0.274
-0.282
-0.29
-0.299
-0.308
-0.318
-0.326
-0.333
-0.339
-0.343
-0.347
-0.352
-0.356
-0.361
-0.367
-0.372
-0.378
-0.385
-0.392
-0.401
-0.413
-0.424
-0.431
-0.436
-0.439
-0.441
-0.443
-0.444
-0.445
-0.446
-0.447
-0.448
-0.45
-0.451
-0.451
-0.451
-0.451
-0.45
-0.45
-0.449
-0.448
-0.447
-0.445
-0.443
-0.442
-0.44
-0.438
-0.435
-0.433
-0.43
-0.428
-0.426
-0.423
-0.421
-0.418
-0.415
-0.413
-0.41
-0.408
-0.405
-0.401
-0.397
-0.393
-0.389
-0.385
-0.382
-0.38
-0.378
-0.376
-0.374
-0.371
-0.368
-0.364
-0.359
-0.354
-0.348
-0.34
-0.331
-0.319
-0.307
-0.296
-0.288
-0.281
-0.274
-0.268
-0.262
-0.257
-0.253
-0.249
-0.245
-0.241
-0.237
-0.233
-0.229
-0.225
-0.22
-0.211
-0.203
-0.195
-0.19
-0.188
-0.186
-0.185
-0.183
-0.181
-0.179
-0.177
-0.174
-0.171
-0.168
-0.165
-0.161
-0.158
-0.155
-0.151
-0.147
-0.143
-0.136
-0.128
-0.12
-0.112
-0.106
-0.099
-0.091
-0.079
-0.06
-0.037
-0.006
0.028
0.081
0.139
0.199
0.259
0.284
0.298
0.308
0.291
0.242
0.181
0.117
0.058
0.022
0.003
-0.006
-0.014
-0.019
-0.022
-0.021
-0.017
-0.011
-0.004
0.002
0.006
0.009
0.013
0.016
0.02
0.024
0.029
0.033
0.037
0.041
0.045
0.048
0.052
0.057
0.061
0.064
0.067
0.069
0.072
0.075
0.079
0.082
0.086
0.089
0.092
0.095
0.098
0.1
0.102
0.104
0.105
0.106
0.107
0.11
0.112
0.114
0.116
0.119
0.122
0.127
0.133
0.139
0.145
0.151
0.157
0.165
0.176
0.192
0.208
0.226
0.238
0.248
0.256
0.263
0.27
0.276
0.281
0.285
0.289
0.293
0.297
0.302
0.306
0.31
0.312
0.312
0.309
0.304
0.299
0.292
0.285
0.278
0.267
0.255
0.243
0.231
0.218
0.202
0.182
0.161
0.14
0.131
0.125
0.12
0.116
0.112
0.108
0.105
0.103
0.102
0.1
0.097
0.094
0.092
0.09
0.089
0.088
0.087
0.085
0.083
0.081
0.08
0.079
0.077
0.076
0.075
0.074
0.074
0.074
0.074
0.074
0.073
0.072
0.07
0.069
0.067
0.064
0.061
0.057
0.052
0.048
0.044
0.041
0.038
0.036
0.033
0.03
0.026
0.022
0.018
0.014
0.01
0.006
0.001
-0.002
-0.005
-0.008
-0.01
-0.012
-0.015
-0.017
-0.019
-0.021
-0.023
-0.025
-0.028
-0.031
-0.033
-0.035
-0.036
-0.036
-0.038
-0.039
-0.041
-0.043
-0.044
-0.046
-0.048
-0.051
-0.053
-0.055
-0.055
-0.055
-0.054
-0.054
-0.053
-0.051
-0.049
-0.045
-0.042
-0.038
-0.036
-0.035
-0.033
-0.03
-0.027
-0.025
-0.023
-0.021
-0.019
-0.017
-0.013
-0.009
-0.005
-0.001
0.002
0.006
0.01
0.013
0.017
0.019
0.021
0.023
0.026
0.029
0.033
0.037
0.042
0.046
0.052
0.058
0.065
0.072
0.079
0.086
0.092
0.099
0.106
0.113
0.12
0.127
0.133
0.138
0.144
0.149
0.154
0.158
0.161
0.165
0.169
0.173
0.176
0.177
0.175
0.17
0.164
0.157
0.152
0.149
0.145
0.141
0.137
0.132
0.129
0.126
0.124
0.123
0.123
0.124
0.126
0.131
0.138
0.145
0.153
0.162
0.174
0.201
0.226
0.258
0.302
0.353
0.395
0.419
0.435
0.442
0.432
0.409
0.372
0.327
0.263
0.194
0.147
0.107
0.082
0.064
0.049
0.04
0.033
0.029
0.024
0.02
0.015
0.008
