-0.052
-0.068
-0.087
-0.113
-0.134
-0.147
-0.156
-0.163
-0.167
-0.17
-0.172
-0.174
-0.175
-0.175
-0.173
-0.169
-0.164
-0.159
-0.154
-0.149
-0.145
-0.14
-0.134
-0.128
-0.121
-0.115
-0.107
-0.099
-0.087
-0.068
-0.052
-0.039
-0.028
-0.019
-0.011
-0.007
-0.009
-0.015
-0.025
-0.038
-0.058
-0.075
-0.092
-0.108
-0.121
-0.133
-0.146
-0.166
-0.177
-0.184
-0.189
-0.194
-0.198
-0.198
-0.195
-0.188
-0.179
-0.171
-0.162
-0.151
-0.139
-0.127
-0.118
-0.105
-0.059
0.039
0.165
0.316
0.48
0.628
0.734
0.773
0.771
0.724
0.623
0.495
0.358
0.213
0.064
-0.078
-0.164
-0.191
-0.206
-0.214
-0.219
-0.223
-0.228
-0.235
-0.238
-0.232
-0.22
-0.211
-0.204
-0.197
-0.192
-0.188
-0.184
-0.18
-0.177
-0.174
-0.173
-0.172
-0.172
-0.172
-0.172
-0.172
-0.173
-0.172
-0.17
-0.167
-0.165
-0.163
-0.161
-0.158
-0.154
-0.149
-0.144
-0.14
-0.133
-0.121
-0.108
-0.099
-0.092
-0.085
-0.077
-0.068
-0.062
-0.065
-0.071
-0.075
-0.079
-0.082
-0.084
-0.084
-0.082
-0.077
-0.071
-0.064
-0.059
-0.053
-0.048
-0.044
-0.04
-0.039
-0.039
-0.039
-0.038
-0.038
-0.04
-0.043
-0.047
-0.049
-0.051
-0.052
-0.052
-0.053
-0.053
-0.054
-0.055
-0.055
-0.053
-0.052
-0.05
-0.049
-0.048
-0.048
-0.048
-0.048
-0.048
-0.047
-0.045
-0.042
-0.039
-0.039
-0.042
-0.046
-0.048
-0.051
-0.053
-0.055
-0.057
-0.057
-0.057
-0.055
-0.054
-0.052
-0.051
-0.049
-0.047
-0.045
-0.044
-0.044
-0.045
-0.046
-0.047
-0.049
-0.051
-0.054
-0.056
-0.057
-0.056
-0.054
-0.051
-0.047
-0.042
-0.035
-0.035
-0.041
-0.047
-0.054
-0.054
-0.044
-0.038
-0.033
-0.029
-0.026
-0.024
-0.023
-0.022
-0.023
-0.025
-0.028
-0.032
-0.039
-0.042
-0.04
-0.034
-0.031
-0.029
-0.028
-0.026
-0.024
-0.021
-0.019
-0.017
-0.016
-0.015
-0.014
-0.013
-0.011
-0.009
-0.004
0.0
0.006
0.013
0.021
0.03
0.036
0.041
0.045
0.05
0.054
0.058
0.062
0.065
0.068
0.071
0.075
0.08
0.09
0.112
0.126
0.134
0.136
0.129
0.114
0.093
0.055
0.028
0.012
0.002
0.0
0.003
0.012
0.022
0.027
0.03
0.031
0.034
0.038
0.042
0.047
0.052
0.056
0.06
0.064
0.069
0.076
0.086
0.135
0.234
0.359
0.518
0.696
0.845
0.918
0.943
0.925
0.867
0.742
0.569
0.382
0.216
0.085
0.006
-0.02
0.002
0.024
0.04
0.051
0.051
0.043
0.035
0.031
0.028
0.025
0.022
0.019
0.015
0.012
0.008
0.006
0.004
0.001
0.0
-0.002
-0.007
-0.017
-0.015
0.001
0.016
0.027
0.038
0.047
0.055
0.062
0.071
0.079
0.08
0.075
0.068
0.06
0.05
0.043
0.039
0.037
0.031
0.024
0.031
0.037
0.041
0.046
0.049
0.048
0.044
0.039
0.034
0.028
0.018
0.02
0.036
0.046
0.053
0.059
0.065
0.067
0.067
0.066
0.065
0.065
0.064
0.063
0.062
0.061
0.061
0.062
0.064
0.067
0.07
0.072
0.075
0.08
0.086
0.091
0.093
0.091
0.085
0.079
0.072
0.067
0.062
0.057
0.052
0.048
0.044
0.04
0.035
0.029
0.026
0.028
0.031
0.033
0.035
0.037
0.038
0.032
0.021
0.003
-0.026
-0.046
-0.061
-0.068
-0.065
-0.056
-0.048
-0.039
-0.033
-0.033
-0.04
-0.05
-0.058
-0.065
-0.07
-0.072
-0.07
-0.066
-0.059
-0.05
-0.035
-0.02
-0.007
0.003
0.008
0.0
-0.017
-0.029
-0.04
-0.049
-0.054
-0.055
-0.056
-0.058
-0.059
-0.061
-0.063
-0.064
-0.065
-0.065
-0.067
-0.07
-0.073
-0.076
-0.078
-0.08
-0.082
-0.086
-0.091
-0.094
-0.092
-0.085
-0.073
-0.057
-0.035
-0.023
-0.017
-0.012
-0.009
-0.005
-0.003
-0.002
0.0
0.0
0.001
0.002
0.003
0.004
0.006
0.007
0.009
0.01
0.011
0.011
0.009
0.005
0.001
-0.003
-0.01
-0.017
-0.027
-0.041
-0.055
-0.069
-0.077
-0.084
-0.09
-0.095
-0.1
-0.103
-0.103
-0.101
-0.099
-0.096
-0.092
-0.087
-0.079
-0.064
-0.046
-0.023
0.007
0.064
0.145
0.272
0.445
0.647
0.844
0.962
0.965
0.856
0.601
0.298
0.016
-0.189
-0.245
-0.24
-0.159
-0.124
-0.117
-0.113
-0.105
-0.097
-0.088
-0.072
-0.054
-0.067
-0.11
-0.16
-0.178
-0.187
-0.192
-0.175
-0.146
-0.113
-0.091
-0.076
-0.069
-0.076
-0.089
-0.102
-0.115
-0.115
-0.101
-0.082
-0.055
-0.039
-0.03
-0.023
-0.02
-0.02
-0.024
-0.031
-0.037
-0.041
-0.046
-0.05
-0.054
-0.056
-0.058
-0.058
-0.059
-0.059
-0.059
-0.058
-0.055
-0.05
-0.046
-0.04
-0.036
-0.036
-0.039
-0.041
-0.042
-0.044
-0.045
-0.047
-0.047
-0.042
-0.034
-0.026
-0.021
-0.017
-0.013
-0.009
-0.005
-0.002
0.0
0.002
0.005
0.008
0.01
0.01
0.01
0.009
0.009
0.009
0.01
0.01
0.01
0.011
0.011
0.011
0.011
0.012
0.016
0.014
0.001
-0.005
-0.01
-0.015
-0.019
-0.023
-0.025
-0.026
-0.025
-0.023
-0.019
-0.015
-0.008
0.001
-0.006
-0.012
-0.015
-0.018
-0.02
-0.02
-0.019
-0.015
-0.01
-0.004
0.003
0.014
0.023
0.025
0.022
0.018
0.015
0.014
0.012
0.011
0.009
0.006
0.003
0.0
-0.004
-0.008
-0.011
-0.014
-0.017
-0.019
-0.021
-0.025
-0.03
-0.035
-0.039
-0.041
-0.041
-0.041
-0.04
-0.039
-0.038
-0.038
-0.037
-0.035
-0.033
-0.03
-0.029
-0.027
-0.025
-0.024
-0.023
-0.021
-0.018
-0.014
-0.011
-0.006
0.001
0.019
0.036
0.049
0.06
0.068
0.072
0.075
0.078
0.081
0.084
0.085
0.085
0.082
0.076
0.067
0.057
0.043
0.02
0.005
-0.008
-0.022
-0.041
-0.052
-0.059
-0.066
-0.072
-0.074
-0.074
-0.072
-0.068
-0.064
-0.059
-0.053
-0.049
-0.053
-0.062
-0.074
-0.086
-0.073
-0.034
0.055
0.198
0.402
0.645
0.895
1.09
1.161
1.061
0.807
0.468
0.14
-0.091
-0.171
-0.174
-0.108
-0.027
0.005
0.0
-0.023
-0.035
-0.048
-0.06
-0.081
-0.107
-0.124
-0.137
-0.137
-0.121
-0.096
-0.07
-0.056
-0.046
-0.041
-0.048
-0.061
-0.069
-0.077
-0.084
-0.086
-0.081
-0.071
-0.06
-0.054
-0.048
-0.042
-0.035
-0.03
-0.028
-0.027
-0.028
-0.029
-0.03
-0.032
-0.033
-0.035
-0.039
-0.041
-0.04
-0.036
-0.03
-0.025
-0.019
-0.015
-0.013
-0.017
-0.025
-0.033
-0.039
-0.045
-0.051
-0.056
-0.059
-0.06
-0.057
-0.053
-0.049
-0.045
-0.042
-0.04
-0.038
-0.035
-0.032
-0.03
-0.028
-0.025
-0.021
-0.016
-0.011
-0.007
-0.003
-0.001
0.001
0.004
0.009
0.016
0.023
0.027
0.027
0.02
0.011
0.001
-0.011
-0.03
-0.031
-0.018
0.0
0.027
0.052
0.07
0.091
0.108
0.122
0.129
0.122
0.111
0.105
0.1
0.095
0.091
0.085
0.08
0.076
0.072
0.068
0.063
0.057
0.05
0.047
0.045
0.044
0.042
0.038
0.032
0.038
0.044
0.048
0.051
0.05
0.039
0.027
0.02
0.014
0.009
0.005
0.001
-0.001
-0.001
0.0
0.001
0.005
0.008
0.011
0.017
0.023
0.024
0.021
0.017
0.016
0.015
0.014
0.013
0.011
0.009
0.007
0.004
0.002
0.002
0.003
0.004
0.005
0.006
0.007
0.01
0.014
0.018
