0.027
0.028
0.03
0.034
0.041
0.049
0.057
0.064
0.067
0.068
0.069
0.069
0.068
0.067
0.065
0.063
0.062
0.06
0.059
0.061
0.068
0.076
0.088
0.104
0.119
0.128
0.135
0.14
0.144
0.146
0.146
0.142
0.135
0.127
0.117
0.107
0.092
0.078
0.067
0.057
0.05
0.045
0.039
0.034
0.03
0.027
0.025
0.023
0.022
0.02
0.018
0.016
0.014
0.012
0.011
0.011
0.012
0.016
0.022
0.03
0.039
0.053
0.075
0.085
0.091
0.097
0.101
0.101
0.093
0.08
0.058
0.029
-0.011
-0.058
-0.087
-0.111
-0.13
-0.149
-0.161
-0.168
-0.173
-0.177
-0.182
-0.186
-0.19
-0.194
-0.198
-0.203
-0.208
-0.212
-0.215
-0.218
-0.22
-0.221
-0.222
-0.224
-0.227
-0.23
-0.235
-0.237
-0.231
-0.222
-0.217
-0.212
-0.209
-0.206
-0.205
-0.208
-0.216
-0.226
-0.236
-0.243
-0.25
-0.258
-0.265
-0.272
-0.278
-0.283
-0.287
-0.291
-0.295
-0.297
-0.299
-0.3
-0.301
-0.305
-0.31
-0.314
-0.314
-0.309
-0.302
-0.295
-0.29
-0.285
-0.28
-0.274
-0.268
-0.264
-0.261
-0.258
-0.256
-0.254
-0.253
-0.252
-0.25
-0.247
-0.244
-0.24
-0.238
-0.238
-0.238
-0.239
-0.24
-0.241
-0.244
-0.246
-0.241
-0.23
-0.224
-0.22
-0.215
-0.211
-0.207
-0.204
-0.2
-0.197
-0.194
-0.191
-0.189
-0.186
-0.183
-0.18
-0.175
-0.171
-0.166
-0.161
-0.157
-0.152
-0.147
-0.14
-0.129
-0.11
-0.093
-0.07
-0.039
-0.003
0.028
0.058
0.086
0.111
0.137
0.165
0.193
0.221
0.252
0.268
0.275
0.281
0.285
0.289
0.293
0.297
0.301
0.304
0.306
0.308
0.31
0.312
0.314
0.316
0.318
0.32
0.323
0.325
0.327
0.329
0.33
0.329
0.328
0.325
0.321
0.317
0.312
0.308
0.304
0.3
0.296
0.291
0.283
0.274
0.267
0.266
0.27
0.278
0.288
0.303
0.326
0.346
0.372
0.401
0.428
0.454
0.476
0.491
0.504
0.511
0.518
0.522
0.524
0.52
0.512
0.503
0.497
0.492
0.487
0.482
0.476
0.471
0.466
0.462
0.457
0.452
0.444
0.432
0.42
0.408
0.396
0.384
0.372
0.36
0.348
0.335
0.323
0.31
0.295
0.278
0.262
0.241
0.215
0.194
0.177
0.158
0.141
0.127
0.114
0.102
0.089
0.077
0.065
0.051
0.035
0.017
0.0
-0.015
-0.027
-0.04
-0.052
-0.068
-0.086
-0.104
-0.12
-0.133
-0.146
-0.158
-0.169
-0.179
-0.187
-0.195
-0.201
-0.209
-0.217
-0.228
-0.243
-0.256
-0.268
-0.279
-0.288
-0.297
-0.304
-0.309
-0.315
-0.319
-0.324
-0.327
-0.33
-0.332
-0.333
-0.335
-0.337
-0.34
-0.342
-0.345
-0.348
-0.351
-0.354
-0.358
-0.362
-0.366
-0.371
-0.377
-0.385
-0.393
-0.401
-0.41
-0.419
-0.428
-0.435
-0.441
-0.445
-0.448
-0.45
-0.452
-0.454
-0.456
-0.458
-0.46
-0.462
-0.464
-0.466
-0.467
-0.468
-0.469
-0.471
-0.472
-0.474
-0.474
-0.475
-0.477
-0.479
-0.482
-0.485
-0.49
-0.494
-0.498
-0.501
-0.503
-0.503
-0.502
-0.498
-0.493
-0.488
-0.482
-0.474
-0.461
-0.448
-0.439
-0.43
-0.422
-0.415
-0.407
-0.399
-0.391
-0.383
-0.366
-0.339
-0.312
-0.286
-0.24
-0.19
-0.142
-0.097
-0.051
-0.005
0.026
0.063
0.101
0.141
0.177
0.203
0.223
0.241
0.256
0.268
0.28
0.291
0.303
0.319
0.335
0.356
0.384
0.415
0.444
0.472
0.5
0.524
0.542
0.558
0.572
0.583
0.594
0.605
0.618
0.632
0.648
0.659
0.666
0.673
0.68
0.687
0.695
0.711
0.736
0.761
0.789
0.821
0.855
0.892
0.921
0.937
0.949
0.948
0.935
0.917
0.89
0.864
0.849
0.848
0.847
0.846
0.845
0.845
0.844
0.845
0.846
0.849
0.852
0.857
0.863
0.868
0.873
0.879
0.885
0.89
0.892
0.89
0.884
0.876
0.866
0.852
0.83
0.815
0.797
0.772
0.745
0.716
0.7
0.693
0.687
0.684
0.68
0.677
0.673
0.669
0.666
0.662
0.658
0.653
0.644
0.626
0.616
0.611
0.608
0.605
0.602
0.599
0.596
0.59
0.584
0.577
0.57
0.563
0.557
0.551
0.544
0.538
0.532
0.527
0.523
0.52
0.517
0.513
0.508
0.499
0.477
0.454
0.438
0.422
0.412
0.405
0.399
0.395
0.395
0.399
0.404
0.41
0.416
0.424
0.43
0.43
0.422
0.411
0.397
0.378
0.362
0.345
0.328
0.313
0.294
0.269
0.225
0.176
0.124
0.075
0.044
0.022
0.008
-0.005
-0.019
-0.042
-0.078
-0.121
-0.16
-0.187
-0.204
-0.218
-0.229
-0.243
-0.26
-0.277
-0.291
-0.304
-0.318
-0.333
-0.348
-0.363
-0.376
-0.387
-0.405
-0.436
-0.46
-0.473
-0.481
-0.488
-0.493
-0.497
-0.5
-0.503
-0.505
-0.508
-0.512
-0.517
-0.521
-0.526
-0.532
-0.541
-0.555
-0.57
-0.585
-0.592
-0.597
-0.6
-0.603
-0.606
-0.609
-0.611
-0.613
-0.614
-0.616
-0.619
-0.621
-0.622
-0.625
-0.627
-0.629
-0.631
-0.632
-0.633
-0.634
-0.636
-0.64
-0.644
-0.648
-0.649
-0.647
-0.642
-0.637
-0.633
-0.631
-0.63
-0.628
-0.627
-0.625
-0.624
-0.623
-0.624
-0.624
-0.625
-0.626
-0.626
-0.627
-0.627
-0.627
-0.626
-0.624
-0.622
-0.621
-0.619
-0.616
-0.613
-0.61
-0.607
-0.604
-0.601
-0.595
-0.587
-0.579
-0.571
-0.564
-0.559
-0.555
-0.551
-0.547
-0.543
-0.539
-0.536
-0.533
-0.529
-0.524
-0.519
-0.513
-0.507
-0.5
-0.493
-0.484
-0.476
-0.473
-0.456
-0.44
-0.434
-0.436
-0.442
-0.446
-0.449
-0.455
-0.457
-0.456
-0.458
-0.464
-0.47
-0.47
-0.463
-0.455
-0.452
-0.446
-0.438
-0.428
-0.421
-0.416
-0.412
-0.408
-0.406
-0.404
-0.403
-0.404
-0.406
-0.406
-0.402
-0.399
-0.394
-0.387
-0.383
-0.38
-0.376
-0.368
-0.359
-0.356
-0.356
-0.351
-0.34
-0.331
-0.326
-0.32
-0.309
-0.298
-0.288
-0.282
-0.277
-0.269
-0.262
-0.255
-0.249
-0.246
-0.245
-0.243
-0.24
-0.237
-0.233
-0.225
-0.215
-0.208
-0.204
-0.205
-0.207
-0.211
-0.214
-0.215
-0.213
-0.212
-0.212
-0.21
-0.206
-0.199
-0.191
-0.184
-0.177
-0.167
-0.156
-0.147
-0.144
-0.147
-0.149
-0.147
-0.144
-0.141
-0.141
-0.144
-0.145
-0.147
-0.149
-0.149
-0.147
-0.144
-0.136
-0.126
-0.113
-0.099
-0.082
-0.071
-0.064
-0.056
-0.045
-0.039
-0.035
-0.03
-0.015
0.011
0.04
0.073
0.112
0.149
0.168
0.177
0.18
0.17
0.147
0.118
0.086
0.06
0.026
-0.004
-0.025
-0.025
-0.011
0.022
0.079
0.123
0.133
0.136
0.139
0.144
0.146
0.15
0.157
0.168
0.182
0.189
0.182
0.166
0.148
0.137
0.135
0.137
0.143
0.152
0.161
0.168
0.172
0.172
0.168
0.161
0.155
0.154
0.157
0.157
0.156
0.154
0.158
0.162
0.163
0.164
0.166
0.164
0.157
0.148
0.143
0.14
0.138
0.141
0.147
0.155
0.159
0.157
0.151
0.147
0.143
0.14
0.138
0.135
0.129
0.125
0.122
0.121
0.122
0.125
0.13
0.14
0.149
0.153
0.153
0.152
0.149
0.145
0.14
0.135
0.132
0.128
0.121
0.104
0.085
0.063
0.052
0.043
0.036
0.033
0.031
0.029
0.028
0.028
0.032
0.032
0.029
0.026
0.029
0.034
0.038
0.038
0.04
0.04
0.043
0.043
0.045
0.048
0.05
0.049
0.049
0.05
0.049
0.045
0.044
0.046
0.05
0.049
0.043
0.033
0.02
0.01
0.003
-0.001
-0.005
-0.007
-0.006
-0.004
-0.006
-0.012
-0.021
-0.027
-0.031
-0.035
-0.039
-0.043
-0.046
-0.05
-0.053
-0.055
-0.056
-0.058
-0.059
-0.06
-0.061
-0.062
-0.064
-0.066
-0.069
-0.073
-0.076
-0.077
-0.079
-0.084
-0.091
-0.099
-0.105
-0.111
-0.117
-0.12
-0.122
-0.128
-0.136
-0.142
-0.146
-0.148
-0.149
-0.149
-0.147
-0.144
-0.142
-0.138
-0.132
-0.125
-0.118
-0.111
-0.104
-0.098
-0.094
-0.092
-0.091
-0.087
-0.087
-0.088
-0.085
-0.078
-0.066
-0.022
0.039
0.111
0.185
0.254
0.285
0.304
0.315
0.298
0.246
0.184
0.115
0.04
-0.027
-0.07
-0.087
-0.093
-0.089
-0.081
-0.072
-0.069
-0.069
-0.071
-0.073
-0.077
-0.081
-0.082
-0.079
-0.071
-0.06
-0.051
-0.047
-0.047
-0.05
-0.053
-0.054
-0.053
-0.049
-0.046
-0.045
-0.047
-0.047
-0.045
-0.04
-0.031
-0.022
-0.013
-0.005
0.001
0.008
0.015
0.023
0.029
0.033
0.036
0.042
0.054
0.076
0.094
0.107
0.116
0.124
0.134
0.143
0.151
0.157
0.158
0.155
0.153
0.156
0.162
0.167
0.17
0.172
0.172
0.169
0.165
0.161
0.16
0.157
0.153
0.145
0.133
0.112
0.097
0.086
0.083
0.085
0.087
0.086
0.083
0.079
0.074
0.069
0.066
0.064
0.061
0.058
0.054
0.049
0.044
0.038
0.035
0.034
0.036
0.04
0.043
0.046
0.047
0.049
0.053
0.06
0.066
0.075
0.083
0.089
0.095
0.1
0.103
0.105
0.104
0.102
0.1
0.102
0.105
0.108
0.11
0.112
0.117
0.123
0.133
0.15
0.164
0.176
0.184
0.174
0.167
0.154
0.146
0.14
0.134
0.129
0.125
0.121
0.118
0.115
0.112
0.108
0.1
0.079
0.052
0.023
-0.007
-0.038
-0.057
-0.068
-0.075
-0.081
-0.086
-0.09
-0.093
-0.095
-0.097
-0.099
-0.101
-0.103
-0.105
-0.107
-0.11
-0.112
-0.115
-0.118
-0.122
-0.133
-0.159
-0.178
-0.189
-0.198
-0.205
-0.211
-0.22
-0.231
-0.246
-0.258
-0.269
-0.273
-0.271
-0.263
-0.239
-0.2
-0.157
-0.115
-0.085
-0.074
-0.07
-0.072
-0.077
-0.085
-0.093
-0.081
-0.046
-0.004
0.038
0.069
0.079
0.083
0.079
0.069
0.041
0.0
-0.041
-0.07
-0.081
-0.08
-0.068
-0.05
-0.024
-0.01
-0.003
0.0
0.004
0.007
0.01
0.015
0.018
0.021
0.024
0.027
0.031
0.034
0.038
0.042
0.046
0.051
0.057
0.063
0.069
0.075
0.081
0.085
0.088
0.089
0.09
0.091
0.092
0.094
0.096
0.095
0.087
0.075
0.061
0.043
0.032
0.025
0.018
0.013
0.009
0.008
0.009
0.012
0.015
0.018
0.02
0.022
0.024
0.026
0.029
0.031
0.033
0.033
0.032
0.03
0.027
0.024
0.022
0.019
0.017
0.014
0.011
0.008
0.003
-0.001
-0.006
-0.01
-0.011
-0.01
-0.006
-0.001
0.003
0.009
0.016
0.024
0.031
0.037
0.042
0.045
0.048
0.051
0.054
0.056
0.058
0.058
0.057
0.057
0.056
0.055
0.053
0.051
0.047
0.045
0.047
0.051
0.053
0.056
0.057
0.058
0.059
0.06
0.06
0.058
0.055
0.052
0.047
0.041
0.034
0.023
0.012
0.001
-0.006
-0.013
-0.018
-0.023
-0.024
-0.023
-0.019
-0.013
-0.007
-0.001
0.006
0.014
0.02
0.025
0.03
0.035
0.04
0.043
0.041
0.037
0.032
0.028
0.025
0.022
0.02
0.017
0.013
0.01
0.006
0.002
-0.003
-0.011
-0.026
-0.039
-0.056
-0.078
-0.099
-0.12
-0.141
-0.161
-0.176
-0.186
-0.194
-0.202
-0.211
-0.222
-0.237
-0.259
-0.275
-0.284
-0.282
-0.257
-0.222
-0.199
-0.193
-0.189
-0.187
-0.186
-0.185
-0.185
-0.186
-0.186
-0.187
-0.189
-0.19
-0.191
-0.193
-0.195
-0.196
-0.197
-0.197
-0.197
-0.197
-0.196
-0.195
-0.193
-0.19
-0.187
-0.182
-0.175
-0.162
-0.146
-0.129
-0.115
-0.103
-0.092
-0.083
-0.074
-0.064
-0.058
-0.055
-0.052
-0.049
-0.047
-0.044
-0.042
-0.04
-0.039
-0.039
-0.037
-0.035
-0.032
-0.025
-0.013
-0.007
-0.004
-0.001
0.002
0.006
0.01
0.014
0.019
0.022
0.026
0.03
0.033
0.034
0.035
0.036
0.037
0.039
0.041
0.042
0.043
0.044
0.045
0.047
0.049
0.05
0.05
0.049
0.048
0.047
0.046
0.045
0.043
0.041
0.038
0.036
0.034
0.034
0.033
0.032
0.031
0.029
0.027
0.026
0.024
0.021
0.019
0.017
0.016
0.015
0.013
0.011
0.008
-0.001
-0.019
-0.035
-0.052
-0.068
-0.079
-0.094
-0.105
-0.116
-0.121
-0.116
-0.106
-0.1
-0.094
-0.089
-0.083
-0.079
-0.074
-0.07
-0.066
-0.062
-0.058
-0.054
-0.052
-0.05
-0.049
-0.048
-0.046
-0.044
-0.041
-0.039
-0.038
-0.036
-0.033
-0.031
-0.027
-0.022
-0.015
-0.003
0.007
0.016
0.024
0.032
0.041
0.05
0.059
0.068
0.077
0.087
0.099
0.109
0.115
0.119
0.123
0.125
0.127
0.127
0.125
0.121
0.117
0.114
0.112
0.109
0.106
0.103
0.1
0.099
0.099
0.1
0.102
0.104
0.108
0.112
0.117
0.128
0.139
0.152
0.17
0.188
0.2
0.207
0.212
0.216
0.218
0.213
0.203
0.189
0.167
0.157
0.152
0.148
0.145
0.143
0.141
0.14
0.14
0.139
0.139
0.139
0.139
0.14
0.142
0.143
0.144
0.145
0.147
0.149
0.152
0.155
0.16
0.166
0.174
0.19
0.215
0.249
0.286
0.3
0.307
0.311
0.297
0.255
0.21
0.164
0.124
0.101
0.085
0.074
0.07
0.074
0.083
0.099
0.12
0.134
0.144
0.145
0.142
0.14
0.138
0.137
0.137
0.138
0.139
0.141
0.144
0.145
0.147
0.15
0.151
0.151
0.147
0.141
0.136
0.132
0.128
0.124
0.121
0.118
0.116
0.115
0.114
0.113
0.112
0.111
0.109
0.108
0.105
0.101
0.107
0.111
0.114
0.116
0.118
0.119
0.119
0.116
0.112
0.108
0.104
0.099
0.093
0.087
0.084
0.083
0.083
0.082
0.082
0.082
0.081
0.08
0.08
0.083
0.087
0.091
0.095
0.098
0.102
0.107
0.113
0.12
0.127
0.132
0.137
0.141
0.145
0.148
0.15
0.152
0.153
0.154
0.155
0.156
0.158
0.159
0.16
0.164
0.166
0.159
0.146
0.135
0.124
0.113
0.103
0.093
0.084
0.075
0.066
0.059
0.053
0.047
0.042
0.037
0.033
0.028
0.022
0.016
0.009
0.0
-0.013
-0.023
-0.031
-0.038
-0.043
-0.048
-0.054
-0.06
-0.066
-0.072
-0.08
-0.091
-0.1
-0.107
-0.111
-0.113
-0.115
-0.117
-0.119
-0.12
-0.121
-0.121
-0.12
-0.119
-0.118
-0.116
-0.114
-0.111
-0.109
-0.107
-0.105
-0.103
-0.101
-0.1
-0.101
-0.104
-0.109
-0.114
-0.119
-0.123
-0.127
-0.132
-0.136
-0.138
-0.138
-0.134
-0.128
-0.122
-0.116
-0.112
-0.107
-0.103
-0.098
-0.094
-0.09
-0.088
-0.087
-0.086
-0.086
-0.087
-0.087
-0.089
-0.09
-0.092
-0.095
-0.1
-0.085
-0.071
-0.062
-0.055
-0.049
-0.044
-0.039
-0.035
-0.032
-0.029
-0.025
-0.022
-0.018
-0.014
-0.009
-0.005
-0.001
0.004
0.011
0.017
0.021
0.024
0.026
0.029
0.032
0.035
0.038
0.039
0.039
0.036
0.031
0.027
0.022
0.017
0.011
0.009
0.01
0.013
0.016
0.018
0.021
0.023
0.025
0.027
0.028
0.03
0.031
0.031
0.031
0.03
0.028
0.026
0.023
0.019
0.015
0.012
0.008
0.004
0.0
-0.004
-0.009
-0.014
-0.019
-0.022
-0.025
-0.027
-0.029
-0.031
-0.032
-0.033
-0.035
-0.037
-0.039
-0.04
-0.041
-0.041
-0.041
-0.039
-0.036
-0.033
-0.03
-0.027
-0.025
-0.022
-0.02
-0.016
-0.012
-0.007
-0.002
0.001
0.006
0.01
0.015
0.018
0.02
0.021
0.021
0.021
0.022
0.023
0.026
0.028
0.029
0.027
0.021
0.015
0.01
0.004
-0.001
-0.004
-0.005
-0.004
-0.002
0.0
0.002
0.004
0.005
0.005
0.003
0.001
0.0
-0.003
-0.005
-0.002
0.001
0.003
0.006
0.008
0.009
0.006
0.0
-0.011
-0.025
-0.045
-0.06
-0.069
-0.076
-0.081
-0.086
-0.091
-0.096
-0.101
-0.104
-0.106
-0.108
-0.111
-0.113
-0.116
-0.118
-0.12
-0.121
-0.122
-0.122
-0.122
-0.122
-0.121
-0.118
-0.113
-0.109
-0.104
-0.098
-0.091
-0.075
-0.047
-0.008
0.029
0.068
0.081
0.074
0.054
-0.007
-0.084
-0.161
-0.222
-0.252
-0.263
-0.262
-0.25
-0.217
-0.175
-0.149
-0.138
-0.135
-0.132
-0.129
-0.127
-0.126
-0.124
-0.123
-0.122
-0.121
-0.12
-0.12
-0.121
-0.122
-0.123
-0.123
-0.124
-0.123
-0.124
-0.125
-0.125
-0.126
-0.126
-0.125
-0.124
-0.124
-0.123
-0.122
-0.12
-0.118
-0.116
-0.114
-0.112
-0.11
-0.105
-0.092
-0.08
-0.068
-0.06
-0.055
-0.05
-0.045
-0.041
-0.036
-0.033
-0.03
-0.028
-0.024
-0.017
-0.005
0.008
0.02
0.03
0.039
0.049
0.056
0.062
0.068
0.074
0.08
0.087
0.093
0.101
0.108
0.116
0.122
0.127
0.13
0.133
0.135
0.138
0.14
0.143
0.148
0.153
0.158
0.164
0.17
0.177
0.185
0.194
0.201
0.204
0.205
0.206
0.207
0.207
0.207
0.206
0.205
0.205
0.205
0.205
0.206
0.207
0.208
0.208
0.209
0.209
0.209
0.21
0.21
0.21
0.21
0.211
0.211
0.213
0.217
0.221
0.225
0.226
0.225
0.222
0.218
0.214
0.209
0.205
0.202
0.206
0.214
0.225
0.236
0.249
0.261
0.27
0.278
0.286
0.293
0.299
0.306
0.313
0.321
0.327
0.33
0.332
0.335
0.337
0.339
0.341
0.343
0.345
0.347
0.349
0.351
0.351
0.35
0.348
0.346
0.343
0.34
0.337
0.334
0.331
0.328
0.326
0.324
0.322
0.32
0.318
0.315
0.312
0.309
0.305
0.302
0.299
0.295
0.29
0.284
0.271
0.242
0.222
0.212
0.202
0.192
0.183
0.17
0.152
0.134
0.115
0.097
0.079
0.065
0.056
0.048
0.041
0.034
0.028
0.021
0.015
0.008
0.0
-0.009
-0.019
-0.031
-0.046
-0.059
-0.071
-0.084
-0.097
-0.101
-0.102
-0.103
-0.104
-0.105
-0.106
-0.107
-0.108
-0.109
-0.11
-0.111
-0.112
-0.112
-0.111
-0.109
-0.107
-0.105
-0.104
-0.101
-0.099
-0.097
-0.095
-0.094
-0.093
-0.092
-0.091
-0.09
-0.088
-0.087
-0.086
-0.084
-0.083
-0.08
-0.078
-0.075
-0.073
-0.071
-0.069
-0.068
-0.067
-0.066
-0.066
-0.066
-0.065
-0.065
-0.063
-0.061
-0.056
-0.051
-0.048
-0.047
-0.049
-0.052
-0.055
-0.058
-0.062
-0.066
-0.068
-0.063
-0.052
-0.042
-0.037
-0.033
-0.029
-0.026
-0.022
-0.019
-0.016
-0.012
-0.009
-0.007
-0.005
-0.003
-0.001
0.0
0.001
0.001
0.001
0.001
0.0
0.0
-0.001
-0.002
-0.004
-0.007
-0.009
-0.012
-0.014
-0.016
-0.018
-0.02
-0.023
-0.025
-0.027
-0.029
-0.03
-0.033
-0.036
-0.04
-0.044
-0.047
-0.05
-0.052
-0.054
-0.056
-0.058
-0.06
-0.063
-0.065
-0.068
-0.072
-0.077
-0.083
-0.089
-0.097
-0.106
-0.114
-0.119
-0.124
-0.128
-0.132
-0.135
-0.137
-0.139
-0.141
-0.142
-0.143
-0.142
-0.141
-0.138
-0.135
-0.131
-0.127
-0.122
-0.116
-0.108
-0.094
-0.081
-0.071
-0.055
-0.032
-0.009
0.016
0.04
0.056
0.063
0.068
0.073
0.073
0.055
0.005
-0.058
-0.13
-0.184
-0.201
-0.19
-0.157
-0.098
-0.078
-0.073
-0.07
-0.068
-0.066
-0.063
-0.059
-0.055
-0.051
-0.048
-0.046
-0.044
-0.043
-0.044
-0.046
-0.048
-0.05
-0.053
-0.056
-0.06
-0.063
-0.067
-0.071
-0.075
-0.077
-0.079
-0.08
-0.08
-0.08
-0.079
-0.079
-0.078
-0.077
-0.076
-0.075
-0.073
-0.071
-0.069
-0.068
-0.069
-0.072
-0.076
-0.081
-0.084
-0.087
-0.09
-0.093
-0.095
-0.097
-0.098
-0.098
-0.099
-0.099
-0.1
-0.1
-0.101
-0.101
-0.101
-0.102
-0.103
-0.105
-0.106
-0.107
-0.108
-0.109
-0.11
-0.111
-0.112
-0.112
-0.113
-0.115
-0.116
-0.118
-0.12
-0.123
-0.126
-0.13
-0.134
-0.139
-0.144
-0.148
-0.152
-0.156
-0.161
-0.168
-0.178
-0.199
-0.222
-0.246
-0.269
-0.296
-0.319
-0.338
-0.357
-0.377
-0.394
-0.41
-0.424
-0.435
-0.446
-0.458
-0.471
-0.487
-0.505
-0.519
-0.532
-0.542
-0.549
-0.554
-0.558
-0.561
-0.565
-0.569
-0.572
-0.573
-0.573
-0.57
-0.564
-0.557
-0.548
-0.538
-0.521
-0.503
-0.485
-0.469
-0.457
-0.445
-0.434
-0.425
-0.415
-0.404
-0.393
-0.382
-0.374
-0.366
-0.36
-0.354
-0.348
-0.345
-0.343
-0.345
-0.35
-0.358
-0.37
-0.391
-0.425
-0.458
-0.494
-0.534
-0.576
-0.62
-0.664
-0.71
-0.738
-0.75
-0.757
-0.734
-0.666
-0.605
-0.587
-0.577
-0.57
-0.564
-0.559
-0.554
-0.545
-0.53
-0.507
-0.488
-0.471
-0.457
-0.444
-0.433
-0.424
-0.413
-0.401
-0.388
-0.37
-0.347
-0.323
-0.305
-0.291
-0.279
-0.269
-0.261
-0.253
-0.247
-0.241
-0.234
-0.225
-0.215
-0.204
-0.189
-0.17
-0.153
-0.136
-0.125
-0.116
-0.109
-0.101
-0.093
-0.085
-0.078
-0.069
-0.058
-0.041
-0.029
-0.018
-0.014
-0.011
-0.008
-0.006
-0.004
-0.002
-0.001
0.0
0.002
0.004
0.006
0.008
0.01
0.012
0.015
0.017
0.02
0.023
0.027
0.032
0.036
0.041
0.046
0.051
0.054
0.057
0.059
0.058
0.057
0.056
0.055
0.054
0.053
0.051
0.05
0.047
0.043
0.041
0.045
0.056
0.068
0.075
0.082
0.088
0.095
0.101
0.107
0.112
0.115
0.118
0.12
0.121
0.123
0.124
0.125
0.125
0.126
0.127
0.128
0.13
0.131
0.132
0.132
0.132
0.131
0.13
0.129
0.127
0.125
0.123
0.122
0.121
0.121
0.12
0.12
0.119
0.118
0.118
0.117
0.116
0.114
0.112
0.11
0.109
0.108
0.107
0.106
0.104
0.102
0.1
0.098
0.096
0.093
0.09
0.087
0.084
0.084
0.085
0.089
0.094
0.099
0.105
0.111
0.116
0.122
0.129
0.134
0.138
0.139
0.138
0.135
0.131
0.125
0.119
0.113
0.104
0.095
0.089
0.085
0.082
0.08
0.079
0.078
0.077
0.076
0.075
0.073
0.072
0.069
0.067
0.065
0.063
0.061
0.06
0.058
0.054
0.05
0.04
0.022
0.018
0.015
0.012
0.009
0.009
0.014
0.024
0.041
0.063
0.072
0.078
0.082
0.084
0.081
0.074
0.063
0.042
0.01
-0.039
-0.094
-0.112
-0.122
-0.118
-0.075
-0.023
0.0
0.01
0.018
0.023
0.023
0.015
0.006
0.003
0.0
-0.003
-0.006
-0.01
-0.013
-0.017
-0.02
-0.022
-0.023
-0.024
-0.023
-0.022
-0.019
-0.017
-0.014
-0.013
-0.011
-0.011
-0.01
-0.009
-0.009
-0.008
-0.007
-0.005
-0.002
0.0
0.0
-0.001
-0.004
-0.007
-0.011
-0.013
-0.017
-0.021
-0.024
-0.026
-0.025
-0.022
-0.017
-0.011
-0.006
-0.003
0.0
0.002
0.004
0.006
0.008
0.011
0.015
0.019
0.023
0.026
0.028
0.031
0.034
0.037
0.04
0.042
0.044
0.046
0.049
0.053
0.058
0.062
0.064
0.066
0.066
0.067
0.066
0.065
0.063
0.059
0.053
0.047
0.037
0.011
-0.004
-0.013
-0.019
-0.023
-0.026
-0.029
-0.031
-0.034
-0.036
-0.038
-0.041
-0.044
-0.049
-0.056
-0.064
-0.071
-0.077
-0.083
-0.089
-0.095
-0.099
-0.1
-0.1
-0.098
-0.096
-0.094
-0.091
-0.089
-0.083
-0.079
-0.079
-0.085
-0.093
-0.101
-0.108
-0.115
-0.117
-0.118
-0.119
-0.121
-0.123
-0.124
-0.121
-0.116
-0.113
-0.112
-0.111
-0.111
-0.111
-0.111
-0.11
-0.108
-0.106
-0.104
-0.101
-0.098
-0.095
-0.092
-0.089
-0.085
-0.081
-0.077
-0.074
-0.07
-0.065
-0.061
-0.056
-0.051
-0.048
-0.045
-0.043
-0.041
-0.039
-0.037
-0.034
-0.028
-0.01
0.01
0.025
0.037
0.046
0.054
0.062
0.072
0.079
0.085
0.091
0.096
0.102
0.108
0.114
0.122
0.131
0.139
0.144
0.147
0.15
0.152
0.155
0.157
0.159
0.161
0.163
0.164
0.166
0.167
0.169
0.17
0.171
0.172
0.174
0.176
0.178
0.181
0.185
0.188
0.191
0.194
0.197
0.2
0.203
0.211
0.227
0.235
0.239
0.241
0.244
0.246
0.249
0.252
0.255
0.258
0.26
0.262
0.264
0.266
0.269
0.272
0.278
0.285
0.29
0.291
0.292
0.293
0.294
0.294
0.295
0.294
0.294
0.293
0.292
0.292
0.293
0.293
0.294
0.296
0.298
0.299
0.295
0.29
0.286
0.283
0.28
0.277
0.274
0.271
0.267
0.263
0.258
0.252
0.241
0.217
0.202
0.194
0.187
0.182
0.179
0.176
0.174
0.172
0.169
0.165
0.16
0.154
0.148
0.142
0.137
0.131
0.127
0.125
0.124
0.123
0.121
0.118
0.115
0.113
0.115
0.12
0.126
0.13
0.134
0.138
0.141
0.143
0.141
0.135
0.127
0.119
0.114
0.109
0.104
0.098
0.094
0.089
0.085
0.082
0.079
0.077
0.075
0.072
0.07
0.068
0.064
0.056
0.047
0.037
0.02
-0.003
-0.02
-0.033
-0.034
-0.026
-0.004
0.041
0.099
0.16
0.174
0.177
