0.094
0.046
0.005
-0.031
-0.055
-0.065
-0.071
-0.088
-0.11
-0.112
-0.097
-0.065
-0.039
-0.03
-0.025
-0.021
-0.019
-0.015
-0.01
-0.011
-0.02
-0.026
-0.031
-0.035
-0.039
-0.043
-0.048
-0.065
-0.087
-0.101
-0.11
-0.116
-0.122
-0.128
-0.147
-0.174
-0.185
-0.194
-0.192
-0.168
-0.142
-0.127
-0.112
-0.1
-0.085
-0.062
-0.035
-0.008
0.001
0.007
0.004
-0.007
-0.018
-0.031
-0.045
-0.054
-0.06
-0.064
-0.068
-0.072
-0.087
-0.133
-0.188
-0.232
-0.238
-0.227
-0.21
-0.205
-0.2
-0.194
-0.177
-0.123
-0.051
0.012
0.032
0.039
0.03
0.022
0.014
0.011
0.012
0.016
0.021
0.018
0.001
-0.012
-0.02
-0.024
-0.027
-0.028
-0.029
-0.027
-0.025
-0.021
-0.016
-0.009
0.0
0.008
0.014
0.02
0.027
0.039
0.074
0.121
0.163
0.189
0.19
0.169
0.132
0.12
0.124
0.13
0.128
0.101
0.055
0.038
0.032
0.031
0.034
0.039
0.033
-0.009
-0.045
-0.057
-0.048
-0.021
0.002
0.011
0.017
0.019
0.029
0.053
0.081
0.091
0.092
0.087
0.083
0.078
0.074
0.069
0.054
0.02
-0.012
-0.035
-0.043
-0.047
-0.052
-0.055
-0.058
-0.063
-0.065
-0.061
-0.052
-0.037
-0.021
-0.011
-0.004
0.0
0.011
0.041
0.079
0.119
0.156
0.173
0.179
0.183
0.186
0.19
0.194
0.186
0.172
0.159
0.141
0.098
0.031
-0.051
-0.126
-0.151
-0.1
-0.033
-0.004
-0.007
-0.05
-0.088
-0.088
-0.052
0.009
0.067
0.106
0.125
0.132
0.134
0.132
0.127
0.122
0.118
0.113
0.105
0.081
0.055
0.031
0.015
0.006
0.001
-0.002
-0.004
-0.004
-0.001
0.002
0.009
0.021
0.036
0.054
0.075
0.097
0.12
0.137
0.157
0.169
0.178
0.177
0.153
0.116
0.094
0.086
0.081
0.076
0.069
0.056
0.033
0.011
0.004
0.0
-0.003
-0.006
-0.019
-0.042
-0.051
-0.051
-0.043
-0.021
0.007
0.018
0.024
0.029
0.039
0.066
0.109
0.151
0.182
0.192
0.18
0.164
0.152
0.156
0.16
0.164
0.152
0.117
0.082
0.064
0.057
0.068
0.078
0.085
0.092
0.099
0.108
0.138
0.198
0.273
0.345
0.413
0.485
0.563
0.64
0.702
0.731
0.733
0.71
0.657
0.598
0.533
0.436
0.327
0.245
0.21
0.215
0.276
0.362
0.396
0.388
0.312
0.211
0.124
0.071
0.046
0.03
0.001
-0.03
-0.05
-0.057
-0.058
-0.053
-0.044
-0.033
-0.014
0.022
0.058
0.075
0.074
0.052
0.018
0.007
0.012
0.02
0.02
0.004
-0.034
-0.05
-0.055
-0.058
-0.062
-0.065
-0.079
-0.135
-0.166
-0.167
-0.14
-0.107
-0.07
-0.046
-0.034
-0.019
0.001
0.032
0.062
0.065
0.051
0.02
0.011
0.005
0.0
-0.004
-0.01
-0.034
-0.066
-0.091
-0.099
-0.106
-0.11
-0.125
-0.16
-0.197
-0.21
-0.215
-0.203
-0.182
-0.164
-0.151
-0.139
-0.122
-0.095
-0.064
-0.039
-0.028
-0.024
-0.021
-0.019
-0.021
-0.027
-0.044
-0.072
-0.087
-0.092
-0.095
-0.096
-0.096
-0.095
-0.092
-0.087
-0.08
-0.065
-0.05
-0.037
-0.029
-0.022
-0.014
0.005
0.029
0.052
0.065
0.075
0.082
0.081
0.073
0.061
0.048
0.029
0.006
-0.018
-0.031
-0.044
-0.059
-0.076
-0.088
-0.095
-0.099
-0.098
-0.092
-0.076
-0.053
-0.04
-0.025
-0.009
0.016
0.04
0.049
0.049
0.044
0.029
0.004
-0.017
-0.024
-0.031
-0.038
-0.045
-0.052
-0.055
-0.053
-0.049
-0.047
-0.046
-0.044
-0.043
-0.042
-0.041
-0.04
-0.039
-0.037
-0.036
-0.034
-0.032
-0.031
-0.029
-0.028
-0.026
-0.024
-0.021
-0.019
-0.018
-0.016
-0.015
-0.014
-0.013
-0.011
-0.01
-0.006
-0.001
0.006
0.03
0.05
0.056
0.051
0.034
0.013
0.008
0.004
-0.001
-0.008
-0.015
-0.027
-0.039
-0.032
-0.011
0.002
0.005
0.007
0.01
0.013
0.016
0.018
0.019
0.021
0.024
0.025
0.027
0.029
0.03
0.031
0.033
0.036
0.04
0.045
0.051
0.06
0.07
0.081
0.086
0.089
0.091
0.093
0.095
0.096
0.096
0.095
0.093
0.09
0.087
0.084
0.082
0.078
0.075
0.073
0.071
0.07
0.069
0.068
0.067
0.067
0.066
0.066
0.066
0.066
0.066
0.067
0.068
0.069
0.071
0.073
0.075
0.076
0.077
0.078
0.079
0.08
0.081
0.081
0.081
0.08
0.079
0.077
0.075
0.073
0.069
0.067
0.07
0.075
0.079
0.082
0.085
0.088
0.091
0.095
0.101
0.108
0.12
0.131
0.145
0.162
0.188
0.218
0.25
0.282
0.315
0.352
0.395
0.443
0.494
0.543
0.589
0.629
0.661
0.671
0.662
0.637
0.565
0.471
0.372
0.288
0.245
0.231
0.239
0.266
0.297
0.307
0.302
0.29
0.253
0.208
0.161
0.12
0.085
0.056
0.028
0.001
-0.024
-0.04
-0.055
-0.065
-0.073
-0.078
-0.081
-0.083
-0.084
-0.086
-0.087
-0.089
-0.09
-0.091
-0.092
-0.094
-0.096
-0.097
-0.097
-0.095
-0.092
-0.089
-0.087
-0.085
-0.083
-0.081
-0.081
-0.082
-0.085
-0.089
-0.093
-0.098
-0.102
-0.102
-0.097
-0.091
-0.086
-0.08
-0.076
-0.075
-0.073
-0.071
-0.069
-0.068
-0.068
-0.071
-0.074
-0.075
-0.077
-0.078
-0.079
-0.08
-0.081
-0.082
-0.081
-0.08
-0.078
-0.075
-0.072
-0.069
-0.066
-0.062
-0.058
-0.053
-0.048
-0.043
-0.036
-0.028
-0.02
-0.015
-0.009
-0.003
0.005
0.014
0.02
0.023
0.027
0.029
0.032
0.035
0.037
0.04
0.043
0.046
0.049
0.05
0.05
0.048
0.046
0.045
0.044
0.042
0.041
0.039
0.037
0.035
0.033
0.031
0.029
0.027
0.024
0.021
0.018
0.015
0.012
0.008
0.005
0.003
0.0
-0.001
-0.003
-0.004
-0.005
-0.005
-0.005
-0.006
-0.006
-0.006
-0.007
-0.007
-0.007
-0.008
-0.01
-0.011
-0.012
-0.012
-0.013
-0.014
-0.015
-0.017
-0.018
-0.02
-0.022
-0.024
-0.031
-0.037
-0.037
-0.033
-0.028
-0.024
-0.021
-0.018
-0.016
-0.015
-0.014
-0.015
-0.016
-0.017
-0.018
-0.019
-0.02
-0.022
-0.024
-0.026
-0.027
-0.026
-0.021
-0.014
-0.007
0.002
0.018
0.02
0.012
-0.001
-0.01
-0.012
-0.014
-0.016
-0.019
-0.022
-0.027
-0.032
-0.02
-0.005
0.006
0.006
-0.004
-0.012
-0.019
-0.025
-0.025
-0.021
-0.015
-0.009
-0.002
0.003
0.01
0.014
0.016
0.018
0.02
0.022
0.024
0.026
0.027
0.029
0.031
0.032
0.034
0.035
0.035
0.036
0.036
0.037
0.037
0.038
0.04
0.041
0.043
0.044
0.045
0.046
0.046
0.046
0.046
0.045
0.044
0.043
0.042
0.04
0.039
0.038
0.037
0.036
0.034
0.034
0.033
0.032
0.032
0.031
0.03
0.029
0.029
0.03
0.031
0.032
0.033
0.033
0.034
0.035
0.035
0.036
0.036
0.036
0.036
0.037
0.037
0.038
0.039
0.04
0.04
0.041
0.042
0.043
0.044
0.046
0.049
0.054
0.067
0.078
0.094
0.113
0.143
0.177
0.212
0.245
0.276
0.304
0.334
0.353
0.373
0.39
0.403
0.412
0.415
0.42
0.414
0.375
0.302
0.211
0.124
0.068
0.061
0.08
0.145
0.222
0.291
0.327
0.329
0.304
0.243
0.168
0.095
0.036
-0.002
-0.021
-0.031
-0.035
-0.039
-0.042
-0.047
-0.051
-0.055
-0.057
