-0.104
-0.097
-0.087
-0.104
-0.114
-0.12
-0.125
-0.13
-0.134
-0.136
-0.137
-0.137
-0.138
-0.137
-0.136
-0.133
-0.129
-0.125
-0.12
-0.116
-0.113
-0.11
-0.105
-0.099
-0.093
-0.09
-0.09
-0.092
-0.097
-0.101
-0.105
-0.108
-0.111
-0.115
-0.119
-0.123
-0.126
-0.127
-0.126
-0.123
-0.12
-0.115
-0.111
-0.105
-0.099
-0.089
-0.078
-0.069
-0.06
-0.051
-0.039
-0.032
-0.033
-0.036
-0.038
-0.04
-0.043
-0.045
-0.045
-0.045
-0.045
-0.045
-0.044
-0.042
-0.038
-0.034
-0.029
-0.025
-0.022
-0.019
-0.016
-0.013
-0.011
-0.009
-0.007
-0.004
-0.002
0.0
0.004
0.008
0.012
0.015
0.018
0.021
0.022
0.024
0.025
0.026
0.028
0.03
0.033
0.036
0.039
0.042
0.044
0.046
0.047
0.048
0.048
0.049
0.05
0.051
0.051
0.052
0.053
0.053
0.054
0.053
0.053
0.052
0.052
0.052
0.052
0.054
0.055
0.056
0.056
0.056
0.056
0.056
0.056
0.055
0.055
0.054
0.053
0.051
0.049
0.048
0.047
0.046
0.046
0.044
0.043
0.044
0.052
0.065
0.085
0.114
0.128
0.134
0.14
0.144
0.148
0.15
0.151
0.149
0.145
0.14
0.134
0.129
0.124
0.118
0.113
0.107
0.101
0.096
0.09
0.084
0.077
0.066
0.044
0.002
-0.068
-0.156
-0.254
-0.35
-0.429
-0.467
-0.465
-0.412
-0.298
-0.159
-0.029
0.066
0.109
0.12
0.127
0.133
0.142
0.151
0.16
0.169
0.177
0.186
0.195
0.202
0.204
0.202
0.197
0.191
0.183
0.166
0.142
0.132
0.126
0.121
0.119
0.119
0.124
0.132
0.139
0.144
0.148
0.153
0.157
0.16
0.163
0.165
0.163
0.16
0.156
0.151
0.148
0.145
0.143
0.14
0.137
0.135
0.132
0.13
0.128
0.125
0.122
0.118
0.115
0.113
0.112
0.112
0.111
0.109
0.106
0.103
0.099
0.095
0.091
0.085
0.079
0.073
0.068
0.064
0.061
0.057
0.052
0.042
0.024
0.007
-0.012
-0.043
-0.07
-0.087
-0.101
-0.113
-0.128
-0.144
-0.155
-0.16
-0.163
-0.166
-0.168
-0.17
-0.171
-0.173
-0.174
-0.175
-0.176
-0.176
-0.175
-0.174
-0.171
-0.169
-0.165
-0.161
-0.156
-0.151
-0.147
-0.144
-0.141
-0.136
-0.127
-0.116
-0.108
-0.108
-0.112
-0.118
-0.123
-0.127
-0.131
-0.136
-0.141
-0.144
-0.144
-0.142
-0.138
-0.133
-0.128
-0.122
-0.112
-0.106
-0.112
-0.126
-0.135
-0.144
-0.152
-0.161
-0.17
-0.177
-0.188
-0.204
-0.228
-0.249
-0.271
-0.291
-0.3
-0.306
-0.312
-0.316
-0.309
-0.288
-0.226
-0.157
-0.13
-0.115
-0.105
-0.129
-0.162
-0.187
-0.189
-0.19
-0.192
-0.193
-0.185
-0.169
-0.157
-0.147
-0.137
-0.127
-0.119
-0.111
-0.098
-0.08
-0.062
-0.054
-0.05
-0.046
-0.042
-0.039
-0.035
-0.033
-0.03
-0.029
-0.027
-0.026
-0.026
-0.026
-0.027
-0.028
-0.03
-0.032
-0.033
-0.032
-0.031
-0.03
-0.028
-0.027
-0.025
-0.024
-0.023
-0.022
-0.021
-0.021
-0.022
-0.022
-0.022
-0.022
-0.022
-0.022
-0.022
-0.023
-0.024
-0.025
-0.026
-0.027
-0.028
-0.03
-0.032
-0.034
-0.036
-0.039
-0.042
-0.046
-0.051
-0.057
-0.062
-0.066
-0.071
-0.076
-0.081
-0.086
-0.091
-0.094
-0.098
-0.102
-0.108
-0.113
-0.117
-0.119
-0.119
-0.118
-0.116
-0.114
-0.112
-0.109
-0.105
-0.099
-0.092
-0.081
-0.065
-0.038
-0.023
-0.016
-0.011
-0.006
-0.003
0.0
0.004
0.007
0.009
0.012
0.016
0.026
0.052
0.066
0.07
0.073
0.076
0.078
0.08
0.081
0.083
0.084
0.086
0.087
0.088
0.089
0.089
0.089
0.089
0.089
0.089
0.089
0.09
0.091
0.092
0.093
0.094
0.095
0.095
0.095
0.095
0.096
0.097
0.097
0.1
0.107
0.105
0.09
0.08
0.073
0.067
0.062
0.061
0.062
0.065
0.069
0.072
0.076
0.081
0.085
0.086
0.082
0.074
0.066
0.061
0.056
0.052
0.048
0.045
0.043
0.044
0.047
0.052
0.056
0.061
0.065
0.069
0.075
0.08
0.083
0.083
0.08
0.075
0.07
0.065
0.062
0.058
0.053
0.048
0.044
0.043
0.042
0.044
0.047
0.05
0.055
0.061
0.07
0.086
0.092
0.093
0.095
0.098
0.086
0.078
0.074
0.07
0.067
0.066
0.066
0.068
0.072
0.075
0.079
0.082
0.087
0.091
0.095
0.097
0.095
0.09
0.084
0.078
0.075
0.072
0.07
0.067
0.065
0.063
0.062
0.061
0.059
0.057
0.055
0.053
0.051
0.049
0.047
0.045
0.043
0.042
0.039
0.036
0.031
0.021
0.002
0.001
0.0
-0.001
-0.002
0.004
0.015
0.023
0.03
0.037
0.041
0.043
0.041
0.036
0.031
0.026
0.022
0.017
0.013
0.008
0.005
0.003
0.001
0.0
-0.001
-0.001
0.0
0.004
0.008
0.013
0.016
0.019
0.022
0.027
0.034
0.039
0.042
0.041
0.038
0.034
0.032
0.031
0.029
0.027
0.024
0.022
0.02
0.018
0.017
0.015
0.014
0.013
0.014
0.015
0.016
0.018
0.019
0.02
0.022
0.024
0.026
0.028
0.031
0.039
0.044
0.041
0.035
0.032
0.029
0.026
0.024
0.024
0.024
0.026
0.029
0.033
0.037
0.042
0.05
0.058
0.059
0.053
0.043
0.03
0.014
0.006
0.002
0.0
-0.004
-0.007
-0.01
-0.01
-0.008
-0.005
-0.001
0.002
0.006
0.01
0.015
0.022
0.033
0.043
0.048
0.053
0.057
0.061
0.065
0.069
0.071
0.074
0.076
0.078
0.08
0.082
0.084
0.085
0.087
0.091
0.094
0.096
0.093
0.086
0.074
0.037
-0.006
-0.06
-0.125
-0.197
-0.279
-0.363
-0.425
-0.432
-0.405
-0.306
-0.174
-0.033
0.084
0.148
0.169
0.153
0.128
0.109
0.103
0.101
0.099
0.097
0.096
0.096
0.098
0.101
0.105
0.11
0.116
0.126
0.134
0.134
0.126
0.116
0.11
0.105
0.102
0.099
0.097
0.096
0.095
0.096
0.097
0.1
0.103
0.107
0.111
0.114
0.118
0.123
0.127
0.13
0.132
0.132
0.13
0.125
0.12
0.115
0.111
0.108
0.104
0.1
0.096
0.093
0.089
0.087
0.084
0.081
0.079
0.077
0.075
0.073
0.07
0.067
0.062
0.056
0.049
0.042
0.033
0.02
0.001
-0.012
-0.023
-0.031
-0.039
-0.048
-0.059
-0.08
-0.107
-0.126
-0.141
-0.156
-0.165
-0.17
-0.175
-0.179
-0.184
-0.189
-0.192
-0.195
-0.2
-0.206
-0.219
-0.238
-0.242
-0.244
-0.245
-0.246
-0.246
-0.247
-0.247
-0.246
-0.242
-0.238
-0.235
-0.231
-0.228
-0.225
-0.222
-0.22
-0.218
-0.217
-0.215
-0.212
-0.208
-0.205
-0.201
-0.198
-0.194
-0.19
-0.185
-0.18
-0.176
-0.169
-0.162
-0.156
-0.151
-0.146
-0.143
-0.14
-0.138
-0.136
-0.133
-0.131
-0.13
-0.13
-0.13
-0.13
-0.129
-0.128
-0.126
-0.125
-0.124
-0.122
-0.12
-0.117
-0.113
-0.109
-0.106
-0.104
-0.101
-0.097
-0.093
-0.088
-0.083
-0.078
-0.073
-0.068
-0.064
-0.06
-0.056
-0.053
-0.049
-0.046
-0.043
-0.04
-0.037
-0.034
-0.03
-0.027
-0.023
-0.02
-0.017
-0.014
-0.011
-0.008
-0.002
0.01
0.016
0.019
0.021
0.022
0.023
0.024
0.025
0.026
0.025
0.021
0.015
0.008
0.001
-0.004
-0.011
-0.018
-0.025
-0.03
-0.031
-0.027
-0.022
-0.015
-0.009
-0.003
0.004
0.013
0.018
0.018
0.013
0.008
0.003
-0.002
-0.006
-0.009
-0.009
-0.007
-0.002
0.004
0.012
0.021
0.034
0.046
0.057
0.067
0.074
0.08
0.086
0.092
0.096
0.098
0.097
0.093
0.087
0.08
0.074
0.067
0.06
0.05
0.04
0.031
0.022
0.009
-0.015
-0.056
-0.126
-0.211
-0.306
-0.396
-0.441
-0.456
-0.428
-0.346
-0.228
-0.11
-0.012
0.052
0.084
0.103
0.115
0.123
0.13
0.135
0.139
0.143
0.146
0.147
0.147
0.144
0.141
0.138
0.137
0.135
0.133
0.13
0.128
0.126
0.127
0.129
0.134
0.14
0.145
0.149
0.153
0.158
0.162
0.165
0.167
0.166
0.163
0.158
0.152
0.146
0.14
0.135
0.131
0.128
0.126
0.123
0.122
0.12
0.118
0.116
0.114
0.112
0.11
0.109
0.107
0.106
0.105
0.104
0.103
0.103
0.103
0.102
0.1
0.098
0.094
0.091
0.085
0.075
0.062
0.047
0.031
0.017
0.006
-0.004
-0.014
-0.023
-0.031
-0.039
-0.046
-0.053
-0.061
-0.069
-0.078
-0.087
-0.096
-0.104
-0.112
-0.12
-0.127
-0.133
-0.138
-0.141
-0.143
-0.146
-0.15
-0.155
-0.16
-0.163
-0.162
-0.156
-0.147
-0.135
-0.119
-0.094
-0.083
-0.075
-0.069
-0.065
-0.063
-0.065
-0.071
-0.077
-0.08
-0.083
-0.086
-0.088
-0.09
-0.091
-0.094
-0.096
-0.098
-0.1
-0.101
-0.101
-0.1
-0.101
-0.101
-0.102
-0.103
-0.103
-0.103
-0.103
-0.103
-0.103
-0.103
-0.102
-0.099
-0.096
-0.093
-0.091
-0.088
-0.086
-0.083
-0.081
-0.078
-0.076
-0.074
-0.072
-0.07
-0.068
-0.065
-0.061
-0.059
-0.056
-0.054
-0.052
-0.05
-0.048
-0.047
-0.046
-0.044
-0.043
-0.041
-0.039
-0.037
-0.034
-0.031
-0.027
-0.024
-0.021
-0.018
-0.016
-0.015
-0.013
-0.012
-0.011
-0.009
-0.007
-0.005
-0.001
0.002
0.006
0.009
0.012
0.013
0.014
0.015
0.016
0.016
0.015
0.014
0.012
0.011
0.01
0.009
0.008
0.007
0.007
0.006
0.007
0.007
0.006
0.005
0.004
0.003
0.002
0.002
0.001
0.0
-0.002
-0.003
-0.002
0.006
0.018
0.028
0.034
0.038
0.042
0.047
0.051
0.055
0.059
0.062
0.065
0.069
0.073
0.076
0.078
0.08
0.082
0.085
0.088
0.093
0.099
0.113
0.124
0.132
0.14
0.148
0.154
0.154
0.145
0.127
0.074
0.0
-0.093
-0.205
-0.325
-0.443
-0.544
-0.589
-0.584
-0.513
-0.368
-0.195
-0.044
0.066
0.14
0.171
0.186
0.197
0.201
0.197
0.19
0.187
0.185
0.184
0.182
0.18
0.178
0.176
0.174
0.172
0.171
0.17
0.17
0.171
0.172
0.175
0.176
0.177
0.177
0.175
0.174
0.173
0.173
0.172
0.171
0.169
0.167
0.166
0.165
0.164
0.163
0.162
0.16
0.158
0.157
0.155
0.154
0.152
0.15
0.148
0.146
0.145
0.144
0.143
0.141
0.139
0.137
0.136
0.135
0.135
0.134
0.133
0.132
0.131
0.13
0.128
0.124
0.12
0.106
0.075
0.055
0.043
0.033
0.02
0.008
0.0
-0.008
-0.015
-0.022
-0.028
-0.033
-0.039
-0.047
-0.059
-0.077
-0.088
-0.097
-0.103
-0.109
-0.118
-0.126
-0.135
-0.145
-0.15
-0.148
-0.145
-0.143
-0.14
-0.137
-0.134
-0.128
-0.121
-0.114
-0.108
-0.102
-0.096
-0.091
-0.089
-0.09
-0.092
-0.095
-0.097
-0.098
-0.1
-0.102
-0.105
-0.109
-0.111
-0.114
-0.116
-0.119
-0.122
-0.125
-0.127
-0.128
-0.129
-0.13
-0.131
-0.133
-0.134
-0.136
-0.138
-0.142
-0.145
-0.149
-0.152
-0.156
-0.16
-0.168
-0.19
-0.217
-0.241
-0.25
-0.255
-0.259
-0.262
-0.264
-0.267
-0.268
-0.268
-0.266
-0.264
-0.259
-0.254
-0.246
-0.215
-0.172
-0.122
-0.074
-0.039
-0.027
-0.027
-0.04
-0.074
-0.12
-0.146
-0.154
-0.139
-0.095
-0.052
-0.037
-0.028
-0.022
-0.014
-0.004
0.011
0.018
0.022
0.026
0.028
0.031
0.033
0.034
0.035
0.036
0.037
0.038
0.039
0.04
0.04
0.039
0.037
0.035
0.033
0.031
0.029
0.027
0.025
0.022
0.019
0.017
0.014
0.012
0.008
0.004
0.0
-0.004
-0.008
-0.01
-0.013
-0.015
-0.017
-0.019
-0.021
-0.023
-0.025
-0.027
-0.03
-0.032
-0.035
-0.038
-0.04
-0.042
-0.045
-0.049
-0.056
-0.068
-0.085
-0.096
-0.103
-0.109
-0.115
-0.122
-0.128
-0.134
-0.138
-0.142
-0.146
-0.15
-0.153
-0.154
-0.155
-0.154
-0.152
-0.15
-0.147
-0.143
-0.135
-0.119
-0.104
-0.087
-0.069
-0.05
-0.034
-0.022
-0.007
0.0
0.003
0.005
0.008
0.01
0.012
0.014
0.017
0.019
0.021
0.023
0.026
0.029
0.033
0.04
0.053
0.065
0.072
0.078
0.082
0.085
0.085
0.081
0.075
0.069
0.063
0.057
0.051
0.046
0.042
0.038
0.033
0.026
0.022
0.025
0.032
0.041
0.051
0.052
0.054
0.055
0.056
0.056
0.056
0.054
0.051
0.049
0.046
0.042
0.04
0.04
0.042
0.045
0.048
0.042
0.037
0.033
0.031
0.029
0.029
0.03
0.032
0.035
0.038
0.042
0.047
0.05
0.046
0.038
0.034
0.03
0.027
0.024
0.022
0.021
0.022
0.022
0.023
0.025
0.026
0.029
0.033
0.037
0.038
0.034
0.028
0.023
0.018
0.014
0.015
0.02
0.025
0.029
0.033
0.037
0.04
0.041
0.039
0.035
0.029
0.02
0.008
0.005
0.002
0.0
0.004
0.007
0.008
0.009
0.01
0.011
0.013
0.015
0.018
0.022
0.027
0.033
0.043
0.043
0.033
0.026
0.019
0.014
0.008
0.004
-0.003
-0.011
-0.005
0.011
0.045
0.056
0.061
0.065
0.056
0.043
0.032
0.02
0.005
-0.005
-0.012
-0.007
0.016
0.033
0.04
0.045
0.049
0.051
0.051
0.048
0.043
0.038
0.032
0.023
0.023
0.031
0.037
0.044
0.047
0.044
0.037
0.03
0.021
0.021
0.031
0.042
0.054
0.059
0.062
0.064
0.066
0.066
0.065
0.062
0.059
0.057
0.054
0.052
0.051
0.05
0.048
0.047
0.047
0.046
0.046
0.047
0.048
0.05
0.051
0.053
0.056
0.059
0.06
0.059
0.057
0.056
0.056
0.055
0.054
0.054
0.053
0.052
0.05
0.048
0.047
0.045
0.043
0.041
0.038
0.033
0.022
0.016
0.011
0.008
0.005
0.003
0.004
0.006
0.008
0.011
0.014
0.02
0.02
0.013
0.006
0.0
0.01
0.022
0.033
0.034
0.029
0.021
0.027
0.044
0.051
0.057
0.063
0.068
0.072
0.076
0.087
0.102
0.111
0.116
0.119
0.12
0.118
0.113
0.105
0.08
0.035
-0.032
-0.122
-0.23
-0.35
-0.473
-0.575
-0.624
-0.593
-0.475
-0.289
-0.085
0.074
0.14
0.162
0.155
0.146
0.139
0.147
0.158
0.166
0.157
0.141
0.128
0.123
0.118
0.116
0.122
0.134
0.144
0.153
0.159
0.159
0.154
0.148
0.144
0.141
0.139
0.136
0.134
0.131
0.129
0.126
0.124
0.121
0.118
0.114
0.108
0.097
0.097
0.107
0.115
0.123
0.128
0.128
0.125
0.119
0.112
0.103
0.091
0.078
0.066
0.061
0.057
0.054
0.055
0.064
0.07
0.074
0.078
0.081
0.082
0.083
0.082
0.08
0.077
0.072
0.066
0.054
0.031
0.007
-0.017
-0.043
-0.066
-0.078
-0.086
-0.091
-0.094
-0.093
-0.091
-0.089
-0.086
-0.083
-0.082
-0.088
-0.099
-0.109
-0.12
-0.13
-0.14
-0.158
-0.189
-0.212
-0.225
-0.234
-0.238
-0.236
-0.23
-0.223
-0.217
-0.21
-0.204
-0.198
-0.194
-0.19
-0.185
-0.181
-0.176
-0.173
-0.17
-0.168
-0.167
-0.163
-0.157
-0.172
-0.189
-0.204
-0.205
-0.193
-0.176
-0.152
-0.127
-0.104
-0.084
-0.072
-0.07
-0.067
-0.064
-0.077
-0.095
-0.11
-0.12
-0.126
-0.131
-0.135
-0.134
-0.128
-0.12
-0.112
-0.103
-0.094
-0.085
-0.077
-0.071
-0.066
-0.06
-0.055
-0.048
-0.043
-0.038
-0.034
-0.03
-0.026
-0.022
-0.019
-0.019
-0.021
-0.025
-0.03
-0.034
-0.038
-0.045
-0.049
-0.045
-0.037
-0.03
-0.025
-0.019
-0.011
-0.002
0.006
0.013
0.021
0.028
0.034
0.037
0.036
0.034
0.03
0.025
0.016
0.003
-0.002
-0.008
-0.011
-0.013
-0.012
-0.01
-0.009
-0.008
-0.007
-0.007
-0.006
-0.005
-0.004
-0.002
0.0
0.001
0.004
0.006
0.01
0.013
0.019
0.03
0.04
0.05
0.058
0.065
0.071
0.077
0.082
0.087
0.09
0.093
0.095
0.097
0.099
0.1
0.102
0.103
0.103
0.104
0.105
0.105
0.107
0.112
0.099
0.062
0.005
-0.08
-0.196
-0.332
-0.472
-0.585
-0.627
-0.617
-0.529
-0.372
-0.193
-0.029
0.088
0.132
0.145
0.154
0.162
0.168
0.175
0.184
0.188
0.183
0.171
0.161
0.149
0.142
0.146
0.156
0.166
0.176
0.185
0.194
0.201
0.208
0.213
0.214
0.21
0.203
0.196
0.187
0.178
0.17
0.167
0.165
0.164
0.162
0.161
0.16
0.159
0.159
0.158
0.157
0.156
0.155
0.154
0.154
0.153
0.153
0.153
0.152
0.152
0.15
0.149
0.148
0.146
0.144
0.142
0.138
0.135
0.131
0.128
0.125
0.121
0.117
0.112
0.104
0.09
0.075
0.062
0.051
0.04
0.03
0.023
0.019
0.015
0.011
0.006
0.0
-0.007
-0.014
-0.023
-0.034
-0.045
-0.054
-0.063
-0.078
-0.104
-0.119
-0.128
-0.134
-0.139
-0.14
-0.139
-0.134
-0.127
-0.117
-0.107
-0.095
-0.078
-0.065
-0.06
-0.057
-0.054
-0.051
-0.049
-0.047
-0.05
-0.057
-0.066
-0.079
-0.097
-0.108
-0.115
-0.122
-0.127
-0.13
-0.128
-0.12
-0.113
-0.11
-0.108
-0.107
-0.106
-0.104
-0.102
-0.1
-0.098
-0.096
-0.096
-0.096
-0.096
-0.096
-0.096
-0.096
-0.096
-0.096
-0.096
-0.095
-0.093
-0.092
-0.092
-0.092
-0.091
-0.09
-0.089
-0.087
-0.087
-0.087
-0.087
-0.087
-0.085
-0.084
-0.083
-0.083
-0.083
-0.083
-0.083
-0.082
-0.08
-0.078
-0.077
-0.073
-0.069
-0.063
-0.058
-0.05
-0.043
-0.037
-0.034
-0.03
-0.027
-0.024
-0.021
-0.019
-0.017
-0.015
-0.013
-0.011
-0.009
-0.009
-0.009
-0.01
-0.011
-0.013
-0.015
-0.017
-0.02
-0.023
-0.026
-0.028
-0.031
-0.033
-0.035
-0.037
-0.041
-0.044
-0.047
-0.049
-0.05
-0.049
-0.044
-0.037
-0.03
-0.023
-0.016
-0.008
0.0
0.006
0.011
0.016
0.019
0.022
0.025
0.028
0.032
0.035
0.038
0.041
0.044
0.047
0.051
0.055
0.06
0.067
0.078
0.097
0.105
0.114
0.121
0.106
0.061
-0.026
-0.142
-0.273
-0.41
-0.541
-0.65
-0.694
-0.687
-0.606
-0.461
-0.298
-0.156
-0.051
0.019
0.068
0.099
0.131
0.153
0.162
0.167
0.17
0.168
0.16
0.151
0.145
0.14
0.136
0.133
0.13
0.128
0.128
0.129
0.133
0.138
0.143
0.148
0.152
0.156
0.161
0.165
0.169
0.171
0.171
0.17
0.167
0.163
0.159
0.156
0.153
0.149
0.144
0.14
0.137
0.135
0.135
0.136
0.138
0.14
0.142
0.144
0.146
0.148
0.15
0.151
0.153
0.153
0.152
0.148
0.142
0.136
0.129
0.122
0.114
0.105
0.096
0.087
0.079
0.071
0.063
0.055
0.047
0.039
0.032
0.027
0.021
0.015
0.009
0.002
-0.004
-0.012
-0.019
-0.029
-0.05
-0.081
-0.104
-0.119
-0.129
-0.135
-0.14
-0.144
-0.147
-0.144
-0.138
-0.13
-0.124
-0.119
-0.115
-0.111
-0.107
-0.102
-0.097
-0.094
-0.091
-0.088
-0.085
-0.081
-0.078
-0.076
-0.076
-0.079
-0.083
-0.087
-0.091
-0.093
-0.096
-0.101
-0.105
-0.109
-0.111
-0.111
-0.11
-0.109
-0.107
-0.105
-0.102
-0.096
-0.091
-0.095
-0.106
-0.114
-0.123
-0.13
-0.133
-0.129
-0.12
-0.112
-0.108
-0.105
-0.101
-0.098
-0.096
-0.093
-0.091
-0.089
-0.087
-0.084
-0.081
-0.079
-0.077
-0.076
-0.075
-0.073
-0.072
-0.069
-0.067
-0.064
-0.06
-0.053
-0.046
-0.039
-0.034
-0.031
-0.028
-0.027
-0.025
-0.023
-0.022
-0.021
-0.021
-0.021
-0.02
-0.019
-0.017
-0.015
-0.014
-0.012
-0.011
-0.008
-0.006
-0.003
0.0
0.001
0.004
0.009
0.016
0.021
0.025
0.028
0.031
0.035
0.042
0.042
0.029
0.013
-0.002
-0.01
-0.015
-0.019
-0.023
-0.024
-0.022
-0.014
-0.005
0.004
0.017
0.024
0.021
0.015
0.011
0.007
0.004
0.003
0.006
0.013
0.022
0.027
0.032
0.036
0.039
0.043
0.047
0.051
0.055
0.059
0.063
0.066
0.07
0.075
0.079
0.083
0.088
0.092
0.097
0.104
0.113
0.126
0.135
0.14
0.147
0.154
0.143
0.11
0.052
-0.032
-0.141
-0.269
-0.403
-0.522
-0.585
-0.585
-0.523
-0.395
-0.252
-0.125
-0.028
0.039
0.088
0.129
0.173
0.206
0.218
0.218
0.206
0.197
0.19
0.184
0.18
0.18
0.181
0.185
0.188
0.192
0.196
0.2
0.202
0.2
0.195
0.19
0.187
0.183
0.179
0.175
0.172
0.17
0.17
0.171
0.171
0.172
0.172
0.173
0.174
0.177
0.178
0.179
0.177
0.173
0.17
0.167
0.165
0.164
0.162
0.161
0.159
0.158
0.157
0.156
0.154
0.152
0.149
0.146
0.144
0.143
0.141
0.139
0.136
0.129
0.113
0.093
0.083
0.076
0.071
0.066
0.062
0.057
0.053
0.049
0.047
0.043
0.039
0.033
0.019
-0.008
-0.039
-0.068
-0.087
-0.099
-0.11
-0.12
-0.128
-0.135
-0.14
-0.139
-0.131
-0.121
-0.117
-0.115
-0.112
-0.109
-0.107
-0.105
-0.102
-0.1
-0.096
-0.092
-0.088
-0.085
-0.084
-0.083
-0.081
-0.079
-0.076
-0.074
-0.072
-0.07
-0.069
-0.066
-0.063
-0.059
-0.057
-0.056
-0.056
-0.057
-0.057
-0.058
-0.059
-0.061
-0.063
-0.066
-0.07
-0.075
-0.079
-0.079
-0.073
-0.067
-0.063
-0.06
-0.056
-0.053
-0.05
-0.048
-0.047
-0.047
-0.048
-0.05
-0.054
-0.058
-0.064
-0.07
-0.08
-0.099
-0.11
-0.118
-0.124
-0.129
-0.13
-0.129
-0.124
-0.119
-0.114
-0.107
-0.102
-0.103
-0.114
-0.129
-0.15
-0.174
-0.178
-0.18
-0.182
-0.184
-0.184
-0.181
-0.172
-0.162
-0.151
-0.137
-0.124
-0.112
-0.099
-0.085
-0.073
-0.064
-0.054
-0.045
-0.04
-0.042
-0.048
-0.054
-0.061
-0.064
-0.061
-0.053
-0.047
-0.042
-0.039
-0.036
-0.035
-0.036
-0.037
-0.039
-0.041
-0.044
-0.048
-0.05
-0.043
-0.03
-0.022
-0.016
-0.011
-0.006
-0.002
0.0
0.003
0.005
0.007
0.008
0.009
0.01
0.012
0.013
0.015
0.016
0.017
0.015
0.009
0.001
-0.007
-0.018
-0.034
-0.044
-0.049
-0.053
-0.057
-0.06
-0.061
-0.06
-0.053
-0.043
-0.034
-0.026
-0.019
-0.01
-0.004
0.0
0.0
-0.003
-0.008
-0.015
-0.024
-0.037
-0.059
-0.073
-0.087
-0.1
-0.109
-0.114
-0.119
-0.123
-0.125
-0.121
-0.111
-0.1
-0.091
-0.082
-0.073
-0.067
-0.062
-0.057
-0.053
-0.049
-0.046
-0.042
-0.037
-0.03
-0.021
-0.012
-0.001
0.012
0.024
0.033
0.04
0.047
0.052
0.057
0.063
0.069
0.076
0.082
0.089
0.097
0.105
0.108
0.106
0.102
0.098
0.095
0.092
0.088
0.086
0.084
0.083
0.083
0.083
0.084
0.085
0.085
0.085
0.086
0.088
0.089
0.091
0.092
0.093
0.093
0.093
0.091
0.09
0.088
0.086
0.084
0.082
0.08
0.079
0.079
0.079
0.079
0.079
0.08
0.08
0.081
0.082
0.083
0.083
0.083
0.083
0.082
0.082
0.082
0.082
0.082
0.082
0.082
0.081
0.08
0.079
0.079
0.078
0.078
0.077
0.077
0.076
0.076
0.075
0.074
0.073
0.072
0.071
0.07
0.068
0.067
0.065
0.063
0.062
0.06
0.059
0.058
0.056
0.055
0.053
0.051
0.049
0.046
0.043
0.04
0.036
0.033
0.029
0.026
0.024
0.022
0.02
0.019
0.018
0.018
0.018
0.017
0.016
0.015
0.014
0.013
0.012
0.011
0.011
0.01
0.008
0.006
0.002
-0.009
-0.017
-0.021
-0.026
-0.03
-0.03
-0.025
-0.019
-0.015
-0.013
-0.01
-0.008
-0.005
-0.003
0.0
0.004
0.008
0.013
0.017
0.021
0.025
0.029
0.033
0.037
0.042
0.046
0.049
0.052
0.054
0.057
0.058
0.06
0.06
0.061
0.062
0.063
0.064
0.065
0.066
0.065
0.065
0.064
0.064
0.064
0.064
0.064
0.065
0.066
0.066
0.067
0.068
0.069
0.07
0.072
0.074
0.075
0.077
0.078
0.079
0.081
0.083
0.084
0.085
0.086
0.086
0.085
0.085
0.085
0.084
0.082
0.08
0.078
0.076
0.075
0.073
0.071
0.069
0.066
0.063
0.059
0.056
0.053
0.048
0.044
0.039
0.034
0.028
0.017
0.008
0.008
0.014
0.023
0.028
0.032
0.036
0.04
0.043
0.046
0.05
0.054
0.057
0.06
0.064
0.066
0.069
0.073
0.076
0.079
0.08
0.08
0.078
0.075
0.071
0.068
0.065
0.061
0.056
0.052
0.05
0.053
0.059
0.066
0.075
0.088
0.089
0.076
0.038
-0.032
-0.128
-0.238
-0.345
-0.432
-0.467
-0.463
-0.407
-0.306
-0.188
-0.079
0.004
0.057
0.086
0.109
0.124
0.132
0.136
0.139
0.141
0.141
0.141
0.141
0.139
0.135
0.13
0.124
0.116
0.104
0.097
0.094
0.09
