-0.364
-0.379
-0.39
-0.397
-0.401
-0.404
-0.403
-0.4
-0.395
-0.386
-0.373
-0.351
-0.322
-0.287
-0.246
-0.205
-0.168
-0.135
-0.103
-0.065
-0.025
0.009
0.039
0.068
0.094
0.119
0.148
0.184
0.221
0.252
0.275
0.289
0.303
0.316
0.323
0.327
0.329
0.33
0.328
0.325
0.321
0.317
0.313
0.311
0.312
0.317
0.325
0.346
0.379
0.412
0.44
0.453
0.459
0.463
0.461
0.45
0.419
0.387
0.361
0.353
0.358
0.374
0.427
0.495
0.573
0.66
0.757
0.861
0.959
1.039
1.104
1.159
1.199
1.226
1.238
1.244
1.247
1.24
1.218
1.185
1.138
1.076
1.0
0.914
0.824
0.732
0.652
0.59
0.526
0.443
0.351
0.252
0.143
0.025
-0.084
-0.166
-0.224
-0.269
-0.305
-0.333
-0.347
-0.357
-0.365
-0.373
-0.38
-0.386
-0.385
-0.376
-0.355
-0.328
-0.3
-0.273
-0.246
-0.22
-0.211
-0.211
-0.217
-0.234
-0.256
-0.279
-0.288
-0.293
-0.295
-0.296
-0.297
-0.287
-0.26
-0.228
-0.197
-0.168
-0.141
-0.116
-0.088
-0.056
-0.022
0.006
0.024
0.049
0.073
0.096
0.118
0.139
0.164
0.178
0.201
0.225
0.255
0.287
0.312
0.323
0.328
0.331
0.33
0.324
0.318
0.313
0.31
0.311
0.318
0.338
0.377
0.432
0.495
0.562
0.633
0.703
0.767
0.823
0.87
0.909
0.942
0.965
0.982
0.994
1.0
1.0
0.997
0.989
0.97
0.916
0.832
0.728
0.627
0.537
0.47
0.423
0.376
0.31
0.216
0.101
-0.021
-0.136
-0.243
-0.342
-0.436
-0.515
-0.573
-0.612
-0.634
-0.642
-0.644
-0.642
-0.64
-0.637
-0.634
-0.64
-0.658
-0.68
-0.703
-0.721
-0.738
-0.754
-0.758
-0.753
-0.734
-0.691
-0.643
-0.597
-0.558
-0.527
-0.501
-0.473
-0.45
-0.445
-0.444
-0.444
-0.443
-0.43
-0.405
-0.37
-0.338
-0.311
-0.283
-0.25
-0.21
-0.163
-0.12
-0.087
-0.066
-0.057
-0.049
-0.036
-0.023
-0.015
-0.017
-0.029
-0.047
-0.062
-0.067
-0.067
-0.065
-0.065
-0.071
-0.078
-0.083
-0.087
-0.091
-0.096
-0.103
-0.112
-0.124
-0.132
-0.131
-0.124
-0.114
-0.098
-0.082
-0.068
-0.052
-0.036
-0.025
-0.019
-0.015
-0.014
-0.013
-0.012
-0.007
0.001
0.018
0.039
0.072
0.121
0.185
0.262
0.351
0.443
0.536
0.623
0.698
0.731
0.725
0.663
0.542
0.383
0.212
0.055
-0.064
-0.142
-0.18
-0.197
-0.208
-0.219
-0.239
-0.265
-0.274
-0.275
-0.27
-0.256
-0.219
-0.169
-0.119
-0.082
-0.074
-0.074
-0.073
-0.071
-0.068
-0.064
-0.065
-0.067
-0.063
-0.052
-0.035
-0.019
-0.004
0.006
0.016
0.028
0.038
0.057
0.077
0.095
0.12
0.156
0.194
0.226
0.256
0.288
0.319
0.334
0.34
0.341
0.342
0.344
0.348
0.352
0.354
0.354
0.351
0.347
0.343
0.342
0.339
0.321
0.3
0.276
0.249
0.224
0.196
0.181
0.173
0.171
0.173
0.18
0.19
0.194
0.195
0.195
0.197
0.201
0.203
0.2
0.189
0.159
0.122
0.111
0.112
0.118
0.123
0.123
0.12
0.116
0.113
0.112
0.113
0.112
0.108
0.099
0.085
0.077
0.08
0.089
0.103
0.123
0.135
0.138
0.138
0.138
0.14
0.144
0.151
0.161
0.173
0.179
0.182
0.184
0.189
0.194
0.198
0.197
0.187
0.177
0.166
0.161
0.164
0.169
0.176
0.187
0.208
0.242
0.289
0.341
0.391
0.437
0.48
0.52
0.565
0.603
0.621
0.632
0.637
0.638
0.637
0.641
0.646
0.636
0.603
0.535
0.438
0.307
0.156
0.001
-0.141
-0.265
-0.355
-0.412
-0.431
-0.437
-0.429
-0.422
-0.416
-0.419
-0.428
-0.453
-0.479
-0.503
-0.514
-0.519
-0.522
-0.523
-0.525
-0.526
-0.528
-0.53
-0.532
-0.534
-0.542
-0.556
-0.562
-0.564
-0.565
-0.567
-0.568
-0.567
-0.564
-0.561
-0.559
-0.553
-0.546
-0.539
-0.534
-0.528
-0.514
-0.501
-0.494
-0.487
-0.471
-0.443
-0.415
-0.394
-0.374
-0.353
-0.331
-0.307
-0.279
-0.252
-0.227
-0.204
-0.191
-0.163
-0.124
-0.087
-0.074
-0.074
-0.076
-0.076
-0.069
-0.057
-0.046
-0.039
-0.038
-0.042
-0.043
-0.038
-0.028
-0.017
-0.011
-0.012
-0.021
-0.033
-0.043
-0.042
-0.033
-0.028
-0.027
-0.028
-0.028
-0.029
-0.032
-0.034
-0.034
-0.033
-0.032
-0.034
-0.035
-0.035
-0.037
-0.038
-0.036
-0.032
-0.027
-0.027
-0.029
-0.03
-0.029
-0.024
-0.006
0.019
0.042
0.051
0.051
0.049
0.049
0.051
0.055
0.061
0.065
0.065
0.06
0.052
0.046
0.043
0.042
0.043
0.046
0.048
0.047
0.043
0.038
0.037
0.038
0.038
0.041
0.046
0.05
0.051
0.047
0.043
0.042
0.046
0.056
0.073
0.101
0.139
0.191
0.269
0.374
0.49
0.61
0.719
0.807
0.866
0.886
0.894
0.879
0.832
0.74
0.622
0.485
0.342
0.226
0.141
0.1
0.098
0.124
0.176
0.225
0.259
0.265
0.252
0.23
0.194
0.159
0.126
0.096
0.073
0.055
0.043
0.044
0.058
0.077
0.095
0.104
0.107
0.107
0.103
0.097
0.09
0.081
0.067
0.058
0.05
0.045
0.047
0.053
0.066
0.086
0.107
0.129
0.152
0.169
0.176
0.177
0.176
0.178
0.183
0.194
0.208
0.221
0.236
0.248
0.254
0.255
0.255
0.251
0.24
0.214
0.184
0.158
0.15
0.147
0.145
0.143
0.142
0.141
0.141
0.143
0.144
0.141
0.12
0.094
0.08
0.089
0.129
0.196
0.281
0.379
0.484
0.593
0.698
0.787
0.838
0.843
0.806
0.714
0.586
0.429
0.258
0.1
-0.032
-0.124
-0.168
-0.183
-0.176
-0.156
-0.113
-0.056
0.014
0.088
0.151
0.185
0.187
0.167
0.116
0.051
-0.014
-0.077
-0.141
-0.204
-0.253
-0.282
-0.289
-0.291
-0.295
-0.301
-0.305
-0.303
-0.285
-0.246
-0.208
-0.169
-0.131
-0.091
-0.047
-0.001
0.046
0.096
0.147
0.197
0.239
0.277
0.313
0.337
0.342
0.337
0.329
0.314
0.291
0.264
0.236
0.221
0.205
0.188
0.177
0.173
0.171
0.169
0.166
0.149
0.12
0.089
0.061
0.039
0.032
0.03
0.031
0.03
0.025
0.018
0.009
-0.002
-0.019
-0.037
-0.044
-0.048
-0.05
-0.053
-0.056
-0.058
-0.058
-0.056
-0.053
-0.05
-0.044
-0.038
-0.034
-0.029
-0.008
0.023
0.072
0.139
0.222
0.318
0.425
0.538
0.651
0.751
0.816
0.823
0.793
0.688
0.534
0.358
0.185
0.033
-0.09
-0.19
-0.264
-0.316
-0.347
-0.358
-0.362
-0.359
-0.34
-0.316
-0.299
-0.294
-0.29
-0.287
-0.285
-0.284
-0.282
-0.28
-0.277
-0.271
-0.257
-0.244
-0.235
-0.227
-0.216
-0.202
-0.189
-0.181
-0.174
-0.167
-0.16
-0.153
-0.146
-0.136
-0.122
-0.112
-0.105
-0.096
-0.088
-0.079
-0.069
-0.056
-0.04
-0.025
-0.011
0.002
0.018
0.028
0.033
0.038
0.041
0.041
0.039
0.038
0.035
0.031
0.026
0.032
0.046
0.061
0.086
0.115
0.15
0.186
0.224
0.259
0.269
0.272
0.274
0.273
0.264
0.252
0.237
0.225
0.217
0.225
0.251
0.287
0.316
0.342
0.359
0.38
0.391
0.396
0.394
0.372
0.337
0.299
0.264
0.227
0.179
0.125
0.077
0.039
0.018
0.011
0.019
0.043
0.091
0.159
0.247
0.355
0.478
0.611
0.725
0.796
0.818
0.787
0.706
0.611
0.524
0.44
0.372
0.331
0.31
0.298
0.29
0.285
0.278
0.271
0.266
0.26
0.255
0.248
0.225
0.189
0.142
0.077
0.002
-0.074
-0.153
-0.233
-0.308
-0.37
-0.423
-0.472
-0.516
-0.553
-0.562
-0.565
-0.562
-0.543
-0.514
-0.476
-0.438
-0.406
-0.379
-0.354
-0.33
-0.317
-0.296
-0.276
-0.255
-0.234
-0.21
-0.182
-0.15
-0.117
-0.088
-0.062
-0.034
-0.018
-0.002
0.012
0.02
0.025
0.028
0.032
0.035
0.039
0.045
0.053
0.06
0.069
0.078
0.083
0.087
0.087
0.078
0.055
0.027
0.001
-0.022
-0.036
-0.061
-0.087
-0.108
-0.116
-0.117
-0.11
-0.103
-0.096
-0.091
-0.085
-0.077
-0.062
-0.045
-0.029
-0.017
-0.01
-0.005
-0.001
0.002
0.006
0.011
0.016
0.021
0.038
0.076
0.125
0.193
0.278
0.371
0.464
0.551
0.631
0.7
0.756
0.792
0.804
0.789
0.743
0.637
0.493
0.323
0.155
0.013
-0.088
-0.157
-0.215
-0.277
-0.339
-0.395
-0.419
-0.418
-0.392
-0.341
-0.278
-0.218
-0.171
-0.15
-0.143
-0.15
-0.162
-0.173
-0.179
-0.182
-0.184
-0.184
-0.18
-0.173
-0.149
-0.123
-0.1
-0.088
-0.069
-0.047
-0.017
0.018
0.052
0.061
0.063
0.065
0.066
0.067
0.065
0.061
0.056
0.052
0.048
0.044
0.044
0.047
0.053
0.058
0.066
0.072
0.076
0.08
0.082
0.084
0.083
0.081
0.076
0.071
0.065
0.055
0.054
0.061
0.082
0.11
0.142
0.189
0.254
0.33
0.406
0.479
0.549
0.613
0.669
0.719
0.767
0.811
0.856
0.906
0.969
1.032
1.073
1.077
1.056
0.982
0.877
0.76
0.642
0.532
0.438
0.357
0.278
0.194
0.11
0.035
-0.033
-0.099
-0.163
-0.232
-0.298
-0.36
-0.409
-0.443
-0.467
-0.475
-0.48
-0.484
-0.488
-0.491
-0.495
-0.499
-0.504
-0.509
-0.514
-0.517
-0.52
-0.521
-0.523
-0.525
-0.529
-0.521
-0.506
-0.489
-0.472
-0.456
-0.432
-0.403
-0.371
-0.338
-0.307
-0.277
-0.25
-0.219
-0.182
-0.142
-0.102
-0.068
-0.037
-0.005
0.025
0.052
0.076
0.092
0.113
0.13
0.146
0.157
0.162
0.166
0.166
0.159
0.153
0.146
0.137
0.124
0.11
0.102
0.098
0.095
0.092
0.091
0.091
0.091
0.091
0.092
0.093
0.094
0.094
0.095
0.096
0.098
0.098
0.098
0.094
0.089
0.082
0.072
0.064
0.057
0.05
0.046
0.048
0.052
0.058
0.067
0.083
0.113
0.158
0.217
0.296
0.399
0.522
0.654
0.784
0.889
0.944
0.949
0.915
0.806
0.654
0.479
0.305
0.142
-0.001
-0.113
-0.189
-0.236
-0.261
-0.273
-0.283
-0.289
-0.283
-0.266
-0.242
-0.227
-0.212
-0.199
-0.187
-0.174
-0.162
-0.15
-0.138
-0.124
-0.109
-0.094
-0.079
-0.069
-0.061
-0.053
-0.04
-0.024
-0.009
0.007
0.022
0.045
0.068
0.097
0.13
0.165
0.196
0.214
0.231
0.248
0.267
0.281
0.291
0.297
0.288
0.275
0.26
0.249
0.241
0.234
0.227
0.216
0.201
0.192
0.186
0.181
0.176
0.171
0.162
0.147
0.134
0.119
0.107
0.099
0.093
0.088
0.083
0.077
0.07
0.067
0.064
0.062
0.06
0.059
0.06
0.062
0.065
0.069
0.073
0.077
0.083
0.088
0.093
0.103
0.119
0.15
0.189
0.238
0.303
0.388
0.487
0.589
0.692
0.787
0.859
0.893
0.873
0.788
0.651
0.488
0.33
0.199
0.09
0.001
-0.075
-0.154
-0.234
-0.306
-0.349
-0.363
-0.356
-0.337
-0.311
-0.289
-0.282
-0.275
-0.269
-0.257
-0.241
-0.231
-0.225
-0.22
-0.216
-0.213
-0.208
-0.2
-0.191
-0.18
-0.168
-0.149
-0.128
-0.116
-0.107
-0.101
-0.095
-0.087
-0.075
-0.057
-0.037
-0.018
0.0
0.017
0.034
0.051
0.062
0.07
0.075
0.076
0.073
0.068
0.065
0.061
0.059
0.057
0.056
0.056
0.054
0.051
0.048
0.046
0.043
0.041
0.038
0.037
0.036
0.035
0.033
0.031
0.032
0.033
0.035
0.036
0.037
0.04
0.04
0.03
0.016
0.004
-0.001
-0.006
-0.01
-0.014
-0.016
-0.019
-0.023
-0.027
-0.029
-0.03
-0.033
-0.036
-0.041
-0.045
-0.05
-0.053
-0.054
-0.055
-0.053
-0.05
-0.045
-0.035
-0.016
0.016
0.062
0.121
0.193
0.278
0.376
0.484
0.594
0.695
0.777
0.823
0.827
0.807
0.723
0.597
0.443
0.276
0.116
-0.027
-0.144
-0.23
-0.285
-0.318
-0.34
-0.348
-0.347
-0.338
-0.327
-0.311
-0.297
-0.287
-0.276
-0.269
-0.264
-0.261
-0.257
-0.254
-0.252
-0.25
-0.247
-0.244
-0.239
-0.233
-0.224
-0.212
-0.19
-0.167
-0.145
-0.123
-0.099
-0.077
-0.055
-0.029
-0.001
0.022
0.047
0.064
0.084
0.102
0.121
0.138
0.155
0.163
0.167
0.17
0.171
0.169
0.165
0.159
0.149
0.135
0.123
0.109
0.098
0.089
0.075
0.07
0.067
0.064
0.061
0.058
0.057
0.055
0.052
0.05
0.049
0.048
0.046
0.044
0.04
0.037
0.037
0.041
0.05
0.066
0.094
0.136
0.193
0.271
0.369
0.487
0.622
0.764
0.89
0.966
0.975
0.953
0.865
0.713
0.529
0.344
0.175
0.036
-0.06
-0.123
-0.165
-0.197
-0.228
-0.26
-0.28
-0.285
-0.279
-0.265
-0.244
-0.22
-0.205
-0.194
-0.188
-0.181
-0.175
-0.17
-0.166
-0.161
-0.154
-0.149
-0.144
-0.136
-0.128
-0.114
-0.09
-0.063
-0.049
-0.033
-0.02
-0.002
0.019
0.045
0.074
0.091
0.105
0.115
0.125
0.14
0.153
0.161
0.165
0.167
0.164
0.157
0.148
0.138
0.129
0.117
0.101
0.089
0.082
0.077
0.073
0.072
0.072
0.071
0.07
0.068
0.067
0.064
0.062
0.062
0.062
0.062
0.062
0.06
0.059
0.058
0.057
0.057
0.057
0.057
0.059
0.06
0.059
0.056
0.052
0.047
0.042
0.047
0.061
0.087
0.127
0.185
0.264
0.358
0.464
0.569
0.659
0.717
0.726
0.71
0.629
0.5
0.339
0.171
0.02
-0.105
-0.21
-0.301
-0.378
-0.446
-0.507
-0.555
-0.567
-0.566
-0.544
-0.515
-0.505
-0.501
-0.498
-0.496
-0.493
-0.491
-0.488
-0.485
-0.479
-0.467
-0.453
-0.439
-0.425
-0.411
-0.398
-0.386
-0.366
-0.342
-0.314
-0.281
-0.248
-0.216
-0.189
-0.164
-0.138
-0.111
-0.084
-0.067
-0.048
-0.029
-0.012
0.001
0.021
0.044
0.069
0.086
0.105
0.121
0.128
0.131
0.133
0.134
0.135
0.136
0.135
0.132
0.127
0.117
0.099
0.085
0.078
0.076
0.076
0.078
0.078
0.077
0.074
0.075
0.083
0.09
0.096
0.103
0.105
0.101
0.093
0.084
0.074
0.065
0.058
0.053
0.049
0.044
0.039
0.033
0.027
0.019
0.015
0.019
0.023
0.034
0.062
0.107
0.171
0.257
0.362
0.478
0.594
0.706
0.804
0.876
0.899
0.889
0.823
0.701
0.541
0.37
0.218
0.091
-0.012
-0.087
-0.137
-0.17
-0.199
-0.224
-0.235
-0.239
-0.242
-0.241
-0.233
-0.222
-0.205
-0.194
-0.188
-0.184
-0.181
-0.178
-0.175
-0.171
-0.169
-0.168
-0.166
-0.163
-0.16
-0.154
-0.142
-0.128
-0.114
-0.101
-0.088
-0.067
-0.045
-0.021
-0.005
0.009
0.027
0.043
0.055
0.065
0.08
0.098
0.115
0.131
0.148
0.165
0.176
0.183
0.184
0.179
0.172
0.167
0.161
0.153
0.144
0.13
0.109
0.086
0.07
0.063
0.058
0.056
0.055
0.059
0.07
0.1
0.157
0.225
0.295
0.363
0.431
0.498
0.562
0.624
0.683
0.735
0.781
0.825
0.865
0.892
0.894
0.878
0.824
0.743
0.651
0.562
0.484
0.417
0.353
0.285
0.215
0.14
0.062
-0.008
-0.064
-0.116
-0.176
-0.241
-0.305
-0.362
-0.409
-0.442
-0.46
-0.47
-0.475
-0.48
-0.484
-0.489
-0.496
-0.507
-0.515
-0.519
-0.522
-0.524
-0.525
-0.525
-0.526
-0.524
-0.52
-0.502
-0.475
-0.449
-0.42
-0.385
-0.346
-0.303
-0.253
-0.198
-0.143
-0.094
-0.051
-0.014
0.024
0.071
0.128
0.192
0.264
0.337
0.414
0.5
0.589
0.675
0.75
0.812
0.857
0.889
0.916
0.933
0.95
0.966
0.979
0.988
0.98
0.955
0.885
0.782
0.649
0.506
0.376
0.275
0.204
0.149
0.099
0.052
0.01
-0.034
-0.079
-0.125
-0.166
-0.202
-0.233
-0.255
-0.268
-0.275
-0.277
-0.28
-0.283
-0.287
-0.289
-0.289
-0.287
-0.285
-0.285
-0.288
-0.292
-0.293
-0.293
-0.29
-0.284
-0.275
-0.26
-0.249
-0.243
-0.239
-0.225
-0.193
-0.15
-0.105
-0.069
-0.042
-0.021
-0.001
0.019
0.043
0.072
0.089
0.103
0.117
0.129
0.144
0.162
0.178
0.194
0.209
0.22
0.228
0.233
0.238
0.241
0.243
0.245
0.247
0.25
0.251
0.25
0.245
0.239
0.23
0.21
0.188
0.174
0.167
0.161
0.15
0.134
0.113
0.098
0.089
0.09
0.097
0.113
0.138
0.152
0.178
0.222
0.284
0.353
0.424
0.494
0.554
0.601
0.639
0.67
0.686
0.693
0.688
0.677
0.662
0.649
0.639
0.632
0.62
0.591
0.545
0.485
0.413
0.336
0.268
0.211
0.164
0.126
0.094
0.063
0.035
0.006
-0.025
-0.058
-0.089
-0.118
-0.146
-0.173
-0.2
-0.216
-0.224
-0.226
-0.229
-0.236
-0.247
-0.255
-0.259
-0.26
-0.261
-0.261
-0.261
-0.262
-0.264
-0.263
-0.257
-0.244
-0.227
-0.217
-0.21
-0.204
-0.195
-0.182
-0.158
-0.132
-0.11
-0.091
-0.067
-0.034
0.006
0.045
0.079
0.11
0.135
0.156
0.171
0.19
0.206
0.214
0.217
0.22
0.225
0.23
0.232
0.234
0.24
0.253
0.268
0.291
0.324
0.374
0.438
0.508
0.585
0.663
0.729
0.776
0.809
0.826
0.838
0.844
0.845
0.842
0.836
0.826
0.796
0.724
0.634
0.537
0.434
0.342
0.271
0.213
0.164
0.133
0.11
0.083
0.055
0.025
-0.006
-0.049
-0.101
-0.153
-0.198
-0.234
-0.261
-0.283
-0.307
-0.337
-0.355
-0.362
-0.363
-0.364
-0.366
-0.368
-0.368
-0.367
-0.364
-0.357
-0.348
-0.34
-0.334
-0.328
-0.32
-0.311
-0.3
-0.29
-0.28
-0.263
-0.237
-0.206
-0.176
-0.144
-0.106
-0.069
-0.036
-0.005
0.021
0.047
0.071
0.096
0.11
0.125
0.138
0.149
0.165
0.178
0.184
0.189
0.192
0.192
0.191
0.19
0.189
0.187
0.183
0.181
0.18
0.181
0.183
0.182
0.183
0.187
0.191
0.196
0.2
0.204
0.205
0.206
0.205
0.206
0.208
0.209
0.208
0.206
0.204
0.202
0.2
0.197
0.193
0.189
0.184
0.181
0.178
0.175
0.171
0.168
0.167
0.17
0.175
0.189
0.212
0.243
0.29
0.36
0.453
0.557
0.664
0.768
0.864
0.942
0.968
0.959
0.887
0.745
0.564
0.373
0.196
0.058
-0.026
-0.062
-0.073
-0.079
-0.085
-0.09
-0.098
-0.102
-0.1
-0.092
-0.075
-0.045
-0.016
0.006
0.011
0.016
0.02
0.025
0.027
0.027
0.027
0.03
0.044
0.062
0.078
0.087
0.088
0.089
0.092
0.099
0.109
0.124
0.137
0.148
0.167
0.188
0.213
0.244
0.273
0.298
0.313
0.342
0.369
0.378
0.38
0.38
0.372
0.363
0.353
0.334
0.31
0.285
0.257
0.227
0.202
0.196
0.194
0.194
0.192
0.189
0.186
0.181
0.176
0.173
0.172
0.173
0.176
0.179
0.183
0.198
0.226
0.265
0.319
0.39
0.469
0.548
0.619
0.68
0.73
0.776
0.826
0.875
0.918
0.95
0.976
0.987
0.998
0.996
0.973
0.915
0.833
0.736
0.639
0.544
0.445
0.345
0.248
0.152
0.063
-0.019
-0.093
-0.154
-0.208
-0.259
-0.309
-0.364
-0.418
-0.466
-0.503
-0.526
-0.539
-0.549
-0.554
-0.557
-0.558
-0.558
-0.557
-0.558
-0.562
-0.568
-0.574
-0.578
-0.579
-0.577
-0.577
-0.576
-0.574
-0.561
-0.538
-0.512
-0.488
-0.461
-0.43
-0.399
-0.372
-0.346
-0.32
-0.295
-0.268
-0.241
-0.214
-0.183
-0.151
-0.123
-0.094
-0.049
0.016
0.093
0.179
0.272
0.368
0.466
0.559
0.65
0.731
0.797
0.845
0.877
0.905
0.934
0.959
0.978
0.983
0.968
0.926
0.846
0.728
0.579
0.424
0.286
0.181
0.111
0.063
0.026
-0.011
-0.052
-0.095
-0.144
-0.207
-0.276
-0.341
-0.395
-0.438
