-0.04
-0.053
-0.062
-0.069
-0.076
-0.081
-0.084
-0.083
-0.078
-0.072
-0.069
-0.066
-0.063
-0.061
-0.058
-0.056
-0.053
-0.05
-0.047
-0.046
-0.046
-0.046
-0.046
-0.045
-0.044
-0.043
-0.041
-0.039
-0.037
-0.032
-0.026
-0.019
-0.01
0.0
0.008
0.02
0.03
0.039
0.047
0.052
0.057
0.061
0.066
0.071
0.076
0.08
0.084
0.089
0.097
0.108
0.127
0.145
0.169
0.198
0.211
0.218
0.224
0.229
0.232
0.233
0.234
0.233
0.231
0.228
0.225
0.22
0.214
0.205
0.187
0.165
0.141
0.12
0.108
0.098
0.089
0.078
0.064
0.055
0.048
0.043
0.038
0.033
0.028
0.024
0.02
0.016
0.013
0.01
0.007
0.004
0.002
0.0
-0.001
-0.002
-0.002
-0.003
-0.004
-0.004
-0.005
-0.006
-0.006
-0.006
-0.007
-0.007
-0.007
-0.006
-0.006
-0.006
-0.007
-0.009
-0.01
-0.011
-0.012
-0.013
-0.014
-0.016
-0.017
-0.019
-0.02
-0.021
-0.023
-0.026
-0.028
-0.03
-0.03
-0.03
-0.03
-0.03
-0.029
-0.027
-0.024
-0.021
-0.019
-0.016
-0.015
-0.012
-0.006
-0.002
-0.002
-0.012
-0.024
-0.029
-0.033
-0.036
-0.038
-0.04
-0.042
-0.044
-0.046
-0.048
-0.049
-0.05
-0.051
-0.052
-0.053
-0.055
-0.056
-0.057
-0.057
-0.056
-0.056
-0.056
-0.057
-0.059
-0.061
-0.063
-0.066
-0.07
-0.075
-0.079
-0.082
-0.084
-0.087
-0.091
-0.096
-0.098
-0.093
-0.083
-0.077
-0.072
-0.067
-0.062
-0.056
-0.049
-0.039
-0.026
-0.026
-0.036
-0.044
-0.051
-0.054
-0.046
-0.032
-0.024
-0.017
-0.012
-0.007
-0.004
-0.003
-0.005
-0.008
-0.013
-0.017
-0.021
-0.025
-0.028
-0.031
-0.035
-0.038
-0.041
-0.046
-0.05
-0.054
-0.058
-0.062
-0.065
-0.069
-0.072
-0.076
-0.08
-0.082
-0.084
-0.085
-0.085
-0.086
-0.087
-0.088
-0.089
-0.09
-0.097
-0.093
-0.049
0.036
0.154
0.292
0.431
0.587
0.722
0.8
0.827
0.836
0.807
0.719
0.59
0.438
0.28
0.14
0.028
-0.058
-0.094
-0.117
-0.144
-0.16
-0.169
-0.174
-0.179
-0.182
-0.185
-0.186
-0.188
-0.189
-0.191
-0.193
-0.193
-0.191
-0.184
-0.175
-0.166
-0.158
-0.151
-0.143
-0.136
-0.131
-0.128
-0.125
-0.123
-0.121
-0.119
-0.118
-0.116
-0.113
-0.108
-0.1
-0.089
-0.081
-0.073
-0.065
-0.055
-0.045
-0.035
-0.027
-0.019
-0.012
-0.003
0.004
0.01
0.017
0.025
0.033
0.041
0.05
0.058
0.065
0.075
0.096
0.128
0.145
0.155
0.161
0.164
0.166
0.169
0.174
0.181
0.179
0.163
0.148
0.135
0.121
0.108
0.092
0.072
0.055
0.039
0.026
0.014
0.001
-0.011
-0.024
-0.036
-0.047
-0.053
-0.057
-0.06
-0.063
-0.064
-0.065
-0.066
-0.065
-0.065
-0.064
-0.063
-0.062
-0.062
-0.061
-0.061
-0.059
-0.058
-0.057
-0.055
-0.055
-0.055
-0.055
-0.056
-0.057
-0.058
-0.058
-0.057
-0.055
-0.052
-0.05
-0.047
-0.044
-0.041
-0.037
-0.033
-0.029
-0.024
-0.016
-0.008
-0.004
-0.008
-0.014
-0.022
-0.03
-0.039
-0.045
-0.049
-0.052
-0.054
-0.057
-0.059
-0.059
-0.059
-0.059
-0.057
-0.054
-0.05
-0.044
-0.038
-0.033
-0.028
-0.024
-0.02
-0.018
-0.016
-0.015
-0.017
-0.02
-0.024
-0.028
-0.032
-0.035
-0.038
-0.041
-0.043
-0.045
-0.047
-0.048
-0.049
-0.051
-0.052
-0.052
-0.051
-0.051
-0.05
-0.05
-0.049
-0.048
-0.046
-0.044
-0.041
-0.039
-0.037
-0.035
-0.033
-0.031
-0.028
-0.026
-0.025
-0.024
-0.022
-0.02
-0.018
-0.015
-0.011
-0.007
-0.002
0.001
0.005
0.009
0.011
0.014
0.017
0.019
0.023
0.027
0.031
0.035
0.037
0.04
0.041
0.04
0.038
0.035
0.03
0.024
0.019
0.013
0.006
0.0
-0.007
-0.014
-0.021
-0.027
-0.032
-0.037
-0.041
-0.043
-0.044
-0.044
-0.043
-0.04
-0.034
-0.026
0.0
0.045
0.126
0.246
0.404
0.593
0.808
0.983
1.063
1.056
0.943
0.73
0.506
0.296
0.152
0.062
0.017
-0.001
-0.021
-0.039
-0.054
-0.066
-0.078
-0.098
-0.12
-0.13
-0.138
-0.142
-0.142
-0.137
-0.129
-0.124
-0.12
-0.116
-0.113
-0.109
-0.104
-0.097
-0.09
-0.084
-0.078
-0.074
-0.071
-0.067
-0.064
-0.061
-0.057
-0.054
-0.05
-0.046
-0.042
-0.039
-0.037
-0.036
-0.035
-0.034
-0.031
-0.029
-0.023
-0.009
0.005
0.018
0.029
0.04
0.051
0.064
0.079
0.096
0.11
0.12
0.13
0.139
0.148
0.159
0.172
0.181
0.186
0.191
0.195
0.198
0.199
0.199
0.196
0.191
0.184
0.175
0.16
0.141
0.12
0.101
0.087
0.076
0.068
0.056
0.039
0.02
0.0
-0.017
-0.024
-0.028
-0.032
-0.036
-0.039
-0.041
-0.044
-0.046
-0.046
-0.046
-0.045
-0.044
-0.042
-0.041
-0.039
-0.037
-0.035
-0.031
-0.028
-0.026
-0.025
-0.023
-0.022
-0.019
-0.017
-0.015
-0.013
-0.013
-0.013
-0.013
-0.013
-0.012
-0.011
-0.01
-0.01
-0.009
-0.009
-0.008
-0.008
-0.009
-0.01
-0.011
-0.011
-0.01
-0.009
-0.009
-0.008
-0.008
-0.008
-0.007
-0.006
-0.005
-0.006
-0.007
-0.009
-0.01
-0.011
-0.011
-0.011
-0.012
-0.012
-0.013
-0.014
-0.015
-0.018
-0.022
-0.023
-0.018
-0.01
-0.003
0.006
0.011
0.004
-0.008
-0.015
-0.021
-0.026
-0.031
-0.035
-0.037
-0.038
-0.037
-0.036
-0.034
-0.033
-0.033
-0.032
-0.031
-0.031
-0.03
-0.029
-0.028
-0.026
-0.023
-0.021
-0.017
-0.014
-0.011
-0.008
-0.005
-0.002
0.001
0.004
0.006
0.008
0.009
0.011
0.013
0.014
0.016
0.017
0.019
0.022
0.024
0.025
0.028
0.03
0.032
0.033
0.034
0.036
0.037
0.039
0.042
0.047
0.053
0.058
0.059
0.057
0.052
0.045
0.036
0.018
-0.013
-0.038
-0.055
-0.065
-0.071
-0.075
-0.079
-0.081
-0.083
-0.083
-0.081
-0.076
-0.069
-0.061
-0.048
-0.026
-0.01
0.028
0.079
0.156
0.263
0.406
0.591
0.819
1.013
1.094
1.087
0.973
0.76
0.528
0.331
0.19
0.095
0.036
-0.006
-0.051
-0.094
-0.108
-0.115
-0.119
-0.122
-0.125
-0.127
-0.129
-0.131
-0.133
-0.135
-0.136
-0.137
-0.137
-0.137
-0.135
-0.131
-0.127
-0.122
-0.116
-0.111
-0.105
-0.095
-0.086
-0.079
-0.075
-0.072
-0.071
-0.069
-0.068
-0.066
-0.064
-0.061
-0.059
-0.057
-0.054
-0.051
-0.048
-0.045
-0.041
-0.036
-0.024
-0.012
0.0
0.014
0.031
0.054
0.072
0.086
0.098
0.107
0.115
0.124
0.136
0.144
0.151
0.156
0.159
0.162
0.165
0.166
0.167
0.166
0.163
0.158
0.153
0.146
0.137
0.124
0.111
0.1
0.087
0.072
0.053
0.037
0.023
0.011
0.0
-0.01
-0.021
-0.029
-0.033
-0.035
-0.036
-0.037
-0.038
-0.038
-0.039
-0.039
-0.039
-0.04
-0.04
-0.04
-0.039
-0.038
-0.037
-0.037
-0.036
-0.036
-0.035
-0.034
-0.033
-0.032
-0.031
-0.03
-0.028
-0.026
-0.024
-0.022
-0.02
-0.018
-0.015
-0.011
-0.005
-0.001
0.001
0.002
0.003
0.003
0.004
0.004
0.005
0.006
0.006
0.007
0.009
0.01
0.011
0.012
0.012
0.011
0.009
0.007
0.006
0.004
0.003
0.002
0.001
0.0
0.0
-0.001
-0.003
-0.005
-0.011
-0.015
-0.008
0.002
0.01
0.017
0.024
0.028
0.028
0.025
0.02
0.013
0.002
-0.011
-0.014
-0.017
-0.021
0.0
0.015
0.024
0.031
0.037
0.04
0.04
0.038
0.033
0.029
0.024
0.019
0.015
0.01
0.005
0.001
-0.002
-0.004
-0.007
-0.009
-0.011
-0.013
-0.017
-0.023
-0.006
0.016
0.034
0.047
0.053
0.057
0.059
0.061
0.062
0.062
0.063
0.062
0.06
0.058
0.055
0.053
0.051
0.05
0.049
0.047
0.044
0.041
0.038
0.036
0.035
0.033
0.031
0.03
0.028
0.025
0.023
0.02
0.017
0.011
-0.003
-0.02
-0.036
-0.049
-0.06
-0.068
-0.076
-0.083
-0.088
-0.088
-0.082
-0.071
-0.038
0.006
0.07
0.16
0.279
0.426
0.582
0.767
0.941
1.063
1.114
1.064
0.933
0.725
0.496
0.295
0.15
0.057
0.017
-0.01
-0.044
-0.075
-0.106
-0.119
-0.12
-0.121
-0.122
-0.122
-0.122
-0.122
-0.122
-0.123
-0.123
-0.122
-0.121
-0.118
-0.114
-0.111
-0.108
-0.106
-0.104
-0.103
-0.1
-0.098
-0.096
-0.093
-0.089
-0.085
-0.08
-0.076
-0.072
-0.068
-0.063
-0.058
-0.053
-0.048
-0.043
-0.038
-0.032
-0.024
-0.011
0.001
0.017
0.03
0.043
0.055
0.067
0.079
0.092
0.106
0.12
0.133
0.14
0.145
0.149
0.153
0.156
0.159
0.161
0.162
0.162
0.162
0.161
0.16
0.157
0.154
0.15
0.145
0.139
0.131
0.113
0.095
0.075
0.056
0.035
0.022
0.012
0.005
-0.001
-0.007
-0.012
-0.017
-0.022
-0.027
-0.032
-0.036
-0.04
-0.043
-0.044
-0.046
-0.047
-0.048
-0.05
-0.052
-0.054
-0.055
-0.057
-0.058
-0.059
-0.059
-0.058
-0.057
-0.055
-0.053
-0.052
-0.05
-0.049
-0.049
-0.048
-0.047
-0.046
-0.045
-0.044
-0.044
-0.042
-0.04
-0.037
-0.035
-0.033
-0.032
-0.032
-0.032
-0.033
-0.034
-0.036
-0.038
-0.04
-0.041
-0.042
-0.042
-0.042
-0.043
-0.044
-0.045
-0.045
-0.044
-0.044
-0.044
-0.044
-0.045
-0.046
-0.046
-0.044
-0.043
-0.043
-0.044
-0.045
-0.045
-0.044
-0.044
-0.043
-0.043
-0.044
-0.045
-0.046
-0.046
-0.045
-0.045
-0.045
-0.046
-0.046
-0.046
-0.045
-0.044
-0.043
-0.043
-0.043
-0.043
-0.043
-0.041
-0.04
-0.038
-0.038
-0.037
-0.036
-0.035
-0.032
-0.029
-0.026
-0.025
-0.023
-0.021
-0.017
-0.013
-0.01
-0.007
-0.004
-0.002
0.0
0.003
0.007
0.01
0.013
0.014
0.015
0.016
0.018
0.021
0.023
0.025
0.027
0.03
0.034
0.037
0.04
0.041
0.039
0.035
0.03
0.023
0.015
0.0
-0.03
-0.05
-0.063
-0.071
-0.076
-0.08
-0.085
-0.087
-0.082
-0.07
-0.061
-0.053
-0.045
-0.038
-0.033
-0.026
0.001
0.061
0.159
0.294
0.469
0.68
0.884
1.038
1.09
1.025
0.85
0.611
0.384
0.199
0.088
0.019
-0.012
-0.054
-0.115
-0.153
-0.168
-0.167
-0.154
-0.146
-0.141
-0.136
-0.133
-0.129
-0.126
-0.122
-0.119
-0.116
-0.112
-0.109
-0.107
-0.106
-0.105
-0.104
-0.103
-0.101
-0.099
-0.097
-0.094
-0.092
-0.089
-0.086
-0.085
-0.084
-0.083
-0.082
-0.079
-0.075
-0.066
-0.042
-0.023
-0.011
-0.001
0.007
0.018
0.031
0.05
0.062
0.07
0.077
0.083
0.088
0.093
0.097
0.1
0.105
0.112
0.12
0.131
0.143
0.149
0.155
0.16
0.165
0.169
0.172
0.173
0.173
0.172
0.17
0.168
0.165
0.161
0.155
0.147
0.131
0.115
0.094
0.066
0.043
0.025
0.012
0.0
-0.012
-0.022
-0.028
-0.033
-0.037
-0.04
-0.041
-0.041
-0.041
-0.039
-0.038
-0.036
-0.034
-0.032
-0.03
-0.031
-0.033
-0.035
-0.037
-0.04
-0.043
-0.045
-0.045
-0.043
-0.039
-0.037
-0.034
-0.032
-0.029
-0.027
-0.025
-0.024
-0.022
-0.021
-0.02
-0.02
-0.019
-0.019
-0.018
-0.018
-0.016
-0.015
-0.013
-0.011
-0.011
-0.01
-0.011
-0.012
-0.014
-0.017
-0.02
-0.023
-0.026
-0.03
-0.033
-0.036
-0.045
-0.052
-0.053
-0.049
-0.045
-0.04
-0.036
-0.031
-0.028
-0.025
-0.02
-0.014
-0.015
-0.027
-0.033
-0.037
-0.041
-0.044
-0.046
-0.048
-0.048
-0.048
-0.049
-0.049
-0.048
-0.047
-0.045
-0.042
-0.04
-0.039
-0.038
-0.035
-0.032
-0.028
-0.026
-0.025
-0.026
-0.028
-0.031
-0.033
-0.036
-0.042
-0.042
-0.038
-0.036
-0.034
-0.032
-0.03
-0.027
-0.023
-0.017
-0.012
-0.006
-0.001
0.004
0.009
0.013
0.018
0.022
0.026
0.031
0.036
0.04
0.042
0.044
0.045
0.047
0.049
0.052
0.055
0.054
0.049
0.041
0.032
0.021
0.01
0.0
-0.01
-0.021
-0.035
-0.053
-0.066
-0.075
-0.078
-0.073
-0.064
-0.057
-0.051
-0.045
-0.04
-0.036
-0.032
-0.014
0.014
0.065
0.157
0.291
0.457
0.656
0.843
0.984
1.032
1.02
0.913
0.736
0.539
0.349
0.212
0.106
0.038
0.002
-0.054
-0.083
-0.103
-0.123
-0.137
-0.146
-0.152
-0.157
-0.159
-0.154
-0.143
-0.131
-0.116
-0.109
-0.101
-0.094
-0.084
-0.079
-0.077
-0.076
-0.074
-0.072
-0.07
-0.068
-0.067
-0.065
-0.063
-0.061
-0.058
-0.056
-0.053
-0.051
-0.047
-0.04
-0.033
-0.026
-0.021
-0.016
-0.008
0.004
0.015
0.024
0.032
0.041
0.051
0.064
0.079
0.088
0.097
0.107
0.119
0.129
0.137
0.144
0.15
0.157
0.166
0.177
0.191
0.2
0.208
0.213
0.215
0.213
0.209
0.203
0.196
0.186
0.178
0.167
0.153
0.136
0.119
0.103
0.09
0.077
0.06
0.036
0.015
0.002
-0.008
-0.017
-0.021
-0.024
-0.026
-0.028
-0.03
-0.031
-0.033
-0.034
-0.034
-0.034
-0.034
-0.035
-0.034
-0.034
-0.032
-0.031
-0.029
-0.028
-0.027
-0.026
-0.024
-0.023
-0.022
-0.021
-0.021
-0.021
-0.019
-0.016
-0.014
-0.013
-0.013
-0.016
-0.018
-0.02
-0.021
-0.022
-0.024
-0.026
-0.028
-0.029
-0.03
-0.029
-0.029
-0.028
-0.027
-0.027
-0.026
-0.024
-0.023
-0.022
-0.021
-0.021
-0.021
-0.021
-0.021
-0.02
-0.019
-0.019
-0.018
-0.018
-0.017
-0.017
-0.017
-0.018
-0.02
-0.023
-0.026
-0.028
-0.03
-0.031
-0.032
-0.033
-0.035
-0.037
-0.039
-0.039
-0.038
-0.035
-0.032
-0.028
-0.025
-0.023
-0.021
-0.019
-0.016
-0.014
-0.011
-0.009
-0.007
-0.005
-0.003
-0.001
0.0
0.0
-0.001
-0.001
-0.002
-0.002
-0.002
-0.002
-0.001
-0.001
0.0
0.002
0.004
0.006
0.007
0.008
0.01
0.012
0.015
0.018
0.021
0.023
0.027
0.032
0.039
0.046
0.053
0.06
0.067
0.076
0.081
0.079
0.073
0.068
0.063
0.057
0.047
0.036
0.026
0.018
0.008
0.0
-0.01
-0.02
-0.028
-0.037
-0.045
-0.05
-0.053
-0.055
-0.056
-0.059
-0.062
-0.061
-0.049
-0.019
0.026
0.087
0.18
0.303
0.452
0.634
0.828
0.995
1.088
1.091
1.014
0.825
0.588
0.365
0.229
0.148
0.102
0.069
0.001
-0.076
-0.136
-0.156
-0.163
-0.153
-0.146
-0.143
-0.141
-0.139
-0.137
-0.136
-0.133
-0.13
-0.127
-0.123
-0.119
-0.115
-0.113
-0.109
-0.106
-0.101
-0.097
-0.093
-0.09
-0.087
-0.084
-0.081
-0.078
-0.076
-0.073
-0.071
-0.067
-0.063
-0.057
-0.051
-0.044
-0.034
-0.021
-0.008
0.004
0.014
0.021
0.028
0.034
0.039
0.043
0.048
0.055
0.066
0.082
0.097
0.11
0.122
0.132
0.143
0.156
0.168
0.176
0.181
0.186
0.189
0.19
0.188
0.184
0.178
0.171
0.162
0.15
0.14
0.132
0.119
0.099
0.076
0.052
0.034
0.022
0.011
0.0
-0.014
-0.029
-0.034
-0.036
-0.038
-0.04
-0.042
-0.044
-0.045
-0.045
-0.045
-0.045
-0.046
-0.047
-0.047
-0.047
-0.047
-0.047
-0.048
-0.05
-0.051
-0.051
-0.05
-0.05
-0.05
-0.051
-0.052
-0.052
-0.052
-0.052
-0.051
-0.051
-0.051
-0.051
-0.05
-0.048
-0.045
-0.043
-0.042
-0.04
-0.039
-0.038
-0.037
-0.037
-0.037
-0.037
-0.037
-0.037
-0.036
-0.035
-0.033
-0.031
-0.028
-0.026
-0.025
-0.023
-0.023
-0.024
-0.025
-0.027
-0.028
-0.03
-0.031
-0.032
-0.033
-0.034
-0.035
-0.036
-0.036
-0.037
-0.039
-0.041
-0.046
-0.051
-0.054
-0.052
-0.047
-0.043
-0.04
-0.037
-0.033
-0.03
-0.028
-0.027
-0.027
-0.026
-0.026
-0.025
-0.025
-0.025
-0.026
-0.028
-0.029
-0.029
-0.029
-0.029
-0.03
-0.03
-0.029
-0.026
-0.022
-0.018
-0.014
-0.01
-0.006
0.0
0.005
0.011
0.015
0.018
0.021
0.023
0.025
0.028
0.03
0.031
0.033
0.034
0.035
0.037
0.037
0.038
0.037
0.036
0.035
0.033
0.031
0.028
0.024
0.021
0.016
0.012
0.008
0.0
-0.014
-0.026
-0.034
-0.039
-0.043
-0.047
-0.049
-0.051
-0.052
-0.05
-0.046
-0.039
-0.03
-0.014
0.015
0.07
0.153
0.268
0.421
0.606
0.791
0.947
1.029
1.029
0.945
0.759
0.532
0.31
0.161
0.082
0.047
0.022
-0.008
-0.045
-0.083
-0.102
-0.111
-0.117
-0.121
-0.124
-0.126
-0.127
-0.127
-0.126
-0.124
-0.121
-0.119
-0.115
-0.112
-0.109
-0.105
-0.101
-0.098
-0.094
-0.09
-0.086
-0.08
-0.074
-0.067
-0.061
-0.055
-0.051
-0.047
-0.042
-0.036
-0.031
-0.026
-0.021
-0.017
-0.013
-0.009
-0.004
-0.001
0.002
0.007
0.017
0.027
0.038
0.05
0.071
0.104
0.12
0.129
0.136
0.141
0.144
0.146
0.148
0.15
0.153
0.155
0.156
0.158
0.161
0.163
0.166
0.168
0.168
0.165
0.159
0.152
0.145
0.136
0.123
0.111
0.1
0.083
0.056
0.025
-0.006
-0.023
-0.032
-0.038
-0.043
-0.047
-0.05
-0.053
-0.055
-0.057
-0.059
-0.062
-0.064
-0.069
-0.073
-0.076
-0.075
-0.071
-0.065
-0.06
-0.058
-0.056
-0.054
-0.052
-0.049
-0.047
-0.045
-0.043
-0.041
-0.039
-0.038
-0.036
-0.035
-0.034
-0.033
-0.033
-0.032
-0.031
-0.03
-0.029
-0.029
-0.028
-0.028
-0.027
-0.025
-0.025
-0.024
-0.024
-0.024
-0.023
-0.023
-0.023
-0.024
-0.025
-0.027
-0.027
-0.028
-0.027
-0.028
-0.028
-0.029
-0.029
-0.029
-0.028
-0.028
-0.028
-0.03
-0.031
-0.032
-0.033
-0.033
-0.033
-0.035
-0.036
-0.038
-0.039
-0.04
-0.04
-0.041
-0.043
-0.046
-0.049
-0.05
-0.049
-0.046
-0.042
-0.038
-0.035
-0.033
-0.031
-0.029
-0.028
-0.027
-0.026
-0.025
-0.024
-0.022
-0.021
-0.019
-0.017
-0.016
-0.015
-0.014
-0.013
-0.012
-0.011
-0.009
-0.007
-0.005
-0.002
0.001
0.005
0.011
0.025
0.035
0.043
0.047
0.05
0.052
0.055
0.057
0.059
0.06
0.061
0.061
0.06
0.059
0.057
0.055
0.053
0.05
0.045
0.04
0.031
0.02
0.008
-0.001
-0.01
-0.018
-0.027
-0.035
-0.041
-0.048
-0.054
-0.057
-0.058
-0.056
-0.051
-0.044
-0.02
0.018
0.073
0.137
0.219
0.327
0.476
0.665
0.867
1.035
1.116
1.076
0.91
0.67
0.418
0.216
0.123
0.086
0.064
0.036
0.005
-0.027
-0.063
-0.086
-0.099
-0.108
-0.115
-0.119
-0.121
-0.123
-0.124
-0.126
-0.127
-0.127
-0.126
-0.124
-0.122
-0.12
-0.117
-0.113
-0.106
-0.094
-0.077
-0.067
-0.062
-0.057
-0.053
-0.049
-0.045
-0.042
-0.04
-0.037
-0.033
-0.028
-0.022
-0.017
-0.011
-0.005
0.0
0.005
0.012
0.018
0.025
0.032
0.04
0.051
0.061
0.071
0.08
0.09
0.1
0.111
0.123
0.138
0.154
0.166
0.176
0.183
0.186
0.188
0.19
0.193
0.194
0.189
0.179
0.171
0.165
0.159
0.151
0.143
0.132
0.11
0.084
0.071
0.063
0.053
0.041
0.022
0.002
-0.006
-0.011
-0.015
-0.02
-0.026
-0.03
-0.032
-0.034
-0.036
-0.038
-0.039
-0.04
-0.041
-0.042
-0.043
-0.044
-0.045
-0.046
-0.046
-0.046
-0.046
-0.045
-0.045
-0.044
-0.043
-0.042
-0.041
-0.041
-0.04
-0.04
-0.039
-0.039
-0.039
-0.039
-0.038
-0.038
-0.037
-0.036
-0.035
-0.033
-0.031
-0.03
-0.029
-0.028
-0.027
-0.026
-0.024
-0.022
-0.018
-0.016
-0.02
-0.027
-0.03
-0.033
-0.035
-0.038
-0.04
-0.041
-0.043
-0.044
-0.046
-0.046
-0.047
-0.046
-0.046
-0.045
-0.045
-0.045
-0.045
-0.045
-0.046
-0.046
-0.046
-0.047
-0.048
-0.047
-0.047
-0.045
-0.043
-0.042
-0.04
-0.038
-0.036
-0.033
-0.031
-0.029
-0.023
-0.018
-0.018
-0.021
-0.025
-0.027
-0.03
-0.032
-0.033
-0.034
-0.035
-0.036
-0.036
-0.036
-0.036
-0.034
-0.032
-0.029
-0.026
-0.024
-0.02
-0.016
-0.011
-0.006
-0.002
0.0
0.003
0.007
0.012
0.019
0.024
0.028
0.03
0.031
0.033
0.034
0.035
0.036
0.036
0.036
0.036
0.036
0.034
0.032
0.028
0.024
0.02
0.012
-0.004
-0.019
-0.03
-0.045
-0.052
-0.057
-0.061
-0.064
-0.066
-0.067
-0.068
-0.067
-0.065
-0.063
-0.059
-0.053
-0.032
0.02
0.115
0.25
0.424
0.618
0.814
0.98
1.085
1.112
1.04
0.877
0.652
0.426
0.254
0.126
0.062
0.026
0.0
-0.036
-0.078
-0.118
-0.141
-0.146
-0.151
-0.154
-0.156
-0.157
-0.157
-0.157
-0.157
-0.156
-0.154
-0.151
-0.147
-0.142
-0.136
-0.126
-0.116
-0.109
-0.104
-0.099
-0.096
-0.093
-0.091
-0.089
-0.088
-0.086
-0.085
-0.083
-0.082
-0.08
-0.078
-0.074
-0.069
-0.059
-0.041
-0.031
-0.026
-0.022
-0.015
-0.009
-0.002
0.011
0.032
0.046
0.055
0.064
0.074
0.081
0.085
0.09
0.095
0.1
0.104
0.109
0.119
0.134
0.141
0.145
0.148
0.149
0.15
0.148
0.146
0.142
0.137
0.128
0.111
0.099
0.089
0.078
0.051
0.019
-0.011
-0.024
-0.03
-0.033
-0.035
-0.036
-0.037
-0.038
-0.038
-0.038
-0.038
-0.036
-0.034
-0.03
-0.026
-0.022
-0.016
-0.007
0.001
0.011
0.022
0.034
0.046
0.051
0.053
0.055
0.056
0.057
0.058
0.059
0.059
0.06
0.061
0.062
0.063
0.063
0.063
0.063
0.063
0.063
0.063
0.063
0.063
0.063
0.062
0.061
0.06
0.059
0.058
0.057
0.056
0.055
0.055
0.054
0.054
0.053
0.052
0.052
0.051
0.05
0.047
0.044
0.04
0.038
0.038
0.04
0.044
0.048
0.052
0.058
0.062
0.061
0.058
0.056
0.054
0.052
0.05
0.048
0.047
0.047
0.047
0.048
0.049
0.051
0.054
0.043
0.036
0.033
0.03
0.027
0.025
0.024
0.024
0.024
0.024
0.024
0.025
0.025
0.026
0.027
0.028
0.029
0.03
0.031
0.032
0.032
0.032
0.031
0.03
0.029
0.028
0.026
0.023
0.025
0.037
0.047
0.056
0.063
0.066
0.067
0.068
0.071
0.075
0.064
0.051
0.041
0.033
0.026
0.021
0.017
0.013
0.008
0.003
-0.001
-0.006
-0.013
-0.022
-0.031
-0.039
-0.045
-0.05
-0.054
-0.057
-0.058
-0.058
-0.056
-0.053
-0.047
-0.033
0.001
0.052
0.135
0.246
0.398
0.587
0.785
0.95
1.027
1.023
0.927
0.747
0.543
0.348
0.222
0.124
0.07
0.013
-0.044
-0.09
-0.106
-0.112
-0.116
-0.109
-0.1
-0.093
-0.093
-0.097
-0.099
-0.101
-0.103
-0.105
-0.106
-0.106
-0.107
-0.107
-0.108
-0.108
-0.108
-0.106
-0.103
-0.1
-0.097
-0.094
-0.091
-0.088
-0.083
-0.073
-0.063
-0.055
-0.047
-0.039
-0.034
-0.036
-0.04
-0.044
-0.05
-0.049
-0.038
-0.027
-0.017
-0.008
-0.001
0.022
0.052
0.068
0.078
0.084
0.09
0.1
0.111
0.119
0.128
0.135
0.14
0.142
0.143
0.144
0.146
0.148
0.15
0.151
0.151
0.148
0.142
0.136
0.128
0.115
0.103
0.091
0.079
0.067
0.056
0.044
0.031
0.014
-0.008
-0.035
-0.052
-0.056
-0.057
-0.059
-0.06
-0.062
-0.063
-0.065
-0.068
-0.071
-0.075
-0.079
-0.082
-0.085
-0.087
-0.09
-0.095
-0.099
-0.101
-0.101
-0.096
-0.089
-0.082
-0.076
-0.071
-0.066
-0.059
-0.053
-0.047
-0.043
-0.041
-0.04
-0.039
-0.038
-0.037
-0.037
-0.037
-0.038
-0.038
-0.037
-0.036
-0.035
-0.035
-0.036
-0.037
-0.038
-0.038
-0.038
-0.038
-0.039
-0.041
-0.043
-0.044
-0.044
-0.045
-0.046
-0.048
-0.049
-0.051
-0.053
-0.055
-0.059
-0.066
-0.071
-0.066
-0.056
-0.05
-0.046
-0.043
-0.04
-0.037
-0.036
-0.034
-0.032
-0.03
-0.029
-0.029
-0.028
-0.027
-0.026
-0.022
-0.02
-0.025
-0.036
-0.049
-0.064
-0.07
-0.075
-0.079
-0.081
-0.081
-0.075
-0.064
-0.05
-0.033
-0.025
-0.022
-0.02
-0.019
-0.017
-0.016
-0.015
-0.014
-0.014
-0.013
-0.013
-0.011
-0.01
-0.009
-0.008
-0.007
-0.005
-0.003
0.0
0.003
0.006
0.009
0.013
0.02
0.028
0.034
0.037
0.038
0.04
0.042
0.046
0.049
0.044
0.032
0.02
0.008
-0.002
-0.01
-0.017
-0.023
-0.029
-0.035
-0.044
-0.051
-0.058
-0.065
-0.072
-0.076
-0.076
-0.073
-0.065
-0.053
-0.016
0.039
0.115
0.217
0.342
0.495
0.664
0.828
0.96
1.005
0.994
0.889
0.708
0.496
0.311
0.18
0.092
0.049
0.014
-0.017
-0.055
-0.101
-0.126
-0.138
-0.145
-0.15
-0.153
-0.153
-0.149
-0.143
-0.137
-0.132
-0.128
-0.124
-0.12
-0.116
-0.113
-0.109
-0.104
-0.1
-0.096
-0.091
-0.087
-0.083
-0.079
-0.075
-0.071
-0.067
-0.063
-0.059
-0.055
-0.051
-0.047
-0.043
-0.04
-0.037
-0.033
-0.028
-0.02
-0.006
