-0.061
-0.062
-0.063
-0.063
-0.064
-0.064
-0.064
-0.064
-0.065
-0.065
-0.065
-0.065
-0.066
-0.066
-0.067
-0.067
-0.067
-0.067
-0.067
-0.067
-0.067
-0.066
-0.067
-0.067
-0.067
-0.067
-0.066
-0.064
-0.061
-0.059
-0.057
-0.054
-0.052
-0.049
-0.047
-0.045
-0.044
-0.043
-0.04
-0.036
-0.031
-0.027
-0.023
-0.021
-0.021
-0.023
-0.024
-0.027
-0.03
-0.035
-0.043
-0.05
-0.052
-0.045
-0.035
-0.028
-0.019
-0.012
-0.007
-0.007
-0.01
-0.014
-0.019
-0.022
-0.026
-0.03
-0.035
-0.039
-0.043
-0.047
-0.052
-0.057
-0.062
-0.068
-0.073
-0.079
-0.09
-0.099
-0.099
-0.093
-0.08
-0.041
0.017
0.106
0.222
0.357
0.488
0.586
0.619
0.594
0.517
0.338
0.116
-0.104
-0.28
-0.363
-0.391
-0.368
-0.344
-0.326
-0.311
-0.299
-0.276
-0.236
-0.197
-0.168
-0.149
-0.133
-0.118
-0.102
-0.085
-0.069
-0.052
-0.035
-0.017
-0.01
-0.007
-0.004
-0.002
0.0
0.003
0.005
0.007
0.008
0.009
0.01
0.011
0.013
0.015
0.016
0.016
0.016
0.016
0.017
0.02
0.023
0.028
0.032
0.037
0.045
0.061
0.079
0.097
0.12
0.142
0.147
0.15
0.154
0.158
0.161
0.16
0.155
0.148
0.14
0.134
0.13
0.126
0.121
0.115
0.109
0.104
0.1
0.096
0.091
0.085
0.075
0.06
0.045
0.032
0.023
0.017
0.011
0.006
0.001
-0.003
-0.006
-0.009
-0.012
-0.016
-0.022
-0.032
-0.042
-0.051
-0.057
-0.062
-0.066
-0.07
-0.074
-0.08
-0.085
-0.092
-0.098
-0.105
-0.113
-0.121
-0.125
-0.125
-0.121
-0.116
-0.108
-0.096
-0.07
-0.05
-0.038
-0.031
-0.029
-0.029
-0.027
-0.025
-0.041
-0.06
-0.076
-0.088
-0.095
-0.101
-0.105
-0.108
-0.108
-0.103
-0.096
-0.089
-0.083
-0.077
-0.072
-0.067
-0.062
-0.058
-0.055
-0.053
-0.051
-0.048
-0.046
-0.044
-0.042
-0.039
-0.037
-0.036
-0.036
-0.038
-0.042
-0.047
-0.052
-0.056
-0.063
-0.069
-0.072
-0.071
-0.066
-0.059
-0.046
-0.025
-0.014
-0.009
-0.005
-0.001
0.0
0.001
0.0
-0.001
-0.005
-0.01
-0.015
-0.022
-0.028
-0.032
-0.031
-0.029
-0.026
-0.025
-0.024
-0.022
-0.019
-0.016
-0.013
-0.009
-0.006
-0.002
0.0
0.003
0.006
0.007
0.008
0.01
0.013
0.016
0.02
0.023
0.027
0.032
0.036
0.042
0.047
0.052
0.055
0.058
0.061
0.066
0.072
0.077
0.081
0.081
0.077
0.071
0.064
0.059
0.054
0.049
0.044
0.038
0.033
0.028
0.026
0.024
0.023
0.023
0.024
0.026
0.029
0.032
0.038
0.044
0.057
0.085
0.136
0.201
0.279
0.366
0.462
0.562
0.654
0.701
0.698
0.637
0.496
0.298
0.074
-0.145
-0.316
-0.391
-0.397
-0.358
-0.291
-0.235
-0.203
-0.171
-0.141
-0.095
-0.046
-0.012
0.005
0.012
0.018
0.022
0.025
0.029
0.032
0.036
0.039
0.043
0.046
0.048
0.05
0.052
0.054
0.056
0.059
0.063
0.068
0.072
0.074
0.074
0.072
0.07
0.066
0.063
0.059
0.051
0.045
0.045
0.052
0.063
0.077
0.095
0.111
0.132
0.159
0.191
0.221
0.236
0.244
0.249
0.253
0.256
0.258
0.259
0.259
0.258
0.255
0.252
0.248
0.243
0.237
0.227
0.207
0.19
0.173
0.155
0.14
0.124
0.109
0.092
0.081
0.074
0.069
0.063
0.056
0.048
0.041
0.035
0.029
0.023
0.018
0.013
0.009
0.004
0.001
-0.001
-0.004
-0.006
-0.008
-0.01
-0.011
-0.013
-0.015
-0.016
-0.017
-0.018
-0.019
-0.019
-0.018
-0.017
-0.015
-0.013
-0.01
-0.007
-0.004
-0.001
0.001
0.004
0.007
0.01
0.011
0.013
0.015
0.016
0.017
0.018
0.019
0.02
0.021
0.022
0.023
0.024
0.024
0.023
0.022
0.02
0.019
0.018
0.016
0.015
0.013
0.013
0.013
0.014
0.015
0.017
0.018
0.019
0.021
0.023
0.026
0.029
0.036
0.052
0.06
0.066
0.073
0.072
0.055
0.038
0.019
0.0
-0.01
-0.018
-0.026
-0.03
-0.03
-0.026
-0.019
-0.013
-0.009
-0.005
-0.002
0.0
0.002
0.004
0.003
0.001
-0.001
-0.005
-0.008
-0.012
-0.015
-0.02
-0.026
-0.032
-0.036
-0.037
-0.035
-0.032
-0.028
-0.025
-0.022
-0.018
-0.014
-0.01
-0.006
-0.003
-0.001
0.0
0.001
0.003
0.004
0.005
0.006
0.008
0.009
0.008
0.0
-0.012
-0.023
-0.037
-0.05
-0.063
-0.072
-0.08
-0.088
-0.093
-0.094
-0.091
-0.086
-0.079
-0.073
-0.066
-0.059
-0.057
-0.059
-0.064
-0.072
-0.08
-0.092
-0.091
-0.077
-0.039
0.034
0.131
0.245
0.376
0.515
0.623
0.64
0.62
0.474
0.238
-0.033
-0.272
-0.438
-0.5
-0.505
-0.469
-0.412
-0.357
-0.309
-0.28
-0.25
-0.221
-0.194
-0.165
-0.134
-0.104
-0.071
-0.053
-0.049
-0.047
-0.045
-0.044
-0.043
-0.041
-0.039
-0.038
-0.037
-0.037
-0.037
-0.037
-0.038
-0.038
-0.038
-0.037
-0.037
-0.034
-0.032
-0.032
-0.035
-0.039
-0.042
-0.045
-0.047
-0.05
-0.051
-0.049
-0.043
-0.035
-0.025
-0.013
0.004
0.019
0.033
0.05
0.07
0.095
0.109
0.118
0.127
0.134
0.138
0.14
0.139
0.136
0.131
0.124
0.118
0.111
0.104
0.092
0.079
0.066
0.054
0.045
0.036
0.027
0.02
0.017
0.016
0.016
0.017
0.018
0.019
0.022
0.024
0.016
0.0
-0.017
-0.037
-0.044
-0.047
-0.049
-0.052
-0.054
-0.048
-0.036
-0.028
-0.022
-0.017
-0.012
-0.006
-0.001
0.003
0.008
0.014
0.021
0.034
0.052
0.057
0.059
0.062
0.065
0.066
0.066
0.064
0.061
0.058
0.057
0.056
0.055
0.053
0.052
0.05
0.049
0.048
0.047
0.046
0.045
0.045
0.045
0.045
0.045
0.044
0.044
0.043
0.043
0.043
0.042
0.042
0.042
0.042
0.042
0.042
0.042
0.041
0.04
0.038
0.037
0.035
0.033
0.031
0.029
0.028
0.026
0.024
0.019
0.003
-0.004
-0.007
-0.011
-0.014
-0.018
-0.021
-0.022
-0.022
-0.02
-0.018
-0.016
-0.015
-0.013
-0.011
-0.009
-0.007
-0.005
-0.003
0.0
0.004
0.007
0.011
0.013
0.016
0.02
0.025
0.029
0.032
0.035
0.037
0.037
0.037
0.038
0.04
0.041
0.041
0.044
0.048
0.029
0.013
0.004
-0.003
-0.012
-0.021
-0.029
-0.036
-0.043
-0.052
-0.061
-0.067
-0.073
-0.079
-0.082
-0.085
-0.088
-0.091
-0.094
-0.095
-0.096
-0.096
-0.095
-0.092
-0.088
-0.084
-0.077
-0.053
-0.001
0.07
0.156
0.244
0.321
0.388
0.411
0.424
0.412
0.324
0.162
-0.061
-0.299
-0.488
-0.577
-0.586
-0.545
-0.449
-0.354
-0.297
-0.279
-0.267
-0.256
-0.247
-0.235
-0.218
-0.196
-0.163
-0.135
-0.124
-0.119
-0.116
-0.113
-0.111
-0.108
-0.104
-0.1
-0.097
-0.093
-0.089
-0.086
-0.084
-0.082
-0.079
-0.076
-0.071
-0.066
-0.061
-0.055
-0.048
-0.041
-0.034
-0.027
-0.021
-0.014
-0.006
0.003
0.013
0.022
0.029
0.034
0.04
0.046
0.055
0.066
0.076
0.083
0.089
0.093
0.096
0.099
0.101
0.104
0.106
0.107
0.107
0.106
0.104
0.1
0.095
0.087
0.078
0.059
0.026
0.0
-0.029
-0.048
-0.059
-0.068
-0.077
-0.085
-0.09
-0.094
-0.097
-0.101
-0.104
-0.107
-0.111
-0.115
-0.12
-0.126
-0.13
-0.134
-0.136
-0.138
-0.139
-0.142
-0.145
-0.148
-0.152
-0.155
-0.159
-0.163
-0.167
-0.171
-0.174
-0.175
-0.174
-0.172
-0.17
-0.167
-0.165
-0.162
-0.159
-0.157
-0.155
-0.152
-0.151
-0.149
-0.146
-0.142
-0.137
-0.132
-0.126
-0.121
-0.116
-0.111
-0.107
-0.102
-0.098
-0.093
-0.089
-0.081
-0.073
-0.066
-0.064
-0.064
-0.064
-0.066
-0.068
-0.072
-0.074
-0.067
-0.056
-0.049
-0.043
-0.036
-0.031
-0.027
-0.026
-0.027
-0.029
-0.032
-0.036
-0.04
-0.048
-0.049
-0.04
-0.037
-0.036
-0.035
-0.034
-0.033
-0.033
-0.032
-0.031
-0.029
-0.027
-0.026
-0.025
-0.025
-0.024
-0.023
-0.021
-0.019
-0.018
-0.016
-0.014
-0.012
-0.01
-0.007
-0.004
-0.001
0.001
0.005
0.009
0.014
0.021
0.03
0.041
0.05
0.055
0.058
0.061
0.063
0.067
0.07
0.073
0.075
0.076
0.075
0.071
0.064
0.056
0.048
0.043
0.039
0.034
0.03
0.026
0.021
0.016
0.012
0.008
0.006
0.004
0.002
0.0
-0.002
-0.005
-0.008
-0.014
-0.027
-0.028
-0.016
0.016
0.075
0.154
0.245
0.342
0.443
0.539
0.623
0.651
0.673
0.604
0.445
0.216
-0.035
-0.258
-0.372
-0.41
-0.387
-0.319
-0.242
-0.184
-0.162
-0.143
-0.126
-0.108
-0.084
-0.071
-0.062
-0.055
-0.05
-0.046
-0.041
-0.035
-0.03
-0.026
-0.021
-0.016
-0.009
0.002
0.023
0.038
0.046
0.052
0.057
0.06
0.061
0.059
0.054
0.048
0.041
0.036
0.031
0.025
0.02
0.016
0.013
0.012
0.013
0.017
0.024
0.033
0.044
0.06
0.088
0.11
0.126
0.139
0.149
0.158
0.166
0.172
0.178
0.183
0.186
0.187
0.186
0.181
0.173
0.162
0.147
0.123
0.107
0.098
0.092
0.087
0.082
0.076
0.071
0.066
0.061
0.055
0.048
0.037
0.027
0.021
0.015
0.012
0.009
0.006
0.002
0.0
-0.004
-0.007
-0.011
-0.015
-0.02
-0.024
-0.028
-0.031
-0.034
-0.038
-0.042
-0.046
-0.05
-0.053
-0.054
-0.054
-0.054
-0.054
-0.054
-0.052
-0.05
-0.049
-0.047
-0.046
-0.044
-0.042
-0.041
-0.04
-0.039
-0.04
-0.042
-0.044
-0.046
-0.047
-0.049
-0.052
-0.054
-0.056
-0.057
-0.058
-0.058
-0.058
-0.059
-0.06
-0.06
-0.061
-0.063
-0.066
-0.071
-0.077
-0.079
-0.078
-0.077
-0.076
-0.075
-0.074
-0.073
-0.073
-0.073
-0.073
-0.073
-0.073
-0.074
-0.074
-0.075
-0.076
-0.077
-0.077
-0.075
-0.072
-0.067
-0.062
-0.057
-0.053
-0.047
-0.04
-0.036
-0.035
-0.038
-0.044
-0.052
-0.062
-0.076
-0.084
-0.088
-0.092
-0.096
-0.099
-0.096
-0.088
-0.079
-0.075
-0.072
-0.069
-0.067
-0.065
-0.063
-0.06
-0.058
-0.056
-0.055
-0.054
-0.053
-0.051
-0.051
-0.05
-0.05
-0.05
-0.049
-0.047
-0.044
-0.042
-0.04
-0.038
-0.034
-0.025
-0.018
-0.013
-0.01
-0.007
-0.005
-0.004
-0.004
-0.008
-0.015
-0.024
-0.037
-0.055
-0.065
-0.071
-0.075
-0.079
-0.082
-0.084
-0.085
-0.085
-0.085
-0.085
-0.083
-0.081
-0.076
-0.071
-0.063
-0.036
0.012
0.088
0.189
0.31
0.44
0.562
0.648
0.66
0.634
0.511
0.32
0.091
-0.134
-0.321
-0.449
-0.488
-0.484
-0.423
-0.344
-0.263
-0.187
-0.144
-0.131
-0.122
-0.114
-0.106
-0.093
-0.067
-0.044
-0.029
-0.019
-0.012
-0.008
-0.005
-0.004
-0.002
-0.001
0.0
0.001
0.001
0.0
0.0
-0.001
-0.003
-0.003
-0.005
-0.007
-0.009
-0.011
-0.011
-0.006
0.001
0.009
0.016
0.024
0.033
0.042
0.051
0.06
0.067
0.073
0.078
0.084
0.091
0.097
0.104
0.112
0.13
0.155
0.165
0.171
0.175
0.178
0.179
0.181
0.181
0.182
0.182
0.181
0.179
0.176
0.171
0.165
0.158
0.148
0.129
0.113
0.1
0.089
0.077
0.066
0.06
0.057
0.054
0.051
0.048
0.045
0.042
0.039
0.037
0.036
0.035
0.032
0.03
0.027
0.019
0.007
0.004
0.001
0.0
0.003
0.012
0.022
0.032
0.037
0.039
0.044
0.049
0.036
0.025
0.02
0.014
0.009
0.003
0.0
-0.003
-0.005
-0.008
-0.013
-0.016
-0.019
-0.02
-0.019
-0.018
-0.017
-0.018
-0.018
-0.016
-0.013
-0.02
-0.026
-0.03
-0.035
-0.038
-0.039
-0.037
-0.033
-0.029
-0.026
-0.024
-0.021
-0.017
-0.014
-0.012
-0.012
-0.015
-0.021
-0.027
-0.032
-0.036
-0.041
-0.047
-0.053
-0.056
-0.057
-0.056
-0.054
-0.051
-0.048
-0.046
-0.042
-0.038
-0.035
-0.034
-0.036
-0.038
-0.041
-0.044
-0.051
-0.049
-0.036
-0.029
-0.024
-0.019
-0.016
-0.014
-0.013
-0.014
-0.015
-0.016
-0.018
-0.021
-0.024
-0.026
-0.029
-0.031
-0.034
-0.036
-0.038
-0.039
-0.04
-0.039
-0.037
-0.034
-0.03
-0.024
-0.018
-0.011
0.0
0.02
0.027
0.031
0.035
0.038
0.039
0.04
0.04
0.039
0.035
0.03
0.023
0.011
-0.014
-0.033
-0.044
-0.053
-0.059
-0.064
-0.069
-0.074
-0.076
-0.077
-0.074
-0.071
-0.068
-0.066
-0.063
-0.061
-0.059
-0.056
-0.053
-0.05
-0.045
-0.04
-0.018
0.019
0.081
0.173
0.281
0.387
0.481
0.547
0.57
0.549
0.485
0.339
0.149
-0.057
-0.239
-0.362
-0.409
-0.424
-0.405
-0.372
-0.346
-0.329
-0.312
-0.285
-0.239
-0.186
-0.137
-0.114
-0.101
-0.095
-0.088
-0.079
-0.068
-0.046
-0.021
-0.009
0.0
0.003
0.0
-0.008
-0.014
-0.021
-0.026
-0.028
-0.025
-0.018
-0.01
-0.001
0.009
0.015
0.008
-0.004
-0.013
-0.021
-0.028
-0.032
-0.032
-0.028
-0.022
-0.013
0.002
0.029
0.049
0.065
0.079
0.087
0.093
0.097
0.101
0.105
0.108
0.112
0.116
0.123
0.126
0.126
0.123
0.122
0.121
0.12
0.119
0.118
0.116
0.115
0.113
0.109
0.105
0.099
0.092
0.077
0.051
0.038
0.032
0.027
0.021
0.014
0.007
0.0
-0.011
-0.025
-0.035
-0.042
-0.048
-0.053
-0.057
-0.06
-0.06
-0.057
-0.053
-0.049
-0.047
-0.046
-0.044
-0.041
-0.038
-0.035
-0.033
-0.031
-0.029
-0.027
-0.025
-0.024
-0.022
-0.021
-0.02
-0.019
-0.017
-0.015
-0.012
-0.01
-0.008
-0.006
-0.004
-0.001
0.001
0.004
0.007
0.01
0.013
0.016
0.02
0.025
0.029
0.033
0.034
0.033
0.032
0.029
0.025
0.022
0.019
0.014
0.005
-0.004
-0.014
-0.022
-0.03
-0.035
-0.035
-0.03
-0.023
-0.018
-0.013
-0.007
-0.004
-0.002
-0.003
-0.006
-0.01
-0.014
-0.019
-0.024
-0.033
-0.041
-0.046
-0.051
-0.055
-0.06
-0.065
-0.065
-0.059
-0.052
-0.049
-0.046
-0.044
-0.042
-0.041
-0.04
-0.04
-0.038
-0.037
-0.035
-0.034
-0.033
-0.032
-0.033
-0.033
-0.032
-0.031
-0.029
-0.027
-0.024
-0.015
0.005
0.03
0.052
0.071
0.095
0.107
0.113
0.118
0.123
0.128
0.131
0.133
0.134
0.135
0.135
0.134
0.132
0.13
0.126
0.122
0.118
0.114
0.11
0.105
0.094
0.083
0.071
0.065
0.06
0.056
0.052
0.048
0.045
0.043
0.043
0.043
0.045
0.048
0.052
0.058
0.066
0.097
0.142
0.208
0.291
0.387
0.491
0.583
0.634
0.631
0.564
0.39
0.152
-0.096
-0.301
-0.41
-0.425
-0.392
-0.314
-0.24
-0.192
-0.175
-0.158
-0.137
-0.107
-0.078
-0.059
-0.05
-0.045
-0.042
-0.04
-0.037
-0.035
-0.032
-0.029
-0.025
-0.021
-0.017
-0.014
-0.012
-0.011
-0.01
-0.009
-0.008
-0.007
-0.006
-0.004
-0.003
-0.001
0.0
0.001
0.002
0.002
0.003
0.003
0.004
0.004
0.005
0.006
0.007
0.009
0.012
0.015
0.019
0.026
0.044
0.059
0.074
0.09
0.113
0.131
0.145
0.154
0.16
0.163
0.165
0.168
0.171
0.174
0.174
0.167
0.157
0.146
0.129
0.109
0.092
0.077
0.064
0.054
0.045
0.038
0.031
0.024
0.015
0.005
-0.006
-0.021
-0.027
-0.03
-0.031
-0.032
-0.033
-0.034
-0.035
-0.036
-0.038
-0.04
-0.042
-0.044
-0.046
-0.047
-0.048
-0.049
-0.051
-0.054
-0.057
-0.063
-0.069
-0.073
-0.07
-0.063
-0.056
-0.05
-0.045
-0.039
-0.034
-0.032
-0.031
-0.033
-0.037
-0.042
-0.047
-0.052
-0.057
-0.062
-0.067
-0.071
-0.075
-0.078
-0.081
-0.082
-0.082
-0.08
-0.078
-0.074
-0.071
-0.067
-0.062
-0.056
-0.049
-0.037
-0.014
-0.004
0.0
0.003
0.006
0.009
0.011
0.011
0.01
0.007
0.002
-0.002
-0.007
-0.01
-0.014
-0.018
-0.022
-0.026
-0.029
-0.033
-0.035
-0.037
-0.038
-0.038
-0.038
-0.036
-0.034
-0.032
-0.03
-0.028
-0.027
-0.026
-0.025
-0.024
-0.022
-0.021
-0.018
-0.016
-0.013
-0.01
-0.005
0.0
0.007
0.014
0.02
0.026
0.03
0.035
0.04
0.046
0.052
0.057
0.061
0.065
0.068
0.07
0.072
0.073
0.074
0.075
0.077
0.079
0.082
0.084
0.083
0.078
0.07
0.06
0.05
0.034
0.025
0.019
0.013
0.008
0.004
0.002
0.006
0.017
0.029
0.04
0.051
0.061
0.07
0.077
0.085
0.099
0.128
0.165
0.201
0.263
0.329
0.4
0.472
0.499
0.518
0.512
0.451
0.349
0.218
0.067
-0.089
-0.227
-0.317
-0.349
-0.349
-0.327
-0.295
-0.257
-0.231
-0.21
-0.182
-0.142
-0.099
-0.06
-0.029
-0.016
-0.009
-0.005
-0.001
0.0
0.001
0.001
0.0
-0.004
-0.01
-0.018
-0.027
-0.038
-0.054
-0.083
-0.106
-0.117
-0.125
-0.132
-0.137
-0.141
-0.144
-0.146
-0.146
-0.145
-0.142
-0.138
-0.132
-0.126
-0.119
-0.11
-0.097
-0.083
-0.072
-0.062
-0.05
-0.038
-0.026
-0.014
-0.006
0.0
0.005
0.009
0.013
0.017
0.021
0.026
0.031
0.037
0.044
0.054
0.062
0.061
0.053
0.04
0.028
0.012
-0.003
-0.022
-0.051
-0.091
-0.107
-0.113
-0.118
-0.123
-0.126
-0.13
-0.132
-0.135
-0.137
-0.139
-0.139
-0.14
-0.14
-0.139
-0.138
-0.137
-0.136
-0.134
-0.132
-0.129
-0.128
-0.127
-0.126
-0.125
-0.124
-0.123
-0.121
-0.12
-0.119
-0.117
-0.113
-0.109
-0.11
-0.118
-0.127
-0.134
-0.141
-0.148
-0.153
-0.155
-0.153
-0.147
-0.138
-0.129
-0.122
-0.114
-0.106
-0.099
-0.091
-0.084
-0.076
-0.068
-0.059
-0.052
-0.045
-0.039
-0.032
-0.026
-0.021
-0.015
-0.011
-0.008
-0.006
-0.005
-0.005
-0.004
-0.004
-0.004
-0.004
-0.003
-0.001
0.0
0.0
-0.001
-0.004
-0.007
-0.01
-0.013
-0.016
-0.02
-0.024
-0.027
-0.025
-0.02
-0.013
-0.006
-0.002
0.001
0.005
0.01
0.015
0.02
0.025
0.03
0.034
0.038
0.042
0.045
0.048
0.052
0.055
0.06
0.067
0.076
0.083
0.086
0.083
0.078
0.071
0.064
0.059
0.052
0.045
0.04
0.037
0.04
0.047
0.056
0.064
0.069
0.074
0.079
0.084
0.089
0.093
0.097
0.101
0.104
0.105
0.104
0.103
0.1
0.098
0.096
0.094
0.09
0.086
0.083
0.079
0.074
0.069
0.061
0.051
0.045
0.044
0.049
0.057
0.065
0.072
0.079
0.087
0.097
0.104
0.112
0.123
0.164
0.232
0.319
0.418
0.52
0.611
0.641
0.622
0.566
0.407
0.193
-0.037
-0.236
-0.375
-0.423
-0.422
-0.368
-0.3
-0.235
-0.202
-0.172
-0.139
-0.102
-0.062
-0.025
-0.001
0.005
0.011
0.016
0.012
-0.007
-0.017
-0.024
-0.03
-0.035
-0.039
-0.041
-0.042
-0.043
-0.044
-0.044
-0.043
-0.041
-0.039
-0.036
-0.033
-0.03
-0.028
-0.026
-0.023
-0.02
-0.017
-0.014
-0.01
-0.006
-0.001
0.004
0.011
0.019
0.027
0.036
0.049
0.063
0.074
0.084
0.093
0.1
0.107
0.113
0.118
0.121
0.124
0.124
0.12
0.114
0.106
0.098
0.089
0.082
0.073
0.063
0.053
0.045
0.037
0.031
0.026
0.019
0.012
0.002
-0.008
-0.021
-0.032
-0.039
-0.045
-0.05
-0.056
-0.062
-0.068
-0.074
-0.079
-0.084
-0.089
-0.093
-0.097
-0.1
-0.103
-0.106
-0.109
-0.113
-0.117
-0.12
-0.122
-0.123
-0.122
-0.121
-0.118
-0.115
-0.11
-0.104
-0.099
-0.094
-0.09
-0.086
-0.081
-0.074
-0.067
-0.063
-0.061
-0.062
-0.063
-0.064
-0.066
-0.067
-0.069
-0.072
-0.075
-0.065
-0.047
-0.033
-0.021
-0.011
-0.004
-0.001
0.0
0.003
0.004
0.006
0.007
0.008
0.009
0.009
0.009
0.009
0.008
0.006
0.005
0.002
-0.002
-0.007
-0.013
-0.039
-0.089
-0.144
-0.162
-0.17
-0.177
-0.162
-0.136
-0.106
-0.076
-0.046
0.007
0.045
0.057
0.064
0.067
0.067
0.063
0.057
0.052
0.049
0.046
0.042
0.039
0.036
0.034
0.033
0.036
0.041
0.047
0.054
0.06
0.066
0.073
0.079
0.086
0.092
0.097
0.102
0.105
0.108
0.111
0.113
0.116
0.12
0.127
0.133
0.138
0.139
0.138
0.137
0.135
0.133
0.131
0.128
0.126
0.126
0.129
0.132
0.137
0.143
0.147
0.139
0.124
0.117
0.112
0.106
0.1
0.094
0.089
0.086
0.083
0.082
0.081
0.081
0.083
0.085
0.089
0.096
0.103
0.112
0.123
0.171
0.253
0.357
0.477
0.61
0.737
0.824
0.834
0.794
0.635
0.398
0.128
-0.122
-0.308
-0.38
-0.385
-0.336
-0.269
-0.204
-0.149
-0.113
-0.073
-0.031
-0.006
0.006
0.015
0.023
0.03
0.036
0.041
0.047
0.058
0.075
0.087
0.095
0.102
0.107
0.107
0.099
0.09
0.084
0.079
0.075
0.071
0.067
0.062
0.055
0.049
0.043
0.036
0.03
0.023
0.013
0.004
-0.001
-0.001
0.004
0.014
0.026
0.041
0.066
0.091
0.103
0.111
0.118
0.124
0.129
0.134
0.137
0.139
0.139
0.14
0.14
0.14
0.14
0.14
0.14
0.14
0.14
0.139
0.139
0.135
0.124
0.109
0.083
0.043
0.003
-0.028
-0.039
-0.043
-0.047
-0.051
-0.053
-0.054
-0.054
-0.054
-0.054
-0.055
-0.055
-0.056
-0.056
-0.056
-0.056
-0.058
-0.059
-0.06
-0.061
-0.062
-0.064
-0.066
-0.068
-0.07
-0.071
-0.072
-0.073
-0.075
-0.077
-0.08
-0.082
-0.085
-0.088
-0.091
-0.095
-0.099
-0.101
-0.101
-0.1
-0.098
-0.095
-0.092
-0.088
-0.084
-0.08
-0.076
-0.071
-0.067
-0.063
-0.059
-0.056
-0.054
-0.052
-0.05
-0.047
-0.044
-0.042
-0.04
-0.04
-0.041
-0.041
-0.043
-0.044
-0.047
-0.051
-0.056
-0.058
-0.056
-0.052
-0.047
-0.045
-0.042
-0.039
-0.035
-0.031
-0.029
-0.027
-0.027
-0.028
-0.029
-0.031
-0.033
-0.037
-0.04
-0.042
-0.041
-0.041
-0.041
-0.041
-0.041
-0.041
-0.041
-0.04
-0.039
-0.037
-0.036
-0.035
-0.034
-0.032
-0.031
-0.029
-0.027
-0.024
-0.02
-0.015
-0.001
0.023
0.033
0.039
0.045
0.048
0.049
0.045
0.038
0.032
0.028
0.026
0.023
0.021
0.019
0.016
0.012
0.009
0.006
0.003
0.0
-0.001
-0.004
-0.005
-0.006
-0.008
-0.009
-0.012
-0.015
-0.019
-0.024
-0.028
-0.033
-0.036
-0.039
-0.042
-0.043
-0.043
-0.042
-0.041
-0.038
-0.033
-0.028
-0.022
-0.015
0.017
0.077
0.15
0.242
0.349
0.461
0.554
0.589
0.58
0.494
0.33
0.132
-0.065
-0.228
-0.334
-0.358
-0.367
-0.365
-0.344
-0.313
-0.276
-0.243
-0.21
-0.183
-0.163
-0.146
-0.123
-0.091
-0.064
-0.048
-0.036
-0.026
-0.022
-0.018
-0.015
-0.012
-0.01
-0.009
-0.009
-0.009
-0.009
-0.009
-0.009
-0.009
-0.01
-0.011
-0.012
-0.013
-0.013
-0.014
-0.016
-0.018
-0.019
-0.016
-0.008
0.0
0.006
0.012
0.019
0.025
0.032
0.037
0.043
0.049
0.057
0.067
0.081
0.101
0.118
0.134
0.145
0.153
0.16
0.166
0.172
0.177
0.179
0.176
0.17
0.161
0.152
0.14
0.125
0.108
0.096
0.086
0.077
0.069
0.061
0.054
0.048
0.042
0.035
0.027
0.018
0.011
0.005
0.001
0.0
-0.002
-0.005
-0.007
-0.01
-0.013
-0.015
-0.017
-0.018
-0.019
-0.019
-0.02
-0.021
-0.023
-0.025
-0.031
-0.036
-0.036
-0.033
-0.027
-0.022
-0.015
-0.011
-0.016
-0.028
-0.042
-0.058
-0.068
-0.075
-0.082
-0.086
-0.079
-0.067
-0.061
-0.056
-0.052
-0.048
-0.045
-0.042
-0.038
-0.034
-0.029
-0.025
-0.021
-0.017
-0.014
-0.011
-0.008
-0.003
0.001
0.007
0.011
0.013
0.016
0.019
0.022
0.024
0.028
0.032
0.029
0.014
0.006
0.001
-0.003
-0.008
-0.012
-0.015
-0.017
-0.018
-0.018
-0.018
-0.016
-0.014
-0.013
-0.011
-0.009
-0.008
-0.007
-0.006
-0.005
-0.003
0.0
0.001
0.004
0.007
0.01
0.014
0.017
0.021
0.024
0.027
0.031
0.035
0.043
0.059
0.072
0.079
0.084
0.088
0.092
0.096
0.098
0.098
0.097
0.094
0.09
0.086
0.083
0.08
0.077
0.073
0.068
0.064
0.06
0.057
0.054
0.049
0.042
0.028
0.013
0.0
-0.009
-0.014
-0.009
0.001
0.009
0.015
0.022
0.027
0.032
0.036
0.04
0.046
0.055
0.065
0.073
0.098
0.15
0.217
0.29
0.371
0.458
0.546
0.614
0.636
0.613
0.543
0.383
0.182
-0.022
-0.204
-0.333
-0.37
-0.365
-0.33
-0.297
-0.263
-0.233
-0.188
-0.139
-0.094
-0.07
-0.049
-0.026
-0.011
-0.002
0.004
0.006
0.004
-0.002
-0.011
-0.018
-0.027
-0.036
-0.039
