-0.034
-0.036
-0.038
-0.041
-0.044
-0.046
-0.049
-0.052
-0.055
-0.057
-0.059
-0.061
-0.062
-0.062
-0.062
-0.062
-0.061
-0.06
-0.059
-0.058
-0.057
-0.056
-0.055
-0.054
-0.053
-0.053
-0.052
-0.051
-0.05
-0.049
-0.048
-0.047
-0.046
-0.045
-0.044
-0.042
-0.04
-0.038
-0.036
-0.033
-0.027
-0.018
-0.011
-0.003
0.004
0.013
0.023
0.032
0.042
0.051
0.058
0.065
0.071
0.076
0.082
0.088
0.094
0.1
0.104
0.108
0.113
0.116
0.119
0.121
0.123
0.123
0.121
0.119
0.116
0.112
0.106
0.1
0.09
0.07
0.053
0.036
0.02
0.003
-0.012
-0.028
-0.047
-0.059
-0.068
-0.075
-0.083
-0.091
-0.099
-0.103
-0.107
-0.111
-0.114
-0.118
-0.121
-0.124
-0.126
-0.128
-0.13
-0.131
-0.132
-0.133
-0.134
-0.134
-0.135
-0.135
-0.136
-0.136
-0.136
-0.136
-0.136
-0.135
-0.135
-0.134
-0.133
-0.133
-0.131
-0.13
-0.129
-0.128
-0.126
-0.125
-0.123
-0.122
-0.121
-0.12
-0.119
-0.118
-0.117
-0.116
-0.115
-0.114
-0.114
-0.113
-0.112
-0.111
-0.11
-0.109
-0.108
-0.107
-0.106
-0.104
-0.103
-0.102
-0.1
-0.097
-0.094
-0.091
-0.088
-0.084
-0.08
-0.076
-0.071
-0.067
-0.062
-0.059
-0.056
-0.054
-0.052
-0.05
-0.048
-0.047
-0.045
-0.044
-0.043
-0.041
-0.04
-0.039
-0.038
-0.037
-0.036
-0.035
-0.034
-0.033
-0.032
-0.032
-0.031
-0.03
-0.029
-0.028
-0.027
-0.026
-0.025
-0.023
-0.021
-0.019
-0.015
-0.011
-0.007
-0.002
0.001
0.006
0.011
0.018
0.029
0.048
0.065
0.087
0.114
0.139
0.164
0.189
0.215
0.236
0.252
0.271
0.282
0.288
0.293
0.296
0.3
0.303
0.307
0.311
0.315
0.319
0.323
0.328
0.332
0.336
0.34
0.343
0.345
0.345
0.345
0.344
0.341
0.338
0.334
0.329
0.318
0.291
0.259
0.223
0.184
0.146
0.107
0.071
0.043
0.022
0.011
0.007
0.005
0.004
0.002
0.002
0.001
0.0
0.0
0.0
0.0
-0.001
-0.001
-0.001
-0.002
-0.002
-0.002
-0.001
0.0
0.001
0.003
0.005
0.008
0.011
0.014
0.017
0.02
0.023
0.026
0.028
0.032
0.037
0.045
0.052
0.058
0.061
0.061
0.058
0.053
0.047
0.038
0.026
0.004
-0.015
-0.035
-0.054
-0.069
-0.082
-0.094
-0.095
-0.085
-0.059
-0.007
0.064
0.153
0.254
0.36
0.466
0.561
0.635
0.669
0.68
0.66
0.603
0.518
0.419
0.317
0.218
0.129
0.055
-0.002
-0.023
-0.03
-0.034
-0.037
-0.037
-0.034
-0.027
-0.02
-0.015
-0.009
-0.003
0.0
0.003
0.003
0.0
-0.007
-0.016
-0.032
-0.058
-0.081
-0.106
-0.129
-0.146
-0.16
-0.166
-0.17
-0.172
-0.175
-0.176
-0.178
-0.179
-0.181
-0.182
-0.182
-0.183
-0.183
-0.182
-0.181
-0.18
-0.179
-0.178
-0.177
-0.175
-0.174
-0.173
-0.171
-0.17
-0.169
-0.167
-0.166
-0.164
-0.163
-0.161
-0.16
-0.159
-0.157
-0.155
-0.153
-0.151
-0.149
-0.146
-0.139
-0.13
-0.121
-0.113
-0.103
-0.093
-0.082
-0.071
-0.061
-0.051
-0.045
-0.041
-0.036
-0.032
-0.029
-0.027
-0.026
-0.025
-0.025
-0.026
-0.029
-0.032
-0.036
-0.041
-0.047
-0.053
-0.06
-0.07
-0.082
-0.092
-0.101
-0.11
-0.119
-0.127
-0.135
-0.142
-0.148
-0.153
-0.157
-0.16
-0.163
-0.165
-0.167
-0.169
-0.171
-0.173
-0.174
-0.175
-0.176
-0.176
-0.176
-0.176
-0.176
-0.175
-0.174
-0.172
-0.171
-0.169
-0.167
-0.164
-0.162
-0.159
-0.157
-0.154
-0.152
-0.149
-0.147
-0.144
-0.142
-0.14
-0.137
-0.135
-0.132
-0.129
-0.125
-0.122
-0.12
-0.117
-0.114
-0.111
-0.108
-0.105
-0.102
-0.1
-0.097
-0.096
-0.094
-0.092
-0.09
-0.089
-0.088
-0.087
-0.086
-0.085
-0.084
-0.083
-0.082
-0.082
-0.081
-0.08
-0.079
-0.078
-0.077
-0.076
-0.075
-0.074
-0.073
-0.072
-0.071
-0.07
-0.07
-0.069
-0.068
-0.066
-0.065
-0.063
-0.061
-0.059
-0.056
-0.051
-0.042
-0.032
-0.023
-0.013
0.0
0.015
0.031
0.037
0.04
0.042
0.044
0.045
0.047
0.049
0.051
0.053
0.056
0.059
0.062
0.064
0.066
0.068
0.071
0.073
0.076
0.08
0.084
0.088
0.093
0.098
0.102
0.106
0.11
0.114
0.117
0.121
0.124
0.126
0.129
0.131
0.133
0.135
0.136
0.138
0.139
0.139
0.14
0.141
0.141
0.143
0.144
0.145
0.145
0.146
0.146
0.147
0.148
0.15
0.152
0.156
0.166
0.195
0.228
0.264
0.303
0.342
0.379
0.415
0.445
0.465
0.474
0.48
0.485
0.488
0.482
0.468
0.445
0.417
0.375
0.331
0.283
0.234
0.186
0.138
0.105
0.074
0.051
0.029
0.021
0.017
0.013
0.01
0.007
0.004
0.002
0.0
-0.002
-0.003
-0.005
-0.006
-0.007
-0.007
-0.008
-0.008
-0.008
-0.008
-0.008
-0.008
-0.008
-0.008
-0.008
-0.008
-0.008
-0.007
-0.006
-0.004
-0.002
0.0
0.001
0.003
0.006
0.009
0.013
0.018
0.047
0.093
0.161
0.252
0.367
0.498
0.632
0.749
0.821
0.828
0.788
0.659
0.473
0.261
0.055
-0.114
-0.233
-0.285
-0.304
-0.304
-0.288
-0.265
-0.234
-0.199
-0.167
-0.135
-0.108
-0.095
-0.086
-0.081
-0.079
-0.082
-0.091
-0.101
-0.113
-0.128
-0.139
-0.147
-0.152
-0.157
-0.162
-0.165
-0.167
-0.168
-0.166
-0.162
-0.156
-0.148
-0.132
-0.105
-0.079
-0.052
-0.022
0.006
0.035
0.063
0.086
0.101
0.111
0.115
0.119
0.122
0.124
0.126
0.126
0.123
0.118
0.111
0.103
0.09
0.068
0.05
0.033
0.016
-0.004
-0.018
-0.029
-0.037
-0.041
-0.041
-0.041
-0.041
-0.041
-0.041
-0.041
-0.041
-0.04
-0.039
-0.035
-0.028
-0.02
-0.012
-0.007
-0.001
0.003
0.008
0.012
0.016
0.018
0.019
0.019
0.018
0.016
0.013
0.009
0.005
0.0
-0.005
-0.012
-0.023
-0.035
-0.046
-0.056
-0.067
-0.077
-0.087
-0.098
-0.108
-0.117
-0.125
-0.132
-0.139
-0.145
-0.15
-0.155
-0.158
-0.161
-0.164
-0.167
-0.17
-0.172
-0.174
-0.176
-0.177
-0.177
-0.18
-0.179
-0.176
-0.172
-0.167
-0.162
-0.155
-0.149
-0.142
-0.136
-0.13
-0.125
-0.12
-0.115
-0.11
-0.107
-0.104
-0.101
-0.099
-0.097
-0.096
-0.095
-0.094
-0.093
-0.093
-0.093
-0.093
-0.093
-0.093
-0.094
-0.094
-0.095
-0.095
-0.096
-0.096
-0.096
-0.095
-0.095
-0.094
-0.093
-0.09
-0.079
-0.065
-0.046
-0.02
0.006
0.037
0.07
0.103
0.136
0.165
0.19
0.216
0.236
0.252
0.27
0.287
0.301
0.315
0.33
0.339
0.347
0.355
0.361
0.365
0.367
0.366
0.362
0.356
0.349
0.341
0.332
0.322
0.309
0.296
0.286
0.277
0.27
0.265
0.259
0.255
0.25
0.246
0.24
0.231
0.215
0.199
0.177
0.149
0.121
0.093
0.063
0.034
0.007
-0.021
-0.046
-0.065
-0.084
-0.101
-0.116
-0.125
-0.132
-0.136
-0.139
-0.142
-0.143
-0.144
-0.143
-0.142
-0.14
-0.138
-0.135
-0.132
-0.129
-0.127
-0.124
-0.122
-0.119
-0.117
-0.115
-0.113
-0.111
-0.109
-0.108
-0.106
-0.104
-0.102
-0.099
-0.096
-0.091
-0.085
-0.077
-0.07
-0.062
-0.055
-0.048
-0.041
-0.035
-0.03
-0.026
-0.024
-0.024
-0.025
-0.028
-0.031
-0.035
-0.04
-0.045
-0.049
-0.053
-0.056
-0.059
-0.062
-0.068
-0.074
-0.082
-0.09
-0.098
-0.105
-0.11
-0.114
-0.118
-0.122
-0.126
-0.128
-0.13
-0.132
-0.132
-0.133
-0.133
-0.133
-0.132
-0.132
-0.131
-0.13
-0.13
-0.129
-0.128
-0.127
-0.126
-0.124
-0.122
-0.121
-0.119
-0.117
-0.114
-0.1
-0.062
0.002
0.089
0.201
0.334
0.477
0.616
0.729
0.781
0.778
0.705
0.549
0.341
0.118
-0.081
-0.234
-0.328
-0.352
-0.357
-0.345
-0.306
-0.269
-0.23
-0.191
-0.168
-0.156
-0.146
-0.137
-0.129
-0.123
-0.119
-0.116
-0.114
-0.111
-0.108
-0.106
-0.104
-0.102
-0.1
-0.098
-0.096
-0.094
-0.093
-0.091
-0.09
-0.088
-0.087
-0.085
-0.084
-0.081
-0.079
-0.076
-0.073
-0.069
-0.066
-0.062
-0.059
-0.055
-0.051
-0.045
-0.037
-0.024
-0.012
0.0
0.011
0.022
0.035
0.048
0.058
0.066
0.072
0.078
0.083
0.088
0.093
0.099
0.106
0.114
0.122
0.131
0.143
0.156
0.171
0.186
0.195
0.202
0.207
0.212
0.216
0.219
0.221
0.222
0.221
0.22
0.219
0.216
0.213
0.21
0.207
0.203
0.199
0.195
0.191
0.186
0.18
0.173
0.159
0.144
0.131
0.118
0.105
0.092
0.08
0.066
0.054
0.043
0.033
0.023
0.015
0.007
0.0
-0.005
-0.009
-0.011
-0.014
-0.016
-0.018
-0.02
-0.021
-0.022
-0.022
-0.022
-0.022
-0.021
-0.02
-0.019
-0.018
-0.017
-0.016
-0.014
-0.013
-0.011
-0.01
-0.009
-0.008
-0.008
-0.008
-0.009
-0.01
-0.011
-0.012
-0.012
-0.013
-0.013
-0.013
-0.012
-0.011
-0.01
-0.009
-0.007
-0.006
-0.004
-0.003
-0.001
0.0
0.0
0.001
0.002
0.002
0.003
0.002
0.002
0.0
-0.001
-0.003
-0.006
-0.01
-0.013
-0.017
-0.021
-0.024
-0.027
-0.03
-0.033
-0.035
-0.037
-0.039
-0.041
-0.042
-0.043
-0.044
-0.044
-0.047
-0.05
-0.054
-0.056
-0.055
-0.055
-0.054
-0.054
-0.054
-0.054
-0.054
-0.054
-0.055
-0.055
-0.056
-0.057
-0.058
-0.058
-0.059
-0.059
-0.059
-0.059
-0.059
-0.059
-0.059
-0.058
-0.058
-0.058
-0.058
-0.059
-0.059
-0.06
-0.06
-0.06
-0.06
-0.06
-0.06
-0.059
-0.059
-0.059
-0.059
-0.06
-0.06
-0.062
-0.063
-0.065
-0.067
-0.068
-0.069
-0.07
-0.07
-0.07
-0.069
-0.067
-0.064
-0.06
-0.055
-0.049
-0.043
-0.036
-0.029
-0.023
-0.017
-0.011
-0.004
0.0
0.005
0.009
0.012
0.015
0.017
0.019
0.02
0.02
0.02
0.019
0.017
0.015
0.012
0.008
0.005
0.0
-0.004
-0.01
-0.016
-0.022
-0.028
-0.034
-0.039
-0.045
-0.05
-0.054
-0.058
-0.061
-0.064
-0.066
-0.068
-0.07
-0.071
-0.071
-0.071
-0.071
-0.07
-0.069
-0.068
-0.066
-0.064
-0.062
-0.059
-0.056
-0.052
-0.049
-0.045
-0.041
-0.021
0.026
0.103
0.206
0.336
0.489
0.651
0.798
0.892
0.924
0.895
0.806
0.639
0.443
0.255
0.1
-0.007
-0.061
-0.078
-0.087
-0.089
-0.082
-0.068
-0.05
-0.032
-0.012
0.004
0.012
0.018
0.02
0.02
0.02
0.02
0.018
0.017
0.015
0.013
0.011
0.009
0.006
0.004
0.002
0.0
-0.001
-0.002
-0.003
-0.004
-0.004
-0.003
-0.002
0.0
0.002
0.005
0.007
0.01
0.013
0.016
0.018
0.02
0.022
0.024
0.025
0.026
0.027
0.029
0.03
0.031
0.032
0.034
0.035
0.036
0.037
0.039
0.04
0.041
0.042
0.043
0.044
0.045
0.05
0.057
0.065
0.072
0.079
0.086
0.094
0.105
0.119
0.133
0.146
0.159
0.167
0.175
0.182
0.189
0.194
0.198
0.199
0.197
0.194
0.19
0.184
0.179
0.173
0.167
0.16
0.149
0.137
0.124
0.109
0.092
0.075
0.058
0.04
0.018
0.004
-0.006
-0.014
-0.019
-0.022
-0.023
-0.025
-0.026
-0.027
-0.028
-0.027
-0.027
-0.026
-0.025
-0.023
-0.019
-0.013
-0.006
0.001
0.007
0.013
0.018
0.024
0.029
0.033
0.035
0.034
0.03
0.023
0.015
0.006
-0.001
-0.007
-0.013
-0.018
-0.024
-0.029
-0.034
-0.037
-0.039
-0.041
-0.042
-0.043
-0.044
-0.045
-0.046
-0.046
-0.047
-0.048
-0.049
-0.049
-0.05
-0.051
-0.052
-0.053
-0.054
-0.055
-0.056
-0.058
-0.059
-0.061
-0.063
-0.065
-0.068
-0.07
-0.073
-0.076
-0.079
-0.082
-0.085
-0.088
-0.091
-0.095
-0.099
-0.103
-0.107
-0.111
-0.114
-0.117
-0.118
-0.118
-0.117
-0.115
-0.112
-0.108
-0.104
-0.1
-0.095
-0.09
-0.086
-0.082
-0.078
-0.075
-0.072
-0.07
-0.069
-0.068
-0.067
-0.067
-0.066
-0.066
-0.065
-0.064
-0.064
-0.063
-0.062
-0.06
-0.059
-0.057
-0.054
-0.052
-0.049
-0.046
-0.042
-0.037
-0.03
-0.021
-0.014
-0.007
0.0
0.004
0.007
0.01
0.013
0.015
0.017
0.018
0.02
0.022
0.024
0.026
0.027
0.029
0.03
0.033
0.037
0.041
0.048
0.06
0.073
0.086
0.098
0.111
0.122
0.13
0.136
0.141
0.145
0.147
0.148
0.146
0.141
0.133
0.122
0.102
0.074
0.052
0.028
0.007
-0.007
-0.02
-0.03
-0.039
-0.046
-0.048
-0.046
-0.038
-0.013
0.028
0.091
0.177
0.282
0.404
0.533
0.655
0.749
0.777
0.765
0.671
0.503
0.296
0.086
-0.093
-0.22
-0.272
-0.291
-0.298
-0.293
-0.281
-0.264
-0.24
-0.217
-0.191
-0.164
-0.136
-0.115
-0.102
-0.091
-0.082
-0.078
-0.075
-0.073
-0.072
-0.071
-0.071
-0.07
-0.07
-0.07
-0.07
-0.069
-0.068
-0.067
-0.066
-0.065
-0.063
-0.062
-0.06
-0.058
-0.055
-0.052
-0.049
-0.046
-0.042
-0.038
-0.033
-0.027
-0.02
-0.015
-0.01
-0.007
-0.004
-0.001
0.0
0.002
0.004
0.006
0.008
0.009
0.011
0.014
0.017
0.019
0.021
0.024
0.028
0.033
0.042
0.06
0.076
0.092
0.108
0.126
0.141
0.154
0.164
0.172
0.176
0.18
0.184
0.186
0.188
0.188
0.188
0.186
0.183
0.179
0.173
0.167
0.161
0.153
0.139
0.127
0.115
0.102
0.086
0.071
0.056
0.04
0.026
0.011
-0.003
-0.019
-0.031
-0.039
-0.046
-0.051
-0.055
-0.058
-0.061
-0.063
-0.065
-0.067
-0.068
-0.07
-0.071
-0.072
-0.073
-0.074
-0.074
-0.074
-0.074
-0.074
-0.074
-0.073
-0.073
-0.072
-0.072
-0.071
-0.071
-0.071
-0.07
-0.069
-0.069
-0.068
-0.066
-0.065
-0.063
-0.062
-0.06
-0.058
-0.056
-0.053
-0.051
-0.049
-0.047
-0.045
-0.043
-0.042
-0.04
-0.039
-0.038
-0.036
-0.035
-0.034
-0.033
-0.032
-0.032
-0.031
-0.031
-0.03
-0.03
-0.03
-0.029
-0.029
-0.028
-0.027
-0.025
-0.023
-0.022
-0.02
-0.018
-0.016
-0.014
-0.012
-0.01
-0.009
-0.007
-0.006
-0.006
-0.005
-0.005
-0.005
-0.006
-0.006
-0.007
-0.008
-0.009
-0.01
-0.011
-0.012
-0.013
-0.013
-0.014
-0.015
-0.016
-0.016
-0.017
-0.017
-0.017
-0.017
-0.017
-0.018
-0.018
-0.018
-0.018
-0.018
-0.017
-0.017
-0.017
-0.017
-0.016
-0.016
-0.015
-0.015
-0.014
-0.013
-0.012
-0.012
-0.011
-0.01
-0.009
-0.009
-0.008
-0.007
-0.006
-0.005
-0.005
-0.004
-0.003
-0.002
0.0
0.0
0.001
0.003
0.005
0.007
0.01
0.012
0.016
0.019
0.023
0.028
0.033
0.042
0.05
0.057
0.062
0.066
0.069
0.072
0.074
0.076
0.078
0.08
0.08
0.081
0.081
0.08
0.078
0.075
0.071
0.066
0.062
0.057
0.052
0.047
0.041
0.034
0.027
0.022
0.017
0.013
0.01
0.007
0.005
0.003
0.001
0.0
-0.002
-0.004
-0.005
-0.007
-0.008
-0.009
-0.01
-0.012
-0.012
-0.012
-0.012
-0.012
-0.011
-0.01
-0.006
0.013
0.062
0.134
0.234
0.359
0.504
0.658
0.804
0.92
0.961
0.951
0.852
0.666
0.431
0.189
-0.018
-0.166
-0.227
-0.248
-0.234
-0.211
-0.183
-0.16
-0.142
-0.124
-0.114
-0.109
-0.104
-0.101
-0.098
-0.095
-0.093
-0.09
-0.088
-0.086
-0.085
-0.083
-0.082
-0.081
-0.08
-0.08
-0.079
-0.079
-0.079
-0.078
-0.078
-0.078
-0.078
-0.077
-0.077
-0.077
-0.076
-0.076
-0.075
-0.074
-0.073
-0.072
-0.07
-0.068
-0.066
-0.063
-0.06
-0.057
-0.053
-0.049
-0.041
-0.033
-0.025
-0.02
-0.015
-0.011
-0.008
-0.006
-0.003
-0.001
0.0
0.002
0.005
0.007
0.01
0.013
0.018
0.024
0.035
0.045
0.056
0.066
0.075
0.083
0.089
0.095
0.099
0.102
0.104
0.107
0.109
0.11
0.112
0.112
0.112
0.111
0.109
0.107
0.104
0.1
0.096
0.091
0.083
0.066
0.053
0.036
0.016
-0.002
-0.023
-0.042
-0.056
-0.071
-0.085
-0.096
-0.106
-0.115
-0.119
-0.122
-0.124
-0.126
-0.128
-0.13
-0.132
-0.133
-0.135
-0.135
-0.136
-0.136
-0.137
-0.137
-0.136
-0.136
-0.135
-0.134
-0.133
-0.132
-0.131
-0.129
-0.128
-0.126
-0.125
-0.123
-0.121
-0.119
-0.117
-0.115
-0.113
-0.111
-0.109
-0.107
-0.102
-0.096
-0.091
-0.086
-0.081
-0.075
-0.068
-0.059
-0.05
-0.043
-0.036
-0.032
-0.029
-0.026
-0.024
-0.022
-0.021
-0.021
-0.022
-0.024
-0.027
-0.03
-0.033
-0.037
-0.04
-0.043
-0.045
-0.046
-0.047
-0.048
-0.049
-0.049
-0.049
-0.049
-0.049
-0.049
-0.048
-0.048
-0.047
-0.047
-0.046
-0.046
-0.046
-0.045
-0.045
-0.044
-0.043
-0.042
-0.041
-0.04
-0.039
-0.038
-0.037
-0.035
-0.033
-0.031
-0.029
-0.027
-0.025
-0.022
-0.019
-0.015
-0.009
-0.004
0.0
0.004
0.008
0.011
0.013
0.015
0.017
0.018
0.019
0.02
0.021
0.022
0.022
0.023
0.024
0.025
0.025
0.027
0.028
0.028
0.029
0.03
0.031
0.032
0.033
0.034
0.036
0.038
0.04
0.043
0.048
0.06
0.071
0.081
0.092
0.106
0.119
0.129
0.137
0.145
0.152
0.16
0.164
0.168
0.171
0.173
0.176
0.178
0.181
0.183
0.186
0.188
0.191
0.193
0.195
0.197
0.199
0.201
0.204
0.205
0.207
0.208
0.209
0.209
0.208
0.207
0.206
0.204
0.201
0.197
0.193
0.182
0.161
0.14
0.116
0.091
0.067
0.044
0.027
0.018
0.012
0.009
0.009
0.015
0.024
0.039
0.062
0.079
0.092
0.105
0.117
0.129
0.144
0.165
0.192
0.239
0.299
0.377
0.47
0.575
0.68
0.771
0.819
0.818
0.763
0.623
0.427
0.205
-0.006
-0.178
-0.295
-0.343
-0.359
-0.35
-0.325
-0.287
-0.261
-0.236
-0.217
-0.2
-0.192
-0.188
-0.183
-0.181
-0.179
-0.177
-0.175
-0.174
-0.172
-0.17
-0.169
-0.168
-0.167
-0.167
-0.166
-0.166
-0.166
-0.165
-0.165
-0.164
-0.163
-0.162
-0.161
-0.16
-0.159
-0.157
-0.156
-0.154
-0.152
-0.149
-0.147
-0.145
-0.142
-0.14
-0.138
-0.135
-0.133
-0.129
-0.125
-0.121
-0.117
-0.114
-0.11
-0.103
-0.09
-0.066
-0.044
-0.02
0.006
0.033
0.062
0.09
0.119
0.145
0.169
0.192
0.209
0.221
0.23
0.234
0.235
0.236
0.238
0.239
0.241
0.243
0.244
0.246
0.246
0.246
0.245
0.244
0.243
0.241
0.238
0.234
0.223
0.2
0.177
0.155
0.132
0.108
0.087
0.072
0.056
0.04
0.024
0.009
-0.006
-0.022
-0.038
-0.053
-0.065
-0.077
-0.087
-0.095
-0.101
-0.105
-0.11
-0.115
-0.121
-0.129
-0.14
-0.158
-0.175
-0.19
-0.204
-0.215
-0.224
-0.229
-0.234
-0.238
-0.241
-0.243
-0.244
-0.245
-0.244
-0.243
-0.241
-0.238
-0.234
-0.23
-0.225
-0.22
-0.215
-0.211
-0.206
-0.201
-0.195
-0.19
-0.185
-0.181
-0.177
-0.174
-0.171
-0.168
-0.164
-0.16
-0.156
-0.152
-0.147
-0.142
-0.136
-0.13
-0.124
-0.119
-0.114
-0.11
-0.106
-0.102
-0.098
-0.094
-0.092
-0.09
-0.089
-0.086
-0.083
-0.079
-0.072
-0.064
-0.055
-0.044
-0.03
-0.012
0.006
0.022
0.036
0.049
0.06
0.065
0.069
0.073
0.075
0.078
0.08
0.081
0.083
0.084
0.084
0.085
0.085
0.084
0.083
0.081
0.078
0.074
0.069
0.064
0.059
0.053
0.048
0.042
0.036
0.028
0.021
0.014
0.008
0.005
0.003
0.005
0.007
0.011
0.015
0.02
0.025
0.03
0.037
0.047
0.058
0.069
0.079
0.086
0.093
0.098
0.103
0.108
0.113
0.118
0.122
0.125
0.128
0.13
0.132
0.134
0.136
0.139
0.143
0.146
0.151
0.155
0.16
0.166
0.172
0.179
0.186
0.192
0.198
0.201
0.201
0.199
0.195
0.19
0.183
0.174
0.161
0.139
0.117
0.106
0.1
0.095
0.092
0.089
0.088
0.086
0.085
0.085
0.086
0.086
0.086
0.086
0.086
0.086
0.086
0.085
0.083
0.082
0.079
0.076
0.073
0.068
0.06
0.052
0.05
0.056
0.07
0.112
0.178
0.271
0.387
0.523
0.666
0.798
0.897
0.917
0.9
0.785
0.595
0.37
0.147
-0.037
-0.163
-0.203
-0.218
-0.213
-0.187
-0.175
-0.168
-0.162
-0.156
-0.151
-0.148
-0.144
-0.141
-0.14
-0.139
-0.138
-0.138
-0.138
-0.137
-0.137
-0.137
-0.137
-0.136
-0.136
-0.136
-0.136
-0.137
-0.137
-0.136
-0.136
-0.136
-0.136
-0.135
-0.134
-0.134
-0.133
-0.133
-0.132
-0.131
-0.13
-0.128
-0.127
-0.124
-0.121
-0.117
-0.112
-0.108
-0.103
-0.098
-0.093
-0.087
-0.08
-0.074
-0.068
-0.064
-0.06
-0.058
-0.055
-0.053
-0.05
-0.047
-0.044
-0.041
-0.037
-0.033
-0.029
-0.025
-0.02
-0.013
-0.004
0.004
0.014
0.025
0.034
0.044
0.052
0.058
0.062
0.065
0.068
0.07
0.073
0.075
0.076
0.076
0.074
0.071
0.065
0.058
0.049
0.04
0.028
0.008
-0.009
-0.026
-0.04
-0.053
-0.063
-0.071
-0.078
-0.084
-0.087
-0.09
-0.092
-0.095
-0.097
-0.1
-0.102
-0.103
-0.105
-0.106
-0.107
-0.108
-0.108
-0.108
-0.107
-0.107
-0.105
-0.104
-0.102
-0.1
-0.097
-0.095
-0.092
-0.089
-0.087
-0.084
-0.082
-0.079
-0.077
-0.075
-0.072
-0.07
-0.068
-0.066
-0.064
-0.062
-0.059
-0.056
-0.053
-0.049
-0.046
-0.042
-0.039
-0.035
-0.031
-0.027
-0.022
-0.018
-0.014
-0.01
-0.008
-0.006
-0.003
-0.001
0.001
0.003
0.005
0.007
0.009
0.01
0.012
0.013
0.014
0.015
0.016
0.016
0.017
0.018
0.018
0.019
0.019
0.02
0.02
0.021
0.021
0.021
0.022
0.022
0.022
0.022
0.022
0.023
0.023
0.023
0.023
0.023
0.024
0.024
0.024
0.024
0.024
0.024
0.024
0.024
0.024
0.024
0.024
0.024
0.024
0.024
0.024
0.024
0.024
0.023
0.023
0.023
0.022
0.022
0.022
0.021
0.02
0.02
0.019
0.019
0.018
0.017
0.017
0.016
0.015
0.015
0.014
0.014
0.014
0.013
0.013
0.012
0.012
0.011
0.011
0.01
0.009
0.008
0.007
0.006
0.005
0.004
0.003
0.003
0.002
0.001
0.001
0.001
0.0
0.001
0.001
0.002
0.003
0.004
0.005
0.007
0.009
0.011
0.013
0.016
0.019
0.022
0.025
0.028
0.031
0.034
0.036
0.038
0.039
0.04
0.04
0.039
0.037
0.034
0.031
0.027
0.023
0.018
0.013
0.008
0.003
-0.001
-0.007
-0.015
-0.023
-0.03
-0.036
-0.042
-0.048
-0.052
-0.055
-0.058
-0.061
-0.064
-0.067
-0.07
-0.073
-0.076
-0.078
-0.08
-0.082
-0.084
-0.086
-0.086
-0.086
-0.086
-0.085
-0.084
-0.082
-0.077
-0.071
-0.039
0.014
0.091
0.191
0.312
0.447
0.585
0.708
0.791
0.802
0.771
0.641
0.447
0.222
0.005
-0.171
-0.289
-0.334
-0.349
-0.332
-0.305
-0.271
-0.236
-0.198
-0.175
-0.164
-0.157
-0.15
-0.143
-0.135
-0.128
-0.123
-0.121
-0.118
-0.116
-0.113
-0.111
-0.108
-0.106
-0.104
-0.101
-0.099
-0.098
-0.096
-0.094
-0.092
-0.091
-0.089
-0.088
-0.086
-0.084
-0.083
-0.081
-0.079
-0.077
-0.075
-0.072
-0.069
-0.066
-0.062
-0.059
-0.055
-0.051
-0.047
-0.043
-0.039
-0.035
-0.031
-0.026
-0.021
-0.015
-0.009
-0.003
0.001
0.006
0.011
0.014
0.018
0.023
0.029
0.036
0.044
0.053
0.063
0.073
0.082
0.092
0.101
0.109
0.114
0.119
0.123
0.126
0.129
0.132
0.135
0.136
0.137
0.136
0.134
0.13
0.125
0.118
0.111
0.101
0.086
0.072
0.058
0.048
0.039
0.032
0.028
0.028
0.032
0.038
0.047
0.058
0.075
0.093
0.109
0.123
0.136
0.148
0.152
0.155
0.158
0.16
0.162
0.164
0.167
0.169
0.171
0.173
0.175
0.176
0.178
0.179
0.18
0.18
0.18
0.18
0.178
0.176
0.174
0.171
0.167
0.163
0.159
0.155
0.151
0.147
0.143
0.138
0.133
0.129
0.125
0.122
0.12
0.12
0.122
0.126
0.131
0.138
0.145
0.152
0.16
0.171
0.181
0.187
0.189
0.186
0.18
0.172
0.157
0.134
0.111
0.085
0.061
0.044
0.029
0.021
0.016
0.013
0.01
0.008
0.006
0.005
0.005
0.007
0.01
0.014
0.019
0.025
0.03
0.036
0.043
0.05
0.058
0.064
0.066
0.065
0.061
0.054
0.045
0.029
0.001
-0.025
-0.053
-0.082
-0.111
-0.135
-0.152
-0.161
-0.167
-0.17
-0.172
-0.172
-0.169
-0.162
-0.154
-0.147
-0.142
-0.139
-0.137
-0.137
-0.139
-0.141
-0.144
-0.146
-0.148
-0.149
-0.149
-0.148
-0.146
-0.144
