-0.004
0.002
0.009
0.015
0.023
0.032
0.041
0.052
0.066
0.077
0.085
0.093
0.101
0.109
0.112
0.113
0.114
0.115
0.116
0.116
0.115
0.113
0.11
0.106
0.1
0.091
0.084
0.078
0.073
0.067
0.061
0.055
0.049
0.043
0.038
0.032
0.027
0.021
0.015
0.008
0.0
-0.008
-0.016
-0.024
-0.032
-0.039
-0.047
-0.057
-0.062
-0.066
-0.069
-0.071
-0.072
-0.074
-0.075
-0.077
-0.078
-0.078
-0.079
-0.079
-0.08
-0.081
-0.082
-0.083
-0.084
-0.085
-0.086
-0.087
-0.088
-0.09
-0.091
-0.091
-0.092
-0.092
-0.093
-0.093
-0.094
-0.095
-0.095
-0.096
-0.097
-0.099
-0.1
-0.101
-0.102
-0.103
-0.104
-0.104
-0.105
-0.106
-0.107
-0.108
-0.109
-0.11
-0.113
-0.115
-0.117
-0.117
-0.117
-0.115
-0.113
-0.111
-0.108
-0.104
-0.1
-0.096
-0.091
-0.087
-0.082
-0.077
-0.071
-0.067
-0.066
-0.065
-0.064
-0.063
-0.062
-0.065
-0.071
-0.08
-0.094
-0.107
-0.117
-0.126
-0.135
-0.145
-0.149
-0.151
-0.154
-0.155
-0.155
-0.154
-0.153
-0.152
-0.151
-0.15
-0.15
-0.15
-0.151
-0.152
-0.152
-0.153
-0.154
-0.153
-0.15
-0.147
-0.143
-0.141
-0.144
-0.15
-0.155
-0.161
-0.162
-0.16
-0.153
-0.136
-0.1
-0.045
0.031
0.126
0.233
0.338
0.448
0.49
0.48
0.389
0.209
-0.025
-0.242
-0.369
-0.392
-0.343
-0.257
-0.18
-0.155
-0.148
-0.152
-0.158
-0.162
-0.15
-0.141
-0.136
-0.132
-0.129
-0.125
-0.122
-0.121
-0.119
-0.117
-0.113
-0.108
-0.101
-0.094
-0.09
-0.088
-0.086
-0.084
-0.082
-0.08
-0.078
-0.077
-0.076
-0.076
-0.075
-0.074
-0.073
-0.072
-0.069
-0.06
-0.047
-0.036
-0.025
-0.014
-0.001
0.012
0.024
0.033
0.041
0.052
0.065
0.075
0.081
0.087
0.092
0.098
0.104
0.107
0.109
0.11
0.111
0.112
0.112
0.111
0.107
0.103
0.098
0.091
0.086
0.081
0.076
0.073
0.069
0.065
0.06
0.054
0.046
0.037
0.028
0.021
0.012
0.003
-0.006
-0.013
-0.019
-0.023
-0.025
-0.027
-0.028
-0.028
-0.029
-0.031
-0.032
-0.033
-0.034
-0.034
-0.034
-0.034
-0.034
-0.034
-0.032
-0.03
-0.028
-0.026
-0.024
-0.023
-0.021
-0.02
-0.018
-0.016
-0.014
-0.011
-0.008
-0.006
-0.004
-0.002
0.0
0.0
0.002
0.002
0.003
0.003
0.003
0.003
0.003
0.003
0.003
0.003
0.003
0.003
0.003
0.004
0.004
0.005
0.005
0.006
0.006
0.007
0.009
0.01
0.012
0.014
0.018
0.026
0.033
0.039
0.046
0.052
0.058
0.063
0.067
0.07
0.073
0.075
0.076
0.076
0.074
0.072
0.068
0.064
0.058
0.047
0.038
0.03
0.023
0.015
0.006
-0.001
-0.007
-0.011
-0.015
-0.016
-0.017
-0.018
-0.018
-0.018
-0.019
-0.019
-0.02
-0.02
-0.021
-0.022
-0.022
-0.023
-0.024
-0.024
-0.024
-0.023
-0.023
-0.022
-0.02
-0.019
-0.017
-0.015
-0.012
-0.01
-0.007
0.01
0.052
0.117
0.207
0.319
0.443
0.556
0.624
0.628
0.573
0.42
0.223
0.029
-0.115
-0.182
-0.189
-0.162
-0.109
-0.068
-0.049
-0.044
-0.04
-0.035
-0.029
-0.018
-0.005
-0.001
0.0
0.0
0.001
0.002
0.002
0.002
0.003
0.004
0.004
0.005
0.005
0.005
0.006
0.006
0.007
0.008
0.009
0.01
0.011
0.013
0.015
0.016
0.018
0.021
0.025
0.03
0.034
0.039
0.043
0.05
0.06
0.071
0.083
0.094
0.102
0.114
0.128
0.139
0.147
0.158
0.164
0.168
0.171
0.173
0.175
0.176
0.176
0.176
0.175
0.173
0.17
0.167
0.164
0.161
0.156
0.15
0.146
0.142
0.137
0.133
0.128
0.122
0.117
0.111
0.103
0.093
0.084
0.077
0.071
0.066
0.06
0.054
0.048
0.044
0.039
0.036
0.034
0.032
0.03
0.029
0.028
0.027
0.027
0.026
0.026
0.026
0.026
0.026
0.026
0.026
0.027
0.027
0.028
0.028
0.028
0.029
0.03
0.03
0.03
0.03
0.03
0.03
0.03
0.03
0.03
0.03
0.03
0.03
0.03
0.03
0.029
0.028
0.027
0.026
0.027
0.029
0.032
0.033
0.034
0.036
0.037
0.038
0.04
0.042
0.044
0.045
0.047
0.048
0.05
0.052
0.054
0.057
0.062
0.067
0.072
0.077
0.081
0.085
0.089
0.092
0.094
0.094
0.093
0.091
0.087
0.083
0.078
0.068
0.057
0.048
0.04
0.034
0.028
0.022
0.014
0.006
0.002
0.001
0.0
-0.001
-0.003
-0.005
-0.006
-0.007
-0.008
-0.009
-0.01
-0.01
-0.01
-0.01
-0.01
-0.01
-0.01
-0.01
-0.009
-0.009
-0.008
-0.007
-0.006
-0.005
-0.002
0.0
0.004
0.022
0.061
0.124
0.214
0.33
0.459
0.573
0.637
0.634
0.553
0.374
0.157
-0.049
-0.199
-0.252
-0.252
-0.198
-0.128
-0.075
-0.062
-0.058
-0.058
-0.063
-0.066
-0.069
-0.071
-0.073
-0.073
-0.073
-0.071
-0.07
-0.069
-0.069
-0.068
-0.067
-0.065
-0.064
-0.063
-0.062
-0.06
-0.059
-0.057
-0.055
-0.054
-0.052
-0.05
-0.047
-0.043
-0.039
-0.034
-0.031
-0.028
-0.025
-0.021
-0.015
-0.009
-0.002
0.005
0.015
0.026
0.036
0.047
0.058
0.067
0.075
0.081
0.087
0.09
0.093
0.096
0.097
0.099
0.099
0.097
0.094
0.091
0.088
0.085
0.082
0.079
0.075
0.072
0.07
0.067
0.065
0.062
0.057
0.048
0.039
0.029
0.02
0.01
-0.001
-0.017
-0.03
-0.038
-0.044
-0.049
-0.055
-0.062
-0.07
-0.076
-0.079
-0.082
-0.085
-0.087
-0.089
-0.09
-0.091
-0.092
-0.093
-0.094
-0.095
-0.095
-0.096
-0.096
-0.096
-0.096
-0.095
-0.095
-0.094
-0.094
-0.093
-0.093
-0.092
-0.092
-0.094
-0.096
-0.099
-0.102
-0.105
-0.106
-0.108
-0.109
-0.11
-0.111
-0.112
-0.113
-0.114
-0.115
-0.116
-0.118
-0.119
-0.12
-0.122
-0.123
-0.124
-0.125
-0.126
-0.129
-0.132
-0.134
-0.136
-0.136
-0.135
-0.132
-0.13
-0.127
-0.124
-0.12
-0.116
-0.112
-0.107
-0.102
-0.098
-0.095
-0.091
-0.087
-0.084
-0.082
-0.081
-0.082
-0.083
-0.085
-0.089
-0.093
-0.101
-0.114
-0.126
-0.138
-0.148
-0.155
-0.16
-0.165
-0.168
-0.17
-0.172
-0.174
-0.174
-0.174
-0.173
-0.17
-0.167
-0.165
-0.163
-0.161
-0.158
-0.155
-0.153
-0.152
-0.151
-0.152
-0.153
-0.154
-0.155
-0.156
-0.158
-0.161
-0.162
-0.16
-0.155
-0.138
-0.11
-0.064
0.001
0.09
0.197
0.31
0.409
0.481
0.48
0.4
0.215
-0.021
-0.238
-0.382
-0.428
-0.387
-0.295
-0.198
-0.13
-0.106
-0.125
-0.137
-0.147
-0.153
-0.157
-0.157
-0.154
-0.15
-0.145
-0.138
-0.128
-0.122
-0.117
-0.114
-0.111
-0.107
-0.105
-0.102
-0.1
-0.098
-0.095
-0.092
-0.089
-0.086
-0.082
-0.078
-0.074
-0.07
-0.066
-0.063
-0.06
-0.056
-0.051
-0.045
-0.04
-0.03
-0.018
-0.006
0.004
0.015
0.027
0.038
0.051
0.065
0.079
0.089
0.095
0.1
0.104
0.106
0.108
0.109
0.111
0.112
0.112
0.112
0.111
0.11
0.108
0.106
0.104
0.102
0.099
0.095
0.091
0.088
0.084
0.076
0.065
0.054
0.042
0.033
0.028
0.023
0.019
0.015
0.01
0.006
0.002
-0.001
-0.004
-0.007
-0.009
-0.011
-0.012
-0.013
-0.014
-0.014
-0.013
-0.011
-0.01
-0.007
-0.005
-0.003
-0.001
0.001
0.003
0.005
0.007
0.009
0.011
0.013
0.014
0.015
0.016
0.017
0.019
0.021
0.025
0.028
0.031
0.033
0.034
0.035
0.036
0.037
0.037
0.037
0.038
0.038
0.038
0.038
0.039
0.039
0.04
0.04
0.041
0.042
0.043
0.044
0.044
0.045
0.046
0.047
0.048
0.051
0.055
0.059
0.063
0.067
0.073
0.08
0.086
0.093
0.098
0.102
0.105
0.107
0.109
0.11
0.111
0.112
0.114
0.115
0.111
0.105
0.097
0.088
0.08
0.071
0.063
0.051
0.044
0.039
0.035
0.032
0.031
0.03
0.031
0.031
0.031
0.031
0.031
0.03
0.031
0.034
0.04
0.047
0.055
0.059
0.063
0.066
0.068
0.068
0.065
0.06
0.055
0.05
0.048
0.051
0.059
0.082
0.13
0.2
0.292
0.404
0.522
0.625
0.666
0.657
0.572
0.41
0.217
0.034
-0.103
-0.164
-0.169
-0.136
-0.076
-0.021
0.014
0.031
0.039
0.044
0.048
0.049
0.05
0.049
0.048
0.046
0.044
0.042
0.04
0.039
0.041
0.046
0.05
0.054
0.057
0.06
0.063
0.067
0.069
0.072
0.075
0.078
0.082
0.086
0.089
0.092
0.095
0.098
0.102
0.106
0.11
0.115
0.121
0.13
0.139
0.152
0.169
0.185
0.201
0.218
0.233
0.241
0.246
0.25
0.252
0.252
0.249
0.246
0.242
0.238
0.235
0.232
0.229
0.226
0.224
0.222
0.219
0.214
0.207
0.2
0.193
0.186
0.178
0.167
0.152
0.142
0.136
0.131
0.126
0.121
0.113
0.097
0.084
0.077
0.069
0.061
0.056
0.052
0.049
0.046
0.044
0.041
0.038
0.036
0.033
0.031
0.028
0.023
0.019
0.016
0.014
0.013
0.012
0.012
0.011
0.01
0.009
0.009
0.009
0.009
0.009
0.009
0.009
0.009
0.009
0.009
0.008
0.007
0.006
0.004
0.003
0.002
0.001
0.0
-0.002
-0.004
-0.006
-0.008
-0.011
-0.015
-0.02
-0.025
-0.028
-0.031
-0.032
-0.034
-0.035
-0.037
-0.039
-0.04
-0.042
-0.042
-0.042
-0.039
-0.036
-0.031
-0.026
-0.021
-0.015
-0.008
-0.003
0.0
0.002
0.004
0.006
0.009
0.01
0.012
0.012
0.012
0.011
0.009
0.007
0.003
-0.001
-0.007
-0.02
-0.03
-0.038
-0.045
-0.053
-0.06
-0.068
-0.076
-0.08
-0.083
-0.084
-0.084
-0.085
-0.085
-0.086
-0.086
-0.087
-0.088
-0.089
-0.091
-0.093
-0.095
-0.097
-0.099
-0.101
-0.104
-0.107
-0.111
-0.116
-0.12
-0.12
-0.118
-0.115
-0.109
-0.09
-0.046
0.021
0.112
0.225
0.345
0.45
0.522
0.523
0.451
0.27
0.051
-0.158
-0.311
-0.357
-0.354
-0.29
-0.216
-0.171
-0.157
-0.158
-0.158
-0.158
-0.158
-0.158
-0.158
-0.157
-0.157
-0.157
-0.157
-0.157
-0.158
-0.157
-0.155
-0.154
-0.152
-0.151
-0.149
-0.147
-0.146
-0.144
-0.141
-0.138
-0.135
-0.132
-0.13
-0.127
-0.125
-0.122
-0.119
-0.115
-0.111
-0.106
-0.1
-0.093
-0.081
-0.07
-0.059
-0.048
-0.038
-0.027
-0.016
-0.006
0.003
0.013
0.022
0.029
0.034
0.039
0.042
0.044
0.046
0.047
0.048
0.049
0.05
0.051
0.052
0.052
0.052
0.052
0.05
0.049
0.046
0.043
0.039
0.033
0.022
0.011
0.003
-0.002
-0.008
-0.013
-0.018
-0.022
-0.028
-0.035
-0.041
-0.048
-0.051
-0.053
-0.055
-0.056
-0.058
-0.059
-0.06
-0.061
-0.063
-0.063
-0.064
-0.064
-0.064
-0.064
-0.063
-0.061
-0.059
-0.057
-0.054
-0.052
-0.05
-0.048
-0.046
-0.045
-0.044
-0.043
-0.042
-0.041
-0.041
-0.04
-0.039
-0.038
-0.037
-0.036
-0.035
-0.035
-0.035
-0.035
-0.035
-0.035
-0.035
-0.036
-0.036
-0.036
-0.036
-0.036
-0.036
-0.035
-0.035
-0.035
-0.035
-0.034
-0.034
-0.033
-0.033
-0.032
-0.031
-0.031
-0.03
-0.028
-0.027
-0.025
-0.023
-0.021
-0.018
-0.014
-0.004
0.004
0.014
0.019
0.024
0.028
0.031
0.033
0.035
0.035
0.033
0.031
0.028
0.024
0.02
0.015
0.006
-0.003
-0.014
-0.02
-0.025
-0.03
-0.034
-0.037
-0.039
-0.041
-0.043
-0.045
-0.047
-0.048
-0.049
-0.05
-0.05
-0.051
-0.052
-0.053
-0.054
-0.055
-0.056
-0.056
-0.056
-0.056
-0.055
-0.054
-0.052
-0.05
-0.047
-0.043
-0.04
-0.032
-0.009
0.036
0.109
0.207
0.324
0.444
0.546
0.603
0.594
0.49
0.289
0.054
-0.147
-0.261
-0.277
-0.246
-0.167
-0.097
-0.068
-0.07
-0.079
-0.082
-0.084
-0.086
-0.087
-0.088
-0.088
-0.089
-0.089
-0.089
-0.089
-0.089
-0.087
-0.085
-0.082
-0.079
-0.077
-0.075
-0.073
-0.071
-0.069
-0.067
-0.065
-0.063
-0.061
-0.06
-0.058
-0.056
-0.054
-0.052
-0.05
-0.046
-0.04
-0.034
-0.028
-0.021
-0.013
-0.002
0.009
0.022
0.035
0.048
0.06
0.069
0.078
0.086
0.092
0.099
0.103
0.105
0.106
0.106
0.107
0.108
0.109
0.109
0.106
0.099
0.091
0.084
0.076
0.069
0.063
0.058
0.053
0.048
0.044
0.041
0.037
0.033
0.03
0.025
0.015
0.0
-0.01
-0.015
-0.021
-0.027
-0.033
-0.039
-0.044
-0.048
-0.05
-0.051
-0.052
-0.053
-0.053
-0.053
-0.054
-0.054
-0.055
-0.056
-0.057
-0.057
-0.057
-0.057
-0.057
-0.057
-0.057
-0.056
-0.055
-0.054
-0.054
-0.054
-0.053
-0.053
-0.054
-0.054
-0.054
-0.055
-0.055
-0.054
-0.054
-0.054
-0.059
-0.064
-0.066
-0.068
-0.07
-0.072
-0.074
-0.075
-0.076
-0.077
-0.078
-0.078
-0.078
-0.077
-0.076
-0.075
-0.073
-0.071
-0.069
-0.066
-0.063
-0.056
-0.049
-0.041
-0.035
-0.032
-0.029
-0.026
-0.024
-0.023
-0.021
-0.02
-0.02
-0.019
-0.018
-0.017
-0.016
-0.015
-0.013
-0.012
-0.011
-0.012
-0.015
-0.02
-0.024
-0.03
-0.037
-0.044
-0.052
-0.06
-0.069
-0.072
-0.073
-0.074
-0.074
-0.075
-0.075
-0.075
-0.075
-0.075
-0.075
-0.074
-0.073
-0.071
-0.07
-0.068
-0.066
-0.064
-0.062
-0.06
-0.058
-0.056
-0.054
-0.052
-0.051
-0.05
-0.049
-0.047
-0.044
-0.032
0.0
0.052
0.131
0.233
0.351
0.467
0.567
0.636
0.611
0.487
0.282
0.05
-0.145
-0.262
-0.288
-0.245
-0.172
-0.108
-0.086
-0.082
-0.079
-0.077
-0.076
-0.075
-0.073
-0.072
-0.07
-0.067
-0.065
-0.063
-0.061
-0.06
-0.059
-0.058
-0.057
-0.055
-0.054
-0.053
-0.052
-0.051
-0.049
-0.047
-0.045
-0.043
-0.041
-0.04
-0.039
-0.038
-0.037
-0.036
-0.035
-0.033
-0.029
-0.019
-0.011
0.0
0.013
0.026
0.04
0.054
0.064
0.074
0.084
0.093
0.103
0.112
0.121
0.126
0.128
0.131
0.132
0.133
0.133
0.131
0.127
0.122
0.116
0.109
0.102
0.097
0.092
0.088
0.085
0.081
0.078
0.074
0.071
0.067
0.062
0.058
0.053
0.043
0.03
0.02
0.014
0.01
0.006
0.004
0.002
0.001
0.0
-0.002
-0.004
-0.007
-0.01
-0.013
-0.016
-0.018
-0.02
-0.023
-0.025
-0.027
-0.028
-0.029
-0.029
-0.029
-0.029
-0.029
-0.029
-0.029
-0.029
-0.028
-0.027
-0.027
-0.026
-0.025
-0.024
-0.023
-0.023
-0.023
-0.023
-0.024
-0.025
-0.026
-0.027
-0.028
-0.029
-0.029
-0.029
-0.029
-0.029
-0.03
-0.03
-0.031
-0.032
-0.033
-0.034
-0.035
-0.037
-0.037
-0.038
-0.038
-0.037
-0.036
-0.035
-0.033
-0.031
-0.029
-0.026
-0.023
-0.017
-0.006
0.001
0.006
0.009
0.012
0.014
0.016
0.017
0.018
0.018
0.018
0.017
0.016
0.014
0.013
0.011
0.009
0.006
0.001
-0.004
-0.011
-0.015
-0.018
-0.021
-0.025
-0.028
-0.032
-0.035
-0.038
-0.042
-0.046
-0.05
-0.052
-0.052
-0.053
-0.053
-0.054
-0.055
-0.055
-0.052
-0.048
-0.045
-0.042
-0.04
-0.039
-0.037
-0.035
-0.033
-0.031
-0.029
-0.027
-0.024
-0.012
0.028
0.097
0.196
0.323
0.461
0.582
0.64
0.636
0.552
0.377
0.17
-0.017
-0.146
-0.196
-0.2
-0.174
-0.134
-0.101
-0.079
-0.068
-0.056
-0.042
-0.035
-0.032
-0.03
-0.028
-0.026
-0.025
-0.023
-0.022
-0.02
-0.018
-0.015
-0.014
-0.012
-0.011
-0.01
-0.009
-0.007
-0.005
-0.003
-0.002
0.0
0.0
0.001
0.003
0.005
0.007
0.01
0.016
0.022
0.028
0.034
0.042
0.05
0.058
0.067
0.075
0.084
0.092
0.101
0.113
0.128
0.141
0.149
0.154
0.157
0.158
0.159
0.16
0.161
0.162
0.162
0.162
0.161
0.16
0.159
0.156
0.154
0.151
0.148
0.144
0.14
0.135
0.13
0.128
0.125
0.123
0.119
0.113
0.104
0.095
0.086
0.08
0.072
0.061
0.05
0.042
0.033
0.028
0.025
0.023
0.021
0.019
0.018
0.018
0.017
0.017
0.017
0.016
0.016
0.015
0.014
0.013
0.015
0.02
0.025
0.029
0.033
0.036
0.04
0.042
0.044
0.046
0.047
0.048
0.049
0.05
0.051
0.051
0.052
0.053
0.053
0.053
0.053
0.053
0.052
0.051
0.05
0.048
0.047
0.045
0.043
0.041
0.039
0.037
0.034
0.032
0.03
0.028
0.026
0.025
0.025
0.025
0.026
0.027
0.029
0.031
0.034
0.036
0.039
0.043
0.048
0.051
0.054
0.057
0.059
0.062
0.065
0.068
0.07
0.073
0.075
0.077
0.08
0.083
0.082
0.079
0.073
0.064
0.051
0.039
0.026
0.017
0.012
0.007
0.004
0.001
0.0
-0.002
-0.004
-0.005
-0.008
-0.01
-0.013
-0.016
-0.018
-0.021
-0.023
-0.025
-0.028
-0.03
-0.032
-0.035
-0.038
-0.043
-0.052
-0.062
-0.072
-0.081
-0.088
-0.094
-0.099
-0.094
-0.08
-0.042
0.018
0.105
0.216
0.341
0.459
0.546
0.583
0.521
0.362
0.148
-0.071
-0.243
-0.322
-0.33
-0.293
-0.222
-0.163
-0.142
-0.136
-0.133
-0.13
-0.126
-0.124
-0.121
-0.118
-0.115
-0.112
-0.11
-0.107
-0.105
-0.102
-0.098
-0.095
-0.091
-0.087
-0.084
-0.081
-0.079
-0.076
-0.072
-0.065
-0.058
-0.052
-0.048
-0.044
-0.04
-0.035
-0.031
-0.026
-0.02
-0.013
-0.006
0.002
0.01
0.018
0.025
0.037
0.047
0.055
0.062
0.067
0.074
0.081
0.091
0.102
0.112
0.118
0.12
0.122
0.124
0.125
0.126
0.127
0.127
0.128
0.128
0.127
0.126
0.125
0.122
0.12
0.117
0.113
0.107
0.095
0.086
0.074
0.058
0.045
0.036
0.029
0.024
0.018
0.013
0.007
0.0
-0.006
-0.013
-0.02
-0.027
-0.029
-0.03
-0.031
-0.032
-0.033
-0.034
-0.035
-0.036
-0.036
-0.036
-0.037
-0.037
-0.038
-0.037
-0.036
-0.035
-0.034
-0.034
-0.033
-0.033
-0.032
-0.031
-0.03
-0.029
-0.029
-0.029
-0.028
-0.028
-0.028
-0.027
-0.026
-0.025
-0.024
-0.023
-0.021
-0.02
-0.018
-0.017
-0.015
-0.014
-0.013
-0.013
-0.012
-0.011
-0.011
-0.01
-0.009
-0.008
-0.007
-0.006
-0.005
-0.004
-0.003
-0.002
-0.001
0.0
0.0
0.002
0.004
0.006
0.008
0.01
0.014
0.018
0.022
0.026
0.031
0.039
0.049
0.058
0.063
0.067
0.071
0.073
0.072
0.07
0.067
0.062
0.056
0.047
0.039
0.033
0.027
0.022
0.015
0.008
0.001
-0.005
-0.012
-0.02
-0.03
-0.039
-0.048
-0.057
-0.068
-0.078
-0.085
-0.091
-0.096
-0.102
-0.109
-0.12
-0.131
-0.139
-0.146
-0.151
-0.157
-0.164
-0.172
-0.178
-0.184
-0.186
-0.184
-0.178
-0.163
-0.136
-0.085
-0.013
0.076
0.176
0.273
0.381
0.43
0.425
0.352
0.188
-0.032
-0.255
-0.422
-0.489
-0.492
-0.437
-0.347
-0.29
-0.268
-0.259
-0.253
-0.246
-0.239
-0.233
-0.229
-0.224
-0.221
-0.218
-0.215
-0.212
-0.209
-0.205
-0.201
-0.196
-0.19
-0.186
-0.183
-0.18
-0.177
-0.175
-0.172
-0.17
-0.167
-0.164
-0.161
-0.156
-0.152
-0.149
-0.146
-0.143
-0.136
-0.125
-0.113
-0.1
-0.088
-0.08
-0.071
-0.059
-0.044
-0.031
-0.022
-0.015
-0.008
-0.003
0.003
0.01
0.014
0.017
0.02
0.023
0.025
0.026
0.028
0.028
0.029
0.029
0.029
0.029
0.028
0.026
0.025
0.023
0.021
0.018
0.016
0.011
0.001
-0.007
-0.014
-0.019
-0.023
-0.029
-0.035
-0.042
-0.052
-0.065
-0.076
-0.08
-0.083
-0.085
-0.087
-0.089
-0.091
-0.093
-0.094
-0.095
-0.095
-0.095
-0.095
-0.094
-0.093
-0.09
-0.088
-0.085
-0.083
-0.082
-0.081
-0.079
-0.078
-0.076
-0.074
-0.072
-0.07
-0.068
-0.065
-0.062
-0.058
-0.055
-0.052
-0.049
-0.046
-0.044
-0.04
-0.036
-0.033
-0.032
-0.032
-0.035
-0.037
-0.04
-0.042
-0.044
-0.045
-0.047
-0.048
-0.05
-0.052
-0.053
-0.055
-0.056
-0.057
-0.058
-0.057
-0.056
-0.055
-0.053
-0.051
-0.048
-0.046
-0.043
-0.04
-0.036
-0.03
-0.024
-0.018
-0.012
-0.007
-0.002
0.004
0.01
0.014
0.017
0.019
0.021
0.023
0.025
0.027
0.028
0.027
0.023
0.018
0.013
0.007
0.001
-0.004
-0.009
-0.014
-0.02
-0.027
-0.037
-0.048
-0.052
-0.055
-0.056
-0.058
-0.059
-0.06
-0.06
-0.061
-0.061
-0.061
-0.062
-0.063
-0.064
-0.064
-0.064
-0.064
-0.064
-0.064
-0.064
-0.064
-0.064
-0.064
-0.064
-0.065
-0.068
-0.06
-0.037
-0.005
0.043
0.11
0.192
0.288
0.388
0.491
0.57
0.578
0.532
0.391
0.186
-0.039
-0.219
-0.302
-0.312
-0.279
-0.191
-0.098
-0.057
-0.043
-0.052
-0.069
-0.078
-0.079
-0.08
-0.08
-0.073
-0.063
-0.058
-0.056
-0.054
-0.053
-0.052
-0.051
-0.049
-0.047
-0.044
-0.042
-0.04
-0.039
-0.037
-0.037
-0.036
-0.035
-0.033
-0.031
-0.028
-0.021
-0.014
-0.007
-0.001
0.005
0.011
0.019
0.026
0.034
0.045
0.059
0.073
0.085
0.096
0.106
0.117
0.129
0.141
0.146
0.147
0.149
0.15
0.15
0.151
0.151
0.147
0.142
0.137
0.134
0.131
0.127
0.125
0.122
0.119
0.116
0.114
0.111
0.109
0.107
0.104
0.102
0.099
0.095
0.092
0.088
0.084
0.079
0.071
0.057
0.047
0.038
0.032
0.027
0.02
0.015
0.013
0.012
0.01
0.009
0.008
0.007
0.007
0.006
0.005
0.004
0.004
0.003
0.003
0.003
0.003
0.004
0.004
0.004
0.005
0.005
0.006
0.006
0.005
0.005
0.005
0.005
0.005
0.005
0.005
0.006
0.006
0.006
0.006
0.005
0.005
0.003
0.002
0.001
0.0
-0.001
-0.002
-0.002
-0.002
-0.003
-0.004
-0.005
-0.006
-0.007
-0.009
-0.01
-0.012
-0.014
-0.016
-0.018
-0.018
-0.019
-0.019
-0.019
-0.02
-0.02
-0.021
-0.023
-0.027
-0.026
-0.016
-0.009
-0.004
0.0
0.004
0.008
0.012
0.016
0.019
0.024
0.028
0.031
0.034
0.037
0.039
0.043
0.048
0.048
0.04
0.028
0.012
0.002
-0.002
-0.008
-0.015
-0.021
-0.027
-0.033
-0.038
-0.043
-0.048
-0.051
-0.053
-0.055
-0.056
-0.057
-0.058
-0.059
-0.059
-0.059
-0.06
-0.061
-0.062
-0.063
-0.063
-0.062
-0.062
-0.062
-0.062
-0.062
-0.062
-0.061
-0.062
-0.065
-0.058
-0.039
0.0
0.067
0.163
0.278
0.397
0.505
0.588
0.596
0.549
0.405
0.194
-0.031
-0.207
-0.299
-0.311
-0.279
-0.19
-0.109
-0.094
-0.088
-0.088
-0.089
-0.091
-0.092
-0.091
-0.082
-0.077
-0.074
-0.072
-0.071
-0.07
-0.069
-0.068
-0.066
-0.064
-0.062
-0.061
-0.06
-0.058
-0.057
-0.055
-0.053
-0.05
-0.045
-0.041
-0.037
-0.034
-0.03
-0.026
-0.02
-0.014
-0.008
-0.003
-0.001
0.002
0.006
0.011
0.017
0.024
0.038
0.057
0.068
0.075
0.084
0.098
0.105
0.111
0.116
0.12
0.124
0.126
0.126
0.126
0.124
0.122
0.12
0.116
0.112
0.107
0.097
0.09
0.084
0.079
0.074
0.067
0.06
0.055
0.05
0.046
0.04
0.034
0.027
0.02
0.013
0.005
0.0
-0.003
-0.011
-0.028
-0.036
-0.039
-0.041
-0.044
-0.047
-0.048
-0.05
-0.051
-0.052
-0.053
-0.053
-0.052
-0.052
-0.05
-0.049
-0.048
-0.047
-0.046
-0.045
-0.044
-0.044
-0.044
-0.044
-0.044
-0.044
-0.044
-0.043
-0.042
-0.042
-0.041
-0.04
-0.039
-0.039
-0.039
-0.039
-0.04
-0.041
-0.042
-0.042
-0.043
-0.044
-0.045
-0.046
-0.048
-0.049
-0.051
-0.052
-0.054
-0.057
-0.06
-0.062
-0.064
-0.065
-0.065
-0.066
-0.066
-0.067
-0.067
-0.068
-0.069
-0.069
-0.066
-0.062
-0.058
-0.054
-0.05
-0.047
-0.044
-0.04
-0.036
-0.032
-0.029
-0.025
-0.02
-0.014
-0.008
-0.004
0.0
0.007
0.016
0.022
0.025
0.027
0.029
0.028
0.024
0.018
0.008
-0.008
-0.022
-0.03
-0.037
-0.043
-0.05
-0.057
-0.059
-0.059
-0.059
-0.059
-0.06
-0.06
-0.06
-0.058
-0.056
-0.054
-0.053
-0.052
-0.052
-0.051
-0.05
-0.05
-0.049
-0.049
-0.048
-0.047
-0.047
-0.047
-0.046
-0.046
-0.045
-0.043
-0.041
-0.03
0.003
0.062
0.146
0.252
0.371
0.48
0.575
0.606
0.549
0.406
0.198
-0.016
-0.189
-0.269
-0.276
-0.233
-0.15
-0.081
-0.066
-0.062
-0.06
-0.057
-0.053
-0.049
-0.046
-0.043
-0.041
-0.039
-0.038
-0.037
-0.037
-0.036
-0.035
-0.034
-0.032
-0.03
-0.028
-0.027
-0.026
-0.026
-0.024
-0.023
-0.021
-0.019
-0.017
-0.015
-0.011
-0.006
-0.001
0.002
