-0.096
-0.125
-0.153
-0.173
-0.184
-0.192
-0.2
-0.204
-0.202
-0.195
-0.183
-0.164
-0.133
-0.081
-0.022
0.032
0.09
0.111
0.122
0.128
0.107
0.042
-0.032
-0.111
-0.186
-0.251
-0.295
-0.311
-0.312
-0.298
-0.278
-0.248
-0.215
-0.181
-0.161
-0.152
-0.145
-0.14
-0.134
-0.129
-0.124
-0.12
-0.117
-0.115
-0.113
-0.11
-0.108
-0.105
-0.103
-0.1
-0.097
-0.093
-0.089
-0.084
-0.08
-0.075
-0.071
-0.066
-0.062
-0.057
-0.053
-0.049
-0.045
-0.042
-0.038
-0.034
-0.029
-0.021
-0.006
0.009
0.021
0.028
0.034
0.041
0.048
0.055
0.063
0.072
0.082
0.09
0.095
0.099
0.101
0.104
0.107
0.11
0.112
0.113
0.111
0.106
0.099
0.089
0.076
0.055
0.038
0.016
-0.01
-0.037
-0.064
-0.086
-0.103
-0.118
-0.129
-0.137
-0.146
-0.157
-0.167
-0.176
-0.185
-0.192
-0.198
-0.203
-0.207
-0.21
-0.213
-0.216
-0.217
-0.219
-0.219
-0.219
-0.218
-0.217
-0.215
-0.212
-0.209
-0.206
-0.204
-0.202
-0.2
-0.2
-0.199
-0.198
-0.196
-0.194
-0.191
-0.188
-0.185
-0.183
-0.182
-0.181
-0.18
-0.178
-0.177
-0.176
-0.175
-0.173
-0.171
-0.169
-0.166
-0.163
-0.16
-0.156
-0.153
-0.151
-0.148
-0.145
-0.142
-0.14
-0.138
-0.135
-0.132
-0.13
-0.127
-0.125
-0.123
-0.12
-0.118
-0.116
-0.113
-0.111
-0.109
-0.107
-0.105
-0.104
-0.102
-0.101
-0.1
-0.099
-0.097
-0.096
-0.095
-0.093
-0.092
-0.09
-0.088
-0.086
-0.085
-0.083
-0.081
-0.079
-0.075
-0.071
-0.066
-0.062
-0.058
-0.055
-0.052
-0.05
-0.047
-0.044
-0.042
-0.04
-0.038
-0.036
-0.035
-0.035
-0.036
-0.037
-0.038
-0.04
-0.042
-0.044
-0.047
-0.05
-0.051
-0.049
-0.041
-0.031
-0.02
-0.007
0.0
0.006
0.011
0.016
0.019
0.018
0.007
-0.004
-0.01
-0.013
-0.017
-0.02
-0.024
-0.028
-0.031
-0.034
-0.037
-0.039
-0.04
-0.04
-0.039
-0.037
-0.035
-0.033
-0.03
-0.027
-0.024
-0.021
-0.018
-0.002
0.04
0.097
0.162
0.227
0.274
0.292
0.292
0.277
0.236
0.171
0.095
0.015
-0.055
-0.108
-0.127
-0.127
-0.114
-0.094
-0.061
-0.027
-0.004
0.013
0.022
0.029
0.033
0.037
0.042
0.046
0.051
0.054
0.058
0.061
0.065
0.067
0.069
0.071
0.073
0.075
0.078
0.081
0.084
0.088
0.091
0.095
0.099
0.103
0.107
0.113
0.119
0.125
0.132
0.138
0.143
0.147
0.151
0.157
0.166
0.178
0.19
0.202
0.214
0.226
0.24
0.257
0.265
0.272
0.277
0.283
0.287
0.29
0.292
0.293
0.293
0.292
0.291
0.288
0.284
0.278
0.272
0.266
0.255
0.234
0.217
0.194
0.166
0.14
0.113
0.085
0.058
0.037
0.021
0.005
-0.01
-0.025
-0.034
-0.039
-0.041
-0.043
-0.045
-0.047
-0.05
-0.054
-0.058
-0.062
-0.067
-0.07
-0.073
-0.076
-0.078
-0.08
-0.082
-0.084
-0.086
-0.088
-0.088
-0.089
-0.091
-0.092
-0.092
-0.091
-0.091
-0.09
-0.09
-0.089
-0.089
-0.09
-0.09
-0.09
-0.089
-0.088
-0.088
-0.088
-0.087
-0.087
-0.087
-0.087
-0.087
-0.087
-0.086
-0.086
-0.086
-0.085
-0.084
-0.082
-0.081
-0.079
-0.078
-0.076
-0.075
-0.073
-0.072
-0.071
-0.071
-0.071
-0.07
-0.07
-0.069
-0.068
-0.068
-0.068
-0.067
-0.066
-0.065
-0.064
-0.062
-0.061
-0.06
-0.059
-0.059
-0.058
-0.058
-0.058
-0.057
-0.056
-0.054
-0.052
-0.051
-0.051
-0.05
-0.049
-0.049
-0.05
-0.051
-0.052
-0.053
-0.054
-0.054
-0.054
-0.052
-0.05
-0.048
-0.046
-0.044
-0.042
-0.04
-0.038
-0.036
-0.035
-0.034
-0.033
-0.031
-0.029
-0.027
-0.025
-0.024
-0.022
-0.02
-0.018
-0.016
-0.014
-0.012
-0.01
-0.009
-0.007
-0.006
-0.005
-0.004
-0.003
-0.001
0.0
0.002
0.006
0.009
0.013
0.017
0.019
0.019
0.017
0.014
0.01
0.007
0.005
0.002
-0.001
-0.004
-0.007
-0.01
-0.012
-0.013
-0.013
-0.013
-0.013
-0.011
-0.01
-0.007
-0.004
0.0
0.002
0.006
0.028
0.073
0.135
0.209
0.287
0.361
0.404
0.419
0.395
0.321
0.203
0.068
-0.059
-0.155
-0.192
-0.205
-0.19
-0.149
-0.099
-0.053
-0.007
0.024
0.039
0.044
0.048
0.052
0.055
0.057
0.059
0.06
0.061
0.062
0.064
0.065
0.066
0.067
0.069
0.07
0.072
0.073
0.075
0.076
0.077
0.078
0.08
0.082
0.085
0.088
0.092
0.095
0.099
0.103
0.107
0.111
0.114
0.117
0.121
0.126
0.135
0.153
0.176
0.192
0.203
0.212
0.22
0.225
0.229
0.233
0.236
0.24
0.243
0.245
0.247
0.248
0.249
0.248
0.246
0.242
0.238
0.232
0.225
0.215
0.196
0.177
0.151
0.12
0.091
0.061
0.034
0.013
-0.005
-0.024
-0.042
-0.061
-0.071
-0.076
-0.081
-0.084
-0.087
-0.09
-0.093
-0.096
-0.1
-0.103
-0.106
-0.108
-0.111
-0.113
-0.115
-0.117
-0.119
-0.121
-0.122
-0.125
-0.128
-0.131
-0.134
-0.135
-0.137
-0.138
-0.139
-0.14
-0.141
-0.142
-0.142
-0.144
-0.146
-0.148
-0.15
-0.15
-0.149
-0.146
-0.143
-0.14
-0.137
-0.135
-0.135
-0.133
-0.132
-0.131
-0.131
-0.13
-0.13
-0.13
-0.13
-0.13
-0.129
-0.129
-0.129
-0.128
-0.127
-0.126
-0.126
-0.125
-0.123
-0.121
-0.12
-0.118
-0.117
-0.115
-0.113
-0.111
-0.109
-0.107
-0.106
-0.104
-0.103
-0.101
-0.1
-0.099
-0.098
-0.098
-0.098
-0.098
-0.097
-0.097
-0.097
-0.097
-0.096
-0.094
-0.092
-0.09
-0.088
-0.087
-0.085
-0.084
-0.083
-0.081
-0.079
-0.077
-0.076
-0.074
-0.072
-0.07
-0.067
-0.064
-0.062
-0.059
-0.055
-0.052
-0.048
-0.045
-0.043
-0.041
-0.038
-0.035
-0.032
-0.029
-0.026
-0.023
-0.02
-0.015
-0.011
-0.007
-0.005
-0.004
-0.004
-0.005
-0.007
-0.01
-0.013
-0.016
-0.017
-0.018
-0.019
-0.021
-0.022
-0.024
-0.026
-0.028
-0.03
-0.032
-0.033
-0.034
-0.034
-0.033
-0.032
-0.031
-0.029
-0.027
-0.025
-0.022
-0.019
-0.016
-0.013
0.001
0.046
0.105
0.179
0.259
0.338
0.382
0.397
0.371
0.29
0.164
0.03
-0.088
-0.17
-0.197
-0.187
-0.156
-0.105
-0.079
-0.055
-0.028
-0.004
0.011
0.018
0.022
0.025
0.028
0.03
0.032
0.035
0.039
0.044
0.051
0.057
0.062
0.065
0.067
0.069
0.071
0.074
0.077
0.081
0.084
0.087
0.09
0.093
0.095
0.097
0.098
0.099
0.101
0.104
0.107
0.112
0.121
0.131
0.141
0.152
0.162
0.172
0.181
0.19
0.198
0.205
0.211
0.217
0.223
0.229
0.234
0.24
0.245
0.25
0.256
0.262
0.267
0.272
0.274
0.272
0.267
0.26
0.251
0.238
0.217
0.195
0.167
0.135
0.105
0.078
0.059
0.047
0.034
0.021
0.012
0.005
0.0
-0.006
-0.012
-0.018
-0.023
-0.028
-0.033
-0.039
-0.043
-0.047
-0.05
-0.052
-0.054
-0.055
-0.057
-0.059
-0.06
-0.061
-0.061
-0.06
-0.059
-0.057
-0.056
-0.054
-0.052
-0.05
-0.048
-0.046
-0.044
-0.042
-0.04
-0.04
-0.04
-0.041
-0.042
-0.045
-0.047
-0.049
-0.051
-0.053
-0.056
-0.058
-0.059
-0.06
-0.06
-0.06
-0.059
-0.057
-0.055
-0.054
-0.052
-0.05
-0.049
-0.048
-0.046
-0.045
-0.044
-0.044
-0.045
-0.045
-0.046
-0.048
-0.05
-0.052
-0.055
-0.057
-0.058
-0.055
-0.051
-0.049
-0.047
-0.045
-0.043
-0.04
-0.039
-0.037
-0.036
-0.035
-0.035
-0.035
-0.036
-0.037
-0.038
-0.039
-0.039
-0.039
-0.04
-0.04
-0.04
-0.039
-0.039
-0.039
-0.039
-0.04
-0.042
-0.043
-0.042
-0.039
-0.036
-0.034
-0.032
-0.029
-0.027
-0.025
-0.024
-0.024
-0.025
-0.026
-0.029
-0.031
-0.034
-0.04
-0.04
-0.032
-0.027
-0.024
-0.022
-0.019
-0.017
-0.015
-0.013
-0.011
-0.008
-0.007
-0.005
-0.004
-0.003
-0.002
-0.001
0.0
0.001
0.002
0.004
0.004
0.005
0.005
0.005
0.005
0.003
0.001
-0.001
-0.004
-0.007
-0.009
-0.011
-0.013
-0.016
-0.019
-0.022
-0.025
-0.028
-0.03
-0.031
-0.031
-0.032
-0.031
-0.031
-0.03
-0.028
-0.026
-0.024
-0.021
-0.01
0.026
0.083
0.157
0.244
0.331
0.401
0.424
0.416
0.347
0.227
0.09
-0.034
-0.13
-0.18
-0.197
-0.184
-0.146
-0.097
-0.057
-0.032
-0.017
-0.01
-0.006
-0.002
0.002
0.008
0.013
0.018
0.024
0.029
0.035
0.04
0.044
0.048
0.051
0.055
0.058
0.06
0.063
0.065
0.066
0.068
0.07
0.072
0.074
0.076
0.078
0.08
0.082
0.085
0.089
0.094
0.098
0.103
0.109
0.115
0.122
0.13
0.138
0.147
0.155
0.162
0.169
0.175
0.179
0.183
0.191
0.209
0.221
0.228
0.233
0.237
0.238
0.238
0.235
0.231
0.224
0.217
0.205
0.187
0.176
0.165
0.154
0.14
0.121
0.1
0.081
0.06
0.036
0.016
0.0
-0.017
-0.035
-0.051
-0.066
-0.078
-0.083
-0.086
-0.088
-0.09
-0.092
-0.092
-0.091
-0.09
-0.088
-0.086
-0.085
-0.083
-0.081
-0.079
-0.077
-0.076
-0.074
-0.074
-0.073
-0.073
-0.073
-0.073
-0.074
-0.074
-0.074
-0.073
-0.071
-0.069
-0.067
-0.065
-0.063
-0.062
-0.06
-0.058
-0.057
-0.056
-0.056
-0.056
-0.056
-0.056
-0.055
-0.054
-0.052
-0.051
-0.049
-0.048
-0.047
-0.046
-0.046
-0.046
-0.046
-0.047
-0.047
-0.047
-0.047
-0.047
-0.047
-0.047
-0.047
-0.047
-0.046
-0.047
-0.047
-0.048
-0.048
-0.048
-0.048
-0.048
-0.048
-0.048
-0.049
-0.048
-0.048
-0.048
-0.049
-0.049
-0.049
-0.049
-0.048
-0.046
-0.045
-0.045
-0.046
-0.047
-0.048
-0.049
-0.053
-0.052
-0.044
-0.038
-0.033
-0.029
-0.027
-0.027
-0.026
-0.025
-0.024
-0.023
-0.022
-0.021
-0.021
-0.021
-0.022
-0.022
-0.022
-0.023
-0.022
-0.012
-0.009
-0.007
-0.005
-0.003
-0.001
0.0
0.001
0.002
0.003
0.005
0.005
0.006
0.006
0.005
0.004
0.003
0.002
0.001
0.0
0.0
0.0
0.0
-0.001
0.0
0.0
0.0
0.0
-0.001
-0.001
-0.001
0.001
0.004
0.007
0.009
0.01
0.011
0.013
0.015
0.017
0.018
0.019
0.02
0.02
0.021
0.021
0.021
0.02
0.019
0.017
0.016
0.015
0.014
0.012
0.009
0.007
0.004
0.001
-0.001
-0.008
-0.015
-0.022
-0.028
-0.032
-0.035
-0.038
-0.041
-0.043
-0.045
-0.046
-0.047
-0.047
-0.046
-0.045
-0.044
-0.041
-0.037
-0.032
-0.026
0.0
0.049
0.113
0.188
0.269
0.342
0.386
0.389
0.362
0.271
0.144
0.006
-0.115
-0.2
-0.228
-0.227
-0.197
-0.156
-0.118
-0.085
-0.065
-0.053
-0.047
-0.042
-0.035
-0.028
-0.021
-0.016
-0.012
-0.009
-0.006
-0.003
-0.001
0.0
0.001
0.003
0.005
0.007
0.008
0.01
0.011
0.012
0.013
0.014
0.017
0.019
0.022
0.025
0.028
0.032
0.036
0.04
0.046
0.053
0.059
0.065
0.072
0.081
0.089
0.097
0.107
0.119
0.133
0.146
0.16
0.171
0.177
0.181
0.185
0.187
0.189
0.19
0.191
0.192
0.193
0.195
0.196
0.196
0.191
0.185
0.177
0.165
0.151
0.13
0.108
0.087
0.068
0.049
0.032
0.006
-0.026
-0.048
-0.062
-0.069
-0.074
-0.079
-0.086
-0.093
-0.099
-0.104
-0.108
-0.112
-0.117
-0.121
-0.124
-0.126
-0.127
-0.128
-0.129
-0.13
-0.131
-0.132
-0.133
-0.134
-0.135
-0.137
-0.138
-0.138
-0.136
-0.132
-0.129
-0.126
-0.124
-0.122
-0.121
-0.119
-0.116
-0.114
-0.112
-0.11
-0.109
-0.108
-0.107
-0.106
-0.105
-0.104
-0.103
-0.103
-0.102
-0.102
-0.1
-0.099
-0.097
-0.095
-0.093
-0.092
-0.09
-0.089
-0.088
-0.087
-0.087
-0.086
-0.086
-0.086
-0.085
-0.084
-0.083
-0.082
-0.08
-0.079
-0.079
-0.079
-0.079
-0.08
-0.08
-0.081
-0.081
-0.082
-0.082
-0.083
-0.083
-0.082
-0.081
-0.081
-0.081
-0.081
-0.081
-0.081
-0.081
-0.081
-0.081
-0.081
-0.081
-0.08
-0.079
-0.078
-0.076
-0.075
-0.075
-0.074
-0.073
-0.072
-0.071
-0.07
-0.07
-0.069
-0.068
-0.067
-0.065
-0.063
-0.062
-0.06
-0.058
-0.057
-0.056
-0.055
-0.053
-0.052
-0.05
-0.049
-0.048
-0.047
-0.046
-0.046
-0.045
-0.045
-0.045
-0.045
-0.045
-0.045
-0.044
-0.043
-0.041
-0.039
-0.037
-0.035
-0.033
-0.032
-0.03
-0.029
-0.028
-0.027
-0.026
-0.025
-0.024
-0.022
-0.02
-0.018
-0.015
-0.011
-0.008
-0.005
-0.002
0.0
0.002
0.005
0.006
0.008
0.009
0.011
0.013
0.016
0.019
0.022
0.024
0.026
0.028
0.029
0.029
0.029
0.029
0.027
0.026
0.024
0.022
0.021
0.019
0.017
0.016
0.014
0.011
0.01
0.008
0.007
0.006
0.005
0.004
0.004
0.005
0.006
0.008
0.01
0.012
0.014
0.017
0.02
0.023
0.032
0.053
0.091
0.142
0.21
0.291
0.374
0.443
0.46
0.449
0.374
0.25
0.104
-0.04
-0.153
-0.205
-0.208
-0.176
-0.113
-0.057
-0.015
0.007
0.017
0.02
0.022
0.024
0.025
0.027
0.03
0.032
0.035
0.038
0.041
0.043
0.046
0.049
0.052
0.056
0.062
0.069
0.075
0.08
0.085
0.09
0.094
0.097
0.1
0.103
0.106
0.108
0.11
0.112
0.113
0.115
0.117
0.119
0.123
0.129
0.141
0.156
0.171
0.186
0.202
0.217
0.232
0.245
0.254
0.261
0.267
0.273
0.278
0.282
0.287
0.29
0.293
0.293
0.289
0.282
0.274
0.263
0.246
0.232
0.218
0.205
0.191
0.178
0.164
0.151
0.134
0.111
0.087
0.066
0.047
0.027
0.007
-0.015
-0.027
-0.031
-0.034
-0.037
-0.039
-0.041
-0.043
-0.045
-0.047
-0.049
-0.051
-0.053
-0.055
-0.056
-0.056
-0.056
-0.056
-0.057
-0.059
-0.061
-0.062
-0.064
-0.066
-0.068
-0.07
-0.072
-0.073
-0.072
-0.071
-0.07
-0.068
-0.067
-0.065
-0.064
-0.062
-0.06
-0.059
-0.058
-0.057
-0.056
-0.054
-0.051
-0.048
-0.046
-0.043
-0.042
-0.04
-0.039
-0.038
-0.037
-0.037
-0.037
-0.037
-0.037
-0.035
-0.032
-0.03
-0.03
-0.034
-0.039
-0.044
-0.048
-0.051
-0.055
-0.059
-0.062
-0.065
-0.066
-0.067
-0.067
-0.067
-0.067
-0.066
-0.066
-0.065
-0.064
-0.063
-0.063
-0.063
-0.063
-0.062
-0.062
-0.067
-0.073
-0.077
-0.081
-0.085
-0.087
-0.087
-0.084
-0.081
-0.079
-0.078
-0.077
-0.076
-0.076
-0.075
-0.075
-0.075
-0.075
-0.074
-0.073
-0.072
-0.071
-0.071
-0.071
-0.07
-0.069
-0.068
-0.067
-0.065
-0.064
-0.063
-0.063
-0.061
-0.059
-0.057
-0.054
-0.047
-0.04
-0.037
-0.037
-0.037
-0.038
-0.038
-0.039
-0.04
-0.042
-0.043
-0.044
-0.044
-0.045
-0.045
-0.045
-0.045
-0.043
-0.04
-0.037
-0.034
-0.032
-0.03
-0.027
-0.023
-0.018
-0.015
-0.014
-0.014
-0.013
-0.013
-0.011
-0.01
-0.008
-0.008
-0.008
-0.011
-0.014
-0.018
-0.022
-0.027
-0.031
-0.027
-0.02
-0.014
-0.01
-0.005
-0.001
0.002
0.005
0.009
0.012
0.015
0.018
0.02
0.021
0.021
0.019
0.016
0.012
0.009
0.007
0.005
0.003
0.001
0.0
-0.002
-0.003
-0.005
-0.006
-0.006
-0.006
-0.005
-0.003
-0.001
0.0
0.003
0.007
0.011
0.016
0.027
0.037
0.064
0.104
0.168
0.252
0.341
0.417
0.454
0.451
0.402
0.294
0.152
-0.001
-0.131
-0.202
-0.225
-0.216
-0.186
-0.13
-0.072
-0.024
0.005
0.012
0.016
0.019
0.022
0.026
0.03
0.033
0.035
0.038
0.043
0.05
0.056
0.06
0.063
0.064
0.065
0.066
0.068
0.069
0.07
0.071
0.071
0.072
0.074
0.075
0.076
0.076
0.077
0.078
0.08
0.082
0.085
0.088
0.097
0.116
0.131
0.144
0.156
0.168
0.179
0.19
0.199
0.207
0.217
0.227
0.232
0.235
0.239
0.242
0.244
0.246
0.247
0.247
0.247
0.246
0.245
0.244
0.241
0.238
0.234
0.229
0.219
0.203
0.182
0.158
0.133
0.109
0.087
0.061
0.038
0.021
0.005
-0.007
-0.019
-0.03
-0.041
-0.05
-0.057
-0.064
-0.07
-0.075
-0.08
-0.083
-0.085
-0.088
-0.091
-0.093
-0.095
-0.096
-0.097
-0.097
-0.096
-0.095
-0.093
-0.091
-0.089
-0.087
-0.085
-0.083
-0.082
-0.081
-0.08
-0.08
-0.079
-0.078
-0.076
-0.074
-0.072
-0.07
-0.069
-0.067
-0.066
-0.065
-0.065
-0.065
-0.065
-0.066
-0.067
-0.068
-0.069
-0.07
-0.071
-0.073
-0.074
-0.075
-0.075
-0.076
-0.076
-0.076
-0.077
-0.079
-0.081
-0.085
-0.089
-0.092
-0.09
-0.086
-0.081
-0.077
-0.073
-0.068
-0.064
-0.062
-0.062
-0.063
-0.065
-0.066
-0.067
-0.069
-0.072
-0.074
-0.075
-0.074
-0.071
-0.068
-0.064
-0.063
-0.062
-0.06
-0.059
-0.058
-0.057
-0.057
-0.057
-0.057
-0.057
-0.057
-0.057
-0.057
-0.056
-0.056
-0.055
-0.054
-0.053
-0.053
-0.053
-0.053
-0.053
-0.052
-0.052
-0.05
-0.048
-0.045
-0.042
-0.04
-0.041
-0.043
-0.046
-0.049
-0.052
-0.055
-0.059
-0.061
-0.063
-0.061
-0.058
-0.053
-0.049
-0.047
-0.045
-0.043
-0.041
-0.039
-0.036
-0.033
-0.03
-0.028
-0.026
-0.025
-0.024
-0.022
-0.021
-0.02
-0.019
-0.018
-0.017
-0.016
-0.015
-0.013
-0.012
-0.01
-0.009
-0.008
-0.008
-0.01
-0.011
-0.013
-0.016
-0.018
-0.021
-0.023
-0.025
-0.028
-0.031
-0.033
-0.035
-0.037
-0.038
-0.038
-0.037
-0.036
-0.034
-0.03
-0.026
-0.021
-0.012
0.007
0.04
0.085
0.143
0.208
0.276
0.334
0.364
0.364
0.331
0.246
0.123
-0.013
-0.127
-0.179
-0.197
-0.186
-0.154
-0.114
-0.073
-0.048
-0.02
0.0
0.007
0.01
0.013
0.015
0.017
0.019
0.022
0.025
0.029
0.032
0.036
0.04
0.044
0.048
0.052
0.058
0.064
0.069
0.074
0.078
0.082
0.087
0.091
0.095
0.098
0.1
0.103
0.106
0.108
0.109
0.11
0.113
0.116
0.121
0.131
0.146
0.162
0.176
0.187
0.194
0.2
0.205
0.211
0.217
0.224
0.23
0.236
0.242
0.247
0.249
0.25
0.252
0.254
0.256
0.259
0.26
0.259
0.256
0.251
0.244
0.232
0.211
0.193
0.173
0.153
0.131
0.106
0.083
0.058
0.036
0.019
0.006
-0.007
-0.015
-0.021
-0.026
-0.031
-0.036
-0.04
-0.045
-0.048
-0.051
-0.053
-0.056
-0.058
-0.06
-0.062
-0.064
-0.066
-0.068
-0.069
-0.07
-0.07
-0.071
-0.071
-0.07
-0.069
-0.068
-0.067
-0.066
-0.065
-0.064
-0.064
-0.065
-0.065
-0.066
-0.067
-0.068
-0.068
-0.069
-0.07
-0.07
-0.07
-0.07
-0.069
-0.069
-0.07
-0.072
-0.074
-0.075
-0.076
-0.078
-0.079
-0.081
-0.082
-0.082
-0.08
-0.078
-0.075
-0.072
-0.07
-0.068
-0.066
-0.064
-0.062
-0.06
-0.06
-0.061
-0.062
-0.065
-0.067
-0.068
-0.07
-0.072
-0.074
-0.077
-0.078
-0.079
-0.078
-0.075
-0.072
-0.069
-0.067
-0.065
-0.062
-0.058
-0.056
-0.053
-0.053
-0.053
-0.054
-0.055
-0.056
-0.056
-0.057
-0.059
-0.061
-0.063
-0.064
-0.063
-0.06
-0.057
-0.054
-0.052
-0.05
-0.048
-0.045
-0.043
-0.041
-0.04
-0.039
-0.039
-0.04
-0.04
-0.041
-0.043
-0.044
-0.046
-0.048
-0.049
-0.05
-0.051
-0.053
-0.057
-0.061
-0.063
-0.06
-0.052
-0.043
-0.036
-0.029
-0.022
-0.015
-0.01
-0.006
-0.003
0.0
0.003
0.006
0.01
0.012
0.012
0.01
0.007
0.004
0.002
0.0
0.0
-0.002
-0.003
-0.005
-0.005
-0.006
-0.006
-0.007
-0.007
-0.008
-0.008
-0.008
-0.008
-0.009
-0.008
-0.008
-0.007
-0.006
-0.005
-0.005
-0.005
-0.005
-0.004
-0.002
0.0
0.003
0.006
0.024
0.059
0.11
0.179
0.263
0.348
0.409
0.43
0.41
0.347
0.22
0.068
-0.066
-0.158
-0.188
-0.198
-0.185
-0.145
-0.103
-0.068
-0.046
-0.026
-0.013
-0.007
-0.004
-0.002
0.0
0.001
0.002
0.004
0.007
0.011
0.015
0.019
0.021
0.023
0.026
0.029
0.032
0.035
0.038
0.04
0.042
0.044
0.046
0.049
0.05
0.052
0.054
0.057
0.061
0.066
0.07
0.075
0.08
0.086
0.095
0.107
0.118
0.13
0.143
0.158
0.169
0.176
0.182
0.187
0.193
0.201
0.209
0.215
0.221
0.225
0.23
0.233
0.235
0.236
0.235
0.234
0.231
0.228
0.223
0.217
0.208
0.191
0.177
0.159
0.136
0.112
0.086
0.056
0.032
0.015
0.002
-0.011
-0.021
-0.029
-0.037
-0.046
-0.055
-0.06
-0.063
-0.067
-0.07
-0.072
-0.075
-0.076
-0.077
-0.078
-0.077
-0.077
-0.076
-0.076
-0.075
-0.073
-0.071
-0.069
-0.068
-0.067
-0.066
-0.064
-0.061
-0.058
-0.056
-0.056
-0.059
-0.062
-0.066
-0.069
-0.072
-0.076
-0.08
-0.084
-0.087
-0.087
-0.085
-0.081
-0.077
-0.073
-0.071
-0.067
-0.062
-0.057
-0.054
-0.053
-0.053
-0.054
-0.055
-0.056
-0.057
-0.058
-0.06
-0.062
-0.064
-0.066
-0.068
-0.069
-0.069
-0.07
-0.07
-0.07
-0.069
-0.068
-0.066
-0.064
-0.062
-0.062
-0.061
-0.06
-0.059
-0.058
-0.057
-0.055
-0.054
-0.053
-0.052
-0.05
-0.047
-0.045
-0.043
-0.042
-0.041
-0.04
-0.04
-0.039
-0.039
-0.04
-0.041
-0.042
-0.043
-0.043
-0.043
-0.042
-0.042
-0.042
-0.043
-0.043
-0.043
-0.042
-0.042
-0.043
-0.043
-0.043
-0.043
-0.043
-0.042
-0.042
-0.042
-0.042
-0.042
-0.041
-0.041
-0.04
-0.039
-0.039
-0.038
-0.037
-0.036
-0.035
-0.034
-0.032
-0.031
-0.031
-0.03
-0.028
-0.027
-0.025
-0.023
-0.022
-0.02
-0.018
-0.016
-0.014
-0.013
-0.013
-0.013
-0.014
-0.015
-0.015
-0.017
-0.018
-0.019
-0.02
-0.02
-0.02
-0.02
-0.021
-0.022
-0.023
-0.025
-0.026
-0.028
-0.03
-0.032
-0.035
-0.038
-0.041
-0.044
-0.048
-0.053
-0.059
-0.072
-0.079
-0.077
-0.069
-0.048
-0.007
0.048
0.119
0.202
0.288
0.364
0.403
0.402
0.359
0.261
0.125
-0.025
-0.164
-0.245
-0.271
-0.259
-0.223
-0.16
-0.096
-0.048
-0.033
-0.022
-0.014
-0.009
-0.006
-0.003
0.0
0.002
0.004
0.006
0.008
0.011
0.013
0.016
0.02
0.023
0.026
0.028
0.031
0.034
0.037
0.04
0.043
0.045
0.048
0.05
0.052
0.055
0.057
0.06
0.064
0.069
0.074
0.08
0.085
0.091
0.098
0.106
0.115
0.124
0.134
0.142
0.149
0.156
0.163
0.172
0.18
0.189
0.198
0.21
0.219
0.223
0.225
0.226
0.228
0.23
0.231
0.231
0.224
0.214
0.203
0.19
0.178
0.166
0.153
0.136
0.121
0.102
0.079
0.057
0.036
0.017
-0.003
-0.022
-0.037
-0.051
-0.06
-0.067
-0.072
-0.077
-0.081
-0.085
-0.089
-0.092
-0.095
-0.098
-0.101
-0.103
-0.103
-0.102
-0.1
-0.097
-0.094
-0.091
-0.088
-0.086
-0.083
-0.081
-0.079
-0.076
-0.074
-0.072
-0.071
-0.07
-0.069
-0.069
-0.07
-0.071
-0.072
-0.073
-0.075
-0.076
-0.078
-0.079
-0.081
-0.083
-0.085
-0.088
-0.096
-0.1
-0.097
-0.09
-0.086
-0.084
-0.081
-0.079
-0.078
-0.076
-0.076
-0.075
-0.075
-0.076
-0.077
-0.078
-0.078
-0.079
-0.08
-0.081
-0.081
-0.081
-0.08
-0.077
-0.073
-0.069
-0.066
-0.064
-0.062
-0.06
-0.058
-0.057
-0.056
-0.056
-0.056
-0.055
-0.055
-0.054
-0.052
-0.051
-0.051
-0.051
-0.051
-0.052
-0.052
-0.052
-0.053
-0.054
-0.055
-0.055
-0.054
-0.053
-0.051
-0.05
-0.05
-0.049
-0.049
-0.048
-0.047
-0.047
-0.047
-0.047
-0.048
-0.048
-0.048
-0.048
-0.048
-0.048
-0.049
-0.049
-0.048
-0.048
-0.047
-0.046
-0.045
-0.044
-0.043
-0.041
-0.04
-0.038
-0.036
-0.035
-0.034
-0.033
-0.031
-0.029
-0.026
-0.023
-0.02
-0.017
-0.014
-0.01
-0.007
-0.004
-0.001
0.0
0.003
0.005
0.007
0.008
0.01
0.01
0.01
0.009
0.007
0.006
0.005
0.003
0.002
0.0
0.0
-0.002
-0.004
-0.006
-0.008
-0.009
-0.01
-0.011
-0.011
-0.011
-0.01
-0.009
-0.007
-0.005
-0.001
0.002
0.007
0.027
0.063
0.111
0.171
0.236
0.299
0.354
0.387
0.386
0.349
0.254
0.121
-0.018
-0.131
-0.184
-0.202
-0.189
-0.151
-0.111
-0.07
-0.03
-0.006
0.006
0.01
0.014
0.016
0.019
0.022
0.024
0.028
0.031
0.034
0.038
0.04
0.043
0.046
0.048
0.051
0.054
0.058
0.061
0.064
0.067
0.069
0.071
0.073
0.075
0.077
0.08
0.083
0.088
0.094
0.1
0.108
0.113
0.118
0.122
0.126
0.131
0.135
0.139
0.145
0.157
0.179
0.194
0.202
0.21
0.218
0.225
0.231
