0.021
0.022
0.023
0.023
0.024
0.024
0.025
0.025
0.024
0.024
0.023
0.022
0.021
0.021
0.02
0.018
0.017
0.015
0.014
0.012
0.01
0.009
0.007
0.006
0.004
0.003
0.002
0.001
0.0
0.0
-0.004
-0.007
-0.001
0.012
0.033
0.064
0.119
0.18
0.219
0.232
0.217
0.173
0.095
0.004
-0.092
-0.191
-0.289
-0.378
-0.437
-0.457
-0.444
-0.422
-0.401
-0.393
-0.389
-0.386
-0.384
-0.382
-0.378
-0.375
-0.371
-0.367
-0.361
-0.348
-0.322
-0.294
-0.264
-0.232
-0.2
-0.169
-0.138
-0.115
-0.099
-0.092
-0.089
-0.087
-0.086
-0.084
-0.084
-0.083
-0.083
-0.083
-0.083
-0.084
-0.088
-0.092
-0.097
-0.102
-0.105
-0.108
-0.111
-0.113
-0.116
-0.119
-0.121
-0.124
-0.127
-0.13
-0.132
-0.134
-0.135
-0.136
-0.137
-0.137
-0.136
-0.134
-0.133
-0.131
-0.129
-0.127
-0.125
-0.123
-0.12
-0.117
-0.115
-0.111
-0.107
-0.102
-0.097
-0.091
-0.086
-0.082
-0.077
-0.073
-0.069
-0.064
-0.058
-0.05
-0.041
-0.033
-0.025
-0.018
-0.01
-0.002
0.005
0.009
0.012
0.015
0.018
0.022
0.025
0.024
0.016
0.004
-0.006
-0.02
-0.033
-0.046
-0.056
-0.064
-0.071
-0.078
-0.086
-0.093
-0.101
-0.108
-0.115
-0.122
-0.127
-0.132
-0.136
-0.139
-0.142
-0.143
-0.145
-0.146
-0.147
-0.148
-0.149
-0.15
-0.151
-0.152
-0.154
-0.155
-0.158
-0.16
-0.163
-0.166
-0.169
-0.171
-0.173
-0.174
-0.176
-0.177
-0.179
-0.181
-0.184
-0.187
-0.19
-0.193
-0.196
-0.197
-0.198
-0.198
-0.196
-0.194
-0.191
-0.188
-0.184
-0.179
-0.174
-0.169
-0.164
-0.157
-0.143
-0.13
-0.118
-0.111
-0.105
-0.1
-0.095
-0.092
-0.088
-0.085
-0.083
-0.081
-0.079
-0.077
-0.075
-0.071
-0.062
-0.043
-0.009
0.037
0.065
0.095
0.125
0.148
0.165
0.185
0.212
0.245
0.27
0.285
0.299
0.312
0.32
0.325
0.33
0.334
0.338
0.341
0.344
0.347
0.349
0.351
0.352
0.352
0.351
0.351
0.352
0.353
0.354
0.356
0.359
0.36
0.361
0.36
0.357
0.352
0.344
0.336
0.325
0.31
0.297
0.286
0.276
0.265
0.255
0.244
0.238
0.235
0.231
0.229
0.226
0.224
0.221
0.219
0.217
0.216
0.216
0.217
0.219
0.221
0.225
0.229
0.233
0.237
0.243
0.25
0.267
0.301
0.353
0.403
0.421
0.421
0.404
0.359
0.28
0.179
0.069
-0.04
-0.143
-0.227
-0.277
-0.297
-0.298
-0.284
-0.269
-0.256
-0.247
-0.242
-0.238
-0.235
-0.233
-0.228
-0.222
-0.214
-0.202
-0.18
-0.147
-0.12
-0.093
-0.045
0.008
0.038
0.068
0.094
0.104
0.109
0.113
0.116
0.119
0.121
0.123
0.124
0.124
0.123
0.122
0.119
0.116
0.113
0.109
0.106
0.103
0.101
0.1
0.099
0.097
0.095
0.093
0.09
0.088
0.087
0.085
0.084
0.082
0.081
0.08
0.08
0.08
0.08
0.081
0.082
0.083
0.085
0.088
0.09
0.093
0.095
0.098
0.102
0.105
0.109
0.116
0.133
0.147
0.159
0.169
0.178
0.186
0.195
0.203
0.212
0.224
0.241
0.254
0.271
0.294
0.315
0.331
0.345
0.359
0.374
0.391
0.399
0.404
0.408
0.412
0.416
0.42
0.425
0.43
0.435
0.439
0.443
0.447
0.45
0.454
0.459
0.463
0.468
0.471
0.474
0.475
0.474
0.472
0.469
0.465
0.46
0.455
0.449
0.445
0.44
0.436
0.432
0.428
0.424
0.42
0.417
0.414
0.412
0.408
0.403
0.394
0.378
0.362
0.346
0.33
0.314
0.3
0.288
0.276
0.263
0.251
0.238
0.225
0.211
0.195
0.176
0.162
0.144
0.119
0.098
0.082
0.063
0.048
0.037
0.027
0.016
0.006
-0.006
-0.02
-0.032
-0.042
-0.059
-0.084
-0.105
-0.12
-0.136
-0.147
-0.154
-0.16
-0.166
-0.172
-0.179
-0.186
-0.197
-0.214
-0.237
-0.249
-0.256
-0.262
-0.266
-0.27
-0.275
-0.279
-0.282
-0.284
-0.287
-0.291
-0.296
-0.303
-0.311
-0.32
-0.33
-0.342
-0.356
-0.368
-0.38
-0.393
-0.41
-0.433
-0.446
-0.453
-0.459
-0.463
-0.467
-0.47
-0.473
-0.476
-0.478
-0.48
-0.482
-0.485
-0.489
-0.495
-0.507
-0.525
-0.534
-0.54
-0.544
-0.548
-0.551
-0.553
-0.555
-0.556
-0.556
-0.556
-0.554
-0.552
-0.548
-0.544
-0.539
-0.534
-0.524
-0.505
-0.488
-0.475
-0.466
-0.458
-0.452
-0.447
-0.442
-0.436
-0.43
-0.423
-0.414
-0.401
-0.38
-0.346
-0.285
-0.216
-0.14
-0.066
-0.017
-0.014
-0.05
-0.163
-0.333
-0.523
-0.69
-0.791
-0.806
-0.779
-0.708
-0.638
-0.601
-0.592
-0.586
-0.582
-0.579
-0.575
-0.571
-0.567
-0.564
-0.56
-0.554
-0.541
-0.515
-0.469
-0.422
-0.373
-0.322
-0.272
-0.221
-0.188
-0.153
-0.118
-0.089
-0.068
-0.05
-0.04
-0.033
-0.027
-0.022
-0.017
-0.012
-0.007
-0.001
0.008
0.023
0.041
0.054
0.064
0.071
0.076
0.079
0.082
0.084
0.086
0.088
0.089
0.088
0.084
0.078
0.07
0.058
0.042
0.036
0.034
0.032
0.03
0.028
0.027
0.027
0.027
0.027
0.029
0.031
0.035
0.039
0.045
0.053
0.067
0.086
0.101
0.112
0.122
0.13
0.138
0.144
0.149
0.155
0.162
0.169
0.176
0.185
0.195
0.208
0.218
0.225
0.228
0.231
0.233
0.235
0.237
0.239
0.239
0.24
0.239
0.236
0.233
0.228
0.223
0.218
0.212
0.206
0.2
0.194
0.188
0.182
0.177
0.173
0.168
0.162
0.155
0.146
0.137
0.126
0.116
0.109
0.103
0.097
0.092
0.086
0.079
0.076
0.071
0.067
0.063
0.059
0.055
0.048
0.042
0.037
0.035
0.034
0.029
0.025
0.019
0.014
0.007
0.0
-0.007
-0.017
-0.025
-0.031
-0.039
-0.046
-0.049
-0.052
-0.054
-0.057
-0.058
-0.059
-0.058
-0.058
-0.058
-0.058
-0.057
-0.058
-0.058
-0.058
-0.061
-0.063
-0.067
-0.07
-0.072
-0.073
-0.074
-0.078
-0.08
-0.082
-0.085
-0.085
-0.086
-0.086
-0.087
-0.087
-0.087
-0.084
-0.08
-0.078
-0.074
-0.069
-0.064
-0.058
-0.051
-0.047
-0.043
-0.037
-0.03
-0.025
-0.017
-0.013
-0.011
-0.012
-0.014
-0.017
-0.022
-0.027
-0.034
-0.042
-0.051
-0.066
-0.079
-0.091
-0.102
-0.111
-0.12
-0.128
-0.138
-0.149
-0.158
-0.168
-0.183
-0.203
-0.225
-0.245
-0.259
-0.272
-0.279
-0.28
-0.281
-0.284
-0.287
-0.286
-0.285
-0.279
-0.268
-0.254
-0.236
-0.215
-0.198
-0.184
-0.173
-0.169
-0.167
-0.166
-0.164
-0.162
-0.164
-0.165
-0.17
-0.178
-0.189
-0.201
-0.208
-0.19
-0.142
-0.078
0.004
0.097
0.177
0.218
0.214
0.149
-0.004
-0.205
-0.414
-0.591
-0.683
-0.718
-0.7
-0.635
-0.56
-0.493
-0.475
-0.469
-0.466
-0.484
-0.501
-0.513
-0.521
-0.522
-0.517
-0.507
-0.486
-0.452
-0.421
-0.388
-0.351
-0.315
-0.28
-0.246
-0.223
-0.206
-0.189
-0.18
-0.175
-0.171
-0.17
-0.17
-0.17
-0.169
-0.166
-0.159
-0.154
-0.148
-0.142
-0.137
-0.134
-0.131
-0.127
-0.123
-0.119
-0.118
-0.12
-0.12
-0.122
-0.124
-0.126
-0.127
-0.126
-0.125
-0.125
-0.124
-0.121
-0.114
-0.11
-0.107
-0.105
-0.101
-0.097
-0.09
-0.082
-0.074
-0.065
-0.062
-0.061
-0.057
-0.05
-0.042
-0.037
-0.034
-0.029
-0.024
-0.019
-0.014
-0.007
0.0
0.007
0.015
0.026
0.038
0.051
0.062
0.073
0.085
0.1
0.118
0.131
0.14
0.147
0.152
0.154
0.156
0.156
0.154
0.151
0.145
0.136
0.128
0.119
0.111
0.104
0.1
0.098
0.095
0.093
0.091
0.087
0.085
0.083
0.083
0.083
0.083
0.081
0.077
0.076
0.074
0.073
0.072
0.07
0.067
0.072
0.071
0.071
0.071
0.072
0.074
0.076
0.079
0.083
0.087
0.09
0.094
0.097
0.099
0.1
0.102
0.103
0.105
0.108
0.112
0.115
0.118
0.12
0.123
0.124
0.125
0.127
0.13
0.132
0.134
0.137
0.139
0.141
0.142
0.14
0.138
0.136
0.134
0.132
0.13
0.128
0.125
0.122
0.119
0.115
0.112
0.109
0.106
0.103
0.102
0.101
0.1
0.1
0.099
0.098
0.098
0.097
0.097
0.098
0.1
0.101
0.103
0.106
0.11
0.116
0.122
0.129
0.137
0.146
0.16
0.173
0.18
0.183
0.186
0.19
0.194
0.196
0.191
0.179
0.163
0.143
0.115
0.09
0.081
0.075
0.07
0.066
0.063
0.061
0.058
0.056
0.054
0.053
0.052
0.052
0.051
0.05
0.049
0.048
0.047
0.047
0.047
0.048
0.049
0.05
0.052
0.053
0.055
0.057
0.058
0.059
0.061
0.062
0.063
0.064
0.065
0.065
0.065
0.065
0.065
0.066
0.067
0.067
0.069
0.072
0.077
0.093
0.129
0.188
0.255
0.325
0.384
0.404
0.381
0.311
0.151
-0.049
-0.243
-0.391
-0.444
-0.445
-0.39
-0.319
-0.257
-0.237
-0.235
-0.234
-0.231
-0.229
-0.232
-0.238
-0.243
-0.249
-0.253
-0.246
-0.227
-0.198
-0.159
-0.121
-0.086
-0.052
-0.018
0.008
0.028
0.048
0.058
0.065
0.07
0.074
0.078
0.081
0.083
0.083
0.083
0.082
0.078
0.074
0.07
0.065
0.06
0.055
0.05
0.047
0.043
0.04
0.037
0.035
0.034
0.032
0.03
0.03
0.03
0.032
0.034
0.038
0.042
0.045
0.048
0.05
0.053
0.055
0.057
0.06
0.065
0.07
0.076
0.084
0.091
0.098
0.103
0.109
0.115
0.12
0.125
0.131
0.135
0.139
0.143
0.147
0.151
0.156
0.16
0.164
0.169
0.174
0.179
0.185
0.193
0.199
0.204
0.207
0.208
0.207
0.205
0.201
0.195
0.187
0.179
0.167
0.145
0.125
0.111
0.099
0.088
0.075
0.064
0.055
0.045
0.036
0.027
0.018
0.011
0.004
-0.002
-0.009
-0.015
-0.022
-0.03
-0.037
-0.043
-0.045
-0.048
-0.051
-0.054
-0.056
-0.058
-0.059
-0.06
-0.062
-0.063
-0.065
-0.066
-0.067
-0.068
-0.069
-0.07
-0.071
-0.073
-0.073
-0.074
-0.075
-0.076
-0.077
-0.078
-0.079
-0.079
-0.08
-0.081
-0.082
-0.084
-0.085
-0.086
-0.086
-0.087
-0.087
-0.088
-0.089
-0.089
-0.09
-0.09
-0.09
-0.091
-0.091
-0.091
-0.091
-0.091
-0.091
-0.09
-0.09
-0.089
-0.089
-0.088
-0.087
-0.085
-0.084
-0.082
-0.081
-0.08
-0.079
-0.078
-0.076
-0.075
-0.074
-0.073
-0.072
-0.071
-0.07
-0.068
-0.067
-0.066
-0.066
-0.064
-0.062
-0.06
-0.059
-0.062
-0.069
-0.078
-0.087
-0.095
-0.103
-0.112
-0.12
-0.129
-0.137
-0.144
-0.151
-0.157
-0.164
-0.17
-0.176
-0.18
-0.184
-0.187
-0.19
-0.193
-0.195
-0.197
-0.198
-0.199
-0.2
-0.201
-0.203
-0.204
-0.205
-0.206
-0.207
-0.209
-0.21
-0.211
-0.211
-0.211
-0.211
-0.211
-0.21
-0.209
-0.207
-0.205
-0.203
-0.2
-0.196
-0.193
-0.19
-0.186
-0.18
-0.166
-0.131
-0.071
-0.001
0.071
0.119
0.136
0.106
0.011
-0.166
-0.373
-0.559
-0.654
-0.686
-0.667
-0.606
-0.542
-0.518
-0.511
-0.509
-0.507
-0.505
-0.503
-0.499
-0.494
-0.488
-0.482
-0.473
-0.453
-0.417
-0.38
-0.344
-0.306
-0.269
-0.233
-0.197
-0.161
-0.125
-0.099
-0.083
-0.066
-0.048
-0.042
-0.039
-0.036
-0.033
-0.031
-0.029
-0.027
-0.025
-0.024
-0.023
-0.023
-0.023
-0.023
-0.024
-0.025
-0.026
-0.027
-0.028
-0.029
-0.03
-0.03
-0.031
-0.03
-0.029
-0.028
-0.027
-0.027
-0.026
-0.026
-0.025
-0.025
-0.024
-0.024
-0.023
-0.021
-0.019
-0.017
-0.015
-0.014
-0.012
-0.009
-0.007
-0.004
-0.002
0.0
0.002
0.01
0.02
0.029
0.039
0.048
0.058
0.07
0.081
0.089
0.097
0.106
0.116
0.124
0.13
0.133
0.137
0.14
0.142
0.143
0.143
0.14
0.136
0.13
0.123
0.116
0.106
0.096
0.088
0.08
0.071
0.063
0.055
0.048
0.041
0.035
0.029
0.024
0.018
0.013
0.007
0.003
0.0
-0.002
-0.004
-0.006
-0.007
-0.007
-0.009
-0.01
-0.012
-0.015
-0.017
-0.019
-0.02
-0.021
-0.022
-0.023
-0.023
-0.023
-0.023
-0.024
-0.027
-0.031
-0.034
-0.036
-0.035
-0.033
-0.03
-0.028
-0.026
-0.024
-0.021
-0.018
-0.016
-0.018
-0.022
-0.027
-0.033
-0.039
-0.045
-0.052
-0.058
-0.064
-0.069
-0.074
-0.076
-0.079
-0.081
-0.083
-0.085
-0.086
-0.088
-0.089
-0.09
-0.091
-0.091
-0.091
-0.09
-0.089
-0.086
-0.084
-0.082
-0.08
-0.078
-0.076
-0.074
-0.071
-0.068
-0.065
-0.061
-0.057
-0.052
-0.048
-0.044
-0.041
-0.039
-0.037
-0.036
-0.034
-0.032
-0.03
-0.028
-0.026
-0.024
-0.021
-0.019
-0.018
-0.017
-0.016
-0.016
-0.017
-0.019
-0.022
-0.025
-0.03
-0.035
-0.04
-0.049
-0.066
-0.082
-0.091
-0.097
-0.103
-0.107
-0.113
-0.117
-0.122
-0.128
-0.135
-0.145
-0.156
-0.166
-0.172
-0.177
-0.18
-0.184
-0.186
-0.189
-0.191
-0.193
-0.195
-0.197
-0.199
-0.2
-0.202
-0.205
-0.21
-0.214
-0.215
-0.209
-0.198
-0.181
-0.154
-0.107
-0.045
0.024
0.088
0.119
0.114
0.052
-0.09
-0.286
-0.492
-0.662
-0.752
-0.763
-0.726
-0.651
-0.572
-0.537
-0.524
-0.52
-0.525
-0.534
-0.543
-0.552
-0.557
-0.551
-0.538
-0.518
-0.49
-0.463
-0.438
-0.398
-0.357
-0.313
-0.27
-0.231
-0.208
-0.184
-0.16
-0.141
-0.127
-0.114
-0.105
-0.098
-0.091
-0.08
-0.068
-0.06
-0.053
-0.047
-0.042
-0.036
-0.031
-0.026
-0.022
-0.017
-0.011
-0.005
0.0
0.006
0.011
0.015
0.019
0.023
0.026
0.029
0.032
0.035
0.039
0.042
0.046
0.049
0.053
0.058
0.063
0.069
0.076
0.082
0.089
0.095
0.101
0.106
0.11
0.114
0.118
0.121
0.124
0.128
0.131
0.134
0.138
0.144
0.152
0.162
0.171
0.181
0.193
0.209
0.224
0.24
0.255
0.266
0.273
0.277
0.281
0.283
0.285
0.285
0.283
0.278
0.273
0.267
0.263
0.258
0.253
0.247
0.242
0.236
0.231
0.226
0.221
0.214
0.205
0.196
0.189
0.182
0.178
0.176
0.173
0.172
0.171
0.17
0.169
0.167
0.165
0.163
0.161
0.159
0.157
0.155
0.152
0.149
0.146
0.143
0.141
0.138
0.133
0.128
0.123
0.118
0.114
0.11
0.106
0.101
0.097
0.092
0.088
0.084
0.079
0.072
0.065
0.06
0.055
0.051
0.047
0.042
0.036
0.029
0.021
0.011
0.003
0.0
-0.003
-0.005
-0.008
-0.01
-0.011
-0.012
-0.013
-0.014
-0.015
-0.016
-0.017
-0.018
-0.018
-0.019
-0.02
-0.022
-0.023
-0.023
-0.023
-0.023
-0.024
-0.024
-0.024
-0.023
-0.022
-0.021
-0.02
-0.02
-0.02
-0.021
-0.022
-0.022
-0.023
-0.023
-0.024
-0.025
-0.026
-0.027
-0.028
-0.029
-0.031
-0.036
-0.052
-0.073
-0.089
-0.099
-0.108
-0.117
-0.123
-0.129
-0.135
-0.141
-0.148
-0.156
-0.168
-0.18
-0.186
-0.189
-0.192
-0.195
-0.198
-0.2
-0.202
-0.205
-0.207
-0.209
-0.21
-0.212
-0.213
-0.213
-0.212
-0.212
-0.211
-0.21
-0.21
-0.209
-0.208
-0.208
-0.206
-0.205
-0.203
-0.201
-0.199
-0.197
-0.194
-0.19
-0.187
-0.183
-0.178
-0.166
-0.132
-0.075
-0.002
0.083
0.167
0.216
0.214
0.155
0.009
-0.194
-0.407
-0.581
-0.667
-0.676
-0.631
-0.547
-0.473
-0.444
-0.437
-0.433
-0.431
-0.428
-0.424
-0.42
-0.416
-0.412
-0.407
-0.4
-0.384
-0.356
-0.331
-0.304
-0.275
-0.242
-0.206
-0.172
-0.14
-0.111
-0.091
-0.075
-0.058
-0.047
-0.04
-0.034
-0.029
-0.025
-0.02
-0.015
-0.01
-0.006
-0.004
-0.002
0.0
0.0
0.001
0.002
0.003
0.003
0.004
0.005
0.005
0.005
0.006
0.006
0.006
0.007
0.007
0.007
0.007
0.007
0.008
0.008
0.008
0.009
0.01
0.01
0.012
0.013
0.015
0.017
0.019
0.021
0.023
0.026
0.031
0.035
0.04
0.044
0.048
0.052
0.056
0.06
0.065
0.071
0.079
0.087
0.095
0.102
0.111
0.122
0.138
0.156
0.165
0.171
0.175
0.179
0.182
0.184
0.186
0.186
0.185
0.183
0.181
0.177
0.172
0.167
0.161
0.153
0.141
0.128
0.116
0.105
0.099
0.095
0.091
0.088
0.086
0.084
0.082
0.081
0.08
0.079
0.077
0.075
0.073
0.071
0.068
0.065
0.063
0.061
0.059
0.058
0.057
0.056
0.055
0.055
0.055
0.055
0.055
0.055
0.054
0.053
0.052
0.052
0.051
0.05
0.05
0.05
0.051
0.051
0.052
0.053
0.053
0.053
0.054
0.054
0.054
0.053
0.052
0.051
0.05
0.05
0.049
0.048
0.048
0.047
0.046
0.045
0.044
0.042
0.041
0.039
0.037
0.035
0.033
0.03
0.027
0.025
0.022
0.02
0.016
0.012
0.008
0.003
-0.002
-0.006
-0.01
-0.013
-0.015
-0.016
-0.016
-0.014
-0.011
-0.008
-0.004
0.0
0.004
0.009
0.013
0.017
0.022
0.03
0.039
0.047
0.051
0.05
0.044
0.037
0.03
0.025
0.02
0.015
0.009
0.004
0.0
-0.003
-0.006
-0.009
-0.013
-0.016
-0.019
-0.022
-0.024
-0.027
-0.03
-0.032
-0.035
-0.038
-0.041
-0.043
-0.046
-0.049
-0.052
-0.055
-0.058
-0.06
-0.063
-0.067
-0.071
-0.076
-0.082
-0.087
-0.093
-0.098
-0.103
-0.109
-0.114
-0.123
-0.131
-0.138
-0.14
-0.14
-0.138
-0.134
-0.127
-0.104
-0.056
0.008
0.084
0.156
0.197
0.197
0.15
0.023
-0.157
-0.357
-0.528
-0.609
-0.637
-0.615
-0.549
-0.509
-0.499
-0.494
-0.49
-0.487
-0.484
-0.48
-0.477
-0.474
-0.47
-0.467
-0.462
-0.456
-0.442
-0.422
-0.394
-0.361
-0.311
-0.262
-0.212
-0.181
-0.149
-0.117
-0.095
-0.081
-0.069
-0.058
-0.054
-0.052
-0.05
-0.048
-0.047
-0.046
-0.044
-0.043
-0.042
-0.041
-0.039
-0.038
-0.037
-0.037
-0.037
-0.037
-0.038
-0.038
-0.04
-0.041
-0.042
-0.043
-0.044
-0.045
-0.046
-0.048
-0.049
-0.051
-0.052
-0.054
-0.056
-0.058
-0.06
-0.062
-0.064
-0.066
-0.069
-0.071
-0.074
-0.077
-0.08
-0.081
-0.082
-0.082
-0.082
-0.08
-0.078
-0.075
-0.071
-0.066
-0.062
-0.057
-0.049
-0.034
-0.021
-0.01
0.002
0.017
0.03
0.044
0.057
0.072
0.081
0.087
0.092
0.095
0.097
0.095
0.091
0.085
0.078
0.068
0.051
0.035
0.017
0.0
-0.016
-0.027
-0.036
-0.042
-0.049
-0.054
-0.059
-0.064
-0.069
-0.073
-0.078
-0.083
-0.089
-0.096
-0.101
-0.106
-0.111
-0.115
-0.118
-0.12
-0.122
-0.124
-0.125
-0.127
-0.128
-0.13
-0.132
-0.133
-0.134
-0.133
-0.13
-0.126
-0.121
-0.117
-0.113
-0.109
-0.105
-0.101
-0.097
-0.094
-0.091
-0.089
-0.086
-0.084
-0.082
-0.081
-0.08
-0.078
-0.076
-0.073
-0.07
-0.067
-0.064
-0.063
-0.061
-0.059
-0.058
-0.057
-0.057
-0.057
-0.058
-0.058
-0.058
-0.058
-0.058
-0.058
-0.058
-0.058
-0.057
-0.057
-0.056
-0.055
-0.054
-0.053
-0.051
-0.049
-0.047
-0.045
-0.044
-0.042
-0.04
-0.038
-0.036
-0.034
-0.031
-0.028
-0.026
-0.023
-0.021
-0.018
-0.016
-0.015
-0.014
-0.015
-0.016
-0.017
-0.019
-0.021
-0.023
-0.026
-0.029
-0.032
-0.035
-0.038
-0.041
-0.045
-0.05
-0.054
-0.058
-0.061
-0.065
-0.068
-0.072
-0.075
-0.078
-0.081
-0.085
-0.089
-0.092
-0.093
-0.092
-0.089
-0.085
-0.079
-0.074
-0.07
-0.064
-0.058
-0.052
-0.047
-0.042
-0.038
-0.035
-0.032
-0.029
-0.025
-0.022
-0.019
-0.016
-0.014
-0.011
-0.005
0.005
0.025
0.045
0.066
0.105
0.149
0.205
0.276
0.354
0.421
0.439
0.425
0.337
0.184
-0.001
-0.18
-0.316
-0.373
-0.376
-0.335
-0.276
-0.227
-0.19
-0.175
-0.164
-0.155
-0.148
-0.139
-0.129
-0.119
-0.108
-0.099
-0.092
-0.079
-0.063
-0.036
-0.003
0.034
0.072
0.11
0.147
0.174
0.197
0.211
0.219
0.224
0.226
0.229
0.23
0.232
0.234
0.234
0.235
0.233
0.229
0.225
0.22
0.215
0.21
0.205
0.199
0.193
0.187
0.182
0.176
0.17
0.165
0.158
0.151
0.146
0.141
0.136
0.131
0.128
0.124
0.12
0.117
0.114
0.112
0.11
0.108
0.106
0.105
0.103
0.102
0.1
0.098
0.095
0.093
0.091
0.091
0.094
0.099
0.105
0.11
0.116
0.123
0.13
0.136
0.141
0.147
0.151
0.154
0.157
0.159
0.162
0.164
0.166
0.167
0.168
0.168
0.168
0.168
0.167
0.165
0.163
0.16
0.157
0.153
0.149
0.141
0.125
0.113
0.105
0.1
0.094
0.088
0.08
0.073
0.066
0.06
0.054
0.048
0.041
0.035
0.029
0.025
0.023
0.02
0.018
0.017
0.016
0.015
0.014
0.012
0.01
0.008
0.006
0.005
0.003
0.001
0.0
-0.002
-0.005
-0.007
-0.009
-0.011
-0.013
-0.016
-0.018
-0.021
-0.024
-0.027
-0.03
-0.033
-0.035
-0.038
-0.041
-0.043
-0.044
-0.046
-0.047
-0.049
-0.05
-0.05
-0.051
-0.051
-0.052
-0.053
-0.055
-0.057
-0.059
-0.061
-0.062
-0.064
-0.066
-0.067
-0.068
-0.069
-0.069
-0.069
-0.069
-0.07
-0.071
-0.071
-0.072
-0.073
-0.075
-0.078
-0.079
-0.079
-0.077
-0.073
-0.068
-0.062
-0.056
-0.048
-0.039
-0.029
-0.02
-0.01
0.0
0.005
0.008
0.011
0.012
0.014
0.016
0.017
0.018
0.018
0.016
0.012
0.007
0.002
-0.001
-0.006
-0.011
-0.017
-0.023
-0.028
-0.033
-0.038
-0.045
-0.053
-0.062
-0.07
-0.077
-0.083
-0.087
-0.091
-0.095
-0.1
-0.105
-0.109
-0.114
-0.118
-0.121
-0.124
-0.127
-0.129
-0.132
-0.134
-0.136
-0.138
-0.139
-0.14
-0.141
-0.141
-0.141
-0.14
-0.139
-0.138
-0.136
-0.134
-0.131
-0.128
-0.125
-0.122
-0.112
-0.091
-0.053
0.0
0.066
0.139
0.205
0.22
0.205
0.109
-0.059
-0.274
-0.482
-0.634
-0.689
-0.69
-0.636
-0.554
-0.486
-0.464
-0.456
-0.454
-0.457
-0.465
-0.473
-0.482
-0.481
-0.47
-0.455
-0.433
-0.41
-0.388
-0.351
-0.309
-0.261
-0.215
-0.173
-0.135
-0.11
-0.084
-0.06
-0.051
-0.048
-0.046
-0.044
-0.043
-0.042
-0.042
-0.042
-0.041
-0.041
-0.041
-0.041
-0.04
-0.04
-0.04
-0.039
-0.038
-0.037
-0.037
-0.036
-0.036
-0.035
-0.034
-0.032
-0.031
-0.029
-0.028
-0.027
-0.025
-0.023
-0.021
-0.019
-0.017
-0.015
-0.012
-0.01
-0.007
-0.005
-0.003
-0.001
0.0
0.001
0.003
0.005
0.007
0.01
0.013
0.019
0.026
0.032
0.038
0.042
0.047
0.052
0.057
0.063
0.07
0.077
0.084
0.093
0.103
0.114
0.125
0.135
0.145
0.151
0.153
0.155
0.157
0.159
0.16
0.159
0.153
0.144
0.137
0.13
0.123
0.117
0.111
0.106
0.099
0.092
0.084
0.077
0.069
0.061
0.052
0.044
0.036
0.032
0.03
0.028
0.027
0.026
0.024
0.022
0.02
0.018
0.016
0.014
0.012
0.01
0.009
0.008
0.006
0.005
0.003
0.001
-0.001
-0.004
-0.007
-0.011
-0.014
-0.017
-0.019
-0.022
-0.024
-0.027
-0.029
-0.03
-0.032
-0.033
-0.034
-0.035
-0.036
-0.037
-0.038
-0.039
-0.039
-0.04
-0.041
-0.042
-0.043
-0.043
-0.044
-0.045
-0.045
-0.046
-0.046
-0.047
-0.047
-0.048
-0.049
-0.051
-0.052
-0.054
-0.056
-0.058
-0.06
-0.062
-0.063
-0.065
-0.067
-0.069
-0.07
-0.071
-0.073
-0.074
-0.075
-0.077
-0.078
-0.079
-0.079
-0.079
-0.078
-0.077
-0.075
-0.072
-0.069
-0.065
-0.062
-0.059
-0.055
-0.051
-0.044
-0.037
-0.034
-0.031
-0.029
-0.026
-0.023
-0.021
-0.022
-0.029
-0.04
-0.053
-0.07
-0.081
-0.088
-0.093
-0.098
-0.105
-0.112
-0.119
-0.127
-0.136
-0.144
-0.152
-0.159
-0.162
-0.164
-0.167
-0.169
-0.172
-0.174
-0.175
-0.176
-0.177
-0.177
-0.178
-0.177
-0.176
-0.175
-0.173
-0.172
-0.171
-0.171
-0.17
-0.168
-0.166
-0.165
-0.163
-0.161
-0.159
-0.156
-0.151
-0.146
-0.14
-0.133
-0.119
-0.095
-0.052
-0.001
0.06
0.128
0.184
0.202
0.182
0.121
-0.021
-0.209
-0.405
-0.563
-0.643
-0.652
-0.613
-0.538
-0.475
-0.454
-0.45
-0.447
-0.445
-0.442
-0.439
-0.436
-0.434
-0.43
-0.425
-0.415
-0.396
-0.366
-0.333
-0.295
-0.254
-0.214
-0.171
-0.128
-0.102
-0.077
-0.053
-0.038
-0.029
-0.022
-0.013
-0.006
-0.002
0.0
0.002
0.003
0.004
0.005
0.005
0.005
0.005
0.006
0.006
0.007
0.008
0.009
0.01
0.011
0.012
0.014
0.015
0.016
0.017
0.018
0.019
0.02
0.021
0.023
0.025
0.029
0.032
0.035
0.039
0.042
0.045
0.048
0.05
0.052
