-0.246
-0.298
-0.358
-0.422
-0.483
-0.511
-0.521
-0.525
-0.529
-0.532
-0.533
-0.534
-0.534
-0.534
-0.533
-0.531
-0.529
-0.527
-0.525
-0.524
-0.523
-0.522
-0.52
-0.518
-0.515
-0.513
-0.511
-0.509
-0.506
-0.503
-0.5
-0.497
-0.494
-0.492
-0.489
-0.486
-0.483
-0.479
-0.475
-0.472
-0.469
-0.467
-0.467
-0.467
-0.468
-0.47
-0.471
-0.473
-0.474
-0.476
-0.478
-0.479
-0.481
-0.483
-0.485
-0.487
-0.488
-0.487
-0.485
-0.483
-0.48
-0.477
-0.475
-0.474
-0.473
-0.472
-0.471
-0.471
-0.471
-0.47
-0.469
-0.468
-0.467
-0.466
-0.464
-0.462
-0.46
-0.458
-0.455
-0.452
-0.449
-0.445
-0.441
-0.438
-0.433
-0.429
-0.425
-0.422
-0.419
-0.417
-0.415
-0.414
-0.412
-0.409
-0.408
-0.406
-0.405
-0.404
-0.403
-0.401
-0.4
-0.399
-0.398
-0.396
-0.394
-0.389
-0.374
-0.358
-0.349
-0.342
-0.337
-0.332
-0.326
-0.32
-0.315
-0.309
-0.304
-0.297
-0.291
-0.288
-0.289
-0.293
-0.299
-0.308
-0.324
-0.352
-0.369
-0.38
-0.387
-0.387
-0.379
-0.369
-0.36
-0.35
-0.341
-0.338
-0.341
-0.348
-0.359
-0.38
-0.401
-0.41
-0.416
-0.401
-0.355
-0.276
-0.165
-0.034
0.1
0.222
0.313
0.341
0.35
0.325
0.252
0.155
0.042
-0.077
-0.189
-0.279
-0.345
-0.363
-0.367
-0.371
-0.371
-0.363
-0.347
-0.332
-0.315
-0.301
-0.288
-0.282
-0.277
-0.273
-0.269
-0.266
-0.264
-0.261
-0.258
-0.256
-0.254
-0.253
-0.25
-0.247
-0.243
-0.236
-0.221
-0.208
-0.196
-0.182
-0.163
-0.15
-0.141
-0.135
-0.129
-0.124
-0.12
-0.116
-0.112
-0.106
-0.098
-0.087
-0.074
-0.059
-0.043
-0.027
-0.012
0.0
0.012
0.027
0.038
0.048
0.057
0.066
0.074
0.082
0.088
0.093
0.098
0.102
0.106
0.107
0.107
0.106
0.103
0.1
0.095
0.089
0.08
0.063
0.048
0.032
0.017
0.001
-0.013
-0.029
-0.047
-0.07
-0.097
-0.116
-0.131
-0.148
-0.166
-0.181
-0.186
-0.19
-0.194
-0.192
-0.177
-0.163
-0.151
-0.143
-0.137
-0.134
-0.13
-0.126
-0.124
-0.124
-0.127
-0.13
-0.133
-0.134
-0.135
-0.135
-0.136
-0.137
-0.139
-0.141
-0.144
-0.147
-0.15
-0.154
-0.158
-0.162
-0.166
-0.17
-0.173
-0.175
-0.178
-0.182
-0.186
-0.191
-0.196
-0.201
-0.204
-0.206
-0.206
-0.206
-0.204
-0.201
-0.197
-0.192
-0.187
-0.181
-0.173
-0.16
-0.147
-0.133
-0.12
-0.106
-0.095
-0.085
-0.078
-0.071
-0.065
-0.064
-0.067
-0.075
-0.086
-0.106
-0.137
-0.155
-0.166
-0.173
-0.172
-0.165
-0.153
-0.134
-0.104
-0.074
-0.042
-0.014
0.004
0.009
0.012
0.014
0.017
0.018
0.019
0.02
0.02
0.019
0.017
0.014
0.01
0.004
-0.001
-0.008
-0.02
-0.04
-0.05
-0.057
-0.063
-0.065
-0.057
-0.038
-0.009
0.027
0.061
0.098
0.123
0.138
0.148
0.148
0.14
0.126
0.104
0.072
0.05
0.033
0.019
0.01
0.004
-0.001
-0.005
-0.007
-0.007
-0.006
-0.003
0.002
0.011
0.04
0.092
0.174
0.286
0.418
0.556
0.681
0.781
0.832
0.848
0.825
0.757
0.644
0.507
0.361
0.225
0.112
0.028
-0.022
-0.039
-0.049
-0.056
-0.06
-0.063
-0.065
-0.067
-0.069
-0.071
-0.073
-0.075
-0.075
-0.075
-0.075
-0.074
-0.072
-0.068
-0.064
-0.058
-0.052
-0.046
-0.038
-0.029
-0.02
-0.011
-0.001
0.009
0.024
0.036
0.046
0.055
0.062
0.068
0.075
0.082
0.091
0.1
0.109
0.119
0.127
0.135
0.147
0.163
0.179
0.197
0.214
0.234
0.255
0.275
0.292
0.309
0.326
0.344
0.353
0.36
0.365
0.369
0.372
0.373
0.373
0.372
0.37
0.366
0.361
0.354
0.34
0.314
0.287
0.26
0.242
0.231
0.223
0.219
0.215
0.213
0.21
0.209
0.208
0.207
0.206
0.207
0.209
0.213
0.219
0.225
0.232
0.238
0.244
0.25
0.256
0.261
0.265
0.269
0.272
0.276
0.28
0.285
0.289
0.293
0.297
0.301
0.305
0.31
0.315
0.319
0.322
0.326
0.329
0.333
0.336
0.339
0.341
0.343
0.344
0.345
0.346
0.347
0.349
0.352
0.358
0.361
0.353
0.339
0.327
0.317
0.308
0.301
0.295
0.29
0.286
0.284
0.282
0.281
0.279
0.278
0.276
0.275
0.274
0.274
0.274
0.275
0.276
0.278
0.28
0.283
0.285
0.289
0.294
0.299
0.304
0.313
0.331
0.347
0.37
0.397
0.41
0.416
0.421
0.424
0.426
0.426
0.423
0.418
0.412
0.407
0.403
0.4
0.396
0.392
0.389
0.385
0.381
0.378
0.374
0.371
0.368
0.367
0.365
0.365
0.364
0.363
0.361
0.36
0.358
0.356
0.355
0.352
0.349
0.346
0.344
0.342
0.34
0.338
0.336
0.334
0.331
0.327
0.322
0.314
0.303
0.293
0.283
0.272
0.256
0.235
0.22
0.201
0.175
0.156
0.143
0.138
0.143
0.156
0.194
0.269
0.381
0.53
0.707
0.89
1.052
1.147
1.155
1.096
0.922
0.688
0.438
0.216
0.049
-0.026
-0.051
-0.042
-0.033
-0.027
-0.022
-0.022
-0.027
-0.034
-0.039
-0.042
-0.044
-0.047
-0.051
-0.057
-0.065
-0.073
-0.081
-0.091
-0.104
-0.115
-0.123
-0.129
-0.133
-0.135
-0.137
-0.139
-0.14
-0.141
-0.142
-0.143
-0.144
-0.145
-0.146
-0.146
-0.147
-0.146
-0.145
-0.143
-0.142
-0.14
-0.137
-0.135
-0.132
-0.129
-0.126
-0.123
-0.12
-0.114
-0.1
-0.087
-0.074
-0.061
-0.048
-0.036
-0.025
-0.017
-0.009
-0.003
0.001
0.007
0.013
0.018
0.024
0.029
0.032
0.032
0.026
0.018
0.007
-0.007
-0.031
-0.05
-0.068
-0.087
-0.104
-0.121
-0.138
-0.162
-0.175
-0.182
-0.188
-0.193
-0.198
-0.202
-0.205
-0.209
-0.212
-0.214
-0.216
-0.218
-0.218
-0.218
-0.218
-0.218
-0.218
-0.219
-0.22
-0.221
-0.223
-0.225
-0.226
-0.227
-0.228
-0.228
-0.229
-0.228
-0.227
-0.226
-0.225
-0.224
-0.224
-0.224
-0.224
-0.223
-0.222
-0.221
-0.22
-0.22
-0.219
-0.215
-0.215
-0.213
-0.211
-0.208
-0.206
-0.206
-0.208
-0.21
-0.211
-0.211
-0.211
-0.21
-0.208
-0.206
-0.205
-0.205
-0.203
-0.2
-0.197
-0.189
-0.18
-0.172
-0.166
-0.159
-0.154
-0.15
-0.146
-0.144
-0.144
-0.144
-0.145
-0.144
-0.142
-0.14
-0.136
-0.133
-0.13
-0.128
-0.126
-0.124
-0.121
-0.117
-0.11
-0.097
-0.083
-0.068
-0.053
-0.046
-0.042
-0.04
-0.037
-0.034
-0.031
-0.029
-0.026
-0.025
-0.023
-0.023
-0.024
-0.025
-0.026
-0.025
-0.023
-0.021
-0.018
-0.017
-0.015
-0.015
-0.016
-0.016
-0.016
-0.014
-0.013
-0.013
-0.015
-0.019
-0.024
-0.029
-0.035
-0.04
-0.05
-0.07
-0.091
-0.104
-0.115
-0.125
-0.133
-0.138
-0.141
-0.141
-0.139
-0.133
-0.124
-0.094
-0.028
0.075
0.221
0.405
0.61
0.809
0.968
1.032
1.024
0.913
0.695
0.425
0.156
-0.056
-0.185
-0.217
-0.215
-0.172
-0.12
-0.102
-0.095
-0.089
-0.089
-0.099
-0.105
-0.111
-0.116
-0.115
-0.107
-0.098
-0.093
-0.09
-0.087
-0.083
-0.08
-0.077
-0.077
-0.078
-0.08
-0.081
-0.08
-0.079
-0.078
-0.076
-0.074
-0.072
-0.07
-0.067
-0.066
-0.064
-0.061
-0.056
-0.052
-0.05
-0.045
-0.04
-0.034
-0.028
-0.023
-0.017
-0.013
-0.007
0.003
0.022
0.04
0.065
0.097
0.121
0.137
0.143
0.146
0.147
0.148
0.15
0.153
0.156
0.158
0.16
0.161
0.16
0.157
0.154
0.152
0.148
0.142
0.135
0.118
0.087
0.064
0.047
0.032
0.023
0.017
0.014
0.011
0.008
0.005
0.001
-0.004
-0.013
-0.028
-0.045
-0.054
-0.059
-0.063
-0.064
-0.066
-0.068
-0.071
-0.073
-0.073
-0.072
-0.071
-0.07
-0.069
-0.067
-0.065
-0.062
-0.061
-0.061
-0.062
-0.062
-0.062
-0.063
-0.065
-0.068
-0.071
-0.075
-0.078
-0.081
-0.086
-0.09
-0.093
-0.095
-0.093
-0.097
-0.1
-0.103
-0.106
-0.109
-0.112
-0.117
-0.124
-0.14
-0.157
-0.171
-0.183
-0.191
-0.196
-0.2
-0.202
-0.205
-0.206
-0.207
-0.208
-0.209
-0.209
-0.209
-0.209
-0.207
-0.206
-0.205
-0.203
-0.201
-0.2
-0.198
-0.197
-0.196
-0.195
-0.191
-0.188
-0.188
-0.196
-0.206
-0.211
-0.214
-0.218
-0.221
-0.224
-0.227
-0.229
-0.232
-0.234
-0.235
-0.236
-0.237
-0.238
-0.238
-0.239
-0.239
-0.239
-0.24
-0.242
-0.244
-0.244
-0.242
-0.236
-0.229
-0.221
-0.21
-0.199
-0.187
-0.178
-0.172
-0.166
-0.162
-0.157
-0.154
-0.15
-0.148
-0.146
-0.143
-0.141
-0.138
-0.135
-0.134
-0.134
-0.135
-0.137
-0.139
-0.142
-0.146
-0.152
-0.15
-0.133
-0.086
-0.003
0.121
0.288
0.486
0.692
0.869
0.966
0.973
0.906
0.743
0.543
0.345
0.178
0.056
-0.02
-0.051
-0.061
-0.05
-0.034
-0.011
0.0
0.003
0.006
0.008
0.009
0.009
0.01
0.012
0.014
0.017
0.02
0.022
0.024
0.025
0.027
0.03
0.033
0.036
0.04
0.045
0.051
0.058
0.064
0.069
0.073
0.078
0.082
0.087
0.092
0.096
0.099
0.103
0.105
0.108
0.112
0.117
0.124
0.131
0.14
0.15
0.161
0.173
0.186
0.198
0.21
0.222
0.234
0.248
0.261
0.275
0.286
0.3
0.319
0.33
0.337
0.341
0.343
0.341
0.335
0.327
0.318
0.304
0.29
0.272
0.25
0.232
0.219
0.208
0.2
0.194
0.188
0.183
0.178
0.172
0.165
0.156
0.146
0.139
0.134
0.13
0.125
0.121
0.117
0.114
0.11
0.105
0.1
0.095
0.091
0.085
0.075
0.056
0.041
0.033
0.027
0.024
0.022
0.018
0.014
0.026
0.045
0.069
0.092
0.107
0.114
0.12
0.125
0.127
0.124
0.115
0.102
0.081
0.063
0.053
0.044
0.036
0.029
0.023
0.019
0.019
0.025
0.033
0.039
0.047
0.052
0.053
0.053
0.053
0.053
0.054
0.054
0.055
0.055
0.055
0.053
0.05
0.046
0.042
0.038
0.033
0.029
0.024
0.021
0.017
0.014
0.011
0.008
0.007
0.005
0.005
0.004
0.004
0.003
0.002
0.001
0.001
0.0
0.0
0.0
0.0
0.0
0.0
0.0
0.0
0.001
0.002
0.003
0.004
0.005
0.006
0.007
0.008
0.008
0.009
0.01
0.011
0.012
0.013
0.014
0.016
0.019
0.023
0.026
0.027
0.025
0.022
0.016
0.011
0.003
-0.01
-0.026
-0.039
-0.049
-0.056
-0.057
-0.055
-0.05
-0.035
0.005
0.063
0.144
0.252
0.386
0.534
0.674
0.777
0.812
0.767
0.645
0.466
0.264
0.077
-0.056
-0.104
-0.12
-0.105
-0.078
-0.06
-0.053
-0.049
-0.05
-0.061
-0.076
-0.097
-0.113
-0.124
-0.129
-0.131
-0.133
-0.135
-0.136
-0.136
-0.136
-0.135
-0.134
-0.132
-0.13
-0.127
-0.124
-0.12
-0.116
-0.114
-0.115
-0.119
-0.124
-0.128
-0.132
-0.136
-0.139
-0.139
-0.136
-0.131
-0.123
-0.109
-0.085
-0.068
-0.057
-0.049
-0.043
-0.034
-0.018
0.0
0.017
0.03
0.04
0.051
0.064
0.083
0.101
0.114
0.126
0.133
0.139
0.144
0.146
0.146
0.144
0.14
0.134
0.124
0.106
0.089
0.072
0.06
0.053
0.044
0.033
0.026
0.022
0.019
0.016
0.012
0.009
0.005
0.001
-0.003
-0.008
-0.013
-0.017
-0.021
-0.026
-0.029
-0.032
-0.033
-0.032
-0.029
-0.024
-0.018
-0.013
-0.008
-0.005
-0.002
0.0
0.004
0.008
0.012
0.016
0.019
0.022
0.023
0.023
0.022
0.021
0.019
0.017
0.015
0.014
0.013
0.012
0.011
0.01
0.007
0.004
0.004
0.009
0.014
0.018
0.022
0.025
0.028
0.029
0.028
0.025
0.022
0.019
0.016
0.013
0.01
0.007
0.004
0.003
0.004
0.008
0.012
0.017
0.02
0.023
0.025
0.028
0.031
0.033
0.035
0.036
0.037
0.038
0.04
0.041
0.042
0.043
0.044
0.045
0.047
0.048
0.049
0.05
0.05
0.05
0.05
0.051
0.052
0.053
0.054
0.055
0.057
0.059
0.062
0.066
0.069
0.072
0.076
0.08
0.085
0.092
0.104
0.121
0.124
0.125
0.127
0.129
0.129
0.123
0.113
0.1
0.083
0.071
0.064
0.059
0.056
0.053
0.05
0.049
0.048
0.049
0.05
0.053
0.058
0.064
0.072
0.104
0.18
0.291
0.436
0.609
0.79
0.95
1.037
1.041
0.965
0.773
0.516
0.252
0.031
-0.117
-0.159
-0.173
-0.153
-0.13
-0.112
-0.111
-0.116
-0.122
-0.129
-0.128
-0.112
-0.086
-0.066
-0.06
-0.056
-0.055
-0.056
-0.059
-0.063
-0.065
-0.068
-0.071
-0.073
-0.073
-0.068
-0.06
-0.052
-0.045
-0.038
-0.03
-0.023
-0.018
-0.014
-0.011
-0.009
-0.006
-0.003
0.0
0.003
0.008
0.015
0.022
0.03
0.039
0.049
0.058
0.066
0.076
0.087
0.099
0.11
0.124
0.14
0.156
0.167
0.175
0.182
0.186
0.189
0.191
0.193
0.196
0.198
0.199
0.199
0.196
0.19
0.182
0.172
0.155
0.14
0.125
0.11
0.097
0.081
0.061
0.042
0.021
0.0
-0.011
-0.014
-0.016
-0.016
-0.017
-0.018
-0.019
-0.02
-0.02
-0.021
-0.022
-0.022
-0.022
-0.021
-0.019
-0.017
-0.014
-0.012
-0.009
-0.006
-0.004
-0.002
0.0
0.001
0.004
0.008
0.012
0.014
0.014
0.012
0.007
0.002
-0.003
-0.01
-0.022
-0.034
-0.047
-0.057
-0.068
-0.073
-0.068
-0.057
-0.039
-0.016
0.004
0.027
0.052
0.077
0.091
0.1
0.107
0.11
0.111
0.11
0.108
0.107
0.106
0.106
0.105
0.104
0.103
0.102
0.102
0.102
0.102
0.103
0.104
0.104
0.105
0.106
0.106
0.106
0.105
0.105
0.104
0.103
0.103
0.103
0.103
0.104
0.104
0.104
0.105
0.106
0.106
0.105
0.104
0.102
0.101
0.101
0.104
0.109
0.114
0.118
0.123
0.128
0.131
0.129
0.123
0.115
0.108
0.1
0.093
0.086
0.081
0.076
0.07
0.065
0.059
0.052
0.044
0.032
0.01
-0.019
-0.042
-0.066
-0.089
-0.114
-0.14
-0.168
-0.191
-0.209
-0.224
-0.235
-0.245
-0.249
-0.245
-0.235
-0.206
-0.143
-0.049
0.077
0.238
0.425
0.618
0.782
0.845
0.831
0.693
0.442
0.152
-0.117
-0.32
-0.41
-0.443
-0.446
-0.436
-0.431
-0.429
-0.427
-0.424
-0.422
-0.42
-0.417
-0.414
-0.41
-0.407
-0.404
-0.401
-0.4
-0.399
-0.398
-0.397
-0.396
-0.395
-0.393
-0.391
-0.389
-0.388
-0.386
-0.385
-0.383
-0.382
-0.382
-0.381
-0.38
-0.379
-0.378
-0.375
-0.372
-0.368
-0.36
-0.343
-0.327
-0.314
-0.305
-0.295
-0.285
-0.272
-0.25
-0.219
-0.173
-0.128
-0.099
-0.066
-0.031
0.004
0.04
0.07
0.092
0.108
0.121
0.132
0.142
0.151
0.158
0.164
0.169
0.172
0.172
0.168
0.161
0.154
0.145
0.134
0.123
0.112
0.099
0.083
0.065
0.047
0.03
0.012
-0.005
-0.023
-0.046
-0.066
-0.084
-0.089
-0.089
-0.09
-0.091
-0.092
-0.093
-0.094
-0.094
-0.095
-0.096
-0.097
-0.097
-0.097
-0.096
-0.095
-0.094
-0.094
-0.093
-0.093
-0.092
-0.09
-0.089
-0.089
-0.087
-0.086
-0.084
-0.081
-0.079
-0.077
-0.075
-0.073
-0.071
-0.07
-0.068
-0.067
-0.065
-0.064
-0.063
-0.062
-0.061
-0.06
-0.06
-0.061
-0.061
-0.062
-0.063
-0.063
-0.063
-0.064
-0.064
-0.064
-0.063
-0.062
-0.061
-0.059
-0.058
-0.058
-0.057
-0.056
-0.055
-0.054
-0.053
-0.052
-0.051
-0.05
-0.048
-0.046
-0.044
-0.042
-0.039
-0.037
-0.034
-0.03
-0.027
-0.023
-0.02
-0.018
-0.015
-0.013
-0.01
-0.008
-0.006
-0.004
-0.002
0.0
0.001
0.004
0.006
0.009
0.011
0.014
0.017
0.02
0.023
0.026
0.029
0.031
0.034
0.037
0.041
0.046
0.051
0.06
0.078
0.09
0.098
0.104
0.109
0.113
0.116
0.118
0.115
0.109
0.1
0.089
0.078
0.064
0.05
0.04
0.03
0.019
0.006
-0.005
-0.016
-0.027
-0.038
-0.042
-0.037
-0.024
0.011
0.083
0.193
0.342
0.523
0.718
0.906
1.052
1.101
1.089
0.969
0.751
0.486
0.231
0.031
-0.095
-0.142
-0.158
-0.136
-0.122
-0.117
-0.113
-0.109
-0.106
-0.103
-0.099
-0.095
-0.09
-0.085
-0.08
-0.075
-0.071
-0.069
-0.067
-0.065
-0.063
-0.061
-0.059
-0.056
-0.054
-0.051
-0.048
-0.044
-0.041
-0.038
-0.036
-0.034
-0.032
-0.03
-0.028
-0.024
-0.02
-0.011
0.008
0.028
0.044
0.056
0.068
0.082
0.095
0.107
0.118
0.128
0.137
0.146
0.154
0.162
0.17
0.178
0.187
0.195
0.204
0.215
0.229
0.238
0.243
0.247
0.25
0.254
0.255
0.255
0.25
0.242
0.231
0.217
0.195
0.177
0.161
0.147
0.132
0.116
0.102
0.09
0.079
0.07
0.062
0.051
0.036
0.014
-0.015
-0.051
-0.087
-0.125
-0.167
-0.207
-0.241
-0.265
-0.28
-0.287
-0.291
-0.294
-0.297
-0.3
-0.302
-0.304
-0.306
-0.307
-0.308
-0.309
-0.309
-0.309
-0.308
-0.307
-0.305
-0.303
-0.301
-0.299
-0.296
-0.293
-0.29
-0.286
-0.283
-0.279
-0.274
-0.27
-0.265
-0.26
-0.256
-0.253
-0.25
-0.249
-0.249
-0.25
-0.252
-0.255
-0.259
-0.263
-0.266
-0.27
-0.272
-0.275
-0.277
-0.28
-0.282
-0.286
-0.289
-0.292
-0.296
-0.299
-0.302
-0.304
-0.305
-0.305
-0.304
-0.302
-0.298
-0.294
-0.29
-0.285
-0.281
-0.276
-0.272
-0.268
-0.265
-0.262
-0.259
-0.257
-0.254
-0.251
-0.249
-0.246
-0.244
-0.241
-0.238
-0.235
-0.232
-0.229
-0.227
-0.226
-0.225
-0.223
-0.221
-0.219
-0.216
-0.213
-0.207
-0.2
-0.192
-0.185
-0.178
-0.171
-0.165
-0.158
-0.15
-0.142
-0.134
-0.126
-0.119
-0.114
-0.109
-0.103
-0.099
-0.096
-0.097
-0.1
-0.105
-0.11
-0.115
-0.119
-0.124
-0.129
-0.134
-0.138
-0.14
-0.14
-0.138
-0.133
-0.125
-0.115
-0.078
-0.011
0.087
0.225
0.398
0.594
0.79
0.952
1.018
1.012
0.905
0.705
0.459
0.211
0.008
-0.121
-0.164
-0.178
-0.158
-0.122
-0.102
-0.097
-0.093
-0.094
-0.106
-0.114
-0.12
-0.125
-0.128
-0.129
-0.126
-0.12
-0.113
-0.106
-0.099
-0.09
-0.08
-0.07
-0.061
-0.051
-0.044
-0.038
-0.033
-0.028
-0.022
-0.018
-0.013
-0.008
-0.003
0.004
0.017
0.03
0.042
0.057
0.075
0.096
0.113
0.126
0.137
0.149
0.159
0.172
0.186
0.198
0.209
0.22
0.231
0.244
0.258
0.274
0.293
0.313
0.328
0.34
0.348
0.351
0.352
0.353
0.354
0.356
0.357
0.358
0.355
0.349
0.339
0.328
0.311
0.292
0.273
0.254
0.235
0.217
0.199
0.183
0.167
0.152
0.139
0.133
0.13
0.127
0.125
0.123
0.121
0.118
0.114
0.11
0.106
0.101
0.096
0.092
0.087
0.083
0.077
0.072
0.066
0.063
0.061
0.062
0.064
0.068
0.072
0.076
0.079
0.084
0.089
0.094
0.097
0.099
0.099
0.096
0.092
0.087
0.083
0.08
0.077
0.074
0.071
0.069
0.066
0.065
0.063
0.061
0.06
0.058
0.056
0.054
0.052
0.049
0.046
0.044
0.041
0.039
0.036
0.034
0.033
0.031
0.03
0.028
0.027
0.025
0.024
0.022
0.021
0.019
0.019
0.018
0.018
0.018
0.018
0.018
0.018
0.018
0.018
0.018
0.017
0.017
0.017
0.017
0.018
0.018
0.018
0.018
0.017
0.017
0.016
0.015
0.014
0.014
0.013
0.012
0.013
0.013
0.015
0.017
0.019
0.022
0.024
0.027
0.03
0.033
0.036
0.044
0.066
0.076
0.083
0.09
0.094
0.095
0.088
0.077
0.064
0.046
0.027
0.014
0.004
-0.003
-0.008
-0.01
-0.012
-0.014
-0.015
-0.017
-0.015
0.001
0.049
0.123
0.231
0.377
0.555
0.746
0.916
1.021
1.033
0.982
0.813
0.579
0.333
0.123
-0.023
-0.095
-0.121
-0.122
-0.109
-0.103
-0.099
-0.096
-0.093
-0.091
-0.089
-0.089
-0.089
-0.089
-0.088
-0.087
-0.087
-0.089
-0.09
-0.092
-0.093
-0.095
-0.096
-0.097
-0.097
-0.094
-0.09
-0.084
-0.079
-0.075
-0.07
-0.064
-0.057
-0.05
-0.043
-0.036
-0.029
-0.022
-0.016
-0.009
-0.003
0.002
0.008
0.017
0.029
0.042
0.054
0.072
0.099
0.123
0.14
0.156
0.172
0.187
0.204
0.213
0.218
0.222
0.226
0.229
0.232
0.233
0.234
0.234
0.233
0.232
0.23
0.226
0.222
0.218
0.213
0.204
0.187
0.174
0.162
0.152
0.141
0.128
0.114
0.097
0.08
0.073
0.069
0.066
0.063
0.06
0.057
0.055
0.053
0.052
0.051
0.049
0.048
0.047
0.047
0.048
0.048
0.05
0.052
0.054
0.056
0.059
0.061
0.062
0.064
0.065
0.067
0.068
0.069
0.071
0.072
0.074
0.076
0.078
0.08
0.082
0.084
0.086
0.087
0.088
0.089
0.09
0.09
0.091
0.092
0.093
0.094
0.095
0.097
0.099
0.103
0.107
0.11
0.11
0.107
0.1
0.092
0.081
0.065
0.057
0.052
0.047
0.043
0.044
0.052
0.064
0.079
0.097
0.103
0.107
0.11
0.112
0.113
0.11
0.101
0.092
0.087
0.082
0.078
0.074
0.07
0.067
0.064
0.063
0.062
0.063
0.064
0.066
0.07
0.074
0.078
0.083
0.09
0.102
0.114
0.126
0.136
0.143
0.15
0.156
0.162
0.166
0.171
0.179
0.19
0.202
0.21
0.216
0.22
0.223
0.222
0.218
0.211
0.202
0.186
0.161
0.145
0.135
0.126
0.118
0.112
0.106
0.102
0.099
0.102
0.11
0.124
0.17
0.247
0.359
0.504
0.677
0.861
1.03
1.156
1.203
1.146
0.992
0.768
0.515
0.279
0.106
0.008
-0.037
-0.059
-0.09
-0.134
-0.207
-0.298
-0.385
-0.452
-0.483
-0.494
-0.494
-0.483
-0.465
-0.446
-0.437
-0.432
-0.429
-0.427
-0.427
-0.431
-0.437
-0.443
-0.449
-0.455
-0.462
-0.466
-0.467
-0.464
-0.459
-0.451
-0.437
-0.414
-0.394
-0.369
-0.338
-0.307
-0.285
-0.27
-0.26
-0.253
-0.249
-0.245
-0.243
-0.24
-0.237
-0.233
-0.229
-0.224
-0.217
-0.206
-0.188
-0.17
-0.147
-0.119
-0.093
-0.067
-0.045
-0.028
-0.015
-0.006
0.0
0.005
0.005
0.0
-0.009
-0.017
-0.026
-0.034
-0.042
-0.05
-0.057
-0.064
-0.072
-0.08
-0.087
-0.095
-0.112
-0.136
-0.15
-0.159
-0.165
-0.168
-0.171
-0.172
-0.173
-0.175
-0.176
-0.177
-0.178
-0.178
-0.178
-0.176
-0.173
-0.17
-0.166
-0.16
-0.153
-0.139
-0.125
-0.111
-0.099
-0.086
-0.081
-0.078
-0.076
-0.074
-0.073
-0.072
-0.071
-0.07
-0.068
-0.065
-0.063
-0.061
-0.059
-0.057
-0.055
-0.053
-0.051
-0.048
-0.046
-0.043
-0.039
-0.035
-0.032
-0.029
-0.027
-0.027
-0.027
-0.028
-0.03
-0.031
-0.033
-0.035
-0.037
-0.041
-0.045
-0.047
-0.045
-0.041
-0.035
-0.027
-0.015
-0.007
-0.004
-0.002
0.0
0.002
0.004
0.006
0.007
0.009
0.012
0.014
0.017
0.02
0.022
0.024
0.027
0.03
0.034
0.038
0.043
0.047
0.051
0.055
0.058
0.062
0.066
0.071
0.078
0.084
0.084
0.078
0.07
0.056
0.036
0.017
0.0
-0.012
-0.02
-0.023
-0.017
-0.005
0.013
0.038
0.06
0.081
0.094
0.101
0.106
0.105
0.098
0.086
0.067
0.039
0.014
-0.008
-0.029
-0.049
-0.06
-0.066
-0.071
-0.073
-0.072
-0.068
-0.059
-0.033
0.014
0.091
0.205
0.358
0.545
0.746
0.932
1.062
1.103
1.037
0.868
0.626
0.363
0.125
-0.059
-0.167
-0.189
-0.186
-0.145
-0.102
-0.076
-0.064
-0.06
-0.057
-0.055
-0.053
-0.052
-0.052
-0.051
-0.051
-0.05
-0.049
-0.048
-0.047
-0.046
-0.046
-0.046
-0.046
-0.045
-0.044
-0.042
-0.04
-0.037
-0.034
-0.027
-0.012
0.0
0.007
0.014
0.02
0.027
0.034
0.043
0.056
0.069
0.083
0.097
0.111
0.12
0.126
0.131
0.136
0.14
0.143
0.147
0.154
0.165
0.176
0.192
0.213
0.231
0.241
0.251
0.262
0.268
0.274
0.279
0.283
0.284
0.283
0.28
0.276
0.27
0.262
0.249
0.234
0.198
0.158
0.118
0.078
0.052
0.025
0.0
-0.026
-0.048
-0.057
-0.06
-0.062
-0.065
-0.067
-0.069
-0.072
-0.076
-0.081
-0.085
-0.09
-0.095
-0.1
-0.104
-0.108
-0.114
-0.121
-0.128
-0.133
-0.135
-0.135
-0.133
-0.13
-0.127
-0.124
-0.12
-0.113
-0.107
-0.104
-0.106
-0.112
-0.12
-0.136
-0.159
-0.17
-0.176
-0.181
-0.184
-0.187
-0.187
-0.187
-0.186
-0.184
-0.182
-0.18
-0.177
-0.173
-0.171
-0.17
-0.171
-0.173
-0.176
-0.178
-0.181
-0.185
-0.187
-0.184
-0.177
-0.171
