-0.107
-0.102
-0.092
-0.083
-0.076
-0.068
-0.062
-0.054
-0.04
-0.018
-0.003
0.006
0.01
0.011
0.012
0.013
0.014
0.015
0.015
0.016
0.017
0.019
0.023
0.028
0.034
0.039
0.045
0.053
0.062
0.072
0.08
0.089
0.103
0.121
0.129
0.134
0.138
0.141
0.141
0.137
0.13
0.122
0.111
0.095
0.083
0.071
0.058
0.043
0.037
0.034
0.031
0.028
0.026
0.024
0.023
0.021
0.019
0.017
0.014
0.012
0.01
0.009
0.008
0.006
0.002
-0.001
-0.008
-0.023
-0.036
-0.042
-0.047
-0.051
-0.055
-0.057
-0.058
-0.058
-0.058
-0.058
-0.058
-0.058
-0.057
-0.055
-0.052
-0.049
-0.047
-0.044
-0.037
-0.033
-0.036
-0.044
-0.047
-0.049
-0.052
-0.054
-0.056
-0.058
-0.06
-0.063
-0.064
-0.065
-0.065
-0.064
-0.062
-0.06
-0.057
-0.054
-0.051
-0.047
-0.043
-0.038
-0.03
-0.013
0.0
0.004
0.007
0.009
0.012
0.015
0.018
0.02
0.021
0.022
0.022
0.023
0.024
0.024
0.024
0.023
0.022
0.022
0.021
0.019
0.017
0.014
0.012
0.009
0.006
0.003
-0.006
-0.033
-0.057
-0.072
-0.073
-0.074
-0.075
-0.067
-0.062
-0.059
-0.057
-0.056
-0.055
-0.055
-0.058
-0.063
-0.068
-0.074
-0.082
-0.095
-0.102
-0.099
-0.088
-0.057
0.025
0.161
0.354
0.605
0.898
1.208
1.498
1.732
1.884
1.941
1.885
1.702
1.399
1.002
0.564
0.145
-0.194
-0.425
-0.533
-0.569
-0.555
-0.516
-0.449
-0.371
-0.297
-0.236
-0.185
-0.167
-0.16
-0.157
-0.154
-0.149
-0.142
-0.135
-0.128
-0.122
-0.113
-0.105
-0.099
-0.094
-0.091
-0.087
-0.084
-0.08
-0.075
-0.068
-0.059
-0.05
-0.035
-0.016
-0.012
-0.01
-0.008
-0.007
-0.007
-0.01
-0.014
-0.019
-0.023
-0.031
-0.035
-0.03
-0.02
-0.003
0.02
0.044
0.063
0.07
0.072
0.074
0.077
0.079
0.082
0.084
0.087
0.09
0.094
0.098
0.102
0.107
0.111
0.118
0.13
0.141
0.142
0.135
0.126
0.116
0.106
0.095
0.084
0.073
0.061
0.048
0.037
0.028
0.02
0.013
0.005
-0.002
-0.009
-0.018
-0.024
-0.024
-0.02
-0.015
-0.014
-0.013
-0.011
-0.009
-0.007
-0.005
-0.004
-0.004
-0.005
-0.005
-0.006
-0.009
-0.012
-0.016
-0.02
-0.024
-0.027
-0.029
-0.031
-0.034
-0.037
-0.04
-0.044
-0.047
-0.049
-0.052
-0.054
-0.056
-0.059
-0.06
-0.061
-0.062
-0.062
-0.062
-0.064
-0.066
-0.068
-0.069
-0.068
-0.065
-0.061
-0.056
-0.052
-0.049
-0.045
-0.04
-0.035
-0.03
-0.026
-0.023
-0.02
-0.018
-0.016
-0.014
-0.012
-0.009
-0.005
0.0
0.002
0.002
0.0
-0.002
-0.005
-0.008
-0.013
-0.016
-0.015
-0.007
0.002
0.01
0.02
0.027
0.027
0.021
0.011
-0.002
-0.028
-0.059
-0.088
-0.104
-0.112
-0.119
-0.123
-0.124
-0.124
-0.123
-0.122
-0.121
-0.119
-0.117
-0.114
-0.113
-0.116
-0.123
-0.132
-0.141
-0.153
-0.159
-0.155
-0.144
-0.112
-0.038
0.08
0.25
0.474
0.744
1.044
1.344
1.615
1.826
1.918
1.91
1.776
1.479
1.066
0.591
0.13
-0.245
-0.492
-0.583
-0.59
-0.534
-0.452
-0.384
-0.33
-0.288
-0.261
-0.233
-0.209
-0.197
-0.19
-0.184
-0.178
-0.172
-0.167
-0.16
-0.151
-0.141
-0.131
-0.12
-0.109
-0.101
-0.095
-0.09
-0.086
-0.08
-0.071
-0.059
-0.047
-0.033
-0.023
-0.016
-0.008
0.0
0.005
0.008
0.011
0.012
0.014
0.015
0.016
0.018
0.02
0.023
0.026
0.03
0.035
0.041
0.055
0.081
0.098
0.112
0.124
0.133
0.139
0.144
0.144
0.137
0.129
0.121
0.113
0.106
0.102
0.099
0.096
0.092
0.087
0.083
0.088
0.097
0.105
0.113
0.12
0.124
0.128
0.133
0.139
0.127
0.107
0.087
0.068
0.05
0.035
0.016
-0.005
-0.026
-0.039
-0.047
-0.052
-0.052
-0.045
-0.033
-0.015
0.012
0.034
0.05
0.057
0.064
0.071
0.071
0.062
0.036
0.001
-0.01
-0.014
-0.009
0.0
0.005
0.01
0.014
0.017
0.02
0.023
0.025
0.026
0.028
0.03
0.033
0.038
0.044
0.05
0.054
0.059
0.064
0.067
0.068
0.067
0.064
0.06
0.055
0.048
0.038
0.034
0.031
0.027
0.024
0.023
0.026
0.033
0.042
0.057
0.084
0.104
0.117
0.128
0.136
0.144
0.15
0.155
0.154
0.149
0.143
0.138
0.133
0.127
0.12
0.113
0.103
0.085
0.063
0.051
0.044
0.038
0.03
0.023
0.02
0.017
0.015
0.013
0.01
0.008
0.007
0.005
0.003
0.0
0.0
-0.002
-0.003
-0.005
-0.008
-0.017
-0.035
-0.062
-0.098
-0.113
-0.125
-0.119
-0.074
0.012
0.147
0.334
0.57
0.846
1.145
1.442
1.704
1.902
1.988
1.981
1.859
1.595
1.231
0.804
0.36
-0.042
-0.355
-0.562
-0.657
-0.666
-0.62
-0.526
-0.427
