-0.024
-0.025
-0.029
-0.034
-0.04
-0.048
-0.055
-0.062
-0.069
-0.073
-0.076
-0.079
-0.08
-0.081
-0.081
-0.082
-0.083
-0.085
-0.087
-0.09
-0.093
-0.096
-0.1
-0.102
-0.104
-0.106
-0.107
-0.108
-0.107
-0.106
-0.104
-0.102
-0.101
-0.098
-0.095
-0.091
-0.086
-0.081
-0.076
-0.069
-0.057
-0.046
-0.038
-0.033
-0.029
-0.027
-0.024
-0.022
-0.02
-0.017
-0.015
-0.011
-0.007
-0.003
0.0
0.004
0.007
0.01
0.012
0.015
0.017
0.02
0.024
0.027
0.03
0.033
0.036
0.039
0.041
0.044
0.046
0.048
0.049
0.05
0.051
0.052
0.053
0.053
0.054
0.055
0.056
0.057
0.058
0.059
0.061
0.063
0.064
0.066
0.067
0.067
0.068
0.069
0.07
0.071
0.073
0.075
0.077
0.079
0.081
0.083
0.085
0.087
0.089
0.092
0.094
0.097
0.101
0.104
0.107
0.11
0.112
0.113
0.113
0.112
0.11
0.109
0.107
0.105
0.104
0.104
0.104
0.103
0.102
0.101
0.099
0.098
0.096
0.094
0.093
0.094
0.095
0.098
0.102
0.107
0.111
0.115
0.119
0.123
0.127
0.131
0.135
0.139
0.144
0.151
0.162
0.205
0.289
0.405
0.535
0.656
0.735
0.761
0.745
0.698
0.605
0.491
0.359
0.218
0.084
-0.022
-0.068
-0.084
-0.065
-0.03
-0.008
-0.004
-0.002
0.0
0.0
0.001
0.004
0.007
0.011
0.016
0.021
0.027
0.035
0.048
0.058
0.066
0.07
0.073
0.075
0.077
0.078
0.08
0.081
0.083
0.085
0.087
0.09
0.092
0.095
0.099
0.103
0.106
0.109
0.112
0.114
0.117
0.12
0.122
0.125
0.127
0.128
0.129
0.13
0.13
0.13
0.129
0.128
0.127
0.127
0.126
0.126
0.125
0.124
0.124
0.124
0.123
0.122
0.121
0.121
0.121
0.121
0.123
0.125
0.127
0.13
0.134
0.138
0.142
0.146
0.152
0.165
0.178
0.188
0.197
0.203
0.209
0.215
0.221
0.224
0.225
0.221
0.215
0.208
0.201
0.194
0.185
0.174
0.162
0.151
0.138
0.126
0.112
0.1
0.088
0.078
0.074
0.071
0.069
0.066
0.064
0.063
0.062
0.061
0.06
0.059
0.058
0.058
0.058
0.059
0.059
0.059
0.059
0.058
0.056
0.054
0.052
0.05
0.049
0.047
0.044
0.042
0.039
0.037
0.035
0.034
0.032
0.029
0.027
0.024
0.022
0.02
0.019
0.017
0.016
0.014
0.012
0.01
0.007
0.005
0.004
0.003
0.002
0.0
0.0
-0.001
-0.003
-0.005
-0.006
-0.008
-0.009
-0.011
-0.012
-0.014
-0.016
-0.017
-0.018
-0.019
-0.019
-0.02
-0.022
-0.025
-0.028
-0.031
-0.033
-0.035
-0.038
-0.041
-0.045
-0.048
-0.051
-0.055
-0.059
-0.065
-0.07
-0.076
-0.081
-0.085
-0.088
-0.091
-0.093
-0.094
-0.094
-0.095
-0.096
-0.099
-0.103
-0.106
-0.108
-0.107
-0.105
-0.103
-0.101
-0.1
-0.1
-0.098
-0.096
-0.094
-0.093
-0.092
-0.091
-0.091
-0.09
-0.09
-0.089
-0.088
-0.086
-0.085
-0.082
-0.079
-0.075
-0.071
-0.066
-0.062
-0.058
-0.054
-0.05
-0.046
-0.042
-0.039
-0.038
-0.037
-0.038
-0.038
-0.039
-0.04
-0.041
-0.043
-0.045
-0.047
-0.051
-0.055
-0.057
-0.055
-0.049
-0.04
-0.031
-0.019
-0.006
0.005
0.024
0.05
0.094
0.162
0.263
0.395
0.532
0.644
0.69
0.706
0.681
0.608
0.509
0.393
0.263
0.126
-0.002
-0.098
-0.131
-0.132
-0.096
-0.046
-0.029
-0.024
-0.02
-0.018
-0.019
-0.029
-0.04
-0.047
-0.054
-0.061
-0.067
-0.072
-0.077
-0.081
-0.084
-0.086
-0.089
-0.092
-0.096
-0.099
-0.101
-0.101
-0.098
-0.092
-0.083
-0.072
-0.055
-0.048
-0.045
-0.043
-0.041
-0.039
-0.037
-0.036
-0.035
-0.034
-0.033
-0.032
-0.031
-0.031
-0.03
-0.029
-0.027
-0.024
-0.02
-0.016
-0.011
-0.005
0.003
0.011
0.017
0.022
0.026
0.03
0.034
0.039
0.044
0.05
0.056
0.061
0.066
0.07
0.074
0.078
0.082
0.086
0.089
0.092
0.094
0.096
0.097
0.096
0.095
0.092
0.089
0.085
0.08
0.076
0.071
0.065
0.058
0.051
0.044
0.037
0.03
0.022
0.013
0.002
-0.01
-0.023
-0.032
-0.04
-0.048
-0.054
-0.059
-0.062
-0.064
-0.066
-0.067
-0.068
-0.07
-0.071
-0.071
-0.072
-0.072
-0.072
-0.072
-0.071
-0.07
-0.069
-0.068
-0.067
-0.066
-0.065
-0.064
-0.065
-0.067
-0.069
-0.072
-0.074
-0.077
-0.08
-0.083
-0.086
-0.089
-0.091
-0.094
-0.096
-0.099
-0.103
-0.106
-0.11
-0.113
-0.117
-0.12
-0.122
-0.124
-0.125
-0.126
-0.127
-0.128
-0.129
-0.129
-0.13
-0.13
-0.131
-0.133
-0.134
-0.134
-0.134
-0.134
-0.133
-0.133
-0.134
-0.134
-0.133
-0.133
-0.132
-0.131
-0.13
-0.128
-0.126
-0.124
-0.121
-0.119
-0.116
-0.113
-0.11
-0.108
-0.106
-0.104
-0.101
-0.098
-0.095
-0.091
-0.086
-0.082
-0.079
-0.076
-0.073
-0.071
-0.069
-0.067
-0.065
-0.064
-0.061
-0.058
-0.054
-0.049
-0.042
-0.034
-0.027
-0.024
-0.022
-0.021
-0.02
-0.02
-0.02
-0.019
-0.019
-0.02
-0.023
-0.028
-0.033
-0.038
-0.041
-0.044
-0.046
-0.049
-0.052
-0.054
-0.055
-0.056
-0.057
-0.059
-0.059
-0.059
-0.058
-0.056
-0.054
-0.052
-0.049
-0.046
-0.043
-0.039
-0.035
-0.031
-0.027
-0.022
-0.012
-0.002
0.007
0.016
0.023
0.03
0.035
0.04
0.042
0.042
0.038
0.032
0.025
0.019
0.013
0.007
0.002
-0.003
-0.007
-0.01
-0.012
-0.011
-0.01
-0.006
-0.001
0.006
0.017
0.06
0.131
0.235
0.376
0.547
0.723
0.864
0.921
0.856
0.665
0.394
0.113
-0.108
-0.217
-0.233
-0.206
-0.151
-0.109
-0.096
-0.086
-0.077
-0.071
-0.066
-0.062
-0.058
-0.053
-0.049
-0.046
-0.043
-0.04
-0.038
-0.034
-0.028
-0.024
-0.021
-0.022
-0.024
-0.027
-0.029
-0.03
-0.032
-0.035
-0.037
-0.037
-0.034
-0.029
-0.024
-0.022
-0.02
-0.018
-0.016
-0.014
-0.012
-0.01
-0.009
-0.006
-0.004
-0.002
-0.001
-0.001
0.0
0.0
0.002
0.005
0.009
0.014
0.022
0.031
0.041
0.053
0.063
0.069
0.073
0.077
0.08
0.082
0.084
0.086
0.088
0.091
0.094
0.096
0.098
0.099
0.1
0.1
0.101
0.102
0.104
0.105
0.107
0.11
0.115
0.12
0.125
0.128
0.127
0.121
0.113
0.104
0.092
0.077
0.063
0.051
0.039
0.027
0.017
0.009
0.004
0.0
-0.002
-0.004
-0.006
-0.005
-0.001
0.004
0.011
0.018
0.024
0.029
0.034
0.039
0.044
0.048
0.052
0.055
0.058
0.06
0.061
0.062
0.063
0.064
0.066
0.067
0.069
0.072
0.074
0.075
0.075
0.071
0.064
0.057
0.05
0.043
0.035
0.027
0.021
0.018
0.016
0.015
0.015
0.015
0.014
0.014
0.014
0.014
0.015
0.014
0.014
0.013
0.012
0.011
0.01
0.009
0.008
0.005
0.002
0.0
-0.003
-0.008
-0.015
-0.029
-0.041
-0.052
-0.059
-0.066
-0.071
-0.075
-0.074
-0.069
-0.061
-0.052
-0.041
-0.026
-0.015
-0.006
0.0
0.004
0.009
0.012
0.015
0.016
0.017
0.017
0.017
0.016
0.014
0.012
0.008
0.001
0.003
0.023
0.033
0.038
0.044
0.048
0.053
0.057
0.061
0.064
0.066
0.067
0.066
0.065
0.063
0.06
0.056
0.052
0.048
0.044
0.04
0.036
0.033
0.029
0.024
0.02
0.015
0.01
0.006
0.002
0.0
-0.003
-0.006
-0.009
-0.012
-0.015
-0.019
-0.022
-0.026
-0.03
-0.034
-0.037
-0.04
-0.043
-0.047
-0.051
-0.057
-0.063
-0.062
-0.054
-0.043
-0.031
-0.017
-0.007
-0.001
0.002
0.004
0.006
0.008
0.009
0.011
0.013
0.014
0.016
0.017
0.019
0.021
0.022
0.022
0.024
0.026
0.029
0.033
0.04
0.054
0.066
0.078
0.115
0.167
0.248
0.364
0.522
0.705
0.869
0.939
0.927
0.796
0.549
0.256
-0.009
-0.184
-0.23
-0.227
-0.167
-0.114
-0.096
-0.091
-0.09
-0.089
-0.089
-0.089
-0.089
-0.089
-0.089
-0.089
-0.09
-0.091
-0.091
-0.091
-0.091
-0.091
-0.09
-0.09
-0.088
-0.087
-0.084
-0.081
-0.077
-0.073
-0.069
-0.064
-0.058
-0.046
-0.032
-0.019
-0.007
0.0
0.006
0.012
0.017
0.02
0.024
0.027
0.03
0.033
0.035
0.037
0.038
0.04
0.041
0.042
0.043
0.043
0.044
0.045
0.046
0.047
0.049
0.05
0.052
0.054
0.055
0.057
0.059
0.06
0.061
0.063
0.065
0.067
0.071
0.075
0.08
0.09
0.101
0.111
0.121
0.134
0.151
0.167
0.182
0.197
0.213
0.229
0.244
0.255
0.261
0.265
0.269
0.272
0.274
0.275
0.276
0.276
0.276
0.275
0.273
0.27
0.266
0.261
0.256
0.244
0.218
0.197
0.18
0.163
0.14
0.112
0.088
0.07
0.056
0.045
0.037
0.03
0.023
0.017
0.011
0.005
0.0
-0.005
-0.013
-0.022
-0.031
-0.041
-0.051
-0.059
-0.066
-0.07
-0.072
-0.074
-0.076
-0.078
-0.08
-0.082
-0.084
-0.086
-0.088
-0.09
-0.092
-0.095
-0.098
-0.101
-0.105
-0.11
-0.117
-0.125
-0.133
-0.142
-0.149
-0.156
-0.162
-0.167
-0.173
-0.178
-0.183
-0.187
-0.191
-0.196
-0.202
-0.211
-0.218
-0.221
-0.224
-0.226
-0.229
-0.231
-0.233
-0.232
-0.227
-0.218
-0.209
-0.201
-0.194
-0.187
-0.18
-0.174
-0.168
-0.162
-0.157
-0.152
-0.147
-0.142
-0.138
-0.133
-0.129
-0.125
-0.121
-0.116
-0.109
-0.099
-0.088
-0.078
-0.065
-0.05
-0.037
-0.03
-0.025
-0.02
-0.017
-0.015
-0.015
-0.017
-0.022
-0.028
-0.033
-0.037
-0.041
-0.045
-0.049
-0.053
-0.058
-0.062
-0.065
-0.069
-0.072
-0.077
-0.083
-0.093
-0.112
-0.13
-0.146
-0.16
-0.172
-0.181
-0.191
-0.2
-0.21
-0.219
-0.225
-0.229
-0.233
-0.237
-0.239
-0.239
-0.236
-0.232
-0.227
-0.222
-0.217
-0.213
-0.208
-0.204
-0.199
-0.194
-0.189
-0.185
-0.18
-0.172
-0.14
-0.086
-0.001
0.118
0.276
0.453
0.617
0.703
0.697
0.584
0.334
0.031
-0.244
-0.431
-0.485
-0.483
-0.42
-0.356
-0.311
-0.287
-0.275
-0.27
-0.266
-0.264
-0.261
-0.257
-0.252
-0.248
-0.243
-0.238
-0.232
-0.224
-0.209
-0.197
-0.186
-0.18
-0.176
-0.173
-0.169
-0.167
-0.164
-0.16
-0.158
-0.156
-0.153
-0.151
-0.148
-0.146
-0.143
-0.14
-0.137
-0.134
-0.131
-0.127
-0.123
-0.119
-0.114
-0.106
-0.095
-0.083
-0.07
-0.061
-0.054
-0.047
-0.042
-0.037
-0.032
-0.028
-0.024
-0.02
-0.016
-0.012
-0.007
-0.002
0.002
0.007
0.013
0.019
0.025
0.031
0.037
0.041
0.045
0.049
0.053
0.057
0.061
0.066
0.071
0.077
0.084
0.091
0.1
0.111
0.12
0.125
0.129
0.133
0.138
0.141
0.142
0.138
0.128
0.118
0.111
0.105
0.099
0.093
0.088
0.084
0.083
0.085
0.088
0.092
0.097
0.102
0.107
0.113
0.12
0.128
0.135
0.142
0.15
0.158
0.17
0.188
0.205
0.223
0.238
0.245
0.247
0.247
0.247
0.247
0.247
0.247
0.247
0.248
0.248
0.249
0.251
0.252
0.253
0.253
0.253
0.253
0.253
0.253
0.254
0.254
0.255
0.257
0.259
0.263
0.267
0.269
0.269
0.266
0.261
0.255
0.248
0.241
0.232
0.222
0.214
0.206
0.2
0.196
0.192
0.188
0.185
0.183
0.18
0.179
0.178
0.177
0.177
0.178
0.18
0.183
0.187
0.191
0.195
0.199
0.204
0.209
0.214
0.221
0.23
0.238
0.246
0.253
0.259
0.266
0.273
0.282
0.292
0.303
0.316
0.327
0.332
0.335
0.337
0.339
0.341
0.342
0.343
0.344
0.344
0.343
0.344
0.344
0.344
0.345
0.345
0.346
0.346
0.346
0.346
0.346
0.347
0.348
0.35
0.353
0.357
0.363
0.379
0.419
0.492
0.582
0.686
0.806
0.944
1.091
1.233
1.347
1.4
1.401
1.352
1.252
1.133
1.006
0.886
0.777
0.68
0.587
0.491
0.396
0.308
0.237
0.179
0.127
0.096
0.064
0.033
0.004
-0.024
-0.052
-0.08
-0.103
-0.12
-0.141
-0.153
-0.161
-0.167
-0.172
-0.178
-0.183
-0.189
-0.194
-0.2
-0.206
-0.215
-0.227
-0.236
-0.237
-0.231
-0.22
-0.186
-0.107
0.0
0.121
0.237
0.325
0.353
0.363
0.338
0.266
0.169
0.046
-0.09
-0.224
-0.339
-0.406
-0.429
-0.437
-0.429
-0.414
-0.401
-0.39
-0.38
-0.369
-0.359
-0.35
-0.345
-0.34
-0.335
-0.332
-0.328
-0.326
-0.324
-0.322
-0.32
-0.318
-0.315
-0.313
-0.311
-0.309
-0.307
-0.305
-0.302
-0.299
-0.295
-0.29
-0.28
-0.269
-0.258
-0.248
-0.237
-0.228
-0.219
-0.211
-0.202
-0.194
-0.188
-0.183
-0.178
-0.173
-0.17
-0.168
-0.169
-0.17
-0.172
-0.174
-0.176
-0.178
-0.183
-0.186
-0.18
-0.167
-0.153
-0.136
-0.119
-0.111
-0.105
-0.101
-0.098
-0.094
-0.091
-0.087
-0.083
-0.08
-0.076
-0.072
-0.067
-0.061
-0.051
-0.041
-0.029
-0.016
-0.002
0.011
0.023
0.029
0.033
0.037
0.041
0.043
0.043
0.04
0.032
0.022
0.01
-0.007
-0.023
-0.039
-0.054
-0.06
-0.062
-0.063
-0.064
-0.064
-0.065
-0.065
-0.066
-0.066
-0.067
-0.069
-0.07
-0.071
-0.072
-0.073
-0.075
-0.077
-0.08
-0.083
-0.089
-0.098
-0.109
-0.121
-0.133
-0.147
-0.162
-0.175
-0.185
-0.197
-0.21
-0.228
-0.238
-0.245
-0.251
-0.255
-0.258
-0.258
-0.256
-0.253
-0.249
-0.246
-0.243
-0.24
-0.236
-0.232
-0.23
-0.231
-0.235
-0.24
-0.245
-0.248
-0.251
-0.254
-0.258
-0.263
-0.267
-0.271
-0.273
-0.275
-0.276
-0.276
-0.275
-0.273
-0.27
-0.267
-0.263
-0.259
-0.255
-0.251
-0.248
-0.244
-0.239
-0.233
-0.225
-0.218
-0.211
-0.207
-0.203
-0.198
-0.194
-0.187
-0.178
-0.167
-0.155
-0.141
-0.125
-0.109
-0.098
-0.09
-0.083
-0.076
-0.069
-0.062
-0.054
-0.047
-0.04
-0.032
-0.024
-0.014
-0.002
0.012
0.025
0.037
0.049
0.061
0.073
0.086
0.095
0.102
0.108
0.114
0.119
0.125
0.131
0.136
0.14
0.145
0.149
0.153
0.158
0.164
0.17
0.176
0.181
0.186
0.191
0.195
0.199
0.203
0.207
0.21
0.213
0.216
0.219
0.222
0.224
0.226
0.229
0.232
0.237
0.244
0.251
0.26
0.271
0.287
0.31
0.328
0.347
0.366
0.386
0.407
0.427
0.446
0.462
0.476
0.489
0.503
0.515
0.526
0.536
0.545
0.554
0.564
0.576
0.586
0.595
0.609
0.629
0.661
0.713
0.795
0.919
1.089
1.295
1.501
1.658
1.712
1.627
1.414
1.129
0.849
0.645
0.579
0.58
0.656
0.75
0.818
0.854
0.876
0.889
0.899
0.91
0.919
0.925
0.93
