-0.055
-0.069
-0.077
-0.081
-0.081
-0.079
-0.072
-0.065
-0.058
-0.055
-0.053
-0.051
-0.048
-0.045
-0.043
-0.041
-0.039
-0.037
-0.035
-0.034
-0.033
-0.033
-0.033
-0.034
-0.036
-0.037
-0.038
-0.039
-0.04
-0.041
-0.042
-0.042
-0.041
-0.04
-0.039
-0.038
-0.037
-0.036
-0.035
-0.033
-0.031
-0.029
-0.026
-0.022
-0.01
0.001
0.014
0.026
0.035
0.042
0.049
0.055
0.061
0.065
0.068
0.071
0.073
0.075
0.078
0.082
0.086
0.089
0.092
0.095
0.1
0.105
0.111
0.116
0.12
0.123
0.127
0.131
0.134
0.136
0.137
0.137
0.136
0.134
0.131
0.128
0.124
0.12
0.115
0.11
0.104
0.097
0.091
0.085
0.076
0.064
0.046
0.028
0.011
-0.006
-0.022
-0.035
-0.045
-0.054
-0.064
-0.073
-0.081
-0.09
-0.097
-0.101
-0.104
-0.106
-0.108
-0.11
-0.112
-0.113
-0.114
-0.111
-0.106
-0.098
-0.089
-0.079
-0.063
-0.053
-0.046
-0.04
-0.034
-0.031
-0.032
-0.043
-0.056
-0.069
-0.083
-0.094
-0.1
-0.104
-0.107
-0.11
-0.112
-0.113
-0.115
-0.117
-0.118
-0.119
-0.119
-0.119
-0.118
-0.118
-0.118
-0.118
-0.116
-0.113
-0.111
-0.108
-0.105
-0.102
-0.099
-0.096
-0.092
-0.089
-0.087
-0.085
-0.084
-0.082
-0.08
-0.079
-0.079
-0.079
-0.079
-0.079
-0.078
-0.077
-0.076
-0.075
-0.074
-0.074
-0.073
-0.072
-0.071
-0.07
-0.07
-0.069
-0.067
-0.065
-0.062
-0.058
-0.053
-0.047
-0.041
-0.036
-0.031
-0.027
-0.023
-0.02
-0.016
-0.011
-0.006
-0.004
-0.007
-0.015
-0.023
-0.028
-0.033
-0.037
-0.041
-0.043
-0.045
-0.046
-0.044
-0.04
-0.035
-0.03
-0.024
-0.02
-0.016
-0.013
-0.008
-0.004
0.0
0.003
0.007
0.009
0.011
0.013
0.016
0.019
0.023
0.026
0.029
0.033
0.037
0.041
0.045
0.049
0.052
0.054
0.057
0.059
0.062
0.065
0.067
0.07
0.072
0.075
0.078
0.08
0.082
0.083
0.084
0.087
0.09
0.094
0.099
0.103
0.104
0.103
0.101
0.099
0.096
0.088
0.09
0.121
0.175
0.253
0.357
0.479
0.609
0.731
0.828
0.871
0.867
0.795
0.64
0.437
0.24
0.09
0.024
0.0
0.0
0.017
0.024
0.028
0.031
0.034
0.038
0.04
0.043
0.044
0.047
0.048
0.05
0.051
0.051
0.051
0.052
0.053
0.055
0.056
0.057
0.058
0.059
0.059
0.06
0.061
0.062
0.062
0.061
0.061
0.061
0.062
0.063
0.065
0.067
0.069
0.071
0.074
0.076
0.078
0.08
0.082
0.085
0.088
0.092
0.098
0.111
0.124
0.138
0.155
0.173
0.186
0.192
0.195
0.198
0.2
0.201
0.202
0.204
0.205
0.206
0.208
0.209
0.211
0.212
0.214
0.215
0.216
0.217
0.218
0.219
0.221
0.223
0.225
0.228
0.232
0.235
0.238
0.238
0.234
0.227
0.219
0.208
0.19
0.171
0.151
0.131
0.117
0.099
0.076
0.053
0.027
0.009
0.0
-0.006
-0.013
-0.019
-0.025
-0.033
-0.042
-0.052
-0.063
-0.073
-0.082
-0.089
-0.093
-0.095
-0.098
-0.1
-0.103
-0.104
-0.101
-0.093
-0.083
-0.073
-0.059
-0.051
-0.045
-0.041
-0.036
-0.032
-0.03
-0.031
-0.036
-0.043
-0.051
-0.057
-0.064
-0.071
-0.078
-0.083
-0.088
-0.092
-0.094
-0.095
-0.097
-0.099
-0.1
-0.102
-0.103
-0.104
-0.105
-0.107
-0.109
-0.11
-0.11
-0.109
-0.107
-0.106
-0.105
-0.103
-0.101
-0.098
-0.095
-0.093
-0.091
-0.09
-0.089
-0.087
-0.085
-0.083
-0.081
-0.08
-0.078
-0.076
-0.073
-0.071
-0.068
-0.065
-0.064
-0.062
-0.061
-0.06
-0.058
-0.057
-0.055
-0.053
-0.05
-0.046
-0.038
-0.021
-0.007
0.0
0.004
0.007
0.01
0.013
0.015
0.015
0.015
0.014
0.012
0.009
0.006
0.001
-0.004
-0.017
-0.04
-0.051
-0.057
-0.062
-0.065
-0.067
-0.066
-0.062
-0.056
-0.05
-0.045
-0.039
-0.033
-0.03
-0.032
-0.035
-0.04
-0.044
-0.05
-0.055
-0.058
-0.06
-0.061
-0.062
-0.064
-0.065
-0.066
-0.066
-0.065
-0.065
-0.066
-0.067
-0.069
-0.069
-0.069
-0.068
-0.068
-0.069
-0.069
-0.069
-0.069
-0.069
-0.069
-0.069
-0.069
-0.069
-0.069
-0.068
-0.067
-0.066
-0.066
-0.065
-0.063
-0.061
-0.058
-0.054
-0.05
-0.028
0.013
0.075
0.157
0.256
0.368
0.487
0.598
0.675
0.685
0.657
0.546
0.385
0.202
0.028
-0.108
-0.173
-0.197
-0.198
-0.181
-0.156
-0.129
-0.105
-0.091
-0.088
-0.086
-0.085
-0.084
-0.083
-0.082
-0.082
-0.081
-0.081
-0.081
-0.081
-0.083
-0.085
-0.087
-0.089
-0.093
-0.095
-0.09
-0.081
-0.078
-0.075
-0.073
-0.071
-0.069
-0.068
-0.066
-0.064
-0.062
-0.059
-0.057
-0.055
-0.055
-0.053
-0.052
-0.049
-0.046
-0.04
-0.029
-0.02
-0.011
0.0
0.012
0.028
0.042
0.053
0.064
0.073
0.078
0.082
0.086
0.09
0.092
0.093
0.093
0.092
0.09
0.088
0.086
0.084
0.08
0.077
0.083
0.094
0.102
0.11
0.118
0.124
0.128
0.132
0.138
0.146
0.146
0.131
0.118
0.105
0.095
0.087
0.075
0.051
0.024
0.005
-0.006
-0.016
-0.024
-0.034
-0.046
-0.058
-0.07
-0.082
-0.091
-0.099
-0.106
-0.111
-0.114
-0.116
-0.117
-0.118
-0.119
-0.121
-0.122
-0.123
-0.121
-0.115
-0.108
-0.098
-0.085
-0.071
-0.062
-0.055
-0.049
-0.041
-0.032
-0.024
-0.019
-0.015
-0.011
-0.009
-0.006
-0.004
-0.002
0.0
0.003
0.005
0.006
0.008
0.01
0.012
0.014
0.016
0.019
0.023
0.028
0.033
0.039
0.044
0.048
0.053
0.059
0.064
0.068
0.072
0.075
0.077
0.08
0.083
0.086
0.088
0.088
0.087
0.085
0.083
0.082
0.08
0.078
0.076
0.073
0.071
0.07
0.07
0.07
0.07
0.07
0.07
0.071
0.072
0.073
0.073
0.073
0.072
0.071
0.071
0.075
0.08
0.085
0.089
0.092
0.095
0.099
0.102
0.104
0.106
0.107
0.107
0.106
0.105
0.102
0.099
0.095
0.092
0.088
0.084
0.078
0.072
0.068
0.065
0.062
0.061
0.06
0.058
0.057
0.056
0.055
0.056
0.056
0.056
0.056
0.056
0.057
0.059
0.06
0.061
0.061
0.061
0.062
0.064
0.066
0.066
0.066
0.064
0.061
0.059
0.059
0.059
0.057
0.056
0.054
0.052
0.051
0.051
0.051
0.051
0.051
0.051
0.05
0.05
0.051
0.051
0.052
0.053
0.053
0.054
0.055
0.056
0.057
0.059
0.061
0.063
0.078
0.125
0.203
0.315
0.449
0.588
0.718
0.818
0.852
0.84
0.745
0.571
0.352
0.133
-0.033
-0.102
-0.125
-0.11
-0.095
-0.083
-0.078
-0.08
-0.083
-0.087
-0.091
-0.08
-0.071
-0.065
-0.061
-0.059
-0.058
-0.061
-0.066
-0.07
-0.074
-0.075
-0.077
-0.078
-0.08
-0.082
-0.084
-0.086
-0.088
-0.089
-0.09
-0.091
-0.091
-0.091
-0.09
-0.089
-0.087
-0.085
-0.083
-0.081
-0.079
-0.076
-0.073
-0.069
-0.066
-0.055
-0.032
-0.014
-0.001
0.013
0.022
0.028
0.033
0.038
0.043
0.047
0.05
0.052
0.055
0.057
0.059
0.062
0.064
0.066
0.068
0.072
0.076
0.08
0.084
0.087
0.091
0.096
0.101
0.105
0.109
0.112
0.114
0.116
0.116
0.116
0.115
0.113
0.109
0.105
0.1
0.095
0.086
0.068
0.053
0.033
0.004
-0.019
-0.035
-0.047
-0.056
-0.064
-0.071
-0.077
-0.084
-0.093
-0.101
-0.109
-0.117
-0.124
-0.129
-0.132
-0.133
-0.134
-0.135
-0.137
-0.139
-0.14
-0.141
-0.14
-0.135
-0.128
-0.121
-0.114
-0.109
-0.103
-0.098
-0.093
-0.089
-0.086
-0.084
-0.083
-0.083
-0.084
-0.084
-0.086
-0.088
-0.091
-0.094
-0.097
-0.099
-0.102
-0.105
-0.108
-0.111
-0.114
-0.116
-0.117
-0.117
-0.116
-0.114
-0.111
-0.108
-0.104
-0.1
-0.097
-0.095
-0.094
-0.092
-0.089
-0.086
-0.083
-0.08
-0.078
-0.077
-0.077
-0.078
-0.079
-0.079
-0.081
-0.083
-0.085
-0.087
-0.088
-0.089
-0.089
-0.09
-0.09
-0.091
-0.091
-0.091
-0.09
-0.09
-0.089
-0.088
-0.087
-0.084
-0.08
-0.074
-0.065
-0.042
-0.028
-0.022
-0.017
-0.013
-0.009
-0.007
-0.006
-0.006
-0.007
-0.009
-0.01
-0.011
-0.013
-0.016
-0.02
-0.023
-0.025
-0.027
-0.031
-0.036
-0.04
-0.042
-0.042
-0.039
-0.035
-0.032
-0.03
-0.029
-0.027
-0.024
-0.021
-0.017
-0.014
-0.012
-0.01
-0.009
-0.008
-0.008
-0.007
-0.007
-0.007
-0.007
-0.006
-0.006
-0.005
-0.004
-0.003
-0.002
-0.002
-0.001
-0.001
0.0
0.0
-0.001
-0.002
-0.002
-0.003
-0.004
-0.004
-0.004
-0.004
-0.004
-0.003
-0.003
-0.003
-0.003
-0.003
-0.002
0.0
0.0
0.002
0.016
0.056
0.117
0.203
0.31
0.436
0.574
0.709
0.818
0.867
0.827
0.687
0.467
0.219
0.0
-0.144
-0.172
-0.164
-0.096
-0.037
-0.016
-0.025
-0.033
-0.039
-0.043
-0.042
-0.035
-0.026
-0.02
-0.016
-0.012
-0.008
-0.006
-0.004
-0.004
-0.004
-0.005
-0.007
-0.01
-0.012
-0.015
-0.021
-0.025
-0.022
-0.014
-0.009
-0.005
-0.002
0.0
0.003
0.006
0.011
0.017
0.023
0.029
0.034
0.038
0.044
0.049
0.055
0.059
0.063
0.066
0.068
0.07
0.073
0.078
0.086
0.107
0.133
0.161
0.181
0.193
0.199
0.2
0.201
0.201
0.202
0.203
0.203
0.203
0.2
0.196
0.193
0.19
0.187
0.183
0.18
0.178
0.179
0.184
0.191
0.198
0.205
0.215
0.223
0.228
0.226
0.222
0.217
0.211
0.204
0.195
0.184
0.166
0.143
0.108
0.074
0.04
0.019
-0.002
-0.022
-0.043
-0.053
-0.056
-0.057
-0.058
-0.059
-0.06
-0.061
-0.061
-0.062
-0.063
-0.064
-0.065
-0.066
-0.066
-0.067
-0.068
-0.069
-0.068
-0.066
-0.062
-0.057
-0.05
-0.04
-0.029
-0.022
-0.017
-0.013
-0.011
-0.01
-0.01
-0.013
-0.018
-0.024
-0.031
-0.042
-0.058
-0.065
-0.068
-0.069
-0.07
-0.071
-0.072
-0.073
-0.074
-0.075
-0.076
-0.076
-0.075
-0.075
-0.074
-0.073
-0.072
-0.071
-0.07
-0.069
-0.069
-0.068
-0.068
-0.068
-0.067
-0.066
-0.066
-0.066
-0.066
-0.064
-0.06
-0.072
-0.083
-0.089
-0.094
-0.099
-0.102
-0.104
-0.107
-0.111
-0.116
-0.118
-0.114
-0.104
-0.093
-0.08
-0.07
-0.063
-0.058
-0.053
-0.048
-0.042
-0.037
-0.032
-0.027
-0.023
-0.019
-0.015
-0.012
-0.009
-0.004
0.002
0.001
-0.01
-0.019
-0.027
-0.035
-0.041
-0.047
-0.057
-0.067
-0.068
-0.07
-0.072
-0.071
-0.063
-0.055
-0.049
-0.043
-0.037
-0.033
-0.027
-0.018
-0.017
-0.021
-0.023
-0.024
-0.025
-0.027
-0.028
-0.029
-0.03
-0.03
-0.031
-0.033
-0.034
-0.035
-0.036
-0.036
-0.037
-0.039
-0.04
-0.043
-0.044
-0.045
-0.045
-0.045
-0.045
-0.046
-0.047
-0.047
-0.047
-0.046
-0.046
-0.046
-0.047
-0.047
-0.047
-0.047
-0.044
-0.041
-0.036
-0.029
-0.011
0.027
0.087
0.171
0.279
0.401
0.528
0.647
0.738
0.773
0.727
0.597
0.404
0.192
0.009
-0.109
-0.142
-0.141
-0.105
-0.061
-0.027
-0.015
-0.022
-0.04
-0.072
-0.083
-0.086
-0.089
-0.087
-0.076
-0.066
-0.058
-0.05
-0.042
-0.034
-0.026
-0.019
-0.013
-0.007
-0.001
0.001
-0.002
-0.009
-0.015
-0.021
-0.026
-0.029
-0.032
-0.034
-0.037
-0.042
-0.041
-0.033
-0.027
-0.022
-0.016
-0.008
0.002
0.022
0.049
0.064
0.072
0.078
0.083
0.087
0.091
0.095
0.101
0.111
0.12
0.126
0.131
0.136
0.14
0.144
0.149
0.156
0.156
0.15
0.142
0.135
0.145
0.155
0.161
0.167
0.173
0.178
0.189
0.197
0.199
0.2
0.201
0.202
0.202
0.2
0.195
0.189
0.182
0.175
0.165
0.155
0.148
0.14
0.126
0.104
0.087
0.073
0.059
0.046
0.032
0.018
0.005
-0.008
-0.024
-0.035
-0.042
-0.048
-0.054
-0.06
-0.066
-0.071
-0.075
-0.08
-0.084
-0.088
-0.089
-0.086
-0.08
-0.074
-0.068
-0.065
-0.062
-0.059
-0.056
-0.053
-0.049
-0.046
-0.043
-0.04
-0.038
-0.037
-0.036
-0.036
-0.037
-0.039
-0.041
-0.044
-0.047
-0.05
-0.052
-0.055
-0.057
-0.06
-0.062
-0.065
-0.068
-0.072
-0.076
-0.08
-0.083
-0.085
-0.084
-0.082
-0.078
-0.074
-0.07
-0.067
-0.063
-0.057
-0.051
-0.046
-0.043
-0.043
-0.046
-0.05
-0.054
-0.059
-0.063
-0.069
-0.076
-0.081
-0.085
-0.088
-0.09
-0.094
-0.1
-0.099
-0.086
-0.078
-0.073
-0.069
-0.065
-0.061
-0.058
-0.055
-0.052
-0.05
-0.047
-0.044
-0.039
-0.029
-0.011
-0.004
0.0
0.002
0.006
0.008
0.008
0.007
0.007
0.006
0.005
0.001
-0.002
-0.008
-0.014
-0.02
-0.024
-0.028
-0.034
-0.042
-0.048
-0.053
-0.053
-0.051
-0.046
-0.042
-0.038
-0.036
-0.033
-0.03
-0.026
-0.022
-0.019
-0.017
-0.016
-0.016
-0.016
-0.017
-0.018
-0.019
-0.02
-0.022
-0.023
-0.024
-0.025
-0.025
-0.026
-0.027
-0.028
-0.029
-0.029
-0.029
-0.029
-0.028
-0.027
-0.024
-0.021
-0.017
-0.013
-0.008
0.0
0.005
0.005
0.0
-0.009
-0.026
-0.046
-0.058
-0.066
-0.05
-0.004
0.076
0.181
0.301
0.428
0.555
0.67
0.755
0.773
0.76
0.669
0.519
0.338
0.161
0.018
-0.081
-0.118
-0.131
-0.113
-0.088
-0.07
-0.068
-0.068
-0.067
-0.067
-0.066
-0.065
-0.063
-0.06
-0.057
-0.053
-0.048
-0.043
-0.035
-0.029
-0.023
-0.02
-0.018
-0.015
-0.013
-0.011
-0.01
-0.01
-0.01
-0.01
-0.01
-0.011
-0.013
-0.015
-0.018
-0.02
-0.023
-0.026
-0.028
-0.029
-0.028
-0.024
-0.017
-0.006
0.016
0.043
0.067
0.081
0.089
0.098
0.109
0.12
0.127
0.133
0.14
0.145
0.149
0.149
0.148
0.147
0.146
0.145
0.145
0.143
0.14
0.138
0.138
0.142
0.15
0.158
0.165
0.172
0.179
0.185
0.191
0.195
0.2
0.204
0.21
0.215
0.214
0.205
0.193
0.18
0.165
0.151
0.138
0.122
0.103
0.082
0.066
0.053
0.041
0.03
0.019
0.006
-0.012
-0.033
-0.049
-0.061
-0.07
-0.075
-0.079
-0.081
-0.083
-0.085
-0.087
-0.089
-0.09
-0.09
-0.087
-0.082
-0.076
-0.069
-0.063
-0.059
-0.054
-0.049
-0.045
-0.041
-0.038
-0.036
-0.035
-0.035
-0.036
-0.037
-0.039
-0.041
-0.043
-0.045
-0.047
-0.049
-0.05
-0.052
-0.053
-0.056
-0.058
-0.059
-0.061
-0.062
-0.064
-0.065
-0.066
-0.067
-0.067
-0.066
-0.065
-0.065
-0.065
-0.066
-0.067
-0.067
-0.068
-0.069
-0.069
-0.071
-0.072
-0.073
-0.074
-0.075
-0.075
-0.075
-0.075
-0.075
-0.075
-0.075
-0.075
-0.076
-0.077
-0.078
-0.08
-0.082
-0.084
-0.085
-0.086
-0.086
-0.085
-0.083
-0.081
-0.079
-0.075
-0.069
-0.064
-0.058
-0.048
-0.03
-0.025
-0.023
-0.021
-0.019
-0.018
-0.017
-0.018
-0.018
-0.018
-0.018
-0.02
-0.023
-0.028
-0.033
-0.037
-0.04
-0.042
-0.046
-0.049
-0.053
-0.055
-0.056
-0.057
-0.056
-0.055
-0.053
-0.051
-0.048
-0.044
-0.04
-0.037
-0.034
-0.031
-0.028
-0.025
-0.023
-0.021
-0.021
-0.022
-0.022
-0.023
-0.024
-0.026
-0.028
-0.031
-0.033
-0.035
-0.036
-0.038
-0.04
-0.042
-0.043
-0.043
-0.043
-0.043
-0.043
-0.042
-0.04
-0.037
-0.032
-0.028
-0.024
-0.021
-0.017
-0.011
-0.004
0.002
0.008
0.013
0.021
0.053
0.111
0.197
0.312
0.445
0.578
0.689
0.758
0.766
0.731
0.605
0.424
0.224
0.048
-0.071
-0.105
-0.116
-0.094
-0.069
-0.049
-0.047
-0.054
-0.061
-0.069
-0.067
-0.047
-0.037
-0.03
-0.024
-0.02
-0.016
-0.014
-0.011
-0.008
-0.006
-0.004
-0.003
-0.003
-0.003
-0.003
-0.003
-0.003
-0.002
-0.002
-0.001
-0.001
0.0
0.001
0.002
0.003
0.005
0.006
0.008
0.01
0.013
0.017
0.022
0.029
0.041
0.053
0.063
0.075
0.091
0.107
0.13
0.154
0.163
0.166
0.168
0.17
0.171
0.171
0.171
0.171
0.171
0.172
0.175
0.178
0.18
0.183
0.186
0.188
0.192
0.196
0.2
0.204
0.208
0.213
0.224
0.235
0.243
0.244
0.244
0.243
0.241
0.239
0.236
0.221
0.202
0.185
0.168
0.152
0.136
0.113
0.092
0.075
0.063
0.054
0.047
0.042
0.037
0.032
0.026
0.02
0.013
0.003
-0.01
-0.026
-0.038
-0.048
-0.056
-0.063
-0.069
-0.074
-0.08
-0.085
-0.086
-0.083
-0.076
-0.066
-0.051
-0.023
-0.006
0.002
0.009
0.014
0.016
0.014
0.008
0.002
-0.004
-0.01
-0.02
-0.028
-0.031
-0.033
-0.035
-0.035
-0.036
-0.037
-0.039
-0.04
-0.041
-0.041
-0.04
-0.039
-0.038
-0.038
-0.039
-0.039
-0.039
-0.04
-0.04
-0.04
-0.041
-0.042
-0.042
-0.042
-0.041
-0.041
-0.04
-0.04
-0.041
-0.042
-0.043
-0.043
-0.043
-0.043
-0.043
-0.042
-0.041
-0.037
-0.032
-0.044
-0.052
-0.056
-0.061
-0.064
-0.066
-0.066
-0.065
-0.062
-0.058
-0.053
-0.047
-0.041
-0.032
-0.023
-0.015
-0.008
-0.003
0.001
0.006
0.011
0.015
0.017
0.018
0.015
0.011
0.006
0.001
-0.005
-0.015
-0.032
-0.045
-0.051
-0.054
-0.057
-0.059
-0.062
-0.064
-0.066
-0.067
-0.067
-0.066
-0.065
-0.063
-0.061
-0.059
-0.056
-0.053
-0.05
-0.048
-0.047
-0.046
-0.046
-0.046
-0.047
-0.047
-0.048
-0.049
-0.049
-0.05
-0.05
-0.051
-0.052
-0.053
-0.054
-0.054
-0.054
-0.055
-0.054
-0.053
-0.052
-0.051
-0.049
-0.048
-0.046
-0.044
-0.041
-0.035
-0.022
-0.015
-0.013
-0.01
-0.007
-0.005
-0.01
-0.021
-0.034
-0.048
-0.049
-0.04
-0.016
0.048
0.138
0.248
0.372
0.503
0.624
0.704
0.712
0.672
0.526
0.335
0.152
0.004
-0.095
-0.128
-0.138
-0.117
-0.105
-0.1
-0.097
-0.094
-0.091
-0.089
-0.088
-0.087
-0.085
-0.084
-0.083
-0.081
-0.08
-0.079
-0.079
-0.079
-0.078
-0.077
-0.077
-0.077
-0.078
-0.078
-0.079
-0.08
-0.079
-0.078
-0.077
-0.076
-0.074
-0.072
-0.069
-0.067
-0.063
-0.059
-0.055
-0.05
-0.04
-0.022
-0.005
0.011
0.028
0.045
0.056
0.064
0.071
0.077
0.08
0.082
0.082
0.084
0.085
0.086
0.087
0.089
0.09
0.091
0.094
0.097
0.1
0.104
0.108
0.113
0.119
0.132
0.144
0.155
0.161
0.166
0.171
0.176
0.18
0.183
0.185
0.186
0.186
0.184
0.182
0.179
0.175
0.17
0.164
0.158
0.148
0.131
0.115
0.1
0.083
0.063
0.045
0.027
0.009
-0.012
-0.025
-0.033
-0.039
-0.044
-0.048
-0.051
-0.054
-0.056
-0.058
-0.059
-0.059
-0.06
-0.062
-0.064
-0.067
-0.069
-0.07
-0.068
-0.063
-0.056
-0.051
-0.047
-0.043
-0.039
-0.035
-0.032
-0.029
-0.028
-0.028
-0.03
-0.035
-0.039
-0.044
-0.049
-0.053
-0.058
-0.065
-0.073
-0.078
-0.08
-0.078
-0.074
-0.07
-0.067
-0.066
-0.065
-0.063
-0.062
-0.06
-0.059
-0.059
-0.058
-0.056
-0.054
-0.053
-0.053
-0.053
-0.053
-0.054
-0.054
-0.054
-0.055
-0.055
-0.056
-0.056
-0.055
-0.055
-0.055
-0.055
-0.056
-0.056
-0.056
-0.055
-0.053
-0.053
-0.052
-0.052
-0.05
-0.048
-0.045
-0.043
-0.042
-0.04
-0.036
-0.027
-0.016
-0.004
0.006
0.013
0.02
0.027
0.033
0.037
0.037
0.033
0.027
0.021
0.015
0.01
0.003
-0.004
-0.009
-0.013
-0.015
-0.016
-0.016
-0.017
-0.018
-0.019
-0.019
-0.016
-0.011
-0.004
0.0
0.003
0.005
0.007
0.009
0.011
0.013
0.014
0.014
0.013
0.013
0.014
0.014
0.014
0.013
0.013
0.012
0.012
0.011
0.011
0.011
0.011
0.011
0.011
0.012
0.012
0.012
0.012
0.012
0.012
0.013
0.014
0.016
0.018
0.019
0.021
0.024
0.026
0.029
0.033
0.038
0.046
0.057
0.097
0.166
0.256
0.362
0.48
0.605
0.721
0.803
0.815
0.788
0.668
0.492
0.295
0.115
-0.02
-0.078
-0.097
-0.072
-0.046
-0.028
-0.015
-0.007
0.0
0.008
0.02
0.03
0.033
0.036
0.039
0.041
0.042
0.043
0.044
0.045
0.046
0.046
0.046
0.045
0.043
0.041
0.039
0.037
0.035
0.033
0.032
0.031
0.03
0.03
0.029
0.028
0.027
0.026
0.026
0.026
0.025
0.025
0.026
0.03
0.036
0.043
0.051
0.058
0.067
0.079
0.092
0.102
0.11
0.115
0.119
0.124
0.129
0.134
0.137
0.139
0.138
0.136
0.134
0.133
0.132
0.13
0.125
0.126
0.139
0.148
0.157
0.164
0.169
0.171
0.173
0.174
0.177
0.18
0.182
0.18
0.176
0.171
0.167
0.162
0.157
0.148
0.137
0.124
0.109
0.098
0.09
0.077
0.056
0.031
0.01
-0.004
-0.015
-0.031
-0.044
-0.056
-0.065
-0.073
-0.078
-0.081
-0.084
-0.086
-0.088
-0.091
-0.093
-0.095
-0.097
-0.099
-0.102
-0.104
-0.103
-0.099
-0.093
-0.088
-0.084
-0.079
-0.073
-0.067
-0.061
-0.054
-0.047
-0.042
-0.043
-0.047
-0.053
-0.059
-0.064
-0.07
-0.078
-0.085
-0.091
-0.096
-0.101
-0.105
-0.107
-0.107
-0.105
-0.102
-0.099
-0.096
-0.092
-0.087
-0.081
-0.077
-0.079
-0.085
-0.091
-0.094
-0.096
-0.097
-0.098
-0.099
-0.1
-0.101
-0.102
-0.103
-0.105
-0.107
-0.109
-0.111
-0.111
-0.112
-0.112
-0.113
-0.115
-0.117
-0.119
-0.121
-0.123
-0.126
-0.131
-0.135
-0.137
-0.136
-0.133
-0.127
-0.12
-0.105
-0.079
-0.067
-0.062
-0.057
-0.052
-0.049
-0.047
-0.046
-0.045
-0.045
-0.046
-0.047
-0.048
-0.05
-0.053
-0.056
-0.06
-0.063
-0.069
-0.082
-0.088
-0.092
-0.096
-0.099
-0.098
-0.093
-0.087
-0.084
-0.081
-0.078
-0.075
-0.073
-0.071
-0.069
-0.067
-0.066
-0.065
-0.064
-0.064
-0.064
-0.064
-0.065
-0.065
-0.065
-0.064
-0.064
-0.064
-0.064
-0.064
-0.064
-0.063
-0.063
-0.064
-0.064
-0.065
-0.066
-0.066
-0.066
-0.065
-0.064
-0.063
-0.062
-0.061
-0.059
-0.057
-0.055
-0.052
-0.049
-0.045
-0.033
-0.016
-0.011
-0.007
-0.005
-0.008
-0.014
-0.021
-0.028
-0.014
0.028
0.101
0.202
0.324
0.45
0.571
0.673
0.73
0.732
0.681
0.545
0.354
0.142
-0.047
-0.173
-0.198
-0.191
-0.136
-0.089
-0.074
-0.067
-0.065
-0.065
-0.064
-0.064
-0.064
-0.064
-0.063
-0.063
-0.062
-0.062
-0.062
-0.062
-0.06
-0.059
-0.057
-0.056
-0.055
-0.054
-0.053
-0.052
-0.051
-0.05
-0.048
-0.046
-0.045
-0.043
-0.041
-0.038
-0.036
-0.035
-0.033
-0.031
-0.028
-0.024
-0.019
-0.006
0.015
0.032
0.048
0.065
0.084
0.1
0.111
0.117
0.121
0.124
0.125
0.126
0.127
0.128
0.13
0.131
0.133
0.136
0.14
0.144
0.155
0.175
0.194
0.213
0.227
0.235
0.242
0.249
0.256
0.266
0.278
0.289
0.297
0.304
0.309
0.309
0.302
0.292
0.282
0.27
0.258
0.246
0.236
0.228
0.22
0.211
0.204
0.194
0.176
0.148
0.132
0.122
0.113
0.104
0.094
0.077
0.051
0.029
0.013
0.0
-0.006
-0.011
-0.015
-0.018
-0.02
-0.021
-0.02
-0.018
-0.014
-0.009
-0.004
0.002
0.01
0.024
0.037
0.048
0.057
0.066
0.072
0.072
0.064
0.052
0.037
0.018
0.0
-0.008
-0.013
-0.018
-0.022
-0.025
-0.027
-0.028
-0.028
-0.027
-0.025
-0.024
-0.023
-0.021
-0.019
-0.016
-0.014
-0.014
-0.018
-0.024
-0.031
-0.035
-0.04
-0.045
-0.049
-0.053
-0.055
-0.055
-0.054
-0.052
-0.049
-0.047
-0.045
-0.041
-0.037
-0.034
-0.034
-0.038
-0.044
-0.05
-0.054
-0.057
-0.061
-0.066
-0.069
-0.072
-0.073
-0.074
-0.074
-0.072
-0.07
-0.066
-0.06
-0.054
-0.047
-0.041
-0.035
-0.026
-0.015
-0.007
-0.004
-0.003
-0.002
-0.002
-0.001
0.0
0.001
0.001
0.0
-0.006
-0.017
-0.027
-0.037
-0.05
-0.062
-0.065
-0.067
-0.069
-0.07
-0.072
-0.071
-0.063
-0.059
-0.055
-0.052
-0.048
-0.047
-0.046
-0.046
-0.046
-0.046
-0.045
-0.045
-0.046
-0.047
-0.049
-0.05
-0.05
-0.049
-0.048
-0.046
-0.045
-0.043
-0.041
-0.039
-0.037
-0.037
-0.041
-0.046
-0.05
-0.054
-0.057
-0.06
-0.064
-0.067
-0.069
-0.071
-0.07
-0.068
-0.065
-0.061
-0.057
-0.051
-0.046
-0.039
-0.031
-0.024
-0.018
-0.009
0.017
0.064
0.13
0.211
0.303
0.398
0.493
0.578
0.632
0.635
0.597
0.482
0.317
0.126
-0.049
-0.176
-0.229
-0.232
-0.197
-0.139
-0.079
-0.059
-0.051
-0.045
-0.045
-0.05
-0.056
-0.063
-0.062
-0.052
-0.047
-0.044
-0.041
-0.039
-0.038
-0.037
