-0.055
-0.053
-0.05
-0.048
-0.045
-0.044
-0.041
-0.039
-0.036
-0.033
-0.032
-0.031
-0.031
-0.03
-0.03
-0.031
-0.032
-0.033
-0.035
-0.037
-0.039
-0.041
-0.044
-0.051
-0.069
-0.082
-0.089
-0.093
-0.094
-0.092
-0.089
-0.087
-0.084
-0.082
-0.08
-0.079
-0.079
-0.078
-0.077
-0.076
-0.076
-0.076
-0.079
-0.083
-0.088
-0.093
-0.096
-0.101
-0.106
-0.111
-0.111
-0.108
-0.102
-0.095
-0.082
-0.064
-0.056
-0.052
-0.048
-0.045
-0.045
-0.049
-0.054
-0.06
-0.067
-0.076
-0.081
-0.076
-0.066
-0.054
-0.039
-0.029
-0.023
-0.018
-0.015
-0.014
-0.014
-0.018
-0.023
-0.028
-0.033
-0.038
-0.043
-0.047
-0.049
-0.05
-0.052
-0.054
-0.056
-0.058
-0.059
-0.061
-0.063
-0.066
-0.068
-0.072
-0.078
-0.086
-0.119
-0.177
-0.247
-0.326
-0.385
-0.41
-0.405
-0.359
-0.268
-0.158
-0.056
0.021
0.064
0.08
0.086
0.091
0.09
0.074
0.051
0.024
0.008
-0.002
-0.009
-0.016
-0.019
-0.021
-0.023
-0.025
-0.026
-0.026
-0.028
-0.029
-0.03
-0.031
-0.032
-0.033
-0.034
-0.036
-0.037
-0.039
-0.04
-0.042
-0.044
-0.047
-0.052
-0.055
-0.058
-0.059
-0.061
-0.065
-0.071
-0.06
-0.049
-0.039
-0.033
-0.028
-0.024
-0.02
-0.017
-0.016
-0.018
-0.024
-0.03
-0.034
-0.037
-0.041
-0.043
-0.046
-0.048
-0.05
-0.05
-0.05
-0.049
-0.047
-0.046
-0.044
-0.041
-0.039
-0.036
-0.033
-0.028
-0.023
-0.021
-0.023
-0.027
-0.032
-0.037
-0.044
-0.048
-0.045
-0.04
-0.036
-0.033
-0.03
-0.026
-0.021
-0.016
-0.009
-0.001
0.006
0.013
0.02
0.029
0.041
0.053
0.06
0.064
0.067
0.07
0.071
0.072
0.073
0.072
0.071
0.069
0.067
0.064
0.061
0.057
0.049
0.044
0.05
0.061
0.069
0.075
0.082
0.086
0.086
0.085
0.082
0.079
0.076
0.073
0.069
0.066
0.063
0.06
0.059
0.058
0.056
0.053
0.05
0.047
0.046
0.049
0.055
0.061
0.067
0.071
0.076
0.08
0.085
0.088
0.091
0.094
0.1
0.109
0.117
0.125
0.133
0.14
0.148
0.155
0.147
0.134
0.117
0.107
0.102
0.097
0.095
0.094
0.094
0.095
0.096
0.098
0.101
0.105
0.105
0.101
0.096
0.091
0.088
0.086
0.083
0.081
0.091
0.099
0.105
0.109
0.109
0.107
0.104
0.1
0.095
0.089
0.082
0.072
0.062
0.052
0.029
-0.005
-0.039
-0.07
-0.09
-0.107
-0.119
-0.12
-0.112
-0.101
-0.083
-0.071
-0.064
-0.059
-0.057
-0.058
-0.062
-0.068
-0.077
-0.091
-0.101
-0.108
-0.107
-0.097
-0.086
-0.074
-0.064
-0.053
-0.042
-0.027
-0.014
-0.004
0.001
0.0
-0.004
-0.007
-0.01
-0.013
-0.016
-0.02
-0.023
-0.026
-0.032
-0.032
-0.027
-0.024
-0.021
-0.018
-0.016
-0.015
-0.016
-0.019
-0.024
-0.029
-0.038
-0.054
-0.077
-0.113
-0.165
-0.235
-0.318
-0.397
-0.436
-0.435
-0.389
-0.298
-0.162
0.012
0.179
0.309
0.395
0.408
0.392
0.329
0.245
0.168
0.109
0.078
0.064
0.057
0.052
0.048
0.043
0.037
0.032
0.03
0.031
0.034
0.038
0.032
0.016
0.008
0.003
0.001
0.0
0.0
-0.002
0.01
0.032
0.054
0.066
0.074
0.077
0.073
0.063
0.048
0.029
0.012
-0.006
-0.017
-0.025
-0.029
-0.029
-0.024
-0.015
-0.002
0.01
0.0
-0.016
-0.034
-0.046
-0.054
-0.061
-0.069
-0.083
-0.098
-0.107
-0.111
-0.116
-0.121
-0.126
-0.144
-0.178
-0.209
-0.226
-0.235
-0.241
-0.244
-0.246
-0.246
-0.244
-0.239
-0.232
-0.22
-0.199
-0.187
-0.181
-0.176
-0.171
-0.164
-0.158
-0.152
-0.146
-0.139
-0.133
-0.129
-0.126
-0.124
-0.122
-0.121
-0.119
-0.117
-0.114
-0.11
-0.103
-0.096
-0.088
-0.078
-0.066
-0.054
-0.045
-0.038
-0.034
-0.03
-0.027
-0.023
-0.02
-0.018
-0.019
-0.023
-0.028
-0.032
-0.037
-0.041
-0.048
-0.055
-0.062
-0.063
-0.059
-0.054
-0.048
-0.043
-0.04
-0.036
-0.032
-0.028
-0.024
-0.02
-0.018
-0.017
-0.016
-0.014
-0.012
-0.01
-0.008
-0.006
-0.004
-0.002
0.0
0.003
0.007
0.013
0.02
0.033
0.063
0.085
0.097
0.105
0.11
0.114
0.117
0.12
0.123
0.127
0.13
0.132
0.134
0.135
0.135
0.135
0.137
0.141
0.135
0.124
0.125
0.14
0.148
0.149
0.142
0.139
0.136
0.133
0.13
0.129
0.129
0.129
0.128
0.128
0.128
0.127
0.127
0.128
0.128
0.129
0.129
0.129
0.127
0.124
0.121
0.117
0.113
0.111
0.109
0.107
0.106
0.105
0.103
0.102
0.101
0.1
0.098
0.097
0.096
0.095
0.094
0.093
0.094
0.094
0.094
0.094
0.092
0.09
0.088
0.085
0.077
0.076
0.082
0.086
0.089
0.092
0.095
0.097
0.098
0.097
0.097
0.096
0.095
0.093
0.088
0.09
0.105
0.114
0.122
0.129
0.134
0.136
0.134
0.131
0.126
0.119
0.091
0.046
-0.017
-0.093
-0.171
-0.232
-0.252
-0.238
-0.196
-0.089
0.04
0.172
0.276
0.321
0.336
0.322
0.298
0.274
0.253
0.232
0.198
0.161
0.117
0.096
0.084
0.074
0.074
0.088
0.1
0.112
0.117
0.114
0.105
0.093
0.073
0.063
0.059
0.055
0.053
0.051
0.049
0.048
0.049
0.05
0.053
0.056
0.06
0.064
0.069
0.073
0.08
0.088
0.092
0.093
0.09
0.084
0.077
0.068
0.052
0.037
0.018
-0.004
-0.015
-0.021
-0.025
-0.029
-0.033
-0.036
-0.039
-0.041
-0.042
-0.043
-0.045
-0.047
-0.049
-0.05
-0.051
-0.052
-0.053
-0.054
-0.056
-0.058
-0.06
-0.062
-0.065
-0.072
-0.075
-0.073
-0.068
-0.063
-0.056
-0.056
-0.064
-0.069
-0.073
-0.075
-0.076
-0.075
-0.073
-0.067
-0.06
-0.051
-0.033
-0.002
0.01
0.015
0.02
0.024
0.026
0.028
0.029
0.031
0.032
0.033
0.032
0.032
0.03
0.028
0.026
0.025
0.023
0.02
0.017
0.015
0.013
0.012
0.011
0.009
0.007
0.004
0.001
0.0
0.0
-0.001
-0.003
-0.004
-0.004
-0.004
-0.004
-0.004
-0.003
-0.002
-0.002
-0.001
0.0
0.001
0.002
0.004
0.007
0.01
0.014
0.019
0.028
0.038
0.047
0.056
0.068
0.083
0.089
0.091
0.092
0.093
0.094
0.095
0.095
0.094
0.089
0.082
0.074
0.068
0.063
0.058
0.053
0.049
0.046
0.043
0.04
0.037
0.035
0.033
0.03
0.028
0.027
0.026
0.025
0.024
0.022
0.019
0.014
0.006
-0.003
-0.017
-0.04
-0.078
-0.103
-0.118
-0.128
-0.132
-0.133
-0.134
-0.135
-0.136
-0.137
-0.138
-0.139
-0.138
-0.135
-0.129
-0.123
-0.117
-0.109
-0.103
-0.104
-0.115
-0.129
-0.138
-0.147
-0.157
-0.164
-0.168
-0.168
-0.163
-0.156
-0.148
-0.138
-0.127
-0.11
-0.094
-0.081
-0.071
-0.063
-0.055
-0.049
-0.043
-0.039
-0.037
-0.036
-0.036
-0.036
-0.035
-0.032
-0.03
-0.03
-0.033
-0.037
-0.041
-0.044
-0.046
-0.048
-0.05
-0.053
-0.057
-0.06
-0.064
-0.066
-0.069
-0.073
-0.079
-0.088
-0.125
-0.19
-0.275
-0.369
-0.436
-0.444
-0.416
-0.306
-0.154
-0.004
0.106
0.138
0.148
0.125
0.099
0.08
0.066
0.055
0.036
0.003
-0.015
-0.024
-0.03
-0.036
-0.04
-0.041
-0.04
-0.037
-0.034
-0.031
-0.027
-0.024
-0.021
-0.017
-0.013
-0.009
-0.007
-0.005
-0.005
-0.004
-0.003
-0.003
-0.003
-0.004
-0.007
-0.011
-0.015
-0.021
-0.031
-0.033
-0.025
-0.019
-0.015
-0.009
-0.005
-0.003
-0.005
-0.011
-0.019
-0.028
-0.037
-0.052
-0.06
-0.059
-0.057
-0.055
-0.052
-0.049
-0.048
-0.05
-0.056
-0.064
-0.074
-0.086
-0.087
-0.088
-0.089
-0.091
-0.091
-0.085
-0.079
-0.076
-0.074
-0.072
-0.071
-0.069
-0.067
-0.064
-0.062
-0.06
-0.058
-0.056
-0.054
-0.053
-0.053
-0.052
-0.05
-0.049
-0.048
-0.047
-0.045
-0.044
-0.041
-0.038
-0.034
-0.031
-0.028
-0.025
-0.022
-0.018
-0.013
-0.008
-0.004
0.0
0.007
0.015
0.023
0.029
0.034
0.038
0.041
0.044
0.046
0.049
0.051
0.052
0.052
0.052
0.051
0.049
0.046
0.043
0.039
0.035
0.032
0.026
0.02
0.015
0.014
0.018
0.024
0.03
0.033
0.036
0.039
0.042
0.045
0.049
0.053
0.056
0.058
0.059
0.06
0.06
0.06
0.059
0.058
0.056
0.055
0.057
0.064
0.063
0.049
0.042
0.038
0.034
0.032
0.03
0.029
0.026
0.023
0.019
0.017
0.016
0.015
0.016
0.016
0.014
0.012
0.009
0.006
-0.001
-0.006
-0.004
-0.001
0.0
0.001
0.003
0.004
0.005
0.004
0.003
0.004
0.005
0.005
0.006
0.006
0.005
0.005
0.004
0.003
0.003
0.003
0.002
0.001
0.0
0.0
-0.001
-0.002
-0.003
-0.004
-0.007
-0.011
-0.017
-0.022
-0.025
-0.021
-0.011
0.0
0.009
0.019
0.029
0.04
0.053
0.065
0.072
0.079
0.084
0.089
0.094
0.098
0.101
0.105
0.107
0.109
0.111
0.112
0.113
0.114
0.115
0.116
0.117
0.12
0.124
0.125
0.121
0.113
0.104
0.097
0.089
0.082
0.076
0.07
0.066
0.059
0.047
0.027
-0.003
-0.053
-0.101
-0.159
-0.227
-0.293
-0.317
-0.329
-0.32
-0.251
-0.143
-0.022
0.093
0.183
0.244
0.266
0.266
0.249
0.207
0.152
0.119
0.092
0.073
0.057
0.036
0.002
-0.017
-0.026
-0.033
-0.038
-0.042
-0.046
-0.048
-0.05
-0.052
-0.054
-0.056
-0.058
-0.059
-0.059
-0.058
-0.058
-0.058
-0.059
-0.061
-0.063
-0.065
-0.066
-0.066
-0.066
-0.064
-0.059
-0.053
-0.046
-0.036
-0.019
-0.01
-0.005
0.0
0.006
0.009
0.006
0.004
0.002
0.001
0.0
0.0
-0.002
-0.004
-0.007
-0.012
-0.018
-0.024
-0.03
-0.04
-0.057
-0.069
-0.079
-0.087
-0.093
-0.099
-0.104
-0.109
-0.114
-0.119
-0.124
-0.132
-0.136
-0.13
-0.115
-0.093
-0.061
-0.028
0.0
0.01
0.015
0.019
0.023
0.025
0.027
0.027
0.029
0.03
0.032
0.034
0.037
0.039
0.041
0.043
0.045
0.046
0.048
0.049
0.05
0.052
0.055
0.058
0.06
0.062
0.062
0.063
0.063
0.062
0.06
0.055
0.05
0.043
0.037
0.032
0.026
0.018
0.011
0.006
0.005
0.008
0.013
0.019
0.025
0.028
0.032
0.036
0.04
0.045
0.048
0.049
0.049
0.048
0.046
0.045
0.044
0.042
0.039
0.035
0.031
0.026
0.023
0.024
0.028
0.033
0.039
0.044
0.051
0.057
0.06
0.056
0.046
0.036
0.029
0.023
0.017
0.011
0.006
0.002
-0.001
-0.004
-0.006
-0.008
-0.011
-0.013
-0.017
-0.024
-0.03
-0.03
-0.02
-0.008
-0.002
0.002
0.007
0.012
0.017
0.022
0.026
0.03
0.032
0.032
0.031
0.03
0.029
0.029
0.029
0.029
0.029
0.03
0.031
0.032
0.033
0.033
0.031
0.029
0.033
0.044
0.056
0.071
0.082
0.091
0.1
0.099
0.081
0.071
0.063
0.056
0.051
0.049
0.051
0.057
0.063
0.069
0.073
0.076
0.079
0.082
0.086
0.09
0.093
0.096
0.097
0.097
0.095
0.092
0.089
0.085
0.08
0.075
0.071
0.066
0.062
0.058
0.053
0.048
0.042
0.036
0.03
0.026
0.023
0.02
0.016
0.008
-0.025
-0.086
-0.161
-0.234
-0.269
-0.282
-0.26
-0.194
-0.093
0.014
0.124
0.206
0.235
0.245
0.236
0.217
0.189
0.15
0.123
0.107
0.092
0.08
0.059
0.023
0.0
-0.011
-0.019
-0.025
-0.028
-0.032
-0.036
-0.039
-0.041
-0.043
-0.044
-0.046
-0.047
-0.048
-0.049
-0.049
-0.05
-0.05
-0.05
-0.051
-0.052
-0.052
-0.051
-0.051
-0.051
-0.051
-0.051
-0.052
-0.054
-0.056
-0.058
-0.06
-0.063
-0.065
-0.068
-0.071
-0.074
-0.077
-0.08
-0.082
-0.088
-0.094
-0.102
-0.108
-0.111
-0.111
-0.11
-0.108
-0.107
-0.107
-0.106
-0.106
-0.105
-0.104
-0.104
-0.104
-0.104
-0.104
-0.103
-0.101
-0.099
-0.097
-0.095
-0.093
-0.09
-0.087
-0.084
-0.081
-0.078
-0.075
-0.073
-0.069
-0.063
-0.055
-0.048
-0.042
-0.04
-0.039
-0.038
-0.037
-0.037
-0.037
-0.039
-0.043
-0.044
-0.031
-0.01
0.011
0.019
0.024
0.028
0.031
0.033
0.035
0.035
0.035
0.033
0.03
0.028
0.026
0.023
0.02
0.018
0.016
0.013
0.011
0.009
0.008
0.007
0.006
0.004
0.001
-0.003
-0.006
-0.006
-0.002
0.003
0.01
0.014
0.021
0.027
0.033
0.036
0.035
0.031
0.026
0.019
0.012
0.001
-0.004
0.002
0.016
0.024
0.03
0.036
0.041
0.046
0.05
0.054
0.059
0.063
0.068
0.076
0.082
0.082
0.075
0.065
0.056
0.046
0.035
0.025
0.016
0.005
-0.008
-0.009
0.001
0.005
0.007
0.01
0.012
0.014
0.015
0.016
0.018
0.02
0.022
0.024
0.025
0.025
0.025
0.024
0.024
0.024
0.024
0.022
0.019
0.015
0.013
0.011
0.01
0.008
0.006
0.003
0.001
0.0
0.0
-0.005
-0.011
-0.017
-0.021
-0.02
-0.016
-0.011
-0.007
-0.004
-0.001
0.001
0.006
0.01
0.014
0.015
0.014
0.013
0.012
0.011
0.009
0.007
0.004
0.0
-0.002
-0.005
-0.006
-0.008
-0.012
-0.015
-0.018
-0.02
-0.021
-0.022
-0.023
-0.023
-0.024
-0.023
-0.021
-0.019
-0.016
-0.014
-0.013
-0.012
-0.009
-0.003
-0.005
-0.021
-0.066
-0.119
-0.187
-0.258
-0.327
-0.371
-0.386
-0.368
-0.313
-0.216
-0.106
0.0
0.081
0.105
0.11
0.113
0.114
0.113
0.106
0.093
0.071
0.035
-0.004
-0.04
-0.054
-0.061
-0.067
-0.071
-0.074
-0.077
-0.079
-0.081
-0.082
-0.083
-0.082
-0.081
-0.079
-0.076
-0.072
-0.069
-0.066
-0.063
-0.06
-0.057
-0.054
-0.05
-0.043
-0.036
-0.033
-0.039
-0.051
-0.063
-0.069
-0.073
-0.076
-0.08
-0.084
-0.088
-0.091
-0.095
-0.098
-0.1
-0.103
-0.105
-0.106
-0.108
-0.108
-0.108
-0.107
-0.105
-0.103
-0.1
-0.097
-0.094
-0.091
-0.088
-0.085
-0.082
-0.079
-0.077
-0.075
-0.074
-0.073
-0.072
-0.07
-0.067
-0.065
-0.062
-0.059
-0.057
-0.054
-0.051
-0.048
-0.047
-0.045
-0.044
-0.044
-0.042
-0.039
-0.036
-0.033
-0.029
-0.023
-0.014
-0.004
0.004
0.014
0.023
0.032
0.042
0.051
0.055
0.054
0.051
0.047
0.044
0.041
0.037
0.034
0.032
0.033
0.036
0.041
0.048
0.056
0.069
0.071
0.062
0.057
0.053
0.049
0.047
0.046
0.047
0.051
0.055
0.058
0.06
0.062
0.065
0.069
0.073
0.076
0.079
0.081
0.082
0.081
0.081
0.08
0.077
0.073
0.07
0.065
0.06
0.055
0.05
0.045
0.038
0.021
0.012
0.016
0.025
0.037
