0.359
0.442
0.527
0.601
0.646
0.664
0.672
0.672
0.668
0.663
0.659
0.654
0.65
0.652
0.662
0.675
0.686
0.698
0.711
0.723
0.734
0.742
0.749
0.755
0.759
0.763
0.767
0.77
0.773
0.775
0.778
0.782
0.789
0.803
0.82
0.834
0.846
0.857
0.868
0.875
0.88
0.884
0.887
0.89
0.893
0.897
0.9
0.904
0.908
0.912
0.916
0.92
0.925
0.929
0.933
0.937
0.941
0.945
0.948
0.951
0.953
0.956
0.958
0.959
0.961
0.963
0.964
0.964
0.964
0.964
0.963
0.962
0.961
0.959
0.956
0.954
0.95
0.946
0.942
0.937
0.931
0.92
0.908
0.897
0.886
0.878
0.872
0.866
0.861
0.857
0.853
0.85
0.847
0.843
0.84
0.835
0.831
0.826
0.82
0.813
0.806
0.8
0.795
0.79
0.784
0.779
0.775
0.774
0.774
0.775
0.776
0.777
0.779
0.782
0.787
0.789
0.784
0.773
0.76
0.745
0.735
0.728
0.72
0.715
0.715
0.724
0.735
0.747
0.762
0.769
0.765
0.751
0.713
0.617
0.477
0.305
0.121
-0.051
-0.196
-0.311
-0.396
-0.444
-0.46
-0.451
-0.422
-0.367
-0.323
-0.308
-0.325
-0.377
-0.466
-0.555
-0.636
-0.716
-0.797
-0.885
-0.983
-1.087
-1.186
-1.277
-1.359
-1.446
-1.543
-1.652
-1.761
-1.862
-1.959
-2.045
-2.119
-2.183
-2.236
-2.284
-2.314
-2.345
-2.371
-2.393
-2.42
-2.451
-2.479
-2.525
-2.571
-2.616
-2.666
-2.717
-2.77
-2.825
-2.882
-2.944
-3.006
-3.067
-3.134
-3.204
-3.271
-3.33
-3.379
-3.398
-3.407
-3.413
-3.398
-3.352
-3.295
-3.227
-3.153
-3.079
-3.007
-2.941
-2.878
-2.814
-2.752
-2.69
-2.623
-2.551
-2.475
-2.39
-2.303
-2.232
-2.174
-2.12
-2.07
-2.039
-2.007
-1.977
-1.955
-1.938
-1.918
-1.89
-1.854
-1.814
-1.783
-1.743
-1.698
-1.647
-1.591
-1.529
-1.464
-1.391
-1.312
-1.229
-1.134
-1.033
-0.939
-0.852
-0.772
-0.701
-0.638
-0.576
-0.508
-0.437
-0.364
-0.292
-0.221
-0.149
-0.073
0.01
0.101
0.192
0.27
0.332
0.39
0.454
0.521
0.586
0.65
0.711
0.766
0.812
0.844
0.883
0.92
0.94
0.952
0.96
0.962
0.959
0.951
0.941
0.93
0.915
0.908
0.905
0.902
0.9
0.898
0.896
0.895
0.896
0.9
0.905
0.909
0.912
0.916
0.921
0.926
0.929
0.93
0.927
0.921
0.915
0.909
0.903
0.896
0.888
0.879
0.872
0.865
0.857
0.848
0.836
0.828
0.824
0.822
0.82
0.816
0.814
0.821
0.835
0.847
0.859
0.871
0.882
0.892
0.904
0.916
0.926
0.935
0.942
0.946
0.95
0.954
0.958
0.96
0.961
0.959
0.954
0.949
0.942
0.935
0.925
0.91
0.895
0.881
0.872
0.866
0.861
0.855
0.85
0.845
0.841
0.838
0.834
0.828
0.818
0.803
0.788
0.781
0.776
0.771
0.767
0.764
0.764
0.768
0.774
0.78
0.786
0.79
0.794
0.799
0.803
0.808
0.812
0.814
0.816
0.816
0.816
0.815
0.813
0.81
0.806
0.802
0.798
0.787
0.762
0.741
0.725
0.708
0.686
0.657
0.635
0.62
0.608
0.597
0.585
0.57
0.551
0.53
0.51
0.495
0.48
0.465
0.448
0.436
0.427
0.42
0.411
0.403
0.395
0.387
0.379
0.371
0.362
0.354
0.346
0.338
0.329
0.32
0.312
0.304
0.296
0.287
0.277
0.267
0.259
0.251
0.235
0.21
0.188
0.171
0.154
0.132
0.105
0.079
0.052
0.029
0.012
-0.005
-0.023
-0.04
-0.047
-0.052
-0.057
-0.06
-0.053
-0.041
-0.036
-0.033
-0.03
-0.026
-0.023
-0.019
-0.015
-0.012
-0.01
-0.009
-0.009
-0.01
-0.012
-0.016
-0.019
-0.024
-0.028
-0.034
-0.039
-0.045
-0.052
-0.068
-0.078
-0.085
-0.091
-0.097
-0.102
-0.106
-0.107
-0.105
-0.101
-0.096
-0.091
-0.082
-0.082
-0.092
-0.12
-0.186
-0.293
-0.44
-0.618
-0.808
-0.984
-1.113
-1.158
-1.096
-0.932
-0.71
-0.491
-0.317
-0.206
-0.147
-0.114
-0.087
-0.068
-0.049
-0.03
-0.013
0.0
0.009
0.017
0.023
0.022
0.011
0.0
-0.009
-0.015
-0.022
-0.027
-0.03
-0.033
-0.032
-0.029
-0.024
-0.018
-0.011
-0.005
0.001
0.008
0.015
0.022
0.027
0.033
0.037
0.042
0.048
0.056
0.065
0.075
0.088
0.115
0.138
0.146
0.153
0.151
0.136
0.127
0.122
0.119
0.116
0.113
0.109
0.104
0.1
0.097
0.093
0.088
0.083
0.072
0.052
0.034
0.019
0.007
-0.004
-0.016
-0.03
-0.047
-0.068
-0.083
-0.094
-0.104
-0.112
-0.119
-0.125
-0.132
-0.14
-0.147
-0.15
-0.152
-0.154
-0.157
-0.161
-0.145
-0.129
-0.117
-0.104
-0.089
-0.066
-0.035
-0.011
0.007
0.028
0.048
0.069
0.091
0.113
0.134
0.152
0.166
0.179
0.186
0.189
0.192
0.194
0.196
0.197
0.196
0.189
0.18
0.172
0.169
0.166
0.163
0.161
0.158
0.156
0.155
0.154
0.153
0.152
0.15
0.149
0.151
0.15
0.15
0.148
0.145
0.143
0.143
0.143
0.144
0.143
0.141
0.139
0.137
0.136
0.136
0.135
0.133
0.13
0.129
0.129
0.129
0.127
0.123
0.121
0.119
0.117
0.115
0.113
0.111
0.11
0.111
0.112
0.112
0.113
0.112
0.111
0.111
0.112
0.113
0.115
0.117
0.12
0.124
0.128
0.13
0.131
0.132
0.135
0.137
0.139
0.143
0.147
0.15
0.151
0.151
0.15
0.148
0.145
0.142
0.14
0.138
0.138
0.137
0.135
0.132
0.129
0.125
0.123
0.121
0.12
0.121
0.122
0.123
0.123
0.122
0.12
0.115
0.111
0.108
0.105
0.103
0.1
0.095
0.088
0.075
0.062
0.049
0.037
0.027
0.02
0.014
0.009
0.003
-0.002
-0.011
-0.024
-0.044
-0.065
-0.082
-0.095
-0.104
-0.109
-0.112
-0.115
-0.12
-0.122
-0.122
-0.12
-0.118
-0.115
-0.111
-0.107
-0.107
-0.111
-0.115
-0.119
-0.122
-0.125
-0.127
-0.126
-0.125
-0.122
-0.121
-0.12
-0.121
-0.122
-0.124
-0.126
-0.128
-0.128
-0.127
-0.126
-0.128
-0.131
-0.137
-0.142
-0.147
-0.15
-0.152
-0.151
-0.15
-0.15
-0.15
-0.152
-0.157
-0.164
-0.171
-0.176
-0.179
-0.181
-0.183
-0.186
-0.19
-0.195
-0.203
-0.211
-0.218
-0.223
-0.227
-0.23
-0.231
-0.232
-0.233
-0.237
-0.241
-0.244
-0.246
-0.244
-0.238
-0.229
-0.219
-0.21
-0.205
-0.199
-0.193
-0.187
-0.182
-0.178
-0.174
-0.171
-0.169
-0.168
-0.167
-0.167
-0.165
-0.16
-0.149
-0.129
-0.107
-0.085
-0.068
-0.067
-0.067
-0.064
-0.064
-0.078
-0.093
-0.108
-0.115
-0.122
-0.131
-0.119
-0.095
-0.074
-0.061
-0.051
-0.061
-0.098
-0.168
-0.279
-0.44
-0.639
-0.856
-1.049
-1.144
-1.142
-1.032
-0.822
-0.59
-0.397
-0.273
-0.207
-0.171
-0.148
-0.132
-0.118
-0.109
-0.104
-0.098
-0.088
-0.075
-0.066
-0.061
-0.056
-0.05
-0.045
-0.041
-0.038
-0.036
-0.035
-0.034
-0.031
-0.029
-0.027
-0.026
-0.025
-0.023
-0.022
-0.02
-0.019
-0.016
-0.008
0.001
0.015
0.03
0.046
0.061
0.071
0.078
0.084
0.09
0.095
0.098
0.097
0.092
0.084
0.076
0.067
0.059
0.05
0.043
0.038
0.032
0.023
0.012
0.0
-0.011
-0.022
-0.031
-0.035
-0.038
-0.04
-0.044
-0.048
-0.053
-0.06
-0.066
-0.073
-0.08
-0.09
-0.108
-0.124
-0.141
-0.158
-0.169
-0.176
-0.181
-0.186
-0.191
-0.192
-0.191
-0.188
-0.182
-0.175
-0.167
-0.16
-0.151
-0.135
-0.119
-0.106
-0.089
-0.069
-0.047
-0.026
-0.006
0.017
0.04
0.063
0.091
0.106
0.116
0.126
0.134
0.141
0.149
0.157
0.162
0.163
0.163
0.162
0.162
0.163
0.167
0.17
0.172
0.174
0.176
0.178
0.177
0.174
0.173
0.172
0.17
0.168
0.166
0.163
0.159
0.155
0.151
0.148
0.144
0.14
0.132
0.121
0.111
0.099
0.089
0.082
0.076
0.071
0.065
0.06
0.056
0.051
0.047
0.042
0.038
0.033
0.029
0.027
0.025
0.023
0.022
0.021
0.02
0.018
0.016
0.016
0.015
0.014
0.013
0.012
0.011
0.01
0.009
0.008
0.008
0.008
0.007
0.006
0.006
0.007
0.007
0.008
0.009
0.009
0.009
0.009
0.009
0.011
0.012
0.013
0.014
0.015
0.016
0.018
0.021
0.023
0.025
0.027
0.029
0.032
0.035
0.038
0.042
0.044
0.045
0.045
0.045
0.044
0.042
0.038
0.032
0.027
0.021
0.016
0.012
0.01
0.008
0.006
0.003
0.0
-0.002
-0.005
-0.009
-0.012
-0.016
-0.018
-0.021
-0.022
-0.022
-0.021
-0.018
-0.016
-0.014
-0.011
-0.01
-0.009
-0.008
-0.008
-0.008
-0.008
-0.008
-0.007
-0.002
0.001
-0.005
-0.015
-0.019
-0.021
-0.023
-0.023
-0.023
-0.023
-0.024
-0.025
-0.026
-0.027
-0.028
-0.028
-0.028
-0.029
-0.029
-0.03
-0.03
-0.029
-0.028
-0.028
-0.029
-0.03
-0.033
-0.035
-0.038
-0.041
-0.045
-0.05
-0.054
-0.058
-0.063
-0.066
-0.07
-0.074
-0.077
-0.08
-0.084
-0.088
-0.093
-0.1
-0.109
-0.119
-0.129
-0.14
-0.153
-0.169
-0.183
-0.196
-0.203
-0.209
-0.214
-0.218
-0.222
-0.224
-0.224
-0.221
-0.215
-0.207
-0.198
-0.189
-0.177
-0.159
-0.14
-0.123
-0.107
-0.097
-0.087
-0.078
-0.07
-0.063
-0.059
-0.058
-0.059
-0.06
-0.061
-0.061
-0.062
-0.063
-0.064
-0.064
-0.064
-0.063
-0.062
-0.061
-0.062
-0.062
-0.063
-0.064
-0.065
-0.068
-0.071
-0.075
-0.081
-0.086
-0.091
-0.103
-0.139
-0.218
-0.338
-0.508
-0.718
-0.94
-1.12
-1.165
-1.143
-0.979
-0.733
-0.48
-0.286
-0.177
-0.138
-0.121
-0.106
-0.084
-0.053
-0.02
-0.011
-0.009
-0.007
-0.005
-0.003
-0.002
-0.001
0.0
0.002
0.004
0.006
