0.216
0.244
0.261
0.273
0.28
0.273
0.253
0.221
0.178
0.138
0.1
0.082
0.075
0.069
0.064
0.059
0.053
0.047
0.042
0.038
0.033
0.027
0.018
-0.002
-0.04
-0.064
-0.08
-0.086
-0.081
-0.068
-0.031
0.019
0.093
0.184
0.279
0.362
0.416
0.437
0.438
0.424
0.384
0.335
0.283
0.221
0.151
0.083
0.022
-0.01
-0.028
-0.04
-0.047
-0.051
-0.053
-0.056
-0.058
-0.06
-0.062
-0.064
-0.065
-0.066
-0.067
-0.069
-0.07
-0.069
-0.068
-0.068
-0.068
-0.07
-0.072
-0.075
-0.077
-0.078
-0.079
-0.079
-0.079
-0.079
-0.079
-0.079
-0.079
-0.079
-0.08
-0.08
-0.081
-0.082
-0.083
-0.083
-0.081
-0.077
-0.073
-0.069
-0.066
-0.064
-0.062
-0.059
-0.056
-0.054
-0.051
-0.049
-0.047
-0.045
-0.042
-0.037
-0.032
-0.02
0.006
0.025
0.035
0.045
0.056
0.067
0.075
0.083
0.09
0.096
0.101
0.105
0.107
0.11
0.112
0.116
0.12
0.123
0.126
0.126
0.125
0.121
0.116
0.108
0.097
0.079
0.061
0.042
0.023
0.003
-0.023
-0.057
-0.09
-0.122
-0.152
-0.181
-0.206
-0.224
-0.241
-0.248
-0.252
-0.254
-0.256
-0.257
-0.258
-0.258
-0.259
-0.26
-0.262
-0.264
-0.266
-0.268
-0.271
-0.273
-0.275
-0.277
-0.278
-0.279
-0.28
-0.282
-0.284
-0.286
-0.288
-0.29
-0.292
-0.294
-0.295
-0.295
-0.295
-0.294
-0.294
-0.293
-0.292
-0.291
-0.289
-0.288
-0.286
-0.285
-0.284
-0.284
-0.284
-0.284
-0.286
-0.29
-0.295
-0.3
-0.305
-0.311
-0.317
-0.328
-0.337
-0.341
-0.344
-0.346
-0.347
-0.348
-0.35
-0.352
-0.353
-0.353
-0.353
-0.353
-0.353
-0.353
-0.353
-0.353
-0.353
-0.353
-0.352
-0.351
-0.348
-0.345
-0.342
-0.339
-0.335
-0.332
-0.328
-0.326
-0.323
-0.322
-0.321
-0.32
-0.318
-0.315
-0.312
-0.309
-0.306
-0.303
-0.299
-0.297
-0.296
-0.295
-0.295
-0.295
-0.295
-0.296
-0.296
-0.296
-0.296
-0.295
-0.294
-0.293
-0.293
-0.293
-0.292
-0.291
-0.289
-0.287
-0.285
-0.283
-0.28
-0.275
-0.27
-0.264
-0.259
-0.255
-0.252
-0.249
-0.245
-0.24
-0.236
-0.232
-0.229
-0.226
-0.223
-0.22
-0.218
-0.216
-0.215
-0.214
-0.213
-0.213
-0.212
-0.212
-0.212
-0.211
-0.209
-0.207
-0.204
-0.201
-0.197
-0.193
-0.189
-0.184
-0.178
-0.171
-0.161
-0.145
-0.132
-0.124
-0.117
-0.112
-0.109
-0.11
-0.115
-0.122
-0.129
-0.135
-0.142
-0.149
-0.154
-0.154
-0.15
-0.142
-0.132
-0.118
-0.098
-0.079
-0.065
-0.054
-0.046
-0.041
-0.037
-0.035
-0.034
-0.033
-0.032
-0.031
-0.029
-0.027
-0.025
-0.021
-0.017
-0.013
-0.009
-0.004
0.0
0.006
0.014
0.023
0.032
0.039
0.043
0.048
0.053
0.059
0.066
0.073
0.08
0.087
0.092
0.098
0.104
0.106
0.102
0.092
0.08
0.067
0.05
0.041
0.044
0.052
0.072
0.127
0.195
0.275
0.383
0.518
0.65
0.748
0.802
0.823
0.824
0.806
0.757
0.703
0.645
0.579
0.508
0.451
0.422
0.402
0.389
0.377
0.366
0.358
0.351
0.345
0.342
0.342
0.345
0.352
0.36
0.371
0.389
0.405
0.413
0.417
0.421
0.425
0.428
0.429
0.43
0.43
0.431
0.431
0.432
0.433
0.434
0.435
0.437
0.438
0.44
0.441
0.441
0.441
0.441
0.441
0.441
0.443
0.45
0.455
0.445
0.428
0.418
0.41
0.403
0.397
0.393
0.392
0.393
0.394
0.397
0.399
0.402
0.405
0.409
0.412
0.417
0.421
0.426
0.431
0.436
0.443
0.454
0.471
0.489
0.499
0.508
0.514
0.519
0.519
0.516
0.51
0.502
0.493
0.48
0.47
0.461
0.446
0.422
0.402
0.386
0.368
0.343
0.312
0.282
0.249
0.212
0.179
0.148
0.121
0.098
0.071
0.051
0.041
0.031
0.022
0.013
0.0
-0.016
-0.039
-0.054
-0.064
-0.072
-0.078
-0.084
-0.088
-0.091
-0.094
-0.097
-0.101
-0.105
-0.111
-0.116
-0.122
-0.13
-0.141
-0.14
-0.126
-0.119
-0.114
-0.11
-0.106
-0.103
-0.102
-0.102
-0.101
-0.101
-0.1
-0.1
-0.101
-0.103
-0.105
-0.106
-0.104
-0.099
-0.095
-0.092
-0.089
-0.086
-0.083
-0.079
-0.077
-0.077
-0.079
-0.081
-0.085
-0.089
-0.094
-0.1
-0.105
-0.11
-0.112
-0.114
-0.115
-0.116
-0.118
-0.119
-0.121
-0.122
-0.123
-0.124
-0.125
-0.126
-0.128
-0.129
-0.131
-0.132
-0.133
-0.134
-0.135
-0.137
-0.139
-0.141
-0.144
-0.146
-0.148
-0.15
-0.153
-0.156
-0.159
-0.161
-0.163
-0.165
-0.166
-0.167
-0.168
-0.168
-0.169
-0.17
-0.17
-0.171
-0.172
-0.171
-0.17
-0.168
-0.166
-0.164
-0.162
-0.159
-0.156
-0.153
-0.15
-0.149
-0.147
-0.145
-0.141
-0.135
-0.13
-0.126
-0.126
-0.129
-0.133
-0.137
-0.14
-0.143
-0.146
-0.15
-0.154
-0.157
-0.16
-0.162
-0.165
-0.166
-0.166
-0.165
-0.163
-0.16
-0.156
-0.153
-0.15
-0.147
-0.144
-0.142
-0.141
-0.139
-0.137
-0.136
-0.134
-0.133
-0.131
-0.131
-0.13
-0.13
-0.13
-0.13
-0.13
-0.13
-0.13
-0.128
-0.126
-0.123
-0.121
-0.118
-0.116
-0.113
-0.112
-0.11
-0.107
-0.103
-0.096
-0.088
-0.082
-0.082
-0.085
-0.09
-0.094
-0.097
-0.101
-0.107
-0.113
-0.116
-0.116
-0.115
-0.114
-0.113
-0.112
-0.112
-0.111
-0.111
-0.109
-0.108
-0.106
-0.104
-0.102
-0.1
-0.099
-0.098
-0.096
-0.093
-0.088
-0.081
-0.068
-0.057
-0.046
-0.039
-0.033
-0.028
-0.022
-0.017
-0.013
-0.008
-0.004
0.0
0.004
0.008
0.012
0.017
0.021
0.025
0.028
0.029
0.028
0.025
0.022
0.018
0.014
0.009
0.004
0.0
-0.005
-0.01
-0.013
-0.015
-0.016
-0.017
-0.018
-0.017
-0.015
-0.013
-0.008
-0.002
-0.02
-0.038
-0.051
-0.06
-0.06
-0.054
-0.041
-0.005
0.05
0.128
0.227
0.342
0.466
0.584
0.666
0.693
0.669
0.596
0.462
0.313
0.184
0.106
0.071
0.054
0.043
0.036
0.034
0.036
0.041
0.048
0.054
0.04
0.031
0.026
0.022
0.019
0.017
0.015
0.012
0.009
0.005
0.003
0.002
0.002
0.002
0.001
0.0
0.0
-0.002
-0.006
-0.009
-0.012
-0.013
-0.012
-0.01
-0.006
-0.003
0.0
0.007
0.012
0.015
0.014
0.011
0.007
0.003
0.0
-0.001
-0.001
0.0
0.004
0.007
0.01
0.014
0.018
0.024
0.029
0.033
0.037
0.042
0.05
0.064
0.085
0.099
0.109
0.117
0.126
0.134
0.141
0.148
0.159
0.177
0.191
0.206
0.221
0.237
0.248
0.257
0.264
0.264
0.257
0.246
0.235
0.221
0.208
0.193
0.177
0.161
0.149
0.14
0.126
0.102
0.072
0.043
0.015
-0.013
-0.041
-0.073
-0.093
-0.103
-0.11
-0.117
-0.122
-0.127
-0.131
-0.136
-0.141
-0.146
-0.152
-0.158
-0.163
-0.167
-0.168
-0.169
-0.171
-0.173
-0.174
-0.175
-0.177
-0.178
-0.179
-0.18
-0.18
-0.18
-0.178
-0.176
-0.173
-0.17
-0.167
-0.164
-0.16
-0.157
-0.154
-0.151
-0.148
-0.146
-0.143
-0.14
-0.136
-0.132
-0.128
-0.125
-0.122
-0.12
-0.119
-0.118
-0.116
-0.115
-0.113
-0.113
-0.111
-0.11
-0.108
-0.105
-0.103
-0.1
-0.097
-0.095
-0.093
-0.09
-0.087
-0.085
-0.084
-0.082
-0.08
-0.078
-0.075
-0.072
-0.068
-0.065
-0.062
-0.06
-0.057
-0.054
-0.052
-0.05
-0.049
-0.048
-0.047
-0.046
-0.046
-0.045
-0.043
-0.042
-0.042
-0.042
-0.041
-0.04
-0.039
-0.038
-0.037
-0.036
-0.036
-0.035
-0.034
-0.032
-0.03
-0.028
-0.026
-0.024
-0.021
-0.018
-0.013
-0.006
0.0
0.004
0.004
0.001
-0.003
-0.009
-0.015
-0.024
-0.033
-0.039
-0.043
-0.045
-0.048
-0.051
-0.054
-0.057
-0.057
-0.053
-0.049
-0.044
-0.04
-0.038
-0.037
-0.034
-0.032
-0.031
-0.03
-0.03
-0.03
-0.029
-0.028
-0.025
-0.022
-0.02
-0.018
-0.015
-0.012
-0.009
-0.006
-0.003
0.0
0.002
0.007
0.017
0.027
0.035
0.035
0.031
0.025
0.018
0.011
0.003
-0.003
-0.009
-0.014
-0.017
-0.019
-0.022
-0.025
-0.027
-0.029
-0.031
-0.032
-0.032
-0.032
-0.031
-0.03
-0.028
-0.025
-0.021
-0.017
-0.014
-0.011
-0.008
-0.006
-0.004
-0.001
0.001
0.004
0.005
0.007
0.01
0.013
0.016
0.018
0.019
0.021
0.022
0.023
0.025
0.026
0.027
0.028
0.029
0.031
0.033
0.035
0.037
0.038
0.039
0.041
0.042
0.044
0.046
0.047
0.049
0.05
0.053
0.054
0.055
0.055
0.054
0.052
0.051
0.05
0.047
0.044
0.041
0.038
0.034
0.03
0.026
0.021
0.016
0.01
0.004
0.0
-0.005
-0.011
-0.017
-0.024
-0.031
-0.039
-0.046
-0.051
-0.055
-0.058
-0.063
-0.069
-0.081
-0.101
-0.119
-0.136
-0.137
-0.126
-0.097
-0.012
0.1
0.226
0.351
0.468
0.563
0.613
0.615
0.577
0.48
0.357
0.238
0.14
0.072
0.035
0.012
-0.001
-0.01
-0.017
-0.023
-0.025
-0.028
-0.03
-0.032
-0.034
-0.036
-0.038
-0.038
-0.038
-0.038
-0.037
-0.036
-0.035
-0.034
-0.033
-0.031
-0.03
-0.029
-0.028
-0.027
-0.026
-0.024
-0.022
-0.017
-0.012
-0.01
-0.012
-0.016
-0.021
-0.026
-0.032
-0.037
-0.04
-0.039
-0.034
-0.026
-0.011
0.015
0.038
0.055
0.073
0.082
0.086
0.09
0.093
0.095
0.097
0.099
0.102
0.104
0.106
0.107
0.109
0.112
0.116
0.12
0.13
0.152
0.175
0.197
0.22
0.248
0.267
0.275
0.282
0.287
0.291
0.295
0.297
0.3
0.302
0.305
0.308
0.314
0.318
0.32
0.315
0.304
0.288
0.26
0.221
0.188
0.157
0.128
0.095
0.065
0.043
0.019
0.008
0.001
-0.003
-0.007
-0.011
-0.014
-0.016
-0.018
-0.02
-0.022
-0.024
-0.026
-0.027
-0.029
-0.031
-0.033
-0.033
-0.034
-0.034
-0.034
-0.035
-0.035
-0.035
-0.034
-0.033
-0.032
-0.032
-0.031
-0.03
-0.03
-0.03
-0.03
-0.03
-0.03
-0.03
-0.029
-0.028
-0.027
-0.026
-0.025
-0.023
-0.021
-0.019
-0.017
-0.016
-0.015
-0.015
-0.013
-0.011
-0.009
-0.007
-0.006
-0.003
0.0
0.002
0.005
0.007
0.009
0.011
0.011
0.012
0.011
0.011
0.009
0.008
0.008
0.008
0.007
0.005
0.003
0.003
0.012
0.022
0.031
0.04
0.047
0.047
0.038
0.027
0.019
0.009
0.0
-0.003
-0.006
-0.007
-0.008
-0.009
-0.011
-0.013
-0.014
-0.014
-0.014
-0.014
-0.014
-0.016
-0.017
-0.017
-0.017
-0.018
-0.02
-0.022
-0.025
-0.027
-0.029
-0.03
-0.031
-0.033
-0.036
-0.038
-0.039
-0.04
-0.04
-0.042
-0.044
-0.046
-0.047
-0.048
-0.048
-0.047
-0.048
-0.048
-0.048
-0.047
-0.045
-0.044
-0.044
-0.045
-0.046
-0.047
-0.048
-0.047
-0.047
-0.047
-0.047
-0.047
-0.046
-0.045
-0.044
-0.044
-0.045
-0.046
-0.048
-0.05
-0.051
-0.053
-0.054
-0.056
-0.057
-0.058
-0.059
-0.06
-0.063
-0.07
-0.079
-0.084
-0.082
-0.076
-0.071
-0.069
-0.068
-0.066
-0.065
-0.063
-0.061
-0.059
-0.057
-0.055
-0.053
-0.051
-0.05
-0.048
-0.047
-0.046
-0.046
-0.045
-0.045
-0.044
-0.043
-0.042
-0.04
-0.038
-0.035
-0.032
-0.028
-0.025
-0.021
-0.018
-0.015
-0.013
-0.01
-0.007
-0.005
-0.004
-0.001
0.004
0.01
0.015
0.017
0.016
0.014
0.013
0.012
0.011
0.008
0.003
0.0
-0.002
0.0
0.006
0.014
0.023
0.031
0.04
0.05
0.06
0.07
0.078
0.085
0.09
0.095
0.101
0.106
0.109
0.11
0.109
0.106
0.103
0.1
0.096
0.092
0.087
0.082
0.077
0.073
0.068
0.063
0.058
0.053
0.047
0.04
0.029
0.011
-0.001
-0.012
-0.02
-0.025
-0.029
-0.035
-0.043
-0.051
-0.061
-0.071
-0.083
-0.1
-0.109
-0.101
-0.078
-0.013
0.08
0.198
0.321
0.44
0.54
0.587
0.603
0.583
0.522
0.436
0.356
0.288
0.225
0.182
0.134
0.085
0.031
-0.003
-0.012
-0.016
-0.018
-0.02
-0.021
-0.023
-0.025
-0.027
-0.029
-0.031
-0.032
-0.033
-0.032
-0.031
-0.031
-0.031
-0.032
-0.032
-0.032
-0.034
-0.037
-0.04
-0.04
-0.033
-0.025
-0.022
-0.02
-0.018
-0.016
-0.014
-0.011
-0.007
-0.004
0.0
0.002
0.005
0.008
0.012
0.015
0.018
0.021
0.024
0.028
0.032
0.037
0.043
0.049
0.055
0.06
0.065
0.07
0.074
0.078
0.082
0.087
0.093
0.101
0.11
0.118
0.126
0.134
0.145
0.161
0.185
0.211
0.223
0.231
0.238
0.244
0.248
0.251
0.252
0.253
0.252
0.25
0.247
0.242
0.234
0.225
0.214
0.199
0.168
0.141
0.114
0.086
0.05
0.025
0.009
-0.003
-0.015
-0.027
-0.036
-0.045
-0.054
-0.063
-0.072
-0.081
-0.09
-0.1
-0.107
-0.111
-0.115
-0.118
-0.121
-0.125
-0.128
-0.13
-0.131
-0.132
-0.132
-0.133
-0.133
-0.133
-0.131
-0.13
-0.128
-0.128
-0.128
-0.128
-0.128
-0.128
-0.126
-0.124
-0.123
-0.12
-0.117
-0.113
-0.11
-0.106
-0.103
-0.101
-0.099
-0.096
-0.093
-0.091
-0.089
-0.088
-0.087
-0.086
-0.085
-0.082
-0.08
-0.077
-0.073
-0.07
-0.066
-0.062
-0.058
-0.054
-0.051
-0.049
-0.047
-0.047
-0.046
-0.046
-0.045
-0.044
-0.043
-0.042
-0.04
-0.037
-0.033
-0.03
-0.027
-0.025
-0.024
-0.024
-0.026
-0.029
-0.032
-0.037
-0.042
-0.046
-0.05
-0.053
-0.054
-0.055
-0.056
-0.056
-0.057
-0.057
-0.058
-0.058
-0.059
-0.06
-0.06
-0.061
-0.062
-0.061
-0.06
-0.059
-0.057
-0.055
-0.053
-0.052
-0.051
-0.051
-0.051
-0.051
-0.051
-0.052
-0.053
-0.053
-0.054
-0.053
-0.052
-0.05
-0.049
-0.048
-0.048
-0.047
-0.046
-0.045
-0.043
-0.043
-0.043
-0.043
-0.042
-0.04
-0.038
-0.037
-0.035
-0.035
-0.034
-0.033
-0.032
-0.031
-0.03
-0.03
-0.031
-0.031
-0.031
-0.03
-0.03
-0.031
-0.032
-0.033
-0.034
-0.033
-0.032
-0.031
-0.03
-0.03
-0.028
-0.026
-0.023
-0.021
-0.018
-0.016
-0.014
-0.012
-0.009
-0.005
-0.001
0.001
0.003
0.005
0.007
0.009
0.01
0.011
0.012
0.012
0.012
0.013
0.015
0.016
0.018
0.02
0.021
0.024
0.026
0.029
0.031
0.031
0.032
0.032
0.032
0.033
0.035
0.038
0.039
0.041
0.043
0.045
0.047
0.05
0.052
0.054
0.056
0.057
0.058
0.06
0.062
0.063
0.065
0.067
0.069
0.072
0.074
0.077
0.08
0.083
0.086
0.089
0.091
0.093
0.095
0.095
0.096
0.097
0.098
0.1
0.103
0.107
0.112
0.115
0.115
0.112
0.105
0.096
0.088
0.08
0.072
0.064
0.054
0.045
0.037
0.03
0.022
0.011
-0.013
-0.051
-0.074
-0.09
-0.089
-0.073
-0.031
0.048
0.162
