-0.697
-0.699
-0.699
-0.696
-0.692
-0.688
-0.683
-0.676
-0.664
-0.663
-0.673
-0.679
-0.684
-0.689
-0.692
-0.693
-0.692
-0.689
-0.686
-0.681
-0.675
-0.667
-0.654
-0.641
-0.625
-0.599
-0.568
-0.546
-0.528
-0.508
-0.487
-0.468
-0.451
-0.441
-0.435
-0.429
-0.425
-0.423
-0.422
-0.421
-0.421
-0.422
-0.425
-0.428
-0.432
-0.438
-0.444
-0.45
-0.455
-0.46
-0.465
-0.47
-0.476
-0.481
-0.486
-0.492
-0.498
-0.504
-0.508
-0.51
-0.507
-0.502
-0.496
-0.491
-0.487
-0.482
-0.476
-0.471
-0.466
-0.463
-0.461
-0.459
-0.456
-0.454
-0.452
-0.45
-0.448
-0.445
-0.44
-0.434
-0.424
-0.411
-0.393
-0.371
-0.355
-0.34
-0.325
-0.312
-0.294
-0.264
-0.239
-0.225
-0.214
-0.204
-0.196
-0.184
-0.168
-0.147
-0.128
-0.112
-0.097
-0.084
-0.073
-0.062
-0.054
-0.055
-0.062
-0.073
-0.085
-0.103
-0.118
-0.127
-0.132
-0.137
-0.141
-0.145
-0.147
-0.146
-0.143
-0.139
-0.133
-0.128
-0.123
-0.117
-0.11
-0.103
-0.095
-0.086
-0.073
-0.049
-0.013
0.043
0.111
0.204
0.322
0.455
0.583
0.684
0.729
0.743
0.719
0.647
0.537
0.413
0.276
0.127
-0.018
-0.145
-0.241
-0.299
-0.319
-0.328
-0.327
-0.319
-0.307
-0.287
-0.258
-0.213
-0.167
-0.12
-0.089
-0.069
-0.059
-0.052
-0.047
-0.045
-0.046
-0.048
-0.051
-0.054
-0.056
-0.059
-0.065
-0.072
-0.075
-0.071
-0.06
-0.05
-0.044
-0.039
-0.034
-0.029
-0.024
-0.019
-0.014
-0.009
-0.006
-0.003
0.0
0.002
0.005
0.007
0.012
0.02
0.03
0.038
0.045
0.054
0.066
0.084
0.104
0.133
0.156
0.164
0.169
0.172
0.171
0.163
0.15
0.136
0.12
0.106
0.094
0.078
0.059
0.04
0.018
-0.012
-0.037
-0.053
-0.065
-0.076
-0.081
-0.085
-0.087
-0.088
-0.089
-0.09
-0.092
-0.094
-0.095
-0.097
-0.099
-0.099
-0.099
-0.098
-0.098
-0.099
-0.1
-0.101
-0.104
-0.106
-0.105
-0.099
-0.09
-0.08
-0.065
-0.048
-0.034
-0.022
-0.015
-0.014
-0.017
-0.021
-0.024
-0.027
-0.03
-0.033
-0.035
-0.038
-0.041
-0.043
-0.045
-0.047
-0.047
-0.048
-0.049
-0.052
-0.055
-0.058
-0.061
-0.063
-0.065
-0.069
-0.074
-0.078
-0.083
-0.089
-0.097
-0.106
-0.115
-0.125
-0.135
-0.147
-0.16
-0.169
-0.174
-0.176
-0.178
-0.179
-0.181
-0.182
-0.184
-0.185
-0.184
-0.182
-0.179
-0.175
-0.169
-0.157
-0.134
-0.092
-0.032
0.039
0.124
0.231
0.364
0.511
0.656
0.784
0.854
0.852
0.769
0.589
0.35
0.096
-0.115
-0.273
-0.382
-0.449
-0.482
-0.506
-0.522
-0.511
-0.48
-0.43
-0.383
-0.335
-0.3
-0.277
-0.266
-0.258
-0.252
-0.248
-0.244
-0.241
-0.239
-0.237
-0.234
-0.23
-0.227
-0.223
-0.219
-0.213
-0.206
-0.197
-0.182
-0.161
-0.142
-0.124
-0.105
-0.087
-0.062
-0.032
-0.003
0.025
0.053
0.079
0.104
0.135
0.172
0.209
0.239
0.26
0.276
0.286
0.293
0.299
0.303
0.306
0.308
0.31
0.312
0.316
0.318
0.317
0.311
0.302
0.287
0.261
0.232
0.203
0.182
0.169
0.156
0.144
0.125
0.098
0.076
0.059
0.042
0.029
0.017
0.01
0.006
0.004
0.002
0.0
0.0
-0.001
0.0
0.003
0.007
0.01
0.012
0.015
0.019
0.022
0.025
0.027
0.03
0.031
0.031
0.031
0.03
0.028
0.026
0.023
0.02
0.016
0.011
0.006
0.001
-0.005
-0.02
-0.033
-0.046
-0.061
-0.079
-0.094
-0.104
-0.11
-0.115
-0.119
-0.123
-0.128
-0.132
-0.138
-0.144
-0.151
-0.159
-0.164
-0.164
-0.163
-0.16
-0.157
-0.155
-0.154
-0.153
-0.152
-0.149
-0.147
-0.143
-0.14
-0.136
-0.131
-0.125
-0.111
-0.082
-0.052
-0.023
-0.001
0.016
0.034
0.059
0.095
0.116
0.126
0.133
0.138
0.143
0.148
0.151
0.154
0.16
0.171
0.198
0.258
0.335
0.434
0.558
0.701
0.854
0.996
1.105
1.133
1.118
1.011
0.825
0.583
0.325
0.075
-0.138
-0.291
-0.332
-0.345
-0.328
-0.308
-0.291
-0.274
-0.252
-0.22
-0.159
-0.085
-0.016
0.025
0.037
0.043
0.048
0.056
0.064
0.072
0.084
0.11
0.15
0.186
0.217
0.242
0.27
0.291
0.303
0.313
0.323
0.333
0.346
0.362
0.375
0.383
0.388
0.392
0.397
0.403
0.408
0.414
0.422
0.433
0.451
0.465
0.471
0.475
0.478
0.481
0.484
0.486
0.488
0.489
0.489
0.489
0.488
0.486
0.483
0.48
0.476
0.469
0.462
0.453
0.433
0.417
0.396
0.373
0.356
0.342
0.317
0.304
0.298
0.292
0.288
0.283
0.28
0.277
0.274
0.27
0.267
0.263
0.26
0.258
0.257
0.257
0.256
0.255
0.254
0.252
0.25
0.247
0.245
0.242
0.238
0.234
0.231
0.229
0.225
0.221
0.216
0.209
0.197
0.172
0.146
0.134
0.127
0.121
