-1.18
-1.398
-1.626
-1.86
-2.058
-2.156
-2.158
-2.116
-2.089
-2.066
-2.048
-2.035
-2.023
-2.009
-1.995
-1.978
-1.957
-1.942
-1.931
-1.91
-1.884
-1.868
-1.859
-1.847
-1.831
-1.818
-1.807
-1.797
-1.787
-1.776
-1.766
-1.757
-1.747
-1.736
-1.725
-1.716
-1.707
-1.699
-1.691
-1.683
-1.675
-1.666
-1.654
-1.643
-1.631
-1.617
-1.602
-1.585
-1.571
-1.559
-1.547
-1.536
-1.524
-1.512
-1.501
-1.489
-1.477
-1.465
-1.453
-1.439
-1.43
-1.422
-1.415
-1.409
-1.403
-1.397
-1.391
-1.384
-1.373
-1.362
-1.348
-1.335
-1.322
-1.311
-1.302
-1.296
-1.293
-1.29
-1.288
-1.285
-1.282
-1.279
-1.275
-1.271
-1.267
-1.262
-1.257
-1.25
-1.241
-1.231
-1.222
-1.213
-1.205
-1.195
-1.185
-1.174
-1.164
-1.154
-1.145
-1.136
-1.128
-1.121
-1.114
-1.107
-1.099
-1.088
-1.077
-1.066
-1.053
-1.037
-1.02
-1.005
-0.993
-0.979
-0.965
-0.957
-0.952
-0.948
-0.945
-0.943
-0.94
-0.938
-0.935
-0.932
-0.929
-0.926
-0.923
-0.921
-0.918
-0.916
-0.913
-0.91
-0.908
-0.905
-0.902
-0.899
-0.896
-0.893
-0.889
-0.886
-0.883
-0.88
-0.877
-0.874
-0.87
-0.864
-0.855
-0.845
-0.836
-0.827
-0.814
-0.797
-0.782
-0.766
-0.75
-0.735
-0.716
-0.692
-0.668
-0.643
-0.617
-0.589
-0.56
-0.532
-0.506
-0.482
-0.459
-0.436
-0.414
-0.391
-0.367
-0.344
-0.321
-0.295
-0.267
-0.238
-0.207
-0.179
-0.152
-0.127
-0.104
-0.08
-0.056
-0.032
-0.014
0.0
0.016
0.037
0.063
0.084
0.1
0.116
0.132
0.149
0.171
0.187
0.2
0.211
0.223
0.233
0.242
0.249
0.255
0.26
0.264
0.267
0.27
0.273
0.274
0.276
0.279
0.281
0.283
0.285
0.287
0.289
0.291
0.292
0.294
0.294
0.294
0.294
0.294
0.293
0.291
0.29
0.288
0.286
0.283
0.281
0.278
0.274
0.271
0.267
0.262
0.257
0.251
0.246
0.241
0.237
0.234
0.231
0.228
0.226
0.224
0.222
0.22
0.217
0.215
0.213
0.211
0.21
0.21
0.211
0.214
0.219
0.224
0.23
0.236
0.241
0.248
0.255
0.262
0.268
0.274
0.279
0.285
0.29
0.297
0.305
0.313
0.322
0.33
0.338
0.344
0.349
0.354
0.359
0.362
0.365
0.368
0.369
0.369
0.368
0.365
0.361
0.357
0.353
0.348
0.344
0.339
0.335
0.33
0.324
0.318
0.312
0.306
0.301
0.297
0.294
0.29
0.286
0.283
0.278
0.271
0.263
0.256
0.248
0.24
0.231
0.225
0.225
0.233
0.246
0.267
0.297
0.344
0.397
0.453
0.493
0.508
0.507
0.491
0.445
0.388
0.328
0.267
0.207
0.15
0.127
0.121
0.117
0.114
0.113
0.112
0.111
0.11
0.109
0.107
0.105
0.103
0.101
0.099
0.097
0.093
0.09
0.086
0.083
0.08
0.077
0.075
0.072
0.069
0.067
0.065
0.063
0.061
0.06
0.06
0.062
0.064
0.068
0.072
0.077
0.081
0.086
0.09
0.095
0.098
0.102
0.105
0.108
0.111
0.114
0.117
0.119
0.122
0.124
0.127
0.129
0.131
0.133
0.134
0.137
0.139
0.142
0.144
0.147
0.15
0.152
0.154
0.157
0.16
0.163
0.167
0.17
0.174
0.178
0.181
0.184
0.186
0.188
0.188
0.187
0.185
0.183
0.18
0.176
0.173
0.169
0.165
0.16
0.155
0.148
0.132
0.118
0.107
0.095
0.084
0.071
0.058
0.047
0.038
0.031
0.024
0.016
0.009
0.004
0.0
-0.002
-0.006
-0.009
-0.012
-0.016
-0.02
-0.024
-0.028
-0.031
-0.035
-0.038
-0.041
-0.044
-0.047
-0.051
-0.054
-0.058
-0.061
-0.065
-0.069
-0.072
-0.075
-0.078
-0.081
-0.084
-0.087
-0.09
-0.093
-0.096
-0.1
-0.102
-0.105
-0.106
-0.106
-0.105
-0.103
-0.1
-0.096
-0.09
-0.084
-0.078
-0.071
-0.06
-0.05
-0.043
-0.038
-0.034
-0.032
-0.031
-0.031
-0.031
-0.03
-0.029
-0.028
-0.026
-0.024
-0.021
-0.019
-0.017
-0.014
-0.01
-0.006
-0.001
0.012
0.045
0.059
0.064
0.068
0.072
0.075
0.077
0.08
0.081
0.083
0.085
0.087
0.09
0.092
0.094
0.096
0.099
0.101
0.104
0.106
0.109
0.112
0.115
0.119
0.122
0.125
0.128
0.132
0.135
0.138
0.141
0.143
0.146
0.147
0.148
0.147
0.147
0.145
0.143
0.141
0.139
0.136
0.133
0.129
0.126
0.121
0.116
0.107
0.084
0.064
0.047
0.033
0.019
0.005
0.0
-0.004
-0.007
-0.009
-0.011
-0.013
-0.014
-0.015
-0.016
-0.017
-0.018
-0.018
-0.019
-0.019
-0.019
-0.018
-0.017
-0.017
-0.016
-0.016
-0.017
-0.017
-0.018
-0.019
-0.019
-0.02
-0.021
-0.021
-0.022
-0.022
-0.023
-0.023
-0.023
-0.025
-0.027
-0.029
-0.03
-0.028
-0.023
-0.017
-0.011
-0.007
-0.004
-0.001
0.001
0.003
0.005
0.006
0.007
0.008
0.007
0.007
0.007
0.007
0.007
0.007
0.008
0.008
0.009
0.01
0.011
0.012
0.012
0.013
0.014
0.014
0.015
0.015
0.016
0.018
0.02
0.021
0.023
0.024
0.025
0.025
0.024
0.022
0.019
0.015
0.01
0.005
0.0
-0.003
-0.007
-0.01
-0.014
-0.017
-0.02
-0.022
-0.024
-0.025
-0.026
-0.025
-0.025
-0.023
-0.021
-0.018
-0.015
-0.011
-0.005
0.006
0.034
0.063
0.095
0.154
0.226
0.303
0.377
0.431
0.448
0.434
0.389
0.283
0.147
0.013
-0.087
-0.117
-0.114
-0.073
-0.015
0.002
0.005
0.007
0.009
0.01
0.01
0.01
0.009
0.006
0.003
0.0
-0.002
-0.005
-0.008
-0.011
-0.013
-0.015
-0.016
-0.017
-0.017
-0.017
-0.016
-0.014
-0.011
-0.007
-0.003
0.001
0.006
0.01
0.014
0.019
0.025
0.03
0.036
0.041
0.046
0.051
0.056
0.06
0.064
0.067
0.069
0.071
0.073
0.075
0.077
0.078
0.08
0.081
0.083
0.085
0.086
0.087
0.088
0.089
0.089
0.09
0.09
0.091
0.092
0.093
0.094
0.095
0.096
0.098
0.099
0.099
0.1
0.101
0.104
0.108
0.11
0.111
0.11
0.105
0.097
0.088
0.068
0.04
0.018
-0.007
-0.028
-0.042
-0.054
-0.065
-0.073
-0.079
-0.084
-0.09
-0.096
-0.102
-0.109
-0.117
-0.126
-0.135
-0.144
-0.153
-0.162
-0.171
-0.18
-0.19
-0.2
-0.21
-0.22
-0.23
-0.24
-0.251
-0.261
-0.272
-0.28
-0.287
-0.292
-0.296
-0.299
-0.302
-0.306
-0.308
-0.309
-0.308
-0.305
-0.3
-0.294
-0.286
-0.277
-0.263
-0.249
-0.237
-0.228
-0.22
-0.213
-0.206
-0.199
-0.193
-0.189
-0.186
-0.183
-0.181
-0.178
-0.176
-0.173
-0.171
-0.169
-0.167
-0.164
-0.162
-0.159
-0.156
-0.153
-0.15
-0.147
-0.144
-0.142
-0.139
-0.136
-0.132
-0.128
-0.125
-0.121
-0.117
-0.113
-0.109
-0.106
-0.102
-0.098
-0.094
-0.089
-0.084
-0.08
-0.075
-0.071
-0.067
-0.063
-0.06
-0.057
-0.053
-0.05
-0.045
-0.041
-0.036
-0.031
-0.027
-0.022
-0.018
-0.013
-0.008
-0.002
0.005
0.013
0.022
0.029
0.038
0.045
0.05
0.053
0.056
0.058
0.06
0.062
0.065
0.067
0.069
0.072
0.074
0.075
0.077
0.079
0.081
0.085
0.089
0.095
0.103
0.109
0.114
0.119
0.123
0.126
0.129
0.133
0.136
0.138
0.139
0.139
0.138
0.135
0.131
0.126
0.12
0.115
0.11
0.106
0.104
0.101
0.098
0.095
0.093
0.09
0.087
0.086
0.085
0.084
0.084
0.084
0.084
0.085
0.085
0.085
0.085
0.085
0.085
0.084
0.085
0.085
0.086
0.087
0.09
0.092
0.095
0.098
0.101
0.104
0.108
0.112
0.117
0.128
0.14
0.148
0.155
0.161
0.166
0.17
0.173
0.176
0.179
0.183
0.188
0.192
0.197
0.202
0.207
0.212
0.217
0.222
0.226
0.23
0.232
0.231
0.229
0.225
0.22
0.214
0.209
0.203
0.199
0.196
0.192
0.188
0.185
0.182
0.18
0.178
0.177
0.175
0.176
0.177
0.178
0.18
0.182
0.184
0.187
0.191
0.195
0.201
0.23
0.274
0.333
0.404
0.481
0.56
0.629
0.666
0.664
0.616
0.508
0.367
0.227
0.123
0.095
0.085
0.109
0.151
0.187
0.197
0.201
0.205
0.209
0.214
0.217
0.218
0.219
0.219
0.219
0.22
0.221
0.221
0.222
0.222
0.222
0.221
0.221
0.221
0.222
0.221
0.222
0.223
0.225
0.227
0.229
0.23
0.232
0.233
0.234
0.234
0.235
0.235
0.235
0.235
0.235
0.235
0.234
0.234
0.233
0.232
0.232
0.232
0.233
0.235
0.237
0.24
0.243
0.246
0.249
0.253
0.257
0.261
0.265
0.272
0.278
0.285
0.291
0.297
0.303
0.308
0.313
0.317
0.322
0.326
0.329
0.333
0.335
0.337
0.338
0.338
0.337
0.334
0.331
0.327
0.323
0.318
0.313
0.308
0.301
0.294
0.287
0.28
0.274
0.267
0.26
0.254
0.247
0.24
0.233
0.228
0.223
0.218
0.211
0.201
0.185
0.17
0.151
0.123
0.099
0.081
0.063
0.04
0.011
-0.012
-0.03
-0.049
-0.068
-0.087
-0.104
-0.119
-0.131
-0.144
-0.158
-0.166
-0.173
-0.179
-0.184
-0.189
-0.193
-0.197
-0.202
-0.208
-0.217
-0.23
-0.241
-0.252
-0.261
-0.268
-0.275
-0.284
-0.292
-0.299
-0.305
-0.311
-0.317
-0.323
-0.328
-0.332
-0.336
-0.34
-0.345
-0.353
-0.365
-0.379
-0.396
-0.411
-0.424
-0.436
-0.445
-0.452
-0.46
-0.469
-0.479
-0.491
-0.504
-0.516
-0.527
-0.537
-0.545
-0.552
-0.555
-0.558
-0.56
-0.562
-0.563
-0.564
-0.564
-0.565
-0.566
-0.567
-0.569
-0.571
-0.573
-0.574
-0.576
-0.578
-0.579
-0.581
-0.583
-0.586
-0.588
-0.59
-0.59
-0.589
-0.588
-0.586
-0.584
-0.583
-0.581
-0.581
-0.58
-0.58
-0.579
-0.578
-0.576
-0.574
-0.572
-0.57
-0.568
-0.565
-0.563
-0.559
-0.556
-0.551
-0.542
-0.53
-0.518
-0.506
-0.496
-0.487
-0.478
-0.469
-0.461
-0.454
-0.445
-0.435
-0.425
-0.416
-0.407
-0.395
-0.383
-0.371
-0.36
-0.347
-0.334
-0.321
-0.307
-0.291
-0.272
-0.251
-0.229
-0.206
-0.187
-0.163
-0.133
-0.11
-0.096
-0.082
-0.069
-0.054
-0.037
-0.021
-0.004
0.013
0.031
0.047
0.064
0.083
0.099
0.113
0.125
0.138
0.149
0.158
0.166
0.177
0.187
0.196
0.206
0.216
0.227
0.239
0.251
0.265
0.279
0.294
0.305
0.314
0.321
0.329
0.335
0.342
0.348
0.354
0.36
0.366
0.374
0.385
0.396
0.406
0.418
0.429
0.438
0.441
0.441
0.441
0.44
0.438
0.437
0.435
0.434
0.432
0.429
0.428
0.428
0.427
0.425
0.423
0.422
0.42
0.418
0.418
0.417
0.416
0.414
0.412
0.412
0.41
0.406
0.401
0.399
0.401
0.412
0.431
0.48
0.544
0.62
0.701
0.779
0.805
0.794
0.76
0.646
0.499
0.354
0.244
0.209
0.213
0.254
0.277
0.282
0.284
0.287
0.29
0.293
0.296
0.298
0.297
0.295
0.291
0.288
0.285
0.282
0.28
0.277
0.275
0.274
0.272
0.27
0.267
0.263
0.259
0.255
0.251
0.247
0.244
0.24
0.237
0.235
0.232
0.23
0.228
0.226
0.224
0.223
0.222
0.222
0.222
0.223
0.224
0.225
0.224
0.224
0.224
0.223
0.224
0.224
0.225
0.225
0.225
0.225
0.224
0.222
0.22
0.217
0.216
0.215
0.214
0.213
0.212
0.209
0.206
0.203
0.199
0.197
0.195
0.194
0.193
0.193
0.193
0.192
0.191
0.189
0.187
0.185
0.182
0.179
0.177
0.172
0.167
0.161
0.153
0.143
0.127
0.111
0.097
0.085
0.074
0.065
0.057
0.05
0.041
0.032
0.024
0.016
0.007
0.0
-0.008
-0.015
-0.024
-0.032
-0.037
-0.043
-0.05
-0.057
-0.064
-0.069
-0.074
-0.078
-0.081
-0.083
-0.086
-0.089
-0.091
-0.094
-0.096
-0.099
-0.102
-0.1
-0.096
-0.092
-0.086
-0.079
-0.073
-0.067
-0.061
-0.056
-0.053
-0.051
-0.05
-0.049
-0.049
-0.048
-0.046
-0.044
-0.041
-0.038
-0.033
-0.028
-0.021
-0.014
-0.008
-0.001
0.005
0.012
0.017
0.022
0.027
0.033
0.039
0.043
0.046
0.048
0.05
0.051
0.051
0.051
0.052
0.055
0.057
0.059
0.06
0.059
0.06
0.063
0.065
0.066
0.068
0.071
0.074
