-0.033
-0.043
-0.052
-0.06
-0.068
-0.074
-0.08
-0.087
-0.096
-0.111
-0.116
-0.117
-0.118
-0.118
-0.118
-0.118
-0.117
-0.118
-0.118
-0.118
-0.118
-0.118
-0.118
-0.116
-0.115
-0.113
-0.11
-0.108
-0.105
-0.103
-0.1
-0.098
-0.096
-0.094
-0.093
-0.092
-0.091
-0.09
-0.088
-0.087
-0.086
-0.084
-0.083
-0.082
-0.08
-0.079
-0.078
-0.077
-0.077
-0.076
-0.075
-0.075
-0.075
-0.075
-0.075
-0.075
-0.076
-0.077
-0.078
-0.079
-0.08
-0.081
-0.082
-0.083
-0.084
-0.085
-0.085
-0.086
-0.086
-0.085
-0.084
-0.083
-0.081
-0.079
-0.076
-0.073
-0.07
-0.066
-0.063
-0.059
-0.056
-0.052
-0.048
-0.045
-0.041
-0.037
-0.033
-0.029
-0.026
-0.023
-0.021
-0.019
-0.018
-0.017
-0.017
-0.016
-0.016
-0.016
-0.016
-0.016
-0.016
-0.015
-0.015
-0.014
-0.014
-0.014
-0.013
-0.013
-0.012
-0.012
-0.011
-0.01
-0.01
-0.009
-0.009
-0.008
-0.008
-0.008
-0.007
-0.007
-0.007
-0.008
-0.008
-0.008
-0.008
-0.007
-0.007
-0.006
-0.006
-0.005
-0.004
-0.003
-0.002
0.0
0.0
0.002
0.004
0.006
0.008
0.009
0.011
0.013
0.015
0.017
0.019
0.021
0.024
0.027
0.03
0.034
0.038
0.042
0.046
0.049
0.052
0.054
0.056
0.057
0.059
0.06
0.061
0.062
0.063
0.064
0.065
0.066
0.067
0.067
0.067
0.068
0.068
0.067
0.067
0.066
0.065
0.063
0.06
0.058
0.054
0.05
0.046
0.041
0.037
0.03
0.012
-0.007
-0.036
-0.066
-0.088
-0.102
-0.089
-0.052
0.042
0.18
0.34
0.495
0.615
0.667
0.685
0.672
0.63
0.552
0.446
0.32
0.194
0.094
0.061
0.051
0.045
0.038
0.028
0.019
0.011
0.008
0.005
0.003
0.001
0.0
0.0
0.0
-0.002
-0.005
-0.007
-0.009
-0.01
-0.011
-0.011
-0.011
-0.011
-0.011
-0.011
-0.011
-0.011
-0.012
-0.012
-0.012
-0.013
-0.013
-0.014
-0.014
-0.014
-0.013
-0.013
-0.013
-0.013
-0.013
-0.013
-0.013
-0.013
-0.014
-0.014
-0.015
-0.015
-0.016
-0.017
-0.018
-0.019
-0.021
-0.023
-0.025
-0.029
-0.033
-0.039
-0.045
-0.05
-0.053
-0.056
-0.058
-0.059
-0.061
-0.062
-0.064
-0.065
-0.067
-0.067
-0.067
-0.066
-0.064
-0.058
-0.052
-0.044
-0.037
-0.032
-0.028
-0.025
-0.022
-0.019
-0.017
-0.015
-0.013
-0.011
-0.009
-0.007
-0.006
-0.005
-0.004
-0.004
-0.003
-0.003
-0.003
