-0.128
-0.085
-0.033
0.026
0.101
0.195
0.326
0.448
0.524
0.588
0.619
0.629
0.634
0.635
0.632
0.624
0.613
0.601
0.585
0.571
0.559
0.548
0.54
0.532
0.524
0.516
0.507
0.49
0.461
0.441
0.43
0.421
0.412
0.405
0.398
0.393
0.387
0.381
0.375
0.369
0.362
0.345
0.317
0.298
0.286
0.275
0.263
0.252
0.241
0.228
0.212
0.196
0.181
0.168
0.158
0.146
0.129
0.106
0.076
0.039
0.009
-0.012
-0.027
-0.047
-0.07
-0.08
-0.086
-0.09
-0.093
-0.095
-0.095
-0.093
-0.089
-0.083
-0.076
-0.063
-0.035
-0.004
0.024
0.049
0.067
0.085
0.108
0.141
0.165
0.179
0.189
0.195
0.2
0.204
0.207
0.21
0.213
0.215
0.216
0.216
0.214
0.21
0.205
0.199
0.19
0.178
0.157
0.141
0.127
0.116
0.105
0.094
0.086
0.081
0.077
0.073
0.068
0.062
0.056
0.049
0.042
0.034
0.023
0.012
0.002
-0.005
-0.011
-0.015
-0.018
-0.022
-0.025
-0.029
-0.031
-0.034
-0.037
-0.039
-0.042
-0.044
-0.047
-0.05
-0.054
-0.06
-0.07
-0.081
-0.092
-0.103
-0.113
-0.123
-0.131
-0.138
-0.143
-0.147
-0.149
-0.152
-0.154
-0.156
-0.159
-0.163
-0.167
-0.171
-0.177
-0.183
-0.191
-0.202
-0.22
-0.232
-0.241
-0.245
-0.249
-0.252
-0.255
-0.257
-0.259
-0.261
-0.262
-0.264
-0.264
-0.264
-0.263
-0.261
-0.258
-0.254
-0.249
-0.245
-0.24
-0.236
-0.233
-0.229
-0.225
-0.219
-0.214
-0.209
-0.206
-0.203
-0.202
-0.2
-0.198
-0.197
-0.196
-0.195
-0.195
-0.194
-0.193
-0.191
-0.191
-0.191
-0.191
-0.19
-0.191
-0.193
-0.195
-0.2
-0.205
-0.212
-0.219
-0.227
-0.246
-0.276
-0.284
-0.287
-0.289
-0.291
-0.293
-0.293
-0.294
-0.294
-0.294
-0.294
-0.295
-0.296
-0.297
-0.298
-0.3
-0.301
-0.303
-0.305
-0.308
-0.311
-0.314
-0.318
-0.322
-0.326
-0.333
-0.341
-0.349
-0.352
-0.352
-0.349
-0.344
-0.337
-0.327
-0.31
-0.29
-0.27
-0.25
-0.23
-0.21
-0.19
-0.17
-0.162
-0.159
-0.156
-0.155
-0.153
-0.152
-0.152
-0.151
-0.149
-0.148
-0.146
-0.143
-0.142
-0.141
-0.141
-0.139
-0.137
-0.133
-0.129
-0.125
-0.12
-0.112
-0.095
-0.08
-0.066
-0.053
-0.04
-0.033
-0.04
-0.059
-0.114
-0.201
-0.314
-0.445
-0.586
-0.729
-0.861
-0.967
-1.022
-1.042
-1.021
-0.956
-0.842
-0.704
-0.555
-0.414
-0.287
-0.18
-0.091
-0.018
0.038
0.05
0.05
0.05
0.051
0.052
0.052
0.053
0.053
0.053
0.052
0.051
0.048
0.044
0.039
0.035
0.031
0.027
0.025
0.023
0.021
0.019
0.017
0.015
0.012
0.009
0.006
0.004
0.002
0.0
-0.002
-0.005
-0.008
-0.012
-0.019
-0.027
-0.038
-0.05
-0.06
-0.07
-0.08
-0.088
-0.095
-0.102
-0.112
-0.127
-0.142
-0.161
-0.186
-0.207
-0.222
-0.241
-0.25
-0.256
-0.261
-0.266
-0.269
-0.271
-0.272
-0.273
-0.273
-0.273
-0.271
-0.268
-0.265
-0.26
-0.254
-0.248
-0.233
-0.202
-0.178
-0.16
-0.145
-0.132
-0.122
-0.11
-0.094
-0.081
-0.069
-0.059
-0.051
-0.043
-0.033
-0.018
0.0
0.012
0.02
0.026
0.032
0.037
0.041
0.046
0.052
0.062
0.078
0.094
0.109
0.125
0.145
0.164
0.181
0.187
0.19
0.192
0.193
0.194
0.195
0.196
0.196
0.196
0.196
0.196
0.194
0.19
0.186
0.18
0.175
0.171
0.168
0.166
0.164
0.161
0.158
0.155
0.152
0.15
0.148
0.147
0.146
0.145
0.145
0.144
0.144
0.144
0.145
0.145
0.145
0.144
0.144
0.143
0.143
0.142
0.141
0.14
0.14
0.141
0.141
0.141
0.139
0.138
0.137
0.136
0.133
0.13
0.127
0.125
0.126
0.131
0.138
0.147
0.163
0.195
0.22
0.236
0.249
0.259
0.267
0.276
0.281
0.28
0.27
0.254
0.236
0.213
0.196
0.184
0.174
0.166
0.163
0.161
0.16
0.158
0.157
0.16
0.171
0.179
0.185
0.191
0.197
0.203
0.208
0.212
0.215
0.218
0.219
0.221
0.222
0.223
0.223
0.223
0.223
0.221
0.219
0.217
0.215
0.214
0.213
0.212
0.212
0.211
0.211
0.21
0.21
0.209
0.209
0.208
0.206
0.205
0.203
0.201
0.199
0.197
0.193
0.19
0.184
0.174
0.164
0.156
0.148
0.14
0.133
0.125
0.116
0.106
0.095
0.082
0.066
0.055
0.049
0.045
0.041
0.038
0.035
0.033
0.033
0.035
0.04
0.045
0.052
0.059
0.071
0.084
0.1
0.113
0.123
0.133
0.141
0.149
0.156
0.163
0.169
0.174
0.178
0.179
0.18
0.181
0.182
0.185
0.188
0.19
0.187
0.18
0.173
0.165
0.161
0.167
0.179
0.191
0.204
0.205
0.19
0.153
0.067
-0.058
-0.221
-0.411
-0.613
-0.802
-0.959
-1.062
-1.095
-1.09
-1.034
-0.929
-0.773
-0.575
-0.359
-0.156
0.014
0.134
0.185
0.204
0.204
0.188
0.165
0.137
0.126
0.122
0.119
0.116
0.114
0.112
0.11
0.108
0.108
0.108
0.108
0.109
0.11
0.112
0.113
0.113
0.114
0.114
0.113
0.111
0.11
0.11
0.109
0.108
0.106
0.105
0.103
0.101
0.098
0.093
0.083
0.071
0.062
0.053
0.045
0.038
0.031
0.023
0.014
0.004
-0.006
-0.02
-0.032
-0.044
-0.059
-0.077
-0.092
-0.104
-0.112
-0.12
-0.129
-0.137
-0.15
-0.165
-0.169
-0.172
-0.174
-0.171
-0.154
-0.135
-0.116
-0.102
-0.089
-0.075
-0.058
-0.046
-0.038
-0.031
-0.023
-0.015
-0.006
0.008
0.027
0.038
0.043
0.046
0.047
0.048
0.05
0.053
0.056
0.059
0.062
0.065
0.067
0.07
0.074
0.079
0.083
0.087
0.092
0.097
0.101
0.103
0.102
0.101
0.098
0.096
0.094
0.091
0.088
0.084
0.079
0.076
0.075
0.076
0.078
0.079
0.08
0.081
0.083
0.086
0.088
0.088
0.083
0.075
0.067
0.063
0.06
0.056
0.052
0.047
0.042
0.037
0.033
0.03
0.026
0.023
0.019
0.016
0.013
0.01
0.007
0.004
0.0
-0.003
-0.007
-0.011
-0.014
-0.017
-0.02
-0.023
-0.026
-0.028
-0.031
-0.034
-0.04
-0.045
-0.048
-0.044
-0.035
-0.027
-0.021
-0.017
-0.013
-0.008
-0.004
0.0
0.003
0.007
0.011
0.014
0.018
0.021
0.023
0.026
0.028
0.031
0.034
0.037
0.038
0.039
0.038
0.036
0.035
0.034
0.032
0.03
0.027
0.023
0.02
0.019
0.023
0.032
0.042
0.049
0.056
0.064
0.07
0.073
0.071
0.065
0.057
0.051
0.047
0.044
0.042
0.04
0.038
0.035
0.033
0.031
0.029
0.026
0.023
0.02
0.018
0.017
0.017
0.016
0.016
0.015
0.013
0.011
0.007
0.001
-0.01
-0.022
-0.035
-0.042
-0.048
-0.053
-0.057
-0.06
-0.064
-0.068
-0.072
-0.077
-0.08
-0.083
-0.085
-0.087
-0.089
-0.091
-0.093
-0.094
-0.096
-0.096
-0.097
-0.097
-0.098
-0.098
-0.099
-0.099
-0.099
-0.099
-0.1
-0.101
-0.102
-0.103
-0.103
-0.103
-0.103
-0.103
-0.103
-0.104
-0.105
-0.106
-0.107
-0.108
-0.108
-0.109
-0.11
-0.11
-0.109
-0.109
-0.11
-0.112
-0.114
-0.116
-0.118
-0.12
-0.122
-0.123
-0.125
-0.128
-0.134
-0.152
-0.226
-0.339
-0.487
-0.669
-0.876
-1.091
-1.292
-1.457
-1.563
-1.579
-1.554
-1.433
-1.256
-1.035
-0.793
-0.567
-0.389
-0.272
-0.206
-0.171
-0.136
-0.115
-0.11
-0.106
-0.105
-0.114
-0.13
-0.143
-0.156
-0.165
-0.171
-0.175
-0.178
-0.181
-0.185
-0.187
-0.19
-0.192
-0.195
-0.198
-0.201
-0.204
-0.208
-0.213
-0.22
-0.232
-0.243
-0.254
-0.262
-0.269
-0.276
-0.285
-0.295
-0.307
-0.32
-0.336
-0.347
-0.356
-0.362
-0.367
-0.371
-0.376
-0.381
-0.386
-0.393
-0.408
-0.434
-0.461
-0.488
-0.51
-0.527
-0.544
-0.558
-0.571
-0.579
-0.585
-0.59
-0.596
-0.6
-0.594
-0.582
-0.563
-0.536
-0.492
-0.45
-0.409
-0.363
-0.314
-0.285
-0.257
-0.232
-0.209
-0.182
-0.16
-0.148
-0.133
-0.115
-0.106
-0.098
-0.092
-0.087
-0.083
-0.08
-0.079
-0.077
-0.076
-0.075
-0.074
-0.073
-0.073
-0.072
-0.071
-0.07
-0.07
-0.069
-0.068
-0.067
-0.065
-0.063
-0.06
-0.057
-0.052
-0.046
-0.037
-0.018
-0.003
0.016
0.043
0.068
0.086
0.107
0.121
0.131
0.139
0.145
0.151
0.155
0.161
0.169
0.183
0.203
0.213
0.219
0.224
0.229
0.232
0.234
0.235
0.235
0.235
0.234
0.234
0.233
0.231
0.229
0.226
0.223
0.221
0.217
0.21
0.204
0.203
0.209
0.219
0.231
0.247
0.266
0.291
0.323
0.351
0.373
0.39
0.412
0.44
0.464
0.481
0.499
0.508
0.514
0.519
0.523
0.526
0.528
0.529
0.529
0.528
0.526
0.522
0.518
0.512
0.505
0.491
0.461
0.43
0.397
0.366
0.344
0.331
0.324
0.317
0.313
0.312
0.314
0.321
0.329
0.337
0.346
0.356
0.369
0.383
0.396
0.408
0.42
0.429
0.436
0.442
0.447
0.451
0.455
0.46
0.467
0.473
0.481
0.492
0.516
0.55
0.572
0.589
0.61
0.627
0.641
0.65
0.656
0.66
0.664
0.668
0.67
0.672
0.672
0.667
0.656
0.641
0.615
0.569
0.521
0.482
0.449
0.421
0.397
0.37
0.341
0.311
0.279
0.248
0.216
0.184
0.149
0.115
0.088
0.068
0.047
0.029
0.014
0.002
-0.008
-0.021
-0.037
-0.061
-0.075
-0.082
-0.088
-0.093
-0.097
-0.101
-0.105
-0.109
-0.112
-0.116
-0.12
-0.125
-0.132
-0.145
-0.158
-0.172
-0.186
-0.2
-0.214
-0.227
-0.24
-0.254
-0.267
-0.28
-0.289
-0.297
-0.304
-0.308
-0.309
-0.307
-0.303
-0.299
-0.292
-0.284
-0.302
-0.353
-0.451
-0.597
-0.785
-1.001
-1.219
-1.409
-1.539
-1.578
-1.57
-1.487
-1.337
-1.146
-0.93
-0.718
-0.538
-0.408
-0.344
-0.326
-0.314
-0.304
-0.297
-0.289
-0.274
-0.243
-0.207
-0.172
-0.143
-0.123
-0.108
-0.101
-0.096
-0.092
-0.088
-0.084
-0.079
-0.074
-0.068
-0.062
-0.056
-0.05
-0.045
-0.039
-0.033
-0.027
-0.023
-0.019
-0.017
-0.018
-0.02
-0.025
-0.03
-0.036
-0.042
-0.05
-0.062
-0.076
-0.089
-0.101
-0.111
-0.12
-0.128
-0.136
-0.142
-0.148
-0.156
-0.171
-0.201
-0.225
-0.24
-0.255
-0.268
-0.289
-0.318
-0.334
-0.342
-0.348
-0.354
-0.362
-0.369
-0.377
-0.385
-0.394
-0.402
-0.407
-0.407
-0.401
-0.392
-0.382
-0.37
-0.354
-0.337
-0.32
-0.304
-0.29
-0.276
-0.262
-0.248
-0.236
-0.226
-0.216
-0.206
-0.196
-0.186
-0.18
-0.175
-0.171
-0.167
-0.163
-0.159
-0.154
-0.148
-0.143
-0.138
-0.134
-0.129
-0.124
-0.12
-0.116
-0.112
-0.108
-0.102
-0.097
-0.091
-0.086
-0.082
-0.079
-0.077
-0.075
-0.074
-0.074
-0.074
-0.075
-0.075
-0.076
-0.075
-0.074
-0.071
-0.07
-0.069
-0.069
-0.07
-0.071
-0.074
-0.078
-0.083
-0.089
-0.096
-0.101
-0.105
-0.108
-0.111
-0.115
-0.118
-0.122
-0.126
-0.129
-0.132
-0.135
-0.139
-0.141
-0.143
-0.145
-0.146
-0.147
-0.148
-0.149
-0.15
-0.151
-0.153
-0.155
-0.158
-0.16
-0.162
-0.163
-0.164
-0.162
-0.159
-0.155
-0.149
-0.143
-0.136
-0.128
-0.122
-0.115
-0.108
-0.099
-0.09
-0.082
-0.075
-0.069
-0.064
-0.059
-0.053
-0.046
-0.037
-0.025
-0.014
-0.006
0.0
0.002
0.005
0.007
0.009
0.01
0.011
0.013
0.014
0.015
0.016
0.016
0.016
0.015
0.014
0.012
0.01
0.008
0.005
0.002
0.0
-0.003
-0.005
-0.009
-0.014
-0.019
-0.023
-0.028
-0.034
-0.042
-0.049
-0.054
-0.059
-0.062
-0.066
-0.07
-0.075
-0.08
-0.084
-0.086
-0.085
-0.082
-0.078
-0.075
-0.072
-0.068
-0.064
-0.061
-0.062
-0.069
-0.081
-0.093
-0.105
-0.119
-0.132
-0.14
-0.144
-0.146
-0.149
-0.151
-0.153
-0.154
-0.154
-0.148
-0.136
-0.123
-0.112
-0.102
-0.091
-0.083
-0.076
-0.071
-0.067
-0.064
-0.062
-0.06
-0.058
-0.056
-0.055
-0.055
-0.055
-0.054
-0.053
-0.052
-0.051
-0.05
-0.05
-0.051
-0.052
-0.052
-0.053
-0.054
-0.055
-0.057
-0.06
-0.063
-0.067
-0.071
-0.095
-0.18
-0.301
-0.46
-0.65
-0.852
-1.042
-1.195
-1.284
-1.294
-1.255
-1.125
-0.945
-0.735
-0.523
-0.34
-0.194
-0.086
-0.01
0.013
0.018
0.02
0.021
0.021
0.02
0.019
0.018
0.017
0.017
0.017
0.017
0.017
0.018
0.019
0.02
0.021
0.024
0.027
0.031
0.036
0.041
0.046
0.05
0.057
0.069
0.082
0.093
0.099
0.105
0.109
0.112
0.115
0.119
0.122
0.124
0.125
0.125
0.125
0.125
0.125
0.124
0.12
0.115
0.109
0.102
0.095
0.087
0.078
0.062
0.043
0.024
0.005
-0.01
-0.026
-0.04
-0.048
-0.051
-0.053
-0.053
-0.054
-0.055
-0.056
-0.051
-0.039
-0.029
-0.019
-0.007
0.005
0.023
0.053
0.093
0.121
0.143
0.168
0.192
0.215
0.241
0.255
0.264
0.272
0.277
0.282
0.287
0.292
0.297
0.302
0.307
0.311
0.314
0.316
0.319
0.322
0.324
0.327
0.329
0.33
0.332
0.333
0.334
0.335
0.336
0.337
0.338
0.34
0.342
0.345
0.348
0.351
0.354
0.358
0.363
0.367
0.371
0.374
0.377
0.379
0.381
0.383
0.386
0.389
0.391
0.395
0.399
0.402
0.406
0.41
0.413
0.416
0.418
0.42
0.422
0.423
0.424
0.424
0.424
0.424
0.424
0.424
0.424
0.423
0.421
0.419
0.417
0.414
0.412
0.409
0.405
0.4
0.394
0.387
0.377
0.352
0.333
0.318
0.304
0.289
0.27
0.247
0.235
0.226
0.219
0.213
0.209
0.205
0.201
0.196
0.192
0.188
0.184
0.18
0.176
0.171
0.164
0.151
0.136
0.122
0.107
0.094
0.082
0.07
0.057
0.043
0.03
0.017
0.005
-0.007
-0.019
-0.032
-0.044
-0.054
-0.063
-0.071
-0.079
-0.087
-0.095
-0.102
-0.109
-0.115
-0.121
-0.125
-0.129
-0.133
-0.137
-0.141
-0.146
-0.152
-0.159
-0.165
-0.172
-0.179
-0.186
-0.192
-0.197
-0.202
-0.206
-0.211
-0.215
-0.22
-0.225
-0.23
-0.234
-0.238
-0.242
-0.245
-0.248
-0.25
-0.252
-0.253
-0.253
-0.253
-0.252
-0.253
-0.254
-0.256
-0.258
-0.26
-0.262
-0.264
-0.264
-0.26
-0.254
-0.246
-0.237
-0.227
-0.218
-0.207
-0.196
-0.187
-0.183
-0.181
-0.18
-0.178
-0.177
-0.174
-0.172
-0.17
-0.17
-0.173
-0.176
-0.179
-0.181
-0.185
-0.188
-0.192
-0.195
-0.196
-0.195
-0.192
-0.188
-0.182
-0.176
-0.166
-0.16
-0.167
-0.19
-0.257
-0.358
-0.499
-0.678
-0.88
-1.087
-1.271
-1.41
-1.46
-1.452
-1.367
-1.224
-1.04
-0.837
-0.636
-0.459
-0.309
-0.196
-0.163
-0.157
-0.151
-0.147
-0.145
-0.143
-0.142
-0.141
-0.14
-0.14
-0.14
-0.14
-0.143
-0.147
-0.152
-0.156
-0.16
-0.165
-0.172
-0.179
-0.187
-0.201
-0.216
-0.232
-0.248
-0.267
-0.289
-0.303
-0.313
-0.318
-0.32
-0.323
-0.325
-0.326
-0.326
-0.327
-0.328
-0.33
-0.333
-0.336
-0.339
-0.341
-0.343
-0.346
-0.35
-0.354
-0.36
-0.365
-0.372
-0.379
-0.389
-0.4
-0.41
-0.419
-0.426
-0.43
-0.434
-0.438
-0.443
-0.447
-0.453
-0.458
-0.461
-0.463
-0.46
-0.453
-0.441
-0.426
-0.405
-0.372
-0.343
-0.313
-0.284
-0.252
-0.219
-0.187
-0.16
-0.137
-0.119
-0.099
-0.079
-0.064
-0.051
-0.04
-0.03
-0.021
-0.013
-0.006
-0.003
-0.001
0.0
0.003
0.004
0.006
0.007
0.008
0.009
0.009
0.009
0.009
0.009
0.009
0.009
0.009
0.008
0.007
0.006
0.005
0.005
0.004
0.003
0.002
0.001
0.001
0.001
0.001
0.002
0.003
0.003
0.004
0.005
0.005
0.006
0.007
0.008
0.009
0.01
0.011
0.013
0.014
0.016
0.017
0.017
0.017
0.017
0.016
0.016
0.015
0.014
0.013
0.012
0.011
0.01
0.011
0.011
0.012
0.013
0.014
0.016
0.018
0.019
0.021
0.023
0.025
0.027
0.028
0.03
0.032
0.034
0.038
0.049
0.062
0.072
0.075
0.076
0.077
0.078
0.079
0.079
0.079
0.079
0.084
0.094
0.105
0.111
0.116
0.121
0.126
0.13
0.134
0.138
0.141
0.142
0.141
0.139
0.136
0.133
0.129
0.124
0.119
0.114
0.109
0.106
0.105
0.104
0.103
0.101
0.099
0.097
0.096
0.095
0.094
0.092
0.091
0.09
0.089
0.089
0.089
0.09
0.09
0.09
0.09
0.09
0.09
0.09
0.088
0.086
0.083
0.08
0.076
0.073
0.07
0.066
0.063
0.06
0.058
0.056
0.053
0.047
0.04
0.031
0.024
0.02
0.019
0.019
0.019
0.021
0.022
0.024
0.025
0.027
0.028
0.03
0.032
0.034
0.036
0.036
0.037
0.038
0.039
0.041
0.042
0.044
0.046
0.048
0.05
0.053
0.056
0.059
0.061
0.063
0.067
0.072
0.077
0.082
0.084
0.084
0.083
0.079
0.075
0.071
0.065
0.055
0.049
0.053
0.065
0.076
0.09
0.089
0.069
0.015
-0.083
-0.224
-0.404
-0.609
-0.814
-0.989
-1.114
-1.155
-1.149
-1.079
-0.96
-0.814
-0.649
-0.467
-0.281
-0.112
0.018
0.077
0.097
0.104
0.097
0.085
0.08
0.077
0.075
0.073
0.071
0.068
0.066
0.063
0.06
0.057
0.056
0.055
0.056
0.057
0.058
0.059
0.061
0.063
0.065
0.067
0.069
0.071
0.072
0.073
0.073
0.074
0.075
0.076
0.077
0.078
0.081
0.083
0.085
0.087
0.088
0.085
0.081
0.074
0.066
0.058
0.05
0.039
0.027
0.016
0.003
-0.009
-0.021
-0.033
-0.044
-0.054
-0.062
-0.071
-0.083
-0.1
-0.119
-0.131
-0.14
-0.147
-0.152
-0.153
-0.15
-0.142
-0.13
-0.116
-0.095
-0.063
-0.041
-0.018
0.004
0.023
0.048
0.078
0.108
0.139
0.165
0.184
0.204
0.215
0.224
0.231
0.236
0.238
0.237
0.235
0.232
0.229
0.228
0.227
0.226
0.223
0.22
0.216
0.211
0.207
0.202
0.196
0.191
0.187
0.184
0.182
0.18
0.178
0.175
0.172
0.168
0.165
0.161
0.157
0.153
0.149
0.145
0.144
0.143
0.144
0.144
0.145
0.144
0.143
0.142
0.14
0.137
0.133
0.129
0.124
0.121
0.117
0.114
0.11
0.107
0.103
0.101
0.098
0.095
0.091
0.087
0.083
0.08
0.077
0.075
0.073
0.071
0.07
0.069
0.068
0.067
0.066
0.065
0.063
0.062
0.06
0.058
0.056
0.054
0.052
0.05
0.048
0.046
0.044
0.042
0.039
0.035
0.032
0.029
0.026
0.024
0.022
0.019
0.017
0.014
0.012
0.009
0.006
0.003
0.0
-0.004
-0.007
-0.009
-0.011
-0.013
-0.014
-0.016
-0.018
-0.02
-0.023
-0.026
-0.03
-0.035
-0.04
-0.044
-0.048
-0.051
-0.054
-0.056
-0.058
-0.06
-0.062
-0.064
-0.066
-0.069
-0.071
-0.071
-0.071
-0.069
-0.066
-0.062
-0.059
-0.056
-0.051
-0.045
-0.04
-0.038
-0.04
-0.045
-0.053
-0.061
-0.07
-0.08
-0.091
-0.1
-0.108
-0.116
-0.122
-0.129
-0.135
-0.139
-0.141
-0.14
-0.137
-0.131
-0.124
-0.116
-0.105
-0.086
-0.067
-0.058
-0.054
-0.05
-0.047
-0.045
-0.041
-0.038
-0.034
-0.031
-0.027
-0.024
-0.021
-0.018
-0.015
-0.011
-0.008
-0.004
0.0
0.007
0.014
0.02
0.026
0.029
0.032
0.036
0.04
0.047
0.06
0.076
0.092
0.106
0.107
0.096
0.069
0.005
-0.088
-0.216
-0.377
-0.56
-0.743
-0.9
-1.01
-1.051
-1.046
-0.983
-0.856
-0.685
-0.491
-0.303
-0.138
-0.008
0.08
0.127
0.141
0.15
0.155
0.156
0.154
0.15
0.145
0.139
0.135
0.132
0.129
0.126
0.122
0.118
0.114
0.11
0.107
0.105
0.103
0.101
0.098
0.094
0.087
0.072
0.061
0.055
0.051
0.049
0.046
0.044
0.04
0.037
0.035
0.033
0.03
0.025
0.019
0.007
-0.023
-0.044
-0.054
-0.062
-0.069
-0.075
-0.08
-0.085
-0.094
-0.108
-0.125
-0.143
-0.16
-0.18
-0.201
-0.22
-0.234
-0.242
-0.247
-0.251
-0.255
-0.257
-0.258
-0.259
-0.257
-0.254
-0.251
-0.245
-0.238
-0.223
-0.196
-0.173
-0.147
-0.124
-0.107
-0.089
-0.067
-0.036
-0.015
-0.003
0.006
0.017
0.026
0.037
0.05
0.063
0.078
0.085
0.09
0.095
0.1
0.103
0.106
0.109
0.111
0.112
0.112
0.111
0.109
0.105
0.101
0.096
0.091
0.086
0.082
0.078
0.075
0.072
0.069
0.067
0.065
0.063
0.06
0.057
0.055
0.052
0.05
0.048
0.046
0.044
0.043
0.042
0.041
0.041
0.041
0.039
0.037
0.034
0.031
0.027
0.022
0.015
0.006
-0.002
-0.011
-0.018
-0.021
-0.023
-0.025
-0.027
-0.029
-0.031
-0.032
-0.034
-0.035
-0.037
-0.039
-0.041
-0.042
-0.043
-0.043
-0.043
-0.043
-0.043
-0.043
-0.042
-0.04
-0.038
-0.037
-0.036
-0.036
-0.036
-0.035
-0.035
-0.034
-0.034
-0.033
-0.033
-0.032
-0.03
-0.029
-0.026
-0.025
-0.023
-0.022
-0.021
-0.022
-0.023
-0.025
-0.028
-0.032
-0.037
-0.042
-0.047
-0.056
-0.073
-0.084
-0.09
-0.093
-0.096
-0.097
-0.098
-0.099
-0.1
-0.1
-0.1
-0.099
-0.097
-0.094
-0.089
-0.083
-0.076
-0.062
-0.035
-0.011
0.013
0.036
0.052
0.064
0.07
0.074
0.078
0.081
0.082
0.082
0.079
0.073
0.065
0.059
0.053
0.047
0.041
0.034
0.027
0.021
0.015
0.01
0.005
0.0
-0.007
-0.017
-0.025
-0.028
-0.031
-0.033
-0.035
-0.037
-0.038
-0.039
-0.039
-0.039
-0.039
-0.038
-0.035
-0.032
-0.028
-0.024
-0.021
-0.018
-0.014
-0.009
-0.004
-0.001
-0.001
-0.003
-0.006
-0.01
-0.013
-0.017
-0.022
-0.028
-0.031
-0.029
-0.024
-0.016
-0.005
0.009
0.019
0.029
0.039
0.04
0.028
-0.006
-0.066
-0.164
-0.304
-0.482
-0.682
-0.881
-1.058
-1.193
-1.259
-1.261
-1.211
-1.087
-0.913
-0.707
-0.495
-0.303
-0.152
-0.053
-0.021
-0.015
-0.009
-0.005
-0.002
0.0
0.001
0.002
0.003
0.004
0.004
0.004
0.002
0.0
-0.004
-0.007
-0.01
-0.014
-0.018
