0.346
0.463
0.49
0.498
0.501
0.491
0.467
0.422
0.406
0.443
0.486
0.48
0.431
0.421
0.455
0.492
0.491
0.469
0.457
0.469
0.49
0.49
0.469
0.458
0.464
0.468
0.47
0.471
0.473
0.473
0.468
0.461
0.455
0.451
0.45
0.448
0.445
0.442
0.44
0.439
0.438
0.435
0.432
0.429
0.427
0.424
0.421
0.418
0.416
0.415
0.412
0.41
0.407
0.405
0.403
0.401
0.398
0.396
0.393
0.391
0.389
0.386
0.384
0.381
0.379
0.377
0.376
0.373
0.371
0.369
0.366
0.363
0.361
0.357
0.353
0.349
0.344
0.34
0.337
0.334
0.331
0.328
0.325
0.322
0.32
0.318
0.316
0.314
0.313
0.312
0.311
0.31
0.31
0.309
0.309
0.308
0.308
0.307
0.305
0.304
0.302
0.3
0.299
0.297
0.296
0.293
0.291
0.287
0.283
0.278
0.271
0.257
0.242
0.228
0.216
0.207
0.201
0.195
0.189
0.185
0.181
0.179
0.177
0.176
0.175
0.174
0.174
0.173
0.172
0.171
0.168
0.166
0.174
0.192
0.219
0.253
0.3
0.351
0.403
0.424
0.439
0.438
0.407
0.355
0.308
0.251
0.197
0.147
0.095
0.07
0.061
0.058
0.055
0.053
0.052
0.05
0.049
0.048
0.047
0.047
0.047
0.048
0.049
0.05
0.05
0.049
0.048
0.048
0.047
0.046
0.045
0.043
0.041
0.039
0.037
0.035
0.034
0.033
0.031
0.03
0.028
0.026
0.024
0.021
0.018
0.014
0.011
0.008
0.004
0.002
0.0
-0.001
-0.002
-0.002
-0.002
-0.001
0.0
0.001
0.003
0.005
0.007
0.009
0.011
0.013
0.016
0.018
0.022
0.025
0.03
0.035
0.041
0.048
0.054
0.059
0.063
0.067
0.071
0.075
0.078
0.082
0.087
0.093
0.097
0.099
0.098
0.093
0.086
0.079
0.073
0.068
0.062
0.055
0.049
0.042
0.035
0.029
0.022
0.015
0.008
0.0
-0.006
-0.011
-0.016
-0.02
-0.024
-0.026
-0.028
-0.03
-0.031
-0.032
-0.032
-0.033
-0.033
-0.034
-0.036
-0.037
-0.039
-0.041
-0.043
-0.045
-0.047
-0.048
-0.049
-0.05
-0.051
-0.052
-0.053
-0.054
-0.055
-0.055
-0.057
-0.059
-0.06
-0.061
-0.062
-0.063
-0.064
-0.065
-0.065
-0.065
-0.066
-0.067
-0.067
-0.068
-0.069
-0.07
-0.072
-0.073
-0.075
-0.076
-0.078
-0.079
-0.08
-0.081
-0.081
-0.082
-0.083
-0.084
-0.084
-0.084
-0.085
-0.085
-0.085
-0.085
-0.085
-0.084
-0.081
-0.078
-0.074
-0.07
-0.065
-0.06
-0.055
-0.051
-0.047
-0.044
-0.041
-0.038
-0.036
-0.034
-0.032
-0.03
-0.028
-0.026
-0.024
-0.023
-0.022
-0.022
-0.023
-0.023
-0.024
-0.024
-0.025
-0.026
-0.027
-0.028
-0.028
-0.029
-0.03
-0.03
-0.031
-0.031
-0.031
-0.031
-0.03
-0.03
-0.029
-0.028
-0.027
-0.026
-0.025
-0.024
-0.023
-0.022
-0.021
-0.02
-0.02
-0.019
-0.018
-0.017
-0.016
-0.015
-0.015
-0.014
-0.013
-0.013
-0.012
-0.012
-0.011
-0.011
-0.01
-0.01
-0.011
-0.011
-0.011
-0.012
-0.012
-0.011
-0.011
-0.01
-0.009
-0.008
-0.006
-0.005
-0.003
-0.002
0.0
0.0
0.001
0.003
0.004
0.006
0.009
0.013
0.018
0.022
0.024
0.022
0.016
0.009
0.001
-0.008
-0.023
-0.037
-0.05
-0.058
-0.063
-0.068
-0.072
-0.075
-0.079
-0.081
-0.083
-0.086
-0.087
-0.088
-0.089
-0.09
-0.091
-0.092
-0.095
-0.101
-0.104
-0.098
-0.084
-0.063
-0.032
0.017
0.067
0.131
0.185
0.23
0.246
0.245
0.231
0.192
0.141
0.084
0.022
-0.028
-0.086
-0.109
-0.119
-0.128
-0.125
-0.107
-0.091
-0.078
-0.068
-0.059
-0.052
-0.05
-0.048
-0.046
-0.044
-0.043
-0.042
-0.042
-0.041
-0.04
-0.04
-0.04
-0.04
-0.04
-0.041
-0.041
-0.042
-0.042
-0.043
-0.043
-0.043
-0.042
-0.041
-0.041
-0.04
-0.039
-0.038
-0.037
-0.036
-0.036
-0.036
-0.036
-0.037
-0.037
-0.037
-0.037
-0.037
-0.037
-0.036
-0.035
-0.033
-0.032
-0.03
-0.03
-0.028
-0.027
-0.026
-0.024
-0.021
-0.017
-0.006
0.005
0.018
0.03
0.038
0.043
0.049
0.054
0.058
0.062
0.064
0.066
0.068
0.069
0.069
0.068
0.068
0.067
0.064
0.062
0.059
0.055
0.051
0.047
0.041
0.027
0.013
-0.002
-0.016
-0.028
-0.04
-0.051
-0.062
-0.068
-0.072
-0.076
-0.079
-0.082
-0.085
-0.087
-0.09
-0.091
-0.093
-0.096
-0.097
-0.099
-0.1
-0.101
-0.101
-0.101
-0.101
-0.101
-0.101
-0.101
-0.101
-0.102
-0.102
-0.103
-0.103
-0.104
-0.105
-0.105
-0.106
-0.106
-0.106
-0.107
-0.107
-0.107
-0.107
-0.107
-0.108
-0.108
-0.108
-0.107
-0.107
-0.107
-0.106
-0.106
-0.105
-0.104
-0.103
-0.102
-0.101
-0.101
-0.1
-0.1
-0.1
-0.1
-0.1
-0.099
-0.1
-0.1
-0.101
-0.102
-0.103
-0.104
-0.105
-0.106
-0.108
-0.109
-0.11
-0.111
-0.112
-0.113
-0.113
-0.113
-0.113
-0.114
-0.114
-0.114
-0.115
-0.115
-0.116
-0.117
-0.119
-0.121
-0.124
-0.126
-0.128
-0.129
-0.13
-0.13
-0.13
-0.13
-0.128
-0.127
-0.126
-0.125
-0.124
-0.124
-0.124
-0.123
-0.123
-0.123
-0.122
-0.122
-0.121
-0.12
-0.119
-0.117
-0.116
-0.114
-0.113
-0.112
-0.11
-0.109
-0.108
-0.106
-0.105
-0.103
-0.102
-0.1
-0.098
-0.095
-0.092
-0.088
-0.082
-0.077
-0.073
-0.069
-0.066
-0.064
-0.061
-0.06
-0.058
-0.057
-0.056
-0.056
-0.055
-0.054
-0.054
-0.053
-0.052
-0.051
-0.05
-0.049
-0.048
-0.046
-0.044
-0.042
-0.04
-0.037
-0.035
-0.032
-0.028
-0.025
-0.021
-0.017
-0.012
-0.007
-0.003
0.0
0.0
-0.004
-0.009
-0.017
-0.024
-0.032
-0.039
-0.046
-0.053
-0.06
-0.066
-0.071
-0.074
-0.076
-0.078
-0.08
-0.082
-0.083
-0.084
-0.086
-0.088
-0.089
-0.09
-0.09
-0.09
-0.09
-0.088
-0.084
-0.079
-0.071
-0.061
-0.049
-0.024
0.019
0.084
0.159
0.241
0.331
0.392
0.413
0.396
0.342
0.245
0.113
-0.003
-0.056
-0.073
-0.053
-0.02
0.012
0.023
0.025
0.029
0.031
0.034
0.036
0.038
0.04
0.042
0.043
0.043
0.043
0.042
0.042
0.042
0.041
0.04
0.039
0.037
0.036
0.035
0.034
0.034
0.033
0.032
0.031
0.03
0.03
0.029
0.029
0.028
0.028
0.027
0.027
0.026
0.025
0.024
0.024
0.023
0.022
0.022
0.021
0.021
0.02
0.02
0.021
0.022
0.024
0.026
0.029
0.033
0.037
0.041
0.045
0.05
0.055
0.06
0.066
0.072
0.077
0.082
0.084
0.087
0.088
0.09
0.092
0.093
0.094
0.096
0.098
0.101
0.102
0.103
0.101
0.097
0.091
0.084
0.075
0.064
0.046
0.031
0.018
0.006
-0.006
-0.02
-0.034
-0.043
-0.049
-0.055
-0.059
-0.063
-0.067
-0.069
-0.072
-0.074
-0.076
-0.078
-0.079
-0.081
-0.081
-0.082
-0.083
-0.084
-0.086
-0.086
-0.087
-0.088
-0.088
-0.089
-0.088
-0.088
-0.088
-0.087
-0.087
-0.086
-0.084
-0.081
-0.079
-0.077
-0.074
-0.072
-0.07
-0.069
-0.067
-0.065
-0.064
-0.063
-0.062
-0.062
-0.061
-0.06
-0.059
-0.058
-0.056
-0.055
-0.054
-0.053
-0.052
-0.052
-0.051
-0.051
-0.051
-0.051
-0.051
-0.052
-0.052
-0.053
-0.053
-0.054
-0.055
-0.057
-0.058
-0.06
-0.061
-0.063
-0.064
-0.066
-0.067
-0.069
-0.07
-0.072
-0.073
-0.074
-0.076
-0.077
-0.079
-0.08
-0.08
-0.081
-0.082
-0.082
-0.082
-0.082
-0.081
-0.081
-0.081
-0.081
-0.082
-0.082
-0.083
-0.083
-0.083
-0.084
-0.084
-0.085
-0.086
-0.086
-0.086
-0.086
-0.086
-0.086
-0.086
-0.086
-0.086
-0.086
-0.086
-0.085
-0.086
-0.085
-0.085
-0.084
-0.083
-0.083
-0.082
-0.081
-0.08
-0.078
-0.076
-0.074
-0.071
-0.069
-0.066
-0.063
-0.058
-0.054
-0.049
-0.045
-0.043
-0.041
-0.039
-0.037
-0.036
-0.035
-0.033
-0.032
-0.031
-0.029
-0.028
-0.026
-0.025
-0.023
-0.022
-0.021
-0.019
-0.018
-0.017
-0.015
-0.014
-0.012
-0.01
-0.007
-0.005
-0.002
0.001
0.005
0.009
0.013
0.017
0.02
0.022
0.024
0.024
0.023
0.022
0.02
0.018
0.015
0.012
0.01
0.007
0.005
0.002
0.0
-0.003
-0.007
-0.01
-0.013
-0.015
-0.015
-0.013
-0.01
-0.006
-0.001
0.003
0.007
0.013
0.019
0.026
0.034
0.042
0.051
0.063
0.088
0.127
0.185
0.25
0.32
0.399
0.444
0.46
0.44
0.38
0.271
0.128
0.009
-0.055
-0.077
-0.061
-0.035
-0.01
-0.003
-0.001
0.0
0.001
0.002
0.003
0.004
0.006
0.007
0.008
0.009
0.01
0.01
0.011
0.012
0.013
0.013
0.014
0.015
0.016
0.017
0.019
0.02
0.022
0.023
0.025
0.026
0.028
0.03
0.033
0.036
0.04
0.043
0.046
0.051
0.055
0.061
0.065
0.07
0.073
0.077
0.08
0.083
0.086
0.089
0.092
0.095
0.097
0.1
0.103
0.104
0.106
0.108
0.11
0.112
0.114
0.117
0.12
0.124
0.131
0.138
0.144
0.147
0.15
0.152
0.154
0.156
0.157
0.159
0.161
0.161
0.162
0.161
0.16
0.157
0.153
0.148
0.141
0.128
0.103
0.085
0.071
0.056
0.041
0.026
0.013
0.004
-0.001
-0.006
-0.01
-0.013
-0.016
-0.019
-0.021
-0.023
-0.024
-0.024
-0.025
-0.025
-0.025
-0.026
-0.027
-0.028
-0.03
-0.031
-0.033
-0.035
-0.036
-0.038
-0.039
-0.041
-0.042
-0.044
-0.047
-0.05
-0.053
-0.056
-0.059
-0.061
-0.062
-0.062
-0.061
-0.06
-0.057
-0.054
-0.048
-0.026
0.027
0.081
0.145
0.195
0.213
0.222
0.215
0.193
0.184
0.177
0.171
0.165
0.161
0.157
0.155
0.152
0.149
0.147
0.145
0.142
0.14
0.138
0.136
0.133
0.131
0.128
0.125
0.121
0.117
0.112
0.108
0.105
0.101
0.097
0.092
0.085
0.079
0.073
0.068
0.066
0.064
0.064
0.063
0.062
0.063
0.063
0.063
0.062
0.062
0.062
0.061
0.06
0.058
0.056
0.055
0.053
0.051
0.049
0.047
0.045
0.043
0.041
0.039
0.036
0.033
0.03
0.027
0.024
0.021
0.018
0.016
0.014
0.012
0.011
0.011
0.011
0.012
0.012
0.012
0.013
0.013
0.014
0.014
0.014
0.015
0.015
0.015
0.015
0.015
0.016
0.016
0.016
0.017
0.017
0.018
0.019
0.02
0.02
0.021
0.021
0.021
0.022
0.023
0.023
0.024
0.025
0.026
0.027
0.029
0.031
0.032
0.03
0.025
0.019
0.015
0.01
0.005
0.0
-0.004
-0.009
-0.013
-0.018
-0.022
-0.026
-0.03
-0.033
-0.035
-0.037
-0.039
-0.04
-0.042
-0.043
-0.045
-0.046
-0.047
-0.047
-0.047
-0.048
-0.048
-0.049
-0.051
-0.043
-0.018
0.013
0.051
0.108
0.161
0.229
0.294
0.337
0.343
0.33
0.268
0.164
0.033
-0.075
-0.167
-0.198
-0.197
-0.163
-0.115
-0.092
-0.082
-0.075
-0.07
-0.067
-0.063
-0.06
-0.057
-0.053
-0.051
-0.051
-0.052
-0.053
-0.054
-0.055
-0.056
-0.056
-0.056
-0.057
-0.057
-0.056
-0.055
-0.054
-0.052
-0.05
-0.046
-0.043
-0.037
-0.031
-0.026
-0.021
-0.016
-0.01
-0.005
-0.002
0.0
0.002
0.004
0.007
0.009
0.011
0.013
0.014
0.016
0.019
0.021
0.024
0.027
0.03
0.034
0.038
0.042
0.048
0.053
0.058
0.063
0.068
0.074
0.079
0.084
0.09
0.096
0.102
0.107
0.11
0.114
0.116
0.119
0.122
0.123
0.124
0.123
0.121
0.117
0.113
0.107
0.096
0.088
0.078
0.064
0.049
0.034
0.021
0.012
0.002
-0.006
-0.015
-0.023
-0.026
-0.029
-0.03
-0.032
-0.033
-0.034
-0.036
-0.036
-0.037
-0.037
-0.038
-0.038
-0.038
-0.038
-0.038
-0.038
-0.039
-0.039
-0.042
-0.041
-0.034
-0.031
-0.029
-0.028
-0.026
-0.025
-0.024
-0.023
-0.022
-0.022
-0.021
-0.021
-0.021
-0.021
-0.021
-0.021
-0.021
-0.021
-0.021
-0.022
-0.023
-0.024
-0.024
-0.025
-0.026
-0.026
-0.027
-0.028
-0.028
-0.028
-0.028
-0.028
-0.028
-0.028
-0.029
-0.029
-0.03
-0.031
-0.032
-0.033
-0.034
-0.036
-0.037
-0.038
-0.038
-0.039
-0.04
-0.042
-0.043
-0.044
-0.045
-0.044
-0.044
-0.044
-0.043
-0.043
-0.043
-0.042
-0.041
-0.041
-0.04
-0.04
-0.039
-0.039
-0.039
-0.04
-0.042
-0.044
-0.046
-0.048
-0.05
-0.052
-0.054
-0.056
-0.057
-0.058
-0.058
-0.058
-0.057
-0.057
-0.057
-0.058
-0.058
-0.057
-0.054
-0.049
-0.047
-0.045
-0.043
-0.042
-0.04
-0.039
-0.038
-0.038
-0.039
-0.04
-0.042
-0.043
-0.045
-0.046
-0.048
-0.049
-0.051
-0.052
-0.053
-0.054
-0.055
-0.056
-0.057
-0.057
-0.057
-0.057
-0.056
-0.056
-0.055
-0.055
-0.055
-0.054
-0.053
-0.052
-0.051
-0.049
-0.044
-0.036
-0.03
-0.026
-0.023
-0.021
-0.019
-0.018
-0.017
-0.017
-0.016
-0.015
-0.014
-0.014
-0.016
-0.019
-0.024
-0.031
-0.039
-0.041
-0.043
-0.044
-0.045
-0.045
-0.043
-0.04
-0.037
-0.034
-0.032
-0.031
-0.031
-0.033
-0.034
-0.036
-0.038
-0.04
-0.04
-0.037
-0.031
-0.023
-0.008
0.017
0.053
0.093
0.152
0.201
0.262
0.309
0.325
0.308
0.259
0.164
0.053
-0.066
-0.139
-0.174
-0.172
-0.129
-0.093
-0.07
-0.062
-0.063
-0.07
-0.074
-0.077
-0.079
-0.081
-0.082
-0.082
-0.083
-0.083
-0.082
-0.081
-0.08
-0.08
-0.079
-0.077
-0.076
-0.075
-0.075
-0.073
-0.072
-0.071
-0.07
-0.069
-0.067
-0.066
-0.065
-0.064
-0.063
-0.061
-0.059
-0.057
-0.052
-0.048
-0.045
-0.043
-0.04
-0.036
-0.031
-0.026
-0.019
-0.012
-0.005
0.0
0.006
0.012
0.019
0.024
0.027
0.03
0.033
0.036
0.039
0.041
0.044
0.048
0.053
0.058
0.063
0.068
0.073
0.081
0.091
0.097
0.102
0.105
0.107
0.109
0.109
0.11
0.112
0.114
0.106
0.096
0.088
0.079
0.07
0.061
0.048
0.037
0.029
0.022
0.016
0.011
0.007
0.001
-0.003
-0.008
-0.014
-0.021
-0.03
-0.039
-0.044
-0.047
-0.05
-0.052
-0.053
-0.053
-0.052
-0.05
-0.047
-0.044
-0.041
-0.039
-0.038
-0.036
-0.034
-0.033
-0.031
-0.029
-0.028
-0.027
-0.026
-0.026
-0.026
-0.027
-0.027
-0.028
-0.03
-0.031
-0.033
-0.034
-0.036
-0.037
-0.038
-0.039
-0.04
-0.041
-0.042
-0.042
-0.042
-0.042
-0.042
-0.042
-0.042
-0.042
-0.043
-0.042
-0.043
-0.043
-0.043
-0.044
-0.044
-0.045
-0.045
-0.045
-0.046
-0.047
-0.048
-0.049
-0.05
-0.051
-0.053
-0.055
-0.056
-0.058
-0.06
-0.062
-0.064
-0.065
-0.067
-0.068
-0.069
-0.069
-0.069
-0.069
-0.069
-0.068
-0.068
-0.067
-0.066
-0.065
-0.063
-0.062
-0.06
-0.059
-0.058
-0.056
-0.055
-0.054
-0.053
-0.053
-0.052
-0.052
-0.051
-0.05
-0.05
-0.049
-0.048
-0.048
-0.047
-0.047
-0.046
-0.047
-0.046
-0.046
-0.047
-0.046
-0.046
-0.046
-0.045
-0.045
-0.044
-0.043
-0.042
-0.041
-0.039
-0.038
-0.037
-0.036
-0.036
-0.035
-0.034
-0.033
-0.032
-0.031
-0.03
-0.029
-0.028
-0.027
-0.025
-0.024
-0.022
-0.021
-0.02
-0.019
-0.018
-0.017
-0.016
-0.014
-0.013
-0.011
-0.009
-0.006
0.0
0.006
0.01
0.013
0.016
0.019
0.021
0.023
0.024
0.022
0.019
0.014
0.008
0.003
-0.004
-0.011
-0.016
-0.02
-0.022
-0.025
-0.026
-0.028
-0.029
-0.03
-0.031
-0.031
-0.032
-0.032
-0.031
-0.03
-0.028
-0.026
-0.024
-0.02
-0.016
-0.012
-0.001
0.017
0.042
0.084
0.124
0.183
0.247
0.309
0.376
0.4
0.397
0.358
0.264
0.161
0.037
-0.057
-0.099
-0.1
-0.069
-0.038
-0.006
0.003
0.003
0.003
0.003
0.002
0.002
0.002
0.002
0.002
0.001
0.001
0.001
0.0
0.0
-0.001
-0.001
-0.001
-0.002
-0.002
-0.002
-0.001
0.0
0.001
0.003
0.005
0.008
0.01
0.012
0.015
0.018
0.022
0.025
0.027
0.03
0.032
0.035
0.037
0.039
0.041
0.043
0.045
0.047
0.049
0.051
0.054
0.057
0.062
0.066
0.072
0.077
0.083
0.09
0.098
0.106
0.112
0.117
0.121
0.126
0.132
0.138
0.144
0.15
0.156
0.162
0.167
0.173
0.179
0.183
0.186
0.187
0.189
0.191
0.193
0.192
0.187
0.179
0.169
0.156
0.143
0.131
0.121
0.113
0.106
0.101
0.097
0.094
0.093
0.091
0.091
0.09
0.089
0.088
0.088
0.087
0.086
0.085
0.084
0.084
0.084
0.084
0.084
0.084
0.085
0.086
0.086
0.08
0.078
0.076
0.075
0.074
0.073
0.072
0.072
0.071
0.07
0.07
0.069
0.068
0.068
0.068
0.067
0.067
0.066
0.066
0.066
0.065
0.065
0.064
0.064
0.063
0.062
0.062
0.061
0.06
0.059
0.058
0.058
0.057
0.057
0.057
0.057
0.058
0.058
0.058
0.059
0.059
0.06
0.06
0.061
0.061
0.061
0.061
0.061
0.061
0.061
0.06
0.06
0.059
0.059
0.058
0.058
0.057
0.057
0.056
0.055
0.055
0.054
0.054
0.053
0.053
0.052
0.052
0.051
0.051
0.05
0.05
0.05
0.049
0.049
0.049
0.049
0.049
0.05
0.05
0.05
0.049
0.049
0.048
0.047
0.046
0.045
0.044
0.043
0.041
0.04
0.04
0.039
0.039
0.039
0.039
0.039
0.039
0.039
0.038
0.038
0.037
0.037
0.036
0.036
0.035
0.035
0.035
0.035
0.035
0.035
0.035
0.035
0.035
0.035
0.034
0.034
0.034
0.034
0.034
0.034
0.035
0.036
0.036
0.038
0.039
0.04
0.042
0.043
0.045
0.047
0.051
0.06
0.067
0.072
0.077
0.081
0.085
0.086
0.084
0.08
0.074
0.068
0.059
0.052
0.044
0.034
0.023
0.013
0.007
0.004
0.001
0.0
-0.003
-0.006
-0.01
-0.014
-0.017
-0.02
-0.023
-0.027
-0.031
-0.034
-0.037
-0.038
-0.037
-0.036
-0.033
-0.029
-0.023
-0.002
0.035
0.08
0.145
0.208
0.28
0.346
0.384
0.386
0.361
0.29
0.186
0.068
-0.023
-0.094
-0.109
-0.114
-0.099
-0.078
-0.062
-0.056
-0.055
-0.054
-0.053
-0.052
-0.052
-0.051
-0.05
-0.05
-0.05
-0.05
-0.051
-0.051
-0.052
-0.052
-0.053
-0.054
-0.055
-0.056
-0.056
-0.056
-0.056
-0.056
-0.055
-0.054
-0.054
-0.053
-0.052
-0.051
-0.049
-0.048
-0.047
-0.046
-0.045
-0.044
-0.042
-0.041
-0.038
-0.036
-0.033
-0.03
-0.028
-0.025
-0.022
-0.02
-0.017
-0.015
-0.013
-0.011
-0.007
-0.003
0.003
0.011
0.017
0.023
0.028
0.032
0.036
0.04
0.044
0.047
0.051
0.055
0.061
0.069
0.076
0.082
0.088
0.094
0.098
0.095
0.089
0.082
0.073
0.065
0.055
0.04
0.026
0.016
0.009
0.0
-0.011
-0.022
-0.03
-0.038
-0.044
-0.049
-0.055
-0.062
-0.066
-0.07
-0.073
-0.075
-0.076
-0.077
-0.078
-0.078
-0.078
-0.078
-0.078
-0.078
-0.078
-0.078
-0.079
-0.079
-0.079
-0.079
-0.079
-0.078
-0.077
-0.076
-0.075
-0.075
-0.074
-0.074
-0.073
-0.073
-0.073
-0.073
-0.073
-0.073
-0.073
-0.073
-0.073
-0.073
-0.073
-0.073
-0.073
-0.072
-0.072
-0.071
-0.071
-0.07
-0.069
-0.067
-0.066
-0.065
-0.063
-0.062
-0.06
-0.058
-0.055
-0.047
-0.044
-0.042
-0.041
-0.04
-0.039
-0.039
-0.038
-0.037
-0.037
-0.037
-0.037
-0.037
-0.037
-0.038
-0.039
-0.04
-0.042
-0.043
-0.044
-0.045
-0.047
-0.047
-0.048
-0.049
-0.049
-0.051
-0.051
-0.053
-0.053
-0.054
-0.055
-0.055
-0.055
-0.055
-0.054
-0.054
-0.053
-0.052
-0.052
-0.051
-0.051
-0.05
-0.049
-0.048
-0.048
-0.047
-0.046
-0.045
-0.044
-0.042
-0.041
-0.039
-0.038
-0.038
-0.037
-0.037
-0.036
-0.035
-0.035
-0.034
-0.034
-0.033
-0.031
-0.03
-0.029
-0.028
-0.028
-0.028
-0.027
-0.026
-0.026
-0.025
-0.024
-0.023
-0.021
-0.019
-0.015
-0.011
-0.007
-0.003
0.0
0.004
0.01
0.019
0.03
0.035
0.039
0.041
0.043
0.046
0.048
0.05
0.052
0.054
0.056
0.058
0.063
0.07
0.071
0.071
0.071
0.072
0.062
0.051
0.041
0.029
0.023
0.019
0.015
0.013
0.01
0.009
0.008
0.008
0.008
0.009
0.01
0.012
0.014
0.016
0.019
0.022
0.025
0.029
0.032
0.034
0.038
0.053
0.077
0.107
0.161
0.218
0.293
0.367
0.419
0.438
0.433
0.384
0.291
0.161
0.034
-0.073
-0.114
-0.116
-0.08
-0.016
0.023
0.042
0.04
0.022
0.01
0.006
0.003
0.001
0.002
0.007
0.013
0.015
0.017
0.018
0.019
0.02
0.021
0.022
0.023
0.023
0.024
0.024
0.025
0.025
0.025
0.026
0.026
0.026
0.026
0.025
0.025
0.025
0.024
0.024
0.024
0.024
0.023
0.024
0.024
0.024
0.025
0.026
0.027
0.027
0.028
0.029
0.03
0.032
0.033
0.036
0.045
0.053
0.06
0.068
0.077
0.088
0.097
0.103
0.108
0.112
0.116
0.12
0.125
0.131
0.138
0.147
0.153
0.158
0.162
0.165
0.166
0.165
0.163
0.159
0.154
0.148
0.138
0.126
0.114
0.102
0.089
0.077
0.068
0.059
0.052
0.042
0.031
0.02
0.012
0.005
0.0
-0.007
-0.013
-0.015
-0.016
-0.017
-0.018
-0.019
-0.019
-0.02
-0.021
-0.022
-0.023
-0.024
-0.025
-0.025
-0.026
-0.026
-0.026
-0.026
-0.025
-0.025
-0.025
-0.025
-0.024
-0.024
-0.023
-0.023
-0.022
-0.022
-0.023
-0.023
-0.023
-0.023
-0.023
-0.023
-0.023
-0.023
-0.023
-0.023
-0.022
-0.022
-0.022
-0.022
-0.022
-0.022
-0.022
-0.023
-0.023
-0.023
-0.024
-0.025
-0.026
-0.026
-0.027
-0.027
-0.027
-0.027
-0.026
-0.026
-0.025
-0.025
-0.025
-0.025
-0.026
-0.026
-0.027
-0.027
-0.027
-0.028
-0.028
-0.03
-0.031
-0.033
-0.035
-0.038
-0.041
-0.044
-0.05
-0.057
-0.063
-0.07
-0.073
-0.075
-0.077
-0.079
-0.081
-0.082
-0.083
-0.084
-0.084
-0.085
-0.085
-0.086
-0.086
-0.087
-0.087
-0.087
-0.088
-0.089
-0.09
-0.09
-0.091
-0.092
-0.093
-0.095
-0.096
-0.097
-0.098
-0.098
-0.099
-0.101
-0.103
-0.105
-0.107
-0.108
-0.109
-0.109
-0.108
-0.108
-0.106
-0.105
-0.103
-0.101
-0.1
-0.099
-0.097
-0.096
-0.094
-0.092
-0.09
-0.089
-0.087
-0.085
-0.083
-0.08
-0.078
-0.075
-0.072
-0.068
-0.06
-0.053
-0.048
-0.045
-0.041
-0.038
-0.035
-0.035
-0.039
-0.045
-0.052
-0.062
-0.072
-0.078
-0.082
-0.085
-0.088
-0.09
-0.091
-0.091
-0.089
-0.088
-0.085
-0.083
-0.081
-0.079
-0.076
-0.073
-0.07
-0.067
-0.065
-0.061
-0.056
-0.046
-0.03
-0.005
0.029
0.072
0.12
0.183
0.241
0.303
0.34
0.352
0.332
0.273
0.172
0.054
-0.056
-0.121
-0.137
-0.133
-0.098
-0.062
-0.036
-0.03
-0.024
-0.016
-0.009
-0.003
0.003
0.008
0.013
0.016
0.018
0.019
0.021
0.022
0.024
0.025
0.026
0.028
0.029
0.031
0.033
0.036
0.038
0.041
0.045
0.048
0.052
0.056
0.061
0.065
0.067
0.069
0.07
0.071
0.073
0.074
0.076
0.077
0.078
0.08
0.081
0.082
0.083
0.084
0.086
0.087
0.089
0.093
0.103
0.113
0.122
0.129
0.136
0.143
0.147
0.15
0.153
0.155
0.157
0.16
0.163
0.166
0.169
0.172
0.176
0.181
0.19
0.196
0.198
0.2
0.203
0.206
0.208
0.205
0.197
0.186
0.17
0.156
0.14
0.123
0.108
0.095
0.081
0.068
0.059
0.05
0.042
0.033
0.023
0.014
0.006
0.0
-0.004
-0.01
-0.016
-0.021
-0.025
-0.028
-0.03
-0.032
-0.034
-0.035
-0.037
-0.039
-0.042
-0.044
-0.046
-0.048
-0.049
-0.05
-0.051
-0.052
-0.053
-0.054
-0.055
-0.056
-0.056
-0.057
-0.058
-0.058
-0.059
-0.06
-0.061
-0.061
-0.062
-0.063
-0.063
-0.063
-0.064
-0.064
-0.065
-0.065
-0.066
-0.068
-0.069
-0.072
-0.073
-0.073
-0.072
-0.071
-0.069
-0.068
-0.067
-0.065
-0.063
-0.062
-0.06
-0.06
-0.059
-0.059
-0.059
-0.06
-0.061
-0.063
-0.065
-0.068
-0.07
-0.072
-0.074
-0.075
-0.077
-0.078
-0.079
-0.081
-0.082
-0.083
-0.084
-0.085
-0.086
-0.086
-0.085
-0.085
-0.084
-0.082
-0.081
-0.079
-0.077
-0.076
-0.075
-0.073
-0.072
-0.071
-0.071
-0.07
-0.07
-0.07
-0.069
-0.068
-0.067
-0.066
-0.066
-0.065
-0.064
-0.062
-0.061
-0.06
-0.059
-0.059
-0.059
-0.059
-0.058
-0.057
-0.057
-0.057
-0.056
-0.055
-0.055
-0.054
-0.053
-0.053
-0.053
-0.052
-0.052
-0.051
-0.05
-0.049
-0.048
-0.047
-0.046
-0.045
-0.043
