-0.141
-0.179
-0.221
-0.264
-0.307
-0.341
-0.366
-0.386
-0.406
-0.426
-0.445
-0.464
-0.483
-0.502
-0.516
-0.529
-0.535
-0.535
-0.535
-0.535
-0.534
-0.534
-0.534
-0.534
-0.534
-0.535
-0.535
-0.535
-0.534
-0.532
-0.529
-0.525
-0.521
-0.517
-0.513
-0.505
-0.491
-0.474
-0.457
-0.44
-0.423
-0.402
-0.373
-0.35
-0.332
-0.316
-0.302
-0.29
-0.277
-0.263
-0.252
-0.243
-0.234
-0.224
-0.214
-0.205
-0.2
-0.196
-0.192
-0.188
-0.185
-0.182
-0.18
-0.177
-0.175
-0.172
-0.17
-0.168
-0.166
-0.165
-0.163
-0.161
-0.16
-0.159
-0.158
-0.158
-0.157
-0.157
-0.156
-0.156
-0.157
-0.158
-0.159
-0.161
-0.163
-0.164
-0.167
-0.169
-0.171
-0.173
-0.174
-0.176
-0.178
-0.18
-0.181
-0.182
-0.183
-0.183
-0.183
-0.182
-0.181
-0.179
-0.176
-0.173
-0.169
-0.166
-0.162
-0.159
-0.154
-0.15
-0.142
-0.133
-0.124
-0.116
-0.108
-0.101
-0.094
-0.088
-0.082
-0.077
-0.071
-0.065
-0.058
-0.052
-0.045
-0.038
-0.033
-0.029
-0.027
-0.025
-0.023
-0.02
-0.018
-0.016
-0.015
-0.016
-0.019
-0.025
-0.032
-0.039
-0.044
-0.051
-0.057
-0.063
-0.069
-0.073
-0.077
-0.08
-0.083
-0.085
-0.089
-0.095
-0.104
-0.109
-0.105
-0.095
-0.07
-0.012
0.078
0.196
0.328
0.462
0.579
0.666
0.701
0.701
0.664
0.588
0.477
0.341
0.205
0.086
-0.006
-0.075
-0.092
-0.094
-0.094
-0.094
-0.094
-0.094
-0.094
-0.095
-0.096
-0.097
-0.098
-0.098
-0.097
-0.096
-0.095
-0.094
-0.093
-0.092
-0.091
-0.09
-0.089
-0.088
-0.088
-0.087
-0.087
-0.086
-0.084
-0.082
-0.08
-0.077
-0.074
-0.071
-0.067
-0.063
-0.06
-0.056
-0.053
-0.05
-0.046
-0.042
-0.037
-0.032
-0.024
-0.015
-0.006
0.0
0.008
0.016
0.025
0.034
0.044
0.053
0.062
0.071
0.08
0.089
0.096
0.101
0.106
0.11
0.114
0.116
0.117
0.116
0.113
0.109
0.102
0.093
0.075
0.047
0.024
0.002
-0.018
-0.041
-0.066
-0.093
-0.118
-0.136
-0.155
-0.175
-0.194
-0.206
-0.209
-0.211
-0.213
-0.214
-0.216
-0.217
-0.218
-0.218
-0.219
-0.22
-0.22
-0.219
-0.219
-0.218
-0.217
-0.217
-0.217
-0.217
-0.217
-0.217
-0.217
-0.217
-0.217
-0.218
-0.218
-0.219
-0.22
-0.22
-0.221
-0.221
-0.222
-0.222
-0.222
-0.222
-0.222
-0.221
-0.221
-0.22
-0.219
-0.218
-0.216
-0.215
-0.214
-0.212
-0.211
-0.209
-0.208
-0.207
-0.205
-0.204
-0.203
-0.202
-0.2
-0.198
-0.197
-0.196
-0.194
-0.193
-0.192
-0.191
-0.19
-0.189
-0.187
-0.184
-0.181
-0.177
-0.173
-0.169
-0.165
-0.162
-0.159
-0.155
-0.152
-0.149
-0.146
-0.142
-0.136
-0.13
-0.124
-0.119
-0.114
-0.11
-0.105
-0.1
-0.095
-0.091
-0.086
-0.081
-0.076
-0.071
-0.065
-0.058
-0.051
-0.044
-0.036
-0.029
-0.02
-0.011
-0.002
0.008
0.018
0.028
0.038
0.051
0.057
0.057
0.057
0.057
0.057
0.058
0.058
0.058
0.057
0.053
0.049
0.045
0.042
0.039
0.035
0.031
0.027
0.024
0.021
0.019
0.019
0.019
0.02
0.021
0.022
0.023
0.025
0.028
0.032
0.037
0.056
0.114
0.198
0.305
0.429
0.558
0.677
0.767
0.801
0.812
0.786
0.711
0.606
0.486
0.364
0.248
0.148
0.075
0.045
0.039
0.033
0.029
0.026
0.023
0.021
0.019
0.018
0.017
0.016
0.016
0.018
0.019
0.021
0.023
0.025
0.026
0.029
0.031
0.033
0.035
0.037
0.039
0.041
0.043
0.045
0.046
0.047
0.049
0.05
0.052
0.054
0.056
0.059
0.061
0.063
0.065
0.067
0.069
0.072
0.076
0.08
0.086
0.094
0.111
0.127
0.141
0.152
0.161
0.169
0.177
0.184
0.19
0.196
0.204
0.213
0.221
0.226
0.231
0.234
0.238
0.242
0.243
0.24
0.232
0.221
0.207
0.186
0.167
0.147
0.126
0.108
0.083
0.055
0.033
0.017
-0.001
-0.016
-0.029
-0.037
-0.042
-0.046
-0.048
-0.049
-0.05
-0.051
-0.051
-0.051
-0.051
-0.051
-0.051
-0.05
-0.05
-0.049
-0.048
-0.047
-0.046
-0.044
-0.042
-0.04
-0.038
-0.035
-0.032
-0.028
-0.025
-0.022
-0.019
-0.016
-0.012
-0.006
0.0
0.005
0.009
0.011
0.014
0.016
0.017
0.018
0.018
0.019
0.019
0.019
0.019
0.019
0.018
0.018
0.017
0.017
0.016
0.016
0.015
0.015
0.015
0.015
0.015
0.015
0.015
0.014
0.014
0.014
0.014
0.014
0.015
0.015
0.016
0.017
0.017
0.018
0.019
0.019
0.02
0.02
0.021
0.021
0.022
0.023
0.025
0.026
0.028
0.03
0.032
0.034
0.035
0.036
0.037
0.039
0.04
0.041
0.043
0.046
0.049
0.053
0.057
0.062
0.065
0.069
0.072
0.074
0.077
0.08
0.083
0.085
0.088
0.091
0.095
0.099
0.102
0.104
0.104
0.101
0.097
0.092
0.086
0.079
0.07
0.055
0.043
0.033
0.028
0.024
0.02
0.017
0.014
0.011
0.009
0.008
0.007
0.006
0.005
0.004
0.004
0.003
0.001
-0.002
-0.008
0.007
0.055
0.124
0.225
0.359
0.517
0.681
0.829
0.93
0.944
0.913
0.781
0.59
0.377
0.183
0.041
-0.011
-0.02
-0.029
-0.036
-0.043
-0.048
-0.051
-0.054
-0.055
-0.056
-0.056
-0.055
-0.052
-0.049
-0.046
-0.044
-0.042
-0.04
-0.039
-0.038
-0.036
-0.034
-0.032
-0.03
-0.026
-0.022
-0.019
-0.014
-0.01
-0.004
0.0
0.006
0.012
0.017
0.022
0.028
0.033
0.038
0.043
0.046
0.049
0.052
0.055
0.058
0.063
0.069
0.077
0.085
0.095
0.104
0.112
0.121
0.13
0.138
0.149
0.16
0.172
0.183
0.19
0.195
0.199
0.203
0.206
0.207
0.207
0.206
0.203
0.199
0.194
0.187
0.177
0.159
0.141
0.118
0.089
0.06
0.031
0.008
-0.008
-0.028
-0.047
-0.066
-0.087
-0.098
-0.105
-0.111
-0.116
-0.121
-0.124
-0.126
-0.128
-0.129
-0.13
-0.132
-0.133
-0.133
-0.133
-0.133
-0.133
-0.132
-0.132
-0.131
-0.131
-0.13
-0.13
-0.128
-0.127
-0.125
-0.122
-0.12
-0.117
-0.114
-0.112
-0.11
-0.108
-0.107
-0.106
-0.106
-0.106
-0.106
-0.106
-0.107
-0.107
-0.107
-0.107
-0.108
-0.108
-0.108
-0.108
-0.109
-0.109
-0.109
-0.108
-0.108
-0.108
-0.107
-0.105
-0.103
-0.101
-0.098
-0.096
-0.093
-0.091
-0.088
-0.085
-0.081
-0.079
-0.076
-0.074
-0.071
-0.068
-0.065
-0.062
-0.059
-0.057
-0.054
-0.051
-0.048
-0.045
-0.043
-0.041
-0.04
-0.039
-0.039
-0.038
-0.038
-0.038
-0.038
-0.038
-0.038
-0.037
-0.036
-0.035
-0.033
-0.031
-0.028
-0.023
-0.015
-0.007
0.003
0.013
0.02
0.027
0.032
0.037
0.04
0.042
0.043
0.041
0.037
0.032
0.026
0.02
0.014
0.01
0.005
0.0
-0.004
-0.009
-0.014
-0.018
-0.022
-0.025
-0.028
-0.03
-0.031
-0.032
-0.033
-0.034
-0.036
-0.039
-0.042
-0.043
-0.04
-0.033
-0.022
0.012
0.075
0.171
0.299
0.453
0.617
0.769
0.885
0.914
0.898
0.787
0.604
0.394
0.194
0.043
-0.053
-0.074
-0.076
-0.078
-0.071
-0.067
-0.065
-0.063
-0.062
-0.061
-0.06
-0.059
-0.057
-0.054
-0.051
-0.048
-0.045
-0.042
-0.038
-0.034
-0.03
-0.023
-0.016
-0.009
-0.003
0.001
0.006
0.01
0.015
0.02
0.025
0.031
0.038
0.047
0.055
0.062
0.069
0.076
0.082
0.087
0.092
0.095
0.098
0.102
0.107
0.114
0.122
0.13
0.139
0.151
0.167
0.181
0.196
0.211
0.228
0.242
0.254
0.261
0.265
0.267
0.268
0.27
0.271
0.272
0.273
0.273
0.273
0.272
0.268
0.263
0.256
0.247
0.235
0.212
0.192
0.165
0.137
0.112
0.087
0.067
0.052
0.038
0.025
0.012
0.0
-0.009
-0.016
-0.023
-0.029
-0.035
-0.038
-0.041
-0.043
-0.044
-0.046
-0.047
-0.048
-0.048
-0.048
-0.048
-0.047
-0.046
-0.045
-0.044
-0.042
-0.039
-0.038
-0.036
-0.035
-0.034
-0.033
-0.031
-0.03
-0.03
-0.03
-0.03
-0.03
-0.03
-0.029
-0.029
-0.029
-0.029
-0.029
-0.028
-0.027
-0.025
-0.024
-0.024
-0.023
-0.022
-0.021
-0.02
-0.019
-0.018
-0.017
-0.016
-0.015
-0.013
-0.011
-0.009
-0.007
-0.005
-0.003
0.0
0.002
0.005
0.008
0.011
0.013
0.015
0.018
0.021
0.024
0.026
0.028
0.029
0.031
0.033
0.035
0.037
0.038
0.04
0.042
0.043
0.045
0.046
0.048
0.049
0.051
0.053
0.055
0.058
0.061
0.066
0.072
0.078
0.083
0.089
0.094
0.098
0.102
0.106
0.11
0.112
0.113
0.112
0.11
0.106
0.101
0.095
0.086
0.07
0.057
0.044
0.031
0.017
0.01
0.005
0.001
-0.002
-0.005
-0.009
-0.013
-0.016
-0.019
-0.023
-0.026
-0.031
-0.038
-0.045
-0.047
-0.045
-0.038
-0.027
0.008
0.085
0.201
0.354
0.53
0.706
0.851
0.92
0.918
0.84
0.671
0.463
0.258
0.092
-0.019
-0.082
-0.116
-0.126
-0.133
-0.14
-0.145
-0.15
-0.155
-0.162
-0.167
-0.172
-0.176
-0.179
-0.181
-0.183
-0.185
-0.186
-0.187
-0.187
-0.186
-0.184
-0.181
-0.177
-0.173
-0.169
-0.166
-0.162
-0.159
-0.155
-0.153
-0.15
-0.147
-0.145
-0.143
-0.141
-0.139
-0.137
-0.135
-0.13
-0.123
-0.115
-0.105
-0.094
-0.08
-0.067
-0.053
-0.039
-0.026
-0.013
0.0
0.011
0.016
0.019
0.022
0.025
0.027
0.029
0.031
0.033
0.033
0.033
0.033
0.033
0.032
0.031
0.029
0.027
0.024
0.021
0.018
0.015
0.008
-0.006
-0.021
-0.043
-0.068
-0.094
-0.116
-0.137
-0.155
-0.17
-0.189
-0.199
-0.203
-0.207
-0.209
-0.211
-0.212
-0.213
-0.213
-0.213
-0.213
-0.212
-0.211
-0.209
-0.208
-0.206
-0.204
-0.203
-0.201
-0.2
-0.198
-0.196
-0.194
-0.193
-0.191
-0.189
-0.186
-0.183
-0.179
-0.176
-0.172
-0.166
-0.16
-0.155
-0.152
-0.149
-0.147
-0.146
-0.145
-0.144
-0.144
-0.143
-0.142
-0.142
-0.142
-0.142
-0.142
-0.142
-0.142
-0.142
-0.142
-0.142
-0.141
-0.14
-0.138
-0.135
-0.133
-0.131
-0.128
-0.126
-0.124
-0.122
-0.119
-0.117
-0.114
-0.11
-0.106
-0.102
-0.098
-0.095
-0.093
-0.091
-0.089
-0.088
-0.087
-0.085
-0.083
-0.08
-0.077
-0.072
-0.065
-0.06
-0.055
-0.049
-0.044
-0.038
-0.032
-0.025
-0.017
-0.009
-0.002
0.004
0.012
0.021
0.029
0.036
0.044
0.051
0.057
0.063
0.067
0.07
0.073
0.074
0.075
0.072
0.067
0.061
0.054
0.048
0.04
0.033
0.03
0.029
0.029
0.028
0.028
0.027
0.026
0.025
0.025
0.025
0.025
0.025
0.026
0.027
0.029
0.033
0.037
0.043
0.063
0.116
0.2
0.319
0.468
0.637
0.81
0.959
1.044
1.05
0.996
0.845
0.642
0.433
0.251
0.117
0.037
0.015
0.007
0.018
0.037
0.049
0.053
0.056
0.057
0.057
0.056
0.054
0.053
0.052
0.051
0.05
0.05
0.051
0.053
0.057
0.061
0.066
0.072
0.08
0.088
0.096
0.104
0.111
0.119
0.127
0.135
0.142
0.149
0.156
0.161
0.165
0.169
0.174
0.181
0.188
0.195
0.202
0.207
0.213
0.22
0.227
0.237
0.249
0.26
0.271
0.283
0.293
0.306
0.325
0.34
0.35
0.358
0.365
0.373
0.381
0.386
0.389
0.392
0.395
0.397
0.398
0.396
0.39
0.382
0.367
0.347
0.329
0.31
0.29
0.27
0.248
0.228
0.209
0.19
0.17
0.149
0.125
0.103
0.086
0.074
0.061
0.055
0.053
0.05
0.048
0.047
0.046
0.045
0.044
0.043
0.043
0.043
0.043
0.042
0.042
0.042
0.041
0.041
0.041
0.04
0.04
0.039
0.039
0.038
0.038
0.038
0.038
0.037
0.036
0.035
0.034
0.033
0.031
0.03
0.028
0.026
0.024
0.023
0.022
0.02
0.018
0.016
0.013
0.009
0.004
0.0
-0.004
-0.006
-0.007
-0.008
-0.009
-0.009
-0.01
-0.011
-0.011
-0.012
-0.012
-0.013
-0.013
-0.013
-0.013
-0.013
-0.012
-0.012
-0.013
-0.013
-0.014
-0.016
-0.017
-0.018
-0.018
-0.018
-0.017
-0.016
-0.015
-0.015
-0.013
-0.012
-0.011
-0.01
-0.008
-0.005
0.0
0.009
0.019
0.027
0.034
0.04
0.044
0.046
0.047
0.047
0.048
0.049
0.05
0.051
0.05
0.047
0.042
0.037
0.032
0.026
0.02
0.016
0.012
0.009
0.007
0.005
0.003
0.002
0.0
-0.001
-0.003
-0.004
-0.006
-0.008
-0.01
-0.013
-0.018
-0.025
-0.026
-0.018
0.002
0.05
0.13
0.246
0.397
0.575
0.764
0.931
1.024
1.029
0.958
0.782
0.553
0.325
0.142
0.021
-0.018
-0.031
-0.024
-0.017
-0.011
-0.008
-0.012
-0.019
-0.025
-0.031
-0.036
-0.041
-0.046
-0.052
-0.058
-0.064
-0.071
-0.077
-0.08
-0.082
-0.085
-0.087
-0.089
-0.09
-0.091
-0.092
-0.093
-0.094
-0.094
-0.095
-0.095
-0.096
-0.096
-0.096
-0.096
-0.095
-0.094
-0.093
-0.092
-0.09
-0.088
-0.086
-0.084
-0.082
-0.079
-0.075
-0.062
-0.052
-0.038
-0.02
-0.004
0.006
0.016
0.028
0.045
0.065
0.082
0.097
0.112
0.123
0.132
0.142
0.148
0.153
0.156
0.159
0.16
0.159
0.157
0.153
0.148
0.139
0.123
0.107
0.089
0.07
0.049
0.027
0.003
-0.016
-0.031
-0.043
-0.055
-0.067
-0.08
-0.085
-0.088
-0.09
-0.092
-0.094
-0.096
-0.097
-0.098
-0.099
-0.1
-0.1
-0.1
-0.099
-0.098
-0.096
-0.094
-0.093
-0.091
-0.089
-0.087
-0.085
-0.083
-0.081
-0.079
-0.077
-0.075
-0.072
-0.07
-0.068
-0.066
-0.066
-0.066
-0.068
-0.071
-0.074
-0.078
-0.081
-0.084
-0.087
-0.09
-0.093
-0.097
-0.099
-0.101
-0.102
-0.103
-0.102
-0.1
-0.098
-0.095
-0.092
-0.089
-0.086
-0.083
-0.08
-0.077
-0.073
-0.071
-0.07
-0.07
-0.072
-0.074
-0.077
-0.079
-0.082
-0.085
-0.088
-0.091
-0.093
-0.093
-0.09
-0.086
-0.08
-0.074
-0.067
-0.057
-0.048
-0.043
-0.04
-0.038
-0.035
-0.033
-0.031
-0.03
-0.029
-0.03
-0.031
-0.033
-0.036
-0.04
-0.045
-0.052
-0.065
-0.077
-0.088
-0.099
-0.112
-0.124
-0.135
-0.146
-0.152
-0.155
-0.158
-0.161
-0.163
-0.165
-0.167
-0.168
-0.169
-0.171
-0.172
-0.174
-0.178
-0.184
-0.184
-0.17
-0.133
-0.071
0.022
0.152
0.309
0.481
0.638
0.755
0.805
0.77
0.653
0.472
0.257
0.053
-0.103
-0.197
-0.217
-0.224
-0.223
-0.211
-0.201
-0.193
-0.186
-0.179
-0.174
-0.17
-0.168
-0.165
-0.163
-0.161
-0.159
-0.158
-0.156
-0.154
-0.153
-0.151
-0.149
-0.147
-0.144
-0.142
-0.137
-0.128
-0.119
-0.109
-0.102
-0.096
-0.091
-0.086
-0.082
-0.079
-0.075
-0.069
-0.063
-0.055
-0.046
-0.035
-0.023
-0.01
0.0
0.008
0.015
0.021
0.026
0.033
0.044
0.058
0.072
0.086
0.096
0.108
0.124
0.139
0.155
0.167
0.174
0.178
0.181
0.183
0.184
0.186
0.188
0.189
0.189
0.184
0.176
0.166
0.153
0.142
0.128
0.109
0.091
0.072
0.054
0.034
0.017
0.004
-0.006
-0.018
-0.029
-0.044
-0.051
-0.055
-0.059
-0.063
-0.065
-0.067
-0.068
-0.068
-0.068
-0.067
-0.065
-0.063
-0.059
-0.056
-0.053
-0.05
-0.047
-0.043
-0.039
-0.034
-0.03
-0.027
-0.025
-0.024
-0.023
-0.022
-0.022
-0.023
-0.024
-0.025
-0.025
-0.025
-0.025
-0.028
-0.033
-0.038
-0.04
-0.041
-0.043
-0.045
-0.046
-0.048
-0.049
-0.05
-0.051
-0.051
-0.051
-0.051
-0.05
-0.049
-0.048
-0.047
-0.046
-0.046
-0.046
-0.046
-0.046
-0.046
-0.046
-0.046
-0.046
-0.045
-0.045
-0.044
-0.043
-0.043
-0.042
-0.041
-0.04
-0.04
-0.038
-0.037
-0.033
-0.022
-0.01
-0.001
0.005
0.01
0.016
0.023
0.031
0.04
0.05
0.06
0.068
0.078
0.089
0.1
0.105
0.107
0.108
0.109
0.11
0.11
0.111
0.112
0.112
0.113
0.113
0.113
0.113
0.112
0.112
0.111
0.111
0.111
0.111
0.111
0.111
0.112
0.113
0.114
0.116
0.118
0.12
0.124
0.14
0.177
0.236
0.322
0.438
0.584
0.75
0.909
1.035
1.078
1.067
0.967
0.793
0.592
0.407
0.261
0.164
0.119
0.104
0.096
0.094
0.098
0.106
0.119
0.135
0.142
0.144
0.146
0.148
0.15
0.152
0.154
0.156
0.158
0.16
0.163
0.165
0.167
0.169
0.171
0.173
0.175
0.177
0.179
0.18
0.18
0.18
0.18
0.18
0.179
0.179
0.179
0.179
0.179
0.179
0.18
0.18
0.18
0.179
0.179
0.18
0.18
0.181
0.182
0.184
0.186
0.192
0.199
0.208
0.217
0.228
0.24
0.25
0.258
0.266
0.274
0.282
0.288
0.293
0.298
0.302
0.304
0.304
0.301
0.296
0.289
0.277
0.253
0.225
0.198
0.17
0.142
0.113
0.086
0.061
0.037
0.014
-0.005
-0.02
-0.038
-0.055
-0.067
-0.079
-0.087
-0.092
-0.096
-0.101
-0.106
-0.11
-0.115
-0.119
-0.122
-0.125
-0.128
-0.131
-0.134
-0.137
-0.14
-0.143
-0.146
-0.148
-0.15
-0.151
-0.153
-0.154
-0.155
-0.156
-0.156
-0.157
-0.157
-0.158
-0.159
-0.159
-0.159
-0.16
-0.159
-0.159
-0.159
-0.159
-0.159
-0.158
-0.158
-0.159
-0.16
-0.161
-0.162
-0.163
-0.165
-0.166
-0.167
-0.168
-0.168
-0.168
-0.169
-0.17
-0.171
-0.172
-0.173
-0.174
-0.176
-0.177
-0.177
-0.177
-0.177
-0.177
-0.176
-0.175
-0.174
-0.173
-0.173
-0.173
-0.172
-0.171
-0.17
-0.169
-0.167
-0.165
-0.163
-0.16
-0.157
-0.151
-0.138
-0.126
-0.115
-0.106
-0.098
-0.089
-0.084
-0.079
-0.075
-0.072
-0.071
-0.072
-0.075
-0.079
-0.084
-0.09
-0.099
-0.113
-0.119
-0.122
-0.124
-0.126
-0.127
-0.127
-0.128
-0.127
-0.127
-0.125
-0.123
-0.121
-0.118
-0.116
-0.115
-0.119
-0.124
-0.131
-0.138
-0.13
-0.103
-0.053
0.024
0.133
0.271
0.431
0.595
0.738
0.83
0.841
0.806
0.674
0.488
0.286
0.102
-0.032
-0.116
-0.139
-0.148
-0.15
-0.144
-0.139
-0.135
-0.131
-0.13
-0.13
-0.133
-0.135
-0.137
-0.139
-0.141
-0.143
-0.141
-0.135
-0.128
-0.123
-0.117
-0.112
-0.106
-0.101
-0.097
-0.094
-0.09
-0.086
-0.081
-0.075
-0.068
-0.062
-0.055
-0.048
-0.041
-0.035
-0.028
-0.018
-0.006
0.004
0.014
0.024
0.037
0.051
0.065
0.075
0.084
0.091
0.099
0.108
0.122
0.142
0.158
0.17
0.182
0.199
0.219
0.236
0.248
0.263
0.272
0.279
0.285
0.288
0.288
0.286
0.282
0.278
0.269
0.252
0.234
0.215
0.197
0.177
0.156
0.134
0.111
0.09
0.07
0.052
0.037
0.025
0.013
0.003
-0.003
-0.008
-0.013
-0.018
-0.021
-0.024
-0.026
-0.027
-0.029
-0.031
-0.032
-0.033
-0.034
-0.034
-0.033
-0.032
-0.029
-0.026
-0.024
-0.021
-0.018
-0.016
-0.014
-0.013
-0.012
-0.011
-0.011
-0.01
-0.008
-0.007
-0.006
-0.005
-0.004
-0.003
-0.003
-0.004
-0.004
-0.004
-0.005
-0.006
-0.007
-0.008
-0.008
-0.009
-0.01
-0.01
-0.011
-0.012
-0.012
-0.013
-0.015
-0.015
-0.016
-0.017
-0.017
-0.017
-0.016
-0.015
-0.014
-0.013
-0.011
-0.01
-0.009
-0.008
-0.008
-0.007
-0.006
-0.004
-0.003
-0.001
0.0
0.0
0.001
0.003
0.004
0.005
0.006
0.008
0.009
0.01
0.011
0.012
0.014
0.016
0.018
0.02
0.023
0.027
0.033
0.041
0.048
0.055
0.062
0.069
0.076
0.081
0.085
0.089
0.094
0.098
0.097
0.091
0.083
0.076
0.069
0.061
0.053
0.046
0.041
0.038
0.036
0.035
0.033
0.032
0.03
0.028
0.025
0.023
0.021
0.02
0.018
0.016
0.013
0.009
0.0
0.0
0.009
0.032
0.089
0.179
0.305
0.462
0.635
0.806
0.949
1.021
1.022
0.952
0.787
0.579
0.368
0.193
0.07
0.02
0.001
-0.001
-0.001
0.0
0.001
-0.001
-0.013
-0.019
-0.023
-0.026
-0.029
-0.031
-0.033
-0.035
-0.035
-0.034
-0.032
-0.029
-0.025
-0.021
-0.017
-0.012
-0.005
0.001
0.007
0.012
0.017
0.022
0.026
0.03
0.034
0.039
0.044
0.049
0.054
0.06
0.066
0.072
0.077
0.083
0.089
0.095
0.101
0.106
0.11
0.115
0.123
0.133
0.144
0.154
0.163
0.172
0.18
0.191
0.203
0.215
0.225
0.233
0.238
0.241
0.244
0.246
0.248
0.25
0.249
0.246
0.241
0.233
0.219
0.197
0.179
0.159
0.138
0.117
0.081
0.047
0.027
0.006
-0.014
-0.036
-0.058
-0.071
-0.078
-0.083
-0.09
-0.099
-0.106
-0.109
-0.111
-0.114
-0.116
-0.118
-0.121
-0.123
-0.124
-0.125
-0.126
-0.127
-0.127
-0.127
-0.127
-0.128
-0.128
-0.129
-0.13
-0.131
-0.132
-0.133
-0.133
-0.133
-0.133
-0.132
-0.132
-0.132
-0.133
-0.134
-0.135
-0.137
-0.138
-0.139
-0.139
-0.14
-0.14
-0.14
-0.139
-0.14
-0.14
-0.141
-0.142
-0.143
-0.144
-0.146
-0.147
-0.149
-0.15
-0.151
-0.151
-0.151
-0.151
-0.15
-0.15
-0.149
-0.149
-0.148
-0.147
-0.147
-0.146
-0.145
-0.145
-0.143
-0.142
-0.14
-0.139
-0.137
-0.135
-0.133
-0.131
-0.129
-0.127
-0.126
-0.124
-0.122
-0.12
-0.117
-0.115
-0.113
-0.111
-0.108
-0.106
-0.104
-0.102
-0.1
-0.098
-0.096
-0.094
-0.091
-0.089
-0.087
-0.085
-0.083
-0.081
-0.08
-0.078
-0.075
-0.073
-0.069
-0.064
-0.058
-0.053
-0.047
-0.042
-0.037
-0.032
-0.027
-0.024
-0.023
-0.024
-0.028
-0.032
-0.038
-0.047
-0.061
-0.075
-0.081
-0.085
-0.089
-0.092
-0.094
-0.097
-0.099
-0.1
-0.101
-0.101
-0.102
-0.102
-0.103
-0.103
-0.103
-0.104
-0.104
-0.106
-0.107
-0.094
-0.056
0.002
0.092
0.217
0.373
0.546
0.714
0.844
0.895
0.888
0.803
0.637
0.433
0.232
0.069
-0.044
-0.099
-0.119
-0.126
-0.126
-0.122
-0.119
-0.115
-0.112
-0.113
-0.114
-0.115
-0.116
-0.116
-0.116
-0.116
-0.116
-0.117
-0.117
-0.116
-0.113
-0.11
-0.106
-0.102
-0.098
-0.092
-0.086
-0.081
-0.076
-0.071
-0.064
-0.056
-0.047
-0.038
-0.027
-0.015
0.0
0.015
0.03
0.043
0.056
0.069
0.08
0.09
0.101
0.114
0.128
0.141
0.153
0.166
0.179
0.19
0.205
0.224
0.241
0.254
0.268
0.281
0.295
0.307
0.313
0.318
0.322
0.325
0.326
0.327
0.325
0.322
0.318
0.312
0.302
0.282
0.263
0.243
0.21
0.172
0.15
0.127
0.107
0.088
0.07
0.054
0.035
0.02
0.011
0.001
-0.008
-0.017
-0.025
-0.032
-0.038
-0.043
-0.046
-0.047
-0.048
-0.049
-0.05
-0.051
-0.052
-0.052
-0.053
-0.054
-0.054
-0.055
-0.056
-0.057
-0.058
-0.058
-0.059
-0.059
-0.059
-0.06
-0.061
-0.062
-0.063
-0.064
-0.065
-0.067
-0.067
-0.068
-0.069
-0.069
-0.07
-0.07
-0.071
-0.073
-0.075
-0.077
-0.079
-0.081
-0.083
-0.085
-0.086
-0.087
-0.087
-0.087
-0.086
-0.086
-0.085
-0.085
-0.084
-0.083
-0.081
-0.08
-0.078
-0.073
-0.063
-0.052
-0.04
-0.028
-0.015
-0.001
0.011
0.023
0.033
0.042
0.05
0.059
0.066
0.073
0.078
0.082
0.085
0.088
0.09
0.09
0.091
0.091
0.091
0.09
0.09
0.089
0.089
0.088
0.088
0.088
0.088
0.089
0.089
0.09
0.09
0.091
0.092
0.094
0.096
0.098
0.101
0.106
0.112
0.118
0.123
0.128
0.133
0.138
0.141
0.145
0.148
0.151
0.154
0.155
0.156
0.157
0.158
0.159
0.159
0.161
0.163
0.165
0.164
0.158
0.148
0.136
0.121
0.109
0.097
0.086
0.078
0.074
0.073
0.071
0.069
0.067
0.065
0.063
0.061
0.061
0.061
0.061
0.062
0.064
0.068
0.072
0.079
0.087
0.116
0.189
0.3
0.448
0.622
0.806
0.965
1.054
1.06
0.995
0.832
0.624
0.421
0.255
0.144
0.096
0.078
0.075
0.079
0.081
0.082
0.083
0.083
0.083
0.083
0.083
0.084
0.084
0.084
0.084
0.083
0.082
0.082
0.083
0.083
0.085
0.086
0.088
0.09
0.092
0.094
0.097
0.099
0.101
0.104
0.107
0.111
0.114
0.118
0.122
0.126
0.128
0.13
0.131
0.133
0.134
0.135
0.137
0.139
0.142
0.145
0.15
0.156
0.162
0.168
0.175
0.183
0.19
0.196
0.201
0.205
0.209
0.212
0.214
0.214
0.213
0.211
0.207
0.203
0.197
0.188
0.173
0.165
0.154
0.139
0.123
0.104
0.082
0.06
0.038
0.018
-0.011
-0.044
-0.079
-0.1
-0.122
-0.145
-0.162
