0.014
0.016
0.025
0.03
0.025
0.011
-0.009
-0.037
-0.058
-0.075
-0.094
-0.103
-0.108
-0.112
-0.115
-0.117
-0.118
-0.119
-0.121
-0.122
-0.124
-0.125
-0.127
-0.128
-0.13
-0.131
-0.132
-0.132
-0.133
-0.135
-0.136
-0.138
-0.14
-0.143
-0.145
-0.15
-0.156
-0.164
-0.172
-0.181
-0.19
-0.198
-0.208
-0.217
-0.223
-0.224
-0.225
-0.225
-0.225
-0.225
-0.225
-0.225
-0.225
-0.225
-0.225
-0.224
-0.224
-0.223
-0.222
-0.221
-0.22
-0.22
-0.219
-0.218
-0.217
-0.216
-0.215
-0.213
-0.211
-0.208
-0.206
-0.204
-0.202
-0.199
-0.195
-0.192
-0.187
-0.177
-0.168
-0.162
-0.156
-0.15
-0.144
-0.139
-0.14
-0.149
-0.16
-0.17
-0.181
-0.192
-0.201
-0.21
-0.215
-0.22
-0.225
-0.229
-0.232
-0.235
-0.236
-0.237
-0.237
-0.237
-0.236
-0.234
-0.23
-0.226
-0.221
-0.215
-0.19
-0.131
-0.047
0.065
0.194
0.314
0.384
0.408
0.384
0.312
0.187
0.034
-0.125
-0.278
-0.423
-0.535
-0.566
-0.556
-0.477
-0.366
-0.254
-0.159
-0.09
-0.042
-0.015
0.0
0.007
0.013
0.019
0.027
0.036
0.043
0.049
0.054
0.058
0.062
0.066
0.07
0.074
0.078
0.082
0.086
0.09
0.094
0.099
0.104
0.11
0.116
0.121
0.126
0.13
0.136
0.146
0.162
0.176
0.191
0.206
0.222
0.239
0.256
0.272
0.287
0.303
0.323
0.335
0.343
0.35
0.354
0.357
0.357
0.355
0.35
0.343
0.335
0.323
0.303
0.286
0.264
0.238
0.214
0.186
0.155
0.126
0.096
0.067
0.045
0.032
0.021
0.011
0.003
-0.003
-0.01
-0.018
-0.027
-0.034
-0.038
-0.041
-0.043
-0.046
-0.049
-0.051
-0.053
-0.054
-0.055
-0.056
-0.056
-0.057
-0.057
-0.058
-0.057
-0.057
-0.056
-0.055
-0.056
-0.056
-0.057
-0.057
-0.056
-0.056
-0.055
-0.055
-0.055
-0.055
-0.056
-0.056
-0.056
-0.056
-0.055
-0.055
-0.054
-0.053
-0.053
-0.053
-0.052
-0.05
-0.048
-0.047
-0.046
-0.044
-0.043
-0.039
-0.035
-0.03
-0.025
-0.021
-0.018
-0.015
-0.012
-0.009
-0.006
-0.003
0.0
0.007
0.013
0.016
0.013
0.005
-0.004
-0.016
-0.034
-0.053
-0.071
-0.087
-0.098
-0.106
-0.109
-0.112
-0.116
-0.119
-0.122
-0.124
-0.125
-0.126
-0.125
-0.125
-0.123
-0.12
-0.115
-0.11
-0.103
-0.095
-0.056
0.018
0.117
0.224
0.313
0.358
0.357
0.31
0.2
0.057
-0.102
-0.263
-0.411
-0.538
-0.607
-0.63
-0.607
-0.537
-0.431
-0.327
-0.246
-0.194
-0.166
-0.149
-0.138
-0.125
-0.111
-0.103
-0.098
-0.094
-0.089
-0.085
-0.081
-0.078
-0.074
-0.07
-0.066
-0.062
-0.057
-0.052
-0.048
-0.043
-0.04
-0.037
-0.034
-0.032
-0.029
-0.027
-0.023
-0.019
-0.015
-0.009
-0.001
0.007
0.016
0.026
0.037
0.047
0.057
0.072
0.09
0.103
0.11
0.115
0.119
0.122
0.124
0.123
0.121
0.116
0.109
0.099
0.08
0.048
0.021
-0.007
-0.037
-0.067
-0.096
-0.125
-0.15
-0.169
-0.189
-0.209
-0.229
-0.257
-0.267
-0.272
-0.276
-0.28
-0.284
-0.288
-0.29
-0.293
-0.295
-0.297
-0.299
-0.301
-0.301
-0.301
-0.3
-0.299
-0.297
-0.296
-0.294
-0.291
-0.289
-0.287
-0.284
-0.282
-0.28
-0.278
-0.276
-0.275
-0.274
-0.272
-0.27
-0.268
-0.265
-0.263
-0.261
-0.258
-0.256
-0.254
-0.251
-0.249
-0.248
-0.247
-0.246
-0.245
-0.243
-0.24
-0.236
-0.231
-0.224
-0.217
-0.21
-0.203
-0.196
-0.189
-0.183
-0.176
-0.171
-0.168
-0.167
-0.17
-0.176
-0.183
-0.188
-0.193
-0.197
-0.202
-0.207
-0.212
-0.215
-0.218
-0.219
-0.219
-0.217
-0.215
-0.211
-0.207
-0.203
-0.198
-0.192
-0.184
-0.175
-0.167
-0.161
-0.152
-0.118
-0.071
0.0
0.099
0.217
0.321
0.372
0.389
0.36
0.274
0.144
-0.005
-0.164
-0.315
-0.445
-0.522
-0.547
-0.525
-0.458
-0.355
-0.244
-0.148
-0.079
-0.032
-0.005
0.011
0.021
0.03
0.043
0.055
0.064
0.071
0.078
0.084
0.09
0.094
0.098
0.102
0.107
0.113
0.12
0.126
0.134
0.143
0.156
0.175
0.194
0.208
0.218
0.228
0.237
0.247
0.257
0.267
0.276
0.285
0.294
0.304
0.316
0.328
0.343
0.36
0.379
0.393
0.401
0.408
0.412
0.416
0.417
0.415
0.41
0.402
0.393
0.38
0.358
0.34
0.315
0.285
0.254
0.225
0.197
0.169
0.146
0.13
0.109
0.1
0.096
0.092
0.088
0.085
0.081
0.079
0.076
0.073
0.072
0.071
0.071
0.072
0.075
0.077
0.08
0.082
0.084
0.085
0.087
0.088
0.088
0.089
0.09
0.091
0.092
0.094
0.096
0.098
0.099
0.101
0.101
0.101
0.101
0.101
0.101
0.101
0.102
0.102
0.103
0.104
0.105
0.106
0.108
0.109
0.11
0.111
0.112
0.112
0.113
0.113
0.113
0.112
0.111
0.111
0.109
0.107
0.105
0.102
0.098
0.095
0.084
0.054
0.031
0.017
0.001
-0.013
-0.021
-0.028
-0.034
-0.04
-0.045
-0.048
-0.051
-0.053
-0.053
-0.053
-0.053
-0.052
-0.05
-0.047
-0.043
-0.037
-0.032
-0.025
0.007
0.061
0.143
0.258
0.403
0.554
0.669
0.68
0.621
0.39
0.054
-0.312
-0.618
-0.764
-0.773
-0.677
-0.501
-0.326
-0.196
-0.124
-0.085
-0.068
-0.061
-0.055
-0.05
-0.046
-0.043
-0.04
-0.036
-0.034
-0.031
-0.029
-0.026
-0.023
-0.02
-0.015
-0.009
-0.002
0.004
0.012
0.02
0.026
0.032
0.038
0.043
0.049
0.054
0.059
0.064
0.07
0.078
0.089
0.099
0.107
0.116
0.127
0.143
0.162
0.176
0.187
0.197
0.207
0.217
0.225
0.233
0.241
0.245
0.245
0.24
0.231
0.219
0.204
0.18
0.163
0.139
0.109
0.079
0.049
0.026
0.008
-0.006
-0.025
-0.052
-0.074
-0.087
-0.097
-0.105
-0.111
-0.114
-0.116
-0.118
-0.119
-0.12
-0.121
-0.122
-0.122
-0.122
-0.122
-0.122
-0.122
-0.121
-0.121
-0.12
-0.119
-0.119
-0.118
-0.117
-0.115
-0.114
-0.114
-0.113
-0.112
-0.111
-0.11
-0.108
-0.107
-0.105
-0.104
-0.103
-0.102
-0.101
-0.1
-0.1
-0.099
-0.098
-0.097
-0.096
-0.094
-0.092
-0.089
-0.086
-0.083
-0.08
-0.078
-0.076
-0.074
-0.072
-0.071
-0.069
-0.067
-0.065
-0.062
-0.058
-0.053
-0.046
-0.042
-0.042
-0.046
-0.054
-0.065
-0.078
-0.099
-0.115
-0.122
-0.127
-0.131
-0.135
-0.138
-0.14
-0.142
-0.143
-0.143
-0.143
-0.143
-0.142
-0.14
-0.137
-0.133
-0.128
-0.122
-0.116
-0.088
-0.044
0.024
0.123
0.252
0.401
0.543
0.619
0.611
0.492
0.22
-0.132
-0.483
-0.747
-0.824
-0.813
-0.682
-0.511
-0.349
-0.231
-0.165
-0.13
-0.111
-0.101
-0.094
-0.085
-0.078
-0.071
-0.064
-0.056
-0.046
-0.036
-0.028
-0.021
-0.017
-0.013
-0.011
-0.008
-0.005
-0.002
0.001
0.005
0.009
0.013
0.019
0.027
0.039
0.053
0.068
0.082
0.095
0.106
0.115
0.123
0.132
0.143
0.156
0.172
0.187
0.202
0.215
0.225
0.239
0.254
0.264
0.27
0.275
0.279
0.28
0.278
0.27
0.261
0.249
0.23
0.206
0.173
0.138
0.107
0.077
0.051
0.021
-0.005
-0.024
-0.042
-0.054
-0.064
-0.072
-0.078
-0.083
-0.087
-0.089
-0.09
-0.092
-0.093
-0.094
-0.095
-0.096
-0.096
-0.097
-0.097
