-0.036
-0.03
-0.022
-0.017
-0.016
-0.023
-0.034
-0.046
-0.058
-0.076
-0.087
-0.075
-0.054
-0.043
-0.033
-0.022
-0.012
-0.005
-0.003
-0.002
-0.002
-0.001
-0.001
0.0
0.0
-0.001
-0.004
-0.006
-0.007
-0.008
-0.009
-0.01
-0.011
-0.014
-0.016
-0.017
-0.019
-0.025
-0.037
-0.037
-0.013
0.001
0.013
0.024
0.031
0.034
0.03
0.023
0.015
0.006
-0.002
-0.017
-0.027
-0.027
-0.016
0.003
0.037
0.086
0.161
0.288
0.465
0.671
0.851
0.918
0.905
0.768
0.534
0.277
0.066
-0.015
-0.043
-0.005
0.028
0.052
0.069
0.075
0.066
0.044
0.018
-0.005
-0.035
-0.056
-0.057
-0.042
-0.024
-0.013
-0.004
0.004
0.011
0.015
0.018
0.02
0.023
0.026
0.029
0.031
0.033
0.033
0.033
0.033
0.033
0.034
0.036
0.038
0.04
0.043
0.046
0.05
0.055
0.06
0.066
0.073
0.082
0.097
0.114
0.129
0.141
0.152
0.16
0.169
0.177
0.184
0.191
0.196
0.201
0.205
0.211
0.222
0.239
0.237
0.203
0.181
0.166
0.154
0.144
0.136
0.13
0.124
0.117
0.109
0.099
0.087
0.074
0.061
0.047
0.032
0.014
-0.004
-0.025
-0.033
-0.037
-0.042
-0.046
-0.05
-0.054
-0.057
-0.059
-0.062
-0.064
-0.066
-0.067
-0.067
-0.067
-0.066
-0.065
-0.062
-0.059
-0.055
-0.052
-0.049
-0.047
-0.046
-0.046
-0.045
-0.044
-0.042
-0.039
-0.029
-0.019
-0.017
-0.021
-0.026
-0.028
-0.03
-0.032
-0.034
-0.035
-0.036
-0.039
-0.042
-0.044
-0.044
-0.042
-0.04
-0.038
-0.037
-0.037
-0.037
-0.036
-0.033
-0.03
-0.029
-0.029
-0.029
-0.025
-0.027
-0.039
-0.047
-0.053
-0.058
-0.062
-0.064
-0.063
-0.058
-0.054
-0.05
-0.046
-0.041
-0.032
-0.021
-0.013
-0.009
-0.012
-0.02
-0.03
-0.038
-0.046
-0.058
-0.072
-0.08
-0.077
-0.067
-0.055
-0.048
-0.042
-0.037
-0.034
-0.031
-0.027
-0.023
-0.022
-0.022
-0.024
-0.026
-0.03
-0.033
-0.037
-0.041
-0.046
-0.052
-0.057
-0.059
-0.056
-0.05
-0.043
-0.037
-0.032
-0.026
-0.019
-0.012
-0.008
-0.009
-0.014
-0.024
-0.034
-0.046
-0.062
-0.075
-0.077
-0.067
-0.05
-0.028
-0.001
0.007
0.015
0.022
0.026
0.017
-0.001
-0.01
-0.016
-0.022
-0.027
-0.031
-0.033
-0.037
-0.041
-0.045
-0.049
-0.051
-0.052
-0.051
-0.05
-0.05
-0.05
-0.05
-0.051
-0.052
-0.055
-0.061
-0.066
-0.06
-0.04
0.016
0.107
0.235
0.384
0.537
0.677
0.768
0.799
0.769
0.674
0.495
0.291
0.111
0.027
-0.004
-0.008
-0.001
0.007
0.014
-0.022
-0.044
-0.053
-0.061
-0.068
-0.074
-0.078
-0.08
-0.082
-0.084
-0.084
-0.082
-0.081
-0.078
-0.075
-0.071
-0.066
-0.063
-0.06
-0.058
-0.056
-0.054
-0.052
-0.048
-0.043
-0.039
-0.036
-0.032
-0.027
-0.021
-0.014
-0.008
-0.004
-0.002
0.0
0.0
0.004
0.009
0.015
0.021
0.028
0.035
0.044
0.054
0.063
0.071
0.078
0.084
0.089
0.097
0.107
0.117
0.125
0.129
0.129
0.129
0.127
0.125
0.122
0.119
0.114
0.108
0.101
0.093
0.084
0.074
0.061
0.043
0.003
-0.042
-0.054
-0.06
-0.063
-0.067
-0.07
-0.074
-0.079
-0.086
-0.091
-0.095
-0.098
-0.1
-0.103
-0.109
-0.116
-0.121
-0.12
-0.112
-0.1
-0.09
-0.085
-0.08
-0.075
-0.069
-0.062
-0.058
-0.057
-0.059
-0.064
-0.07
-0.075
-0.079
-0.083
-0.091
-0.1
-0.107
-0.11
-0.107
-0.098
-0.089
-0.082
-0.079
-0.076
-0.074
-0.07
-0.066
-0.064
-0.063
-0.062
-0.06
-0.058
-0.056
-0.054
-0.053
-0.054
-0.054
-0.054
-0.053
-0.051
-0.051
-0.051
-0.051
-0.05
-0.048
-0.046
-0.044
-0.043
-0.043
-0.043
-0.039
-0.034
-0.029
-0.027
-0.029
-0.033
-0.039
-0.045
-0.049
-0.056
-0.063
-0.069
-0.069
-0.06
-0.046
-0.029
-0.015
0.003
0.018
0.019
0.01
0.0
-0.006
-0.012
-0.019
-0.024
-0.026
-0.026
-0.024
-0.019
-0.013
-0.007
-0.002
0.002
0.007
0.012
0.017
0.02
0.023
0.025
0.025
0.025
0.024
0.022
0.018
0.013
0.006
-0.002
-0.009
-0.007
0.009
0.028
0.04
0.049
0.058
0.067
0.075
0.082
0.088
0.092
0.095
0.097
0.1
0.104
0.107
0.11
0.117
0.123
0.121
0.111
0.098
0.09
0.083
0.075
0.069
0.065
0.063
0.062
0.063
0.066
0.071
0.076
0.081
0.086
0.091
0.096
0.102
0.108
0.114
0.121
0.133
0.175
0.256
0.362
0.478
0.587
0.685
0.726
0.74
0.702
0.585
0.456
0.337
0.238
0.162
0.132
0.119
0.111
0.106
0.104
0.106
0.109
0.111
0.113
0.115
0.116
0.117
0.115
0.111
0.105
0.098
0.09
0.078
0.067
0.067
0.08
0.098
0.11
0.123
0.135
0.145
0.149
0.149
0.146
0.144
0.142
0.14
0.137
0.134
0.13
0.127
0.126
0.127
0.128
0.131
0.134
0.139
0.145
0.152
0.161
0.172
0.186
0.202
0.22
0.243
0.259
0.269
0.279
0.289
0.294
0.28
0.256
0.243
0.234
0.226
0.22
0.214
0.207
0.201
0.195
0.191
0.189
0.185
0.18
0.173
0.157
0.117
0.088
0.075
0.064
0.054
0.044
0.034
0.025
0.015
0.004
-0.005
-0.015
-0.024
-0.035
-0.047
-0.064
-0.073
-0.064
-0.048
-0.04
-0.034
-0.028
-0.023
-0.017
-0.012
-0.009
-0.006
-0.005
-0.005
-0.005
-0.006
-0.007
-0.009
-0.011
-0.015
-0.019
-0.023
-0.026
-0.033
-0.047
-0.044
-0.015
0.002
0.015
0.026
0.034
0.038
0.038
0.034
0.028
0.021
0.012
0.001
-0.016
-0.017
-0.001
0.013
0.029
0.028
0.01
-0.011
-0.031
-0.007
0.014
0.03
0.041
0.047
0.051
0.054
0.057
0.062
0.06
0.04
0.021
0.002
0.003
0.019
0.027
0.032
0.037
0.04
0.042
0.043
0.044
0.045
0.045
0.044
0.042
0.041
0.039
0.036
0.034
0.03
0.024
0.018
0.014
0.013
0.014
0.017
0.02
0.024
0.029
0.037
0.039
0.037
0.035
0.033
0.031
0.029
0.029
0.028
0.027
0.025
0.022
0.021
0.02
0.02
0.02
0.019
0.017
0.015
0.013
0.012
0.013
0.016
0.021
0.027
0.033
0.041
0.05
0.054
0.051
0.045
0.039
0.036
0.035
0.033
0.031
0.029
0.026
0.024
0.022
0.019
0.015
0.011
0.009
0.008
0.006
0.005
0.003
0.001
-0.001
-0.004
-0.007
-0.013
-0.021
-0.026
-0.027
-0.023
-0.016
-0.005
0.013
0.051
0.121
0.235
0.397
0.589
0.769
0.876
0.887
0.833
0.673
0.462
0.268
0.14
0.098
0.086
0.074
0.058
0.039
0.001
-0.037
-0.052
-0.06
-0.066
-0.072
-0.077
-0.082
-0.089
-0.099
-0.097
-0.077
-0.063
-0.054
-0.045
-0.037
-0.031
-0.027
-0.024
-0.02
-0.016
-0.011
-0.006
-0.002
0.0
0.0
-0.003
-0.007
-0.013
-0.019
-0.029
-0.044
-0.026
-0.006
0.01
0.012
0.003
-0.008
-0.019
0.002
0.022
0.034
0.046
0.058
0.07
0.081
0.094
0.112
0.121
0.115
0.105
0.1
0.097
0.094
0.092
0.09
0.088
0.086
0.083
0.079
0.076
0.072
0.067
0.063
0.058
0.053
0.045
0.03
0.014
-0.002
-0.03
-0.078
-0.102
-0.11
-0.119
-0.126
-0.132
-0.137
-0.139
-0.142
-0.143
-0.145
-0.146
