-0.106
-0.105
-0.104
-0.103
-0.102
-0.1
-0.097
-0.095
-0.093
-0.091
-0.089
-0.086
-0.082
-0.078
-0.075
-0.071
-0.067
-0.062
-0.048
-0.03
-0.015
-0.006
0.002
0.009
0.015
0.021
0.026
0.03
0.034
0.036
0.036
0.036
0.035
0.033
0.03
0.025
0.019
0.013
0.007
0.001
-0.002
-0.005
-0.009
-0.012
-0.016
-0.02
-0.024
-0.028
-0.032
-0.036
-0.041
-0.045
-0.047
-0.048
-0.047
-0.044
-0.041
-0.038
-0.035
-0.03
-0.025
-0.018
-0.01
-0.002
0.006
0.03
0.09
0.197
0.318
0.453
0.589
0.687
0.722
0.688
0.583
0.352
0.077
-0.174
-0.33
-0.381
-0.366
-0.321
-0.239
-0.185
-0.152
-0.136
-0.124
-0.113
-0.101
-0.089
-0.078
-0.067
-0.057
-0.049
-0.042
-0.036
-0.032
-0.027
-0.023
-0.019
-0.016
-0.013
-0.011
-0.009
-0.006
-0.003
0.0
0.003
0.006
0.01
0.015
0.019
0.023
0.028
0.034
0.04
0.049
0.06
0.081
0.103
0.124
0.145
0.169
0.197
0.222
0.244
0.264
0.282
0.297
0.309
0.319
0.327
0.334
0.34
0.345
0.349
0.35
0.348
0.342
0.334
0.324
0.312
0.297
0.272
0.249
0.228
0.204
0.175
0.147
0.12
0.092
0.064
0.035
0.007
-0.018
-0.035
-0.046
-0.056
-0.066
-0.077
-0.087
-0.096
-0.102
-0.107
-0.112
-0.116
-0.121
-0.124
-0.127
-0.13
-0.133
-0.136
-0.137
-0.138
-0.138
-0.138
-0.138
-0.137
-0.137
-0.136
-0.134
-0.134
-0.134
-0.136
-0.137
-0.138
-0.136
-0.132
-0.128
-0.124
-0.121
-0.119
-0.116
-0.114
-0.112
-0.111
-0.11
-0.11
-0.111
-0.11
-0.11
-0.109
-0.108
-0.108
-0.107
-0.106
-0.104
-0.102
-0.099
-0.097
-0.095
-0.093
-0.091
-0.088
-0.084
-0.078
-0.073
-0.066
-0.052
-0.037
-0.024
-0.012
0.002
0.019
0.025
0.027
0.028
0.03
0.031
0.031
0.031
0.027
0.019
0.009
0.0
-0.008
-0.018
-0.029
-0.036
-0.038
-0.037
-0.036
-0.034
-0.033
-0.033
-0.034
-0.035
-0.036
-0.037
-0.037
-0.037
-0.037
-0.036
-0.034
-0.032
-0.028
-0.023
-0.018
-0.011
-0.004
0.003
0.023
0.069
0.15
0.248
0.36
0.481
0.596
0.678
0.687
0.642
0.479
0.242
-0.013
-0.233
-0.35
-0.389
-0.365
-0.292
-0.195
-0.114
-0.076
-0.062
-0.056
-0.052
-0.049
-0.046
-0.043
-0.039
-0.034
-0.03
-0.025
-0.019
-0.014
-0.01
-0.005
0.0
0.005
0.013
0.022
0.031
0.038
0.045
0.051
0.057
0.063
0.069
0.076
0.083
0.09
0.098
0.107
0.117
0.128
0.142
0.16
0.176
0.189
0.2
0.211
0.223
0.236
0.251
0.263
0.275
0.286
0.298
0.309
0.319
0.326
0.332
0.339
0.344
0.349
0.351
0.351
0.349
0.345
0.339
0.332
0.322
0.301
0.266
0.236
0.202
0.17
0.146
0.119
0.082
0.042
0.007
-0.03
-0.061
-0.084
-0.104
-0.132
-0.16
-0.167
-0.17
-0.172
-0.174
-0.176
-0.177
-0.178
-0.179
-0.179
-0.179
-0.179
-0.179
-0.179
-0.178
-0.178
-0.178
-0.179
-0.179
-0.18
-0.181
-0.182
-0.182
-0.181
-0.18
-0.178
-0.176
-0.175
-0.173
-0.172
-0.17
-0.169
-0.168
-0.166
-0.165
-0.164
-0.161
-0.156
-0.151
-0.146
-0.141
-0.135
-0.131
-0.126
-0.121
-0.117
-0.113
-0.109
-0.105
-0.101
-0.096
-0.092
-0.087
-0.083
-0.079
-0.075
-0.071
-0.066
-0.061
-0.055
-0.045
-0.035
-0.023
-0.011
-0.001
0.008
0.016
0.022
0.024
0.025
0.025
0.026
0.026
0.027
0.027
0.019
0.005
-0.003
-0.011
-0.018
-0.023
-0.027
-0.031
-0.033
-0.035
-0.037
-0.04
-0.043
-0.045
-0.047
-0.048
-0.048
-0.046
-0.042
-0.036
-0.029
-0.021
-0.007
0.005
0.019
0.063
0.126
0.207
0.304
0.409
0.512
0.586
0.61
0.581
0.492
0.31
0.091
-0.113
-0.262
-0.322
-0.326
-0.29
-0.229
-0.175
-0.145
-0.114
-0.086
-0.064
-0.048
-0.039
-0.034
-0.031
-0.029
-0.028
-0.026
-0.023
-0.019
-0.014
-0.009
-0.002
0.005
0.014
0.028
0.04
0.049
0.055
0.06
0.064
0.067
0.07
0.072
0.075
0.078
0.081
0.084
0.088
0.093
0.099
0.106
0.12
0.144
0.158
0.172
0.188
0.209
0.227
0.24
0.251
0.259
0.266
0.274
0.285
0.301
0.311
0.317
0.323
0.327
0.329
0.329
0.327
0.321
0.314
0.305
0.286
0.256
0.235
0.218
0.2
0.176
0.144
0.108
0.075
0.044
0.016
-0.004
-0.02
-0.039
-0.058
-0.076
-0.087
-0.094
-0.1
-0.107
-0.115
-0.124
-0.128
-0.132
-0.136
-0.139
-0.141
-0.143
-0.143
-0.144
-0.144
-0.144
-0.144
-0.143
-0.141
-0.139
-0.138
-0.137
-0.136
-0.136
-0.135
-0.134
-0.134
-0.133
-0.132
-0.131
-0.13
-0.128
-0.126
-0.124
-0.122
-0.121
-0.119
-0.117
-0.116
-0.114
-0.112
-0.11
-0.108
-0.106
-0.103
-0.1
-0.096
-0.092
-0.088
-0.084
-0.08
-0.075
-0.07
-0.066
-0.061
-0.056
-0.05
-0.042
-0.032
-0.027
-0.025
-0.023
-0.022
-0.02
-0.019
-0.017
-0.016
-0.016
-0.019
-0.026
-0.035
-0.043
-0.051
-0.06
-0.069
-0.075
-0.078
-0.078
-0.079
-0.079
-0.08
-0.081
-0.082
-0.083
-0.084
-0.084
-0.084
-0.084
-0.084
-0.083
-0.081
-0.078
-0.075
-0.069
-0.064
-0.057
-0.043
-0.009
0.05
0.129
0.226
0.334
0.437
0.516
0.528
0.509
0.384
0.186
-0.045
-0.249
-0.376
-0.4
-0.392
-0.328
-0.269
-0.223
-0.184
-0.158
-0.141
-0.132
-0.126
-0.12
-0.115
-0.111
-0.107
-0.1
-0.09
-0.073
-0.064
-0.06
-0.056
-0.053
-0.051
-0.048
-0.046
-0.043
-0.04
-0.037
-0.034
-0.031
-0.027
-0.024
-0.019
-0.012
-0.003
0.003
0.009
0.016
0.027
0.043
0.061
0.08
0.098
0.115
0.132
0.149
0.168
0.182
0.192
0.202
0.21
0.218
0.23
0.244
0.252
0.257
0.262
0.265
0.267
0.267
0.263
0.256
0.248
0.237
0.22
0.209
0.194
0.174
0.153
0.128
0.1
0.073
0.046
0.02
-0.003
-0.031
-0.057
-0.076
-0.093
-0.11
-0.126
-0.138
-0.143
-0.147
-0.15
-0.153
-0.156
-0.158
-0.16
-0.161
-0.162
-0.163
-0.163
-0.163
-0.162
-0.162
-0.161
-0.161
-0.161
-0.162
-0.164
-0.165
-0.167
-0.168
-0.169
-0.168
-0.167
-0.165
-0.163
-0.16
-0.157
-0.154
-0.15
-0.148
-0.147
-0.146
-0.145
-0.143
-0.141
-0.139
-0.137
-0.135
-0.132
-0.129
-0.125
-0.122
-0.119
-0.116
-0.113
-0.108
-0.098
-0.087
-0.077
-0.064
-0.05
-0.039
-0.034
-0.03
-0.026
-0.023
-0.021
-0.019
-0.018
-0.017
-0.016
-0.015
-0.014
-0.014
-0.014
-0.015
-0.017
-0.018
-0.021
-0.023
-0.027
-0.03
-0.033
-0.035
-0.038
-0.04
-0.043
-0.046
-0.05
-0.054
-0.058
-0.061
-0.063
-0.065
-0.065
-0.065
-0.064
-0.063
-0.06
-0.057
-0.051
-0.045
-0.033
-0.008
0.037
0.092
0.163
0.251
0.354
0.465
0.567
0.639
0.644
0.598
0.44
0.215
-0.029
-0.24
-0.36
-0.377
-0.346
-0.262
-0.177
-0.117
-0.087
-0.071
-0.063
-0.056
-0.05
-0.044
-0.039
-0.033
-0.024
-0.01
0.004
0.011
0.015
0.018
0.02
0.022
0.024
0.027
0.03
0.033
0.035
0.037
0.039
0.042
0.044
0.049
0.058
0.067
0.076
0.085
0.094
0.103
0.112
0.122
0.135
0.148
0.164
0.185
0.207
0.226
0.243
0.264
0.284
0.299
0.312
0.319
0.323
0.327
0.33
0.332
0.333
0.334
0.335
0.334
0.334
0.332
0.33
0.326
0.322
0.317
0.306
0.284
0.251
0.212
0.189
0.151
0.115
0.074
0.047
0.023
0.004
-0.009
-0.027
-0.05
-0.068
-0.079
-0.091
-0.104
-0.108
-0.111
-0.113
-0.115
-0.117
-0.119
-0.12
-0.122
-0.123
-0.123
-0.124
-0.124
-0.124
-0.124
-0.123
-0.122
-0.122
-0.122
-0.123
-0.124
-0.124
-0.125
-0.126
-0.127
-0.128
-0.129
-0.13
-0.131
-0.132
-0.133
-0.135
-0.141
-0.146
-0.149
-0.147
-0.141
-0.135
-0.13
-0.127
-0.124
-0.12
-0.117
-0.113
-0.109
-0.105
-0.1
-0.095
-0.089
-0.078
-0.068
-0.058
-0.049
-0.041
-0.033
-0.025
-0.018
-0.013
-0.009
-0.005
-0.002
0.0
0.0
0.0
-0.002
-0.004
-0.008
-0.012
-0.016
-0.023
-0.035
-0.049
-0.054
-0.058
-0.061
-0.064
-0.067
-0.069
-0.07
-0.072
-0.073
-0.074
-0.075
-0.075
-0.075
-0.074
-0.072
-0.071
-0.069
-0.066
-0.063
-0.06
-0.055
-0.05
-0.044
-0.012
0.04
0.115
0.212
0.326
0.451
0.564
0.636
0.642
0.598
0.452
0.229
-0.021
-0.242
-0.387
-0.416
-0.407
-0.33
-0.245
-0.17
-0.122
-0.095
-0.082
-0.075
-0.071
-0.067
-0.063
-0.057
-0.054
-0.05
-0.048
-0.045
-0.042
-0.04
-0.037
-0.035
-0.032
-0.03
-0.027
-0.023
-0.019
-0.014
-0.006
0.009
0.021
0.03
0.037
0.043
0.05
0.058
0.065
0.072
0.08
0.088
0.097
0.113
0.136
0.154
0.167
0.181
0.195
0.209
0.224
0.24
0.255
0.268
0.281
0.294
0.306
0.314
0.32
0.325
0.327
0.327
0.324
0.319
0.313
0.306
0.297
0.287
0.276
0.259
0.232
0.203
0.173
0.142
0.114
0.072
0.034
-0.004
-0.029
-0.049
-0.061
-0.073
-0.083
-0.092
-0.1
-0.108
-0.114
-0.119
-0.128
-0.138
-0.144
-0.146
-0.147
-0.148
-0.148
-0.148
-0.149
-0.149
-0.15
-0.151
-0.151
-0.152
-0.152
-0.153
-0.153
-0.153
-0.152
-0.152
-0.152
-0.151
-0.151
-0.152
-0.152
-0.153
-0.154
-0.157
-0.159
-0.158
-0.151
-0.143
-0.138
-0.134
-0.13
-0.127
-0.124
-0.12
-0.116
-0.113
-0.111
-0.109
-0.107
-0.104
-0.1
-0.093
-0.078
-0.07
-0.065
-0.061
-0.058
-0.054
-0.049
-0.043
-0.037
-0.031
-0.024
-0.017
-0.013
-0.009
-0.005
0.0
0.003
-0.003
-0.015
-0.021
-0.027
-0.032
-0.035
-0.038
-0.04
-0.042
-0.042
-0.042
-0.042
-0.041
-0.04
-0.04
-0.039
-0.038
-0.037
-0.034
-0.032
-0.03
-0.03
-0.03
-0.032
-0.033
-0.036
-0.043
-0.043
-0.02
0.018
0.072
0.143
0.235
0.344
0.463
0.583
0.675
0.714
0.672
0.535
0.313
0.057
-0.183
-0.36
-0.431
-0.434
-0.378
-0.286
-0.202
-0.136
-0.095
-0.074
-0.063
-0.057
-0.052
-0.046
-0.04
-0.033
-0.027
-0.021
-0.015
-0.009
-0.004
0.0
0.004
0.008
0.011
0.015
0.018
0.021
0.023
0.026
0.029
0.034
0.041
0.049
0.057
0.067
0.078
0.088
0.101
0.119
0.135
0.146
0.159
0.172
0.185
0.197
0.213
0.234
0.251
0.26
0.27
0.281
0.293
0.307
0.32
0.328
0.334
0.338
0.342
0.343
0.341
0.338
0.331
0.323
0.308
0.281
0.26
0.245
0.233
0.218
0.198
0.177
0.154
0.13
0.105
0.08
0.053
0.023
-0.005
-0.035
-0.063
-0.089
-0.115
-0.126
-0.132
-0.136
-0.14
-0.143
-0.146
-0.148
-0.15
-0.151
-0.152
-0.154
-0.155
-0.156
-0.157
-0.158
-0.16
-0.161
-0.162
-0.162
-0.161
-0.159
-0.157
-0.154
-0.151
-0.149
-0.147
-0.146
-0.146
-0.145
-0.145
-0.145
-0.145
-0.146
-0.146
-0.146
-0.145
-0.145
-0.143
-0.142
-0.141
-0.139
-0.137
-0.135
-0.133
-0.13
-0.126
-0.121
-0.112
-0.102
-0.093
-0.083
-0.072
-0.062
-0.051
-0.042
-0.036
-0.032
-0.029
-0.026
-0.023
-0.02
-0.018
-0.016
-0.016
-0.016
-0.017
-0.019
-0.022
-0.025
-0.029
-0.032
-0.035
-0.037
-0.04
-0.043
-0.045
-0.047
-0.049
-0.052
-0.055
-0.057
-0.059
-0.06
-0.059
-0.058
-0.056
-0.055
-0.053
-0.05
-0.048
-0.045
-0.042
-0.038
-0.029
-0.007
0.03
0.087
0.169
0.27
0.379
0.485
0.564
0.575
0.549
0.43
0.247
0.031
-0.172
-0.32
-0.371
-0.371
-0.319
-0.247
-0.188
-0.146
-0.112
-0.09
-0.069
-0.054
-0.038
-0.028
-0.021
-0.016
-0.011
-0.005
0.0
0.004
0.008
0.011
0.014
0.017
0.02
0.023
0.026
0.029
0.032
0.035
0.039
0.043
0.049
0.055
0.061
0.067
0.073
0.083
0.097
0.11
0.121
0.13
0.14
0.149
0.16
0.173
0.186
0.199
0.213
0.227
0.241
0.255
0.273
0.286
0.296
0.304
0.307
0.309
0.311
0.313
0.315
0.317
0.316
0.31
0.299
0.281
0.258
0.239
0.215
0.186
0.159
0.136
0.119
0.104
0.083
0.057
0.032
0.005
-0.023
-0.05
-0.07
-0.082
-0.093
-0.103
-0.106
-0.108
-0.109
-0.11
-0.111
-0.113
-0.114
-0.116
-0.117
-0.119
-0.121
-0.122
-0.122
-0.122
-0.121
-0.121
-0.12
-0.119
-0.118
-0.115
-0.113
-0.111
-0.11
-0.109
-0.108
-0.107
-0.105
-0.103
-0.101
-0.1
-0.098
-0.095
-0.09
-0.086
-0.082
-0.079
-0.076
-0.073
-0.069
-0.066
-0.062
-0.058
-0.054
-0.048
-0.041
-0.034
-0.028
-0.023
-0.018
-0.013
-0.009
-0.004
-0.001
0.001
0.003
0.005
0.006
0.007
0.007
0.005
0.003
0.0
-0.003
-0.006
-0.009
-0.011
-0.014
-0.017
-0.02
-0.024
-0.027
-0.03
-0.033
-0.036
-0.039
-0.042
-0.045
-0.046
-0.047
-0.047
-0.046
-0.045
-0.045
-0.044
-0.042
-0.04
-0.038
-0.035
-0.031
-0.027
-0.006
0.036
0.098
0.179
0.28
0.386
0.483
0.552
0.562
0.537
0.412
0.221
0.004
-0.192
-0.33
-0.36
-0.352
-0.283
-0.205
-0.147
-0.125
-0.112
-0.1
-0.088
-0.066
-0.055
-0.047
-0.042
-0.038
-0.034
-0.031
-0.028
-0.024
-0.021
-0.019
-0.016
-0.014
-0.013
-0.011
-0.01
-0.008
-0.006
-0.003
0.0
0.002
0.005
0.008
0.01
0.013
0.017
0.021
0.029
0.045
0.061
0.077
0.093
0.106
0.123
0.146
0.165
0.177
0.189
0.2
0.213
0.228
0.243
0.251
0.257
0.262
0.265
0.267
0.268
0.268
0.266
0.263
0.259
0.254
0.247
0.234
0.218
0.195
0.166
0.142
0.123
0.105
0.081
0.051
0.02
-0.009
-0.033
-0.051
-0.068
-0.085
-0.103
-0.121
-0.133
-0.141
-0.147
-0.151
-0.154
-0.156
-0.159
-0.16
-0.161
-0.163
-0.164
-0.166
-0.167
-0.168
-0.169
-0.17
-0.17
-0.17
-0.17
-0.169
-0.168
-0.168
-0.167
-0.167
-0.167
-0.166
-0.165
-0.163
-0.161
-0.159
-0.157
-0.155
-0.153
-0.152
-0.15
-0.148
-0.146
-0.145
-0.142
-0.14
-0.138
-0.136
-0.134
-0.132
-0.129
-0.127
-0.124
-0.121
-0.116
-0.109
-0.093
-0.076
-0.062
-0.051
-0.043
-0.037
-0.032
-0.028
-0.024
-0.021
-0.02
-0.02
-0.024
-0.03
-0.037
-0.045
-0.056
-0.065
-0.074
-0.078
-0.081
-0.084
-0.086
-0.088
-0.089
-0.09
-0.091
-0.091
-0.092
-0.093
-0.094
-0.095
-0.096
-0.095
-0.094
-0.093
-0.092
-0.09
-0.088
-0.086
-0.083
-0.078
-0.072
-0.067
-0.036
0.031
0.125
0.237
0.359
0.479
0.578
0.608
0.592
0.473
0.263
0.022
