0.167
0.178
0.188
0.195
0.202
0.219
0.246
0.267
0.281
0.297
0.314
0.332
0.355
0.375
0.391
0.401
0.408
0.414
0.42
0.429
0.436
0.443
0.447
0.449
0.445
0.439
0.437
0.435
0.431
0.426
0.421
0.416
0.412
0.41
0.412
0.419
0.429
0.44
0.459
0.483
0.501
0.511
0.514
0.515
0.517
0.521
0.53
0.552
0.588
0.622
0.651
0.671
0.683
0.689
0.696
0.703
0.7
0.681
0.667
0.656
0.647
0.642
0.639
0.637
0.637
0.636
0.635
0.631
0.624
0.61
0.592
0.577
0.564
0.553
0.544
0.537
0.531
0.526
0.519
0.511
0.499
0.483
0.461
0.444
0.429
0.413
0.398
0.385
0.374
0.363
0.35
0.334
0.314
0.298
0.286
0.278
0.271
0.262
0.242
0.21
0.174
0.141
0.117
0.101
0.079
0.065
0.056
0.049
0.047
0.046
0.045
0.043
0.039
0.034
0.029
0.022
0.01
-0.001
-0.013
-0.027
-0.036
-0.017
0.016
0.057
0.08
0.087
0.09
0.092
0.094
0.097
0.1
0.103
0.106
0.108
0.109
0.111
0.118
0.129
0.148
0.181
0.211
0.225
0.229
0.218
0.193
0.178
0.171
0.166
0.162
0.158
0.155
0.153
0.154
0.158
0.169
0.193
0.22
0.25
0.283
0.317
0.352
0.384
0.416
0.443
0.464
0.477
0.467
0.435
0.387
0.335
0.278
0.213
0.146
0.077
-0.002
-0.111
-0.264
-0.482
-0.777
-1.135
-1.518
-1.864
-2.111
-2.215
-2.166
-2.005
-1.806
-1.633
-1.514
-1.438
-1.373
-1.294
-1.197
-1.088
-0.979
-0.881
-0.797
-0.72
-0.647
-0.576
-0.511
-0.448
-0.389
-0.334
-0.302
-0.269
-0.237
-0.205
-0.172
-0.137
-0.106
-0.058
-0.018
0.03
0.091
0.152
0.205
0.234
0.265
0.303
0.347
0.389
0.415
0.429
0.435
0.436
0.435
0.432
0.423
0.406
0.374
0.325
0.296
0.282
0.273
0.268
0.267
0.267
0.271
0.279
0.293
0.32
0.358
0.383
0.401
0.421
0.444
0.466
0.479
0.492
0.501
0.481
0.429
0.376
0.325
0.278
0.232
0.184
0.13
0.07
0.038
0.026
0.029
0.035
0.04
0.041
0.039
0.034
0.029
0.024
0.019
0.013
-0.002
-0.033
-0.06
-0.091
-0.115
-0.13
-0.14
-0.143
-0.143
-0.143
-0.144
-0.145
-0.144
-0.144
-0.146
-0.147
-0.146
-0.14
-0.131
-0.119
-0.108
-0.098
-0.089
-0.083
-0.076
-0.069
-0.062
-0.056
-0.053
-0.052
-0.05
-0.045
-0.04
-0.035
-0.031
-0.021
-0.012
0.0
0.008
0.012
0.014
0.016
0.017
0.018
0.018
0.019
0.021
0.022
0.022
0.021
0.02
0.017
0.013
0.008
0.003
0.0
-0.003
-0.01
-0.027
-0.045
-0.063
-0.082
-0.101
-0.125
-0.154
-0.176
-0.193
-0.209
-0.23
-0.257
-0.281
-0.299
-0.316
-0.332
-0.345
-0.36
-0.374
-0.391
-0.409
-0.425
-0.431
-0.434
-0.437
-0.44
-0.442
-0.443
-0.444
-0.445
-0.447
-0.448
-0.449
-0.449
-0.448
-0.447
-0.445
-0.443
-0.44
-0.435
-0.43
-0.426
-0.402
-0.359
-0.313
-0.267
-0.219
-0.169
-0.121
-0.072
-0.037
-0.005
0.016
0.034
0.046
0.056
0.061
0.06
0.054
0.045
0.03
0.003
-0.019
-0.038
-0.059
-0.082
-0.102
-0.111
-0.114
-0.116
-0.117
-0.117
-0.116
-0.116
-0.116
-0.118
-0.118
-0.117
-0.116
-0.115
-0.113
-0.11
-0.106
-0.102
-0.098
-0.094
-0.085
-0.062
-0.034
-0.008
0.014
0.042
0.071
0.089
0.091
0.092
0.093
0.095
0.096
0.097
0.098
0.1
0.104
0.109
0.114
0.118
0.122
0.126
0.131
0.134
0.137
0.139
0.141
0.142
0.143
0.144
0.146
0.147
0.148
0.149
0.148
0.145
0.141
0.136
0.132
0.128
0.124
0.121
0.118
0.112
0.097
0.083
0.07
0.058
0.048
0.039
0.03
0.022
0.015
0.007
-0.001
-0.01
-0.019
-0.028
-0.038
-0.05
-0.064
-0.08
-0.098
-0.119
-0.142
-0.156
-0.166
-0.173
-0.18
-0.186
-0.192
-0.196
-0.2
-0.208
-0.218
-0.232
-0.24
-0.245
-0.249
-0.253
-0.255
-0.254
-0.249
-0.242
-0.234
-0.226
-0.217
-0.208
-0.199
-0.19
-0.183
-0.177
-0.172
-0.167
-0.16
-0.151
-0.143
-0.134
-0.123
-0.108
-0.088
-0.075
-0.065
-0.056
-0.046
-0.036
-0.026
-0.008
0.014
0.035
0.059
0.078
0.089
0.096
0.101
0.107
0.113
0.113
0.109
0.106
0.102
0.099
0.101
0.109
0.121
0.136
0.157
0.169
0.174
0.177
0.18
0.182
0.185
0.186
0.186
0.186
0.187
0.188
0.188
0.188
0.189
0.191
0.191
0.19
0.188
0.184
0.18
0.176
0.17
0.165
0.16
0.156
0.151
0.141
0.13
0.123
0.122
0.126
0.132
0.139
0.145
0.157
0.163
0.156
0.141
0.118
0.096
0.09
0.086
0.081
0.077
0.074
0.074
0.077
0.081
0.085
0.091
0.098
0.107
0.115
0.123
0.133
0.169
0.219
0.272
0.323
0.373
0.406
0.43
0.444
0.454
0.459
0.459
0.454
0.445
0.434
0.413
0.381
0.338
0.294
0.243
0.19
0.138
0.115
0.104
0.096
0.093
0.099
0.113
0.126
0.14
0.147
0.141
0.131
0.12
0.108
0.098
0.09
0.082
0.074
0.069
0.071
0.076
0.079
0.083
0.087
0.089
0.089
0.084
0.075
0.063
0.041
0.013
0.004
0.001
-0.002
-0.004
-0.005
-0.005
-0.006
-0.008
-0.01
-0.012
-0.012
-0.012
-0.012
-0.01
-0.009
-0.007
-0.004
-0.003
-0.002
-0.001
-0.001
-0.001
-0.001
0.0
0.0
0.003
0.008
0.011
0.01
0.005
0.0
-0.005
-0.01
-0.015
-0.019
-0.02
-0.017
-0.011
-0.002
0.005
0.012
0.02
0.029
0.034
0.034
0.029
0.021
0.011
-0.006
-0.038
-0.065
-0.084
-0.094
-0.099
-0.102
-0.105
-0.107
-0.109
-0.111
-0.116
-0.122
-0.127
-0.134
-0.143
-0.157
-0.17
-0.183
-0.191
-0.197
-0.202
-0.207
-0.21
-0.212
-0.213
-0.213
-0.21
-0.207
-0.202
-0.198
-0.193
-0.19
-0.187
-0.184
-0.182
-0.181
-0.181
-0.183
-0.187
-0.191
-0.195
-0.199
-0.204
-0.213
-0.212
-0.194
-0.178
-0.162
-0.154
-0.15
-0.147
-0.144
-0.142
-0.143
-0.153
-0.166
-0.175
-0.183
-0.192
-0.199
-0.202
-0.201
-0.196
-0.19
-0.181
-0.171
-0.156
-0.146
-0.14
-0.13
-0.122
-0.139
-0.158
-0.173
-0.186
-0.198
-0.208
-0.216
-0.224
-0.227
-0.227
-0.225
-0.221
-0.217
-0.213
-0.208
-0.204
-0.2
-0.196
-0.193
-0.191
-0.19
-0.191
-0.192
-0.193
-0.195
-0.196
-0.197
-0.198
-0.199
-0.2
-0.202
-0.204
-0.211
-0.216
-0.212
-0.203
-0.199
-0.196
-0.193
-0.19
-0.187
-0.184
-0.181
-0.179
-0.178
-0.176
-0.174
-0.171
-0.168
-0.163
-0.154
-0.134
-0.118
-0.097
-0.072
-0.032
0.017
0.074
0.136
0.204
0.271
0.331
0.382
0.411
0.431
0.445
0.443
0.426
0.401
0.363
0.319
0.279
0.246
0.222
0.214
0.21
0.207
0.205
0.204
0.207
0.212
0.218
0.222
0.226
0.232
0.238
0.243
0.246
0.246
0.242
0.236
0.227
0.218
0.21
0.204
0.199
0.194
0.19
0.186
0.182
0.178
0.173
0.168
0.164
0.161
0.158
0.156
0.154
0.152
0.15
0.146
0.141
0.136
0.129
0.122
0.113
0.097
0.07
0.058
0.051
0.047
0.044
0.043
0.048
0.055
0.062
0.066
0.071
0.076
0.083
0.089
0.095
0.099
0.101
0.102
0.103
0.104
0.105
0.106
0.109
0.115
0.119
0.111
0.098
0.092
0.088
0.085
0.082
0.08
0.078
0.076
0.075
0.072
0.069
0.067
0.065
0.064
0.064
0.063
0.061
0.058
0.054
0.048
0.039
0.02
0.006
-0.001
-0.006
-0.009
-0.011
-0.012
-0.011
-0.009
-0.005
-0.001
0.001
0.003
0.007
0.01
0.014
0.015
0.014
0.012
0.01
0.009
0.007
0.005
0.002
0.0
-0.002
-0.002
-0.002
0.0
0.001
0.003
0.008
0.014
0.003
-0.004
-0.01
-0.014
-0.017
-0.019
-0.018
-0.015
-0.009
-0.003
0.002
0.005
0.009
0.013
0.018
0.023
0.025
0.027
0.027
0.026
0.022
0.017
0.012
0.006
0.001
-0.004
-0.012
-0.02
-0.024
-0.028
-0.034
-0.041
-0.039
-0.024
-0.015
-0.009
-0.002
0.003
0.006
0.006
0.003
-0.001
-0.007
-0.015
-0.024
-0.038
-0.047
-0.054
-0.058
-0.061
-0.063
-0.064
-0.066
-0.067
-0.069
-0.071
-0.073
-0.075
-0.076
-0.077
-0.079
-0.081
-0.085
-0.091
-0.098
-0.104
-0.109
-0.113
-0.116
-0.119
-0.123
-0.125
-0.126
-0.123
-0.117
-0.107
-0.09
-0.062
-0.037
-0.018
-0.001
0.019
0.05
0.086
0.117
0.163
0.206
0.254
0.281
0.302
0.316
0.317
0.304
0.27
0.216
0.157
0.102
0.068
0.031
-0.001
-0.023
-0.038
-0.05
-0.06
-0.075
-0.098
-0.121
-0.145
-0.166
-0.181
-0.189
-0.194
-0.197
-0.2
-0.203
-0.208
-0.214
-0.219
-0.223
-0.227
-0.232
-0.24
-0.245
-0.248
-0.251
-0.254
-0.258
-0.261
-0.263
-0.264
-0.263
-0.258
-0.25
-0.242
-0.234
-0.228
-0.223
-0.218
-0.214
-0.21
-0.207
-0.203
-0.2
-0.198
-0.197
-0.194
-0.19
-0.184
-0.171
-0.143
-0.11
-0.076
-0.053
-0.039
-0.03
-0.027
-0.025
-0.024
-0.024
-0.024
-0.024
-0.025
-0.026
-0.027
-0.027
-0.026
-0.025
-0.023
-0.021
-0.017
-0.014
-0.011
-0.008
-0.005
0.0
0.007
0.012
0.013
0.01
0.005
0.001
-0.002
-0.007
-0.011
-0.016
-0.019
-0.02
-0.02
-0.018
-0.016
-0.012
-0.009
-0.005
-0.003
-0.001
-0.001
-0.004
-0.01
-0.016
-0.022
-0.026
-0.029
-0.032
-0.036
-0.04
-0.044
-0.047
-0.049
-0.05
-0.048
-0.045
-0.041
-0.036
-0.032
-0.029
-0.028
-0.027
-0.026
-0.022
-0.017
-0.012
-0.009
-0.008
-0.008
-0.009
-0.011
-0.014
-0.02
-0.023
-0.02
-0.014
-0.012
-0.01
-0.009
-0.007
-0.006
-0.005
-0.004
-0.002
0.0
0.0
0.002
0.003
0.005
0.008
0.011
0.016
0.023
0.033
0.04
0.045
0.048
0.051
0.054
0.058
0.055
0.035
0.02
0.007
-0.002
-0.01
-0.016
-0.021
-0.023
-0.024
-0.025
-0.025
-0.025
-0.026
-0.026
-0.027
-0.027
-0.029
-0.031
-0.033
-0.034
-0.035
-0.035
-0.035
-0.036
-0.036
-0.036
-0.037
-0.038
-0.039
-0.04
-0.041
-0.04
-0.038
-0.036
-0.034
-0.031
-0.03
-0.028
-0.028
-0.027
-0.025
-0.022
-0.015
-0.006
0.005
0.026
0.057
0.085
0.113
0.14
0.17
0.224
0.28
0.328
0.345
0.352
0.347
0.332
0.309
0.278
0.233
0.176
0.108
0.044
0.003
-0.01
-0.019
-0.028
-0.036
-0.042
-0.046
-0.049
-0.052
-0.054
-0.055
-0.055
-0.056
-0.058
-0.061
-0.064
-0.066
-0.068
-0.07
-0.071
-0.072
-0.073
-0.073
-0.074
-0.075
-0.076
-0.077
-0.078
-0.079
-0.08
-0.081
-0.08
-0.079
-0.078
-0.076
-0.074
-0.072
-0.07
-0.07
-0.071
-0.071
-0.072
-0.072
-0.072
-0.07
-0.068
-0.064
-0.06
-0.057
-0.054
-0.052
-0.05
-0.048
-0.047
-0.042
-0.036
-0.028
-0.02
-0.012
-0.007
-0.004
-0.003
-0.002
-0.002
-0.003
-0.003
-0.003
-0.001
0.0
0.003
0.004
0.004
0.004
0.003
0.001
-0.001
-0.004
-0.006
-0.008
-0.01
-0.013
-0.015
-0.017
-0.019
-0.021
-0.024
-0.026
-0.028
-0.03
-0.031
-0.032
-0.033
-0.033
-0.034
-0.034
-0.034
-0.034
-0.034
-0.034
-0.034
-0.034
-0.033
-0.032
-0.031
-0.028
-0.025
-0.022
-0.021
-0.02
-0.02
-0.02
-0.02
-0.019
-0.018
-0.016
-0.018
-0.027
-0.04
-0.051
-0.065
-0.073
-0.064
-0.047
-0.034
-0.021
-0.01
-0.005
-0.003
-0.001
0.0
0.002
0.001
-0.011
-0.025
-0.04
-0.041
-0.028
-0.019
-0.012
-0.005
0.0
0.005
0.009
0.011
0.015
0.019
0.023
0.025
0.025
0.022
0.015
0.007
-0.001
-0.009
-0.019
-0.027
-0.033
-0.038
-0.041
-0.045
-0.049
-0.053
-0.055
-0.054
-0.048
-0.04
-0.033
-0.027
-0.021
-0.014
-0.01
-0.008
-0.01
-0.014
-0.021
-0.029
-0.045
-0.069
-0.08
-0.087
-0.093
-0.097
-0.101
-0.102
-0.1
-0.095
-0.088
-0.08
-0.07
-0.056
-0.034
-0.013
-0.001
0.006
0.012
0.017
0.022
0.027
0.03
0.033
0.039
0.05
0.076
0.108
0.141
0.197
0.254
0.306
0.333
0.351
0.363
0.362
0.351
0.32
0.275
0.224
0.169
0.112
0.08
0.06
0.05
0.042
0.036
0.028
0.021
0.015
0.009
0.0
-0.015
-0.022
-0.025
-0.027
-0.03
-0.033
-0.038
-0.042
-0.045
-0.048
-0.051
-0.053
-0.054
-0.055
-0.059
-0.065
-0.07
-0.072
-0.07
-0.066
-0.062
-0.059
-0.055
-0.051
-0.047
-0.042
-0.038
-0.035
-0.032
-0.029
-0.027
-0.025
-0.021
-0.017
-0.012
-0.003
0.005
0.006
0.004
0.001
0.0
-0.002
-0.005
-0.008
-0.009
-0.009
-0.006
-0.001
0.004
0.009
0.013
0.017
0.021
0.025
0.03
0.034
0.039
0.043
0.047
0.051
0.055
0.058
0.061
0.064
0.069
0.073
0.074
0.073
0.07
0.065
0.059
0.053
0.043
0.035
0.032
0.033
0.035
0.036
0.038
0.041
0.045
0.048
0.05
0.052
0.052
0.052
0.051
0.048
0.046
0.043
0.04
0.038
0.036
0.034
0.031
0.026
0.021
0.016
0.012
0.011
0.012
0.017
0.023
0.031
0.038
0.042
0.044
0.045
0.046
0.047
0.048
0.05
0.054
0.057
0.059
0.061
0.061
0.061
0.059
0.057
0.056
0.056
0.057
0.058
0.06
0.062
0.062
0.062
0.06
0.057
0.055
0.052
0.049
0.048
0.047
0.044
0.039
0.035
0.035
0.038
0.043
0.048
0.054
0.062
0.068
0.068
0.06
0.049
0.035
0.016
0.004
-0.002
-0.006
-0.01
-0.014
-0.018
-0.022
-0.027
-0.032
-0.036
-0.038
-0.041
-0.044
-0.047
-0.051
-0.056
-0.061
-0.066
-0.07
-0.073
-0.073
-0.071
-0.068
-0.063
-0.058
-0.053
-0.049
-0.047
-0.045
-0.044
-0.043
-0.04
-0.038
-0.035
-0.031
-0.027
-0.023
-0.019
-0.015
-0.009
0.005
0.036
0.068
0.098
0.143
0.192
0.244
0.291
0.319
0.347
0.368
0.379
0.386
0.383
0.366
0.325
0.269
0.205
0.146
0.097
0.048
0.025
0.016
0.011
0.006
0.0
-0.006
-0.012
-0.016
-0.022
-0.03
-0.043
-0.052
-0.058
-0.065
-0.07
-0.07
-0.063
-0.052
-0.043
-0.033
-0.025
-0.021
-0.025
-0.035
-0.045
-0.05
-0.054
-0.058
-0.062
-0.066
-0.069
-0.073
-0.077
-0.081
-0.084
-0.086
-0.087
-0.086
-0.083
-0.08
-0.076
-0.072
-0.068
-0.064
-0.061
-0.058
-0.055
-0.053
-0.05
-0.046
-0.041
-0.035
-0.03
-0.025
-0.02
-0.017
-0.015
-0.015
-0.015
-0.017
-0.018
-0.019
-0.019
-0.018
-0.017
-0.016
-0.015
-0.015
-0.016
-0.017
-0.018
-0.02
-0.021
-0.021
-0.019
-0.018
-0.016
-0.013
-0.012
-0.011
-0.01
-0.011
-0.012
-0.013
-0.016
-0.019
-0.022
-0.026
-0.03
-0.034
-0.037
-0.04
-0.042
-0.044
-0.047
-0.05
-0.054
-0.058
-0.062
-0.065
-0.067
-0.068
-0.067
-0.065
-0.062
-0.059
-0.057
-0.055
-0.055
-0.056
-0.058
-0.06
-0.061
-0.06
-0.057
-0.057
-0.064
-0.07
-0.077
-0.081
-0.075
-0.064
-0.052
-0.036
-0.017
0.009
0.025
0.027
0.028
0.03
0.032
0.033
0.033
0.032
0.031
0.03
0.027
0.023
0.022
0.029
0.034
0.038
0.043
0.045
0.045
0.043
0.04
0.037
0.033
0.029
0.029
0.036
0.045
0.052
0.06
0.068
0.072
0.069
0.062
0.052
0.045
0.036
0.027
0.017
0.007
-0.003
-0.012
-0.019
-0.023
-0.025
-0.026
-0.028
-0.029
-0.032
-0.036
-0.042
-0.049
-0.054
-0.058
-0.061
-0.062
-0.061
-0.061
-0.062
-0.065
-0.07
-0.076
-0.083
-0.089
-0.092
-0.092
-0.09
-0.087
-0.082
-0.078
-0.072
-0.067
-0.061
-0.05
-0.02
0.013
0.048
0.077
0.101
0.12
0.143
0.176
0.211
0.25
0.293
0.331
0.358
0.376
0.375
0.363
0.334
0.28
0.221
0.164
0.111
0.06
0.032
0.017
0.008
0.0
-0.008
-0.016
-0.022
-0.029
-0.046
-0.065
-0.071
-0.074
-0.078
-0.08
-0.078
-0.072
-0.064
-0.056
-0.047
-0.038
-0.036
-0.04
-0.045
-0.048
-0.051
-0.054
-0.058
-0.061
-0.063
-0.062
-0.061
-0.057
-0.053
-0.049
-0.044
-0.035
-0.03
-0.034
-0.04
-0.043
-0.046
-0.05
-0.053
-0.056
-0.057
-0.056
-0.053
-0.048
-0.044
-0.04
-0.035
-0.029
-0.024
-0.021
-0.019
-0.018
-0.017
-0.016
-0.016
-0.015
-0.011
-0.003
-0.003
-0.012
-0.018
-0.024
-0.029
-0.032
-0.031
-0.026
-0.018
-0.006
0.015
0.043
0.059
0.065
0.068
0.065
0.047
0.028
0.007
-0.013
-0.022
-0.028
-0.034
-0.039
-0.044
-0.047
-0.048
-0.048
-0.047
-0.043
-0.039
-0.033
-0.028
-0.024
-0.02
-0.018
-0.015
-0.012
-0.008
-0.004
-0.001
0.0
-0.001
-0.004
-0.008
-0.013
-0.019
-0.024
-0.028
-0.031
-0.032
-0.034
-0.036
-0.04
-0.043
-0.047
-0.05
-0.053
-0.054
-0.054
-0.053
-0.053
-0.053
-0.053
-0.053
-0.054
-0.055
-0.055
-0.053
-0.051
-0.047
-0.044
-0.042
-0.039
-0.036
-0.034
-0.031
-0.027
-0.021
-0.017
-0.017
-0.023
-0.032
-0.041
-0.049
-0.058
-0.066
-0.072
-0.075
-0.074
-0.07
-0.063
-0.056
-0.049
-0.044
-0.038
-0.032
-0.027
-0.022
-0.018
-0.015
-0.015
-0.017
-0.021
-0.028
-0.036
-0.045
-0.054
-0.068
-0.079
-0.085
-0.09
-0.091
-0.093
-0.094
-0.095
-0.097
-0.099
-0.1
-0.101
-0.101
-0.099
-0.096
-0.093
-0.091
-0.088
-0.086
-0.086
-0.086
-0.087
-0.087
-0.088
-0.088
-0.086
-0.084
-0.081
-0.078
-0.074
-0.069
-0.06
-0.043
-0.015
0.024
0.07
0.122
0.174
0.224
0.25
0.267
0.278
0.277
0.262
0.237
0.204
0.17
0.135
0.098
0.058
0.018
-0.02
-0.039
-0.046
-0.052
-0.056
-0.059
-0.061
-0.064
-0.067
-0.071
-0.073
-0.075
-0.075
-0.075
-0.075
-0.076
-0.079
-0.083
-0.086
-0.088
-0.089
-0.089
-0.086
-0.081
-0.075
-0.069
-0.062
-0.057
-0.054
-0.051
-0.048
-0.046
-0.043
-0.04
-0.038
-0.037
-0.035
-0.033
-0.031
-0.03
-0.03
-0.029
-0.027
-0.026
-0.024
-0.021
-0.019
-0.015
-0.01
-0.006
-0.001
0.002
0.004
0.006
0.007
0.008
0.009
0.01
0.011
0.014
0.02
0.021
0.016
0.01
0.004
0.01
0.014
0.017
0.019
0.022
0.024
0.024
0.024
0.02
0.016
0.011
0.006
0.002
-0.003
-0.008
-0.011
-0.013
-0.013
-0.011
-0.007
-0.003
0.0
0.003
0.006
0.011
0.016
0.018
0.016
0.01
0.002
-0.009
-0.026
-0.032
-0.038
-0.044
-0.047
-0.043
-0.035
-0.031
-0.028
-0.024
-0.02
-0.015
-0.012
-0.008
-0.005
-0.003
-0.002
-0.002
-0.003
-0.004
-0.004
-0.004
-0.003
-0.001
0.001
0.003
0.006
0.007
0.009
0.01
0.009
0.008
0.007
0.006
0.007
0.006
0.007
0.009
0.011
0.013
0.015
0.017
0.02
0.022
0.024
0.025
0.027
0.029
0.032
0.033
0.032
0.031
0.03
0.028
0.026
0.023
0.02
0.017
0.015
0.015
0.016
0.019
0.023
0.028
0.033
0.037
0.041
0.047
0.051
0.052
0.05
0.045
0.037
0.028
0.011
-0.011
-0.021
-0.027
-0.03
-0.033
-0.034
-0.033
-0.032
-0.03
-0.029
-0.029
-0.026
-0.023
-0.02
-0.02
-0.022
-0.026
-0.03
-0.034
-0.037
-0.041
-0.044
-0.046
-0.047
-0.046
-0.043
-0.038
-0.033
-0.027
-0.021
-0.012
-0.001
0.009
0.022
0.044
0.08
0.123
0.162
0.198
0.236
0.276
0.312
0.336
0.353
0.354
0.338
0.314
0.281
0.246
0.215
0.168
0.118
0.084
0.052
0.029
0.013
0.006
0.001
-0.001
-0.003
-0.006
-0.008
-0.009
-0.012
-0.015
-0.019
-0.025
-0.032
-0.041
-0.052
-0.071
-0.074
-0.071
-0.069
-0.067
-0.065
-0.065
-0.065
-0.066
-0.067
-0.067
-0.064
-0.06
-0.054
-0.048
-0.042
-0.037
-0.034
-0.032
-0.029
-0.025
-0.023
-0.023
-0.024
-0.025
-0.026
-0.028
-0.03
-0.034
-0.038
-0.04
-0.039
-0.034
-0.025
-0.013
0.0
0.021
0.031
0.036
0.039
0.04
0.04
0.039
0.037
0.032
0.026
0.02
0.016
0.013
0.01
0.007
0.005
0.004
0.003
0.002
0.0
0.0
0.0
0.0
0.0
0.0
0.0
0.0
-0.001
-0.003
-0.006
-0.01
-0.014
-0.017
-0.02
-0.022
-0.022
-0.022
-0.023
-0.025
-0.027
-0.029
-0.031
-0.033
-0.034
-0.034
-0.033
-0.031
-0.029
-0.027
-0.025
-0.025
-0.025
-0.025
-0.026
-0.026
-0.025
-0.023
-0.02
-0.016
-0.012
-0.007
-0.003
0.0
0.003
0.013
0.022
0.029
0.034
0.039
0.045
0.048
0.048
0.048
0.047
0.047
0.047
0.045
0.043
0.041
0.039
0.037
0.035
0.034
0.034
0.035
0.035
0.035
0.035
0.034
0.032
0.028
0.024
0.02
0.018
0.018
0.02
0.025
0.032
0.04
0.047
0.053
0.059
0.064
0.068
0.071
0.07
0.066
0.062
0.056
0.05
0.042
0.026
0.012
0.006
0.002
-0.001
-0.004
-0.007
-0.011
-0.013
-0.016
-0.018
-0.021
-0.023
-0.025
-0.027
-0.029
-0.035
-0.049
-0.05
-0.039
-0.035
-0.035
-0.035
-0.035
-0.033
-0.029
-0.026
-0.022
-0.018
-0.014
-0.012
-0.01
-0.009
-0.008
-0.005
0.0
0.01
0.02
0.029
0.039
0.05
0.069
0.103
0.141
0.175
0.226
0.276
0.31
0.334
0.349
0.359
0.364
0.363
0.357
0.345
0.319
0.276
0.219
0.147
0.071
0.014
-0.006
0.005
0.022
0.037
0.038
0.021
-0.023
-0.076
-0.093
-0.096
-0.097
-0.092
-0.074
-0.068
-0.064
-0.06
-0.057
-0.053
-0.049
-0.046
-0.045
-0.043
-0.042
-0.041
-0.042
-0.045
-0.048
-0.05
-0.05
-0.05
-0.049
-0.048
-0.047
-0.045
-0.045
-0.045
-0.045
-0.044
-0.044
-0.043
-0.041
-0.037
-0.034
-0.03
-0.026
-0.022
-0.017
-0.012
-0.007
-0.002
0.002
0.008
0.015
0.022
0.028
0.031
0.03
0.027
0.024
0.021
0.019
0.013
0.01
0.015
0.026
0.033
0.039
0.043
0.046
0.049
0.049
0.048
0.047
0.045
0.044
0.043
0.042
0.04
0.038
0.036
0.036
0.036
0.037
0.037
0.038
0.04
0.044
0.051
0.031
0.019
0.015
0.011
0.008
0.004
0.0
-0.006
-0.012
-0.017
-0.021
-0.025
-0.028
-0.035
-0.048
-0.052
-0.056
-0.06
-0.062
-0.055
-0.038
-0.011
0.028
0.063
0.085
0.087
0.088
0.089
0.089
0.089
0.088
0.087
0.087
0.085
0.083
0.081
0.079
0.076
0.075
0.079
0.084
0.085
0.086
0.087
0.088
0.088
0.089
0.09
0.092
0.094
0.095
0.097
0.097
0.098
0.098
0.099
0.099
0.099
0.099
0.098
0.096
0.095
0.094
0.094
0.094
0.094
0.093
0.092
0.091
0.09
0.089
0.086
0.083
0.078
0.074
0.07
0.067
0.064
0.061
0.059
0.056
0.054
0.053
0.052
0.051
0.049
0.046
0.042
0.039
0.037
0.035
0.034
0.033
0.031
0.031
0.031
0.031
0.031
0.03
0.029
0.027
0.024
0.022
0.02
0.017
0.013
0.01
0.008
0.005
0.003
0.0
-0.002
-0.009
-0.021
-0.028
-0.022
-0.007
0.013
0.047
0.106
0.17
0.234
0.291
0.343
0.375
0.411
0.447
0.475
0.494
0.494
0.471
0.407
0.299
0.181
0.086
0.036
0.021
0.012
0.005
-0.001
-0.016
-0.038
-0.05
-0.058
-0.063
-0.066
-0.065
-0.063
-0.06
-0.057
-0.053
-0.051
-0.05
-0.054
-0.059
-0.063
-0.067
-0.071
-0.074
-0.073
-0.07
-0.066
-0.061
-0.055
-0.05
-0.051
-0.059
-0.071
-0.08
-0.09
-0.099
-0.103
-0.101
-0.096
-0.088
-0.076
-0.061
-0.053
-0.049
-0.046
-0.043
-0.041
-0.038
-0.035
-0.031
-0.027
-0.022
-0.016
-0.01
-0.004
0.004
0.012
0.016
0.014
0.009
0.003
-0.004
-0.015
-0.024
-0.031
-0.042
-0.052
-0.035
-0.006
0.015
0.021
0.026
0.031
0.033
0.034
0.034
0.033
0.032
0.03
0.028
0.026
0.024
0.019
0.014
0.008
0.001
-0.008
-0.023
-0.043
-0.053
-0.059
-0.064
-0.067
-0.069
-0.07
-0.072
-0.073
-0.073
-0.071
-0.069
-0.066
-0.064
-0.061
-0.059
-0.057
-0.055
-0.052
-0.05
-0.047
-0.046
-0.045
-0.044
-0.043
-0.042
-0.042
-0.043
-0.045
-0.046
-0.047
-0.048
-0.049
-0.051
-0.055
-0.057
-0.053
-0.041
-0.028
-0.013
-0.007
-0.003
0.0
0.003
0.003
-0.002
-0.011
-0.016
-0.021
-0.026
-0.03
-0.033
-0.035
-0.035
-0.036
-0.035
-0.035
-0.034
-0.033
-0.031
-0.029
-0.028
-0.03
-0.036
-0.043
-0.047
-0.051
-0.056
-0.059
-0.062
-0.064
-0.065
-0.065
