-0.042
-0.05
-0.059
-0.068
-0.075
-0.081
-0.084
-0.085
-0.084
-0.082
-0.079
-0.075
-0.071
-0.066
-0.061
-0.053
-0.036
-0.014
0.0
0.009
0.017
0.026
0.037
0.047
0.056
0.064
0.071
0.078
0.085
0.089
0.091
0.089
0.086
0.083
0.078
0.071
0.062
0.043
0.027
0.01
-0.005
-0.02
-0.035
-0.051
-0.073
-0.09
-0.103
-0.111
-0.115
-0.117
-0.119
-0.12
-0.121
-0.122
-0.123
-0.124
-0.124
-0.125
-0.126
-0.126
-0.126
-0.127
-0.127
-0.127
-0.127
-0.127
-0.128
-0.128
-0.129
-0.128
-0.128
-0.127
-0.126
-0.124
-0.123
-0.121
-0.12
-0.119
-0.118
-0.117
-0.116
-0.115
-0.115
-0.114
-0.113
-0.113
-0.112
-0.112
-0.111
-0.111
-0.112
-0.113
-0.114
-0.115
-0.115
-0.116
-0.118
-0.119
-0.12
-0.121
-0.121
-0.122
-0.122
-0.122
-0.123
-0.123
-0.123
-0.123
-0.123
-0.123
-0.122
-0.121
-0.119
-0.117
-0.116
-0.114
-0.113
-0.111
-0.109
-0.106
-0.104
-0.102
-0.095
-0.074
-0.059
-0.039
-0.012
0.012
0.031
0.05
0.066
0.08
0.089
0.095
0.097
0.098
0.099
0.099
0.1
0.101
0.101
0.103
0.105
0.108
0.111
0.114
0.116
0.118
0.12
0.122
0.125
0.128
0.132
0.135
0.139
0.143
0.147
0.151
0.153
0.155
0.155
0.155
0.153
0.15
0.147
0.143
0.14
0.136
0.132
0.128
0.123
0.116
0.109
0.103
0.097
0.092
0.088
0.085
0.082
0.08
0.078
0.077
0.076
0.074
0.072
0.069
0.067
0.066
0.066
0.066
0.068
0.07
0.072
0.075
0.079
0.085
0.09
0.096
0.124
0.189
0.272
0.364
0.457
0.535
0.578
0.594
0.595
0.577
0.526
0.448
0.363
0.278
0.199
0.134
0.097
0.081
0.074
0.068
0.064
0.061
0.058
0.056
0.054
0.053
0.052
0.052
0.051
0.05
0.049
0.049
0.049
0.049
0.049
0.049
0.05
0.05
0.05
0.05
0.05
0.05
0.05
0.05
0.05
0.05
0.052
0.056
0.062
0.069
0.076
0.083
0.091
0.1
0.109
0.116
0.123
0.129
0.135
0.141
0.147
0.154
0.162
0.17
0.177
0.182
0.187
0.191
0.195
0.199
0.202
0.203
0.205
0.205
0.203
0.202
0.199
0.196
0.193
0.189
0.186
0.183
0.178
0.172
0.165
0.159
0.154
0.148
0.141
0.131
0.113
0.092
0.069
0.048
0.034
0.014
-0.008
-0.029
-0.054
-0.077
-0.094
-0.113
-0.13
-0.145
-0.153
-0.158
-0.16
-0.162
-0.164
-0.165
-0.166
-0.166
-0.167
-0.166
-0.166
-0.165
-0.163
-0.16
-0.158
-0.156
-0.154
-0.152
-0.151
-0.148
-0.145
-0.142
-0.138
-0.134
-0.13
-0.126
-0.122
-0.119
-0.117
-0.115
-0.114
-0.113
-0.113
-0.112
-0.111
-0.109
-0.107
-0.104
-0.102
-0.101
-0.101
-0.101
-0.102
-0.102
-0.102
-0.102
-0.103
-0.103
-0.103
-0.103
-0.103
-0.103
-0.104
-0.105
-0.108
-0.112
-0.114
-0.117
-0.12
-0.122
-0.124
-0.126
-0.128
-0.129
-0.131
-0.134
-0.137
-0.141
-0.145
-0.148
-0.152
-0.157
-0.16
-0.163
-0.165
-0.166
-0.167
-0.169
-0.171
-0.174
-0.177
-0.18
-0.184
-0.195
-0.204
-0.212
-0.218
-0.221
-0.224
-0.226
-0.229
-0.231
-0.234
-0.237
-0.238
-0.239
-0.24
-0.241
-0.241
-0.241
-0.24
-0.238
-0.237
-0.235
-0.232
-0.229
-0.227
-0.223
-0.22
-0.216
-0.21
-0.203
-0.196
-0.191
-0.186
-0.183
-0.181
-0.178
-0.175
-0.172
-0.17
-0.168
-0.167
-0.167
-0.168
-0.172
-0.176
-0.18
-0.185
-0.19
-0.195
-0.2
-0.206
-0.212
-0.219
-0.224
-0.23
-0.237
-0.246
-0.259
-0.269
-0.272
-0.275
-0.277
-0.279
-0.281
-0.283
-0.284
-0.283
-0.282
-0.278
-0.272
-0.265
-0.239
-0.186
-0.125
-0.057
0.023
0.102
0.166
0.189
0.191
0.18
0.15
0.1
0.036
-0.033
-0.095
-0.152
-0.204
-0.232
-0.244
-0.25
-0.254
-0.258
-0.261
-0.263
-0.265
-0.266
-0.267
-0.267
-0.266
-0.264
-0.262
-0.259
-0.256
-0.252
-0.247
-0.242
-0.235
-0.224
-0.213
-0.203
-0.194
-0.184
-0.173
-0.164
-0.156
-0.149
-0.142
-0.136
-0.129
-0.121
-0.111
-0.1
-0.089
-0.077
-0.066
-0.052
-0.036
-0.021
-0.01
-0.002
0.006
0.016
0.027
0.039
0.052
0.065
0.076
0.087
0.098
0.11
0.124
0.137
0.152
0.165
0.178
0.198
0.225
0.245
0.261
0.28
0.299
0.317
0.324
0.329
0.333
0.336
0.337
0.337
0.332
0.324
0.311
0.289
0.258
0.235
0.212
0.19
0.166
0.145
0.129
0.11
0.1
0.093
0.088
0.084
0.079
0.074
0.069
0.064
0.058
0.053
0.049
0.045
0.041
0.038
0.035
0.033
0.033
0.034
0.036
0.039
0.042
0.043
0.044
0.045
0.047
0.049
0.051
0.054
0.056
0.059
0.06
0.062
0.062
0.062
0.062
0.062
0.062
0.063
0.063
0.063
0.063
0.063
0.064
0.065
0.066
0.067
0.066
0.065
0.064
0.063
0.063
0.062
0.061
0.061
0.06
0.06
0.059
0.058
0.058
0.058
0.058
0.059
0.06
0.061
0.063
0.064
0.066
0.068
0.07
0.072
0.074
0.075
0.076
0.077
0.079
0.082
0.085
0.089
0.093
0.098
0.102
0.106
0.11
0.114
0.118
0.121
0.123
0.124
0.125
0.127
0.128
0.13
0.132
0.134
0.136
0.137
0.137
0.138
0.138
0.138
0.138
0.139
0.139
0.14
0.14
0.141
0.141
0.142
0.143
0.144
0.145
0.146
0.146
0.147
0.148
0.15
0.152
0.154
0.156
0.157
0.159
0.16
0.162
0.164
0.166
0.168
0.172
0.176
0.179
0.181
0.18
0.178
0.174
0.17
0.164
0.159
0.153
0.147
0.141
0.135
0.129
0.123
0.118
0.112
0.106
0.101
0.094
0.088
0.082
0.078
0.074
0.07
0.066
0.063
0.059
0.056
0.054
0.053
0.053
0.053
0.055
0.057
0.061
0.067
0.074
0.102
0.164
0.252
0.355
0.464
0.562
0.624
0.629
0.594
0.492
0.369
0.248
0.149
0.087
0.042
0.011
-0.018
-0.039
-0.06
-0.074
-0.085
-0.095
-0.107
-0.117
-0.122
-0.125
-0.128
-0.131
-0.133
-0.135
-0.137
-0.139
-0.141
-0.143
-0.145
-0.146
-0.147
-0.147
-0.147
-0.147
-0.147
-0.148
-0.149
-0.149
-0.15
-0.15
-0.151
-0.151
-0.152
-0.153
-0.153
-0.152
-0.152
-0.152
-0.152
-0.151
-0.151
-0.152
-0.152
-0.151
-0.149
-0.145
-0.141
-0.136
-0.13
-0.121
-0.103
-0.085
-0.069
-0.057
-0.043
-0.029
-0.013
0.006
0.029
0.048
0.064
0.079
0.091
0.107
0.125
0.139
0.148
0.154
0.16
0.163
0.164
0.163
0.158
0.15
0.14
0.121
0.092
0.068
0.04
0.017
0.0
-0.024
-0.045
-0.063
-0.077
-0.087
-0.092
-0.096
-0.099
-0.102
-0.106
-0.108
-0.11
-0.112
-0.113
-0.114
-0.115
-0.116
-0.116
-0.116
-0.116
-0.116
-0.116
-0.116
-0.114
-0.113
-0.111
-0.108
-0.104
-0.101
-0.098
-0.094
-0.09
-0.084
-0.072
-0.061
-0.052
-0.044
-0.039
-0.034
-0.031
-0.027
-0.024
-0.019
-0.014
-0.008
-0.002
0.003
0.008
0.012
0.016
0.02
0.024
0.027
0.029
0.031
0.034
0.036
0.038
0.041
0.044
0.046
0.048
0.05
0.052
0.054
0.056
0.057
0.058
0.059
0.059
0.059
0.059
0.059
0.059
0.06
0.06
0.061
0.061
0.062
0.062
0.063
0.064
0.064
0.064
0.063
0.062
0.062
0.061
0.06
0.059
0.058
0.058
0.058
0.059
0.06
0.061
0.062
0.063
0.064
0.065
0.067
0.068
0.068
0.068
0.068
0.067
0.068
0.069
0.07
0.071
0.071
0.072
0.073
0.075
0.076
0.078
0.08
0.081
0.082
0.083
0.084
0.086
0.087
0.087
0.087
0.087
0.087
0.087
0.086
0.085
0.084
0.083
0.083
0.082
0.082
0.082
0.082
0.081
0.081
0.081
0.08
0.079
0.078
0.076
0.077
0.081
0.088
0.094
0.099
0.104
0.109
0.115
0.119
0.121
0.122
0.12
0.117
0.113
0.108
0.102
0.095
0.084
0.073
0.062
0.051
0.04
0.027
0.014
0.002
-0.003
-0.006
-0.009
-0.011
-0.013
-0.014
-0.016
-0.018
-0.02
-0.021
-0.023
-0.023
-0.024
-0.024
-0.024
-0.023
-0.022
-0.022
-0.022
-0.022
-0.023
-0.028
-0.017
0.017
0.067
0.139
0.242
0.365
0.5
0.623
0.692
0.696
0.646
0.519
0.359
0.221
0.135
0.097
0.086
0.073
0.06
0.036
0.011
0.001
-0.004
-0.009
-0.012
-0.012
-0.011
-0.008
-0.005
-0.003
-0.002
0.0
0.0
0.003
0.006
0.008
0.01
0.012
0.013
0.015
0.018
0.021
0.025
0.029
0.034
0.04
0.046
0.054
0.062
0.07
0.079
0.087
0.095
0.103
0.109
0.114
0.118
0.121
0.124
0.126
0.128
0.131
0.133
0.135
0.138
0.14
0.143
0.145
0.148
0.152
0.157
0.162
0.171
0.19
0.211
0.222
0.228
0.234
0.239
0.243
0.246
0.249
0.25
0.251
0.25
0.249
0.248
0.245
0.242
0.238
0.234
0.229
0.22
0.202
0.185
0.162
0.134
0.105
0.079
0.056
0.032
0.01
-0.013
-0.031
-0.042
-0.052
-0.061
-0.072
-0.086
-0.105
-0.119
-0.129
-0.137
-0.145
-0.152
-0.158
-0.164
-0.169
-0.173
-0.177
-0.182
-0.188
-0.194
-0.2
-0.206
-0.212
-0.218
-0.224
-0.229
-0.234
-0.24
-0.244
-0.248
-0.25
-0.251
-0.254
-0.256
-0.257
-0.258
-0.259
-0.26
-0.262
-0.263
-0.264
-0.264
-0.264
-0.262
-0.261
-0.26
-0.259
-0.257
-0.255
-0.253
-0.252
-0.25
-0.248
-0.247
-0.245
-0.244
-0.243
-0.242
-0.241
-0.24
-0.239
-0.237
-0.235
-0.233
-0.231
-0.229
-0.227
-0.226
-0.224
-0.224
-0.223
-0.223
-0.223
-0.223
-0.222
-0.221
-0.22
-0.217
-0.213
-0.212
-0.212
-0.213
-0.215
-0.215
-0.217
-0.218
-0.219
-0.22
-0.221
-0.22
-0.217
-0.213
-0.208
-0.204
-0.201
-0.198
-0.196
-0.194
-0.192
-0.192
-0.191
-0.19
-0.189
-0.188
-0.187
-0.186
-0.186
-0.185
-0.184
-0.183
-0.182
-0.181
-0.181
-0.18
-0.18
-0.179
-0.178
-0.176
-0.174
-0.173
-0.171
-0.168
-0.165
-0.162
-0.158
-0.15
-0.142
-0.138
-0.136
-0.135
-0.133
-0.132
-0.13
-0.129
-0.128
-0.126
-0.125
-0.123
-0.12
-0.116
-0.114
-0.111
-0.108
-0.104
-0.097
-0.089
-0.082
-0.074
-0.067
-0.061
-0.055
-0.049
-0.044
-0.04
-0.037
-0.035
-0.033
-0.031
-0.029
-0.027
-0.025
-0.023
-0.024
-0.026
-0.03
-0.037
-0.044
-0.056
-0.074
-0.08
-0.082
-0.084
-0.086
-0.087
-0.088
-0.09
-0.091
-0.092
-0.092
-0.092
-0.091
-0.09
-0.089
-0.086
-0.084
-0.08
-0.075
-0.07
-0.065
-0.053
-0.023
0.034
0.114
0.219
0.343
0.473
0.585
0.638
0.635
0.566
0.44
0.298
0.177
0.1
0.069
0.05
0.029
0.006
-0.019
-0.034
-0.041
-0.046
-0.05
-0.053
-0.054
-0.055
-0.054
-0.053
-0.052
-0.05
-0.049
-0.046
-0.044
-0.041
-0.039
-0.037
-0.034
-0.032
-0.03
-0.028
-0.024
-0.02
-0.016
-0.011
-0.006
-0.001
0.003
0.01
0.016
0.021
0.025
0.028
0.031
0.034
0.037
0.041
0.045
0.05
0.055
0.062
0.07
0.083
0.1
0.116
0.127
0.135
0.141
0.149
0.156
0.165
0.174
0.183
0.193
0.203
0.213
0.224
0.237
0.25
0.262
0.271
0.278
0.285
0.289
0.29
0.291
0.292
0.292
0.293
0.294
0.292
0.276
0.259
0.241
0.224
0.207
0.19
0.169
0.147
0.126
0.112
0.099
0.086
0.065
0.051
0.042
0.033
0.026
0.018
0.01
0.004
0.001
0.0
-0.001
-0.002
-0.004
-0.005
-0.006
-0.007
-0.009
-0.01
-0.011
-0.013
-0.014
-0.015
-0.015
-0.015
-0.016
-0.016
-0.016
-0.016
-0.016
-0.017
-0.017
-0.017
-0.017
-0.018
-0.019
-0.019
-0.019
-0.02
-0.019
-0.019
-0.018
-0.018
-0.017
-0.017
-0.016
-0.015
-0.015
-0.015
-0.016
-0.016
-0.017
-0.018
-0.018
-0.019
-0.019
-0.02
-0.021
-0.022
-0.023
-0.025
-0.026
-0.028
-0.03
-0.032
-0.033
-0.034
-0.035
-0.036
-0.037
-0.038
-0.038
-0.039
-0.039
-0.039
-0.04
-0.041
-0.041
-0.041
-0.041
-0.041
-0.041
-0.04
-0.04
-0.04
-0.04
-0.041
-0.041
-0.042
-0.043
-0.044
-0.045
-0.045
-0.046
-0.046
-0.045
-0.045
-0.044
-0.045
-0.045
-0.045
-0.045
-0.046
-0.046
-0.045
-0.044
-0.042
-0.039
-0.037
-0.034
-0.031
-0.029
-0.027
-0.025
-0.024
-0.024
-0.024
-0.024
-0.025
-0.025
-0.025
-0.024
-0.023
-0.022
-0.021
-0.02
-0.019
-0.018
-0.018
-0.018
-0.018
-0.019
-0.019
-0.019
-0.02
-0.02
-0.02
-0.021
-0.02
-0.019
-0.018
-0.017
-0.016
-0.015
-0.014
-0.012
-0.011
-0.009
-0.008
-0.008
-0.007
-0.007
-0.007
-0.008
-0.008
-0.009
-0.009
-0.009
-0.009
-0.009
-0.009
-0.008
-0.008
-0.008
-0.009
-0.011
-0.013
-0.015
-0.017
-0.019
-0.021
-0.024
-0.026
-0.028
-0.031
-0.033
-0.035
-0.037
-0.038
-0.038
-0.038
-0.037
-0.036
-0.034
-0.033
-0.031
-0.029
-0.026
-0.023
-0.019
-0.014
0.014
0.065
0.137
0.229
0.336
0.451
0.541
0.57
0.561
0.486
0.369
0.238
0.14
0.086
0.068
0.055
0.046
0.036
0.025
0.026
0.045
0.061
0.074
0.084
0.086
0.084
0.082
0.079
0.076
0.074
0.075
0.082
0.093
0.106
0.12
0.122
0.123
0.125
0.126
0.122
0.111
0.094
0.066
0.036
0.008
-0.005
-0.013
-0.019
-0.023
-0.026
-0.026
-0.023
-0.018
-0.012
-0.005
0.002
0.014
0.028
0.043
0.058
0.073
0.086
0.098
0.109
0.119
0.128
0.137
0.145
0.156
0.171
0.188
0.205
0.222
0.236
0.254
0.279
0.299
0.311
0.323
0.333
0.34
0.347
0.353
0.356
0.356
0.353
0.348
0.342
0.334
0.32
0.305
0.284
0.259
0.24
0.225
0.211
0.192
0.168
0.145
0.123
0.107
0.094
0.081
0.068
0.056
0.044
0.034
0.026
0.017
0.008
0.002
-0.002
-0.006
-0.009
-0.012
-0.015
-0.018
-0.021
-0.024
-0.027
-0.029
-0.033
-0.036
-0.04
-0.042
-0.043
-0.04
-0.037
-0.033
-0.03
-0.027
-0.025
-0.023
-0.019
-0.016
-0.013
-0.011
-0.01
-0.01
-0.01
-0.011
-0.012
-0.013
-0.015
-0.017
-0.019
-0.02
-0.02
-0.02
-0.02
-0.02
-0.021
-0.021
-0.021
-0.021
-0.022
-0.023
-0.024
-0.025
-0.026
-0.027
-0.028
-0.029
-0.03
-0.031
-0.032
-0.032
-0.033
-0.033
-0.034
-0.035
-0.037
-0.038
-0.04
-0.043
-0.046
-0.049
-0.05
-0.051
-0.051
-0.051
-0.051
-0.05
-0.05
-0.049
-0.048
-0.046
-0.045
-0.045
-0.044
-0.045
-0.046
-0.047
-0.05
-0.053
-0.056
-0.06
-0.063
-0.065
-0.067
-0.07
-0.072
-0.075
-0.077
-0.079
-0.081
-0.082
-0.083
-0.084
-0.084
-0.085
-0.085
-0.085
-0.086
-0.087
-0.088
-0.088
-0.087
-0.085
-0.081
-0.078
-0.075
-0.071
-0.067
-0.063
-0.061
-0.06
-0.06
-0.06
-0.06
-0.061
-0.062
-0.064
-0.066
-0.066
-0.059
-0.052
-0.048
-0.046
-0.044
-0.042
-0.04
-0.037
-0.035
-0.033
-0.032
-0.031
-0.03
-0.029
-0.028
-0.028
-0.028
-0.03
-0.031
-0.032
-0.033
-0.034
-0.035
-0.036
-0.037
-0.038
-0.039
-0.039
-0.04
-0.041
-0.042
-0.043
-0.046
-0.048
-0.049
-0.046
-0.038
-0.03
-0.023
-0.014
-0.005
0.001
0.008
0.013
0.017
0.021
0.025
0.029
0.032
0.034
0.035
0.036
0.036
0.035
0.034
0.032
0.029
0.026
0.022
0.019
0.015
0.011
0.004
-0.002
-0.006
-0.006
-0.007
-0.007
-0.008
-0.01
-0.011
-0.012
-0.013
-0.013
-0.013
-0.012
-0.011
-0.009
-0.004
0.0
0.006
0.017
0.045
0.105
0.19
0.316
0.449
0.596
0.667
0.672
0.629
0.506
0.369
0.243
0.152
0.111
0.095
0.085
0.073
0.049
0.03
0.02
0.013
0.008
0.003
0.0
-0.004
-0.008
-0.013
-0.02
-0.026
-0.028
-0.03
-0.031
-0.032
-0.032
-0.028
-0.018
-0.008
0.004
0.014
0.018
0.021
0.022
0.023
0.024
0.025
0.026
0.028
0.029
0.031
0.032
0.033
0.033
0.035
0.036
0.037
0.038
0.04
0.042
0.046
0.052
0.059
0.067
0.076
0.087
0.101
0.111
0.118
0.125
0.134
0.149
0.162
0.172
0.181
0.188
0.194
0.202
0.212
0.225
0.236
0.247
0.252
0.256
0.259
0.261
0.263
0.264
0.265
0.264
0.259
0.252
0.243
0.231
0.212
0.195
0.173
0.148
0.127
0.103
0.081
0.065
0.05
0.037
0.026
0.015
0.004
-0.008
-0.022
-0.034
-0.039
-0.041
-0.043
-0.044
-0.044
-0.045
-0.045
-0.046
-0.047
-0.048
-0.049
-0.051
-0.053
-0.055
-0.056
-0.057
-0.058
-0.058
-0.058
-0.058
-0.059
-0.06
-0.062
-0.063
-0.064
-0.066
-0.067
-0.069
-0.07
-0.072
-0.072
-0.071
-0.07
-0.068
-0.067
-0.065
-0.062
-0.06
-0.058
-0.056
-0.054
-0.053
-0.052
-0.051
-0.05
-0.049
-0.049
-0.05
-0.051
-0.051
-0.052
-0.053
-0.053
-0.053
-0.053
-0.053
-0.052
-0.05
-0.048
-0.045
-0.043
-0.041
-0.039
-0.037
-0.035
-0.033
-0.031
-0.029
-0.026
-0.022
-0.018
-0.013
-0.008
-0.003
0.0
0.003
0.007
0.01
0.012
0.013
0.013
0.012
0.012
0.012
0.013
0.013
0.014
0.014
0.015
0.015
0.016
0.017
0.017
0.016
0.015
0.014
0.013
0.013
0.013
0.013
0.012
0.012
0.013
0.013
0.015
0.016
0.016
0.017
0.017
0.018
0.018
0.019
0.02
0.02
0.02
0.021
0.022
0.023
0.024
0.024
0.024
0.025
0.025
0.026
0.026
0.026
0.026
0.025
0.024
0.023
0.022
0.02
0.019
0.017
0.015
0.014
0.012
0.011
0.01
0.009
0.007
0.006
0.004
0.001
-0.002
-0.004
-0.007
-0.007
-0.007
-0.005
-0.003
-0.002
-0.001
0.0
0.001
0.002
0.004
0.006
0.007
0.007
0.007
0.007
0.007
0.006
0.005
0.004
0.003
0.002
0.001
0.001
0.001
0.0
0.0
0.0
0.002
0.008
0.016
0.023
0.027
0.031
0.035
0.04
0.044
0.048
0.051
0.052
0.053
0.052
0.051
0.049
0.046
0.042
0.035
0.029
0.022
0.011
-0.009
-0.03
-0.04
-0.047
-0.053
-0.057
-0.061
-0.063
-0.066
-0.068
-0.07
-0.071
-0.072
-0.074
-0.076
-0.078
-0.082
-0.085
-0.084
-0.077
-0.063
-0.021
0.034
0.113
0.217
0.338
0.465
0.574
0.614
0.61
0.548
0.43
0.292
0.175
0.091
0.041
0.013
-0.014
-0.045
-0.06
-0.067
-0.072
-0.076
-0.08
-0.083
-0.085
-0.087
-0.088
-0.088
-0.088
-0.088
-0.086
-0.083
-0.08
-0.078
-0.075
-0.072
-0.069
-0.065
-0.062
-0.059
-0.056
-0.053
-0.05
-0.047
-0.044
-0.04
-0.037
-0.035
-0.032
-0.031
-0.029
-0.027
-0.025
-0.023
-0.02
-0.016
-0.01
-0.002
0.004
0.011
0.018
0.024
0.03
0.037
0.043
0.05
0.057
0.066
0.078
0.089
0.102
0.117
0.134
0.153
0.167
0.178
0.187
0.195
0.203
0.214
0.227
0.242
0.25
0.256
0.261
0.264
0.266
0.266
0.264
0.26
0.253
0.245
0.229
0.202
0.183
0.168
0.153
0.134
0.108
0.081
0.055
0.034
0.018
0.004
-0.01
-0.025
-0.041
-0.049
-0.053
-0.057
-0.06
-0.062
-0.065
-0.067
-0.07
-0.073
-0.076
-0.079
-0.083
-0.085
-0.088
-0.09
-0.093
-0.095
-0.098
-0.101
-0.103
-0.105
-0.108
-0.11
-0.112
-0.113
-0.114
-0.113
-0.112
-0.109
-0.107
-0.103
-0.1
-0.097
-0.093
-0.09
-0.088
-0.086
-0.085
-0.083
-0.082
-0.08
-0.078
-0.076
-0.074
-0.072
-0.07
-0.068
-0.067
-0.065
-0.064
-0.063
-0.063
-0.063
-0.062
-0.061
-0.06
-0.058
-0.057
-0.056
-0.055
-0.053
-0.052
-0.051
-0.05
-0.049
-0.049
-0.048
-0.049
-0.049
-0.049
-0.049
-0.049
-0.049
-0.049
-0.049
-0.05
-0.05
-0.051
-0.052
-0.052
-0.052
-0.052
-0.053
-0.054
-0.054
-0.056
-0.057
-0.058
-0.06
-0.062
-0.064
-0.066
-0.068
-0.07
-0.071
-0.073
-0.075
-0.076
-0.077
-0.078
-0.08
-0.081
-0.082
-0.084
-0.085
-0.086
-0.087
-0.088
-0.09
-0.091
-0.091
-0.091
-0.09
-0.09
-0.089
-0.089
-0.089
-0.09
-0.09
-0.09
-0.089
-0.089
-0.089
-0.088
-0.087
-0.086
-0.086
-0.085
-0.085
-0.084
-0.084
-0.084
-0.084
-0.084
-0.084
-0.084
-0.084
-0.083
-0.082
-0.081
-0.08
-0.08
-0.08
-0.08
-0.079
-0.078
-0.077
-0.076
-0.075
-0.074
-0.072
-0.069
-0.065
-0.061
-0.056
-0.051
-0.046
-0.041
-0.034
-0.027
-0.021
-0.015
-0.01
-0.006
-0.001
0.003
0.006
0.01
0.013
0.016
0.018
0.02
0.021
0.022
0.021
0.02
0.018
0.015
0.012
0.009
0.006
0.002
-0.001
-0.004
-0.007
-0.012
-0.017
-0.022
-0.026
-0.03
-0.033
-0.034
-0.034
-0.034
-0.033
-0.031
-0.028
-0.025
-0.02
-0.016
-0.011
-0.001
0.027
0.083
0.16
0.259
0.373
0.5
0.6
0.64
0.634
0.562
0.43
0.287
0.172
0.115
0.097
0.084
0.074
0.057
0.032
0.017
0.01
0.004
0.0
-0.002
-0.004
-0.005
-0.005
-0.006
-0.007
-0.008
-0.008
-0.008
-0.007
-0.007
-0.007
-0.008
-0.009
-0.01
-0.01
-0.009
-0.007
-0.004
-0.001
0.002
0.006
0.01
0.014
0.017
0.02
0.023
0.027
0.03
0.033
0.037
0.04
0.042
0.045
0.047
0.05
0.052
0.056
0.059
0.064
0.073
0.083
0.092
0.1
0.109
0.118
0.127
0.137
0.148
0.16
0.174
0.186
0.195
0.206
0.219
0.237
0.253
0.267
0.276
0.281
0.286
0.289
0.293
0.294
0.294
0.29
0.283
0.274
0.262
0.243
0.224
0.198
0.169
0.143
0.119
0.095
0.07
0.048
0.032
0.016
0.003
-0.005
-0.014
-0.023
-0.033
-0.044
-0.057
-0.063
-0.067
-0.068
-0.069
-0.069
-0.07
-0.07
-0.07
-0.071
-0.072
-0.073
-0.074
-0.074
-0.074
-0.074
-0.074
-0.074
-0.074
-0.073
-0.072
-0.07
-0.069
-0.069
-0.068
-0.067
-0.067
-0.066
-0.065
-0.065
-0.065
-0.065
-0.065
-0.065
-0.065
-0.065
-0.065
-0.065
-0.065
-0.065
-0.065
-0.065
-0.065
-0.065
-0.066
-0.066
-0.067
-0.067
-0.068
-0.068
-0.068
-0.068
-0.067
-0.067
-0.066
-0.066
-0.066
-0.066
-0.067
-0.067
-0.068
-0.068
-0.068
-0.068
-0.069
-0.069
-0.069
-0.068
-0.068
-0.068
-0.07
-0.072
-0.074
-0.074
-0.071
-0.066
-0.062
-0.061
-0.059
-0.058
-0.056
-0.055
-0.054
-0.053
-0.053
-0.052
-0.051
-0.051
-0.051
-0.052
-0.053
-0.054
-0.055
-0.055
-0.055
-0.055
-0.055
-0.055
-0.055
-0.053
-0.052
-0.051
-0.05
-0.05
-0.049
-0.048
-0.047
-0.046
-0.045
-0.044
-0.043
-0.042
-0.04
-0.038
-0.035
-0.033
-0.03
-0.028
-0.026
-0.024
-0.022
-0.02
-0.019
-0.017
-0.014
-0.011
-0.007
-0.002
0.004
0.013
0.022
0.03
0.035
0.039
0.043
0.046
0.049
0.05
0.052
0.052
0.053
0.053
0.052
0.05
0.047
0.044
0.041
0.037
0.032
0.026
0.012
-0.004
-0.012
-0.017
-0.021
-0.025
-0.029
-0.032
-0.035
-0.036
-0.037
-0.037
-0.037
-0.037
-0.036
-0.035
-0.033
-0.03
-0.027
-0.023
-0.02
0.0
0.048
0.123
0.227
0.356
0.492
0.603
0.669
0.671
0.612
0.491
0.345
0.222
0.145
0.113
0.096
0.082
0.067
0.027
-0.01
-0.022
-0.03
-0.034
-0.034
-0.033
-0.031
-0.028
-0.027
-0.027
-0.026
-0.025
-0.024
-0.022
-0.02
-0.019
-0.017
-0.016
-0.015
-0.014
-0.013
-0.012
-0.009
-0.006
-0.003
0.001
0.006
0.015
0.025
0.035
0.044
0.05
0.055
0.059
0.062
0.066
0.069
0.072
0.074
0.076
0.079
0.083
0.087
0.092
0.097
0.103
0.11
0.117
0.125
0.134
0.143
0.153
0.167
0.184
0.201
0.219
0.236
0.256
0.271
0.283
0.292
0.298
0.303
0.307
0.312
0.316
0.317
0.315
0.309
0.3
0.289
0.274
0.26
0.243
0.221
0.198
0.174
0.15
0.129
0.113
0.094
0.075
0.052
0.034
0.022
0.011
0.001
-0.005
-0.011
-0.016
-0.022
-0.028
-0.035
-0.041
-0.045
-0.049
-0.052
-0.056
-0.059
-0.061
-0.063
-0.064
-0.065
-0.065
-0.064
-0.063
-0.062
-0.06
-0.059
-0.058
-0.057
-0.056
-0.055
-0.054
-0.053
-0.053
-0.052
-0.051
-0.05
-0.049
-0.048
-0.047
-0.047
-0.046
-0.046
-0.046
-0.046
-0.045
-0.045
-0.045
-0.045
-0.045
-0.045
-0.045
-0.045
-0.046
-0.047
-0.048
-0.049
-0.051
-0.052
-0.054
-0.056
-0.058
-0.06
-0.061
-0.063
-0.064
-0.066
-0.068
-0.069
-0.071
-0.072
-0.073
-0.074
-0.076
-0.077
