-0.008
-0.011
-0.014
-0.016
-0.018
-0.021
-0.023
-0.027
-0.03
-0.033
-0.037
-0.04
-0.043
-0.049
-0.059
-0.067
-0.067
-0.062
-0.049
-0.012
0.063
0.171
0.308
0.459
0.596
0.672
0.675
0.613
0.468
0.297
0.142
0.042
0.005
-0.005
-0.016
-0.026
-0.044
-0.068
-0.076
-0.08
-0.082
-0.084
-0.085
-0.085
-0.085
-0.085
-0.086
-0.087
-0.087
-0.087
-0.086
-0.086
-0.087
-0.088
-0.089
-0.09
-0.089
-0.089
-0.089
-0.089
-0.089
-0.089
-0.089
-0.09
-0.09
-0.092
-0.093
-0.094
-0.095
-0.093
-0.091
-0.088
-0.085
-0.083
-0.081
-0.079
-0.078
-0.077
-0.077
-0.076
-0.074
-0.073
-0.072
-0.071
-0.07
-0.069
-0.066
-0.063
-0.06
-0.057
-0.054
-0.051
-0.048
-0.045
-0.042
-0.039
-0.035
-0.03
-0.025
-0.021
-0.018
-0.016
-0.016
-0.016
-0.017
-0.02
-0.024
-0.029
-0.034
-0.04
-0.045
-0.05
-0.06
-0.069
-0.074
-0.077
-0.079
-0.079
-0.08
-0.081
-0.082
-0.083
-0.083
-0.082
-0.082
-0.082
-0.082
-0.081
-0.081
-0.081
-0.081
-0.082
-0.082
-0.083
-0.085
-0.085
-0.086
-0.087
-0.088
-0.088
-0.087
-0.086
-0.084
-0.084
-0.083
-0.081
-0.079
-0.078
-0.075
-0.072
-0.066
-0.058
-0.051
-0.043
-0.036
-0.029
-0.022
-0.015
-0.008
-0.001
0.005
0.012
0.017
0.02
0.021
0.023
0.025
0.026
0.027
0.029
0.031
0.033
0.035
0.037
0.039
0.04
0.039
0.039
0.037
0.035
0.032
0.029
0.027
0.025
0.023
0.021
0.019
0.017
0.015
0.013
0.007
-0.008
-0.01
0.003
0.04
0.121
0.246
0.41
0.595
0.756
0.819
0.807
0.679
0.459
0.231
0.064
0.005
0.006
0.047
0.063
0.067
0.049
0.018
0.006
-0.002
-0.008
-0.011
-0.012
-0.01
-0.007
-0.002
0.002
0.006
0.009
0.011
0.014
0.016
0.017
0.018
0.019
0.02
0.021
0.023
0.024
0.026
0.027
0.028
0.028
0.028
0.027
0.027
0.028
0.029
0.03
0.031
0.032
0.035
0.038
0.041
0.046
0.05
0.054
0.059
0.07
0.082
0.089
0.095
0.099
0.102
0.105
0.108
0.111
0.115
0.118
0.12
0.121
0.122
0.123
0.124
0.124
0.125
0.125
0.126
0.127
0.129
0.132
0.135
0.136
0.135
0.13
0.124
0.115
0.104
0.086
0.07
0.058
0.049
0.04
0.03
0.02
0.01
0.0
-0.009
-0.016
-0.023
-0.028
-0.033
-0.037
-0.04
-0.044
-0.048
-0.051
-0.054
-0.057
-0.062
-0.066
-0.068
-0.067
-0.062
-0.055
-0.046
-0.033
-0.028
-0.024
-0.02
-0.017
-0.017
-0.019
-0.022
-0.025
-0.027
-0.029
-0.03
-0.031
-0.032
-0.032
-0.03
-0.027
-0.022
-0.016
-0.01
-0.001
0.007
0.014
0.022
0.035
0.056
0.074
0.086
0.09
0.092
0.095
0.093
0.082
0.07
0.057
0.041
0.019
-0.009
-0.023
-0.029
-0.034
-0.038
-0.041
-0.044
-0.046
-0.047
-0.049
-0.049
-0.05
-0.05
-0.05
-0.05
-0.049
-0.049
-0.049
-0.05
-0.053
-0.039
0.002
0.08
0.2
0.36
0.54
0.698
0.783
0.749
0.591
0.358
0.123
-0.049
-0.109
-0.112
-0.067
-0.029
-0.016
-0.035
-0.047
-0.054
-0.06
-0.064
-0.068
-0.07
-0.07
-0.07
-0.069
-0.067
-0.065
-0.062
-0.059
-0.054
-0.051
-0.048
-0.046
-0.044
-0.042
-0.041
-0.04
-0.038
-0.037
-0.036
-0.034
-0.033
-0.032
-0.031
-0.03
-0.029
-0.028
-0.027
-0.027
-0.026
-0.025
-0.024
-0.023
-0.021
-0.018
-0.014
-0.005
0.002
0.01
0.014
0.017
0.019
0.021
0.023
0.024
0.026
0.028
0.03
0.032
0.034
0.036
0.038
0.041
0.044
0.046
0.049
0.052
0.055
0.059
0.063
0.067
0.069
0.069
0.069
0.067
0.065
0.062
0.058
0.053
0.046
0.032
0.02
0.008
-0.003
-0.014
-0.019
-0.023
-0.025
-0.028
-0.029
-0.03
-0.031
-0.031
-0.032
-0.033
-0.034
-0.035
-0.035
-0.035
-0.035
-0.035
-0.036
-0.036
-0.035
-0.035
-0.034
-0.034
-0.034
-0.035
-0.035
-0.035
-0.032
-0.028
-0.024
-0.022
-0.019
-0.017
-0.014
-0.012
-0.009
-0.007
-0.005
-0.003
-0.002
0.0
0.001
0.004
0.007
0.015
0.023
0.027
0.031
0.034
0.037
0.038
0.036
0.034
0.03
0.025
0.016
0.001
-0.011
-0.028
-0.044
-0.055
-0.058
-0.06
-0.062
-0.064
-0.065
-0.064
-0.061
-0.057
-0.054
-0.049
-0.047
-0.049
-0.054
-0.058
-0.063
-0.063
-0.05
-0.016
0.052
0.158
0.3
0.457
0.595
0.663
0.661
0.584
0.425
0.248
0.102
0.017
-0.003
-0.009
-0.016
-0.024
-0.05
-0.079
-0.092
-0.098
-0.101
-0.104
-0.103
-0.096
-0.087
-0.081
-0.076
-0.072
-0.068
-0.066
-0.065
-0.064
-0.064
-0.064
-0.064
-0.064
-0.064
-0.064
-0.064
-0.064
-0.064
-0.065
-0.065
-0.065
-0.065
-0.063
-0.061
-0.058
-0.056
-0.054
-0.052
-0.049
-0.045
-0.04
-0.035
-0.029
-0.024
-0.018
-0.012
-0.006
-0.002
0.002
0.005
0.008
0.011
0.014
0.017
0.019
0.021
0.023
0.024
0.026
0.028
0.03
0.032
0.034
0.038
0.043
0.048
0.053
0.057
0.063
0.067
0.066
0.062
0.056
0.052
0.049
0.046
0.044
0.041
0.039
0.037
0.034
0.031
0.027
0.021
0.015
0.009
0.004
0.001
-0.002
-0.006
-0.011
-0.015
-0.018
-0.02
-0.023
-0.026
-0.028
-0.029
-0.029
-0.029
-0.028
-0.026
-0.025
-0.024
-0.021
-0.02
-0.023
-0.025
-0.026
-0.028
-0.029
-0.03
-0.028
-0.024
-0.019
-0.015
-0.012
-0.008
-0.005
-0.001
0.001
0.004
0.007
0.008
0.009
0.011
0.014
0.019
0.032
0.04
0.045
0.048
0.049
0.048
0.043
0.037
0.025
0.007
-0.004
-0.013
-0.017
-0.018
-0.021
-0.024
-0.024
-0.019
-0.015
-0.011
-0.009
-0.012
-0.02
-0.029
-0.039
-0.042
-0.046
-0.049
-0.041
-0.017
0.035
0.115
0.221
0.35
0.483
0.598
0.649
0.644
0.569
0.427
0.269
0.134
0.05
0.007
-0.016
-0.033
-0.053
-0.066
-0.074
-0.079
-0.073
-0.068
-0.066
-0.065
-0.063
-0.062
-0.06
-0.059
-0.058
-0.056
-0.054
-0.052
-0.051
-0.049
-0.045
-0.043
-0.043
-0.046
-0.049
-0.052
-0.054
-0.056
-0.058
-0.059
-0.058
-0.056
-0.053
-0.05
-0.049
-0.047
-0.045
-0.043
-0.041
-0.039
-0.038
-0.037
-0.036
-0.036
-0.036
-0.036
-0.036
-0.036
-0.037
-0.037
-0.037
-0.037
-0.037
-0.037
-0.037
-0.038
-0.037
-0.028
-0.015
0.0
0.006
0.009
0.011
0.013
0.014
0.015
0.016
0.016
0.016
0.015
0.014
0.012
0.009
0.007
0.003
-0.005
-0.015
-0.025
-0.034
-0.04
-0.045
-0.051
-0.058
-0.065
-0.07
-0.074
-0.077
-0.082
-0.086
-0.088
-0.091
-0.094
-0.096
-0.097
-0.096
-0.094
-0.09
-0.087
-0.084
-0.082
-0.079
-0.077
-0.074
-0.072
-0.07
-0.069
-0.068
-0.068
-0.067
-0.066
-0.065
-0.065
-0.064
-0.063
-0.062
-0.061
-0.06
-0.058
-0.056
-0.054
-0.052
-0.049
-0.045
-0.035
-0.024
-0.01
0.006
0.023
0.036
0.043
0.047
0.05
0.051
0.049
0.045
0.039
0.03
0.017
0.01
0.006
0.003
-0.003
-0.009
-0.013
-0.017
-0.02
-0.022
-0.024
-0.026
-0.027
-0.028
-0.029
-0.029
-0.03
-0.031
-0.032
-0.036
-0.033
-0.008
0.044
0.126
0.237
0.374
0.521
0.646
0.711
0.689
0.581
0.424
0.263
0.135
0.05
0.008
-0.008
-0.019
-0.029
-0.039
-0.045
-0.035
-0.017
-0.005
0.001
0.0
-0.015
-0.028
-0.034
-0.038
-0.041
-0.042
-0.043
-0.042
-0.042
-0.041
-0.042
-0.041
-0.041
-0.041
-0.04
-0.039
-0.038
-0.038
-0.037
-0.037
-0.037
-0.036
-0.036
-0.036
-0.036
-0.036
-0.035
-0.035
-0.035
-0.034
-0.032
-0.031
-0.03
-0.029
-0.027
-0.025
-0.023
-0.021
-0.019
-0.016
-0.011
-0.005
-0.001
0.001
0.004
0.008
0.015
0.023
0.031
0.037
0.043
0.048
0.051
0.053
0.055
0.056
0.057
0.058
0.059
0.059
0.058
0.057
0.055
0.053
0.05
0.046
0.038
0.023
0.009
-0.004
-0.013
-0.017
-0.02
-0.022
-0.024
-0.025
-0.026
-0.026
-0.027
-0.028
-0.029
-0.031
-0.031
-0.029
-0.025
-0.02
-0.01
0.001
0.004
0.006
0.007
0.008
0.009
0.009
0.009
0.009
0.009
0.01
0.011
0.012
0.012
0.012
0.013
0.013
0.014
0.016
0.017
0.018
0.021
0.025
0.036
0.046
0.056
0.065
0.074
0.085
0.099
0.114
0.132
0.146
0.155
0.158
0.155
0.149
0.141
0.128
0.116
0.103
0.092
0.084
0.08
0.077
0.076
0.074
0.072
0.069
0.066
0.063
0.06
0.057
0.053
0.049
0.045
0.04
0.035
0.029
0.024
0.023
0.025
0.03
0.046
0.095
0.177
0.293
0.435
0.582
0.701
0.756
0.724
0.61
0.445
0.278
0.155
0.11
0.096
0.087
0.079
0.073
0.067
0.061
0.056
0.053
0.051
0.049
0.043
0.035
0.031
0.027
0.024
0.024
0.027
0.031
0.033
0.035
0.035
0.036
0.037
0.038
0.039
0.041
0.042
0.043
0.044
0.045
0.046
0.047
0.048
0.049
0.05
0.052
0.055
0.058
0.061
0.063
0.065
0.066
0.068
0.07
0.073
0.076
0.077
0.077
0.075
0.073
0.071
0.068
0.063
0.07
0.074
0.075
0.077
0.078
0.079
0.08
0.081
0.083
0.084
0.085
0.086
0.087
0.088
0.089
0.092
0.097
0.096
0.088
0.078
0.068
0.06
0.052
0.044
0.036
0.028
0.019
0.01
0.004
0.0
-0.001
-0.004
-0.007
-0.009
-0.012
-0.014
-0.015
-0.016
-0.017
-0.019
-0.02
-0.021
-0.022
-0.024
-0.026
-0.028
-0.03
-0.031
-0.033
-0.035
-0.037
-0.039
-0.041
-0.042
-0.042
-0.042
-0.041
-0.04
-0.038
-0.036
-0.034
-0.031
-0.025
-0.012
-0.006
-0.003
-0.001
0.0
0.001
0.003
0.006
0.008
0.01
0.012
0.014
0.017
0.021
0.031
0.044
0.048
0.052
0.054
0.052
0.047
0.04
0.027
0.013
-0.003
-0.014
-0.02
-0.025
-0.028
-0.032
-0.035
-0.037
-0.039
-0.042
-0.044
-0.046
-0.049
-0.05
-0.049
-0.049
-0.048
-0.046
-0.043
-0.04
-0.026
-0.005
0.033
0.097
0.19
0.311
0.445
0.562
0.612
0.604
0.517
0.361
0.189
0.048
-0.034
-0.045
-0.048
-0.051
-0.056
-0.063
-0.076
-0.086
-0.09
-0.086
-0.078
-0.075
-0.073
-0.07
-0.068
-0.066
-0.064
-0.062
-0.06
-0.058
-0.055
-0.053
-0.051
-0.049
-0.048
-0.047
-0.046
-0.044
-0.042
-0.041
-0.039
-0.038
-0.037
-0.035
-0.034
-0.032
-0.03
-0.028
-0.024
-0.018
-0.01
0.0
0.011
0.018
0.022
0.027
0.032
0.036
0.041
0.044
0.048
0.051
0.053
0.055
0.056
0.057
0.058
0.059
0.06
0.059
0.055
0.052
0.051
0.049
0.048
0.047
0.047
0.047
0.047
0.047
0.048
0.048
0.049
0.05
0.052
0.053
0.053
0.053
0.05
0.047
0.042
0.036
0.026
0.017
0.008
0.001
-0.003
-0.008
-0.012
-0.015
-0.018
-0.02
-0.021
-0.022
-0.023
-0.024
-0.026
-0.027
-0.027
-0.027
-0.027
-0.026
-0.025
-0.024
-0.023
-0.021
-0.02
-0.02
-0.021
-0.022
-0.023
-0.025
-0.026
-0.026
-0.025
-0.021
-0.018
-0.016
-0.014
-0.011
-0.009
-0.007
-0.005
-0.003
-0.001
0.0
0.002
0.005
0.007
0.01
0.014
0.022
0.028
0.034
0.039
0.045
0.047
0.045
0.041
0.034
0.023
0.012
-0.001
-0.018
-0.029
-0.033
-0.035
-0.037
-0.038
-0.038
-0.035
-0.032
-0.028
-0.023
-0.021
-0.025
-0.033
-0.04
-0.046
-0.051
-0.051
-0.049
-0.043
-0.027
0.017
0.089
0.187
0.305
0.427
0.526
0.572
0.546
0.449
0.308
0.163
0.048
-0.024
-0.036
-0.04
-0.041
-0.044
-0.048
-0.052
-0.057
-0.06
-0.063
-0.066
-0.069
-0.07
-0.071
-0.071
-0.071
-0.07
-0.069
-0.067
-0.064
-0.061
-0.058
-0.055
-0.052
-0.049
-0.046
-0.043
-0.041
-0.041
-0.041
-0.042
-0.043
-0.043
-0.044
-0.045
-0.047
-0.049
-0.05
-0.048
-0.045
-0.041
-0.035
-0.028
-0.024
-0.022
-0.02
-0.018
-0.016
-0.015
-0.014
-0.013
-0.012
-0.011
-0.01
-0.009
-0.008
-0.006
-0.003
-0.001
0.0
-0.001
-0.002
-0.003
-0.004
-0.005
-0.006
-0.004
0.0
0.005
0.008
0.013
0.017
0.02
0.02
0.018
0.015
0.01
0.007
0.002
-0.002
-0.007
-0.012
-0.017
-0.019
-0.021
-0.023
-0.025
-0.027
-0.028
-0.029
-0.03
-0.031
-0.033
-0.034
-0.035
-0.035
-0.035
-0.034
-0.033
-0.032
-0.031
-0.03
-0.028
-0.026
-0.024
-0.022
-0.02
-0.018
-0.015
-0.01
-0.004
0.0
0.002
0.004
0.006
0.008
0.009
0.011
0.012
0.012
0.013
0.013
0.013
0.013
0.012
0.011
0.01
0.009
0.007
0.004
-0.001
0.009
0.027
0.045
0.054
0.059
0.062
0.063
0.062
0.058
0.053
0.044
0.028
0.011
-0.003
-0.011
-0.015
-0.018
-0.021
-0.023
-0.024
-0.025
-0.026
-0.027
-0.029
-0.03
-0.028
-0.027
-0.026
-0.025
-0.028
-0.032
-0.036
-0.029
-0.006
0.046
0.135
0.259
0.403
0.536
0.605
0.603
0.527
0.375
0.208
0.071
-0.012
-0.033
-0.031
-0.01
-0.001
0.001
0.002
-0.005
-0.017
-0.032
-0.04
-0.043
-0.046
-0.048
-0.049
-0.05
-0.051
-0.051
-0.05
-0.049
-0.047
-0.045
-0.042
-0.039
-0.033
-0.022
-0.016
-0.011
-0.007
-0.005
-0.007
-0.013
-0.017
-0.022
-0.025
-0.026
-0.023
-0.019
-0.012
0.0
0.012
0.022
0.028
0.032
0.025
0.019
0.016
0.012
0.01
0.009
0.009
0.011
0.014
0.016
0.017
0.02
0.022
0.024
0.025
0.026
0.026
0.025
0.025
0.024
0.023
0.022
0.021
0.022
0.026
0.03
0.033
0.036
0.038
0.041
0.043
0.044
0.045
0.044
0.042
0.039
0.036
0.033
0.029
0.024
0.019
0.013
0.007
0.002
-0.001
-0.003
-0.006
-0.009
-0.012
-0.014
-0.015
-0.016
-0.016
-0.016
-0.016
-0.015
-0.014
-0.012
-0.01
-0.008
-0.005
-0.003
0.001
0.01
0.018
0.023
0.026
0.028
0.031
0.032
0.033
0.033
0.031
0.029
0.027
0.025
0.023
0.021
0.019
0.018
0.017
0.017
0.019
0.022
0.025
0.031
0.044
0.055
0.061
0.067
0.072
0.077
0.082
0.089
0.089
0.081
0.073
0.064
0.058
0.051
0.045
0.037
0.026
0.014
0.008
0.004
0.002
0.0
0.0
-0.002
-0.003
-0.005
-0.007
-0.009
-0.011
-0.012
-0.016
-0.023
-0.023
-0.011
0.021
0.091
0.195
0.334
0.491
0.632
0.699
0.694
0.598
0.419
0.227
0.081
0.024
0.018
0.037
0.04
0.027
-0.013
-0.056
-0.078
-0.086
-0.08
-0.063
-0.041
-0.032
-0.026
-0.023
-0.032
-0.039
-0.044
-0.048
-0.05
-0.05
-0.048
-0.046
-0.043
-0.041
-0.04
-0.039
-0.037
-0.036
-0.034
-0.032
-0.031
-0.028
-0.026
-0.024
-0.022
-0.02
-0.019
-0.018
-0.016
-0.014
-0.012
-0.009
-0.007
-0.005
-0.003
-0.001
0.0
0.0
0.002
0.004
0.008
0.011
0.013
0.012
0.009
0.006
0.003
0.0
-0.002
0.0
0.003
0.007
0.011
0.015
0.019
0.022
0.028
0.033
0.024
0.018
0.015
0.012
0.01
0.008
0.006
0.004
0.003
0.001
-0.001
-0.004
-0.009
-0.017
-0.026
-0.033
-0.039
-0.045
-0.05
-0.054
-0.057
-0.061
-0.063
-0.066
-0.067
-0.067
-0.066
-0.063
-0.06
-0.058
-0.054
-0.048
-0.045
-0.048
-0.054
-0.059
-0.065
-0.07
-0.072
-0.074
-0.075
-0.078
-0.079
-0.075
-0.066
-0.062
-0.058
-0.054
-0.05
-0.048
-0.047
-0.048
-0.048
-0.049
-0.05
-0.052
-0.053
-0.055
-0.057
-0.059
-0.058
-0.053
-0.047
-0.037
-0.018
-0.005
0.003
0.007
0.004
0.0
-0.006
-0.014
-0.021
-0.03
-0.043
-0.059
-0.07
-0.073
-0.075
-0.076
-0.077
-0.078
-0.079
-0.081
-0.082
-0.084
-0.086
-0.088
-0.091
-0.093
-0.096
-0.103
-0.108
-0.105
-0.097
-0.072
-0.003
0.113
0.276
0.461
0.627
0.706
0.703
0.606
0.422
0.227
0.074
-0.011
-0.028
-0.034
-0.03
-0.025
-0.022
-0.032
-0.046
-0.056
-0.058
-0.059
-0.06
-0.059
-0.054
-0.05
-0.048
-0.047
-0.046
-0.046
-0.045
-0.043
-0.042
-0.04
-0.038
-0.036
-0.034
-0.033
-0.031
-0.029
-0.026
-0.024
-0.021
-0.019
-0.016
-0.012
-0.004
0.003
0.013
0.024
0.03
0.034
0.037
0.038
0.039
0.038
0.036
0.035
0.033
0.032
0.03
0.031
0.034
0.039
0.043
0.047
0.051
0.052
0.053
0.053
0.054
0.055
0.055
0.056
0.057
0.057
0.058
0.059
0.061
0.063
0.065
0.069
0.076
0.088
0.093
0.097
0.098
0.095
0.087
0.076
0.062
0.039
0.017
0.008
0.001
-0.003
-0.007
-0.01
-0.012
-0.014
-0.014
-0.015
-0.015
-0.016
-0.017
-0.018
-0.019
-0.019
-0.02
-0.021
-0.023
-0.024
-0.025
-0.028
-0.032
-0.035
-0.033
-0.028
-0.026
-0.025
-0.024
-0.022
-0.021
-0.02
-0.019
-0.018
-0.016
-0.014
-0.012
-0.01
-0.008
-0.005
-0.002
0.0
0.004
0.008
0.011
0.014
0.018
0.025
0.033
0.038
0.041
0.045
0.044
0.038
0.029
0.017
0.005
-0.009
-0.017
-0.02
-0.022
-0.024
-0.026
-0.027
-0.028
-0.029
-0.031
-0.032
-0.032
-0.033
-0.034
-0.034
-0.035
-0.036
-0.038
-0.043
-0.047
-0.052
-0.049
-0.024
0.036
0.141
0.284
0.446
0.594
0.66
0.651
0.538
0.329
0.107
-0.065
-0.136
-0.143
-0.107
-0.057
-0.038
-0.032
-0.03
-0.029
-0.03
-0.032
-0.035
-0.037
-0.038
-0.039
-0.04
-0.042
-0.043
-0.045
-0.046
-0.047
-0.048
-0.049
-0.05
-0.052
-0.054
-0.056
-0.056
-0.052
-0.046
-0.035
-0.02
-0.009
-0.001
0.005
0.009
0.012
0.015
0.018
0.023
0.027
0.031
0.033
0.035
0.036
0.038
0.039
0.041
0.042
0.043
0.045
0.046
0.048
0.049
0.049
0.05
0.05
0.051
0.053
0.054
0.057
0.06
0.064
0.067
0.072
0.078
0.087
0.098
0.105
0.11
0.114
0.116
0.116
0.115
0.113
0.11
0.099
0.078
0.055
0.039
0.024
0.013
0.004
-0.005
-0.014
-0.025
-0.031
-0.036
-0.04
-0.042
-0.044
-0.044
-0.045
-0.045
-0.046
-0.047
-0.047
-0.044
-0.041
-0.038
-0.037
-0.039
-0.039
-0.04
-0.041
-0.041
-0.041
-0.041
-0.041
-0.04
-0.04
-0.039
-0.038
-0.036
-0.034
-0.033
-0.035
-0.038
-0.042
-0.046
-0.052
-0.055
-0.052
-0.047
-0.041
-0.034
-0.028
-0.021
-0.011
0.001
0.009
0.013
0.015
0.016
0.017
0.018
0.016
0.014
0.01
0.005
-0.002
-0.02
-0.033
-0.041
-0.046
-0.047
-0.048
-0.049
-0.05
-0.051
-0.052
-0.054
-0.055
-0.057
-0.061
-0.065
-0.074
-0.088
-0.101
-0.114
-0.125
-0.132
-0.126
-0.11
-0.055
0.038
0.174
0.34
0.505
0.627
0.672
0.62
0.485
0.308
0.14
0.022
-0.024
-0.041
-0.046
-0.046
-0.044
-0.041
-0.039
-0.046
-0.058
-0.07
-0.078
-0.082
-0.084
-0.083
-0.079
-0.075
-0.072
-0.069
-0.066
-0.064
-0.061
-0.059
-0.057
-0.054
-0.05
-0.043
-0.033
-0.027
-0.023
-0.021
-0.018
-0.016
-0.014
-0.012
-0.011
-0.01
-0.009
-0.008
-0.008
-0.007
-0.006
-0.005
-0.005
-0.004
-0.002
0.0
0.001
0.003
0.005
0.008
0.011
0.015
0.022
0.029
0.033
0.035
0.039
0.042
0.045
0.045
0.044
0.042
0.039
0.035
0.036
0.046
0.055
0.063
0.068
0.069
0.07
0.07
0.071
0.072
0.069
0.062
0.05
0.037
0.032
0.029
0.026
0.022
0.016
0.01
0.003
-0.003
-0.009
-0.015
-0.019
-0.022
-0.024
-0.027
-0.029
-0.031
-0.032
-0.032
-0.032
-0.031
-0.03
-0.029
-0.027
-0.025
-0.023
-0.02
-0.018
-0.016
-0.013
-0.011
-0.008
-0.006
-0.005
-0.003
-0.001
0.0
0.002
0.004
0.007
0.009
0.013
0.017
0.021
0.024
0.03
0.04
0.057
0.07
0.085
0.098
0.107
0.108
0.109
0.111
0.11
0.101
0.087
0.07
0.057
0.049
0.042
0.037
0.028
0.014
0.0
-0.015
-0.026
-0.031
-0.036
-0.04
-0.043
-0.046
-0.049
-0.051
-0.055
-0.058
-0.065
-0.086
-0.108
-0.116
-0.116
-0.111
-0.097
-0.046
0.037
0.156
0.297
0.443
0.566
0.63
0.63
0.572
0.438
0.28
0.135
0.032
-0.031
-0.064
-0.081
-0.098
-0.11
-0.116
-0.119
-0.122
-0.123
-0.121
-0.117
-0.114
-0.112
-0.11
-0.108
-0.106
-0.104
-0.102
-0.101
-0.1
-0.1
-0.099
-0.099
-0.098
-0.097
-0.097
-0.096
-0.094
-0.094
-0.097
-0.098
-0.099
-0.101
-0.101
-0.1
-0.098
-0.094
-0.09
-0.083
-0.067
-0.058
-0.054
-0.051
-0.048
-0.046
-0.044
-0.044
-0.044
-0.043
-0.042
-0.041
-0.041
-0.041
-0.041
-0.041
-0.039
-0.037
-0.033
-0.027
-0.023
-0.019
-0.015
-0.01
-0.006
-0.002
0.006
0.018
0.023
0.027
0.029
0.03
0.028
0.024
0.018
0.01
-0.005
-0.02
-0.031
-0.038
-0.045
-0.052
-0.053
-0.053
-0.054
-0.055
-0.056
-0.056
-0.056
-0.055
-0.054
-0.053
-0.051
-0.048
-0.056
-0.06
-0.062
-0.064
-0.067
-0.069
-0.071
-0.073
-0.075
-0.078
-0.08
-0.082
-0.084
-0.086
-0.088
-0.089
-0.092
-0.094
-0.096
-0.098
-0.099
-0.099
-0.099
-0.098
-0.097
-0.094
-0.09
-0.086
-0.081
-0.073
-0.065
-0.058
-0.047
-0.032
-0.018
-0.006
-0.001
0.002
0.004
0.003
0.0
-0.007
-0.017
-0.032
-0.042
-0.048
-0.052
-0.055
-0.057
-0.059
-0.06
-0.061
-0.062
-0.063
-0.064
-0.065
-0.067
-0.069
-0.071
-0.073
-0.077
-0.083
-0.084
-0.077
-0.059
-0.014
0.055
0.151
0.269
0.398
0.518
0.606
0.638
0.593
0.477
0.316
0.15
0.019
-0.041
-0.048
-0.035
-0.028
-0.028
-0.035
-0.04
-0.044
-0.047
-0.049
-0.048
-0.046
-0.041
-0.035
-0.027
-0.016
-0.005
0.005
0.016
0.023
0.026
0.028
0.03
0.031
0.032
0.033
0.033
0.033
0.033
0.033
0.033
0.034
0.034
0.035
0.035
0.036
0.036
0.037
0.038
0.038
0.039
0.041
0.042
0.044
0.048
0.057
0.062
0.064
0.066
0.067
0.068
0.069
0.07
0.071
0.072
0.074
0.075
0.076
0.077
0.077
0.078
0.079
0.08
0.082
0.083
0.086
0.088
0.09
0.092
0.092
0.09
0.088
0.085
0.081
0.077
0.071
0.064
0.058
0.051
0.045
0.037
0.029
0.024
0.02
0.016
0.013
0.011
0.009
0.007
0.006
0.005
0.004
0.002
0.001
0.0
-0.001
-0.002
-0.003
-0.005
-0.006
-0.007
-0.008
-0.008
-0.007
-0.006
-0.004
-0.003
-0.002
-0.001
-0.001
0.0
0.0
0.0
0.0
0.0
0.001
0.002
0.003
0.004
0.005
0.006
0.008
0.009
0.011
0.014
0.019
0.03
0.036
0.039
0.042
0.044
0.046
0.046
0.044
0.041
0.036
0.03
0.02
0.012
0.006
0.001
-0.003
-0.008
-0.011
-0.013
-0.014
-0.016
-0.018
-0.02
-0.022
-0.024
-0.027
-0.03
-0.039
-0.056
-0.073
-0.083
-0.078
-0.066
-0.015
0.068
0.189
0.336
0.489
0.615
0.674
0.644
0.525
0.351
0.172
0.038
-0.022
-0.03
-0.011
0.009
0.009
-0.016
-0.061
-0.097
-0.112
-0.118
-0.109
-0.095
-0.079
-0.07
-0.066
-0.063
-0.061
-0.058
-0.056
-0.053
-0.05
-0.045
-0.037
-0.031
-0.027
-0.025
-0.022
-0.021
-0.02
-0.021
-0.024
-0.028
-0.032
-0.036
-0.041
-0.045
-0.047
-0.046
-0.044
-0.039
-0.032
-0.018
-0.006
0.0
0.005
0.011
0.016
0.019
0.021
0.023
0.024
0.025
0.026
0.027
0.028
0.03
0.031
0.032
0.033
0.034
0.036
0.037
0.039
0.041
0.043
0.048
0.054
0.058
0.063
0.07
0.079
0.081
0.084
0.086
0.086
0.08
0.071
0.058
0.044
0.029
0.013
-0.002
-0.014
-0.021
-0.028
-0.034
-0.041
-0.049
-0.051
-0.053
-0.055
-0.046
-0.037
-0.029
-0.026
-0.024
-0.023
-0.023
-0.023
-0.023
-0.023
-0.023
-0.023
-0.022
-0.022
-0.022
-0.022
-0.022
-0.022
-0.022
-0.021
-0.021
-0.021
-0.021
-0.02
-0.018
-0.016
-0.014
-0.011
-0.003
0.005
0.013
0.02
0.027
0.034
0.045
0.06
0.068
0.073
0.077
0.079
0.08
0.078
0.075
0.072
0.068
0.062
0.053
0.045
0.036
0.028
0.017
0.012
0.009
0.006
0.004
0.001
0.0
-0.002
-0.004
-0.005
-0.006
-0.008
-0.011
-0.017
-0.029
-0.039
-0.046
-0.046
-0.039
-0.019
0.036
0.126
0.25
0.4
0.558
0.686
0.737
0.686
0.54
0.343
0.158
0.03
-0.009
-0.008
0.014
0.026
0.02
0.002
-0.03
-0.057
-0.067
-0.071
