-0.003
-0.002
-0.002
-0.002
-0.002
-0.001
0.0
0.0
0.0
0.0
0.0
-0.001
-0.001
-0.002
-0.003
-0.003
-0.003
-0.003
-0.004
-0.004
-0.005
-0.006
-0.008
-0.01
-0.012
-0.013
-0.014
-0.017
-0.018
-0.025
-0.043
-0.05
-0.054
-0.058
-0.06
-0.06
-0.055
-0.047
-0.033
-0.009
0.003
0.01
0.015
0.02
0.022
0.022
0.019
0.016
0.011
0.006
0.002
-0.002
-0.007
-0.011
-0.015
-0.018
-0.021
-0.024
-0.027
-0.03
-0.032
-0.035
-0.037
-0.04
-0.043
-0.045
-0.046
-0.047
-0.048
-0.047
-0.044
-0.041
-0.037
-0.033
-0.029
-0.024
-0.018
-0.006
0.014
0.016
0.017
0.019
0.017
0.002
-0.006
-0.014
-0.02
-0.023
-0.022
-0.017
-0.009
0.0
0.01
0.025
0.036
0.04
0.042
0.046
0.05
0.032
0.019
0.013
0.007
0.002
-0.003
-0.009
-0.013
-0.018
-0.022
-0.027
-0.031
-0.033
-0.035
-0.037
-0.038
-0.038
-0.037
-0.033
-0.029
-0.024
-0.018
-0.012
-0.003
0.015
0.039
0.051
0.058
0.065
0.071
0.076
0.081
0.084
0.085
0.085
0.085
0.084
0.081
0.077
0.072
0.067
0.06
0.052
0.035
0.001
-0.029
-0.059
-0.081
-0.096
-0.095
-0.081
-0.067
-0.05
-0.031
-0.004
0.026
0.042
0.051
0.058
0.064
0.067
0.067
0.067
0.068
0.068
0.069
0.068
0.068
0.067
0.066
0.065
0.066
0.067
0.067
0.067
0.066
0.064
0.063
0.061
0.06
0.058
0.057
0.056
0.055
0.054
0.051
0.048
0.044
0.04
0.037
0.034
0.032
0.03
0.028
0.025
0.023
0.022
0.021
0.02
0.018
0.015
0.013
0.011
0.009
0.007
0.005
0.005
0.004
0.004
0.003
0.003
0.002
0.0
-0.003
-0.006
-0.009
-0.012
-0.015
-0.017
-0.018
-0.017
-0.016
-0.013
-0.01
-0.007
-0.002
0.002
0.006
0.011
0.017
0.029
0.042
0.054
0.067
0.077
0.086
0.094
0.1
0.104
0.108
0.111
0.112
0.114
0.115
0.117
0.118
0.12
0.122
0.123
0.124
0.125
0.126
0.127
0.127
0.128
0.129
0.131
0.134
0.136
0.138
0.138
0.136
0.131
0.124
0.116
0.105
0.088
0.077
0.071
0.069
0.068
0.066
0.064
0.062
0.059
0.056
0.052
0.048
0.043
0.038
0.031
0.02
0.0
-0.012
-0.028
-0.046
-0.056
-0.062
-0.066
-0.067
-0.065
-0.06
-0.052
-0.043
-0.056
-0.07
-0.079
-0.093
-0.111
-0.124
-0.135
-0.144
-0.152
-0.16
-0.165
-0.171
-0.179
-0.189
-0.194
-0.188
-0.176
-0.163
-0.147
-0.128
-0.111
-0.095
-0.089
-0.086
-0.084
-0.082
-0.081
-0.08
-0.079
-0.078
-0.078
-0.078
-0.079
-0.08
-0.082
-0.085
-0.088
-0.09
-0.09
-0.092
-0.094
-0.098
-0.102
-0.106
-0.11
-0.114
-0.118
-0.12
-0.12
-0.116
-0.108
-0.099
-0.086
-0.067
-0.059
-0.055
-0.052
-0.05
-0.048
-0.046
-0.044
-0.043
-0.043
-0.043
-0.044
-0.045
-0.046
-0.047
-0.047
-0.047
-0.048
-0.049
-0.049
-0.048
-0.048
-0.048
-0.049
-0.05
-0.051
-0.052
-0.052
-0.053
-0.055
-0.056
-0.056
-0.056
-0.057
-0.059
-0.061
-0.064
-0.066
-0.068
-0.07
-0.073
-0.075
-0.078
-0.08
-0.079
-0.078
-0.078
-0.079
-0.081
-0.083
-0.086
-0.089
-0.092
-0.094
-0.097
-0.099
-0.1
-0.1
-0.1
-0.1
-0.1
-0.101
-0.103
-0.106
-0.108
-0.109
-0.107
-0.105
-0.102
-0.099
-0.097
-0.094
-0.09
-0.085
-0.081
-0.076
-0.071
-0.064
-0.055
-0.036
-0.002
0.008
0.011
0.014
0.017
0.02
0.023
0.025
0.027
0.028
0.029
0.031
0.033
0.034
0.034
0.034
0.035
0.035
0.035
0.034
0.032
0.03
0.03
0.029
0.029
0.029
0.028
0.028
0.028
0.029
0.03
0.031
0.03
0.029
0.028
0.028
0.027
0.026
0.025
0.024
0.024
0.024
0.026
0.028
0.03
0.031
0.033
0.036
0.039
0.041
0.043
0.045
0.048
0.055
0.064
0.07
0.073
0.076
0.078
0.082
0.085
0.088
0.089
0.085
0.076
0.067
0.058
0.047
0.038
0.031
0.025
0.021
0.017
0.014
0.013
0.012
0.015
0.021
0.028
0.036
0.044
0.055
0.065
0.072
0.074
0.073
0.072
0.07
0.07
0.068
0.066
0.066
0.071
0.079
0.088
0.1
0.104
0.106
0.108
0.111
0.113
0.114
0.113
0.11
0.104
0.096
0.084
0.058
0.029
-0.001
-0.035
-0.061
-0.075
-0.085
-0.084
-0.062
-0.032
0.005
0.032
0.051
0.052
0.043
0.033
0.023
0.023
0.039
0.081
0.132
0.151
0.152
0.134
0.084
0.026
0.002
-0.01
-0.019
-0.005
0.004
0.01
0.013
0.017
0.021
0.025
0.028
0.032
0.038
0.045
0.05
0.05
0.043
0.032
0.019
0.003
-0.007
-0.016
-0.024
-0.029
-0.027
-0.022
-0.02
-0.018
-0.017
-0.017
-0.015
-0.014
-0.012
-0.011
-0.011
-0.012
-0.014
-0.016
-0.018
-0.019
-0.019
-0.02
-0.02
-0.021
-0.022
-0.024
-0.026
-0.03
-0.033
-0.034
-0.032
-0.027
-0.022
-0.019
-0.015
-0.012
-0.009
-0.006
-0.002
0.001
0.005
0.007
0.009
0.012
0.016
0.021
0.031
0.049
0.059
0.064
0.066
0.069
0.071
0.073
0.074
0.074
0.074
0.073
0.072
0.072
0.071
0.07
0.07
0.069
0.069
0.069
0.069
0.069
0.068
0.068
0.069
0.071
0.073
0.073
0.072
0.069
0.066
0.064
0.063
0.062
0.061
0.06
0.058
0.056
0.056
0.057
0.058
0.059
0.06
0.061
0.063
0.065
0.067
0.068
0.068
0.066
0.065
0.064
0.063
0.062
0.06
0.059
0.057
0.056
0.054
0.053
0.05
0.046
0.042
0.037
0.032
0.027
0.023
0.018
0.014
0.01
0.006
0.002
-0.002
-0.007
-0.01
-0.01
-0.008
-0.004
0.001
0.008
0.015
0.024
0.032
0.037
0.04
0.041
0.042
0.043
0.044
0.045
0.046
0.047
0.049
0.051
0.052
0.054
0.055
0.055
0.056
0.058
0.061
0.066
0.076
0.075
0.058
0.034
0.001
-0.054
-0.116
-0.164
-0.179
-0.167
-0.132
-0.071
-0.011
0.015
0.03
0.043
0.058
0.067
0.074
0.08
0.083
0.084
0.08
0.071
0.06
0.04
0.011
-0.004
-0.015
-0.02
-0.014
-0.002
0.006
0.014
0.02
0.023
0.023
0.017
0.008
0.001
-0.004
-0.011
-0.018
-0.024
-0.027
-0.025
-0.021
-0.014
-0.007
0.0
0.01
0.015
0.005
-0.013
-0.029
-0.045
-0.058
-0.066
-0.072
-0.08
-0.09
-0.094
-0.095
-0.097
-0.1
-0.088
-0.079
-0.074
-0.069
-0.066
-0.063
-0.063
-0.065
-0.068
-0.07
-0.072
-0.075
-0.077
-0.08
-0.082
-0.084
-0.085
-0.085
-0.084
-0.083
-0.081
-0.079
-0.075
-0.071
-0.065
-0.055
-0.044
-0.032
-0.024
-0.015
-0.008
-0.006
-0.01
-0.015
-0.02
-0.026
-0.03
-0.026
-0.016
0.0
0.014
0.017
0.02
0.018
0.003
-0.005
-0.012
-0.018
-0.022
-0.024
-0.024
-0.021
-0.016
-0.011
-0.006
0.0
0.004
0.006
0.005
0.004
0.002
0.001
0.0
0.0
-0.001
-0.002
-0.002
-0.004
-0.006
-0.008
-0.007
-0.003
0.003
0.008
0.013
0.017
0.018
0.015
0.009
0.003
-0.001
-0.007
-0.012
-0.016
-0.017
-0.013
-0.006
0.0
0.003
0.007
0.012
0.017
0.02
0.02
0.02
0.018
0.016
0.013
0.009
0.004
-0.006
-0.022
-0.043
-0.064
-0.075
-0.082
-0.086
-0.085
-0.08
-0.072
-0.062
-0.047
-0.025
-0.015
-0.009
-0.004
0.001
0.005
0.008
0.011
0.013
0.015
0.016
0.016
0.017
0.017
0.017
0.017
0.017
0.018
0.02
0.023
0.023
0.021
0.017
0.009
-0.002
-0.021
-0.05
-0.083
-0.122
-0.168
-0.212
-0.226
-0.216
-0.187
-0.125
-0.056
0.004
0.029
0.035
0.039
0.041
0.043
0.045
0.047
0.048
0.05
0.053
0.058
0.066
0.055
0.036
0.02
0.011
0.005
0.003
0.01
0.023
0.034
0.044
0.051
0.05
0.042
0.033
0.028
0.023
0.019
0.015
0.012
0.011
0.011
0.012
0.013
0.014
0.015
0.016
0.019
0.018
0.009
0.003
0.0
-0.005
-0.012
-0.02
-0.028
-0.034
-0.039
-0.045
-0.049
-0.053
-0.055
-0.055
-0.055
-0.055
-0.055
-0.055
-0.055
-0.054
-0.051
-0.049
-0.048
-0.052
-0.058
-0.066
-0.075
-0.08
-0.083
-0.087
-0.09
-0.087
-0.078
-0.065
-0.041
-0.012
0.01
0.027
0.037
0.027
0.018
0.01
0.006
0.008
0.012
0.014
0.016
0.019
0.023
0.027
0.032
0.039
0.047
0.029
0.011
-0.002
-0.009
-0.003
0.006
0.012
0.017
0.022
0.025
0.027
0.027
0.026
0.024
0.022
0.02
0.017
0.015
0.012
0.008
0.005
0.004
0.006
0.011
0.016
0.021
0.024
0.028
0.032
0.036
0.04
0.04
0.037
0.033
0.027
0.023
0.02
0.017
0.013
0.008
0.005
0.003
0.004
0.008
0.012
0.018
0.023
0.028
0.036
0.043
0.049
0.049
0.044
0.035
0.027
0.019
0.008
-0.001
-0.004
-0.006
-0.008
-0.01
-0.01
-0.01
-0.012
-0.015
-0.02
-0.025
-0.03
-0.037
-0.04
-0.036
-0.028
-0.022
-0.017
-0.01
-0.003
0.006
0.023
0.042
0.052
0.06
0.059
0.049
0.042
0.036
0.031
0.026
0.023
0.019
0.014
0.006
0.006
0.02
0.032
0.044
0.05
0.048
0.042
0.023
-0.013
-0.06
-0.108
-0.143
-0.145
-0.117
-0.038
0.052
0.114
0.134
0.126
0.101
0.055
0.028
0.018
0.014
0.017
0.021
0.024
0.026
0.028
0.03
0.031
0.032
0.034
0.035
0.035
0.034
0.033
0.031
0.028
0.024
0.021
0.018
0.015
0.012
0.008
0.002
-0.004
-0.009
-0.009
-0.008
-0.006
-0.003
-0.001
0.001
0.004
0.003
-0.001
-0.006
-0.009
-0.012
-0.015
-0.018
-0.021
-0.025
-0.029
-0.033
-0.038
-0.043
-0.05
-0.062
-0.066
-0.067
-0.068
-0.069
-0.07
-0.07
-0.066
-0.061
-0.058
-0.055
-0.051
-0.048
-0.047
-0.046
-0.047
-0.049
-0.052
-0.055
-0.059
-0.067
-0.067
-0.056
-0.046
-0.036
-0.024
-0.011
0.004
0.021
0.03
0.036
0.041
0.044
0.046
0.046
0.044
0.04
0.037
0.034
0.032
0.03
0.029
0.028
0.027
0.026
0.025
0.023
0.02
0.016
0.013
0.01
0.006
0.003
0.0
-0.002
-0.005
-0.007
-0.008
-0.011
-0.013
-0.016
-0.019
-0.022
-0.024
-0.026
-0.029
-0.03
-0.031
-0.032
-0.033
-0.034
-0.034
-0.035
-0.036
-0.035
-0.035
-0.034
-0.034
-0.035
-0.035
-0.035
-0.035
-0.035
-0.038
-0.044
-0.043
-0.031
-0.025
-0.02
-0.017
-0.015
-0.014
-0.014
-0.016
-0.021
-0.027
-0.034
-0.041
-0.047
-0.054
-0.062
-0.068
-0.072
-0.074
-0.072
-0.069
-0.065
-0.059
-0.052
-0.04
-0.021
-0.012
-0.008
-0.005
-0.003
-0.001
0.001
0.003
0.006
0.009
0.012
0.014
0.017
0.02
0.022
0.026
0.03
0.037
0.044
0.044
0.036
0.024
0.01
-0.008
-0.02
-0.026
-0.031
-0.035
-0.037
-0.037
-0.033
-0.025
-0.014
0.005
0.035
0.062
0.086
0.099
0.107
0.114
0.116
0.112
0.102
0.09
0.079
0.069
0.06
0.051
0.044
0.037
0.029
0.015
-0.002
-0.009
-0.015
-0.021
-0.018
0.001
0.018
0.034
0.044
0.048
0.05
0.054
0.059
0.063
0.059
0.05
0.04
0.03
0.017
0.004
-0.008
-0.022
-0.022
-0.01
0.0
0.008
0.014
0.012
0.009
0.007
0.004
0.0
-0.004
-0.011
-0.019
-0.026
-0.034
-0.043
-0.052
-0.061
-0.07
-0.078
-0.088
-0.098
-0.105
-0.105
-0.1
-0.09
-0.081
-0.074
-0.068
-0.062
-0.055
-0.048
-0.041
-0.035
-0.03
-0.025
-0.019
-0.012
-0.005
0.0
0.003
0.008
0.013
0.02
0.029
0.038
0.048
0.061
0.078
0.086
0.092
0.099
0.102
0.096
0.087
0.083
0.081
0.08
0.079
0.078
0.077
0.075
0.073
0.071
0.069
0.067
0.065
0.064
0.063
0.063
0.063
0.062
0.061
0.06
0.059
0.054
0.049
0.046
0.049
0.055
0.062
0.067
0.073
0.079
0.083
0.085
0.084
0.081
0.079
0.076
0.074
0.071
0.067
0.063
0.059
0.055
0.054
0.053
0.052
0.051
0.051
0.05
0.049
0.049
0.047
0.045
0.042
0.039
0.036
0.033
0.031
0.028
0.023
0.013
0.006
0.002
0.0
-0.001
-0.003
-0.005
-0.007
-0.009
-0.01
-0.011
-0.011
-0.009
-0.008
-0.007
-0.005
-0.002
0.001
0.006
0.013
0.024
0.032
0.036
0.039
0.042
0.044
0.046
0.046
0.043
0.038
0.032
0.027
0.021
0.014
0.006
0.0
-0.006
-0.011
-0.018
-0.034
-0.059
-0.084
-0.11
-0.13
-0.143
-0.143
-0.131
-0.115
-0.091
-0.064
-0.042
-0.009
0.029
0.077
0.111
0.123
0.106
0.053
0.0
-0.018
-0.019
-0.007
0.0
0.003
0.006
0.009
0.01
0.011
0.011
0.011
0.011
0.011
0.011
0.011
0.009
0.008
0.006
0.004
0.001
0.0
-0.001
-0.002
-0.001
0.0
0.0
0.001
0.002
0.003
0.004
-0.001
-0.012
-0.017
-0.02
-0.023
-0.026
-0.029
-0.031
-0.034
-0.037
-0.039
-0.041
-0.043
-0.045
-0.046
-0.046
-0.046
-0.046
-0.048
-0.05
-0.052
-0.055
-0.061
-0.066
-0.065
-0.062
-0.058
-0.055
-0.052
-0.049
-0.045
-0.039
-0.031
-0.024
-0.019
-0.015
-0.011
-0.007
-0.004
-0.001
0.001
0.005
0.008
0.011
0.014
0.018
0.022
0.025
0.03
0.04
0.048
0.049
0.045
0.039
0.034
0.029
0.024
0.02
0.017
0.015
0.012
0.008
0.006
0.004
0.003
0.004
0.005
0.005
0.006
0.007
0.01
0.015
0.021
0.025
0.032
0.045
0.044
0.031
0.022
0.015
0.008
0.001
-0.005
-0.01
-0.013
-0.016
-0.02
-0.024
-0.025
-0.026
-0.022
-0.017
-0.01
-0.003
0.004
0.018
0.026
0.027
0.027
0.027
0.026
0.025
0.019
0.007
-0.002
-0.011
-0.019
-0.025
-0.03
-0.034
-0.038
-0.044
-0.048
-0.051
-0.05
-0.046
-0.04
-0.034
-0.029
-0.024
-0.019
-0.015
-0.011
-0.008
-0.007
-0.005
-0.002
0.0
0.004
0.006
0.009
0.012
0.015
0.019
0.023
0.028
0.033
0.038
0.043
0.047
0.049
0.048
0.045
0.039
0.031
0.017
-0.008
-0.036
-0.062
-0.09
-0.113
-0.127
-0.137
-0.137
-0.127
-0.098
-0.047
0.0
0.018
0.017
0.001
-0.013
-0.029
-0.029
-0.012
0.033
0.078
0.093
0.08
0.071
0.065
0.06
0.056
0.053
0.048
0.042
0.037
0.032
0.029
0.025
0.022
0.02
0.018
0.016
0.014
0.011
0.008
0.005
0.003
0.0
-0.001
-0.003
-0.005
-0.007
-0.009
-0.011
-0.013
-0.015
-0.017
-0.019
-0.022
-0.025
-0.028
-0.032
-0.035
-0.038
-0.04
-0.041
-0.043
-0.044
-0.045
-0.047
-0.048
-0.05
-0.053
-0.057
-0.06
-0.06
-0.057
