0.145
0.143
0.139
0.135
0.132
0.128
0.124
0.118
0.108
0.095
0.083
0.072
0.059
0.045
0.03
0.014
-0.003
-0.02
-0.036
-0.05
-0.065
-0.079
-0.093
-0.106
-0.115
-0.123
-0.13
-0.137
-0.143
-0.148
-0.153
-0.158
-0.162
-0.167
-0.171
-0.175
-0.177
-0.179
-0.181
-0.183
-0.185
-0.187
-0.189
-0.191
-0.193
-0.195
-0.197
-0.2
-0.202
-0.204
-0.206
-0.208
-0.21
-0.211
-0.213
-0.214
-0.216
-0.218
-0.22
-0.223
-0.225
-0.227
-0.228
-0.229
-0.229
-0.229
-0.229
-0.229
-0.228
-0.227
-0.225
-0.224
-0.222
-0.22
-0.218
-0.216
-0.215
-0.213
-0.212
-0.21
-0.209
-0.207
-0.205
-0.204
-0.202
-0.201
-0.199
-0.198
-0.196
-0.195
-0.194
-0.193
-0.193
-0.193
-0.192
-0.191
-0.19
-0.188
-0.186
-0.182
-0.179
-0.175
-0.17
-0.167
-0.165
-0.163
-0.161
-0.16
-0.157
-0.154
-0.147
-0.136
-0.163
-0.211
-0.243
-0.255
-0.264
-0.261
-0.234
-0.193
-0.136
-0.072
-0.041
-0.027
-0.039
-0.125
-0.217
-0.252
-0.26
-0.263
-0.265
-0.267
-0.269
-0.272
-0.277
-0.282
-0.286
-0.291
-0.296
-0.3
-0.304
-0.309
-0.316
-0.323
-0.333
-0.344
-0.353
-0.356
-0.354
-0.348
-0.34
-0.33
-0.311
-0.276
-0.242
-0.198
-0.163
-0.144
-0.13
-0.119
-0.111
-0.104
-0.1
-0.096
-0.094
-0.091
-0.088
-0.085
-0.081
-0.077
-0.072
-0.067
-0.062
-0.057
-0.052
-0.046
-0.039
-0.032
-0.025
-0.018
-0.011
-0.004
0.001
0.007
0.013
0.019
0.025
0.031
0.037
0.043
0.049
0.054
0.059
0.062
0.065
0.067
0.07
0.072
0.075
0.078
0.082
0.085
0.088
0.092
0.095
0.098
0.1
0.102
0.105
0.108
0.111
0.116
0.121
0.128
0.137
0.146
0.156
0.162
0.166
0.169
0.171
0.172
0.173
0.174
0.174
0.175
0.175
0.176
0.177
0.178
0.179
0.18
0.18
0.18
0.18
0.18
0.179
0.179
0.178
0.176
0.174
0.172
0.169
0.167
0.164
0.162
0.159
0.156
0.153
0.15
0.147
0.142
0.138
0.133
0.127
0.122
0.116
0.111
0.107
0.102
0.097
0.092
0.085
0.075
0.057
0.04
0.022
0.011
0.004
-0.001
-0.007
-0.012
-0.018
-0.024
-0.029
-0.035
-0.041
-0.049
-0.059
-0.072
-0.085
-0.098
-0.109
-0.113
-0.116
-0.119
-0.121
-0.123
-0.124
-0.125
-0.126
-0.127
-0.127
-0.128
-0.129
-0.129
-0.129
-0.129
-0.129
-0.129
-0.129
-0.129
-0.129
-0.128
-0.128
-0.128
-0.127
-0.127
-0.126
-0.125
-0.125
-0.124
-0.123
-0.122
-0.121
-0.12
-0.119
-0.118
-0.117
-0.115
-0.113
-0.111
-0.108
-0.106
-0.103
-0.1
-0.095
-0.091
-0.086
-0.082
-0.079
-0.075
-0.072
-0.069
-0.067
-0.065
-0.063
-0.06
-0.057
-0.051
-0.043
-0.029
-0.015
0.0
0.024
0.056
0.086
0.117
0.149
0.176
0.196
0.209
0.185
0.144
0.097
0.062
0.037
0.034
0.045
0.078
0.139
0.212
0.235
0.223
0.19
0.107
0.023
-0.003
-0.01
-0.014
-0.016
-0.018
-0.018
-0.016
-0.013
-0.011
-0.008
-0.003
-0.001
-0.008
-0.023
-0.039
-0.061
-0.083
-0.106
-0.128
-0.143
-0.154
-0.163
-0.169
-0.168
-0.157
-0.139
-0.11
-0.067
-0.026
0.019
0.048
0.062
0.073
0.082
0.09
0.098
0.104
0.111
0.117
0.123
0.129
0.135
0.142
0.149
0.155
0.16
0.162
0.164
0.167
0.169
0.171
0.174
0.175
0.175
0.175
0.175
0.176
0.178
0.179
0.18
0.181
0.183
0.186
0.188
0.191
0.193
0.195
0.197
0.201
0.205
0.21
0.215
0.22
0.226
0.24
0.255
0.265
0.274
0.281
0.284
0.287
0.29
0.292
0.295
0.297
0.299
0.3
0.301
0.302
0.303
0.304
0.305
0.306
0.305
0.304
0.302
0.3
0.299
0.297
0.295
0.293
0.29
0.287
0.284
0.281
0.277
0.274
0.269
0.261
0.251
0.241
0.231
0.222
0.212
0.2
0.186
0.172
0.16
0.15
0.143
0.138
0.133
0.128
0.123
0.118
0.112
0.107
0.101
0.094
0.085
0.073
0.061
0.05
0.039
0.028
0.016
0.004
-0.007
-0.019
-0.031
-0.043
-0.054
-0.069
-0.083
-0.087
-0.089
-0.092
-0.095
-0.098
-0.101
-0.103
-0.105
-0.107
-0.109
-0.112
-0.114
-0.115
-0.116
-0.116
-0.116
-0.116
-0.116
-0.117
-0.117
-0.117
-0.117
-0.117
-0.118
-0.119
-0.12
-0.12
-0.12
-0.12
-0.12
-0.12
-0.12
-0.119
-0.119
-0.119
-0.119
-0.119
-0.121
-0.122
-0.124
-0.125
-0.126
-0.127
-0.128
-0.13
-0.131
-0.132
-0.133
-0.134
-0.134
-0.135
-0.136
-0.137
-0.139
-0.14
-0.141
-0.142
-0.142
-0.142
-0.14
-0.138
-0.134
-0.13
-0.124
-0.118
-0.112
-0.106
-0.1
-0.093
-0.084
-0.077
-0.071
-0.067
-0.065
-0.065
-0.065
-0.067
-0.07
-0.075
-0.083
-0.092
-0.103
-0.129
-0.16
-0.171
-0.178
-0.156
-0.135
-0.123
