-0.079
-0.086
-0.092
-0.096
-0.098
-0.099
-0.1
-0.102
-0.103
-0.105
-0.106
-0.108
-0.109
-0.111
-0.112
-0.113
-0.114
-0.115
-0.116
-0.116
-0.117
-0.118
-0.119
-0.119
-0.12
-0.12
-0.121
-0.12
-0.119
-0.118
-0.117
-0.115
-0.113
-0.11
-0.108
-0.106
-0.104
-0.102
-0.1
-0.098
-0.097
-0.096
-0.094
-0.093
-0.091
-0.09
-0.089
-0.088
-0.087
-0.086
-0.086
-0.087
-0.087
-0.088
-0.088
-0.088
-0.088
-0.089
-0.089
-0.089
-0.089
-0.091
-0.092
-0.093
-0.093
-0.094
-0.094
-0.095
-0.095
-0.095
-0.095
-0.095
-0.096
-0.097
-0.098
-0.1
-0.101
-0.102
-0.102
-0.102
-0.101
-0.098
-0.095
-0.094
-0.094
-0.094
-0.094
-0.095
-0.095
-0.095
-0.095
-0.094
-0.093
-0.091
-0.089
-0.087
-0.085
-0.083
-0.082
-0.081
-0.081
-0.08
-0.079
-0.077
-0.075
-0.072
-0.069
-0.065
-0.063
-0.061
-0.059
-0.057
-0.056
-0.055
-0.054
-0.053
-0.052
-0.051
-0.049
-0.048
-0.046
-0.045
-0.043
-0.042
-0.04
-0.038
-0.035
-0.032
-0.028
-0.025
-0.021
-0.017
-0.013
-0.009
-0.005
0.0
0.004
0.01
0.015
0.02
0.024
0.027
0.029
0.032
0.035
0.039
0.045
0.055
0.072
0.09
0.107
0.123
0.139
0.149
0.153
0.156
0.158
0.161
0.163
0.164
0.164
0.162
0.155
0.144
0.133
0.123
0.115
0.108
0.102
0.095
0.089
0.082
0.074
0.067
0.061
0.055
0.049
0.041
0.028
0.021
0.027
0.042
0.075
0.175
0.327
0.525
0.748
0.967
1.142
1.196
1.176
1.015
0.762
0.481
0.234
0.065
0.02
0.005
0.037
0.058
0.068
0.076
0.084
0.091
0.097
0.103
0.106
0.109
0.109
0.107
0.105
0.103
0.102
0.101
0.1
0.102
0.103
0.097
0.082
0.064
0.045
0.035
0.03
0.026
0.022
0.02
0.018
0.016
0.014
0.012
0.012
0.012
0.012
0.014
0.016
0.02
0.023
0.027
0.03
0.034
0.038
0.043
0.049
0.056
0.069
0.084
0.095
0.103
0.111
0.122
0.134
0.147
0.162
0.175
0.186
0.195
0.202
0.207
0.211
0.214
0.217
0.22
0.223
0.225
0.227
0.229
0.23
0.23
0.229
0.227
0.223
0.219
0.213
0.207
0.199
0.183
0.152
0.127
0.101
0.076
0.049
0.023
-0.005
-0.024
-0.035
-0.045
-0.055
-0.064
-0.073
-0.083
-0.092
-0.099
-0.105
-0.112
-0.12
-0.127
-0.134
-0.137
-0.139
-0.142
-0.144
-0.146
-0.147
-0.147
-0.146
-0.143
-0.139
-0.133
-0.126
-0.12
-0.114
-0.11
-0.107
-0.105
-0.103
-0.101
-0.101
-0.099
-0.097
-0.095
-0.093
-0.091
-0.089
-0.088
-0.087
-0.086
-0.085
-0.084
-0.082
-0.081
-0.079
-0.077
-0.075
-0.073
-0.071
-0.069
-0.067
-0.065
-0.064
-0.063
-0.063
-0.062
-0.062
-0.062
-0.062
-0.063
-0.063
-0.064
-0.065
-0.067
-0.068
-0.07
-0.072
-0.073
-0.074
-0.076
-0.077
-0.078
-0.079
-0.08
-0.081
-0.082
-0.084
-0.085
-0.087
-0.088
-0.089
-0.09
-0.091
-0.092
-0.092
-0.093
-0.094
-0.094
-0.095
-0.097
-0.098
-0.1
-0.101
-0.102
-0.104
-0.104
-0.103
-0.101
-0.099
-0.095
-0.091
-0.087
-0.083
-0.08
-0.077
-0.075
-0.074
-0.073
-0.072
-0.072
-0.071
-0.07
-0.069
-0.067
-0.066
-0.064
-0.063
-0.061
-0.06
-0.058
-0.057
-0.056
-0.055
-0.055
-0.054
-0.053
-0.052
-0.05
-0.049
-0.047
-0.046
-0.045
-0.045
-0.044
-0.044
-0.045
-0.045
-0.046
-0.047
-0.047
-0.047
-0.047
-0.046
-0.044
-0.044
-0.043
-0.042
-0.042
-0.041
-0.04
-0.039
-0.036
-0.027
-0.016
-0.004
0.007
0.019
0.032
0.045
0.058
0.071
0.079
0.086
0.09
0.094
0.098
0.1
0.1
0.099
0.094
0.087
0.079
0.069
0.055
0.042
0.031
0.013
-0.011
-0.028
-0.038
-0.046
-0.055
-0.063
-0.072
-0.082
-0.093
-0.105
-0.117
-0.129
-0.133
-0.125
-0.105
-0.051
0.067
0.239
0.457
0.692
0.909
1.049
1.064
1.0
0.784
0.497
0.217
0.002
-0.098
-0.132
-0.117
-0.093
-0.071
-0.063
-0.061
-0.059
-0.057
-0.055
-0.052
-0.05
-0.049
-0.048
-0.048
-0.047
-0.046
-0.044
-0.043
-0.041
-0.04
-0.037
-0.035
-0.032
-0.03
-0.027
-0.025
-0.023
-0.02
-0.017
-0.014
-0.011
-0.007
-0.004
-0.001
0.001
0.003
0.006
0.008
0.011
0.015
0.021
0.029
0.035
0.042
0.049
0.055
0.059
0.063
0.067
0.071
0.075
0.079
0.083
0.088
0.095
0.106
0.117
0.129
0.142
0.154
0.167
0.179
0.19
0.201
0.209
0.215
0.22
0.224
0.227
0.23
0.232
0.233
0.234
0.234
0.232
0.227
0.221
0.214
0.204
0.19
0.165
0.146
0.122
0.093
0.065
0.038
0.012
-0.014
-0.037
-0.054
-0.07
-0.085
-0.101
-0.121
-0.137
-0.149
-0.158
-0.164
-0.168
-0.171
-0.174
-0.177
-0.179
-0.181
-0.181
-0.18
-0.176
-0.169
-0.161
-0.153
-0.144
-0.133
-0.123
-0.119
-0.117
-0.116
-0.115
-0.115
-0.114
-0.113
-0.112
-0.111
-0.109
-0.107
-0.105
-0.103
-0.101
-0.099
-0.097
-0.095
-0.094
-0.092
-0.09
-0.089
-0.087
-0.086
-0.085
-0.084
-0.083
-0.082
-0.082
-0.083
-0.083
-0.083
-0.082
-0.081
-0.08
-0.078
-0.077
-0.075
-0.073
-0.071
-0.069
-0.068
-0.066
-0.064
-0.062
-0.059
-0.056
-0.054
-0.051
-0.048
-0.045
-0.042
-0.04
-0.039
-0.039
-0.038
-0.038
-0.037
-0.036
-0.036
-0.035
-0.034
-0.032
-0.031
-0.029
-0.028
-0.027
-0.026
-0.024
-0.022
-0.02
-0.018
-0.016
-0.013
-0.01
-0.007
-0.003
0.0
0.003
0.007
0.01
0.014
0.017
0.019
0.021
0.023
0.025
0.027
0.028
0.03
0.031
0.032
0.033
0.034
0.036
0.037
0.038
0.039
0.039
0.04
0.04
0.04
0.039
0.039
0.039
0.039
0.039
0.04
0.04
0.041
0.041
0.042
0.042
0.043
0.042
0.043
0.043
0.043
0.045
0.047
0.05
0.053
0.057
0.062
0.067
0.074
0.088
0.102
0.116
0.125
0.133
0.139
0.144
0.147
0.147
0.145
0.14
0.134
0.126
0.115
0.095
0.072
0.059
0.05
0.042
0.036
0.03
0.026
0.023
0.02
0.017
0.012
0.004
-0.008
-0.014
-0.02
-0.027
-0.005
0.058
0.171
0.338
0.548
0.771
0.964
1.044
1.033
0.894
0.646
0.367
0.121
-0.047
-0.109
-0.13
-0.111
-0.079
-0.048
-0.036
-0.031
-0.028
-0.025
-0.023
-0.021
-0.018
-0.016
-0.014
-0.012
-0.01
-0.008
-0.006
-0.004
-0.001
0.0
0.003
0.006
0.008
0.01
0.013
0.015
0.016
0.018
0.019
0.02
0.022
0.023
0.025
0.026
0.028
0.029
0.03
0.032
0.033
0.034
0.035
0.036
0.036
0.037
0.037
0.037
0.038
0.039
0.04
0.041
0.043
0.044
0.046
0.049
0.052
0.06
0.07
0.081
0.094
0.107
0.123
0.134
0.143
0.148
0.152
0.155
0.158
0.16
0.161
0.162
0.162
0.161
0.159
0.156
0.152
0.146
0.139
0.125
0.096
0.068
0.042
0.017
-0.01
-0.042
-0.074
-0.102
-0.122
-0.14
-0.157
-0.175
-0.196
-0.212
-0.224
-0.235
-0.246
-0.257
-0.266
-0.274
-0.282
-0.289
-0.297
-0.304
-0.311
-0.317
-0.322
-0.329
-0.337
-0.346
-0.355
-0.363
-0.368
-0.373
-0.378
-0.383
-0.388
-0.392
-0.395
-0.397
-0.398
-0.396
-0.396
-0.394
-0.391
-0.387
-0.383
-0.378
-0.372
-0.367
-0.358
-0.347
-0.338
-0.329
-0.321
-0.315
-0.31
-0.305
-0.3
-0.295
-0.29
-0.286
-0.283
-0.279
-0.275
-0.271
-0.268
-0.265
-0.262
-0.258
-0.254
-0.249
-0.243
-0.236
-0.23
-0.222
-0.212
-0.2
-0.19
-0.181
-0.172
-0.161
-0.147
-0.135
-0.124
-0.113
-0.103
-0.091
-0.078
-0.07
-0.064
-0.059
-0.054
-0.05
-0.045
-0.041
-0.037
-0.033
-0.028
-0.022
-0.014
-0.005
0.002
0.011
0.021
0.031
0.042
0.054
0.066
0.078
0.085
0.09
0.095
0.099
0.103
0.107
0.11
0.114
0.117
0.121
0.125
0.129
0.133
0.138
0.145
0.152
0.16
0.167
0.174
0.181
0.187
0.193
0.199
0.205
0.212
0.219
0.226
0.232
0.236
0.24
0.243
0.247
0.25
0.252
0.254
0.257
0.26
0.263
0.266
0.268
0.27
0.272
0.274
0.277
0.28
0.284
0.289
0.296
0.305
0.314
0.324
0.334
0.343
0.353
0.365
0.376
0.381
0.385
0.387
0.39
0.392
0.394
0.396
0.398
0.398
0.395
0.39
0.383
0.374
0.362
0.341
0.321
0.294
0.261
0.237
0.218
0.195
0.177
0.163
0.151
0.142
0.133
0.123
0.111
0.106
0.112
0.13
0.181
0.288
0.447
0.658
0.9
1.134
1.302
1.352
1.266
1.066
0.809
0.556
0.359
0.261
0.225
0.224
0.24
0.254
0.267
0.28
0.292
0.314
0.344
0.356
0.36
0.364
0.368
0.371
0.373
0.374
0.375
0.376
0.377
0.378
0.379
0.381
0.382
0.384
0.385
0.387
0.388
0.39
0.391
0.393
0.394
0.395
0.396
0.396
0.397
0.397
0.398
0.398
0.399
0.4
0.4
0.401
0.402
0.403
0.404
0.405
0.406
0.407
0.408
0.41
0.412
0.414
0.418
0.423
0.429
0.44
0.465
0.484
0.508
0.534
0.558
0.584
0.608
0.625
0.64
0.653
0.665
0.663
0.645
0.619
0.584
0.528
0.469
0.408
0.346
0.282
0.217
0.156
0.118
0.087
0.063
0.043
0.025
0.005
-0.017
-0.04
-0.063
-0.085
-0.113
-0.149
-0.185
-0.223
-0.263
-0.305
-0.341
-0.368
-0.398
-0.42
-0.436
-0.449
-0.458
-0.466
-0.472
-0.474
-0.476
-0.478
-0.481
-0.483
-0.486
-0.488
-0.489
-0.491
-0.492
-0.494
-0.495
-0.495
-0.495
-0.495
-0.494
-0.494
-0.494
-0.493
-0.493
-0.492
-0.491
-0.489
-0.487
-0.485
-0.481
-0.477
-0.472
-0.468
-0.462
-0.457
-0.452
-0.447
-0.443
-0.438
-0.434
-0.429
-0.424
-0.418
-0.413
-0.408
-0.404
-0.4
-0.396
-0.393
-0.391
-0.389
-0.387
-0.385
-0.383
-0.381
-0.379
-0.377
-0.374
-0.371
-0.368
-0.364
-0.361
-0.356
-0.351
-0.345
-0.339
-0.333
-0.326
-0.32
-0.315
-0.311
-0.307
-0.303
-0.3
-0.297
-0.293
-0.29
-0.286
-0.283
-0.28
-0.277
-0.274
-0.272
-0.271
-0.269
-0.268
-0.266
-0.264
-0.262
-0.258
-0.254
-0.249
-0.244
-0.238
-0.232
-0.225
-0.218
-0.211
-0.205
-0.201
-0.196
-0.192
-0.189
-0.185
-0.181
-0.177
-0.173
-0.169
-0.164
-0.16
-0.155
-0.15
-0.145
-0.14
-0.135
-0.131
-0.126
-0.122
-0.117
-0.112
-0.108
-0.103
-0.099
-0.095
-0.092
-0.089
-0.086
-0.083
-0.079
-0.076
-0.073
-0.069
-0.064
-0.06
-0.055
-0.05
-0.045
-0.039
-0.034
-0.028
-0.021
-0.013
-0.002
0.009
0.021
0.031
0.04
0.05
0.061
0.075
0.087
0.099
0.108
0.114
0.12
0.124
0.128
0.131
0.133
0.135
0.135
0.135
0.133
0.129
0.126
0.121
0.116
0.111
0.105
0.099
0.093
0.086
0.079
0.072
0.065
0.059
0.054
0.049
0.042
0.029
0.01
0.027
0.076
0.179
0.337
0.545
0.782
1.012
1.186
1.255
1.195
1.01
0.748
0.474
0.241
0.092
0.067
0.062
0.057
0.053
0.05
0.048
0.047
0.046
0.046
0.047
0.05
0.054
0.058
0.061
0.064
0.066
0.069
0.071
0.072
0.073
0.075
0.077
0.078
0.079
0.08
0.081
0.082
0.083
0.084
0.086
0.087
0.089
0.09
0.092
0.095
0.097
0.1
0.104
0.107
0.11
0.113
0.116
0.119
0.123
0.127
0.132
0.138
0.144
0.151
0.158
0.163
0.168
0.173
0.178
0.182
0.188
0.196
0.209
0.224
0.237
0.251
0.268
0.286
0.305
0.327
0.347
0.366
0.378
0.383
0.387
0.39
0.394
0.397
0.399
0.398
0.392
0.381
0.368
0.353
0.332
0.311
0.29
0.266
0.239
0.214
0.189
0.164
0.139
0.118
0.1
0.08
0.057
0.037
0.019
0.002
-0.014
-0.028
-0.035
-0.04
-0.044
-0.047
-0.049
-0.051
-0.053
-0.054
-0.055
-0.056
-0.056
-0.056
-0.055
-0.055
-0.055
-0.055
-0.056
-0.057
-0.059
-0.061
-0.063
-0.065
-0.067
-0.068
-0.07
-0.072
-0.074
-0.076
-0.078
-0.081
-0.085
-0.088
-0.091
-0.094
-0.096
-0.098
-0.098
-0.099
-0.099
-0.099
-0.099
-0.1
-0.1
-0.101
-0.102
-0.103
-0.104
-0.105
-0.106
-0.108
-0.109
-0.11
-0.112
-0.114
-0.116
-0.118
-0.12
-0.122
-0.125
-0.127
-0.13
-0.133
-0.136
-0.139
-0.142
-0.145
-0.149
-0.151
-0.153
-0.155
-0.157
-0.158
-0.159
-0.16
-0.162
-0.165
-0.167
-0.17
-0.173
-0.176
-0.178
-0.18
-0.181
-0.182
-0.183
-0.184
-0.185
-0.185
-0.186
-0.187
-0.187
-0.186
-0.186
-0.185
-0.183
-0.182
-0.18
-0.178
-0.177
-0.174
-0.172
-0.17
-0.167
-0.165
-0.163
-0.16
-0.158
-0.157
-0.156
-0.155
-0.154
-0.153
-0.151
-0.149
-0.147
-0.144
-0.14
-0.136
-0.131
-0.126
-0.121
-0.116
-0.11
-0.104
-0.097
-0.089
-0.079
-0.068
-0.059
-0.051
-0.044
-0.037
-0.029
-0.02
-0.007
0.005
0.018
0.032
0.048
0.065
0.083
0.101
0.123
0.148
0.172
0.194
0.211
0.231
0.252
0.261
0.268
0.273
0.277
0.28
0.283
0.285
0.287
0.288
0.289
0.289
0.29
0.29
0.292
0.292
0.292
0.291
0.29
0.289
0.288
0.286
0.286
0.287
0.289
0.291
0.295
0.3
0.326
0.411
0.555
0.76
1.007
1.255
1.445
1.523
1.459
1.266
0.999
0.726
0.507
0.398
0.36
0.347
0.356
0.37
0.377
0.381
0.384
0.388
0.391
0.395
0.399
0.402
0.405
0.406
0.407
0.408
0.409
0.408
0.408
0.408
0.406
0.404
0.401
0.397
0.393
0.388
0.383
0.378
0.373
0.368
0.362
0.356
0.35
0.344
0.337
0.33
0.322
0.315
0.309
0.302
0.297
0.293
0.289
0.287
0.287
0.288
0.29
0.294
0.297
0.302
0.306
0.311
0.316
0.32
0.325
0.329
0.334
0.338
0.343
0.348
0.353
0.358
0.363
0.367
0.369
0.371
0.371
0.37
0.368
0.366
0.363
0.359
0.355
0.349
0.342
0.334
0.32
0.291
0.267
0.238
0.2
0.16
0.123
0.089
0.061
0.038
0.011
-0.014
-0.033
-0.052
-0.071
-0.091
-0.109
-0.126
-0.144
-0.166
-0.181
-0.192
-0.201
-0.21
-0.22
-0.227
-0.232
-0.237
-0.24
-0.244
-0.247
-0.249
-0.252
-0.255
-0.258
-0.26
-0.264
-0.267
-0.269
-0.272
-0.274
-0.277
-0.279
-0.281
-0.282
-0.282
-0.284
-0.286
-0.288
-0.289
-0.289
-0.29
-0.289
-0.288
-0.286
-0.285
-0.284
-0.283
-0.282
-0.281
-0.28
-0.279
-0.278
-0.278
-0.278
-0.278
-0.278
-0.279
-0.28
-0.281
-0.281
-0.282
-0.282
-0.283
-0.284
-0.284
-0.283
