-0.072
-0.071
-0.068
-0.066
-0.065
-0.065
-0.065
-0.064
-0.064
-0.064
-0.065
-0.066
-0.069
-0.072
-0.075
-0.088
-0.109
-0.123
-0.131
-0.135
-0.136
-0.137
-0.14
-0.143
-0.148
-0.153
-0.158
-0.163
-0.168
-0.174
-0.182
-0.192
-0.206
-0.232
-0.255
-0.267
-0.275
-0.28
-0.285
-0.289
-0.289
-0.286
-0.28
-0.272
-0.261
-0.251
-0.242
-0.236
-0.232
-0.229
-0.228
-0.228
-0.228
-0.228
-0.227
-0.227
-0.228
-0.229
-0.23
-0.228
-0.224
-0.214
-0.19
-0.134
-0.032
0.09
0.239
0.393
0.515
0.554
0.526
0.444
0.252
0.043
-0.133
-0.214
-0.245
-0.25
-0.241
-0.234
-0.229
-0.226
-0.224
-0.221
-0.218
-0.217
-0.219
-0.222
-0.226
-0.23
-0.232
-0.233
-0.234
-0.236
-0.24
-0.244
-0.246
-0.247
-0.246
-0.244
-0.243
-0.24
-0.236
-0.23
-0.223
-0.216
-0.208
-0.197
-0.171
-0.146
-0.122
-0.1
-0.081
-0.064
-0.049
-0.035
-0.018
0.004
0.031
0.059
0.088
0.124
0.161
0.196
0.225
0.254
0.285
0.316
0.342
0.363
0.385
0.41
0.425
0.437
0.448
0.456
0.461
0.465
0.467
0.467
0.462
0.453
0.441
0.43
0.416
0.398
0.367
0.341
0.321
0.297
0.27
0.242
0.214
0.187
0.161
0.135
0.111
0.091
0.078
0.067
0.058
0.054
0.055
0.061
0.071
0.082
0.094
0.109
0.124
0.139
0.155
0.168
0.181
0.191
0.199
0.204
0.209
0.215
0.224
0.239
0.258
0.273
0.284
0.296
0.312
0.326
0.334
0.339
0.344
0.349
0.352
0.354
0.355
0.358
0.362
0.365
0.368
0.371
0.374
0.377
0.382
0.387
0.396
0.406
0.415
0.422
0.429
0.433
0.437
0.44
0.443
0.444
0.444
0.443
0.438
0.433
0.427
0.422
0.418
0.415
0.412
0.409
0.407
0.406
0.407
0.408
0.409
0.41
0.411
0.41
0.409
0.406
0.402
0.399
0.395
0.392
0.39
0.388
0.387
0.385
0.383
0.38
0.378
0.375
0.372
0.37
0.37
0.37
0.371
0.374
0.376
0.379
0.38
0.381
0.381
0.381
0.38
0.38
0.38
0.382
0.385
0.389
0.394
0.398
0.401
0.405
0.416
0.428
0.438
0.448
0.458
0.47
0.479
0.48
0.471
0.458
0.445
0.429
0.411
0.392
0.375
0.361
0.348
0.336
0.324
0.309
0.291
0.27
0.253
0.242
0.23
0.217
0.203
0.191
0.18
0.169
0.156
0.145
0.133
0.116
0.092
0.071
0.055
0.043
0.03
0.017
0.003
-0.016
-0.04
-0.061
-0.09
-0.123
-0.154
-0.186
-0.22
-0.252
-0.285
-0.318
-0.35
-0.382
-0.414
-0.448
-0.485
-0.524
-0.561
-0.585
-0.593
-0.6
-0.607
-0.592
-0.55
-0.496
-0.433
-0.364
-0.342
-0.352
-0.382
-0.503
-0.679
-0.882
-1.07
-1.203
-1.238
-1.252
-1.228
-1.204
-1.189
-1.175
-1.162
-1.152
-1.143
-1.13
-1.115
-1.102
-1.095
-1.089
-1.077
-1.05
-1.018
-0.983
-0.945
-0.903
-0.879
-0.869
-0.862
-0.856
-0.85
-0.844
-0.839
-0.836
-0.833
-0.829
-0.824
-0.816
-0.807
-0.795
-0.78
-0.76
-0.735
-0.712
-0.691
-0.675
-0.657
-0.639
-0.621
-0.603
-0.587
-0.571
-0.553
-0.531
-0.507
-0.486
-0.468
-0.45
-0.429
-0.417
-0.409
-0.401
-0.395
-0.39
-0.387
-0.387
-0.39
-0.396
-0.404
-0.413
-0.423
-0.436
-0.454
-0.472
-0.486
-0.5
-0.517
-0.537
-0.557
-0.567
-0.573
-0.579
-0.584
-0.587
-0.588
-0.587
-0.584
-0.578
-0.57
-0.56
-0.55
-0.54
-0.529
-0.517
-0.505
-0.494
-0.484
-0.474
-0.465
-0.456
-0.447
-0.438
-0.429
-0.419
-0.41
-0.402
-0.394
-0.387
-0.38
-0.375
-0.369
-0.363
-0.357
-0.351
-0.344
-0.337
-0.33
-0.323
-0.316
-0.309
-0.298
-0.28
-0.259
-0.238
-0.224
-0.212
-0.201
-0.192
-0.182
-0.174
-0.167
-0.161
-0.154
-0.144
-0.131
-0.116
-0.097
-0.077
-0.061
-0.049
-0.037
-0.028
-0.021
-0.015
-0.011
-0.006
-0.001
0.002
0.007
0.011
0.016
0.02
0.026
0.033
0.041
0.048
0.057
0.067
0.079
0.092
0.105
0.118
0.131
0.141
0.147
0.153
0.157
0.16
0.163
0.165
0.168
0.17
0.173
0.176
0.18
0.184
0.188
0.191
0.193
0.194
0.195
0.196
0.197
0.198
0.199
0.201
0.204
0.207
0.21
0.214
0.217
0.219
0.22
0.221
0.223
0.225
0.227
0.231
0.235
0.238
0.242
0.245
0.246
0.245
0.244
0.241
0.238
0.234
0.231
0.228
0.224
0.221
0.218
0.214
0.209
0.205
0.201
0.197
0.194
0.191
0.189
0.188
0.186
0.183
0.178
0.173
0.169
0.164
0.16
0.158
0.157
0.158
0.158
0.158
0.16
0.164
0.169
0.177
0.188
0.198
0.247
0.32
0.416
0.525
0.628
0.685
0.683
0.611
0.444
0.236
0.036
-0.088
-0.133
-0.136
-0.11
-0.082
-0.049
-0.019
-0.002
0.007
0.015
0.022
0.028
0.034
0.04
0.046
0.053
0.058
0.064
0.071
0.079
0.088
0.098
0.109
0.121
0.132
0.139
0.146
0.153
0.159
0.164
0.168
0.172
0.176
0.18
0.184
0.186
0.189
0.191
0.194
0.197
0.199
0.201
0.202
0.203
0.204
0.205
0.206
0.207
0.208
0.209
0.21
0.211
0.212
0.213
0.213
0.212
0.207
0.2
0.191
0.18
0.168
0.157
0.144
0.13
0.117
0.107
0.099
0.09
0.076
0.054
0.025
-0.006
-0.037
-0.067
-0.097
-0.128
-0.164
-0.178
-0.184
-0.191
-0.198
-0.204
-0.209
-0.212
-0.214
-0.216
-0.217
-0.218
-0.219
-0.22
-0.222
-0.223
-0.224
-0.225
-0.225
-0.226
-0.226
-0.225
-0.224
-0.222
-0.221
-0.22
-0.219
-0.217
-0.214
-0.211
-0.208
-0.204
-0.199
-0.194
-0.188
-0.182
-0.175
-0.162
-0.145
-0.13
-0.114
-0.098
-0.079
-0.055
-0.033
-0.015
0.003
0.022
0.042
0.063
0.078
0.09
0.102
0.116
0.13
0.147
0.171
0.205
0.237
0.269
0.299
0.327
0.342
0.352
0.36
0.366
0.37
0.372
0.371
0.367
0.361
0.353
0.344
0.335
0.326
0.316
0.307
0.298
0.288
0.279
0.27
0.26
0.248
0.235
0.222
0.21
0.198
0.183
0.168
0.153
0.138
0.124
0.111
0.099
0.088
0.077
0.065
0.053
0.042
0.031
0.021
0.011
0.0
-0.012
-0.023
-0.032
-0.041
-0.05
-0.058
-0.066
-0.073
-0.077
-0.081
-0.084
-0.085
-0.085
-0.085
-0.085
-0.084
-0.085
-0.086
-0.087
-0.088
-0.089
-0.091
-0.091
-0.092
-0.093
-0.094
-0.097
-0.101
-0.106
-0.112
-0.12
-0.127
-0.134
-0.14
-0.146
-0.151
-0.155
-0.159
-0.163
-0.166
-0.17
-0.174
-0.178
-0.182
-0.186
-0.19
-0.193
-0.196
-0.198
-0.201
-0.205
-0.208
-0.215
-0.222
-0.229
-0.233
-0.231
-0.225
-0.212
-0.193
-0.161
-0.112
-0.04
0.051
0.158
0.268
0.349
0.377
0.343
0.237
0.048
-0.147
-0.306
-0.365
-0.387
-0.386
-0.365
-0.358
-0.354
-0.35
-0.347
-0.344
-0.34
-0.338
-0.336
-0.336
-0.336
-0.337
-0.337
-0.336
-0.333
-0.33
-0.328
-0.325
-0.323
-0.32
-0.318
-0.315
-0.312
-0.308
-0.303
-0.298
-0.29
-0.277
-0.26
-0.244
-0.227
-0.209
-0.188
-0.168
-0.149
-0.129
-0.109
-0.09
-0.074
-0.057
-0.041
-0.022
0.0
0.016
0.031
0.044
0.057
0.068
0.078
0.085
0.092
0.099
0.104
0.107
0.109
0.109
0.107
0.103
0.095
0.086
0.074
0.062
0.047
0.024
0.003
-0.01
-0.021
-0.03
-0.039
-0.044
-0.045
-0.037
-0.022
-0.004
0.018
0.05
0.068
0.078
0.086
0.094
0.1
0.103
0.102
0.097
0.09
0.083
0.078
0.073
0.068
0.065
0.063
0.062
0.061
0.061
0.06
0.058
0.056
0.052
0.049
0.046
0.043
0.041
0.04
0.04
0.041
0.042
0.044
0.045
0.047
0.05
0.053
0.058
0.064
0.072
0.079
0.086
0.093
0.099
0.103
0.108
0.113
0.117
0.121
0.125
0.128
0.132
0.134
0.135
0.136
0.137
0.136
0.136
0.135
0.135
0.135
0.135
0.136
0.137
0.138
0.14
0.141
0.143
0.146
0.15
0.154
0.158
0.164
0.171
0.178
0.184
0.19
0.195
0.199
0.2
0.199
0.196
0.192
0.186
0.18
0.173
0.166
0.158
0.148
0.136
0.123
0.112
0.107
0.104
0.1
0.097
0.095
0.093
0.091
0.09
0.088
0.085
0.082
0.078
0.074
0.07
0.065
0.061
0.057
0.053
0.05
0.047
0.045
0.044
0.042
0.041
0.039
0.038
0.037
0.037
0.038
0.039
0.04
0.042
0.044
0.047
0.051
0.056
0.06
0.064
0.068
0.071
0.075
0.079
0.083
0.087
0.092
0.098
0.104
0.11
0.114
0.117
0.119
0.117
0.114
0.109
0.104
0.099
0.093
0.089
0.086
0.083
0.079
0.074
0.069
0.064
0.059
0.054
0.05
0.047
0.045
0.044
0.043
0.044
0.044
0.045
0.046
0.047
0.048
0.05
0.053
0.057
0.064
0.071
0.088
0.126
0.186
0.269
0.384
0.525
0.668
0.755
0.756
0.675
0.491
0.276
0.083
-0.021
-0.06
-0.06
-0.032
0.0
0.031
0.054
0.068
0.077
0.084
0.091
0.098
0.104
0.108
0.112
0.115
0.118
0.121
0.123
0.125
0.126
0.128
0.13
0.131
0.132
0.133
0.134
0.134
0.136
0.138
0.14
0.144
0.148
0.152
0.156
0.161
0.166
0.172
0.18
0.194
0.21
0.223
0.235
0.247
0.257
0.267
0.275
0.283
0.289
0.294
0.298
0.303
0.308
0.312
0.316
0.32
0.324
0.327
0.327
0.326
0.323
0.317
0.31
0.3
0.287
0.264
0.242
0.212
0.172
0.137
0.111
0.087
0.065
0.042
0.009
-0.016
-0.037
-0.053
-0.064
-0.075
-0.096
-0.127
-0.157
-0.186
-0.21
-0.227
-0.251
-0.265
-0.273
-0.28
-0.286
-0.289
-0.291
-0.29
-0.286
-0.281
-0.275
-0.268
-0.258
-0.246
-0.232
-0.218
-0.203
-0.188
-0.172
-0.162
-0.158
-0.157
-0.156
-0.154
-0.152
-0.153
-0.163
-0.178
-0.199
-0.221
-0.225
-0.228
-0.231
-0.233
-0.227
-0.214
-0.205
-0.199
-0.194
-0.188
-0.182
-0.175
-0.169
-0.163
-0.156
-0.144
-0.123
-0.102
-0.084
-0.068
-0.054
-0.042
-0.035
-0.03
-0.025
-0.022
-0.018
-0.014
-0.011
-0.008
-0.006
-0.003
-0.002
0.0
0.001
0.003
0.005
0.008
0.01
0.011
0.012
0.011
0.009
0.005
0.0
-0.004
-0.009
-0.013
-0.017
-0.02
-0.024
-0.028
-0.031
-0.035
-0.038
-0.042
-0.046
-0.05
-0.055
-0.061
-0.071
-0.087
-0.103
-0.121
-0.131
-0.138
-0.144
-0.15
-0.155
-0.16
-0.164
-0.167
-0.17
-0.173
-0.174
-0.175
-0.176
-0.177
-0.179
-0.181
-0.183
-0.185
-0.185
-0.183
-0.179
-0.175
-0.17
-0.166
-0.162
-0.158
-0.155
-0.152
-0.15
-0.149
-0.15
-0.152
-0.157
-0.162
-0.169
-0.175
-0.181
-0.187
-0.191
-0.197
-0.202
-0.207
-0.211
-0.215
-0.218
-0.219
-0.219
-0.218
-0.216
-0.213
-0.21
-0.207
-0.203
-0.2
-0.196
-0.191
-0.186
-0.18
-0.174
-0.167
-0.16
-0.152
-0.14
-0.119
-0.079
-0.012
0.077
0.184
0.295
0.388
0.423
0.413
0.328
0.167
-0.018
-0.176
-0.258
-0.285
-0.269
-0.243
-0.211
-0.19
-0.177
-0.169
-0.168
-0.17
-0.173
-0.176
-0.179
-0.181
-0.175
-0.161
-0.15
-0.139
-0.129
-0.118
-0.108
-0.097
-0.085
-0.076
-0.07
-0.065
-0.062
-0.06
-0.058
-0.057
-0.054
-0.052
-0.05
-0.047
-0.044
-0.04
-0.036
-0.032
-0.026
-0.019
-0.009
0.001
0.012
0.024
0.036
0.052
0.072
0.087
0.099
0.114
0.131
0.155
0.176
0.192
0.202
0.206
0.208
0.211
0.213
0.215
0.215
0.206
0.193
0.182
0.17
0.157
0.146
0.134
0.111
0.082
0.059
0.03
0.006
-0.005
-0.015
-0.025
-0.034
-0.039
-0.043
-0.047
-0.05
-0.053
-0.056
-0.058
-0.061
-0.064
-0.067
-0.071
-0.075
-0.079
-0.083
-0.087
-0.091
-0.093
-0.095
-0.097
-0.098
-0.098
-0.099
-0.099
-0.101
-0.102
-0.103
-0.104
-0.105
-0.105
-0.105
-0.105
-0.105
-0.104
-0.103
-0.102
-0.1
-0.098
-0.097
-0.094
-0.092
-0.088
-0.085
-0.081
-0.076
-0.072
-0.071
-0.068
-0.067
-0.066
-0.065
-0.064
-0.063
-0.061
-0.059
-0.057
-0.056
-0.054
-0.053
-0.052
-0.051
-0.051
-0.052
-0.053
-0.053
-0.054
-0.055
-0.055
-0.055
-0.055
-0.054
-0.053
-0.051
-0.051
-0.051
-0.051
-0.051
-0.05
-0.051
-0.051
-0.052
-0.053
-0.054
-0.054
-0.054
-0.055
-0.055
-0.055
-0.056
-0.056
-0.056
-0.056
-0.056
-0.057
-0.058
-0.058
-0.059
-0.059
-0.06
-0.06
-0.06
-0.06
-0.059
-0.058
-0.056
-0.055
-0.054
-0.053
-0.052
-0.051
-0.05
-0.05
-0.05
-0.05
-0.05
-0.05
-0.051
-0.051
-0.052
-0.052
-0.052
-0.052
-0.053
-0.054
-0.056
-0.058
-0.059
-0.06
-0.061
-0.063
-0.065
-0.067
-0.069
-0.07
-0.071
-0.073
-0.075
-0.077
-0.079
-0.08
-0.081
-0.082
-0.082
-0.081
-0.08
-0.079
-0.076
-0.074
-0.071
-0.069
-0.065
-0.061
-0.057
-0.051
-0.036
0.0
0.059
0.137
0.237
0.351
0.46
0.52
0.517
0.444
0.285
0.1
-0.058
-0.147
-0.176
-0.151
-0.127
-0.111
-0.097
-0.084
-0.071
-0.061
-0.053
-0.046
-0.039
-0.032
-0.026
-0.02
-0.015
-0.011
-0.008
-0.005
-0.002
0.001
0.004
0.007
0.009
0.012
0.016
0.02
0.024
0.028
0.032
0.037
0.042
0.049
0.057
0.066
0.075
0.083
0.09
0.098
0.106
0.117
0.13
0.143
0.156
0.17
0.195
0.234
0.264
0.283
0.299
0.313
0.322
0.328
0.334
0.338
0.342
0.344
0.344
0.344
0.341
0.337
0.332
0.325
0.318
0.308
0.291
0.274
0.256
0.228
0.194
0.165
0.132
0.102
0.079
0.055
0.035
0.019
0.002
-0.013
-0.022
-0.029
-0.036
-0.041
-0.046
-0.05
-0.054
-0.059
-0.062
-0.066
-0.069
-0.072
-0.074
-0.076
-0.078
-0.08
-0.082
-0.083
-0.084
-0.085
-0.086
-0.087
-0.088
-0.089
-0.09
-0.089
-0.089
-0.088
-0.088
-0.087
-0.085
-0.083
-0.08
-0.078
-0.075
-0.073
-0.07
-0.067
-0.063
-0.06
-0.057
-0.054
-0.047
-0.038
-0.03
-0.023
-0.016
-0.011
-0.006
-0.002
0.001
0.006
0.01
0.013
0.017
0.021
0.026
0.031
0.036
0.04
0.043
0.046
0.05
0.055
0.06
0.064
0.067
0.07
0.071
0.072
0.072
0.072
0.07
0.068
0.065
0.062
0.058
0.055
0.052
0.049
0.045
0.041
0.037
0.033
0.029
0.025
0.021
0.017
0.013
0.009
0.005
0.001
-0.002
-0.007
-0.011
-0.016
-0.02
-0.025
-0.028
-0.032
-0.035
-0.038
-0.042
-0.046
-0.049
-0.051
-0.054
-0.058
-0.061
-0.065
-0.069
-0.073
-0.078
-0.085
-0.101
-0.13
-0.148
-0.158
-0.172
-0.188
-0.202
-0.216
-0.228
-0.239
-0.249
-0.257
-0.263
-0.268
-0.274
-0.279
-0.284
-0.289
-0.295
-0.302
-0.313
-0.326
-0.339
-0.351
-0.363
-0.371
-0.377
-0.381
-0.384
-0.387
-0.39
-0.393
-0.394
-0.395
-0.394
-0.391
-0.386
-0.38
-0.373
-0.366
-0.355
-0.344
-0.336
-0.326
-0.308
-0.285
-0.251
-0.203
-0.139
-0.053
0.056
0.189
0.331
0.453
0.484
0.463
0.325
0.115
-0.102
-0.265
-0.321
-0.321
-0.267
-0.212
-0.197
-0.188
-0.182
-0.176
-0.171
-0.167
-0.161
-0.155
-0.148
-0.142
-0.135
-0.128
-0.123
-0.118
-0.112
-0.106
-0.099
-0.091
-0.083
-0.074
-0.061
-0.048
-0.034
-0.023
-0.015
-0.008
-0.002
0.002
0.006
0.011
0.019
0.031
0.047
0.063
0.079
0.097
0.115
0.133
0.152
0.167
0.177
0.188
0.198
0.209
0.227
0.257
0.282
0.301
0.315
0.331
0.357
0.374
0.382
0.389
0.394
0.397
0.398
0.396
0.392
0.385
0.378
0.369
0.358
0.339
0.324
0.313
0.296
0.269
0.237
0.21
0.193
0.182
0.166
0.146
0.132
0.12
0.11
0.101
0.092
0.084
0.079
0.076
0.073
0.071
0.069
0.067
0.065
0.065
0.065
0.065
0.065
0.063
0.061
0.06
0.06
0.059
0.058
0.057
0.056
0.054
0.053
0.052
0.051
0.05
0.048
0.045
0.043
0.041
0.04
0.038
0.036
0.033
0.03
0.028
0.027
0.026
0.024
0.023
0.021
0.02
0.02
0.021
0.023
0.025
0.028
0.03
0.033
0.037
0.042
0.046
0.049
0.051
0.052
0.054
0.055
0.056
0.056
0.056
0.056
0.057
0.058
0.059
0.06
0.06
0.059
0.059
0.059
0.059
0.06
0.059
0.058
0.057
0.058
0.06
0.062
0.064
0.065
0.067
0.068
0.07
0.072
0.075
0.076
0.078
0.08
0.084
0.088
0.094
0.099
0.103
0.107
0.109
0.111
0.113
0.114
0.114
0.113
0.113
0.113
0.114
0.116
0.119
0.121
0.122
0.119
0.115
0.109
0.103
0.099
0.095
0.09
0.086
0.083
0.081
0.08
0.081
0.084
0.089
0.095
0.101
0.108
0.114
0.12
0.127
0.134
0.141
0.146
0.15
0.15
0.15
0.148
0.145
0.14
0.134
0.125
0.108
0.088
0.073
0.064
0.055
0.046
0.037
0.029
0.022
0.018
0.014
0.009
0.006
0.002
0.0
-0.003
-0.005
-0.007
-0.008
-0.008
-0.008
-0.008
-0.007
-0.006
-0.005
-0.003
