-0.183
-0.174
-0.167
-0.161
-0.156
-0.152
-0.148
-0.144
-0.141
-0.139
-0.137
-0.136
-0.134
-0.132
-0.13
-0.128
-0.128
-0.128
-0.13
-0.131
-0.132
-0.134
-0.135
-0.136
-0.136
-0.135
-0.134
-0.131
-0.129
-0.127
-0.125
-0.124
-0.123
-0.121
-0.121
-0.121
-0.121
-0.121
-0.12
-0.118
-0.115
-0.113
-0.111
-0.11
-0.11
-0.109
-0.108
-0.107
-0.107
-0.108
-0.108
-0.107
-0.105
-0.103
-0.101
-0.099
-0.098
-0.096
-0.093
-0.089
-0.085
-0.082
-0.079
-0.076
-0.07
-0.062
-0.054
-0.047
-0.041
-0.038
-0.036
-0.033
-0.03
-0.029
-0.028
-0.028
-0.029
-0.028
-0.025
-0.023
-0.021
-0.022
-0.025
-0.03
-0.036
-0.04
-0.044
-0.047
-0.051
-0.054
-0.056
-0.058
-0.059
-0.059
-0.06
-0.06
-0.06
-0.06
-0.06
-0.06
-0.061
-0.062
-0.063
-0.064
-0.065
-0.066
-0.067
-0.069
-0.07
-0.072
-0.073
-0.075
-0.077
-0.081
-0.086
-0.09
-0.093
-0.092
-0.086
-0.077
-0.064
-0.046
-0.016
0.005
0.059
0.132
0.234
0.36
0.509
0.676
0.839
0.944
0.979
0.944
0.837
0.644
0.455
0.318
0.226
0.175
0.143
0.124
0.109
0.095
0.081
0.057
0.019
-0.022
-0.058
-0.071
-0.076
-0.08
-0.083
-0.085
-0.086
-0.087
-0.088
-0.088
-0.089
-0.091
-0.092
-0.093
-0.093
-0.094
-0.095
-0.095
-0.095
-0.093
-0.091
-0.087
-0.083
-0.08
-0.076
-0.072
-0.068
-0.063
-0.059
-0.054
-0.05
-0.044
-0.03
-0.012
0.002
0.017
0.031
0.043
0.056
0.068
0.08
0.093
0.105
0.115
0.124
0.133
0.143
0.152
0.16
0.167
0.173
0.178
0.183
0.188
0.194
0.2
0.203
0.205
0.206
0.207
0.207
0.206
0.204
0.2
0.195
0.188
0.181
0.173
0.159
0.131
0.112
0.092
0.072
0.052
0.025
-0.006
-0.031
-0.047
-0.062
-0.076
-0.09
-0.105
-0.115
-0.122
-0.125
-0.127
-0.129
-0.131
-0.132
-0.133
-0.134
-0.134
-0.135
-0.135
-0.135
-0.134
-0.132
-0.13
-0.128
-0.125
-0.121
-0.117
-0.112
-0.106
-0.1
-0.087
-0.073
-0.058
-0.043
-0.028
-0.019
-0.015
-0.011
-0.007
-0.004
-0.013
-0.03
-0.044
-0.058
-0.069
-0.075
-0.079
-0.085
-0.091
-0.094
-0.089
-0.079
-0.075
-0.072
-0.07
-0.067
-0.065
-0.063
-0.062
-0.062
-0.061
-0.061
-0.06
-0.059
-0.059
-0.06
-0.06
-0.059
-0.058
-0.057
-0.055
-0.054
-0.053
-0.052
-0.05
-0.047
-0.045
-0.043
-0.04
-0.037
-0.032
-0.026
-0.012
0.001
0.011
0.02
0.025
0.03
0.036
0.04
0.045
0.048
0.051
0.053
0.053
0.053
0.051
0.049
0.046
0.042
0.038
0.033
0.028
0.024
0.02
0.017
0.012
0.005
0.0
-0.005
-0.006
-0.004
0.0
0.003
0.007
0.009
0.012
0.015
0.019
0.023
0.025
0.026
0.027
0.027
0.027
0.025
0.022
0.018
0.013
0.007
0.001
-0.003
-0.013
-0.022
-0.023
-0.016
-0.005
0.003
0.013
0.023
0.032
0.041
0.051
0.061
0.072
0.084
0.098
0.143
0.191
0.247
0.326
0.435
0.584
0.764
0.944
1.064
1.074
1.008
0.829
0.609
0.393
0.234
0.165
0.138
0.112
0.095
0.083
0.073
0.063
0.054
0.047
0.038
0.023
0.003
-0.015
-0.022
-0.026
-0.029
-0.031
-0.032
-0.034
-0.037
-0.04
-0.043
-0.045
-0.046
-0.046
-0.046
-0.045
-0.044
-0.043
-0.041
-0.039
-0.037
-0.034
-0.032
-0.029
-0.027
-0.025
-0.019
-0.005
0.015
0.029
0.037
0.045
0.052
0.06
0.068
0.075
0.081
0.088
0.096
0.104
0.113
0.123
0.133
0.141
0.147
0.154
0.16
0.167
0.173
0.179
0.184
0.189
0.194
0.199
0.205
0.211
0.214
0.214
0.21
0.203
0.195
0.187
0.181
0.173
0.163
0.154
0.145
0.137
0.127
0.111
0.088
0.074
0.056
0.03
0.007
-0.009
-0.027
-0.043
-0.056
-0.068
-0.08
-0.096
-0.111
-0.115
-0.118
-0.121
-0.123
-0.116
-0.104
-0.092
-0.081
-0.071
-0.06
-0.051
-0.045
-0.039
-0.032
-0.027
-0.024
-0.023
-0.023
-0.025
-0.026
-0.026
-0.027
-0.028
-0.029
-0.031
-0.032
-0.032
-0.032
-0.032
-0.033
-0.034
-0.035
-0.035
-0.034
-0.034
-0.034
-0.036
-0.037
-0.039
-0.039
-0.04
-0.041
-0.043
-0.044
-0.045
-0.044
-0.044
-0.044
-0.045
-0.046
-0.048
-0.049
-0.05
-0.051
-0.052
-0.053
-0.053
-0.053
-0.052
-0.05
-0.047
-0.045
-0.041
-0.037
-0.034
-0.03
-0.027
-0.022
-0.016
-0.01
-0.005
0.0
0.004
0.01
0.019
0.031
0.043
0.054
0.064
0.075
0.08
0.073
0.061
0.051
0.043
0.035
0.025
0.015
0.006
0.0
-0.007
-0.014
-0.019
-0.022
-0.023
-0.021
-0.017
-0.012
-0.006
0.0
0.003
0.009
0.015
0.021
0.026
0.028
0.028
0.026
0.022
0.016
0.009
0.003
-0.004
-0.014
-0.024
-0.031
-0.035
-0.038
-0.04
-0.043
-0.046
-0.049
-0.049
-0.045
-0.034
-0.021
-0.007
0.011
0.026
0.037
0.046
0.054
0.06
0.062
0.059
0.054
0.05
0.047
0.045
0.044
0.043
0.042
0.043
0.042
0.041
0.039
0.036
0.032
0.029
0.027
0.024
0.02
0.017
0.013
0.01
0.009
0.008
0.006
0.004
0.0
-0.002
-0.005
-0.007
-0.008
-0.01
-0.011
-0.011
-0.012
-0.011
-0.009
-0.008
-0.007
-0.007
-0.006
-0.005
-0.004
-0.003
-0.002
-0.002
-0.002
-0.002
-0.001
0.0
0.0
0.0
0.0
0.001
0.002
0.005
0.01
0.02
0.044
0.057
0.064
0.071
0.076
0.079
0.082
0.083
0.084
0.085
0.086
0.087
0.088
0.088
0.089
0.091
0.093
0.093
0.086
0.077
0.068
0.057
0.043
0.027
0.018
0.011
0.004
-0.001
-0.005
-0.006
-0.005
-0.002
0.001
0.005
0.009
0.012
0.018
0.025
0.03
0.031
0.027
0.02
0.013
0.008
0.004
0.0
-0.003
-0.007
-0.011
-0.013
-0.014
-0.013
-0.011
-0.008
-0.004
0.001
0.01
0.042
0.101
0.183
0.287
0.41
0.548
0.697
0.845
0.969
1.036
1.038
0.977
0.85
0.693
0.552
0.451
0.387
0.357
0.316
0.263
0.2
0.13
0.059
0.018
0.007
0.0
-0.008
-0.018
-0.025
-0.03
-0.033
-0.036
-0.038
-0.041
-0.043
-0.046
-0.047
-0.049
-0.051
-0.053
-0.055
-0.056
-0.055
-0.055
-0.054
-0.053
-0.053
-0.053
-0.053
-0.053
-0.053
-0.053
-0.054
-0.055
-0.055
-0.053
-0.047
-0.041
-0.034
-0.027
-0.019
-0.011
-0.002
0.013
0.04
0.065
0.083
0.096
0.102
0.107
0.11
0.114
0.118
0.123
0.127
0.132
0.137
0.144
0.154
0.162
0.17
0.177
0.182
0.186
0.19
0.193
0.196
0.197
0.197
0.196
0.194
0.19
0.185
0.178
0.17
0.16
0.143
0.127
0.111
0.092
0.07
0.05
0.03
0.01
-0.011
-0.029
-0.044
-0.059
-0.074
-0.081
-0.086
-0.091
-0.096
-0.099
-0.102
-0.103
-0.104
-0.104
-0.103
-0.101
-0.098
-0.093
-0.087
-0.081
-0.075
-0.07
-0.064
-0.058
-0.051
-0.045
-0.04
-0.036
-0.034
-0.033
-0.032
-0.031
-0.031
-0.03
-0.03
-0.028
-0.026
-0.025
-0.026
-0.033
-0.044
-0.053
-0.059
-0.064
-0.069
-0.075
-0.08
-0.085
-0.088
-0.089
-0.09
-0.089
-0.088
-0.087
-0.086
-0.084
-0.082
-0.081
-0.08
-0.08
-0.079
-0.079
-0.078
-0.078
-0.078
-0.08
-0.081
-0.082
-0.082
-0.081
-0.082
-0.083
-0.084
-0.086
-0.088
-0.089
-0.09
-0.09
-0.092
-0.093
-0.091
-0.079
-0.062
-0.044
-0.023
-0.01
-0.002
0.001
0.004
0.008
0.011
0.014
0.016
0.018
0.018
0.018
0.018
0.015
0.012
0.007
0.002
-0.004
-0.01
-0.016
-0.021
-0.025
-0.03
-0.037
-0.044
-0.049
-0.051
-0.05
-0.047
-0.043
-0.039
-0.036
-0.034
-0.031
-0.027
-0.024
-0.021
-0.018
-0.017
-0.017
-0.018
-0.021
-0.025
-0.031
-0.039
-0.046
-0.053
-0.06
-0.07
-0.08
-0.088
-0.092
-0.09
-0.085
-0.075
-0.06
-0.036
0.006
0.078
0.174
0.299
0.449
0.617
0.789
0.944
1.04
1.051
1.006
0.87
0.696
0.531
0.395
0.298
0.237
0.199
0.159
0.121
0.091
0.068
0.049
0.025
-0.011
-0.029
-0.034
-0.039
-0.043
-0.047
-0.05
-0.053
-0.055
-0.057
-0.058
-0.059
-0.061
-0.062
-0.061
-0.061
-0.06
-0.059
-0.059
-0.059
-0.06
-0.06
-0.059
-0.058
-0.056
-0.054
-0.052
-0.05
-0.047
-0.044
-0.041
-0.038
-0.035
-0.031
-0.027
-0.022
-0.013
0.008
0.025
0.038
0.059
0.095
0.122
0.137
0.148
0.157
0.165
0.172
0.178
0.184
0.19
0.197
0.206
0.218
0.229
0.237
0.244
0.251
0.258
0.263
0.266
0.266
0.264
0.259
0.253
0.245
0.236
0.225
0.204
0.188
0.173
0.156
0.134
0.11
0.084
0.06
0.041
0.025
0.012
-0.004
-0.027
-0.041
-0.052
-0.06
-0.067
-0.073
-0.077
-0.08
-0.082
-0.084
-0.086
-0.088
-0.09
-0.092
-0.094
-0.094
-0.094
-0.092
-0.089
-0.086
-0.081
-0.076
-0.07
-0.062
-0.049
-0.037
-0.026
-0.02
-0.015
-0.011
-0.006
-0.002
0.0
0.0
0.0
0.0
-0.003
-0.006
-0.01
-0.015
-0.021
-0.028
-0.034
-0.039
-0.044
-0.05
-0.055
-0.059
-0.063
-0.066
-0.067
-0.067
-0.066
-0.065
-0.063
-0.062
-0.06
-0.058
-0.055
-0.053
-0.049
-0.046
-0.044
-0.046
-0.051
-0.06
-0.068
-0.073
-0.079
-0.085
-0.091
-0.096
-0.098
-0.098
-0.096
-0.092
-0.087
-0.08
-0.072
-0.06
-0.038
-0.015
-0.005
0.0
0.004
0.009
0.013
0.017
0.021
0.025
0.027
0.028
0.029
0.029
0.03
0.03
0.029
0.028
0.025
0.023
0.02
0.018
0.016
0.013
0.01
0.007
0.003
0.0
-0.001
-0.003
-0.005
-0.007
-0.009
-0.011
-0.012
-0.014
-0.015
-0.017
-0.019
-0.021
-0.023
-0.025
-0.026
-0.028
-0.03
-0.03
-0.031
-0.032
-0.032
-0.033
-0.035
-0.037
-0.039
-0.043
-0.05
-0.057
-0.061
-0.057
-0.048
-0.035
-0.018
0.007
0.03
0.06
0.096
0.157
0.231
0.332
0.469
0.637
0.817
0.971
1.046
1.042
0.946
0.762
0.555
0.365
0.232
0.167
0.142
0.124
0.108
0.091
0.071
0.055
0.044
0.033
0.016
0.0
-0.006
-0.01
-0.015
-0.019
-0.022
-0.025
-0.028
-0.03
-0.031
-0.033
-0.036
-0.037
-0.038
-0.038
-0.037
-0.036
-0.035
-0.035
-0.035
-0.034
-0.033
-0.031
-0.03
-0.028
-0.027
-0.025
-0.022
-0.019
-0.016
-0.013
-0.009
0.001
0.031
0.054
0.067
0.083
0.099
0.112
0.121
0.13
0.139
0.147
0.153
0.159
0.166
0.175
0.184
0.193
0.205
0.22
0.239
0.252
0.26
0.265
0.27
0.274
0.276
0.276
0.274
0.269
0.263
0.257
0.249
0.236
0.224
0.212
0.197
0.18
0.165
0.147
0.119
0.085
0.053
0.033
0.024
0.015
0.005
-0.005
-0.016
-0.028
-0.041
-0.052
-0.061
-0.069
-0.081
-0.095
-0.103
-0.107
-0.111
-0.114
-0.116
-0.115
-0.109
-0.099
-0.087
-0.072
-0.05
-0.035
-0.026
-0.019
-0.012
-0.008
-0.006
-0.007
-0.011
-0.016
-0.02
-0.023
-0.026
-0.029
-0.032
-0.036
-0.039
-0.043
-0.046
-0.05
-0.054
-0.058
-0.061
-0.063
-0.065
-0.066
-0.067
-0.069
-0.07
-0.071
-0.072
-0.073
-0.074
-0.075
-0.077
-0.079
-0.08
-0.081
-0.081
-0.081
-0.081
-0.081
-0.081
-0.081
-0.08
-0.079
-0.077
-0.076
-0.075
-0.074
-0.074
-0.072
-0.071
-0.069
-0.067
-0.065
-0.062
-0.059
-0.054
-0.041
-0.029
-0.018
-0.013
-0.008
-0.003
0.001
0.004
0.006
0.008
0.009
0.01
0.01
0.011
0.01
0.008
0.006
0.003
0.0
-0.002
-0.005
-0.008
-0.011
-0.014
-0.015
-0.017
-0.02
-0.022
-0.025
-0.027
-0.028
-0.03
-0.03
-0.031
-0.032
-0.034
-0.035
-0.037
-0.038
-0.04
-0.042
-0.044
-0.046
-0.048
-0.05
-0.052
-0.053
-0.055
-0.057
-0.06
-0.066
-0.073
-0.079
-0.081
-0.08
-0.076
-0.071
-0.064
-0.057
-0.048
-0.039
-0.031
-0.022
-0.005
0.016
0.05
0.102
0.178
0.272
0.393
0.544
0.717
0.891
1.026
1.08
1.022
0.872
0.684
0.511
0.377
0.301
0.264
0.233
0.202
0.152
0.098
0.047
0.015
-0.003
-0.011
-0.017
-0.022
-0.027
-0.033
-0.039
-0.045
-0.05
-0.055
-0.06
-0.065
-0.07
-0.074
-0.077
-0.079
-0.081
-0.082
-0.081
-0.08
-0.078
-0.075
-0.071
-0.066
-0.061
-0.055
-0.047
-0.032
-0.018
-0.005
0.01
0.028
0.049
0.061
0.068
0.074
0.08
0.084
0.089
0.094
0.099
0.104
0.11
0.116
0.125
0.134
0.143
0.151
0.159
0.168
0.177
0.185
0.193
0.2
0.206
0.211
0.215
0.218
0.221
0.224
0.226
0.228
0.23
0.231
0.233
0.236
0.241
0.243
0.238
0.226
0.209
0.182
0.154
0.126
0.098
0.071
0.051
0.035
0.021
0.007
-0.005
-0.019
-0.029
-0.038
-0.045
-0.05
-0.054
-0.057
-0.06
-0.062
-0.064
-0.065
-0.063
-0.057
-0.049
-0.043
-0.039
-0.037
-0.034
-0.031
-0.027
-0.024
-0.02
-0.018
-0.017
-0.015
-0.014
-0.013
-0.013
-0.014
-0.016
-0.019
-0.021
-0.023
-0.025
-0.028
-0.031
-0.034
-0.037
-0.038
-0.04
-0.043
-0.049
-0.054
-0.058
-0.059
-0.057
-0.055
-0.052
-0.051
-0.049
-0.047
-0.043
-0.04
-0.039
-0.041
-0.047
-0.053
-0.06
-0.066
-0.073
-0.081
-0.087
-0.091
-0.093
-0.094
-0.094
-0.096
-0.1
-0.087
-0.066
-0.039
-0.02
-0.008
-0.001
0.003
0.007
0.009
0.011
0.012
0.014
0.015
0.016
0.017
0.017
0.017
0.016
0.016
0.015
0.015
0.014
0.012
0.01
0.008
0.006
0.005
0.003
0.001
-0.001
-0.005
-0.007
-0.008
-0.009
-0.01
-0.011
-0.012
-0.014
-0.015
-0.016
-0.017
-0.019
-0.022
-0.026
-0.03
-0.033
-0.037
-0.041
-0.045
-0.052
-0.065
-0.07
-0.07
-0.071
-0.072
-0.073
-0.075
-0.077
-0.077
-0.077
-0.074
-0.069
-0.062
-0.049
-0.028
-0.001
0.04
0.1
0.18
0.278
0.396
0.529
0.67
0.807
0.92
0.968
0.963
0.889
0.766
0.621
0.479
0.38
0.324
0.292
0.237
0.178
0.128
0.079
0.046
0.017
-0.002
-0.017
-0.032
-0.046
-0.062
-0.068
-0.071
-0.074
-0.077
-0.08
-0.083
-0.085
-0.087
-0.09
-0.092
-0.093
-0.094
-0.094
-0.094
-0.093
-0.091
-0.089
-0.088
-0.086
-0.084
-0.083
-0.081
-0.078
-0.076
-0.073
-0.07
-0.065
-0.056
-0.045
-0.037
-0.03
-0.022
-0.011
0.003
0.018
0.036
0.057
0.077
0.101
0.117
0.126
0.133
0.139
0.145
0.151
0.156
0.161
0.166
0.171
0.175
0.178
0.181
0.184
0.186
0.188
0.191
0.192
0.194
0.194
0.193
0.191
0.188
0.182
0.175
0.165
0.147
0.129
0.113
0.1
0.085
0.067
0.038
-0.001
-0.028
-0.044
-0.056
-0.064
-0.072
-0.087
-0.107
-0.117
-0.122
-0.126
-0.129
-0.132
-0.132
-0.13
-0.126
-0.121
-0.116
-0.111
-0.106
-0.101
-0.095
-0.089
-0.083
-0.078
-0.074
-0.07
-0.065
-0.058
-0.047
-0.031
-0.026
-0.024
-0.022
-0.02
-0.018
-0.018
-0.021
-0.029
-0.037
-0.043
-0.046
-0.049
-0.053
-0.056
-0.06
-0.063
-0.065
-0.067
-0.068
-0.069
-0.07
-0.072
-0.072
-0.072
-0.072
-0.073
-0.074
-0.075
-0.076
-0.077
-0.078
-0.078
-0.079
-0.079
-0.079
-0.078
-0.077
-0.077
-0.076
-0.076
-0.075
-0.074
-0.074
-0.073
-0.072
-0.07
-0.069
-0.066
-0.063
-0.059
-0.056
-0.051
-0.042
-0.03
-0.017
-0.003
0.002
0.007
0.012
0.016
0.021
0.024
0.027
0.029
0.032
0.033
0.034
0.034
0.033
0.031
0.029
0.027
0.024
0.022
0.019
0.016
0.014
0.011
0.009
0.008
0.005
0.003
0.001
0.0
0.0
-0.001
-0.002
-0.003
-0.004
-0.005
-0.005
-0.006
-0.007
-0.008
-0.01
-0.011
-0.011
-0.011
-0.011
-0.012
-0.012
-0.012
-0.012
-0.013
-0.015
-0.017
-0.019
-0.019
-0.016
-0.011
-0.003
0.007
0.025
0.042
0.086
0.151
0.238
0.35
0.488
0.646
0.805
0.942
1.017
1.02
0.958
0.819
0.646
0.475
0.335
0.245
0.206
0.184
0.166
0.146
0.119
0.082
0.04
0.005
-0.006
-0.011
-0.015
-0.019
-0.022
-0.025
-0.027
-0.029
-0.03
-0.031
-0.031
-0.031
-0.031
-0.031
-0.032
-0.033
-0.034
-0.034
-0.034
-0.034
-0.035
-0.035
-0.036
-0.037
-0.037
-0.037
-0.038
-0.039
-0.041
-0.04
-0.033
-0.022
-0.01
0.005
0.027
0.048
0.065
0.078
0.089
0.103
0.117
0.131
0.139
0.144
0.149
0.155
0.164
0.173
0.184
0.196
0.21
0.223
0.233
0.241
0.247
0.253
0.258
0.263
0.266
0.266
0.263
0.258
0.251
0.242
0.231
0.21
0.191
0.176
0.164
0.154
0.146
0.138
0.123
0.101
0.081
0.057
0.031
0.006
-0.01
-0.02
-0.029
-0.039
-0.049
-0.061
-0.076
-0.084
-0.09
-0.093
-0.096
-0.099
-0.101
-0.102
-0.103
-0.102
-0.1
-0.096
-0.092
-0.087
-0.081
-0.069
-0.055
-0.04
-0.026
-0.014
-0.007
-0.001
0.002
0.004
0.003
0.0
-0.006
-0.013
-0.019
-0.024
-0.031
-0.037
-0.044
-0.051
-0.057
-0.061
-0.066
-0.07
-0.074
-0.076
-0.076
-0.075
-0.073
-0.071
-0.069
-0.069
-0.068
-0.067
-0.066
-0.064
-0.063
-0.061
-0.06
-0.058
-0.057
-0.056
-0.056
-0.056
-0.058
-0.06
-0.062
-0.063
-0.065
-0.067
-0.069
-0.071
-0.073
-0.075
-0.077
-0.081
-0.09
-0.089
-0.074
-0.057
-0.039
-0.024
-0.013
-0.004
0.003
0.011
0.018
0.022
0.026
0.029
0.032
0.035
0.037
0.038
0.037
0.037
0.036
0.034
0.031
0.028
0.024
0.022
0.019
0.018
0.017
0.016
0.014
0.012
0.009
0.006
0.004
0.002
0.0
-0.003
-0.006
-0.008
-0.011
-0.013
-0.014
-0.016
-0.018
-0.021
-0.025
-0.028
-0.03
-0.033
-0.036
-0.039
-0.042
-0.044
-0.046
-0.048
-0.051
-0.056
-0.06
-0.059
-0.053
-0.043
-0.032
-0.016
0.0
0.016
0.033
0.051
0.075
0.104
0.151
0.223
0.326
0.458
0.612
0.775
0.917
0.98
0.974
0.884
0.705
0.501
0.324
0.208
0.15
0.132
0.12
0.11
0.102
0.085
0.06
0.042
0.028
0.012
0.003
-0.001
-0.006
-0.009
-0.012
-0.016
-0.019
-0.023
-0.026
-0.03
-0.033
-0.038
-0.042
-0.048
-0.054
-0.058
-0.058
-0.053
-0.047
-0.041
-0.036
-0.031
-0.026
-0.02
-0.014
-0.008
-0.002
0.004
0.013
0.026
0.039
0.05
0.059
0.067
0.075
0.083
0.091
0.098
0.106
0.115
0.124
0.134
0.144
0.151
0.157
0.161
0.167
0.172
0.177
0.181
0.185
0.189
0.194
0.201
0.214
0.224
0.233
0.241
0.25
0.254
0.248
0.235
0.226
0.218
0.212
0.205
0.198
0.192
0.184
0.172
0.153
0.128
0.094
0.053
0.013
-0.028
-0.052
-0.064
-0.074
-0.08
-0.085
-0.089
-0.092
-0.095
-0.097
-0.101
-0.105
-0.107
-0.107
-0.101
-0.093
-0.085
-0.08
-0.077
-0.073
-0.07
-0.066
-0.062
-0.058
-0.055
-0.052
-0.049
-0.047
-0.045
-0.045
-0.045
-0.045
-0.047
-0.049
-0.051
-0.053
-0.054
-0.056
-0.057
-0.059
-0.06
-0.062
-0.063
-0.064
-0.065
-0.067
-0.068
-0.07
-0.071
-0.072
-0.073
-0.073
-0.073
-0.073
-0.074
-0.076
-0.077
-0.077
-0.078
-0.079
-0.08
-0.082
-0.084
-0.086
-0.088
-0.091
-0.095
-0.099
-0.107
-0.115
-0.12
-0.12
-0.116
-0.108
-0.1
-0.09
-0.074
-0.058
-0.043
-0.033
-0.024
-0.016
-0.01
-0.006
-0.002
0.001
0.002
0.003
0.003
0.004
0.006
0.007
0.007
0.008
0.008
0.008
0.009
0.009
0.008
0.007
0.004
0.002
0.0
-0.002
-0.004
-0.007
-0.01
-0.013
-0.015
-0.016
-0.018
-0.019
-0.022
-0.025
-0.028
-0.03
-0.032
-0.034
-0.037
-0.039
-0.04
-0.04
-0.039
-0.039
-0.038
-0.038
-0.037
-0.036
-0.035
-0.034
-0.033
-0.033
-0.033
-0.032
-0.03
-0.027
-0.024
-0.022
-0.02
-0.016
-0.011
-0.006
0.0
0.009
0.016
0.022
0.028
0.033
0.038
0.043
0.047
0.049
0.052
0.058
0.066
0.097
0.146
0.221
0.317
0.433
0.567
0.717
0.867
0.97
0.984
0.955
0.821
0.626
0.428
0.275
0.203
0.18
0.166
0.155
0.146
0.128
0.095
0.035
-0.017
-0.038
-0.051
-0.057
-0.06
-0.062
-0.065
-0.067
-0.069
-0.07
-0.07
-0.07
-0.068
-0.065
-0.061
-0.056
-0.051
-0.044
-0.038
-0.032
-0.024
-0.016
-0.007
0.001
0.009
0.016
0.023
0.029
0.033
0.036
0.039
0.043
0.046
0.048
0.051
0.054
0.057
0.061
0.064
0.068
0.07
0.072
0.075
0.078
0.084
0.096
0.11
0.128
0.135
0.139
0.144
0.15
0.155
0.16
0.164
0.167
0.169
0.172
0.174
0.176
0.176
0.175
0.174
0.173
0.172
0.171
0.169
0.167
0.165
0.162
0.158
0.153
0.147
0.132
0.1
0.074
0.048
0.02
-0.006
-0.027
-0.042
-0.048
-0.053
-0.057
-0.06
-0.059
-0.052
-0.043
-0.039
-0.035
-0.032
-0.029
-0.027
-0.024
-0.021
-0.019
-0.017
-0.017
-0.018
-0.019
-0.022
-0.025
-0.029
-0.032
-0.037
-0.041
-0.046
-0.05
-0.053
-0.056
-0.06
-0.064
-0.069
-0.073
-0.077
-0.08
-0.082
-0.083
-0.084
-0.085
-0.085
-0.084
-0.084
-0.085
-0.085
-0.086
-0.088
-0.09
-0.092
-0.092
-0.093
-0.094
-0.094
-0.095
-0.097
-0.097
-0.098
-0.099
-0.1
-0.103
-0.105
-0.098
-0.084
-0.071
-0.057
-0.043
-0.029
-0.016
-0.005
0.004
0.01
0.014
0.017
0.021
0.024
0.025
0.025
0.022
0.016
0.009
0.003
0.001
-0.001
-0.004
-0.006
-0.009
-0.012
-0.014
-0.016
-0.017
-0.018
-0.019
-0.019
-0.018
-0.017
-0.016
-0.016
-0.016
-0.016
-0.016
-0.016
-0.017
-0.018
-0.02
-0.022
-0.024
-0.026
-0.028
-0.03
-0.032
-0.034
-0.037
-0.042
-0.05
-0.056
-0.059
-0.057
-0.053
-0.047
-0.041
-0.035
-0.027
-0.019
-0.012
-0.008
-0.005
-0.003
0.0
0.002
0.005
0.009
0.013
0.018
0.023
0.029
0.038
0.05
0.062
0.072
0.105
0.15
0.211
0.293
0.399
0.522
0.655
0.797
0.926
0.994
0.996
0.936
0.801
0.641
0.495
0.39
0.323
0.289
0.239
0.172
0.104
0.05
0.017
-0.003
-0.013
-0.022
-0.031
-0.041
-0.05
-0.056
-0.062
-0.068
-0.073
-0.077
-0.081
-0.083
-0.085
-0.087
-0.089
-0.091
-0.093
-0.095
-0.099
-0.102
-0.104
-0.101
-0.093
-0.082
-0.069
-0.049
-0.027
-0.012
-0.001
0.006
0.014
0.02
0.026
0.03
0.035
0.038
0.042
0.046
0.053
0.062
0.069
0.073
0.077
0.08
0.084
0.087
0.09
0.093
0.096
0.099
0.102
0.105
0.108
0.111
0.114
0.118
0.13
0.158
0.173
0.181
0.188
0.192
0.194
0.195
0.193
0.189
0.181
0.172
0.151
0.118
0.097
0.079
0.056
0.025
-0.006
-0.024
-0.035
-0.045
-0.052
-0.059
-0.071
-0.085
-0.09
-0.093
-0.096
-0.097
-0.097
-0.095
-0.091
-0.087
-0.084
-0.082
-0.079
-0.074
-0.07
-0.068
-0.07
-0.075
-0.082
-0.089
-0.095
-0.102
-0.11
-0.116
-0.117
-0.115
-0.111
-0.106
-0.101
-0.096
-0.091
-0.088
-0.09
-0.094
-0.099
-0.102
-0.105
-0.108
-0.111
-0.115
-0.12
-0.126
-0.132
-0.139
-0.145
-0.151
-0.156
-0.16
-0.164
-0.167
-0.169
-0.171
-0.173
-0.176
-0.178
-0.18
-0.183
-0.188
-0.191
-0.185
-0.175
-0.167
-0.16
-0.154
-0.148
-0.143
-0.138
-0.132
-0.124
-0.114
-0.105
-0.097
-0.094
-0.091
-0.087
-0.084
-0.082
-0.08
-0.079
-0.078
-0.077
-0.076
-0.076
-0.076
-0.078
-0.081
-0.084
-0.086
-0.088
-0.09
-0.092
-0.095
-0.098
-0.105
-0.118
-0.12
-0.12
-0.122
-0.124
-0.124
-0.122
-0.118
-0.114
-0.112
-0.11
-0.108
-0.106
-0.104
-0.102
-0.101
-0.101
-0.102
-0.103
-0.104
-0.106
-0.108
-0.11
-0.113
-0.117
-0.12
-0.124
-0.126
-0.127
-0.125
-0.12
-0.114
-0.105
-0.094
-0.076
-0.053
-0.038
-0.028
-0.02
-0.014
-0.009
-0.006
-0.004
-0.002
-0.001
0.0
0.004
0.008
0.01
0.009
0.005
-0.001
-0.008
-0.015
-0.025
-0.03
-0.024
-0.007
0.041
0.113
0.212
0.331
0.46
0.593
0.724
0.84
0.905
0.906
0.845
0.702
0.527
0.362
0.237
0.194
0.182
0.172
0.16
0.146
0.099
0.037
-0.016
-0.041
-0.055
-0.064
-0.072
-0.077
-0.081
-0.086
-0.091
-0.093
-0.093
-0.088
-0.08
-0.069
-0.055
-0.034
-0.02
-0.006
0.008
0.026
0.042
0.055
0.062
0.064
0.064
0.065
0.065
0.066
