-0.283
-0.347
-0.413
-0.475
-0.511
-0.522
-0.529
-0.533
-0.536
-0.537
-0.537
-0.536
-0.534
-0.53
-0.526
-0.521
-0.513
-0.503
-0.491
-0.476
-0.464
-0.455
-0.447
-0.44
-0.435
-0.429
-0.423
-0.415
-0.404
-0.393
-0.384
-0.379
-0.375
-0.372
-0.369
-0.368
-0.367
-0.367
-0.368
-0.368
-0.37
-0.371
-0.374
-0.376
-0.377
-0.378
-0.381
-0.384
-0.387
-0.389
-0.389
-0.387
-0.384
-0.382
-0.381
-0.379
-0.377
-0.374
-0.371
-0.368
-0.366
-0.364
-0.361
-0.359
-0.357
-0.355
-0.355
-0.353
-0.351
-0.346
-0.342
-0.337
-0.335
-0.333
-0.332
-0.331
-0.331
-0.332
-0.333
-0.336
-0.338
-0.34
-0.342
-0.345
-0.35
-0.354
-0.353
-0.347
-0.336
-0.305
-0.262
-0.205
-0.14
-0.072
-0.011
0.04
0.069
0.113
0.164
0.226
0.246
0.256
0.25
0.203
0.141
0.077
0.017
-0.044
-0.114
-0.191
-0.26
-0.299
-0.311
-0.319
-0.328
-0.335
-0.345
-0.357
-0.356
-0.343
-0.323
-0.297
-0.279
-0.267
-0.255
-0.244
-0.238
-0.235
-0.232
-0.231
-0.229
-0.228
-0.227
-0.226
-0.224
-0.222
-0.219
-0.215
-0.212
-0.209
-0.206
-0.203
-0.2
-0.197
-0.193
-0.19
-0.188
-0.185
-0.181
-0.176
-0.17
-0.165
-0.16
-0.156
-0.152
-0.148
-0.145
-0.142
-0.14
-0.138
-0.136
-0.134
-0.13
-0.126
-0.121
-0.117
-0.114
-0.111
-0.107
-0.104
-0.101
-0.099
-0.095
-0.092
-0.087
-0.082
-0.076
-0.07
-0.064
-0.057
-0.05
-0.042
-0.036
-0.03
-0.025
-0.02
-0.015
-0.01
-0.005
-0.002
0.0
0.002
0.006
0.014
0.028
0.035
0.04
0.043
0.045
0.046
0.047
0.049
0.051
0.053
0.055
0.057
0.06
0.063
0.069
0.072
0.063
0.049
0.039
0.03
0.021
0.016
0.014
0.012
0.01
0.008
0.008
0.007
0.007
0.007
0.007
0.007
0.007
0.007
0.007
0.007
0.007
0.007
0.006
0.004
0.002
0.001
0.0
0.0
0.0
0.001
0.0
0.0
-0.002
-0.003
-0.005
-0.006
-0.008
-0.011
-0.013
-0.014
-0.014
-0.014
-0.014
-0.012
-0.01
-0.008
-0.006
-0.006
-0.006
-0.008
-0.009
-0.01
-0.01
-0.011
-0.011
-0.01
-0.01
-0.009
-0.008
-0.008
-0.008
-0.008
-0.009
-0.011
-0.014
-0.017
-0.02
-0.022
-0.024
-0.026
-0.029
-0.033
-0.037
-0.039
-0.037
-0.033
-0.029
-0.026
-0.022
-0.019
-0.015
-0.013
-0.014
-0.016
-0.018
-0.019
-0.021
-0.023
-0.025
-0.028
-0.029
-0.028
-0.025
-0.022
-0.018
-0.015
-0.011
-0.005
0.0
0.002
0.003
0.003
0.003
0.003
0.003
0.002
0.0
-0.002
-0.003
-0.001
0.0
0.001
0.002
0.004
0.005
0.007
0.009
0.01
0.01
0.009
0.009
0.008
0.007
0.006
0.004
0.004
0.003
0.003
0.004
0.004
0.004
0.003
0.003
0.002
0.002
0.001
0.001
0.001
0.001
0.002
0.004
0.005
0.006
0.007
0.008
0.008
0.007
0.006
0.004
0.003
0.001
0.0
-0.001
-0.003
-0.004
-0.005
-0.005
-0.006
-0.008
-0.01
-0.012
-0.015
-0.018
-0.022
-0.024
-0.026
-0.026
-0.025
-0.024
-0.022
-0.021
-0.019
-0.017
-0.014
-0.012
-0.01
-0.007
-0.005
-0.003
-0.001
0.002
0.006
0.01
0.014
0.019
0.025
0.033
0.043
0.051
0.056
0.059
0.062
0.065
0.067
0.069
0.071
0.071
0.071
0.068
0.064
0.057
0.05
0.042
0.033
0.022
0.012
0.007
0.002
0.0
0.0
-0.001
-0.001
-0.002
-0.003
-0.004
-0.005
-0.007
-0.008
-0.01
-0.012
-0.014
-0.015
-0.017
-0.018
-0.019
-0.021
-0.022
-0.023
-0.024
-0.025
-0.026
-0.028
-0.03
-0.032
-0.034
-0.036
-0.037
-0.039
-0.041
-0.042
-0.043
-0.043
-0.044
-0.045
-0.046
-0.047
-0.049
-0.052
-0.06
-0.065
-0.061
-0.047
-0.007
0.041
0.096
0.147
0.195
0.242
0.293
0.35
0.405
0.448
0.462
0.45
0.416
0.359
0.302
0.249
0.193
0.134
0.071
0.006
-0.054
-0.072
-0.077
-0.08
-0.082
-0.084
-0.085
-0.085
-0.084
-0.082
-0.079
-0.076
-0.072
-0.068
-0.066
-0.064
-0.063
-0.062
-0.062
-0.061
-0.06
-0.059
-0.056
-0.055
-0.055
-0.061
-0.067
-0.072
-0.077
-0.082
-0.084
-0.084
-0.078
-0.069
-0.06
-0.054
-0.046
-0.039
-0.033
-0.028
-0.027
-0.029
-0.032
-0.036
-0.039
-0.04
-0.042
-0.044
-0.046
-0.048
-0.05
-0.052
-0.053
-0.053
-0.052
-0.049
-0.046
-0.042
-0.038
-0.034
-0.029
-0.021
-0.004
0.004
0.008
0.011
0.012
0.012
0.013
0.014
0.015
0.018
0.021
0.025
0.029
0.032
0.035
0.037
0.04
0.043
0.047
0.051
0.054
0.056
0.058
0.061
0.063
0.065
0.068
0.07
0.071
0.072
0.072
0.072
0.071
0.07
0.069
0.067
0.066
0.064
0.061
0.058
0.055
0.052
0.049
0.046
0.038
0.021
0.01
0.006
0.004
0.002
0.0
0.0
0.0
0.0
0.0
0.0
-0.001
-0.001
-0.002
-0.003
-0.003
-0.003
-0.004
-0.004
-0.004
-0.004
-0.004
-0.005
-0.006
-0.008
-0.009
-0.01
-0.012
-0.015
-0.019
-0.023
-0.026
-0.03
-0.033
-0.04
-0.06
-0.077
-0.087
-0.095
-0.101
-0.105
-0.106
-0.105
-0.102
-0.097
-0.09
-0.082
-0.071
-0.053
-0.036
-0.029
-0.026
-0.024
-0.023
-0.021
-0.02
-0.019
-0.018
-0.016
-0.014
-0.012
-0.01
-0.009
-0.007
-0.006
-0.004
-0.002
0.0
0.001
0.003
0.005
0.009
0.013
0.016
0.02
0.023
0.026
0.029
0.032
0.034
0.036
0.037
0.038
0.039
0.04
0.04
0.04
0.04
0.041
0.043
0.045
0.048
0.05
0.05
0.05
0.049
0.048
0.046
0.044
0.042
0.04
0.039
0.038
0.037
0.036
0.036
0.035
0.034
0.032
0.031
0.029
0.027
0.026
0.026
0.027
0.029
0.031
0.033
0.035
0.036
0.037
0.038
0.039
0.04
0.04
0.042
0.044
0.047
0.049
0.05
0.048
0.044
0.039
0.034
0.03
0.025
0.021
0.016
0.013
0.011
0.011
0.014
0.02
0.026
0.033
0.039
0.044
0.049
0.054
0.059
0.064
0.069
0.073
0.076
0.078
0.08
0.081
0.081
0.082
0.082
0.084
0.085
0.085
0.086
0.086
0.086
0.085
0.083
0.08
0.074
0.066
0.056
0.043
0.021
0.008
0.004
0.001
0.0
-0.001
-0.003
-0.003
-0.004
-0.006
-0.007
-0.007
-0.008
-0.008
-0.008
-0.007
-0.006
-0.004
-0.002
0.0
0.004
0.007
0.01
0.011
0.012
0.013
0.016
0.018
0.021
0.023
0.024
0.024
0.023
0.021
0.018
0.014
0.009
0.001
-0.012
-0.021
-0.03
-0.038
-0.021
0.006
0.035
0.081
0.129
0.187
0.25
0.309
0.36
0.388
0.415
0.441
0.463
0.477
0.467
0.435
0.352
0.238
0.111
0.002
-0.057
-0.079
-0.079
-0.069
-0.064
-0.061
-0.057
-0.055
-0.055
-0.058
-0.063
-0.07
-0.075
-0.08
-0.086
-0.094
-0.1
-0.102
-0.1
-0.095
-0.09
-0.086
-0.085
-0.084
-0.083
-0.081
-0.078
-0.076
-0.074
-0.072
-0.07
-0.069
-0.069
-0.069
-0.069
-0.068
-0.068
-0.067
-0.066
-0.065
-0.064
-0.063
-0.062
-0.06
-0.058
-0.057
-0.055
-0.054
-0.053
-0.051
-0.049
-0.045
-0.042
-0.039
-0.034
-0.029
-0.023
-0.016
-0.011
-0.007
-0.004
-0.003
-0.002
-0.002
-0.003
-0.003
-0.003
-0.002
-0.002
-0.002
-0.002
-0.002
-0.002
-0.001
0.0
0.002
0.003
0.005
0.008
0.011
0.016
0.029
0.051
0.059
0.063
0.066
0.069
0.071
0.072
0.073
0.074
0.075
0.076
0.077
0.077
0.076
0.075
0.075
0.075
0.075
0.073
0.071
0.07
0.07
0.071
0.072
0.065
0.054
0.05
0.048
0.046
0.044
0.041
0.038
0.035
0.033
0.032
0.031
0.03
0.028
0.025
0.024
0.024
0.024
0.024
0.024
0.023
0.023
0.023
0.022
0.021
0.02
0.019
0.018
0.018
0.018
0.018
0.017
0.015
0.014
0.013
0.012
0.012
0.012
0.011
0.011
0.011
0.011
0.011
0.011
0.01
0.008
0.006
0.003
0.0
-0.002
-0.001
0.003
0.009
0.014
0.02
0.027
0.03
0.029
0.026
0.022
0.02
0.018
0.015
0.013
0.011
0.01
0.008
0.007
0.007
0.008
0.008
0.009
0.01
0.011
0.011
0.011
0.012
0.012
0.013
0.014
0.016
0.019
0.02
0.019
0.018
0.017
0.017
0.016
0.015
0.014
0.013
0.013
0.014
0.016
0.018
0.021
0.025
0.029
0.032
0.032
0.029
0.024
0.017
0.012
0.006
0.0
-0.005
-0.005
-0.003
0.001
0.005
0.008
0.012
0.016
0.021
0.024
0.025
0.024
0.022
0.019
0.016
0.014
0.011
0.007
0.002
-0.001
-0.004
-0.004
-0.004
-0.003
-0.002
0.0
0.0
0.003
0.005
0.001
0.0
-0.002
-0.005
-0.007
-0.008
-0.009
-0.007
-0.006
-0.005
-0.003
-0.001
0.002
0.007
0.01
0.011
0.007
0.002
-0.003
-0.007
-0.012
-0.016
-0.02
-0.02
-0.015
-0.009
-0.003
0.0
0.002
0.004
0.006
0.007
0.009
0.011
0.013
0.016
0.019
0.022
0.025
0.027
0.029
0.031
0.033
0.034
0.036
0.039
0.042
0.048
0.055
0.06
0.063
0.061
0.057
0.051
0.044
0.03
0.0
-0.017
-0.026
-0.034
-0.04
-0.042
-0.041
-0.038
-0.033
-0.028
-0.024
-0.018
-0.013
-0.011
-0.013
-0.018
-0.025
-0.031
-0.039
-0.046
-0.049
-0.052
-0.057
-0.063
-0.063
-0.052
-0.045
-0.039
-0.034
-0.031
-0.029
-0.032
-0.037
-0.043
-0.05
-0.055
-0.063
-0.071
-0.076
-0.077
-0.074
-0.067
-0.058
-0.04
-0.008
0.024
0.056
0.109
0.167
0.227
0.285
0.341
0.374
0.403
0.423
0.433
0.444
0.453
0.432
0.369
0.25
0.092
-0.058
-0.139
-0.166
-0.142
-0.1
-0.078
-0.074
-0.071
-0.09
-0.102
-0.108
-0.113
-0.117
-0.119
-0.12
-0.121
-0.12
-0.12
-0.118
-0.115
-0.111
-0.107
-0.103
-0.1
-0.097
-0.095
-0.093
-0.091
-0.089
-0.088
-0.086
-0.085
-0.084
-0.082
-0.08
-0.079
-0.078
-0.077
-0.075
-0.074
-0.072
-0.071
-0.069
-0.068
-0.067
-0.065
-0.062
-0.059
-0.056
-0.053
-0.049
-0.044
-0.038
-0.033
-0.03
-0.029
-0.03
-0.031
-0.032
-0.033
-0.034
-0.035
-0.038
-0.041
-0.044
-0.046
-0.044
-0.038
-0.031
-0.025
-0.022
-0.019
-0.015
-0.012
-0.008
-0.005
-0.002
0.0
0.001
0.002
0.004
0.005
0.007
0.009
0.011
0.012
0.014
0.015
0.016
0.019
0.021
0.024
0.026
0.028
0.032
0.036
0.039
0.042
0.043
0.042
0.037
0.032
0.027
0.023
0.021
0.019
0.016
0.013
0.01
0.008
0.005
0.003
0.001
0.0
-0.001
-0.003
-0.003
-0.003
-0.003
-0.003
-0.004
-0.006
-0.008
-0.009
-0.011
-0.012
-0.014
-0.017
-0.019
-0.021
-0.023
-0.023
-0.023
-0.023
-0.023
-0.023
-0.023
-0.023
-0.023
-0.024
-0.025
-0.027
-0.029
-0.031
-0.033
-0.034
-0.034
-0.036
-0.037
-0.038
-0.039
-0.039
-0.038
-0.038
-0.038
-0.039
-0.04
-0.042
-0.043
-0.043
-0.044
-0.045
-0.046
-0.047
-0.047
-0.047
-0.046
-0.045
-0.045
-0.045
-0.045
-0.046
-0.046
-0.046
-0.047
-0.048
-0.048
-0.049
-0.05
-0.049
-0.049
-0.05
-0.051
-0.051
-0.052
-0.053
-0.054
-0.055
-0.055
-0.055
-0.055
-0.055
-0.054
-0.054
-0.053
-0.053
-0.051
-0.05
-0.049
-0.05
-0.051
-0.051
-0.052
-0.052
-0.051
-0.051
-0.05
-0.05
-0.049
-0.047
-0.046
-0.045
-0.046
-0.047
-0.047
-0.048
-0.047
-0.047
-0.047
-0.048
-0.048
-0.048
-0.046
-0.044
-0.042
-0.04
-0.039
-0.036
-0.033
-0.029
-0.025
-0.022
-0.02
-0.018
-0.016
-0.012
-0.008
-0.005
-0.002
-0.002
-0.003
-0.004
-0.006
-0.007
-0.009
-0.012
-0.017
-0.022
-0.024
-0.02
-0.011
-0.003
0.0
0.001
0.003
0.006
0.009
0.013
0.017
0.021
0.025
0.029
0.033
0.037
0.04
0.043
0.046
0.049
0.052
0.053
0.055
0.057
0.06
0.064
0.067
0.071
0.074
0.076
0.078
0.08
0.082
0.083
0.083
0.084
0.084
0.085
0.086
0.088
0.089
0.09
0.091
0.092
0.093
0.094
0.095
0.096
0.096
0.098
0.1
0.103
0.107
0.112
0.116
0.119
0.122
0.124
0.125
0.125
0.125
0.124
0.123
0.122
0.12
0.119
0.118
0.118
0.117
