-0.183
-0.183
-0.182
-0.181
-0.18
-0.178
-0.176
-0.173
-0.171
-0.168
-0.165
-0.162
-0.157
-0.152
-0.147
-0.139
-0.12
-0.105
-0.092
-0.079
-0.066
-0.052
-0.036
-0.027
-0.02
-0.015
-0.01
-0.006
-0.002
0.0
0.002
0.004
0.006
0.008
0.01
0.012
0.014
0.017
0.024
0.028
0.021
0.006
-0.009
-0.03
-0.053
-0.065
-0.073
-0.08
-0.087
-0.093
-0.097
-0.1
-0.101
-0.101
-0.101
-0.101
-0.1
-0.1
-0.099
-0.098
-0.097
-0.097
-0.096
-0.095
-0.094
-0.094
-0.094
-0.093
-0.092
-0.092
-0.09
-0.088
-0.085
-0.082
-0.079
-0.076
-0.072
-0.069
-0.066
-0.063
-0.06
-0.058
-0.057
-0.056
-0.054
-0.053
-0.052
-0.051
-0.051
-0.05
-0.049
-0.049
-0.049
-0.048
-0.048
-0.048
-0.049
-0.049
-0.05
-0.051
-0.053
-0.056
-0.058
-0.061
-0.063
-0.064
-0.064
-0.064
-0.064
-0.064
-0.063
-0.063
-0.062
-0.062
-0.061
-0.061
-0.062
-0.062
-0.062
-0.062
-0.063
-0.062
-0.06
-0.058
-0.054
-0.05
-0.045
-0.04
-0.033
-0.017
0.001
0.026
0.062
0.134
0.237
0.377
0.549
0.735
0.906
1.02
1.035
0.998
0.85
0.642
0.414
0.213
0.074
0.04
0.032
0.026
0.021
0.018
0.015
0.015
0.015
0.017
0.021
0.025
0.03
0.037
0.045
0.052
0.063
0.072
0.078
0.083
0.085
0.088
0.091
0.092
0.094
0.095
0.096
0.097
0.097
0.096
0.094
0.091
0.086
0.082
0.076
0.071
0.065
0.058
0.052
0.045
0.037
0.03
0.023
0.018
0.013
0.008
0.005
0.002
0.0
-0.002
-0.004
-0.007
-0.009
-0.01
-0.012
-0.013
-0.015
-0.016
-0.017
-0.016
-0.015
-0.013
-0.012
-0.011
-0.01
-0.009
-0.008
-0.006
-0.004
-0.003
-0.002
-0.001
0.0
0.004
0.008
0.01
0.005
-0.006
-0.018
-0.024
-0.029
-0.033
-0.037
-0.04
-0.043
-0.046
-0.047
-0.048
-0.049
-0.049
-0.051
-0.053
-0.056
-0.058
-0.06
-0.062
-0.065
-0.068
-0.072
-0.075
-0.078
-0.08
-0.082
-0.084
-0.087
-0.089
-0.092
-0.094
-0.097
-0.1
-0.104
-0.107
-0.111
-0.114
-0.116
-0.117
-0.117
-0.116
-0.115
-0.112
-0.109
-0.105
-0.1
-0.095
-0.09
-0.086
-0.082
-0.079
-0.077
-0.074
-0.073
-0.072
-0.071
-0.07
-0.068
-0.065
-0.062
-0.059
-0.057
-0.055
-0.054
-0.054
-0.055
-0.058
-0.062
-0.067
-0.073
-0.08
-0.086
-0.092
-0.097
-0.102
-0.105
-0.108
-0.111
-0.113
-0.115
-0.117
-0.119
-0.122
-0.124
-0.125
-0.127
-0.129
-0.131
-0.132
-0.132
-0.132
-0.132
-0.131
-0.129
-0.128
-0.127
-0.124
-0.122
-0.119
-0.117
-0.115
-0.112
-0.11
-0.107
-0.105
-0.101
-0.098
-0.095
-0.092
-0.089
-0.085
-0.081
-0.078
-0.075
-0.072
-0.069
-0.064
-0.059
-0.055
-0.049
-0.045
-0.041
-0.037
-0.033
-0.03
-0.026
-0.023
-0.02
-0.017
-0.015
-0.013
-0.012
-0.01
-0.009
-0.007
-0.006
-0.004
-0.001
0.001
0.005
0.009
0.015
0.019
0.024
0.028
0.032
0.036
0.039
0.041
0.043
0.045
0.047
0.049
0.053
0.056
0.06
0.064
0.069
0.073
0.077
0.081
0.084
0.086
0.088
0.09
0.092
0.094
0.097
0.099
0.103
0.107
0.112
0.118
0.124
0.129
0.134
0.138
0.142
0.146
0.149
0.151
0.153
0.155
0.156
0.156
0.156
0.155
0.155
0.153
0.151
0.149
0.145
0.141
0.135
0.129
0.123
0.116
0.108
0.092
0.077
0.067
0.06
0.056
0.052
0.049
0.047
0.045
0.043
0.041
0.04
0.038
0.037
0.036
0.037
0.038
0.041
0.044
0.048
0.052
0.058
0.065
0.073
0.082
0.092
0.114
0.168
0.259
0.382
0.54
0.719
0.896
1.042
1.103
1.095
0.994
0.795
0.556
0.329
0.152
0.069
0.052
0.04
0.032
0.026
0.02
0.015
0.009
0.002
-0.003
-0.009
-0.014
-0.018
-0.02
-0.024
-0.028
-0.034
-0.04
-0.047
-0.053
-0.058
-0.062
-0.065
-0.067
-0.069
-0.071
-0.073
-0.073
-0.074
-0.074
-0.073
-0.073
-0.073
-0.073
-0.073
-0.071
-0.065
-0.056
-0.045
-0.034
-0.025
-0.016
-0.008
0.0
0.008
0.015
0.021
0.026
0.03
0.035
0.04
0.046
0.055
0.063
0.073
0.086
0.099
0.109
0.117
0.125
0.132
0.138
0.145
0.152
0.158
0.164
0.169
0.173
0.177
0.18
0.184
0.188
0.191
0.194
0.196
0.198
0.198
0.198
0.198
0.197
0.195
0.192
0.189
0.185
0.18
0.176
0.171
0.164
0.156
0.148
0.141
0.133
0.125
0.117
0.107
0.099
0.09
0.081
0.074
0.068
0.063
0.059
0.054
0.051
0.049
0.048
0.047
0.048
0.05
0.052
0.054
0.056
0.058
0.06
0.061
0.063
0.064
0.066
0.068
0.07
0.074
0.078
0.083
0.087
0.092
0.096
0.101
0.105
0.109
0.112
0.115
0.119
0.123
0.128
0.133
0.138
0.141
0.144
0.146
0.146
0.145
0.143
0.139
0.134
0.128
0.122
0.115
0.107
0.092
0.077
0.066
0.055
0.043
0.031
0.019
0.009
0.0
-0.007
-0.014
-0.022
-0.029
-0.037
-0.046
-0.057
-0.074
-0.091
-0.108
-0.125
-0.149
-0.16
-0.165
-0.168
-0.171
-0.174
-0.175
-0.177
-0.179
-0.18
-0.181
-0.183
-0.186
-0.188
-0.189
-0.19
-0.191
-0.191
-0.192
-0.194
-0.196
-0.197
-0.199
-0.201
-0.204
-0.208
-0.212
-0.216
-0.219
-0.221
-0.222
-0.223
-0.223
-0.222
-0.219
-0.215
-0.211
-0.206
-0.201
-0.196
-0.189
-0.176
-0.162
-0.151
-0.141
-0.136
-0.131
-0.127
-0.123
-0.12
-0.118
-0.117
-0.117
-0.117
-0.116
-0.116
-0.115
-0.114
-0.113
-0.111
-0.108
-0.105
-0.103
-0.1
-0.098
-0.096
-0.095
-0.094
-0.094
-0.093
-0.093
-0.092
-0.091
-0.088
-0.085
-0.081
-0.078
-0.074
-0.07
-0.067
-0.065
-0.063
-0.062
-0.063
-0.064
-0.066
-0.069
-0.071
-0.074
-0.077
-0.08
-0.083
-0.086
-0.09
-0.093
-0.097
-0.101
-0.108
-0.117
-0.124
-0.129
-0.13
-0.126
-0.12
-0.113
-0.106
-0.101
-0.097
-0.092
-0.087
-0.083
-0.078
-0.074
-0.071
-0.069
-0.068
-0.069
-0.07
-0.072
-0.075
-0.078
-0.081
-0.085
-0.09
-0.096
-0.104
-0.122
-0.128
-0.129
-0.131
-0.134
-0.113
-0.048
0.048
0.185
0.356
0.542
0.717
0.859
0.918
0.908
0.796
0.59
0.352
0.125
-0.046
-0.127
-0.157
-0.159
-0.143
-0.131
-0.123
-0.115
-0.112
-0.114
-0.118
-0.124
-0.128
-0.133
-0.138
-0.139
-0.133
-0.122
-0.112
-0.107
-0.104
-0.101
-0.098
-0.095
-0.092
-0.089
-0.086
-0.085
-0.083
-0.082
-0.081
-0.08
-0.079
-0.078
-0.077
-0.075
-0.074
-0.072
-0.07
-0.069
-0.068
-0.067
-0.066
-0.065
-0.065
-0.065
-0.064
-0.064
-0.064
-0.062
-0.061
-0.06
-0.058
-0.056
-0.054
-0.051
-0.048
-0.045
-0.041
-0.038
-0.034
-0.03
-0.026
-0.023
-0.02
-0.017
-0.014
-0.011
-0.007
-0.004
-0.001
0.0
0.003
0.005
0.008
0.01
0.012
0.013
0.014
0.015
0.015
0.016
0.016
0.016
0.015
0.016
0.016
0.017
0.018
0.02
0.022
0.025
0.031
0.039
0.046
0.054
0.062
0.069
0.075
0.08
0.086
0.092
0.097
0.103
0.109
0.114
0.118
0.122
0.126
0.131
0.135
0.14
0.144
0.148
0.152
0.156
0.16
0.163
0.167
0.171
0.175
0.18
0.184
0.189
0.194
0.199
0.202
0.206
0.209
0.214
0.218
0.223
0.226
0.229
0.231
0.233
0.234
0.235
0.236
0.235
0.235
0.234
0.234
0.235
0.236
0.237
0.238
0.236
0.233
0.23
0.227
0.225
0.222
0.219
0.215
0.212
0.209
0.206
0.204
0.203
0.203
0.203
0.204
0.206
0.208
0.211
0.214
0.217
0.221
0.224
0.228
0.234
0.246
0.256
0.263
0.267
0.271
0.274
0.276
0.278
0.278
0.276
0.272
0.266
0.26
0.254
0.25
0.246
0.243
0.239
0.234
0.23
0.227
0.223
0.22
0.217
0.214
0.211
0.208
0.205
0.203
0.198
0.19
0.181
0.17
0.16
0.154
0.15
0.146
0.142
0.138
0.134
0.13
0.127
0.124
0.121
0.118
0.114
0.11
0.105
0.098
0.083
0.073
0.065
0.055
0.043
0.025
0.011
0.0
-0.009
-0.018
-0.026
-0.039
-0.064
-0.087
-0.1
-0.113
-0.126
-0.133
-0.137
-0.141
-0.144
-0.147
-0.15
-0.154
-0.157
-0.161
-0.165
-0.169
-0.172
-0.176
-0.178
-0.18
-0.183
-0.186
-0.189
-0.192
-0.195
-0.197
-0.199
-0.201
-0.203
-0.204
-0.204
-0.202
-0.2
-0.197
-0.193
-0.189
-0.185
-0.181
-0.177
-0.173
-0.17
-0.167
-0.163
-0.159
-0.154
-0.149
-0.144
-0.139
-0.135
-0.132
-0.13
-0.128
-0.126
-0.123
-0.121
-0.118
-0.115
-0.112
-0.108
-0.104
-0.1
-0.095
-0.09
-0.081
-0.047
0.021
0.127
0.264
0.423
0.589
0.738
0.831
0.837
0.777
0.598
0.362
0.111
-0.099
-0.237
-0.274
-0.288
-0.288
-0.275
-0.266
-0.261
-0.254
-0.246
-0.236
-0.226
-0.216
-0.205
-0.193
-0.182
-0.173
-0.162
-0.149
-0.143
-0.14
-0.137
-0.135
-0.134
-0.134
-0.136
-0.141
-0.148
-0.156
-0.165
-0.176
-0.185
-0.189
-0.193
-0.196
-0.2
-0.203
-0.205
-0.206
-0.205
-0.2
-0.194
-0.188
-0.184
-0.179
-0.173
-0.167
-0.159
-0.151
-0.143
-0.134
-0.125
-0.115
-0.105
-0.096
-0.089
-0.084
-0.08
-0.078
-0.076
-0.074
-0.071
-0.069
-0.067
-0.065
-0.063
-0.061
-0.059
-0.058
-0.057
-0.056
-0.056
-0.055
-0.053
-0.052
-0.049
-0.045
-0.041
-0.037
-0.032
-0.027
-0.021
-0.014
-0.003
0.013
0.024
0.028
0.03
0.032
0.034
0.035
0.036
0.036
0.037
0.038
0.039
0.04
0.041
0.042
0.043
0.044
0.045
0.046
0.047
0.048
0.049
0.051
0.053
0.056
0.059
0.062
0.067
0.071
0.076
0.081
0.085
0.089
0.093
0.097
0.102
0.107
0.11
0.11
0.107
0.101
0.094
0.088
0.083
0.078
0.074
0.069
0.066
0.064
0.063
0.064
0.066
0.069
0.072
0.076
0.079
0.082
0.085
0.088
0.091
0.094
0.096
0.098
0.097
0.096
0.095
0.094
0.092
0.09
0.088
0.084
0.081
0.078
0.076
0.077
0.08
0.083
0.086
0.089
0.093
0.096
0.099
0.1
0.1
0.097
0.091
0.083
0.075
0.064
0.049
0.039
0.038
0.037
0.035
0.034
0.032
0.033
0.04
0.049
0.053
0.056
0.058
0.061
0.063
0.066
0.068
0.07
0.072
0.074
0.076
0.078
0.079
0.079
0.08
0.08
0.081
0.082
0.083
0.085
0.086
0.088
0.091
0.094
0.098
0.101
0.105
0.108
0.111
0.114
0.118
0.121
0.123
0.125
0.127
0.13
0.133
0.136
0.139
0.14
0.141
0.14
0.139
0.137
0.133
0.129
0.123
0.118
0.113
0.109
0.105
0.101
0.096
0.091
0.087
0.084
0.081
0.078
0.074
0.07
0.066
0.063
0.059
0.053
0.048
0.044
0.042
0.041
0.04
0.04
0.039
0.038
0.036
0.035
0.033
0.031
0.028
0.024
0.018
0.013
0.008
0.004
0.001
-0.001
-0.004
-0.007
-0.01
-0.013
-0.016
-0.019
-0.021
-0.024
-0.026
-0.027
-0.029
-0.029
-0.03
-0.03
-0.03
-0.031
-0.032
-0.033
-0.034
-0.036
-0.037
-0.04
-0.047
-0.056
-0.068
-0.08
-0.091
-0.096
-0.092
-0.08
-0.045
0.027
0.137
0.286
0.464
0.653
0.825
0.94
0.957
0.928
0.781
0.553
0.293
0.052
-0.128
-0.213
-0.241
-0.227
-0.185
-0.154
-0.147
-0.142
-0.139
-0.137
-0.137
-0.137
-0.138
-0.139
-0.141
-0.143
-0.145
-0.148
-0.151
-0.154
-0.157
-0.159
-0.161
-0.163
-0.163
-0.163
-0.162
-0.16
-0.157
-0.154
-0.149
-0.143
-0.134
-0.117
-0.103
-0.095
-0.091
-0.088
-0.086
-0.083
-0.081
-0.078
-0.075
-0.072
-0.069
-0.065
-0.059
-0.05
-0.032
-0.02
-0.014
-0.011
-0.008
-0.006
-0.004
-0.002
0.0
0.003
0.006
0.009
0.012
0.015
0.019
0.025
0.034
0.044
0.053
0.062
0.071
0.079
0.087
0.092
0.096
0.098
0.102
0.107
0.11
0.105
0.094
0.084
0.073
0.061
0.046
0.028
0.007
-0.012
-0.028
-0.041
-0.051
-0.059
-0.066
-0.071
-0.075
-0.08
-0.083
-0.086
-0.087
-0.089
-0.089
-0.089
-0.088
-0.086
-0.083
-0.079
-0.075
-0.071
-0.067
-0.063
-0.057
-0.05
-0.043
-0.037
-0.03
-0.024
-0.019
-0.015
-0.011
-0.009
-0.007
-0.005
-0.004
-0.002
0.0
0.001
0.003
0.006
0.009
0.012
0.015
0.018
0.02
0.023
0.024
0.026
0.027
0.029
0.031
0.033
0.036
0.038
0.041
0.044
0.046
0.048
0.048
0.048
0.047
0.046
0.043
0.041
0.038
0.034
0.03
0.026
0.022
0.017
0.005
-0.006
-0.018
-0.032
-0.048
-0.065
-0.073
-0.077
-0.081
-0.085
-0.087
-0.089
-0.09
-0.091
-0.092
-0.093
-0.094
-0.096
-0.098
-0.099
-0.101
-0.103
-0.105
-0.107
-0.109
-0.11
-0.112
-0.113
-0.114
-0.115
-0.116
-0.117
-0.118
-0.118
-0.119
-0.12
-0.121
-0.121
-0.121
-0.121
-0.12
-0.12
-0.119
-0.119
-0.118
-0.117
-0.116
-0.116
-0.116
-0.117
-0.117
-0.117
-0.117
-0.117
-0.118
-0.118
-0.119
-0.12
-0.12
-0.121
-0.122
-0.124
-0.126
-0.127
-0.128
-0.129
-0.13
-0.13
-0.131
-0.131
-0.13
-0.13
-0.13
-0.13
-0.131
-0.131
-0.132
-0.133
-0.134
-0.135
-0.137
-0.139
-0.14
-0.142
-0.144
-0.146
-0.148
-0.151
-0.154
-0.162
-0.17
-0.174
-0.172
-0.166
-0.16
-0.155
-0.149
-0.143
-0.14
-0.141
-0.146
-0.154
-0.163
-0.174
-0.19
-0.2
-0.207
-0.211
-0.214
-0.216
-0.219
-0.221
-0.223
-0.225
-0.226
-0.226
-0.225
-0.223
-0.22
-0.216
-0.212
-0.206
-0.201
-0.196
-0.191
-0.187
-0.183
-0.179
-0.174
-0.169
-0.164
-0.159
-0.155
-0.152
-0.15
-0.148
-0.145
-0.14
-0.135
-0.123
-0.092
-0.026
0.07
0.206
0.377
0.566
0.746
0.884
0.921
0.903
0.773
0.564
0.327
0.109
-0.052
-0.13
-0.156
-0.144
-0.124
-0.102
-0.093
-0.089
-0.085
-0.082
-0.08
-0.079
-0.078
-0.078
-0.079
-0.079
-0.08
-0.081
-0.083
-0.085
-0.088
-0.09
-0.091
-0.092
-0.092
-0.091
-0.091
-0.09
-0.088
-0.086
-0.083
-0.08
-0.076
-0.073
-0.069
-0.066
-0.061
-0.055
-0.048
-0.043
-0.036
-0.03
-0.023
-0.014
-0.005
0.003
0.009
0.016
0.021
0.025
0.028
0.032
0.034
0.037
0.039
0.042
0.045
0.048
0.051
0.054
0.058
0.064
0.072
0.085
0.099
0.113
0.127
0.14
0.155
0.169
0.177
0.183
0.188
0.192
0.195
0.197
0.197
0.194
0.19
0.185
0.179
0.175
0.171
0.165
0.159
0.153
0.149
0.147
0.148
0.151
0.155
0.158
0.162
0.166
0.17
0.175
0.179
0.183
0.187
0.191
0.196
0.202
0.206
0.21
0.212
0.214
0.216
0.218
0.221
0.223
0.224
0.226
0.227
0.229
0.23
0.231
0.232
0.232
0.232
0.232
0.231
0.231
0.23
0.23
0.229
0.229
0.229
0.228
0.226
0.224
0.223
0.221
0.22
0.218
0.216
0.214
0.212
0.211
0.21
0.21
0.208
0.206
0.204
0.201
0.198
0.195
0.192
0.189
0.185
0.181
0.177
0.173
0.169
0.164
0.156
0.148
0.141
0.134
0.129
0.123
0.117
0.111
0.105
0.099
0.093
0.087
0.081
0.075
0.069
0.062
0.055
0.049
0.045
0.041
0.037
0.033
0.03
0.027
0.024
0.021
0.019
0.017
0.016
0.014
0.013
0.012
0.01
0.008
0.006
0.005
0.003
0.001
0.0
-0.001
-0.002
-0.002
-0.002
-0.002
-0.002
-0.005
-0.007
-0.008
-0.006
0.0
0.005
0.009
0.013
0.017
0.021
0.023
0.024
0.022
0.019
0.015
0.011
0.008
0.006
0.003
0.001
-0.001
-0.005
-0.008
-0.012
-0.015
-0.019
-0.022
-0.026
-0.029
-0.033
-0.036
-0.04
-0.044
-0.05
-0.055
-0.06
-0.063
-0.063
-0.061
-0.058
-0.053
-0.047
-0.041
-0.033
-0.022
-0.01
0.001
0.013
0.024
0.036
0.046
0.048
0.048
0.049
0.048
0.049
0.046
0.031
0.017
0.003
-0.007
-0.016
-0.022
-0.027
-0.031
-0.036
-0.04
-0.044
-0.047
-0.05
-0.053
-0.056
-0.061
-0.066
-0.069
-0.07
-0.07
-0.068
-0.066
-0.063
-0.06
-0.056
-0.053
-0.057
-0.069
-0.082
-0.098
-0.107
-0.115
-0.123
-0.107
-0.06
0.016
0.126
0.268
0.438
0.619
0.781
0.886
0.899
0.86
0.704
0.482
0.239
0.02
-0.142
-0.216
-0.243
-0.244
-0.229
-0.216
-0.204
-0.196
-0.192
-0.188
-0.185
-0.182
-0.183
-0.19
-0.202
-0.217
-0.237
-0.253
-0.262
-0.268
-0.273
-0.278
-0.282
-0.286
-0.289
-0.292
-0.296
-0.298
-0.301
-0.304
-0.306
-0.308
-0.308
-0.307
-0.305
-0.301
-0.296
-0.29
-0.284
-0.275
-0.26
-0.25
-0.243
-0.239
-0.235
-0.233
-0.231
-0.229
-0.226
-0.222
-0.219
-0.216
-0.212
-0.206
-0.198
-0.181
-0.166
-0.149
-0.134
-0.124
-0.118
-0.114
-0.11
-0.106
-0.102
-0.098
-0.095
-0.09
-0.085
-0.077
-0.064
-0.054
-0.048
-0.043
-0.04
-0.038
-0.038
-0.042
-0.048
-0.053
-0.056
-0.057
-0.059
-0.061
-0.064
-0.066
-0.069
-0.071
-0.073
-0.075
-0.076
-0.078
-0.078
-0.078
-0.077
-0.075
-0.074
-0.071
-0.069
-0.067
-0.064
-0.06
-0.057
-0.053
-0.05
-0.047
-0.043
-0.033
-0.024
-0.02
-0.019
-0.017
-0.016
-0.015
-0.013
-0.011
-0.009
-0.007
-0.002
0.002
0.008
0.015
0.024
0.034
0.043
0.053
0.068
0.087
0.106
0.121
0.135
0.149
0.162
0.182
0.21
0.224
0.231
0.236
0.239
0.241
0.24
0.236
0.23
0.224
0.218
0.214
0.208
0.202
0.196
0.192
0.192
0.195
0.198
0.201
0.204
0.206
0.208
0.211
0.214
0.216
0.218
0.219
0.219
0.219
0.219
0.217
0.215
0.212
0.209
0.205
0.201
0.198
0.195
0.19
0.187
0.186
0.188
0.192
0.199
0.208
0.22
0.238
0.242
0.244
0.246
0.248
0.25
0.251
0.25
0.249
0.248
0.246
0.245
0.245
0.245
0.244
0.243
0.243
0.243
0.243
0.242
0.241
0.24
0.239
0.237
0.236
0.235
0.232
0.229
0.226
0.222
0.216
0.207
0.197
0.189
0.181
0.174
0.168
0.162
0.156
0.149
0.142
0.134
0.127
0.12
0.113
0.106
0.099
0.093
0.087
0.081
0.075
0.068
0.058
0.05
0.047
0.045
0.044
0.043
0.041
0.04
0.04
0.039
0.04
0.041
0.044
0.046
0.049
0.052
0.055
0.059
0.061
0.062
0.06
0.056
0.049
0.04
0.025
-0.001
-0.013
-0.019
-0.024
-0.028
-0.031
-0.033
-0.034
-0.035
-0.034
-0.032
-0.029
-0.026
-0.022
-0.017
-0.012
-0.006
0.002
0.011
0.016
0.019
0.022
0.025
0.028
0.029
0.026
0.018
0.009
0.001
-0.009
-0.016
-0.016
-0.011
0.0
0.032
0.098
0.191
0.317
0.476
0.653
0.824
0.963
1.026
1.024
0.945
0.759
0.508
0.242
0.014
-0.137
-0.193
-0.197
-0.158
-0.1
-0.078
-0.072
-0.068
-0.065
-0.064
-0.063
-0.063
-0.063
-0.063
-0.065
-0.067
-0.07
-0.074
-0.079
-0.084
-0.089
-0.096
-0.102
-0.107
-0.109
-0.108
-0.106
-0.104
-0.1
-0.093
-0.096
-0.131
-0.193
-0.269
-0.35
-0.432
-0.508
-0.573
-0.627
-0.675
-0.693
-0.694
-0.678
-0.656
-0.627
-0.605
-0.589
-0.573
-0.558
-0.542
-0.524
-0.505
-0.487
-0.471
-0.455
-0.44
-0.426
-0.413
-0.399
-0.383
-0.369
-0.36
-0.351
-0.342
-0.332
-0.319
-0.301
-0.283
-0.261
-0.232
-0.209
-0.191
-0.17
-0.147
-0.126
-0.113
-0.108
-0.106
-0.104
-0.103
-0.103
-0.102
-0.102
-0.103
-0.103
-0.103
-0.103
-0.103
-0.102
-0.102
-0.101
-0.1
-0.099
-0.098
-0.097
-0.095
-0.093
-0.091
-0.087
-0.084
-0.08
-0.073
-0.06
-0.046
-0.034
-0.022
-0.013
-0.005
0.001
0.008
0.016
0.024
0.032
0.038
0.043
0.048
0.052
0.057
0.061
0.065
0.069
0.073
0.078
0.082
0.086
0.091
0.095
0.1
0.105
0.112
0.118
0.124
0.128
0.13
0.132
0.134
0.137
0.138
0.139
0.138
0.138
0.138
0.138
0.139
0.139
0.139
0.138
0.138
0.137
0.137
0.137
0.137
0.136
0.135
0.135
0.135
0.135
0.135
0.136
0.136
0.136
0.137
0.138
0.14
0.141
0.142
0.143
0.144
0.145
0.147
0.148
0.149
0.15
0.149
0.149
0.147
0.146
0.145
0.144
0.143
0.142
0.141
0.14
0.139
0.138
0.138
0.137
0.136
0.135
0.134
0.133
0.133
0.132
0.132
0.132
0.133
0.133
0.133
0.133
0.134
0.133
0.132
0.131
0.13
0.13
0.129
0.128
0.128
0.127
0.126
0.125
0.123
0.122
0.12
0.118
0.116
0.114
0.112
0.111
0.109
0.107
0.105
0.104
0.102
0.1
0.097
0.095
0.092
0.09
0.087
0.084
0.082
0.079
0.077
0.076
0.075
0.074
0.074
0.073
0.072
0.071
0.071
0.071
0.07
0.07
0.07
0.07
0.071
0.072
0.072
0.072
0.072
0.071
0.069
0.066
0.064
0.061
0.057
0.053
0.049
0.046
0.042
0.039
0.035
0.031
0.027
0.023
0.018
0.013
0.008
0.003
-0.001
-0.005
-0.008
-0.011
-0.013
-0.014
-0.017
-0.019
-0.021
-0.023
-0.024
-0.026
-0.03
-0.034
-0.038
-0.041
-0.041
-0.038
-0.034
-0.027
-0.017
0.019
0.104
0.228
0.391
0.574
0.746
0.851
0.887
0.849
0.727
0.508
0.263
0.041
-0.128
-0.205
-0.23
-0.215
-0.204
-0.199
-0.196
-0.194
-0.192
-0.191
-0.192
-0.194
-0.195
-0.196
-0.196
-0.197
-0.198
-0.199
-0.2
-0.201
-0.202
-0.202
-0.203
-0.203
-0.203
-0.204
-0.204
-0.204
-0.203
-0.202
-0.2
-0.198
-0.195
-0.191
-0.187
-0.184
-0.18
-0.177
-0.173
-0.17
-0.166
-0.161
-0.154
-0.148
-0.143
-0.139
-0.136
-0.134
-0.132
-0.13
-0.128
-0.127
-0.126
-0.125
-0.124
-0.122
-0.121
-0.119
-0.117
-0.115
-0.113
-0.111
-0.107
-0.103
-0.099
-0.093
-0.084
-0.067
-0.05
-0.035
-0.02
-0.006
0.002
0.006
0.009
0.01
0.011
0.012
0.012
0.012
0.012
0.012
0.012
0.011
0.01
0.008
0.006
0.004
0.002
0.0
-0.002
-0.003
-0.004
-0.004
-0.004
-0.004
-0.005
-0.005
-0.005
-0.005
-0.005
-0.005
-0.005
-0.006
-0.007
-0.007
-0.007
-0.006
-0.006
-0.006
-0.005
-0.005
-0.003
-0.002
-0.001
0.0
0.0
0.001
0.003
0.005
0.008
0.011
0.014
0.017
0.02
0.023
0.026
0.028
0.029
0.031
0.032
0.034
0.037
0.04
0.043
0.046
0.049
0.052
0.055
0.058
0.061
0.063
0.064
0.066
0.067
0.068
0.069
0.071
0.072
0.073
0.075
0.077
0.079
0.082
0.084
0.086
0.088
0.09
0.092
0.094
0.097
0.098
0.1
0.101
0.103
0.105
0.106
0.107
0.108
0.109
0.109
0.11
0.112
0.113
0.115
0.116
0.118
0.12
0.122
0.123
0.124
0.123
0.122
0.121
0.119
0.116
0.112
0.109
0.104
0.1
0.097
0.094
0.091
0.087
0.083
0.079
0.075
0.071
0.068
0.064
0.06
0.056
0.053
0.05
0.048
0.046
0.044
0.043
0.042
0.041
0.041
0.04
0.04
0.039
0.039
0.038
0.038
0.038
0.038
0.038
0.039
0.039
0.04
0.04
0.041
0.041
0.042
0.042
0.044
0.045
0.046
0.047
0.048
0.049
0.05
0.051
0.051
0.051
0.051
0.05
0.049
0.048
0.046
0.045
0.043
0.041
0.039
0.037
0.034
0.03
0.018
0.005
-0.006
-0.018
-0.035
-0.056
-0.076
-0.094
-0.109
-0.122
-0.135
-0.149
-0.165
-0.186
-0.199
-0.207
-0.214
-0.22
-0.226
-0.232
-0.238
-0.244
-0.249
-0.254
-0.258
-0.262
-0.265
-0.267
-0.268
-0.267
-0.267
-0.265
-0.262
-0.258
-0.253
-0.234
-0.185
-0.106
0.006
0.151
0.319
0.492
0.64
0.717
0.719
0.645
0.469
0.247
0.034
-0.128
-0.239
-0.281
-0.297
-0.297
-0.277
-0.248
-0.219
-0.205
-0.196
-0.191
-0.191
-0.197
-0.205
-0.21
-0.215
-0.219
-0.223
-0.224
-0.223
-0.218
-0.211
-0.203
-0.193
-0.178
-0.164
-0.151
-0.137
-0.124
-0.112
-0.099
-0.092
-0.086
-0.082
-0.078
-0.075
-0.072
-0.068
-0.064
-0.06
-0.056
-0.051
-0.045
-0.038
-0.027
-0.016
-0.006
0.002
0.008
0.012
0.016
0.02
0.024
0.028
0.033
0.037
0.04
0.044
0.048
0.054
0.06
0.067
0.073
0.079
0.083
0.088
0.095
0.106
0.122
0.135
0.142
0.147
0.151
0.155
0.157
0.158
0.156
0.153
0.148
