-0.046
-0.038
-0.027
-0.01
0.005
0.01
0.012
0.013
0.014
0.015
0.017
0.02
0.024
0.027
0.03
0.032
0.035
0.038
0.042
0.047
0.05
0.051
0.049
0.046
0.042
0.037
0.033
0.026
0.017
0.007
-0.005
-0.027
-0.055
-0.068
-0.076
-0.083
-0.087
-0.088
-0.085
-0.079
-0.071
-0.064
-0.058
-0.051
-0.045
-0.04
-0.034
-0.03
-0.026
-0.022
-0.018
-0.014
-0.009
-0.005
0.0
0.008
0.017
0.027
0.039
0.053
0.065
0.072
0.078
0.088
0.109
0.122
0.128
0.134
0.139
0.143
0.144
0.144
0.144
0.144
0.145
0.145
0.145
0.143
0.14
0.138
0.137
0.136
0.135
0.132
0.128
0.126
0.125
0.125
0.125
0.124
0.123
0.121
0.118
0.111
0.103
0.097
0.092
0.086
0.082
0.078
0.076
0.074
0.072
0.07
0.068
0.066
0.066
0.065
0.065
0.066
0.066
0.066
0.067
0.066
0.065
0.064
0.062
0.06
0.059
0.058
0.057
0.055
0.053
0.051
0.05
0.049
0.047
0.041
0.033
0.027
0.025
0.029
0.036
0.042
0.047
0.052
0.057
0.063
0.069
0.074
0.079
0.086
0.114
0.185
0.28
0.393
0.508
0.603
0.644
0.604
0.485
0.322
0.169
0.085
0.056
0.061
0.071
0.065
0.016
-0.043
-0.063
-0.05
-0.029
0.0
0.024
0.039
0.053
0.065
0.073
0.081
0.089
0.093
0.093
0.089
0.083
0.076
0.07
0.064
0.058
0.053
0.049
0.046
0.043
0.04
0.036
0.031
0.027
0.025
0.026
0.032
0.041
0.051
0.059
0.069
0.078
0.085
0.089
0.093
0.096
0.1
0.104
0.107
0.109
0.108
0.105
0.101
0.096
0.091
0.082
0.083
0.099
0.124
0.154
0.17
0.179
0.186
0.189
0.189
0.186
0.18
0.172
0.16
0.144
0.132
0.124
0.118
0.11
0.099
0.083
0.056
0.024
0.009
0.002
-0.003
-0.007
-0.008
-0.007
-0.004
0.0
0.004
0.009
0.017
0.021
0.015
0.003
-0.005
-0.013
-0.02
-0.025
-0.029
-0.032
-0.034
-0.036
-0.039
-0.042
-0.044
-0.046
-0.048
-0.048
-0.048
-0.047
-0.045
-0.043
-0.04
-0.036
-0.028
-0.028
-0.038
-0.042
-0.045
-0.047
-0.049
-0.051
-0.053
-0.055
-0.058
-0.06
-0.062
-0.063
-0.063
-0.062
-0.062
-0.06
-0.059
-0.057
-0.055
-0.053
-0.05
-0.048
-0.045
-0.028
0.029
0.111
0.214
0.319
0.389
0.393
0.345
0.222
0.075
-0.048
-0.088
-0.082
-0.016
0.043
0.063
0.054
0.026
-0.006
-0.015
-0.019
-0.024
-0.029
-0.033
-0.039
-0.055
-0.075
-0.088
-0.096
-0.095
-0.08
-0.068
-0.059
-0.053
-0.051
-0.054
-0.061
-0.069
-0.08
-0.096
-0.11
-0.13
-0.142
-0.145
-0.147
-0.149
-0.149
-0.145
-0.136
-0.123
-0.101
-0.079
-0.06
-0.053
-0.049
-0.045
-0.042
-0.04
-0.039
-0.037
-0.036
-0.035
-0.033
-0.032
-0.03
-0.029
-0.028
-0.026
-0.023
-0.022
-0.025
-0.031
-0.037
-0.042
-0.049
-0.055
-0.059
-0.059
-0.058
-0.056
-0.054
-0.051
-0.046
-0.049
-0.066
-0.08
-0.092
-0.103
-0.111
-0.118
-0.145
-0.178
-0.188
-0.18
-0.172
-0.165
-0.162
-0.165
-0.171
-0.175
-0.179
-0.181
-0.184
-0.188
-0.192
-0.196
-0.201
-0.206
-0.212
-0.217
-0.221
-0.223
-0.224
-0.225
-0.227
-0.229
-0.22
-0.191
-0.171
-0.166
-0.162
-0.16
-0.158
-0.157
-0.156
-0.153
-0.15
-0.15
-0.157
-0.164
-0.17
-0.176
-0.182
-0.189
-0.196
-0.182
-0.142
-0.082
-0.008
0.074
0.153
0.199
0.198
0.151
0.036
-0.104
-0.225
-0.281
-0.287
-0.261
-0.236
-0.228
-0.239
-0.253
-0.263
-0.263
-0.249
-0.211
-0.182
-0.171
-0.171
-0.178
-0.183
-0.186
-0.189
-0.191
-0.191
-0.19
-0.189
-0.186
-0.183
-0.18
-0.175
-0.165
-0.155
-0.144
-0.134
-0.123
-0.115
-0.107
-0.103
-0.104
-0.107
-0.111
-0.115
-0.105
-0.088
-0.069
-0.057
-0.049
-0.045
-0.042
-0.039
-0.035
-0.046
-0.063
-0.075
-0.083
-0.077
-0.058
-0.046
-0.037
-0.03
-0.022
-0.012
-0.005
0.0
0.003
0.004
0.001
-0.002
-0.006
-0.013
-0.022
-0.046
-0.069
-0.075
-0.079
-0.082
-0.085
-0.086
-0.088
-0.09
-0.091
-0.092
-0.094
-0.095
-0.097
-0.1
-0.106
-0.096
-0.085
-0.076
-0.069
-0.062
-0.056
-0.049
-0.045
-0.042
-0.039
-0.035
-0.033
-0.036
-0.043
-0.054
-0.068
-0.078
-0.085
-0.085
-0.077
-0.071
-0.066
-0.062
-0.06
-0.058
-0.056
-0.054
-0.051
-0.052
-0.057
-0.065
-0.065
-0.046
-0.026
-0.019
-0.016
-0.019
-0.024
-0.028
-0.032
-0.036
-0.038
-0.038
-0.035
-0.031
-0.026
-0.021
-0.013
-0.013
-0.018
-0.021
-0.024
-0.026
-0.026
-0.023
-0.017
-0.008
0.005
0.02
0.038
0.061
0.073
0.076
0.079
0.08
0.077
0.07
0.064
0.057
0.051
0.044
0.022
0.001
-0.005
-0.009
-0.01
-0.007
-0.002
0.003
0.012
