0.297
0.351
0.406
0.459
0.503
0.52
0.504
0.495
0.491
0.489
0.486
0.484
0.482
0.48
0.477
0.474
0.471
0.467
0.465
0.463
0.461
0.459
0.458
0.457
0.456
0.455
0.454
0.452
0.45
0.448
0.446
0.444
0.444
0.443
0.443
0.442
0.442
0.441
0.441
0.44
0.438
0.436
0.434
0.433
0.43
0.428
0.426
0.424
0.422
0.419
0.415
0.409
0.401
0.394
0.387
0.381
0.375
0.37
0.367
0.364
0.362
0.36
0.358
0.356
0.354
0.352
0.35
0.347
0.345
0.343
0.341
0.339
0.337
0.333
0.329
0.324
0.314
0.304
0.294
0.285
0.28
0.276
0.273
0.27
0.268
0.266
0.264
0.261
0.257
0.254
0.25
0.247
0.244
0.241
0.238
0.236
0.233
0.23
0.228
0.225
0.222
0.218
0.215
0.211
0.207
0.203
0.2
0.196
0.193
0.19
0.187
0.184
0.181
0.178
0.175
0.172
0.169
0.165
0.162
0.158
0.155
0.152
0.15
0.147
0.145
0.143
0.14
0.138
0.136
0.134
0.132
0.13
0.127
0.125
0.122
0.12
0.118
0.116
0.114
0.112
0.111
0.109
0.109
0.108
0.107
0.107
0.107
0.107
0.107
0.107
0.106
0.106
0.106
0.107
0.108
0.109
0.11
0.112
0.114
0.116
0.118
0.119
0.119
0.119
0.118
0.118
0.116
0.113
0.11
0.106
0.102
0.098
0.091
0.073
0.052
0.041
0.035
0.03
0.025
0.021
0.017
0.013
0.009
0.005
0.002
0.0
-0.002
-0.004
-0.007
-0.011
-0.02
-0.026
-0.028
-0.029
-0.033
-0.038
-0.036
-0.019
0.006
0.038
0.089
0.146
0.166
0.178
0.172
0.117
0.031
-0.075
-0.203
-0.352
-0.503
-0.643
-0.752
-0.805
-0.823
-0.804
-0.749
-0.667
-0.574
-0.471
-0.358
-0.25
-0.155
-0.075
-0.013
0.033
0.062
0.073
0.075
0.076
0.078
0.079
0.081
0.082
0.083
0.084
0.085
0.086
0.086
0.086
0.084
0.082
0.081
0.08
0.079
0.078
0.078
0.078
0.078
0.079
0.079
0.08
0.08
0.081
0.082
0.083
0.083
0.084
0.085
0.086
0.087
0.088
0.09
0.091
0.092
0.093
0.093
0.094
0.095
0.096
0.097
0.099
0.101
0.103
0.105
0.107
0.109
0.111
0.113
0.115
0.118
0.121
0.126
0.131
0.137
0.143
0.147
0.151
0.154
0.156
0.158
0.159
0.159
0.16
0.161
0.162
0.164
0.166
0.167
0.166
0.163
0.157
0.149
0.142
0.133
0.121
0.109
0.098
0.088
0.076
0.063
0.051
0.039
0.025
0.009
-0.007
-0.016
-0.022
-0.027
-0.031
-0.035
-0.039
-0.043
-0.047
-0.05
-0.054
-0.057
-0.06
-0.062
-0.065
-0.067
-0.069
-0.071
-0.073
-0.074
-0.075
-0.075
-0.075
-0.074
-0.071
-0.068
-0.064
-0.06
-0.056
-0.051
-0.047
-0.044
-0.041
-0.039
-0.036
-0.034
-0.032
-0.03
-0.028
-0.026
-0.024
-0.023
-0.021
-0.02
-0.018
-0.017
-0.015
-0.014
-0.013
-0.013
-0.013
-0.012
-0.012
-0.012
-0.012
-0.012
-0.013
-0.014
-0.014
-0.015
-0.015
-0.017
-0.019
-0.021
-0.023
-0.025
-0.028
-0.031
-0.034
-0.037
-0.04
-0.042
-0.044
-0.045
-0.048
-0.05
-0.053
-0.056
-0.059
-0.063
-0.066
-0.069
-0.072
-0.075
-0.077
-0.079
-0.08
-0.08
-0.081
-0.082
-0.083
-0.084
-0.085
-0.086
-0.087
-0.088
-0.089
-0.09
-0.091
-0.093
-0.094
-0.095
-0.096
-0.097
-0.098
-0.099
-0.1
-0.1
-0.1
-0.101
-0.101
-0.102
-0.103
-0.104
-0.105
-0.106
-0.106
-0.106
-0.105
-0.104
-0.102
-0.1
-0.098
-0.096
-0.093
-0.091
-0.088
-0.086
-0.085
-0.083
-0.082
-0.08
-0.076
-0.072
-0.068
-0.063
-0.059
-0.055
-0.051
-0.047
-0.044
-0.044
-0.043
-0.043
-0.044
-0.044
-0.043
-0.043
-0.043
-0.043
-0.042
-0.041
-0.04
-0.041
-0.043
-0.048
-0.053
-0.057
-0.06
-0.064
-0.067
-0.071
-0.074
-0.076
-0.078
-0.079
-0.08
-0.081
-0.081
-0.08
-0.078
-0.076
-0.073
-0.069
-0.066
-0.061
-0.056
-0.051
-0.042
-0.021
-0.006
0.028
0.079
0.137
0.195
0.216
0.229
0.222
0.16
0.044
-0.116
-0.31
-0.507
-0.679
-0.802
-0.862
-0.883
-0.871
-0.832
-0.747
-0.629
-0.497
-0.357
-0.235
-0.137
-0.059
-0.002
0.028
0.041
0.046
0.05
0.054
0.057
0.06
0.062
0.064
0.066
0.068
0.069
0.07
0.07
0.071
0.071
0.071
0.072
0.072
0.072
0.073
0.073
0.072
0.072
0.072
0.072
0.072
0.073
0.073
0.075
0.076
0.079
0.081
0.084
0.086
0.088
0.091
0.093
0.096
0.098
0.1
0.102
0.104
0.105
0.107
0.109
0.11
0.111
0.113
0.114
0.116
0.118
0.12
0.122
0.123
0.125
0.128
0.131
0.135
0.138
0.143
0.152
0.161
0.169
0.173
0.176
0.177
0.179
0.18
0.182
0.184
0.186
0.186
0.184
0.179
0.172
0.165
0.158
0.15
0.141
0.132
0.124
0.115
0.102
0.083
0.064
0.047
0.033
0.02
0.008
-0.004
-0.016
-0.029
-0.041
-0.046
-0.048
-0.05
-0.052
-0.054
-0.056
-0.057
-0.059
-0.061
-0.063
-0.065
-0.066
-0.067
-0.067
-0.067
-0.067
-0.066
-0.064
-0.063
-0.061
-0.06
-0.06
-0.059
-0.059
-0.058
-0.056
-0.055
-0.054
-0.053
-0.051
-0.048
-0.046
-0.043
-0.041
-0.04
-0.038
-0.036
-0.033
-0.031
-0.029
-0.028
-0.028
-0.028
-0.027
-0.028
-0.029
-0.03
-0.032
-0.035
-0.037
-0.039
-0.041
-0.043
-0.046
-0.049
-0.052
-0.055
-0.057
-0.058
-0.06
-0.061
-0.062
-0.063
-0.063
-0.064
-0.065
-0.065
-0.066
-0.067
-0.068
-0.069
-0.07
-0.072
-0.073
-0.073
-0.074
-0.075
-0.075
-0.076
-0.076
-0.076
-0.076
-0.077
-0.078
-0.079
-0.08
-0.08
-0.081
-0.081
-0.082
-0.083
-0.083
-0.083
-0.084
-0.085
-0.085
-0.086
-0.086
-0.087
-0.087
-0.087
-0.087
-0.088
-0.088
-0.088
-0.088
-0.088
-0.089
-0.089
-0.09
-0.091
-0.091
-0.091
-0.092
-0.092
-0.092
-0.092
-0.091
-0.09
-0.09
-0.09
-0.089
-0.089
-0.088
-0.088
-0.087
-0.086
-0.085
-0.084
-0.082
-0.081
-0.079
-0.078
-0.077
-0.075
-0.073
-0.071
-0.069
-0.067
-0.064
-0.061
-0.058
-0.055
-0.051
-0.047
-0.043
-0.039
-0.035
-0.031
-0.028
-0.024
-0.02
-0.016
-0.013
-0.01
-0.007
-0.004
-0.001
0.001
0.004
0.009
0.014
0.019
0.02
0.017
0.01
0.002
-0.006
-0.013
-0.02
-0.028
-0.035
-0.039
-0.041
-0.043
-0.044
-0.045
-0.047
-0.048
-0.049
-0.05
-0.05
-0.051
-0.051
-0.051
-0.05
-0.048
-0.045
-0.041
-0.036
-0.03
-0.023
0.009
0.059
0.115
0.167
0.188
0.203
0.2
0.155
0.057
-0.081
-0.255
-0.453
-0.642
-0.796
-0.894
-0.927
-0.925
-0.876
-0.797
-0.695
-0.578
-0.445
-0.302
-0.177
-0.079
-0.007
0.037
0.052
0.059
0.063
0.064
0.066
0.066
0.067
0.067
0.067
0.067
0.067
0.066
0.064
0.061
0.059
0.057
0.055
0.053
0.051
0.048
0.046
0.044
0.043
0.042
0.042
0.042
0.043
0.045
0.048
0.051
0.054
0.056
0.058
0.06
0.061
0.062
0.062
0.062
0.063
0.063
0.064
0.066
0.068
0.07
0.073
0.074
0.076
0.078
0.079
0.081
0.083
0.085
0.088
0.092
0.098
0.105
0.114
0.123
0.132
0.141
0.15
0.16
0.168
0.174
0.177
0.178
0.179
0.18
0.182
0.184
0.186
0.188
0.187
0.185
0.182
0.177
0.173
0.169
0.164
0.159
0.153
0.148
0.143
0.138
0.127
0.108
0.088
0.067
0.043
0.019
0.007
0.003
0.0
-0.003
-0.006
-0.008
-0.009
-0.01
-0.012
-0.014
-0.015
-0.016
-0.018
-0.019
-0.019
-0.02
-0.021
-0.022
-0.023
-0.025
-0.028
-0.03
-0.032
-0.032
-0.03
-0.026
-0.02
-0.014
-0.007
0.003
0.011
0.017
0.02
0.022
0.025
0.027
0.029
0.031
0.032
0.033
0.033
0.033
0.032
0.031
0.029
0.027
0.024
0.022
0.019
0.017
0.015
0.013
0.011
0.008
0.005
0.002
-0.001
-0.005
-0.009
-0.014
-0.017
-0.021
-0.023
-0.025
-0.026
-0.027
-0.028
-0.029
-0.029
-0.03
-0.032
-0.034
-0.036
-0.039
-0.041
-0.043
-0.045
-0.048
-0.05
-0.052
-0.053
-0.055
-0.056
-0.058
-0.062
-0.066
-0.07
-0.074
-0.078
-0.081
-0.085
-0.088
-0.091
-0.094
-0.096
-0.097
-0.098
-0.099
-0.101
-0.102
-0.104
-0.105
-0.105
-0.106
-0.107
-0.107
-0.106
-0.106
-0.105
-0.103
-0.102
-0.102
-0.101
-0.1
-0.1
-0.099
-0.098
-0.097
-0.096
-0.095
-0.094
-0.094
-0.095
-0.096
-0.097
-0.098
-0.099
-0.102
-0.104
-0.105
-0.103
-0.097
-0.091
-0.088
-0.086
-0.084
-0.082
-0.08
-0.078
-0.076
-0.074
-0.072
-0.07
-0.067
-0.065
-0.063
-0.062
-0.06
-0.059
-0.057
-0.055
-0.052
-0.049
-0.043
-0.036
-0.033
-0.034
-0.039
-0.045
-0.052
-0.061
-0.065
-0.066
-0.067
-0.068
-0.069
-0.07
-0.071
-0.072
-0.072
-0.073
-0.073
-0.073
-0.072
-0.071
-0.07
-0.067
-0.066
-0.064
-0.062
-0.06
-0.057
-0.053
-0.05
-0.044
-0.024
0.009
0.057
0.111
0.165
0.211
0.226
0.218
0.197
0.112
-0.019
-0.19
-0.375
-0.555
-0.706
-0.805
-0.845
-0.846
-0.815
-0.743
-0.64
-0.517
-0.378
-0.237
-0.123
-0.041
0.013
0.049
0.061
0.068
0.072
0.075
0.082
0.096
0.108
0.116
0.12
0.119
0.113
0.104
0.097
0.091
0.086
0.082
0.083
0.085
0.09
0.094
0.1
0.108
0.113
0.115
0.117
0.119
0.121
0.124
0.125
0.125
0.123
0.12
0.118
0.116
0.114
0.111
0.109
0.108
0.108
0.11
0.114
0.119
0.13
0.146
0.155
0.16
0.165
0.167
0.165
0.159
0.153
0.147
0.141
0.136
0.135
0.137
0.142
0.15
0.162
0.184
0.195
0.2
0.204
0.207
0.21
0.212
0.213
0.215
0.215
0.215
0.215
0.214
0.213
0.211
0.209
0.206
0.203
0.198
0.187
0.178
0.166
0.151
0.135
0.119
0.105
0.094
0.082
0.066
0.046
0.025
0.002
-0.014
-0.026
-0.032
-0.036
-0.037
-0.038
-0.039
-0.039
-0.04
-0.04
-0.041
-0.043
-0.044
-0.045
-0.046
-0.046
-0.047
-0.046
-0.046
-0.045
-0.044
-0.042
-0.041
-0.04
-0.039
-0.038
-0.038
-0.037
-0.036
-0.035
-0.035
-0.034
-0.033
-0.031
-0.028
-0.026
-0.023
-0.021
-0.02
-0.019
-0.019
-0.019
-0.02
-0.022
-0.024
-0.026
-0.028
-0.03
-0.032
-0.034
-0.036
-0.038
-0.041
-0.044
-0.047
-0.051
-0.054
-0.057
-0.06
-0.062
-0.065
-0.068
-0.074
-0.085
-0.095
-0.1
-0.102
-0.103
-0.105
-0.107
-0.109
-0.11
-0.112
-0.115
-0.117
-0.12
-0.123
-0.125
-0.127
-0.128
-0.129
-0.131
-0.133
-0.135
-0.137
-0.139
-0.141
-0.143
-0.144
-0.146
-0.148
-0.149
-0.149
-0.15
-0.151
-0.152
-0.153
-0.154
-0.155
-0.156
-0.156
-0.157
-0.158
-0.158
-0.159
-0.158
-0.157
-0.156
-0.154
-0.153
-0.152
-0.151
-0.149
-0.148
-0.147
-0.146
-0.145
-0.144
-0.143
-0.141
-0.139
-0.138
-0.137
-0.136
-0.135
-0.133
-0.131
-0.13
-0.129
-0.128
-0.127
-0.126
-0.125
-0.124
-0.123
-0.123
-0.121
-0.119
-0.116
-0.113
-0.109
-0.101
-0.084
-0.074
-0.065
-0.057
-0.049
-0.04
-0.033
-0.024
-0.02
-0.023
-0.03
-0.037
-0.043
-0.049
-0.055
-0.06
-0.065
-0.071
-0.075
-0.075
-0.07
-0.065
-0.061
-0.059
-0.056
-0.054
-0.053
-0.051
-0.05
-0.048
-0.048
-0.048
-0.048
-0.049
-0.05
-0.051
-0.052
-0.053
-0.058
-0.058
-0.036
0.012
0.075
0.14
0.202
0.248
0.263
0.247
0.202
0.087
-0.082
-0.282
-0.483
-0.658
-0.784
-0.863
-0.88
-0.874
-0.823
-0.734
-0.622
-0.489
-0.349
-0.219
-0.114
-0.034
0.025
0.072
0.093
0.1
0.103
0.105
0.108
0.11
0.112
0.114
0.117
0.119
0.122
0.125
0.129
0.137
0.151
0.152
0.154
0.155
0.156
0.152
0.145
0.142
0.14
0.138
0.136
0.134
0.132
0.131
0.129
0.129
0.129
0.13
0.131
0.133
0.135
0.137
0.14
0.142
0.145
0.147
0.148
0.15
0.151
0.152
0.153
0.155
0.157
0.159
0.16
0.161
0.163
0.166
0.168
0.171
0.174
0.178
0.183
0.189
0.194
0.199
0.203
0.205
0.207
0.209
0.211
0.213
0.214
0.215
0.216
0.216
0.215
0.214
0.213
0.21
0.207
0.202
0.197
0.192
0.183
0.166
0.151
0.138
0.127
0.117
0.108
0.093
0.072
0.058
0.048
0.038
0.029
0.017
0.004
-0.008
-0.019
-0.028
-0.039
-0.052
-0.06
-0.066
-0.072
-0.076
-0.079
-0.08
-0.08
-0.08
-0.079
-0.079
-0.078
-0.078
-0.078
-0.078
-0.078
-0.078
-0.078
-0.078
-0.077
-0.077
-0.076
-0.074
-0.072
-0.069
-0.067
-0.064
-0.062
-0.06
-0.058
-0.056
-0.054
-0.053
-0.052
-0.05
-0.049
-0.048
-0.047
-0.047
-0.047
-0.048
-0.049
-0.051
-0.052
-0.053
-0.055
-0.055
-0.056
-0.057
-0.058
-0.06
-0.063
-0.066
-0.069
-0.069
-0.068
-0.066
-0.064
-0.062
-0.06
-0.057
-0.056
-0.055
-0.056
-0.06
-0.065
-0.069
-0.071
-0.072
-0.074
-0.075
-0.076
-0.078
-0.079
-0.08
-0.081
-0.082
-0.083
-0.084
-0.085
-0.085
-0.086
-0.086
-0.086
-0.086
-0.086
-0.086
-0.086
-0.086
-0.086
-0.086
-0.086
-0.087
-0.087
-0.086
-0.085
-0.084
-0.083
-0.083
-0.082
-0.081
-0.08
-0.079
-0.078
-0.077
-0.075
-0.074
-0.073
-0.071
-0.069
-0.067
-0.066
-0.064
-0.062
-0.06
-0.058
-0.057
-0.056
-0.054
-0.054
-0.053
-0.052
-0.05
-0.049
-0.048
-0.047
-0.046
-0.045
-0.043
-0.042
-0.041
-0.039
-0.037
-0.036
-0.034
-0.032
-0.031
-0.029
-0.026
-0.023
-0.02
-0.016
-0.01
0.0
0.009
0.018
0.026
0.035
0.042
0.046
0.05
0.053
0.055
0.056
0.053
0.045
0.036
0.025
0.012
0.005
0.001
-0.001
-0.003
-0.004
-0.006
-0.007
-0.007
-0.007
-0.007
-0.008
-0.008
-0.008
-0.009
-0.009
-0.008
-0.007
-0.006
-0.004
-0.002
0.0
0.002
0.005
0.008
0.011
0.015
0.025
0.052
0.101
0.151
0.202
0.231
0.24
0.224
0.174
0.073
-0.074
-0.252
-0.437
-0.608
-0.737
-0.816
-0.842
-0.83
-0.793
-0.698
-0.572
-0.43
-0.294
-0.177
-0.089
-0.025
0.026
0.065
0.078
0.085
0.087
0.087
0.088
0.088
0.089
0.09
0.091
0.091
0.091
0.091
0.09
0.09
0.089
0.089
0.089
0.088
0.087
0.086
0.086
0.085
0.084
0.084
0.084
0.083
0.083
0.082
0.081
0.079
0.078
0.077
0.077
0.076
0.075
0.074
0.073
0.073
0.074
0.075
0.076
0.078
0.081
0.085
0.09
0.095
0.098
0.101
0.104
0.107
0.11
0.114
0.118
0.121
0.124
0.127
0.131
0.135
0.139
0.142
0.144
0.146
0.149
0.153
0.157
0.161
0.164
0.166
0.167
0.169
0.169
0.168
0.168
0.166
0.163
0.159
0.155
0.151
0.145
0.134
0.123
0.114
0.099
0.078
0.058
0.035
0.018
0.007
-0.004
-0.017
-0.028
-0.038
-0.046
-0.053
-0.058
-0.062
-0.064
-0.067
-0.069
-0.072
-0.074
-0.076
-0.078
-0.079
-0.08
-0.08
-0.08
-0.078
-0.076
-0.074
-0.072
-0.07
-0.067
-0.065
-0.063
-0.061
-0.059
-0.058
-0.057
-0.055
-0.053
-0.051
-0.049
-0.047
-0.044
-0.042
-0.04
-0.038
-0.036
-0.035
-0.034
-0.033
-0.032
-0.032
-0.031
-0.029
-0.028
-0.027
-0.027
-0.026
-0.025
-0.024
-0.023
-0.022
-0.022
-0.022
-0.023
-0.024
-0.025
-0.026
-0.027
-0.029
-0.031
-0.033
-0.035
-0.037
-0.039
-0.04
-0.042
-0.043
-0.045
-0.047
-0.048
-0.049
-0.05
-0.052
-0.053
-0.054
-0.055
-0.056
-0.057
-0.057
-0.058
-0.059
-0.06
-0.061
-0.062
-0.063
-0.065
-0.066
-0.067
-0.068
-0.069
-0.069
-0.07
-0.07
-0.07
-0.071
-0.071
-0.072
-0.074
-0.075
-0.077
-0.079
-0.08
-0.082
-0.083
-0.084
-0.083
-0.083
-0.083
-0.082
-0.082
-0.082
-0.082
-0.083
-0.083
-0.084
-0.086
-0.087
-0.088
-0.089
-0.09
-0.089
-0.089
-0.087
-0.086
-0.085
-0.083
-0.082
-0.081
-0.08
-0.08
-0.08
-0.08
-0.081
-0.08
-0.079
-0.077
-0.075
-0.072
-0.069
-0.066
-0.062
-0.058
-0.053
-0.049
-0.045
-0.041
-0.038
-0.033
-0.028
-0.023
-0.019
-0.016
-0.012
-0.009
-0.007
-0.004
-0.003
-0.001
0.0
0.002
0.005
0.006
0.006
0.003
-0.002
-0.01
-0.017
-0.025
-0.035
-0.044
-0.045
-0.046
-0.046
-0.046
-0.047
-0.047
-0.047
-0.048
-0.048
-0.048
-0.047
-0.046
-0.043
-0.039
-0.034
-0.027
-0.015
0.006
0.039
0.082
0.134
0.185
0.222
0.234
0.221
0.184
0.09
-0.045
-0.212
-0.399
-0.583
-0.734
-0.838
-0.877
-0.877
-0.836
-0.757
-0.651
-0.53
-0.407
-0.286
-0.179
-0.087
-0.015
0.034
0.07
0.08
0.087
0.091
0.094
0.097
0.098
0.1
0.101
0.102
0.104
0.105
0.106
0.106
0.106
0.105
0.105
0.105
0.104
0.104
0.102
0.101
0.099
0.098
0.096
0.093
0.09
0.088
0.088
0.091
0.095
0.099
0.101
0.102
0.104
0.106
0.108
0.11
0.112
0.113
0.114
0.114
0.113
0.113
0.112
0.112
0.111
0.111
0.111
0.112
0.113
0.114
0.116
0.118
0.119
0.121
0.123
0.124
0.126
0.129
0.131
0.135
0.14
0.153
0.165
0.174
0.181
0.187
0.193
0.199
0.203
0.205
0.205
0.204
0.201
0.198
0.194
0.187
0.175
0.156
0.136
0.118
0.1
0.087
0.077
0.065
0.053
0.042
0.033
0.025
0.017
0.008
-0.002
-0.017
-0.032
-0.042
-0.045
-0.046
-0.046
-0.047
-0.048
-0.048
-0.049
-0.05
-0.05
-0.05
-0.05
-0.049
-0.048
-0.047
-0.046
-0.045
-0.044
-0.043
-0.042
-0.041
-0.041
-0.041
-0.04
-0.039
-0.037
-0.035
-0.032
-0.029
-0.027
-0.024
-0.021
-0.017
-0.012
-0.003
0.002
0.003
0.004
0.005
0.006
0.008
0.009
0.01
0.011
0.012
0.012
0.013
0.013
0.012
0.012
0.011
0.01
0.009
0.008
0.007
0.005
0.004
0.002
0.0
-0.001
-0.004
-0.007
-0.011
-0.022
-0.034
-0.04
-0.042
-0.044
-0.046
-0.048
-0.049
-0.05
-0.051
-0.053
-0.054
-0.055
-0.056
-0.056
-0.057
-0.057
-0.058
-0.058
-0.059
-0.059
-0.061
-0.063
-0.066
-0.069
-0.072
-0.074
-0.076
-0.078
-0.08
-0.081
-0.082
-0.083
-0.084
-0.085
-0.087
-0.087
-0.087
-0.086
-0.085
-0.084
-0.082
-0.081
-0.08
-0.078
-0.077
-0.075
-0.075
-0.075
-0.075
-0.076
-0.077
-0.078
-0.079
-0.08
-0.081
-0.082
-0.082
-0.082
-0.082
-0.081
-0.079
-0.077
-0.074
-0.071
-0.07
-0.068
-0.068
-0.067
-0.066
-0.066
-0.066
-0.065
-0.065
-0.064
-0.063
-0.061
-0.06
-0.059
-0.059
-0.057
-0.056
-0.054
-0.052
-0.049
-0.044
-0.032
-0.023
-0.015
-0.007
-0.002
0.0
0.003
0.006
0.007
0.004
-0.003
-0.011
-0.019
-0.028
-0.038
-0.043
-0.046
-0.049
-0.053
-0.056
-0.058
-0.06
-0.062
-0.063
-0.064
-0.064
-0.064
-0.064
-0.063
-0.062
-0.061
-0.06
-0.059
-0.057
-0.055
-0.052
-0.05
-0.043
-0.027
-0.002
0.032
0.084
0.147
0.204
0.236
0.247
0.229
0.174
0.062
-0.093
-0.282
-0.483
-0.667
-0.81
-0.89
-0.907
-0.899
-0.842
-0.743
-0.614
-0.472
-0.328
-0.204
-0.108
-0.038
0.005
0.032
0.047
0.052
0.054
0.056
0.057
0.057
0.058
0.059
0.061
0.063
0.065
0.068
0.07
0.071
0.073
0.074
0.076
0.078
0.08
0.083
0.085
0.087
0.089
0.091
0.092
0.093
0.093
0.093
0.092
0.091
0.09
0.089
