-0.02
-0.019
-0.017
-0.015
-0.014
-0.012
-0.011
-0.009
-0.007
-0.004
-0.001
0.002
0.006
0.01
0.013
0.015
0.016
0.018
0.019
0.021
0.023
0.025
0.027
0.029
0.031
0.034
0.038
0.042
0.045
0.048
0.051
0.055
0.059
0.064
0.069
0.074
0.079
0.085
0.09
0.095
0.099
0.102
0.104
0.107
0.109
0.11
0.111
0.111
0.11
0.109
0.107
0.105
0.102
0.098
0.089
0.081
0.073
0.067
0.061
0.054
0.046
0.036
0.028
0.019
0.01
0.0
-0.007
-0.014
-0.021
-0.027
-0.029
-0.03
-0.031
-0.032
-0.033
-0.034
-0.035
-0.036
-0.037
-0.038
-0.038
-0.039
-0.039
-0.04
-0.04
-0.04
-0.039
-0.039
-0.039
-0.038
-0.038
-0.037
-0.037
-0.036
-0.036
-0.036
-0.035
-0.035
-0.034
-0.034
-0.033
-0.032
-0.032
-0.031
-0.03
-0.03
-0.029
-0.029
-0.028
-0.027
-0.027
-0.026
-0.025
-0.024
-0.024
-0.023
-0.023
-0.022
-0.022
-0.022
-0.021
-0.02
-0.02
-0.019
-0.019
-0.018
-0.017
-0.017
-0.016
-0.016
-0.016
-0.016
-0.016
-0.016
-0.016
-0.015
-0.015
-0.015
-0.015
-0.014
-0.014
-0.014
-0.014
-0.013
-0.013
-0.012
-0.012
-0.011
-0.01
-0.009
-0.008
-0.007
-0.005
-0.004
-0.003
-0.001
0.0
0.0
0.001
0.002
0.002
0.003
0.003
0.004
0.003
0.003
0.003
0.003
0.002
0.002
0.002
0.001
0.001
0.0
0.0
0.0
-0.001
-0.002
-0.002
-0.003
-0.004
-0.004
-0.005
-0.006
-0.006
-0.007
-0.007
-0.007
-0.008
-0.008
-0.008
-0.008
-0.008
-0.008
-0.008
-0.007
-0.007
-0.007
-0.007
-0.007
-0.008
-0.008
-0.009
-0.01
-0.011
-0.012
-0.012
-0.012
-0.012
-0.011
-0.01
-0.01
-0.009
-0.007
-0.005
-0.002
0.008
0.039
0.087
0.156
0.244
0.347
0.456
0.557
0.619
0.622
0.574
0.439
0.253
0.059
-0.098
-0.182
-0.195
-0.176
-0.122
-0.073
-0.045
-0.036
-0.031
-0.027
-0.024
-0.021
-0.019
-0.016
-0.014
-0.012
-0.009
-0.007
-0.004
-0.002
-0.001
0.0
0.002
0.004
0.005
0.007
0.009
0.011
0.013
0.015
0.017
0.019
0.021
0.023
0.026
0.028
0.03
0.033
0.035
0.037
0.04
0.043
0.046
0.049
0.053
0.055
0.058
0.061
0.065
0.07
0.074
0.08
0.085
0.09
0.095
0.099
0.1
0.101
0.101
0.102
0.102
0.103
0.103
0.103
0.103
0.102
0.099
0.096
0.092
0.088
0.081
0.074
0.068
0.06
0.051
0.043
0.035
0.026
0.018
0.011
0.003
-0.005
-0.012
-0.019
-0.025
-0.032
-0.034
-0.036
-0.037
-0.039
-0.04
-0.041
-0.043
-0.043
-0.044
-0.045
-0.045
-0.046
-0.046
-0.046
-0.046
-0.046
-0.046
-0.046
-0.045
-0.045
-0.044
-0.044
-0.043
-0.042
-0.041
-0.04
-0.039
-0.039
-0.038
-0.037
-0.036
-0.035
-0.034
-0.033
-0.032
-0.031
-0.03
-0.029
-0.028
-0.027
-0.027
-0.026
-0.025
-0.024
-0.023
-0.022
-0.022
-0.021
-0.02
-0.019
-0.019
-0.018
-0.018
-0.017
-0.017
-0.017
-0.017
-0.016
-0.016
-0.016
-0.016
-0.016
-0.016
-0.016
-0.016
-0.017
-0.017
-0.017
-0.017
-0.017
-0.017
-0.017
-0.017
-0.017
-0.017
-0.016
-0.016
-0.016
-0.015
-0.014
-0.013
-0.012
-0.011
-0.01
-0.008
-0.007
-0.006
-0.005
-0.004
-0.004
-0.003
-0.002
-0.001
-0.001
0.0
0.0
0.0
0.0
0.0
0.0
-0.001
-0.002
-0.002
-0.003
-0.003
-0.004
-0.005
-0.005
-0.006
-0.006
-0.007
-0.008
-0.009
-0.01
-0.011
-0.012
-0.013
-0.013
-0.014
-0.014
-0.014
-0.015
-0.015
-0.015
-0.015
-0.015
-0.015
-0.015
-0.015
-0.014
-0.014
-0.015
-0.015
-0.016
-0.017
-0.017
-0.017
-0.018
-0.018
-0.019
-0.019
-0.02
-0.021
-0.021
-0.023
-0.027
-0.017
0.011
0.055
0.121
0.21
0.32
0.446
0.576
0.691
0.76
0.763
0.709
0.561
0.364
0.158
-0.01
-0.114
-0.138
-0.135
-0.1
-0.073
-0.065
-0.06
-0.056
-0.052
-0.05
-0.048
-0.046
-0.044
-0.043
-0.041
-0.04
-0.038
-0.037
-0.035
-0.032
-0.03
-0.028
-0.026
-0.024
-0.021
-0.019
-0.017
-0.015
-0.012
-0.01
-0.008
-0.005
-0.003
0.0
0.001
0.003
0.005
0.008
0.011
0.013
0.016
0.019
0.023
0.026
0.03
0.034
0.038
0.042
0.046
0.05
0.054
0.058
0.062
0.066
0.069
0.072
0.075
0.077
0.078
0.08
0.081
0.082
0.083
0.083
0.082
0.081
0.079
0.077
0.074
0.071
0.065
0.056
0.048
0.04
0.032
0.024
0.015
0.007
0.0
-0.006
-0.011
-0.017
-0.024
-0.03
-0.035
-0.039
-0.041
-0.042
-0.043
-0.043
-0.043
-0.044
-0.044
-0.044
-0.044
-0.044
-0.044
-0.044
-0.044
-0.044
-0.043
-0.043
-0.043
-0.043
-0.042
-0.042
-0.042
-0.042
-0.041
-0.041
-0.041
-0.04
-0.039
-0.039
-0.038
-0.038
-0.037
-0.036
-0.035
-0.034
-0.033
-0.032
-0.031
-0.03
-0.029
-0.028
-0.027
-0.026
-0.026
-0.025
-0.024
-0.023
-0.022
-0.022
-0.021
-0.02
-0.019
-0.019
-0.018
-0.018
-0.018
-0.017
-0.017
-0.016
-0.016
-0.015
-0.015
-0.015
-0.014
-0.014
-0.014
-0.014
-0.014
-0.014
-0.015
-0.015
-0.015
-0.015
-0.015
-0.015
-0.015
-0.015
-0.015
-0.015
-0.015
-0.014
-0.014
-0.013
-0.013
-0.012
-0.01
-0.009
-0.007
-0.006
-0.004
-0.003
-0.002
-0.001
0.0
0.0
0.0
0.001
0.001
0.002
0.002
0.002
0.002
0.001
0.001
0.001
0.0
0.0
0.0
0.0
-0.001
-0.001
-0.002
-0.003
-0.003
-0.004
-0.005
-0.005
-0.006
-0.006
-0.006
-0.007
-0.007
-0.007
-0.008
-0.008
-0.008
-0.009
-0.009
-0.009
-0.009
-0.009
-0.009
-0.009
-0.009
-0.009
-0.009
-0.01
-0.011
-0.012
-0.014
-0.014
-0.015
-0.015
-0.015
-0.014
-0.014
-0.013
-0.011
-0.01
-0.008
-0.005
0.005
0.037
0.088
0.16
0.254
0.365
0.484
0.597
0.682
0.714
0.669
0.545
0.362
0.161
-0.016
-0.134
-0.167
-0.165
-0.124
-0.081
-0.052
-0.042
-0.035
-0.032
-0.03
-0.029
-0.028
-0.026
-0.024
-0.022
-0.02
-0.018
-0.015
-0.013
-0.011
-0.009
-0.007
-0.005
-0.003
0.0
0.001
0.003
0.004
0.006
0.008
0.01
0.013
0.015
0.018
0.02
0.022
0.025
0.027
0.03
0.033
0.036
0.04
0.044
0.047
0.051
0.056
0.06
0.063
0.067
0.07
0.074
0.078
0.082
0.087
0.092
0.096
0.098
0.1
0.103
0.104
0.105
0.106
0.106
0.106
0.106
0.105
0.103
0.101
0.098
0.095
0.091
0.081
0.073
0.064
0.055
0.046
0.038
0.029
0.021
0.013
0.006
-0.001
-0.008
-0.015
-0.021
-0.027
-0.029
-0.03
-0.032
-0.033
-0.034
-0.035
-0.036
-0.037
-0.038
-0.038
-0.039
-0.039
-0.039
-0.039
-0.039
-0.039
-0.039
-0.039
-0.039
-0.038
-0.038
-0.037
-0.037
-0.036
-0.035
-0.034
-0.033
-0.033
-0.032
-0.031
-0.031
-0.03
-0.029
-0.028
-0.027
-0.026
-0.025
-0.025
-0.024
-0.023
-0.023
-0.023
-0.022
-0.021
-0.021
-0.02
-0.02
-0.019
-0.019
-0.018
-0.018
-0.018
-0.017
-0.017
-0.017
-0.016
-0.016
-0.016
-0.015
-0.015
-0.015
-0.015
-0.015
-0.015
-0.015
-0.015
-0.015
-0.015
-0.015
-0.015
-0.015
-0.015
-0.014
-0.014
-0.014
-0.013
-0.013
-0.012
-0.012
-0.011
-0.01
-0.009
-0.008
-0.007
-0.006
-0.005
-0.004
-0.003
-0.003
-0.002
-0.001
0.0
0.0
0.001
0.002
0.002
0.002
0.002
0.002
0.002
0.001
0.001
0.001
0.0
0.0
0.0
0.0
0.0
0.0
-0.001
-0.002
-0.003
-0.003
-0.004
-0.005
-0.005
-0.006
-0.006
-0.006
-0.006
-0.007
-0.007
-0.007
-0.008
-0.008
-0.008
-0.008
-0.008
-0.008
-0.008
-0.008
-0.008
-0.008
-0.008
-0.009
-0.01
-0.01
-0.01
-0.01
-0.009
-0.009
-0.008
-0.007
-0.006
-0.005
-0.004
-0.003
0.005
0.037
0.087
0.159
0.253
0.366
0.489
0.609
0.703
0.746
0.714
0.601
0.421
0.213
0.026
-0.101
-0.148
-0.151
-0.119
-0.078
-0.053
-0.045
-0.041
-0.037
-0.034
-0.032
-0.03
-0.028
-0.027
-0.025
-0.024
-0.022
-0.021
-0.019
-0.017
-0.015
-0.013
-0.01
-0.007
-0.004
-0.001
0.001
0.005
0.008
0.011
0.014
0.016
0.019
0.021
0.023
0.025
0.026
0.028
0.029
0.03
0.032
0.034
0.037
0.04
0.043
0.047
0.051
0.054
0.058
0.062
0.066
0.07
0.074
0.078
0.083
0.087
0.089
0.09
0.091
0.092
0.093
0.094
0.095
0.095
0.094
0.093
0.09
0.087
0.084
0.079
0.072
0.065
0.059
0.05
0.041
0.033
0.024
0.016
0.008
0.001
-0.004
-0.01
-0.016
-0.022
-0.027
-0.031
-0.034
-0.037
-0.038
-0.039
-0.04
-0.04
-0.041
-0.042
-0.042
-0.043
-0.043
-0.043
-0.043
-0.043
-0.043
-0.043
-0.043
-0.043
-0.042
-0.042
-0.042
-0.041
-0.041
-0.04
-0.04
-0.039
-0.038
-0.038
-0.037
-0.037
-0.036
-0.035
-0.034
-0.034
-0.033
-0.032
-0.031
-0.03
-0.03
-0.029
-0.029
-0.028
-0.028
-0.027
-0.026
-0.025
-0.025
-0.024
-0.023
-0.022
-0.021
-0.021
-0.02
-0.019
-0.019
-0.018
-0.018
-0.017
-0.016
-0.016
-0.015
-0.015
-0.014
-0.014
-0.014
-0.014
-0.014
-0.014
-0.013
-0.013
-0.013
-0.013
-0.013
-0.013
-0.013
-0.013
-0.013
-0.013
-0.013
-0.012
-0.011
-0.01
-0.009
-0.007
-0.005
-0.004
-0.002
-0.001
0.0
0.0
0.0
0.001
0.002
0.003
0.004
0.004
0.005
0.006
0.006
0.006
0.006
0.005
0.005
0.004
0.003
0.003
0.002
0.001
0.0
0.0
-0.001
-0.002
-0.003
-0.004
-0.006
-0.007
-0.008
-0.009
-0.009
-0.01
-0.011
-0.011
-0.012
-0.012
-0.013
-0.013
-0.013
-0.013
-0.013
-0.013
-0.013
-0.012
-0.012
-0.012
-0.012
-0.012
-0.013
-0.013
-0.013
-0.013
-0.014
-0.014
-0.014
-0.014
-0.014
-0.014
-0.015
-0.017
-0.019
-0.01
0.016
0.059
0.125
0.216
0.328
0.455
0.586
0.7
0.765
0.766
0.706
0.555
0.356
0.154
-0.009
-0.11
-0.133
-0.131
-0.098
-0.071
-0.058
-0.051
-0.049
-0.047
-0.045
-0.044
-0.042
-0.04
-0.038
-0.036
-0.034
-0.032
-0.03
-0.028
-0.025
-0.023
-0.021
-0.019
-0.017
-0.015
-0.013
-0.011
-0.01
-0.008
-0.006
-0.004
-0.001
0.0
0.002
0.005
0.007
0.01
0.012
0.015
0.018
0.021
0.024
0.028
0.032
0.035
0.04
0.044
0.048
0.052
0.056
0.06
0.065
0.069
0.074
0.078
0.081
0.083
0.086
0.087
0.089
0.09
0.09
0.091
0.091
0.09
0.089
0.087
0.085
0.082
0.079
0.074
0.064
0.056
0.048
0.04
0.032
0.023
0.015
0.007
0.0
-0.008
-0.016
-0.024
-0.031
-0.036
-0.041
-0.042
-0.044
-0.045
-0.046
-0.047
-0.047
-0.048
-0.049
-0.049
-0.05
-0.05
-0.05
-0.05
-0.049
-0.049
-0.049
-0.048
-0.048
-0.047
-0.047
-0.046
-0.045
-0.045
-0.044
-0.043
-0.043
-0.042
-0.042
-0.041
-0.041
-0.04
-0.04
-0.039
-0.038
-0.038
-0.037
-0.036
-0.036
-0.035
-0.035
-0.034
-0.033
-0.032
-0.032
-0.031
-0.03
-0.03
-0.029
-0.028
-0.028
-0.027
-0.027
-0.026
-0.026
-0.025
-0.025
-0.024
-0.024
-0.023
-0.023
-0.023
-0.022
-0.022
-0.022
-0.022
-0.022
-0.021
-0.021
-0.021
-0.02
-0.02
-0.02
-0.019
-0.019
-0.018
-0.017
-0.016
-0.015
-0.014
-0.013
-0.011
-0.01
-0.008
-0.006
-0.004
-0.003
-0.001
0.0
0.0
0.0
0.001
0.001
0.002
0.002
0.002
0.002
0.002
0.002
0.001
0.001
0.0
0.0
0.0
-0.001
-0.001
-0.002
-0.002
-0.002
-0.003
-0.004
-0.004
-0.005
-0.006
-0.007
-0.008
-0.009
-0.009
-0.01
-0.01
-0.01
-0.01
-0.011
-0.011
-0.011
-0.011
-0.011
-0.01
-0.01
-0.01
-0.01
-0.01
-0.01
-0.01
-0.011
-0.011
-0.011
-0.011
-0.012
-0.012
-0.012
-0.013
-0.014
-0.015
-0.017
-0.021
-0.012
0.01
0.051
0.113
0.196
0.3
0.416
0.534
0.638
0.696
0.697
0.644
0.509
0.328
0.139
-0.017
-0.114
-0.135
-0.132
-0.096
-0.066
-0.058
-0.052
-0.048
-0.045
-0.042
-0.04
-0.037
-0.035
-0.032
-0.029
-0.027
-0.024
-0.022
-0.02
-0.018
-0.016
-0.014
-0.013
-0.011
-0.009
-0.007
-0.006
-0.004
-0.002
0.0
0.002
0.005
0.007
0.009
0.012
0.015
0.017
0.02
0.023
0.025
0.028
0.031
0.034
0.037
0.041
0.045
0.049
0.053
0.056
0.06
0.064
0.068
0.072
0.076
0.079
0.083
0.085
0.087
0.088
0.09
0.091
0.092
0.093
0.093
0.093
0.092
0.091
0.089
0.087
0.084
0.08
0.075
0.065
0.057
0.048
0.04
0.032
0.023
0.014
0.006
0.0
-0.006
-0.012
-0.019
-0.025
-0.031
-0.035
-0.038
-0.039
-0.04
-0.041
-0.042
-0.043
-0.043
-0.044
-0.044
-0.045
-0.045
-0.045
-0.045
-0.045
-0.045
-0.044
-0.044
-0.044
-0.044
-0.043
-0.043
-0.042
-0.042
-0.041
-0.041
-0.04
-0.039
-0.038
-0.038
-0.037
-0.036
-0.035
-0.035
-0.034
-0.033
-0.032
-0.031
-0.031
-0.03
-0.029
-0.029
-0.029
-0.028
-0.028
-0.027
-0.027
-0.026
-0.026
-0.025
-0.024
-0.024
-0.023
-0.023
-0.022
-0.022
-0.022
-0.021
-0.021
-0.02
-0.02
-0.02
-0.019
-0.019
-0.019
-0.019
-0.019
-0.019
-0.018
-0.018
-0.018
-0.017
-0.017
-0.016
-0.015
-0.014
-0.013
-0.012
-0.011
-0.01
-0.009
-0.008
-0.007
-0.006
-0.004
-0.003
-0.002
-0.001
0.0
0.0
0.001
0.002
0.003
0.003
0.003
0.003
0.003
0.003
0.003
0.002
0.002
0.001
0.0
0.0
-0.001
-0.001
-0.002
-0.003
-0.004
-0.004
-0.005
-0.006
-0.007
-0.007
-0.008
-0.009
-0.009
-0.01
-0.01
-0.011
-0.011
-0.011
-0.011
-0.011
-0.012
-0.012
-0.013
-0.013
-0.014
-0.015
-0.016
-0.017
-0.018
-0.018
-0.018
-0.018
-0.017
-0.017
-0.017
-0.016
-0.015
-0.015
-0.013
-0.011
-0.004
0.027
0.078
0.15
0.243
0.349
0.459
0.556
0.609
0.609
0.551
0.409
0.224
0.035
-0.114
-0.186
-0.195
-0.168
-0.11
-0.063
-0.041
-0.035
-0.032
-0.029
-0.026
-0.023
-0.02
-0.017
-0.015
-0.013
-0.011
-0.009
-0.008
-0.006
-0.004
-0.002
0.0
0.002
0.004
0.006
0.008
0.01
0.012
0.015
0.017
0.019
0.021
0.023
0.025
0.027
0.029
0.031
0.034
0.037
0.04
0.042
0.045
0.048
0.052
0.056
0.061
0.066
0.071
0.076
0.082
0.087
0.091
0.094
0.097
0.099
0.1
0.102
0.103
0.104
0.104
0.105
0.105
0.104
0.103
0.101
0.099
0.096
0.093
0.089
0.079
0.071
0.064
0.058
0.052
0.045
0.038
0.028
0.019
0.011
0.005
-0.001
-0.008
-0.013
-0.018
-0.023
-0.026
-0.029
-0.032
-0.033
-0.034
-0.035
-0.036
-0.037
-0.038
-0.038
-0.039
-0.039
-0.04
-0.04
-0.04
-0.04
-0.04
-0.04
-0.039
-0.039
-0.038
-0.038
-0.038
-0.038
-0.037
-0.037
-0.036
-0.035
-0.035
-0.034
-0.033
-0.033
-0.032
-0.031
-0.031
-0.03
-0.03
-0.029
-0.028
-0.027
-0.026
-0.026
-0.025
-0.024
-0.023
-0.023
-0.022
-0.022
-0.021
-0.021
-0.021
-0.02
-0.019
-0.019
-0.019
-0.018
-0.018
-0.018
-0.019
-0.019
-0.019
-0.02
-0.02
-0.02
-0.02
-0.02
-0.019
-0.019
-0.019
-0.018
-0.018
-0.017
-0.017
-0.016
-0.016
-0.015
-0.014
-0.013
-0.012
-0.011
-0.01
-0.009
-0.008
-0.007
-0.007
-0.006
-0.005
-0.004
-0.004
-0.003
-0.003
-0.003
-0.004
-0.005
-0.006
-0.007
-0.008
-0.01
-0.011
-0.012
-0.013
-0.014
-0.015
-0.016
-0.016
-0.017
-0.018
-0.019
-0.019
-0.02
-0.02
-0.02
-0.02
-0.02
-0.02
-0.019
-0.019
-0.019
-0.019
-0.019
-0.019
-0.019
-0.019
-0.02
-0.02
-0.021
-0.021
-0.02
-0.02
-0.02
-0.019
-0.019
-0.018
-0.018
-0.017
-0.016
-0.014
-0.005
0.025
0.074
0.145
0.238
0.348
0.464
0.572
0.642
0.649
0.609
0.475
0.286
0.085
-0.08
-0.178
-0.203
-0.173
-0.118
-0.071
-0.05
-0.045
-0.041
-0.039
-0.037
-0.034
-0.032
-0.03
-0.028
-0.025
-0.023
-0.022
-0.02
-0.018
-0.015
-0.013
-0.011
-0.008
-0.006
-0.003
0.0
0.003
0.006
0.009
0.011
0.014
0.016
0.019
0.021
0.023
0.025
0.027
0.03
0.032
0.035
0.038
0.04
0.043
0.046
0.049
0.052
0.056
0.059
0.063
0.068
0.074
0.079
0.085
0.088
0.091
0.094
0.096
0.097
0.099
0.1
0.1
0.1
0.099
0.098
0.097
0.095
0.093
0.09
0.086
0.077
0.069
0.062
0.056
0.049
0.042
0.034
0.025
0.016
0.008
0.0
-0.01
-0.017
-0.023
-0.027
-0.03
-0.033
-0.035
-0.036
-0.036
-0.037
-0.038
-0.038
-0.039
-0.04
-0.04
-0.04
-0.041
-0.041
-0.041
-0.041
-0.041
-0.041
-0.041
-0.041
-0.041
-0.04
-0.04
-0.04
-0.04
-0.04
-0.039
-0.039
-0.038
-0.037
-0.036
-0.035
-0.034
-0.033
-0.032
-0.031
-0.031
-0.03
-0.029
-0.028
-0.027
-0.026
-0.025
-0.024
-0.023
-0.022
-0.021
-0.02
-0.02
-0.019
-0.019
-0.018
-0.017
-0.016
-0.016
-0.015
-0.015
-0.014
-0.014
-0.014
-0.014
-0.014
-0.014
-0.014
-0.013
-0.013
-0.012
-0.012
-0.011
-0.01
-0.009
-0.008
-0.008
-0.007
-0.006
-0.006
-0.005
-0.004
-0.003
-0.003
-0.002
-0.001
0.0
0.0
0.001
0.001
0.002
0.002
0.002
0.002
0.002
0.001
0.001
0.0
0.0
0.0
-0.001
-0.002
-0.002
-0.003
-0.004
-0.004
-0.005
-0.006
-0.006
-0.007
-0.008
-0.009
-0.01
-0.011
-0.012
-0.012
-0.012
-0.012
-0.012
-0.012
-0.012
-0.012
-0.012
-0.013
-0.013
-0.014
-0.016
-0.017
-0.018
-0.019
-0.018
-0.018
-0.017
-0.017
-0.016
-0.015
-0.014
-0.013
-0.012
-0.01
-0.001
0.033
0.089
0.168
0.27
0.391
0.521
0.645
0.738
0.776
0.738
0.617
0.431
0.221
0.034
-0.094
-0.14
-0.143
-0.111
-0.074
-0.058
-0.054
-0.052
-0.05
-0.049
-0.047
-0.046
-0.044
-0.043
-0.041
-0.04
-0.039
-0.039
-0.037
-0.036
-0.033
-0.031
-0.028
-0.024
-0.021
-0.017
-0.013
-0.01
-0.007
-0.004
-0.002
0.0
0.002
0.005
0.007
0.009
0.011
0.013
0.016
0.019
0.023
0.026
0.03
0.033
0.037
0.04
0.044
0.048
0.051
0.055
0.06
0.064
0.069
0.074
0.079
0.083
0.085
0.088
0.09
0.091
0.092
0.093
0.093
0.093
0.092
0.091
0.09
0.088
0.086
0.083
0.078
0.069
0.061
0.053
0.045
0.037
0.03
0.022
0.013
0.005
-0.003
-0.012
-0.019
-0.025
-0.03
-0.034
-0.036
-0.038
-0.039
-0.04
-0.041
-0.041
-0.042
-0.043
-0.043
-0.043
-0.044
-0.044
-0.044
-0.044
-0.044
-0.043
-0.043
-0.042
-0.042
-0.041
-0.041
-0.04
-0.039
-0.038
-0.038
-0.037
-0.036
-0.036
-0.035
-0.034
-0.033
-0.033
-0.032
-0.031
-0.03
-0.03
-0.029
-0.029
-0.029
-0.028
-0.028
-0.027
-0.027
-0.026
-0.026
-0.025
-0.025
-0.024
-0.024
-0.024
-0.023
-0.023
-0.022
-0.022
-0.021
-0.021
-0.021
-0.02
-0.02
-0.02
-0.019
-0.019
-0.018
-0.018
-0.017
-0.016
-0.016
-0.015
-0.014
-0.012
-0.011
-0.01
-0.01
-0.009
-0.008
-0.007
-0.005
-0.004
-0.003
-0.002
0.0
0.0
0.001
0.002
0.003
0.004
0.004
0.005
0.005
0.005
0.005
0.004
0.004
0.003
0.003
0.002
0.001
0.0
0.0
0.0
-0.001
-0.002
-0.003
-0.004
-0.005
-0.006
-0.007
-0.008
-0.009
-0.009
-0.01
-0.01
-0.011
-0.011
-0.011
-0.011
-0.011
-0.012
-0.012
-0.013
-0.014
-0.015
-0.016
-0.017
-0.018
-0.018
-0.018
-0.017
-0.017
-0.016
-0.014
-0.013
-0.011
-0.009
-0.006
-0.002
0.014
0.059
0.126
0.218
0.33
0.455
0.581
0.688
0.732
0.725
0.64
0.473
0.271
0.08
-0.062
-0.13
-0.139
-0.121
-0.083
-0.06
-0.055
-0.052
-0.049
-0.048
-0.046
-0.044
-0.042
-0.04
-0.039
-0.037
-0.036
-0.035
-0.033
-0.031
-0.028
-0.026
-0.024
-0.022
-0.019
-0.017
-0.014
-0.011
-0.008
-0.005
-0.002
0.0
0.003
0.006
0.009
0.012
0.015
0.017
0.02
0.022
0.025
0.029
0.032
0.036
0.04
0.044
0.048
0.051
0.055
0.06
0.064
0.069
0.074
0.08
0.084
0.087
0.089
0.091
0.092
0.093
0.094
0.095
0.096
0.096
0.095
0.094
0.092
0.09
0.087
0.084
0.079
0.072
0.065
0.059
0.051
0.042
0.034
0.026
0.018
0.01
0.001
-0.006
-0.015
-0.023
-0.03
-0.035
-0.037
-0.039
-0.039
-0.04
-0.041
-0.041
-0.042
-0.042
-0.043
-0.043
-0.044
-0.044
-0.044
-0.044
-0.044
-0.044
-0.044
-0.043
-0.043
-0.043
-0.042
-0.042
-0.042
-0.041
-0.041
-0.041
-0.04
-0.04
-0.039
-0.039
-0.038
-0.038
-0.037
-0.036
-0.036
-0.035
-0.034
-0.033
-0.033
-0.032
-0.031
-0.03
-0.03
-0.029
-0.028
-0.027
-0.026
-0.026
-0.025
-0.025
-0.024
-0.024
-0.023
-0.022
-0.022
-0.021
-0.02
-0.019
-0.019
-0.018
-0.018
-0.018
-0.018
-0.017
-0.017
-0.017
-0.016
-0.016
-0.015
-0.014
-0.013
-0.012
-0.012
-0.011
-0.01
-0.009
-0.008
-0.007
-0.006
-0.005
-0.004
-0.003
-0.002
0.0
0.0
0.001
0.002
0.002
0.003
0.004
0.004
0.004
0.004
0.004
0.004
0.003
0.003
0.002
0.001
0.001
0.0
0.0
0.0
-0.001
-0.002
-0.002
-0.003
-0.004
-0.005
-0.006
-0.007
-0.007
-0.008
-0.008
-0.008
-0.008
-0.008
-0.008
-0.008
-0.008
-0.009
-0.009
-0.01
-0.01
-0.011
-0.012
-0.013
-0.014
-0.014
-0.015
-0.015
-0.015
-0.016
-0.017
-0.017
-0.018
-0.02
-0.022
-0.027
-0.026
-0.016
0.012
0.06
0.13
0.223
0.333
0.449
0.559
0.639
0.664
0.617
0.492
0.312
0.117
-0.05
-0.157
-0.178
-0.173
-0.124
-0.079
-0.057
-0.052
-0.048
-0.046
-0.043
-0.04
-0.038
-0.035
-0.032
-0.03
-0.028
-0.026
-0.024
-0.022
-0.02
-0.018
-0.016
-0.014
-0.012
-0.01
-0.008
-0.005
-0.002
0.0
0.003
0.006
0.008
0.011
0.014
0.016
0.019
0.021
0.024
0.026
0.029
0.032
0.035
0.038
0.041
0.044
0.047
0.051
0.055
0.061
0.067
0.074
0.079
0.083
0.087
0.089
0.091
0.093
0.094
0.096
0.097
0.098
0.099
0.1
0.101
0.1
0.098
0.096
0.092
0.088
0.081
0.071
0.064
0.057
0.05
0.042
0.033
0.025
0.017
0.009
0.0
-0.007
-0.015
-0.022
-0.028
-0.035
-0.038
-0.039
-0.04
-0.042
-0.043
-0.044
-0.045
-0.046
-0.047
-0.047
-0.048
-0.049
-0.05
-0.05
-0.05
-0.05
-0.05
-0.05
-0.049
-0.049
-0.049
-0.048
-0.048
-0.048
-0.047
-0.047
-0.046
-0.046
-0.045
-0.044
-0.043
-0.042
-0.041
-0.04
-0.039
-0.038
-0.037
-0.036
-0.035
-0.034
-0.033
-0.032
-0.031
-0.03
-0.029
-0.028
-0.027
-0.027
-0.026
-0.025
-0.024
-0.023
-0.022
-0.022
-0.021
-0.021
-0.02
-0.02
-0.02
-0.019
-0.019
-0.019
-0.018
-0.018
-0.017
-0.017
-0.016
-0.015
-0.015
-0.014
-0.013
-0.012
-0.011
-0.01
-0.009
-0.008
-0.007
-0.006
-0.004
-0.003
-0.002
-0.001
0.0
0.0
0.001
0.001
0.002
0.002
0.002
0.002
0.001
0.001
0.0
0.0
-0.002
-0.003
-0.004
-0.005
-0.006
-0.007
-0.008
-0.009
-0.009
-0.01
-0.011
-0.011
-0.012
-0.013
-0.014
-0.014
-0.015
-0.015
-0.015
-0.015
-0.015
-0.015
-0.015
-0.015
-0.015
-0.015
-0.015
-0.015
-0.015
-0.015
-0.015
-0.016
-0.016
-0.016
-0.016
-0.016
-0.015
-0.015
-0.014
-0.014
-0.013
-0.012
-0.011
-0.009
-0.001
0.029
0.078
0.15
0.242
0.349
0.461
0.564
0.625
0.627
0.575
0.433
0.24
0.041
-0.114
-0.189
-0.198
-0.169
-0.107
-0.059
-0.041
-0.035
-0.033
-0.03
-0.027
-0.025
-0.022
-0.019
-0.016
-0.014
-0.013
-0.011
-0.009
-0.007
-0.005
-0.003
0.0
0.001
0.003
0.006
0.008
0.011
0.014
0.016
0.018
0.02
0.022
0.024
0.027
0.03
0.033
0.037
0.041
0.045
0.048
0.051
0.055
0.058
0.061
0.063
0.067
0.071
0.076
0.082
0.09
0.094
0.097
0.099
0.102
0.103
0.105
0.106
0.107
0.107
0.107
0.107
0.107
0.106
0.105
0.103
0.101
0.099
0.096
0.092
0.083
0.076
0.069
0.062
0.054
0.045
0.036
0.027
0.018
0.01
0.001
-0.005
-0.012
-0.018
-0.024
-0.028
-0.031
-0.034
-0.036
-0.038
-0.039
-0.04
-0.041
-0.042
