-0.066
-0.063
-0.059
-0.054
-0.049
-0.041
-0.025
-0.013
-0.003
0.004
0.009
0.009
0.001
-0.007
-0.01
-0.014
-0.017
-0.02
-0.022
-0.024
-0.027
-0.029
-0.03
-0.031
-0.032
-0.034
-0.035
-0.036
-0.037
-0.037
-0.038
-0.04
-0.044
-0.05
-0.057
-0.09
-0.168
-0.28
-0.423
-0.588
-0.765
-0.922
-0.981
-0.968
-0.843
-0.631
-0.407
-0.221
-0.145
-0.133
-0.123
-0.115
-0.108
-0.101
-0.096
-0.093
-0.09
-0.087
-0.084
-0.084
-0.086
-0.087
-0.088
-0.089
-0.09
-0.092
-0.093
-0.095
-0.097
-0.099
-0.102
-0.104
-0.106
-0.109
-0.112
-0.114
-0.117
-0.12
-0.125
-0.131
-0.137
-0.141
-0.143
-0.143
-0.141
-0.138
-0.134
-0.13
-0.126
-0.12
-0.114
-0.11
-0.108
-0.108
-0.111
-0.115
-0.119
-0.122
-0.125
-0.126
-0.129
-0.132
-0.136
-0.139
-0.141
-0.142
-0.143
-0.143
-0.144
-0.146
-0.148
-0.15
-0.152
-0.154
-0.157
-0.162
-0.168
-0.175
-0.183
-0.19
-0.197
-0.204
-0.208
-0.209
-0.207
-0.203
-0.198
-0.192
-0.179
-0.151
-0.124
-0.105
-0.088
-0.072
-0.056
-0.042
-0.025
0.0
0.021
0.033
0.044
0.056
0.062
0.066
0.07
0.073
0.075
0.078
0.082
0.086
0.089
0.093
0.097
0.101
0.104
0.106
0.109
0.112
0.116
0.12
0.124
0.128
0.132
0.136
0.14
0.144
0.148
0.151
0.153
0.156
0.16
0.164
0.168
0.171
0.173
0.176
0.178
0.18
0.183
0.185
0.187
0.188
0.189
0.193
0.197
0.2
0.2
0.197
0.191
0.183
0.174
0.163
0.148
0.136
0.126
0.114
0.101
0.093
0.09
0.088
0.087
0.086
0.085
0.085
0.084
0.083
0.082
0.08
0.078
0.076
0.073
0.071
0.068
0.066
0.064
0.061
0.058
0.054
0.051
0.047
0.044
0.04
0.037
0.035
0.032
0.031
0.029
0.027
0.025
0.021
0.015
0.01
0.008
0.011
0.015
0.02
0.024
0.028
0.032
0.034
0.033
0.027
0.019
0.011
0.007
0.003
0.0
-0.003
-0.007
-0.009
-0.012
-0.015
-0.019
-0.023
-0.026
-0.027
-0.028
-0.028
-0.028
-0.03
-0.032
-0.033
-0.035
-0.038
-0.045
-0.051
-0.051
-0.046
-0.037
-0.027
-0.013
0.005
0.018
0.028
0.036
0.041
0.042
0.037
0.03
0.024
0.021
0.018
0.015
0.013
0.011
0.009
0.007
0.004
0.001
-0.001
-0.004
-0.006
-0.007
-0.008
-0.01
-0.012
-0.016
-0.021
-0.028
-0.063
-0.12
-0.201
-0.317
-0.468
-0.641
-0.804
-0.923
-0.97
-0.922
-0.78
-0.575
-0.355
-0.16
-0.032
0.003
-0.002
-0.029
-0.045
-0.051
-0.047
-0.039
-0.033
-0.028
-0.023
-0.02
-0.024
-0.032
-0.043
-0.055
-0.07
-0.073
-0.074
-0.075
-0.078
-0.08
-0.08
-0.074
-0.064
-0.05
-0.035
-0.035
-0.035
-0.035
-0.035
-0.034
-0.036
-0.04
-0.047
-0.057
-0.079
-0.106
-0.126
-0.135
-0.141
-0.145
-0.147
-0.148
-0.145
-0.141
-0.134
-0.128
-0.122
-0.113
-0.106
-0.102
-0.105
-0.114
-0.125
-0.132
-0.139
-0.145
-0.151
-0.155
-0.159
-0.163
-0.167
-0.171
-0.174
-0.176
-0.177
-0.179
-0.181
-0.183
-0.185
-0.187
-0.188
-0.188
-0.188
-0.188
-0.187
-0.186
-0.184
-0.181
-0.177
-0.173
-0.165
-0.141
-0.119
-0.106
-0.093
-0.08
-0.061
-0.031
-0.007
0.007
0.018
0.028
0.037
0.048
0.063
0.079
0.092
0.104
0.113
0.12
0.125
0.129
0.133
0.136
0.138
0.137
0.135
0.132
0.129
0.128
0.126
0.125
0.124
0.123
0.122
0.124
0.128
0.135
0.142
0.149
0.155
0.162
0.168
0.174
0.178
0.179
0.177
0.174
0.169
0.165
0.161
0.158
0.155
0.152
0.15
0.148
0.147
0.145
0.143
0.142
0.141
0.14
0.138
0.137
0.136
0.134
0.132
0.131
0.13
0.129
0.129
0.128
0.127
0.127
0.126
0.126
0.124
0.121
0.116
0.112
0.11
0.109
0.11
0.113
0.115
0.117
0.119
0.121
0.124
0.127
0.13
0.131
0.13
0.126
0.122
0.117
0.113
0.109
0.104
0.098
0.093
0.089
0.087
0.084
0.078
0.07
0.082
0.092
0.098
0.103
0.106
0.107
0.105
0.099
0.093
0.086
0.079
0.068
0.061
0.058
0.056
0.055
0.054
0.053
0.052
0.05
0.048
0.047
0.045
0.043
0.04
0.035
0.029
0.016
-0.006
-0.017
-0.023
-0.027
-0.031
-0.033
-0.034
-0.031
-0.027
-0.022
-0.016
-0.01
-0.005
0.001
0.008
0.013
0.018
0.022
0.025
0.028
0.031
0.035
0.037
0.039
0.039
0.039
0.038
0.036
0.033
0.029
0.025
0.021
0.017
0.013
0.009
0.004
0.0
-0.003
-0.008
-0.014
-0.022
-0.057
-0.119
-0.215
-0.346
-0.507
-0.679
-0.832
-0.921
-0.925
-0.854
-0.668
-0.427
-0.198
-0.036
0.036
0.064
0.065
0.052
0.045
0.042
0.04
0.037
0.035
0.034
0.033
0.031
0.029
0.026
0.024
0.022
0.021
0.021
0.02
0.019
0.018
0.016
0.013
0.007
-0.006
-0.021
-0.034
-0.043
-0.052
-0.06
-0.067
-0.073
-0.078
-0.083
-0.088
-0.091
-0.093
-0.095
-0.096
-0.098
-0.099
-0.101
-0.103
-0.105
-0.107
-0.109
-0.11
-0.112
-0.115
-0.119
-0.128
-0.141
-0.146
-0.148
-0.15
-0.151
-0.153
-0.154
-0.157
-0.16
-0.164
-0.169
-0.174
-0.179
-0.187
-0.202
-0.214
-0.224
-0.231
-0.236
-0.241
-0.245
-0.247
-0.249
-0.25
-0.249
-0.246
-0.242
-0.237
-0.232
-0.223
-0.207
-0.186
-0.165
-0.145
-0.128
-0.115
-0.106
-0.096
-0.084
-0.072
-0.06
-0.045
-0.03
-0.015
0.0
0.013
0.028
0.042
0.053
0.064
0.072
0.075
0.076
0.077
0.078
0.081
0.083
0.085
0.087
0.087
0.087
0.087
0.087
0.086
0.084
0.084
0.092
0.094
0.095
0.096
0.097
0.097
0.098
0.1
0.101
0.103
0.104
0.105
0.105
0.104
0.102
0.101
0.1
0.1
0.099
0.1
0.1
0.101
0.102
0.104
0.104
0.104
0.105
0.105
0.106
0.106
0.105
0.105
0.105
0.105
0.108
0.11
0.11
0.102
0.093
0.087
0.081
0.076
0.071
0.067
0.064
0.063
0.063
0.064
0.067
0.069
0.074
0.083
0.082
0.063
0.057
0.054
0.051
0.048
0.045
0.042
0.04
0.037
0.034
0.032
0.03
0.029
0.028
0.027
0.027
0.027
0.027
0.027
0.026
0.024
0.023
0.021
0.019
0.017
0.016
0.016
0.015
0.015
0.015
0.015
0.015
0.014
0.013
0.011
0.009
0.008
0.006
0.004
0.002
0.0
-0.002
-0.003
-0.005
-0.007
-0.01
-0.013
-0.02
-0.033
-0.044
-0.052
-0.058
-0.064
-0.069
-0.071
-0.068
-0.059
-0.047
-0.031
-0.008
0.013
0.03
0.043
0.054
0.062
0.068
0.074
0.081
0.086
0.088
0.084
0.075
0.064
0.048
0.028
0.022
0.019
0.016
0.014
0.013
0.014
0.016
0.02
0.024
0.03
0.039
0.037
0.019
-0.005
-0.039
-0.098
-0.19
-0.322
-0.498
-0.708
-0.909
-1.031
-1.039
-0.96
-0.749
-0.49
-0.249
-0.089
-0.061
-0.054
-0.046
-0.034
-0.02
-0.005
0.011
0.019
0.012
0.0
-0.008
-0.014
-0.02
-0.025
-0.027
-0.028
-0.028
-0.029
-0.03
-0.031
-0.031
-0.031
-0.032
-0.033
-0.035
-0.037
-0.039
-0.042
-0.046
-0.051
-0.056
-0.06
-0.064
-0.067
-0.07
-0.075
-0.081
-0.087
-0.093
-0.098
-0.102
-0.105
-0.108
-0.112
-0.115
-0.117
-0.119
-0.121
-0.124
-0.127
-0.131
-0.138
-0.149
-0.161
-0.168
-0.176
-0.183
-0.19
-0.196
-0.201
-0.207
-0.212
-0.217
-0.222
-0.227
-0.231
-0.236
-0.243
-0.25
-0.256
-0.258
-0.256
-0.25
-0.243
-0.236
-0.231
-0.227
-0.223
-0.218
-0.213
-0.207
-0.202
-0.198
-0.192
-0.185
-0.176
-0.156
-0.12
-0.092
-0.072
-0.053
-0.035
-0.015
0.004
0.015
0.021
0.025
0.03
0.035
0.041
0.049
0.056
0.062
0.069
0.076
0.087
0.098
0.105
0.109
0.114
0.119
0.125
0.131
0.136
0.137
0.136
0.134
0.131
0.129
0.125
0.122
0.122
0.133
0.144
0.149
0.153
0.158
0.162
0.167
0.171
0.176
0.18
0.184
0.186
0.188
0.189
0.189
0.188
0.186
0.183
0.18
0.178
0.176
0.175
0.175
0.174
0.173
0.172
0.171
0.17
0.167
0.163
0.158
0.154
0.153
0.154
0.155
0.156
0.157
0.158
0.159
0.16
0.162
0.163
0.164
0.165
0.166
0.166
0.167
0.167
0.167
0.165
0.163
0.161
0.158
0.155
0.151
0.148
0.144
0.141
0.139
0.137
0.135
0.134
0.133
0.133
0.132
0.131
0.128
0.125
0.122
0.117
0.113
0.11
0.106
0.102
0.099
0.095
0.092
0.089
0.085
0.08
0.073
0.064
0.055
0.047
0.04
0.035
0.031
0.028
0.026
0.024
0.022
0.019
0.016
0.014
0.015
0.019
0.029
0.04
0.049
0.054
0.059
0.063
0.067
0.07
0.074
0.076
0.079
0.082
0.085
0.087
0.088
0.089
0.089
0.089
0.089
0.089
0.088
0.087
0.085
0.084
0.082
0.08
0.077
0.074
0.071
0.067
0.063
0.06
0.056
0.027
-0.025
-0.112
-0.235
-0.399
-0.579
-0.742
-0.83
-0.83
-0.738
-0.538
-0.312
-0.114
0.023
0.065
0.061
0.023
-0.004
-0.015
-0.021
-0.024
-0.027
-0.029
-0.031
-0.033
-0.036
-0.039
-0.042
-0.046
-0.05
-0.057
-0.063
-0.067
-0.067
-0.065
-0.063
-0.06
-0.057
-0.054
-0.051
-0.053
-0.059
-0.064
-0.067
-0.069
-0.071
-0.075
-0.079
-0.084
-0.088
-0.092
-0.097
-0.101
-0.105
-0.109
-0.112
-0.115
-0.118
-0.121
-0.125
-0.13
-0.135
-0.14
-0.146
-0.152
-0.158
-0.165
-0.171
-0.177
-0.181
-0.186
-0.19
-0.196
-0.203
-0.21
-0.216
-0.222
-0.225
-0.226
-0.227
-0.228
-0.228
-0.228
-0.228
-0.228
-0.228
-0.228
-0.228
-0.228
-0.228
-0.226
-0.221
-0.214
-0.207
-0.199
-0.188
-0.177
-0.167
-0.156
-0.141
-0.122
-0.104
-0.082
-0.056
-0.034
-0.009
0.013
0.029
0.047
0.055
0.058
0.061
0.064
0.067
0.069
0.07
0.072
0.073
0.074
0.076
0.077
0.078
0.079
0.079
0.079
0.078
0.078
0.079
0.079
0.08
0.081
0.082
0.083
0.085
0.089
0.092
0.094
0.092
0.086
0.08
0.075
0.07
0.064
0.06
0.059
0.061
0.063
0.066
0.068
0.071
0.073
0.076
0.078
0.079
0.077
0.074
0.069
0.064
0.06
0.055
0.05
0.044
0.038
0.03
0.022
0.015
0.009
0.003
-0.003
-0.008
-0.012
-0.015
-0.017
-0.019
-0.021
-0.023
-0.026
-0.028
-0.03
-0.032
-0.032
-0.032
-0.031
-0.03
-0.029
-0.026
-0.023
-0.019
-0.015
-0.012
-0.009
-0.006
-0.003
0.0
0.003
0.006
0.007
0.005
0.002
-0.001
-0.005
-0.009
-0.012
-0.015
-0.018
-0.021
-0.025
-0.028
-0.032
-0.035
-0.039
-0.043
-0.047
-0.051
-0.053
-0.056
-0.06
-0.065
-0.074
-0.092
-0.1
-0.103
-0.105
-0.107
-0.109
-0.11
-0.111
-0.112
-0.111
-0.109
-0.106
-0.102
-0.099
-0.096
-0.091
-0.086
-0.082
-0.08
-0.079
-0.08
-0.082
-0.084
-0.086
-0.087
-0.088
-0.09
-0.092
-0.094
-0.095
-0.097
-0.097
-0.097
-0.096
-0.095
-0.093
-0.09
-0.089
-0.083
-0.084
-0.113
-0.162
-0.237
-0.345
-0.488
-0.657
-0.83
-0.971
-1.014
-1.0
-0.882
-0.699
-0.502
-0.329
-0.216
-0.187
-0.177
-0.189
-0.204
-0.215
-0.199
-0.152
-0.117
-0.104
-0.105
-0.124
-0.138
-0.15
-0.16
-0.165
-0.164
-0.158
-0.149
-0.14
-0.132
-0.121
-0.112
-0.111
-0.115
-0.121
-0.126
-0.132
-0.137
-0.14
-0.142
-0.147
-0.153
-0.152
-0.136
-0.13
-0.126
-0.123
-0.12
-0.118
-0.117
-0.114
-0.111
-0.108
-0.106
-0.104
-0.102
-0.102
-0.102
-0.102
-0.102
-0.102
-0.103
-0.104
-0.104
-0.104
-0.104
-0.103
-0.102
-0.102
-0.101
-0.101
-0.101
-0.101
-0.103
-0.105
-0.108
-0.111
-0.113
-0.116
-0.12
-0.123
-0.125
-0.127
-0.125
-0.121
-0.115
-0.106
-0.091
-0.064
-0.045
-0.033
-0.023
-0.014
-0.001
0.021
0.047
0.074
0.094
0.106
0.117
0.127
0.139
0.153
0.167
0.181
0.194
0.206
0.222
0.244
0.269
0.29
0.301
0.308
0.312
0.312
0.311
0.309
0.309
0.308
0.308
0.308
0.308
0.309
0.308
0.308
0.308
0.308
0.308
0.309
0.309
0.309
0.309
0.308
0.306
0.304
0.302
0.3
0.298
0.295
0.292
0.287
0.277
0.266
0.253
0.247
0.243
0.24
0.236
0.233
0.23
0.228
0.227
0.225
0.223
0.221
0.219
0.218
0.217
0.217
0.216
0.215
0.213
0.208
0.197
0.19
0.183
0.175
0.174
0.181
0.185
0.189
0.192
0.196
0.197
0.197
0.195
0.192
0.188
0.185
0.182
0.177
0.172
0.168
0.163
0.158
0.154
0.152
0.149
0.147
0.146
0.146
0.146
0.146
0.147
0.147
0.146
0.146
0.146
0.145
0.145
0.144
0.143
0.143
0.142
0.141
0.14
0.138
0.137
0.135
0.133
0.128
0.122
0.116
0.111
0.106
0.101
0.096
0.09
0.084
0.077
0.068
0.06
0.053
0.046
0.039
0.034
0.032
0.031
0.031
0.03
0.029
0.028
0.027
0.026
0.026
0.027
0.028
0.03
0.033
0.038
0.044
0.056
0.078
0.09
0.097
0.101
0.103
0.101
0.094
0.085
0.075
0.061
0.052
0.046
0.04
0.032
0.029
0.031
0.037
0.042
0.047
0.051
0.051
0.045
0.035
0.02
-0.004
-0.052
-0.121
-0.212
-0.333
-0.477
-0.64
-0.799
-0.911
-0.924
-0.879
-0.703
-0.467
-0.254
-0.11
-0.064
-0.052
-0.043
-0.035
-0.026
0.007
0.049
0.063
0.069
0.073
0.061
0.052
0.046
0.042
0.038
0.037
0.035
0.033
0.032
0.029
0.027
0.026
0.025
0.026
0.026
0.025
0.023
0.021
0.019
0.017
0.015
0.013
0.011
0.009
0.008
0.009
0.009
0.01
0.009
0.008
0.007
0.006
0.005
0.004
0.001
-0.001
-0.004
-0.007
-0.01
-0.012
-0.016
-0.021
-0.034
-0.05
-0.058
-0.063
-0.067
-0.071
-0.075
-0.079
-0.084
-0.088
-0.091
-0.093
-0.095
-0.099
-0.105
-0.117
-0.123
-0.127
-0.132
-0.138
-0.138
-0.129
-0.125
-0.123
-0.121
-0.119
-0.117
-0.115
-0.112
-0.109
-0.105
-0.102
-0.098
-0.093
-0.088
-0.08
-0.065
-0.052
-0.041
-0.027
-0.011
0.006
0.023
0.038
0.046
0.05
0.052
0.054
0.055
0.056
0.056
0.055
0.054
0.053
0.05
0.046
0.04
0.034
0.029
0.024
0.021
0.019
0.017
0.015
0.013
0.011
0.01
0.01
0.01
0.009
0.009
0.008
0.008
0.009
0.01
0.011
0.012
0.012
0.012
0.012
0.011
0.01
0.009
0.008
0.007
0.005
0.004
0.002
0.001
0.0
-0.002
-0.003
-0.005
-0.008
-0.012
