0.322
0.388
0.453
0.518
0.569
0.589
0.589
0.576
0.565
0.557
0.548
0.539
0.53
0.522
0.516
0.509
0.502
0.495
0.488
0.481
0.474
0.468
0.462
0.455
0.448
0.44
0.433
0.428
0.424
0.42
0.416
0.413
0.41
0.407
0.405
0.404
0.402
0.402
0.401
0.4
0.398
0.397
0.395
0.393
0.392
0.39
0.389
0.387
0.385
0.383
0.38
0.377
0.373
0.37
0.365
0.36
0.354
0.347
0.34
0.334
0.329
0.325
0.321
0.317
0.314
0.31
0.306
0.303
0.299
0.294
0.288
0.283
0.277
0.273
0.269
0.266
0.264
0.261
0.258
0.255
0.252
0.25
0.246
0.243
0.241
0.239
0.238
0.237
0.235
0.234
0.232
0.23
0.227
0.223
0.218
0.213
0.207
0.2
0.193
0.187
0.183
0.179
0.176
0.174
0.171
0.168
0.165
0.161
0.158
0.154
0.15
0.147
0.144
0.141
0.138
0.135
0.131
0.128
0.124
0.12
0.116
0.112
0.11
0.107
0.105
0.103
0.102
0.101
0.101
0.1
0.1
0.099
0.099
0.098
0.097
0.096
0.095
0.094
0.093
0.092
0.091
0.089
0.087
0.084
0.082
0.079
0.077
0.074
0.071
0.068
0.064
0.061
0.057
0.053
0.049
0.045
0.041
0.037
0.034
0.031
0.028
0.026
0.024
0.022
0.02
0.016
0.01
0.004
0.001
0.003
0.008
0.018
0.047
0.092
0.153
0.223
0.295
0.365
0.43
0.478
0.496
0.496
0.48
0.441
0.362
0.274
0.188
0.111
0.047
-0.003
-0.025
-0.032
-0.036
-0.039
-0.041
-0.042
-0.044
-0.045
-0.046
-0.047
-0.049
-0.049
-0.049
-0.048
-0.047
-0.046
-0.045
-0.044
-0.043
-0.041
-0.039
-0.037
-0.035
-0.033
-0.031
-0.029
-0.027
-0.025
-0.022
-0.018
-0.014
-0.009
-0.004
0.0
0.005
0.009
0.014
0.019
0.024
0.03
0.037
0.045
0.052
0.057
0.063
0.067
0.071
0.074
0.077
0.08
0.083
0.086
0.09
0.094
0.098
0.102
0.107
0.111
0.116
0.121
0.126
0.131
0.135
0.138
0.14
0.142
0.142
0.141
0.14
0.137
0.134
0.131
0.127
0.122
0.117
0.106
0.093
0.078
0.066
0.057
0.049
0.041
0.032
0.024
0.017
0.013
0.009
0.005
0.002
0.0
-0.002
-0.004
-0.006
-0.009
-0.011
-0.014
-0.016
-0.019
-0.021
-0.023
-0.024
-0.025
-0.025
-0.025
-0.025
-0.025
-0.025
-0.025
-0.025
-0.025
-0.025
-0.026
-0.027
-0.027
-0.027
-0.026
-0.026
-0.025
-0.024
-0.023
-0.022
-0.022
-0.021
-0.021
-0.021
-0.022
-0.022
-0.023
-0.023
-0.023
-0.023
-0.023
-0.023
-0.024
-0.024
-0.023
-0.024
-0.024
-0.025
-0.025
-0.026
-0.027
-0.028
-0.029
-0.03
-0.031
-0.031
-0.032
-0.033
-0.033
-0.034
-0.034
-0.034
-0.034
-0.035
-0.035
-0.036
-0.036
-0.036
-0.036
-0.036
-0.036
-0.037
-0.037
-0.037
-0.037
-0.038
-0.038
-0.038
-0.039
-0.039
-0.04
-0.039
-0.039
-0.038
-0.037
-0.036
-0.034
-0.033
-0.031
-0.029
-0.028
-0.027
-0.026
-0.024
-0.023
-0.022
-0.021
-0.02
-0.02
-0.019
-0.019
-0.02
-0.02
-0.021
-0.021
-0.021
-0.022
-0.022
-0.023
-0.023
-0.023
-0.023
-0.023
-0.023
-0.023
-0.024
-0.024
-0.024
-0.024
-0.024
-0.024
-0.023
-0.022
-0.021
-0.02
-0.019
-0.019
-0.018
-0.017
-0.017
-0.018
-0.019
-0.02
-0.021
-0.022
-0.024
-0.024
-0.025
-0.024
-0.023
-0.022
-0.022
-0.021
-0.02
-0.019
-0.017
-0.015
-0.012
-0.01
0.014
0.063
0.124
0.185
0.238
0.292
0.318
0.337
0.348
0.336
0.3
0.248
0.183
0.112
0.047
-0.006
-0.039
-0.059
-0.071
-0.08
-0.084
-0.083
-0.079
-0.073
-0.068
-0.065
-0.062
-0.06
-0.057
-0.054
-0.052
-0.05
-0.049
-0.048
-0.048
-0.049
-0.05
-0.05
-0.051
-0.051
-0.05
-0.05
-0.05
-0.049
-0.048
-0.048
-0.048
-0.048
-0.049
-0.049
-0.05
-0.05
-0.05
-0.05
-0.049
-0.048
-0.046
-0.044
-0.042
-0.04
-0.038
-0.037
-0.035
-0.033
-0.031
-0.028
-0.025
-0.021
-0.016
-0.011
-0.004
0.003
0.013
0.02
0.023
0.024
0.026
0.028
0.029
0.03
0.031
0.032
0.032
0.033
0.033
0.031
0.027
0.022
0.016
0.01
0.004
-0.004
-0.013
-0.022
-0.03
-0.038
-0.044
-0.05
-0.055
-0.06
-0.064
-0.068
-0.072
-0.076
-0.08
-0.083
-0.086
-0.089
-0.091
-0.093
-0.095
-0.096
-0.098
-0.099
-0.1
-0.102
-0.103
-0.103
-0.103
-0.102
-0.102
-0.1
-0.099
-0.098
-0.096
-0.094
-0.092
-0.09
-0.089
-0.087
-0.085
-0.083
-0.081
-0.079
-0.077
-0.076
-0.074
-0.072
-0.07
-0.069
-0.068
-0.068
-0.069
-0.071
-0.073
-0.076
-0.08
-0.083
-0.087
-0.09
-0.092
-0.094
-0.096
-0.098
-0.1
-0.102
-0.104
-0.105
-0.107
-0.109
-0.11
-0.111
-0.111
-0.11
-0.11
-0.109
-0.107
-0.105
-0.103
-0.101
-0.098
-0.095
-0.092
-0.09
-0.088
-0.085
-0.083
-0.081
-0.08
-0.079
-0.078
-0.077
-0.077
-0.076
-0.075
-0.073
-0.073
-0.072
-0.071
-0.071
-0.07
-0.07
-0.07
-0.069
-0.068
-0.067
-0.066
-0.065
-0.064
-0.062
-0.06
-0.059
-0.057
-0.056
-0.054
-0.053
-0.052
-0.051
-0.05
-0.048
-0.046
-0.045
-0.044
-0.043
-0.042
-0.041
-0.04
-0.039
-0.039
-0.038
-0.038
-0.038
-0.037
-0.037
-0.035
-0.033
-0.031
-0.03
-0.028
-0.027
-0.025
-0.023
-0.019
-0.014
-0.008
0.007
0.04
0.092
0.151
0.221
0.297
0.368
0.417
0.433
0.422
0.389
0.312
0.219
0.123
0.038
-0.025
-0.071
-0.086
-0.094
-0.095
-0.091
-0.085
-0.084
-0.083
-0.082
-0.082
-0.082
-0.082
-0.081
-0.08
-0.079
-0.078
-0.077
-0.076
-0.076
-0.076
-0.075
-0.074
-0.073
-0.072
-0.07
-0.069
-0.067
-0.065
-0.062
-0.06
-0.058
-0.055
-0.053
-0.052
-0.051
-0.05
-0.05
-0.049
-0.048
-0.047
-0.045
-0.043
-0.041
-0.039
-0.036
-0.034
-0.032
-0.03
-0.027
-0.023
-0.02
-0.015
-0.009
0.001
0.013
0.024
0.035
0.045
0.054
0.064
0.072
0.077
0.079
0.08
0.08
0.081
0.081
0.082
0.083
0.084
0.084
0.084
0.08
0.074
0.067
0.058
0.048
0.033
0.019
0.007
0.002
0.0
-0.003
-0.004
-0.006
-0.007
-0.007
-0.008
-0.01
-0.01
-0.011
-0.012
-0.012
-0.011
-0.01
-0.009
-0.007
-0.005
-0.003
-0.001
0.0
0.001
0.002
0.003
0.003
0.004
0.004
0.004
0.004
0.004
0.003
0.003
0.003
0.002
0.002
0.002
0.002
0.002
0.001
0.001
0.001
0.001
0.001
0.001
0.002
0.002
0.003
0.004
0.005
0.006
0.008
0.009
0.011
0.013
0.014
0.016
0.018
0.019
0.021
0.023
0.024
0.026
0.027
0.027
0.027
0.027
0.026
0.026
0.025
0.025
0.025
0.025
0.026
0.026
0.027
0.028
0.029
0.031
0.034
0.037
0.041
0.064
0.113
0.179
0.259
0.343
0.421
0.477
0.497
0.486
0.451
0.382
0.3
0.211
0.126
0.056
0.009
0.0
-0.008
-0.014
-0.019
-0.023
-0.026
-0.027
-0.029
-0.029
-0.03
-0.031
-0.031
-0.031
-0.031
-0.031
-0.031
-0.031
-0.031
-0.031
-0.031
-0.031
-0.03
-0.029
-0.029
-0.028
-0.028
-0.028
-0.028
-0.028
-0.028
-0.028
-0.028
-0.028
-0.028
-0.028
-0.027
-0.027
-0.026
-0.026
-0.025
-0.025
-0.024
-0.024
-0.023
-0.022
-0.02
-0.019
-0.017
-0.015
-0.012
-0.009
-0.005
-0.001
0.003
0.015
0.026
0.035
0.043
0.047
0.051
0.054
0.057
0.06
0.062
0.063
0.064
0.065
0.065
0.064
0.063
0.062
0.059
0.056
0.053
0.049
0.045
0.04
0.034
0.023
0.013
0.006
0.0
-0.005
-0.01
-0.014
-0.018
-0.021
-0.023
-0.024
-0.026
-0.027
-0.028
-0.029
-0.029
-0.03
-0.03
-0.031
-0.032
-0.032
-0.032
-0.032
-0.032
-0.031
-0.031
-0.03
-0.028
-0.027
-0.025
-0.023
-0.021
-0.019
-0.017
-0.015
-0.014
-0.012
-0.011
-0.01
-0.009
-0.007
-0.006
-0.006
-0.006
-0.006
-0.006
-0.008
-0.009
-0.011
-0.014
-0.016
-0.017
-0.019
-0.02
-0.021
-0.023
-0.024
-0.025
-0.026
-0.027
-0.027
-0.028
-0.029
-0.029
-0.03
-0.03
-0.03
-0.03
-0.03
-0.03
-0.03
-0.03
-0.029
-0.028
-0.028
-0.027
-0.027
-0.026
-0.025
-0.024
-0.024
-0.023
-0.023
-0.022
-0.021
-0.021
-0.02
-0.019
-0.019
-0.018
-0.017
-0.017
-0.017
-0.017
-0.017
-0.017
-0.017
-0.017
-0.017
-0.016
-0.016
-0.016
-0.015
-0.014
-0.014
-0.013
-0.013
-0.013
-0.013
-0.012
-0.012
-0.012
-0.012
-0.011
-0.011
-0.01
-0.009
-0.007
-0.006
-0.006
-0.007
-0.009
-0.011
-0.013
-0.016
-0.018
-0.02
-0.024
-0.027
-0.03
-0.031
-0.031
-0.028
-0.023
-0.018
-0.012
-0.008
-0.003
0.001
0.006
0.01
0.013
0.015
0.017
0.018
0.019
0.02
0.02
0.021
0.022
0.024
0.025
0.026
0.025
0.021
0.016
0.01
0.005
-0.002
-0.009
-0.01
-0.007
-0.001
0.016
0.048
0.095
0.156
0.231
0.315
0.401
0.477
0.53
0.547
0.538
0.51
0.445
0.367
0.285
0.206
0.139
0.089
0.064
0.051
0.045
0.04
0.034
0.027
0.02
0.011
0.0
-0.015
-0.021
-0.023
-0.024
-0.024
-0.025
-0.025
-0.026
-0.027
-0.028
-0.029
-0.03
-0.031
-0.031
-0.031
-0.031
-0.031
-0.031
-0.03
-0.03
-0.03
-0.03
-0.03
-0.03
-0.03
-0.03
-0.029
-0.028
-0.027
-0.026
-0.024
-0.022
-0.02
-0.018
-0.016
-0.013
-0.01
-0.004
0.002
0.008
0.014
0.021
0.028
0.036
0.044
0.051
0.058
0.065
0.072
0.079
0.087
0.096
0.101
0.106
0.11
0.114
0.116
0.118
0.118
0.117
0.115
0.113
0.11
0.106
0.099
0.088
0.077
0.067
0.059
0.051
0.044
0.032
0.016
0.004
-0.002
-0.006
-0.008
-0.01
-0.01
-0.011
-0.011
-0.012
-0.013
-0.013
-0.013
-0.014
-0.014
-0.014
-0.014
-0.015
-0.015
-0.015
-0.014
-0.014
-0.014
-0.013
-0.013
-0.012
-0.011
-0.011
-0.01
-0.01
-0.009
-0.009
-0.008
-0.008
-0.008
-0.007
-0.007
-0.005
-0.003
-0.002
-0.005
-0.009
-0.014
-0.017
-0.019
-0.021
-0.023
-0.026
-0.028
-0.03
-0.031
-0.033
-0.034
-0.034
-0.035
-0.035
-0.035
-0.036
-0.036
-0.035
-0.034
-0.033
-0.032
-0.03
-0.029
-0.027
-0.025
-0.022
-0.02
-0.018
-0.017
-0.016
-0.014
-0.012
-0.01
-0.008
-0.006
-0.004
-0.003
-0.001
0.001
0.003
0.004
0.005
0.006
0.007
0.007
0.008
0.009
0.01
0.011
0.011
0.012
0.014
0.015
0.016
0.017
0.018
0.019
0.02
0.02
0.02
0.021
0.021
0.021
0.021
0.021
0.021
0.021
0.021
0.021
0.021
0.02
0.019
0.019
0.018
0.017
0.016
0.014
0.013
0.012
0.011
0.01
0.009
0.009
0.008
0.008
0.008
0.007
0.007
0.006
0.005
0.003
0.002
0.001
0.0
-0.002
-0.004
-0.005
-0.005
-0.005
-0.004
-0.004
-0.003
-0.002
-0.001
0.0
0.001
0.003
0.005
0.008
0.023
0.061
0.111
0.176
0.254
0.342
0.427
0.497
0.537
0.543
0.527
0.473
0.398
0.314
0.226
0.146
0.083
0.035
0.005
-0.002
-0.008
-0.015
-0.021
-0.027
-0.039
-0.052
-0.053
-0.054
-0.054
-0.054
-0.054
-0.053
-0.053
-0.054
-0.054
-0.055
-0.055
-0.055
-0.055
-0.055
-0.055
-0.055
-0.055
-0.055
-0.055
-0.055
-0.054
-0.053
-0.052
-0.052
-0.051
-0.05
-0.048
-0.047
-0.046
-0.044
-0.042
-0.039
-0.032
-0.026
-0.021
-0.016
-0.011
-0.003
0.007
0.015
0.021
0.027
0.032
0.037
0.043
0.052
0.062
0.07
0.075
0.08
0.083
0.085
0.086
0.087
0.089
0.09
0.091
0.092
0.092
0.092
0.091
0.089
0.086
0.082
0.078
0.07
0.058
0.048
0.04
0.033
0.025
0.018
0.012
0.008
0.004
0.001
0.0
0.0
-0.001
-0.001
-0.001
-0.001
-0.001
-0.001
0.0
0.0
0.0
0.0
0.0
0.0
0.0
0.0
0.0
0.0
-0.001
-0.001
-0.002
-0.003
-0.004
-0.005
-0.006
-0.008
-0.01
-0.012
-0.017
-0.022
-0.025
-0.027
-0.029
-0.03
-0.031
-0.032
-0.033
-0.034
-0.035
-0.035
-0.035
-0.035
-0.035
-0.034
-0.032
-0.03
-0.028
-0.026
-0.024
-0.022
-0.02
-0.018
-0.016
-0.014
-0.012
-0.009
-0.007
-0.005
-0.003
-0.001
0.0
0.003
0.01
0.023
0.034
0.045
0.05
0.053
0.056
0.057
0.056
0.052
0.048
0.042
0.034
0.024
0.019
0.016
0.014
0.011
0.009
0.007
0.005
0.003
0.002
0.0
-0.001
-0.003
-0.005
-0.009
-0.012
-0.014
-0.013
-0.01
-0.003
0.015
0.046
0.092
0.151
0.224
0.309
0.396
0.477
0.543
0.577
0.579
0.551
0.485
0.401
0.3
0.197
0.113
0.055
0.035
0.028
0.028
0.03
0.034
0.031
0.017
0.004
-0.003
-0.006
-0.008
-0.01
-0.012
-0.014
-0.016
-0.018
-0.02
-0.023
-0.027
-0.033
-0.038
-0.042
-0.044
-0.046
-0.047
-0.049
-0.051
-0.052
-0.053
-0.053
-0.054
-0.054
-0.054
-0.054
-0.053
-0.053
-0.052
-0.051
-0.05
-0.049
-0.047
-0.045
-0.043
-0.04
-0.032
-0.026
-0.02
-0.016
-0.01
-0.003
0.004
0.013
0.021
0.028
0.033
0.04
0.047
0.057
0.067
0.076
0.085
0.094
0.1
0.104
0.107
0.109
0.11
0.11
0.107
0.102
0.096
0.089
0.079
0.072
0.066
0.058
0.05
0.042
0.035
0.031
0.026
0.02
0.014
0.009
0.004
0.0
-0.003
-0.007
-0.011
-0.012
-0.014
-0.015
-0.016
-0.018
-0.019
-0.021
-0.021
-0.022
-0.022
-0.023
-0.023
-0.023
-0.023
-0.022
-0.02
-0.019
-0.019
-0.018
-0.018
-0.017
-0.016
-0.014
-0.013
-0.012
-0.012
-0.011
-0.009
-0.008
-0.006
-0.005
-0.004
-0.003
-0.002
-0.001
-0.001
-0.001
-0.001
-0.002
-0.004
-0.005
-0.006
-0.007
-0.009
-0.011
-0.012
-0.014
-0.016
-0.018
-0.02
-0.023
-0.026
-0.028
-0.03
-0.031
-0.032
-0.032
-0.032
-0.032
-0.031
-0.03
-0.027
-0.024
-0.013
0.012
0.056
0.118
0.198
0.293
0.399
0.501
0.584
0.628
0.629
0.594
0.507
0.399
0.291
0.188
0.096
0.025
-0.015
-0.031
-0.032
-0.028
-0.023
-0.018
-0.018
-0.024
-0.041
-0.066
-0.081
-0.089
-0.093
-0.095
-0.097
-0.099
-0.1
-0.101
-0.102
-0.101
-0.1
-0.099
-0.097
-0.095
-0.092
-0.088
-0.084
-0.076
-0.068
-0.061
-0.056
-0.052
-0.047
-0.043
-0.039
-0.035
-0.031
-0.028
-0.024
-0.02
-0.015
-0.01
-0.006
-0.002
0.0
0.003
0.005
0.007
0.008
0.009
0.01
0.012
0.013
0.015
0.018
0.02
0.023
0.026
0.03
0.034
0.038
0.041
0.043
0.045
0.047
0.05
0.052
0.052
0.048
0.042
0.033
0.018
0.007
0.001
-0.004
-0.01
-0.017
-0.021
-0.024
-0.028
-0.03
-0.032
-0.033
-0.032
-0.03
-0.028
-0.026
-0.024
-0.022
-0.019
-0.016
-0.014
-0.013
-0.013
-0.013
-0.013
-0.012
-0.011
-0.011
-0.01
-0.011
-0.011
-0.012
-0.013
-0.013
-0.014
-0.015
-0.016
-0.017
-0.018
-0.018
-0.017
-0.016
-0.013
-0.01
-0.007
-0.005
-0.003
0.0
0.001
0.004
0.006
0.007
0.008
0.009
0.009
0.01
0.01
0.01
0.009
0.009
0.009
0.009
0.009
0.009
0.009
0.009
0.009
0.009
0.009
0.009
0.008
0.008
0.007
0.007
0.007
0.006
0.006
0.006
0.006
0.007
0.007
0.008
0.008
0.009
0.009
0.01
0.01
0.011
0.011
0.011
0.012
0.014
0.015
0.016
0.014
0.011
0.008
0.007
0.006
0.005
0.004
0.003
0.001
0.0
0.0
-0.001
-0.002
-0.002
-0.003
-0.004
-0.005
-0.005
-0.005
-0.005
-0.006
-0.008
-0.009
-0.01
-0.012
-0.014
-0.016
-0.019
-0.021
-0.023
-0.024
-0.025
-0.026
-0.028
-0.03
-0.031
-0.031
-0.03
-0.029
-0.026
-0.024
-0.022
-0.02
-0.018
-0.016
-0.015
-0.015
-0.016
-0.019
-0.022
-0.026
-0.03
-0.036
-0.043
-0.049
-0.052
-0.054
-0.055
-0.057
-0.058
-0.059
-0.06
-0.061
-0.061
-0.06
-0.059
-0.058
-0.057
-0.055
-0.052
-0.05
-0.048
-0.045
-0.043
-0.041
-0.038
-0.035
-0.033
-0.031
-0.029
-0.027
-0.025
-0.024
-0.022
-0.02
-0.018
-0.016
-0.013
-0.012
-0.012
-0.013
-0.014
-0.016
-0.019
-0.022
-0.027
-0.027
-0.021
-0.003
0.024
0.071
0.136
0.216
0.305
0.396
0.479
0.544
0.575
0.576
0.549
0.49
0.406
0.309
0.205
0.108
0.031
-0.018
-0.035
-0.041
-0.042
-0.042
-0.042
-0.042
-0.041
-0.041
-0.041
-0.041
-0.041
-0.042
-0.042
-0.043
-0.044
-0.046
-0.048
-0.051
-0.053
-0.055
-0.056
-0.058
-0.06
-0.061
-0.062
-0.062
-0.061
-0.059
-0.057
-0.055
-0.052
-0.051
-0.049
-0.046
-0.044
-0.042
-0.04
-0.038
-0.037
-0.036
-0.034
-0.033
-0.031
-0.03
-0.027
-0.022
-0.017
-0.011
-0.005
0.002
0.013
0.025
0.037
0.046
0.056
0.065
0.073
0.08
0.087
0.097
0.105
0.113
0.117
0.119
0.12
0.122
0.123
0.123
0.123
0.121
0.117
0.112
0.108
0.104
0.099
0.095
0.091
0.087
0.079
0.064
0.053
0.046
0.039
0.034
0.03
0.026
0.023
0.021
0.022
0.024
0.027
0.03
0.031
0.033
0.034
0.035
0.037
0.038
0.039
0.04
0.041
0.041
0.041
0.04
0.039
0.037
0.034
0.032
0.03
0.028
0.025
0.024
0.023
0.021
0.02
0.018
0.017
0.015
0.014
0.013
0.011
0.01
0.01
0.009
0.009
0.009
0.009
0.009
0.009
0.009
0.009
0.009
0.009
0.008
0.007
0.007
0.007
0.008
0.011
0.015
0.018
0.021
0.024
0.027
0.029
0.031
0.033
0.034
0.033
0.032
0.03
0.028
0.026
0.023
0.02
0.015
0.007
0.004
0.002
0.001
0.0
0.0
0.0
0.0
-0.001
-0.001
-0.002
-0.002
-0.002
-0.002
-0.002
-0.002
-0.001
0.0
0.001
0.003
0.004
0.006
0.007
0.008
0.009
0.01
0.01
0.011
0.012
0.012
0.012
0.013
0.013
0.013
0.013
0.014
0.014
0.014
0.014
0.014
0.014
0.014
0.014
0.013
0.013
0.012
0.011
0.01
0.01
0.01
0.011
0.011
0.012
0.012
0.013
0.015
0.016
0.019
0.021
0.036
0.072
0.126
0.198
0.283
0.376
0.463
0.53
0.564
0.567
0.541
0.469
0.37
0.257
0.147
0.056
-0.008
-0.04
-0.051
-0.052
-0.05
-0.047
-0.045
-0.055
-0.074
-0.087
-0.092
-0.096
-0.095
-0.085
-0.079
-0.075
-0.072
-0.07
-0.068
-0.065
-0.063
-0.061
-0.059
-0.056
-0.054
-0.051
-0.048
-0.044
-0.041
-0.038
-0.036
-0.033
-0.029
-0.025
-0.02
-0.015
-0.011
-0.006
-0.003
0.0
0.002
0.005
0.008
0.01
0.012
0.013
0.015
0.016
0.017
0.018
0.019
0.021
0.022
0.023
0.025
0.026
0.028
0.03
0.032
0.039
0.054
0.065
0.071
0.075
0.077
0.078
0.079
0.08
0.081
0.082
0.082
0.08
0.077
0.073
0.069
0.063
0.057
0.051
0.046
0.041
0.037
0.032
0.028
0.024
0.02
0.016
0.012
0.007
0.001
-0.006
-0.014
-0.02
-0.024
-0.029
-0.034
-0.038
-0.041
-0.043
-0.045
-0.047
-0.049
-0.05
-0.051
-0.052
-0.052
-0.051
-0.051
-0.05
-0.049
-0.047
-0.045
-0.043
-0.041
-0.038
-0.035
-0.031
-0.027
-0.024
-0.021
-0.019
-0.016
-0.014
-0.012
-0.01
-0.008
-0.007
-0.007
-0.006
-0.006
-0.007
-0.008
-0.009
-0.011
-0.013
-0.015
-0.016
-0.017
-0.018
-0.019
-0.02
-0.021
-0.022
-0.023
-0.024
-0.024
-0.025
-0.026
-0.027
-0.027
-0.028
-0.028
-0.028
-0.028
-0.027
-0.026
-0.025
-0.024
-0.023
-0.022
-0.021
-0.021
-0.02
-0.02
-0.018
-0.016
-0.013
-0.01
-0.01
-0.012
-0.016
-0.02
-0.022
-0.025
-0.027
-0.03
-0.032
-0.033
-0.035
-0.036
-0.037
-0.038
-0.04
-0.042
-0.041
-0.03
0.0
0.045
0.108
0.183
0.265
0.345
0.41
0.449
0.462
0.45
0.412
0.331
0.232
0.127
0.028
-0.046
-0.094
-0.106
-0.109
-0.098
-0.092
-0.09
-0.088
-0.086
-0.085
-0.084
-0.083
-0.082
-0.081
-0.08
-0.079
-0.078
-0.078
-0.078
-0.078
-0.078
-0.077
-0.076
-0.074
-0.073
-0.07
-0.064
-0.055
-0.05
-0.048
-0.046
-0.044
-0.042
-0.041
-0.04
-0.038
-0.037
-0.036
-0.035
-0.033
-0.032
-0.031
-0.029
-0.028
-0.025
-0.023
-0.02
-0.016
-0.012
-0.008
-0.004
-0.001
0.002
0.005
0.008
0.011
0.013
0.016
0.018
0.022
0.026
0.031
0.036
0.041
0.044
0.047
0.05
0.053
0.055
0.055
0.053
0.051
0.048
0.045
0.041
0.035
0.028
0.019
0.012
0.005
0.0
-0.004
-0.007
-0.009
-0.011
-0.013
-0.015
-0.017
-0.019
-0.022
-0.024
-0.026
-0.027
-0.028
-0.03
-0.031
-0.033
-0.034
-0.036
-0.037
-0.037
-0.038
-0.038
-0.037
-0.037
-0.035
-0.034
-0.032
-0.029
-0.026
-0.022
-0.004
0.034
0.091
0.163
0.244
0.324
0.387
0.413
0.41
0.371
0.298
0.214
0.133
0.065
0.011
-0.025
-0.043
-0.05
-0.054
-0.057
-0.059
-0.061
-0.063
-0.064
-0.066
-0.067
-0.067
-0.068
-0.068
-0.069
-0.069
-0.069
-0.069
-0.07
-0.07
-0.071
-0.071
-0.072
-0.072
-0.073
-0.072
-0.072
-0.07
-0.068
-0.066
-0.063
-0.06
-0.057
-0.053
-0.049
-0.045
-0.041
-0.038
-0.033
-0.028
-0.023
-0.017
-0.01
-0.002
0.005
0.012
0.018
0.023
0.028
0.03
0.032
0.033
0.035
0.036
0.038
0.04
0.042
0.044
0.046
0.048
0.051
0.055
0.062
0.066
0.067
0.068
0.068
0.069
0.069
0.067
0.061
0.054
0.042
0.032
0.024
0.014
0.009
0.005
0.002
0.0
-0.001
-0.003
-0.005
-0.006
-0.007
-0.009
-0.01
-0.013
-0.016
-0.02
-0.023
-0.026
-0.028
-0.03
-0.032
-0.034
-0.035
-0.037
-0.039
-0.041
-0.042
-0.044
-0.047
-0.049
-0.05
-0.05
-0.048
-0.044
-0.04
-0.036
-0.031
-0.026
-0.021
-0.016
-0.012
-0.009
-0.006
-0.004
-0.002
-0.001
0.0
0.002
0.003
0.005
0.006
0.008
0.009
0.012
0.015
0.017
0.017
0.016
0.014
0.01
0.007
0.004
0.001
-0.001
-0.004
-0.007
-0.011
-0.015
-0.019
-0.022
-0.025
-0.028
-0.031
-0.033
-0.034
-0.034
-0.033
-0.031
-0.029
-0.026
-0.024
-0.021
-0.017
-0.013
-0.01
-0.007
-0.005
-0.002
-0.001
0.0
0.001
0.003
0.004
0.005
0.006
0.007
0.007
0.007
0.007
0.006
0.005
0.005
0.004
0.003
0.003
0.002
0.0
0.0
-0.001
-0.003
-0.008
-0.008
0.0
0.02
0.052
0.098
0.156
0.227
0.303
0.379
0.447
0.484
0.496
0.484
0.448
0.38
0.298
0.218
0.145
0.084
0.037
0.012
0.004
0.0
-0.004
-0.008
-0.011
-0.017
-0.032
-0.04
-0.043
-0.046
-0.048
-0.049
-0.05
-0.052
-0.053
-0.054
-0.055
-0.055
-0.054
-0.054
-0.053
-0.052
-0.051
-0.05
-0.049
-0.049
-0.049
-0.049
-0.049
-0.049
-0.049
-0.049
-0.048
-0.048
-0.047
-0.046
-0.045
-0.043
-0.042
-0.04
-0.038
-0.035
-0.032
-0.025
-0.02
-0.015
-0.012
-0.01
-0.008
-0.005
-0.003
0.0
0.002
0.005
0.009
0.014
0.019
0.024
0.028
0.033
0.039
0.045
0.051
0.06
0.068
0.073
0.075
0.077
0.078
0.079
0.08
0.078
0.075
0.07
0.066
0.061
0.056
0.051
0.047
0.044
0.041
0.04
0.039
0.038
0.037
0.035
0.034
0.033
0.031
0.03
0.029
0.027
0.026
0.025
0.025
0.024
0.024
0.024
0.024
0.023
0.022
0.021
0.02
0.019
0.019
0.019
0.019
0.019
0.02
0.021
0.022
0.023
0.024
0.025
0.026
0.027
0.027
0.028
0.029
0.029
0.03
0.03
0.03
0.03
0.029
0.028
0.027
0.025
0.022
0.019
0.016
0.012
0.004
0.0
-0.005
-0.008
-0.011
-0.014
-0.015
-0.013
-0.01
-0.005
0.001
0.01
0.019
0.026
0.031
0.035
0.039
0.042
0.045
0.049
0.053
0.057
0.06
0.062
0.064
0.066
0.067
0.069
0.069
0.068
0.066
0.062
0.058
0.055
0.051
0.046
0.042
0.038
0.033
0.029
0.023
0.019
0.019
0.021
0.024
0.033
0.062
0.106
0.166
0.239
0.321
0.405
0.479
0.533
0.549
0.546
0.513
0.454
0.386
0.315
0.249
0.192
0.15
0.12
0.105
0.093
0.082
0.069
0.049
0.024
0.009
0.001
-0.002
-0.004
-0.006
-0.008
-0.011
-0.014
-0.017
-0.019
-0.021
-0.023
-0.024
-0.025
-0.026
-0.027
-0.028
-0.028
-0.029
