-0.34
-0.344
-0.347
-0.348
-0.35
-0.351
-0.353
-0.355
-0.357
-0.359
-0.36
-0.361
-0.362
-0.362
-0.361
-0.36
-0.359
-0.357
-0.355
-0.352
-0.349
-0.345
-0.342
-0.338
-0.332
-0.3
-0.251
-0.199
-0.166
-0.156
-0.152
-0.157
-0.17
-0.207
-0.248
-0.306
-0.369
-0.429
-0.462
-0.469
-0.476
-0.481
-0.484
-0.486
-0.488
-0.489
-0.489
-0.489
-0.488
-0.486
-0.482
-0.479
-0.476
-0.473
-0.47
-0.467
-0.464
-0.461
-0.457
-0.454
-0.45
-0.446
-0.442
-0.439
-0.435
-0.43
-0.425
-0.418
-0.408
-0.398
-0.388
-0.378
-0.37
-0.363
-0.357
-0.35
-0.343
-0.336
-0.329
-0.322
-0.315
-0.308
-0.301
-0.294
-0.287
-0.28
-0.275
-0.27
-0.265
-0.261
-0.256
-0.251
-0.246
-0.241
-0.236
-0.231
-0.225
-0.219
-0.212
-0.206
-0.201
-0.198
-0.195
-0.192
-0.19
-0.189
-0.188
-0.188
-0.187
-0.186
-0.185
-0.183
-0.181
-0.179
-0.177
-0.175
-0.172
-0.169
-0.165
-0.161
-0.156
-0.149
-0.136
-0.122
-0.113
-0.104
-0.096
-0.089
-0.082
-0.073
-0.065
-0.056
-0.044
-0.031
-0.017
-0.005
0.014
0.041
0.085
0.14
0.196
0.237
0.251
0.257
0.256
0.251
0.239
0.205
0.158
0.106
0.053
0.037
0.033
0.03
0.028
0.027
0.029
0.036
0.044
0.051
0.058
0.065
0.073
0.082
0.09
0.098
0.105
0.112
0.12
0.128
0.136
0.143
0.15
0.155
0.161
0.165
0.169
0.173
0.176
0.18
0.182
0.185
0.188
0.19
0.192
0.193
0.194
0.195
0.194
0.191
0.188
0.184
0.179
0.174
0.168
0.162
0.152
0.142
0.133
0.126
0.119
0.11
0.099
0.088
0.075
0.06
0.043
0.026
0.009
-0.006
-0.024
-0.041
-0.059
-0.076
-0.099
-0.125
-0.147
-0.17
-0.194
-0.219
-0.241
-0.258
-0.278
-0.299
-0.319
-0.339
-0.359
-0.379
-0.397
-0.414
-0.432
-0.449
-0.464
-0.476
-0.488
-0.5
-0.507
-0.513
-0.518
-0.522
-0.525
-0.526
-0.525
-0.522
-0.518
-0.512
-0.505
-0.494
-0.475
-0.453
-0.424
-0.389
-0.333
-0.261
-0.172
-0.081
-0.016
0.004
-0.015
-0.075
-0.171
-0.252
-0.29
-0.302
-0.279
-0.24
-0.205
-0.178
-0.154
-0.134
-0.111
-0.087
-0.059
-0.033
-0.013
0.005
0.021
0.034
0.045
0.056
0.07
0.086
0.103
0.12
0.138
0.154
0.171
0.187
0.204
0.218
0.23
0.242
0.254
0.265
0.274
0.284
0.295
0.306
0.317
0.328
0.339
0.349
0.358
0.368
0.378
0.387
0.397
0.405
0.41
0.414
0.416
0.418
0.42
0.422
0.425
0.427
0.43
0.433
0.436
0.439
0.442
0.444
0.446
0.448
0.449
0.45
0.451
0.452
0.452
0.453
0.454
0.454
0.455
0.456
0.457
0.458
0.459
0.461
0.462
0.463
0.464
0.465
0.467
0.469
0.471
0.474
0.477
0.481
0.486
0.493
0.502
0.51
0.518
0.524
0.53
0.537
0.544
0.552
0.56
0.567
0.573
0.578
0.591
0.609
0.64
0.683
0.748
0.827
0.898
0.922
0.903
0.845
0.723
0.595
0.499
0.464
0.456
0.451
0.447
0.444
0.439
0.434
0.431
0.428
0.429
0.424
0.414
0.402
0.388
0.372
0.359
0.347
0.335
0.324
0.313
0.304
0.293
0.285
0.278
0.272
0.267
0.26
0.253
0.245
0.237
0.23
0.223
0.216
0.209
0.2
0.191
0.18
0.168
0.155
0.142
0.132
0.121
0.11
0.098
0.086
0.072
0.053
0.037
0.02
0.003
-0.012
-0.031
-0.049
-0.067
-0.086
-0.102
-0.118
-0.129
-0.137
-0.147
-0.157
-0.168
-0.181
-0.196
-0.21
-0.223
-0.237
-0.25
-0.262
-0.274
-0.283
-0.291
-0.296
-0.302
-0.309
-0.314
-0.322
-0.334
-0.351
-0.367
-0.377
-0.384
-0.388
-0.392
-0.398
-0.402
-0.408
-0.412
-0.418
-0.423
-0.425
-0.429
-0.431
-0.433
-0.436
-0.439
-0.442
-0.44
-0.432
-0.418
-0.395
-0.359
-0.312
-0.25
-0.176
-0.102
-0.046
-0.04
-0.063
-0.151
-0.266
-0.37
-0.431
-0.454
-0.46
-0.449
-0.443
-0.439
-0.435
-0.432
-0.429
-0.426
-0.424
-0.421
-0.418
-0.416
-0.412
-0.409
-0.405
-0.399
-0.394
-0.386
-0.381
-0.377
-0.372
-0.369
-0.361
-0.354
-0.347
-0.338
-0.331
-0.32
-0.31
-0.3
-0.288
-0.279
-0.266
-0.257
-0.246
-0.237
-0.232
-0.225
-0.22
-0.215
-0.208
-0.203
-0.195
-0.188
-0.181
-0.171
-0.165
-0.157
-0.151
-0.145
-0.139
-0.137
-0.133
-0.131
-0.128
-0.123
-0.12
-0.115
-0.111
-0.108
-0.102
-0.098
-0.091
-0.085
-0.079
-0.073
-0.069
-0.063
-0.06
-0.057
-0.051
-0.049
-0.044
-0.043
-0.042
-0.039
-0.037
-0.029
-0.017
-0.003
0.015
0.035
0.057
0.078
0.104
0.127
0.144
0.161
0.171
0.178
0.188
0.196
0.206
0.215
0.228
0.242
0.25
0.261
0.282
0.309
0.35
0.404
0.48
0.563
0.639
0.681
0.68
0.64
0.54
0.424
0.336
