0.024
0.013
0.0
-0.012
-0.026
-0.038
-0.051
-0.064
-0.079
-0.093
-0.106
-0.114
-0.12
-0.125
-0.129
-0.131
-0.13
-0.124
-0.114
-0.104
-0.096
-0.089
-0.081
-0.072
-0.065
-0.059
-0.055
-0.055
-0.057
-0.06
-0.065
-0.071
-0.078
-0.085
-0.09
-0.095
-0.101
-0.107
-0.113
-0.119
-0.124
-0.128
-0.13
-0.132
-0.133
-0.133
-0.131
-0.128
-0.123
-0.119
-0.115
-0.111
-0.107
-0.103
-0.098
-0.093
-0.09
-0.088
-0.085
-0.082
-0.077
-0.072
-0.068
-0.065
-0.063
-0.061
-0.058
-0.054
-0.051
-0.049
-0.048
-0.047
-0.045
-0.043
-0.04
-0.037
-0.035
-0.033
-0.031
-0.027
-0.021
-0.016
-0.012
-0.011
-0.014
-0.02
-0.028
-0.037
-0.046
-0.057
-0.072
-0.086
-0.097
-0.103
-0.107
-0.111
-0.113
-0.116
-0.119
-0.12
-0.121
-0.122
-0.123
-0.124
-0.125
-0.125
-0.125
-0.124
-0.123
-0.122
-0.121
-0.119
-0.116
-0.113
-0.109
-0.106
-0.102
-0.097
-0.091
-0.085
-0.075
-0.051
-0.023
0.016
0.062
0.135
0.218
0.303
0.344
0.358
0.325
0.225
0.069
-0.099
-0.242
-0.347
-0.388
-0.403
-0.409
-0.403
-0.384
-0.327
-0.265
-0.194
-0.135
-0.115
-0.105
-0.104
-0.108
-0.111
-0.112
-0.113
-0.113
-0.113
-0.114
-0.114
-0.116
-0.118
-0.121
-0.123
-0.123
-0.124
-0.123
-0.123
-0.122
-0.12
-0.117
-0.115
-0.112
-0.11
-0.107
-0.104
-0.101
-0.097
-0.094
-0.091
-0.086
-0.073
-0.059
-0.048
-0.036
-0.02
0.0
0.02
0.047
0.079
0.11
0.14
0.171
0.207
0.243
0.27
0.299
0.319
0.334
0.346
0.358
0.369
0.379
0.387
0.394
0.402
0.408
0.413
0.414
0.412
0.407
0.399
0.39
0.381
0.372
0.359
0.346
0.333
0.32
0.307
0.291
0.271
0.254
0.238
0.213
0.179
0.147
0.111
0.085
0.072
0.059
0.041
0.023
0.008
-0.005
-0.018
-0.029
-0.039
-0.049
-0.058
-0.066
-0.075
-0.082
-0.089
-0.093
-0.094
-0.094
-0.094
-0.094
-0.094
-0.095
-0.095
-0.096
-0.096
-0.097
-0.098
-0.097
-0.093
-0.086
-0.078
-0.069
-0.061
-0.052
-0.041
-0.03
-0.019
-0.007
0.0
0.005
0.009
0.014
0.018
0.022
0.026
0.029
0.032
0.035
0.037
0.039
0.04
0.04
0.039
0.037
0.035
0.032
0.027
0.022
0.016
0.009
0.002
-0.004
-0.011
-0.022
-0.048
-0.054
-0.054
-0.053
-0.054
-0.054
-0.053
-0.053
-0.052
-0.052
-0.052
-0.052
-0.052
-0.052
-0.05
-0.048
-0.046
-0.045
-0.045
-0.045
-0.045
-0.045
-0.045
-0.047
-0.049
-0.051
-0.052
-0.053
-0.054
-0.055
-0.057
-0.059
-0.061
-0.063
-0.065
-0.067
-0.07
-0.074
-0.073
-0.061
-0.047
-0.039
-0.034
-0.029
-0.025
-0.021
-0.017
-0.014
-0.01
-0.006
-0.002
0.001
0.006
0.01
0.014
0.019
0.024
0.028
0.033
0.037
0.04
0.044
0.048
0.052
0.057
0.061
0.064
0.066
0.069
0.072
0.076
0.079
0.082
0.084
0.086
0.086
0.087
0.087
0.086
0.084
0.081
0.078
0.076
0.073
0.07
0.067
0.065
0.062
0.061
0.061
0.061
0.06
0.058
0.055
0.052
0.048
0.045
0.042
0.038
0.034
0.029
0.026
0.024
0.022
0.021
0.019
0.016
0.013
0.01
0.007
0.003
-0.002
-0.01
-0.018
-0.022
-0.023
-0.018
-0.011
0.0
0.013
0.041
0.088
0.154
0.231
0.325
0.417
0.468
0.467
0.413
0.277
0.101
-0.078
-0.23
-0.315
-0.343
-0.328
-0.285
-0.219
-0.176
-0.144
-0.122
-0.113
-0.114
-0.114
-0.115
-0.115
-0.114
-0.114
-0.114
-0.115
-0.115
-0.116
-0.117
-0.118
-0.12
-0.121
-0.123
-0.124
-0.126
-0.127
-0.127
-0.126
-0.123
-0.12
-0.117
-0.113
-0.11
-0.106
-0.102
-0.097
-0.093
-0.088
-0.083
-0.074
-0.062
-0.05
-0.041
-0.032
-0.024
-0.016
-0.007
0.001
0.011
0.02
0.03
0.038
0.047
0.057
0.066
0.076
0.086
0.095
0.104
0.114
0.128
0.148
0.168
0.187
0.201
0.212
0.221
0.228
0.233
0.239
0.243
0.246
0.249
0.253
0.257
0.26
0.263
0.263
0.261
0.255
0.246
0.235
0.223
0.21
0.19
0.17
0.152
0.135
0.112
0.082
0.05
0.03
0.016
0.005
-0.004
-0.014
-0.024
-0.032
-0.039
-0.046
-0.053
-0.059
-0.064
-0.069
-0.071
-0.072
-0.073
-0.073
-0.074
-0.074
-0.075
-0.076
-0.078
-0.082
-0.086
-0.086
-0.08
-0.072
-0.067
-0.062
-0.057
-0.052
-0.048
-0.044
-0.04
-0.036
-0.034
-0.034
-0.034
-0.035
-0.038
-0.041
-0.044
-0.048
-0.051
-0.055
-0.058
-0.061
-0.062
-0.064
-0.065
-0.067
-0.07
-0.072
-0.074
-0.076
-0.077
-0.079
-0.08
-0.08
-0.081
-0.081
-0.081
-0.082
-0.082
-0.083
-0.084
-0.085
-0.086
-0.087
-0.089
-0.09
-0.092
-0.093
-0.095
-0.097
-0.099
-0.101
-0.103
-0.104
-0.106
-0.108
-0.11
-0.112
-0.114
-0.115
-0.116
-0.118
-0.119
-0.12
-0.12
-0.121
-0.122
-0.123
-0.123
-0.122
-0.121
-0.12
-0.119
-0.119
-0.12
-0.12
-0.12
-0.121
-0.122
-0.124
-0.125
-0.125
-0.125
-0.122
-0.119
-0.115
-0.111
-0.106
-0.101
-0.096
-0.091
-0.086
-0.082
-0.079
-0.076
-0.073
-0.069
-0.065
-0.06
-0.056
-0.052
-0.048
-0.044
-0.04
-0.037
-0.035
-0.035
-0.037
-0.039
-0.043
-0.047
-0.051
-0.057
-0.062
-0.068
-0.074
-0.079
-0.083
-0.087
-0.091
-0.096
-0.101
-0.106
-0.11
-0.114
-0.118
-0.122
-0.126
-0.129
-0.131
-0.131
-0.129
-0.126
-0.123
-0.12
-0.116
-0.113
-0.109
-0.106
-0.103
-0.101
-0.098
-0.095
-0.091
-0.087
-0.082
-0.077
-0.071
-0.066
-0.062
-0.057
-0.05
-0.039
0.006
0.08
0.17
0.268
0.359
0.404
0.42
0.383
0.273
0.102
-0.071
-0.207
-0.256
-0.271
-0.237
-0.182
-0.125
-0.085
-0.055
-0.03
-0.006
0.018
0.043
0.054
0.061
0.066
0.071
0.074
0.076
0.078
0.081
0.083
0.086
0.09
0.093
0.095
0.096
0.097
0.098
0.098
0.098
0.098
0.099
0.099
0.1
0.101
0.103
0.103
0.104
0.105
0.106
0.107
0.107
0.108
0.109
0.109
0.108
0.108
0.108
0.109
0.109
0.11
0.111
0.113
0.115
0.118
0.12
0.123
0.126
0.129
0.133
0.137
0.142
0.146
0.151
0.156
0.165
0.189
0.205
0.217
0.223
0.228
0.232
0.236
0.239
0.242
0.243
0.243
0.239
0.235
0.229
0.222
0.214
0.204
0.189
0.173
0.159
0.145
0.126
0.103
0.087
0.073
0.062
0.051
0.041
0.036
0.031
0.027
0.023
0.02
0.017
0.014
0.011
0.007
0.004
0.001
0.0
-0.002
-0.004
-0.007
-0.011
-0.013
-0.013
-0.009
0.0
0.009
0.018
0.023
0.027
0.033
0.037
0.042
0.045
0.049
0.053
0.058
0.062
0.064
0.066
0.067
0.069
0.071
0.073
0.075
0.077
0.078
0.08
0.083
0.087
0.09
0.092
0.094
0.095
0.097
0.097
0.097
0.095
0.092
0.088
0.084
0.08
0.077
0.072
0.067
0.057
0.045
0.035
0.026
0.017
0.007
-0.002
-0.012
-0.023
-0.036
-0.048
-0.053
-0.058
-0.062
-0.065
-0.068
-0.07
-0.072
-0.075
-0.078
-0.08
-0.082
-0.083
-0.085
-0.086
-0.088
-0.09
-0.092
-0.092
-0.092
-0.091
-0.092
-0.093
-0.094
-0.094
-0.094
-0.094
-0.095
-0.096
-0.098
-0.099
-0.099
-0.1
-0.1
-0.102
-0.104
-0.106
-0.106
-0.107
-0.107
-0.108
-0.108
-0.11
-0.11
-0.11
-0.11
-0.109
-0.108
-0.108
-0.107
-0.105
-0.102
-0.1
-0.097
-0.094
-0.091
-0.088
-0.084
-0.081
-0.077
-0.071
-0.065
-0.059
-0.054
-0.051
-0.051
-0.053
-0.056
-0.061
-0.066
-0.071
-0.073
-0.076
-0.078
-0.081
-0.084
-0.087
-0.091
-0.094
-0.097
-0.099
-0.101
-0.103
-0.105
-0.106
-0.105
-0.105
-0.104
-0.105
-0.105
-0.107
-0.109
-0.111
-0.113
-0.116
-0.118
-0.119
-0.117
-0.113
-0.107
-0.1
-0.093
-0.086
-0.077
-0.068
-0.058
-0.05
-0.041
-0.033
-0.021
-0.006
0.006
0.016
0.031
0.061
0.1
0.137
0.204
0.274
0.342
0.389
0.391
0.356
0.233
0.059
-0.127
-0.283
-0.36
-0.366
-0.32
-0.23
-0.132
-0.059
-0.032
-0.03
-0.043
-0.055
-0.066
-0.071
-0.06
-0.04
-0.032
-0.027
-0.023
-0.021
-0.02
-0.019
-0.018
-0.016
-0.014
-0.012
-0.011
-0.009
-0.008
-0.007
-0.007
-0.006
-0.006
-0.006
-0.006
-0.006
-0.006
-0.006
-0.006
-0.006
-0.005
-0.003
0.0
0.001
0.004
0.007
0.013
0.021
0.03
0.042
0.054
0.063
0.07
0.077
0.084
0.09
0.095
0.099
0.104
0.109
0.116
0.128
0.149
0.171
0.188
0.2
0.213
0.227
0.24
0.254
0.269
0.28
0.286
0.289
0.294
0.299
0.302
0.301
0.294
0.284
0.273
0.261
0.248
0.235
0.219
0.201
0.181
0.161
0.142
0.123
0.105
0.087
0.069
0.054
0.042
0.03
0.019
0.013
0.008
0.005
0.002
0.0
-0.001
-0.002
-0.002
-0.002
-0.001
0.0
0.001
0.003
0.005
0.006
0.007
0.009
0.011
0.013
0.015
0.016
0.016
0.017
0.018
0.019
0.021
0.022
0.022
0.022
0.023
0.023
0.024
0.024
0.023
0.022
0.02
0.018
0.016
0.014
0.013
0.011
0.01
0.008
0.008
0.007
0.006
0.004
0.0
-0.003
-0.007
-0.01
-0.011
-0.011
-0.012
-0.012
-0.012
-0.011
-0.009
-0.005
-0.002
-0.006
-0.016
-0.02
-0.023
-0.026
-0.028
-0.03
-0.033
-0.036
-0.039
-0.042
-0.045
-0.046
-0.048
-0.049
-0.05
-0.05
-0.05
-0.05
-0.05
-0.05
-0.051
-0.052
-0.054
-0.056
-0.058
-0.06
-0.061
-0.063
-0.063
-0.063
-0.062
-0.061
-0.06
-0.06
-0.061
-0.061
-0.062
-0.064
-0.066
-0.069
-0.071
-0.072
-0.073
-0.073
-0.073
-0.073
-0.073
-0.072
-0.072
-0.072
-0.072
-0.073
-0.075
-0.077
-0.079
-0.08
-0.082
-0.083
-0.084
-0.084
-0.085
-0.085
-0.085
-0.085
-0.085
-0.086
-0.087
-0.087
-0.089
-0.09
-0.091
-0.093
-0.094
-0.095
-0.096
-0.097
-0.098
-0.098
-0.099
-0.099
-0.099
-0.1
-0.1
-0.101
-0.102
-0.103
-0.105
-0.106
-0.109
-0.112
-0.116
-0.12
-0.124
-0.128
-0.131
-0.134
-0.139
-0.143
-0.147
-0.15
-0.152
-0.154
-0.156
-0.158
-0.161
-0.163
-0.165
-0.166
-0.168
-0.17
-0.172
-0.174
-0.174
-0.174
-0.172
-0.171
-0.169
-0.167
-0.165
-0.161
-0.157
-0.152
-0.147
-0.142
-0.11
-0.051
0.023
0.11
0.204
0.286
0.316
0.308
0.234
0.085
-0.11
-0.311
-0.462
-0.517
-0.519
-0.476
-0.419
-0.368
-0.316
-0.283
-0.244
-0.205
-0.179
-0.162
-0.153
-0.151
-0.153
-0.155
-0.157
-0.159
-0.16
-0.161
-0.162
-0.162
-0.162
-0.163
-0.164
-0.164
-0.163
-0.162
-0.16
-0.158
-0.156
-0.154
-0.153
-0.153
-0.153
-0.152
-0.152
-0.152
-0.151
-0.149
-0.146
-0.144
-0.142
-0.141
-0.139
-0.137
-0.135
-0.133
-0.131
-0.129
-0.126
-0.121
-0.113
-0.103
-0.093
-0.081
-0.07
-0.06
-0.05
-0.039
-0.028
-0.018
-0.008
0.0
0.009
0.018
0.025
0.03
0.035
0.045
0.061
0.077
0.095
0.111
0.123
0.132
0.139
0.143
0.137
0.122
0.106
0.085
0.069
0.047
0.021
0.0
-0.016
-0.028
-0.039
-0.05
-0.066
-0.082
-0.097
-0.107
-0.112
-0.115
-0.118
-0.12
-0.122
-0.124
-0.126
-0.128
-0.13
-0.132
-0.133
-0.134
-0.135
-0.137
-0.141
-0.145
-0.147
-0.147
-0.144
-0.139
-0.135
-0.132
-0.13
-0.127
-0.124
-0.121
-0.118
-0.114
-0.112
-0.109
-0.106
-0.102
-0.097
-0.088
-0.073
-0.059
-0.053
-0.048
-0.044
-0.04
-0.037
-0.035
-0.035
-0.034
-0.034
-0.034
-0.035
-0.035
-0.036
-0.037
-0.038
-0.038
-0.038
-0.039
-0.041
-0.044
-0.044
-0.038
-0.031
-0.028
-0.025
-0.023
-0.022
-0.022
-0.02
-0.018
-0.016
-0.013
-0.012
-0.01
-0.009
-0.009
-0.008
-0.008
-0.007
-0.007
-0.007
-0.007
-0.005
-0.003
0.0
0.0
0.0
-0.003
-0.008
-0.013
-0.017
-0.024
-0.03
-0.03
-0.026
-0.021
-0.019
-0.017
-0.016
-0.014
-0.013
-0.012
-0.011
-0.009
-0.007
-0.005
-0.003
-0.001
0.0
0.001
0.003
0.004
0.006
0.008
0.011
0.02
0.036
0.042
0.044
0.046
0.048
0.05
0.051
0.053
0.055
0.057
0.059
0.06
0.062
0.065
0.069
0.076
0.091
0.097
0.102
0.105
0.109
0.112
0.118
0.125
0.131
0.134
0.136
0.137
0.139
0.141
0.142
0.144
0.146
0.147
0.148
0.149
0.15
0.15
0.149
0.147
0.145
0.142
0.14
0.139
0.138
0.137
0.135
0.134
0.133
0.132
0.13
0.127
0.125
0.124
0.125
0.128
0.132
0.139
0.148
0.153
0.156
0.158
0.16
0.162
0.164
0.166
0.169
0.172
0.176
0.182
0.194
0.22
0.267
0.324
0.39
0.461
0.526
0.563
0.562
0.52
0.413
0.268
0.106
-0.04
-0.142
-0.164
-0.171
-0.153
-0.098
-0.021
0.047
0.091
0.104
0.111
0.117
0.121
0.125
0.131
0.137
0.142
0.148
0.154
0.164
0.184
0.203
0.216
0.224
0.23
0.237
0.239
0.234
0.223
0.214
0.205
0.199
0.199
0.206
0.214
0.219
0.222
0.225
0.228
0.232
0.236
0.24
0.243
0.246
0.25
0.256
0.266
0.282
0.289
0.293
0.295
0.297
0.298
0.301
0.304
0.306
0.31
0.316
0.328
0.349
0.37
0.389
0.406
0.425
0.447
0.467
0.485
0.507
0.522
0.531
0.537
0.54
0.54
0.536
0.531
0.524
0.519
0.514
0.509
0.503
0.498
0.493
0.487
0.477
0.462
0.441
0.412
0.38
0.362
0.352
0.342
0.332
0.321
0.307
0.29
0.272
0.262
0.254
0.248
0.244
0.242
0.245
0.25
0.257
0.262
0.266
0.269
0.272
0.275
0.278
0.281
0.284
0.287
0.289
0.29
0.291
0.291
0.29
0.287
0.284
0.28
0.276
0.271
0.265
0.26
0.251
0.234
0.22
0.209
0.196
0.18
0.16
0.147
0.139
0.133
0.127
0.122
0.117
0.112
0.107
0.102
0.095
0.085
0.075
0.066
0.057
0.046
0.033
0.022
0.013
0.005
-0.001
-0.008
-0.017
-0.028
-0.036
-0.044
-0.05
-0.058
-0.065
-0.073
-0.082
-0.094
-0.112
-0.122
-0.129
-0.132
-0.134
-0.136
-0.138
-0.14
-0.142
-0.145
-0.148
-0.151
-0.154
-0.159
-0.163
-0.168
-0.174
-0.18
-0.187
-0.193
-0.198
-0.202
-0.205
-0.207
-0.208
-0.209
-0.209
-0.21
-0.211
-0.213
-0.215
-0.217
-0.219
-0.223
-0.227
-0.231
-0.235
-0.239
-0.242
-0.245
-0.247
-0.249
-0.251
-0.253
-0.255
-0.257
-0.259
-0.262
-0.264
-0.266
-0.267
-0.268
-0.269
-0.269
-0.27
-0.27
-0.27
-0.269
-0.268
-0.266
-0.264
-0.262
-0.261
-0.259
-0.258
-0.258
-0.257
-0.256
-0.255
-0.254
-0.253
-0.253
-0.252
-0.249
-0.247
-0.245
-0.244
-0.247
-0.252
-0.258
-0.264
-0.268
-0.273
-0.278
-0.283
-0.286
-0.289
-0.29
-0.289
-0.286
-0.283
-0.279
-0.275
-0.271
-0.268
-0.266
-0.264
-0.262
-0.26
-0.259
-0.257
-0.255
-0.253
-0.251
-0.249
-0.247
-0.245
-0.244
-0.243
-0.242
-0.241
-0.239
-0.235
-0.231
-0.227
-0.214
-0.186
-0.14
-0.079
-0.006
0.074
0.153
0.202
0.219
0.192
0.109
-0.038
-0.206
-0.364
-0.477
-0.506
-0.516
-0.499
-0.447
-0.397
-0.348
-0.3
-0.246
-0.211
-0.187
-0.173
-0.164
-0.154
-0.147
-0.143
-0.14
-0.137
-0.135
-0.132
-0.129
-0.126
-0.124
-0.121
-0.119
-0.116
-0.113
-0.11
-0.107
-0.104
-0.101
-0.096
-0.092
-0.087
-0.082
-0.078
-0.074
-0.07
-0.067
-0.064
-0.062
-0.06
-0.058
-0.057
-0.055
-0.054
-0.051
-0.048
-0.047
-0.045
-0.044
-0.042
-0.039
-0.034
-0.023
0.004
0.025
0.036
0.046
0.054
0.061
0.073
0.099
0.121
0.132
0.141
0.152
0.163
0.173
0.183
0.193
0.203
0.208
0.211
0.212
0.213
0.214
0.216
0.219
0.219
0.213
0.204
0.192
0.175
0.151
0.126
0.102
0.085
0.071
0.058
0.042
0.022
0.008
-0.002
-0.013
-0.023
-0.034
-0.044
-0.052
-0.056
-0.059
-0.062
-0.065
-0.068
-0.07
-0.072
-0.074
-0.076
-0.079
-0.082
-0.085
-0.086
-0.087
-0.087
-0.086
-0.085
-0.083
-0.081
-0.08
-0.078
-0.076
-0.074
-0.072
-0.072
-0.071
-0.071
-0.072
-0.072
-0.073
-0.073
-0.073
-0.073
-0.073
-0.072
-0.072
-0.071
-0.07
-0.07
-0.069
-0.069
-0.069
-0.07
-0.07
-0.072
-0.073
-0.075
-0.076
-0.078
-0.078
-0.078
-0.077
-0.076
-0.075
-0.074
-0.073
-0.072
-0.071
-0.072
-0.073
-0.075
-0.078
-0.081
-0.084
-0.086
-0.088
-0.089
-0.09
-0.09
-0.09
-0.089
-0.088
-0.087
-0.086
-0.085
-0.086
-0.087
-0.089
-0.091
-0.094
-0.096
-0.1
-0.103
-0.106
-0.109
-0.112
-0.114
-0.115
-0.116
-0.118
-0.119
-0.122
-0.124
-0.127
-0.131
-0.135
-0.139
-0.143
-0.147
-0.151
-0.153
-0.155
-0.156
-0.156
-0.157
-0.157
-0.157
-0.158
-0.158
-0.16
-0.162
-0.165
-0.168
-0.171
-0.172
-0.173
-0.173
-0.173
-0.172
-0.171
-0.169
-0.167
-0.165
-0.162
-0.161
-0.16
-0.159
-0.158
-0.156
-0.155
-0.153
-0.152
-0.152
-0.152
-0.152
-0.151
-0.151
-0.151
-0.152
-0.154
-0.156
-0.157
-0.157
-0.157
-0.157
-0.157
-0.157
-0.158
-0.158
-0.157
-0.157
-0.157
-0.158
-0.159
-0.161
-0.162
-0.163
-0.164
-0.165
-0.167
-0.168
-0.169
-0.169
-0.17
-0.171
-0.172
-0.174
-0.179
-0.186
-0.19
-0.19
-0.185
-0.176
-0.164
-0.148
-0.122
-0.103
-0.086
-0.068
-0.048
-0.023
0.008
0.066
0.138
0.22
0.3
0.326
0.303
0.234
0.059
-0.157
-0.361
-0.47
-0.506
-0.478
-0.394
-0.305
-0.238
-0.205
-0.186
-0.176
-0.166
-0.155
-0.144
-0.135
-0.129
-0.124
-0.121
-0.117
-0.113
-0.109
-0.105
-0.101
-0.098
-0.093
-0.088
-0.078
-0.058
-0.032
-0.008
0.011
0.026
0.037
0.044
0.05
0.054
0.058
0.064
0.07
0.076
0.083
0.091
0.103
0.12
0.136
0.15
0.158
0.163
0.168
0.172
0.176
0.18
0.184
0.188
0.192
0.197
0.202
0.208
0.216
0.232
0.247
0.261
0.278
0.297
0.317
0.329
0.337
0.343
0.35
0.357
0.362
0.368
0.375
0.384
0.398
0.412
0.426
0.436
0.446
0.454
0.458
0.455
0.445
0.431
0.414
0.389
0.368
0.35
0.335
0.322
0.31
0.3
0.293
0.285
0.275
0.261
0.247
0.233
0.216
0.201
0.19
0.181
0.174
0.169
0.164
0.159
0.153
0.148
0.142
0.138
0.134
0.129
0.122
0.109
0.097
0.086
0.077
0.069
0.063
0.06
0.06
0.063
0.066
0.07
0.075
0.079
0.078
0.071
0.059
0.045
0.028
0.015
0.006
-0.001
-0.006
0.0
0.012
0.022
0.032
0.042
0.049
0.054
0.058
0.06
0.062
0.064
0.066
0.068
0.069
0.069
0.069
0.07
0.071
0.071
0.072
0.072
0.072
0.071
0.07
0.07
0.069
0.067
0.065
0.063
0.061
0.06
0.06
0.058
0.056
0.054
0.052
0.049
0.046
0.042
0.038
0.033
0.028
0.023
0.017
0.012
0.007
0.002
0.0
-0.002
-0.004
-0.006
-0.008
-0.011
-0.015
-0.019
-0.022
-0.025
-0.028
-0.031
-0.034
-0.037
-0.04
-0.043
-0.046
-0.053
-0.069
-0.084
-0.098
-0.105
-0.109
-0.113
-0.117
-0.12
-0.124
-0.126
-0.128
-0.13
-0.132
-0.134
-0.135
-0.136
-0.136
-0.135
-0.134
-0.133
-0.133
-0.133
-0.133
-0.134
-0.136
-0.141
-0.122
-0.098
-0.077
-0.059
-0.054
-0.051
-0.049
-0.047
-0.044
-0.042
-0.039
-0.037
-0.035
-0.033
-0.032
-0.031
-0.03
-0.03
-0.031
