0.035
0.026
0.016
0.005
-0.004
-0.009
-0.011
-0.013
-0.015
-0.017
-0.018
-0.019
-0.02
-0.021
-0.022
-0.023
-0.024
-0.025
-0.025
-0.025
-0.026
-0.027
-0.028
-0.029
-0.031
-0.033
-0.037
-0.042
-0.049
-0.057
-0.073
-0.088
-0.096
-0.1
-0.088
-0.05
0.018
0.125
0.273
0.453
0.644
0.82
0.946
0.994
0.951
0.818
0.623
0.408
0.215
0.082
0.019
-0.003
-0.01
-0.017
-0.03
-0.048
-0.065
-0.073
-0.078
-0.081
-0.084
-0.085
-0.085
-0.083
-0.08
-0.077
-0.074
-0.071
-0.069
-0.066
-0.064
-0.061
-0.058
-0.056
-0.053
-0.05
-0.046
-0.041
-0.034
-0.027
-0.02
-0.015
-0.012
-0.009
-0.007
-0.004
-0.001
0.0
0.003
0.005
0.009
0.015
0.026
0.034
0.043
0.052
0.06
0.07
0.085
0.1
0.112
0.121
0.128
0.134
0.141
0.15
0.158
0.166
0.171
0.172
0.173
0.173
0.173
0.173
0.172
0.164
0.153
0.138
0.123
0.107
0.091
0.075
0.059
0.043
0.028
0.012
0.0
-0.009
-0.019
-0.028
-0.038
-0.046
-0.049
-0.05
-0.051
-0.052
-0.053
-0.055
-0.056
-0.057
-0.058
-0.059
-0.06
-0.06
-0.06
-0.06
-0.059
-0.058
-0.058
-0.057
-0.057
-0.056
-0.055
-0.055
-0.055
-0.055
-0.056
-0.056
-0.055
-0.054
-0.053
-0.052
-0.052
-0.051
-0.05
-0.048
-0.047
-0.047
-0.046
-0.046
-0.046
-0.045
-0.045
-0.045
-0.044
-0.044
-0.043
-0.042
-0.04
-0.039
-0.037
-0.035
-0.033
-0.032
-0.031
-0.03
-0.029
-0.028
-0.027
-0.027
-0.026
-0.025
-0.025
-0.023
-0.022
-0.021
-0.019
-0.018
-0.016
-0.015
-0.014
-0.012
-0.011
-0.01
-0.009
-0.007
-0.005
-0.002
0.0
0.004
0.009
0.015
0.021
0.026
0.03
0.033
0.035
0.038
0.04
0.042
0.044
0.046
0.048
0.049
0.051
0.052
0.054
0.056
0.059
0.063
0.067
0.067
0.062
0.055
0.048
0.037
0.028
0.015
0.0
-0.007
-0.01
-0.012
-0.014
-0.016
-0.017
-0.017
-0.018
-0.018
-0.018
-0.017
-0.018
-0.018
-0.019
-0.02
-0.021
-0.022
-0.024
-0.026
-0.027
-0.029
-0.031
-0.033
-0.035
-0.038
-0.043
-0.054
-0.06
-0.056
-0.042
-0.004
0.071
0.183
0.326
0.489
0.654
0.8
0.898
0.925
0.861
0.714
0.512
0.304
0.125
0.014
-0.02
-0.031
-0.037
-0.039
-0.04
-0.04
-0.041
-0.042
-0.042
-0.043
-0.043
-0.043
-0.043
-0.041
-0.04
-0.038
-0.036
-0.033
-0.031
-0.027
-0.024
-0.021
-0.017
-0.013
-0.01
-0.007
-0.004
0.0
0.002
0.006
0.009
0.013
0.016
0.02
0.024
0.028
0.032
0.036
0.039
0.044
0.049
0.056
0.064
0.073
0.081
0.09
0.098
0.106
0.115
0.126
0.136
0.147
0.157
0.17
0.177
0.182
0.186
0.189
0.191
0.192
0.191
0.189
0.186
0.183
0.178
0.172
0.16
0.148
0.132
0.112
0.093
0.074
0.054
0.034
0.018
0.007
-0.006
-0.013
-0.017
-0.021
-0.023
-0.026
-0.028
-0.03
-0.031
-0.033
-0.035
-0.036
-0.038
-0.039
-0.04
-0.04
-0.041
-0.042
-0.042
-0.043
-0.043
-0.044
-0.044
-0.045
-0.045
-0.045
-0.046
-0.046
-0.046
-0.045
-0.045
-0.044
-0.043
-0.041
-0.04
-0.038
-0.036
-0.035
-0.033
-0.03
-0.028
-0.027
-0.025
-0.024
-0.023
-0.022
-0.021
-0.02
-0.019
-0.018
-0.017
-0.016
-0.015
-0.013
-0.012
-0.011
-0.011
-0.01
-0.009
-0.008
-0.007
-0.007
-0.006
-0.006
-0.006
-0.005
-0.004
-0.003
-0.003
-0.002
-0.001
-0.001
0.0
0.001
0.002
0.004
0.007
0.009
0.012
0.015
0.018
0.021
0.025
0.028
0.031
0.033
0.036
0.039
0.042
0.045
0.048
0.051
0.053
0.055
0.055
0.056
0.056
0.055
0.054
0.052
0.049
0.046
0.042
0.039
0.035
0.028
0.013
0.0
-0.006
-0.01
-0.013
-0.016
-0.019
-0.021
-0.023
-0.025
-0.027
-0.028
-0.029
-0.029
-0.03
-0.03
-0.031
-0.031
-0.032
-0.033
-0.035
-0.037
-0.039
-0.042
-0.045
-0.049
-0.055
-0.061
-0.069
-0.08
-0.086
-0.083
-0.074
-0.048
0.015
0.114
0.245
0.403
0.569
0.723
0.834
0.878
0.837
0.715
0.532
0.332
0.147
0.016
-0.038
-0.055
-0.064
-0.07
-0.072
-0.074
-0.075
-0.076
-0.077
-0.078
-0.08
-0.081
-0.081
-0.08
-0.08
-0.08
-0.081
-0.08
-0.079
-0.077
-0.074
-0.071
-0.068
-0.064
-0.061
-0.058
-0.055
-0.052
-0.048
-0.045
-0.042
-0.039
-0.037
-0.035
-0.033
-0.03
-0.026
-0.02
-0.015
-0.009
-0.004
0.0
0.006
0.012
0.019
0.026
0.034
0.043
0.052
0.06
0.074
0.094
0.109
0.118
0.123
0.126
0.127
0.129
0.13
0.131
0.132
0.133
0.132
0.129
0.125
0.119
0.112
0.1
0.087
0.07
0.051
0.034
0.015
0.0
-0.01
-0.024
-0.037
-0.047
-0.056
-0.063
-0.068
-0.073
-0.077
-0.08
-0.083
-0.085
-0.087
-0.089
-0.09
-0.092
-0.093
-0.094
-0.093
-0.092
-0.089
-0.087
-0.085
-0.083
-0.082
-0.081
-0.081
-0.08
-0.08
-0.079
-0.078
-0.078
-0.077
-0.077
-0.077
-0.077
-0.076
-0.076
-0.075
-0.074
-0.073
-0.072
-0.071
-0.069
-0.067
-0.066
-0.064
-0.063
-0.061
-0.059
-0.056
-0.053
-0.05
-0.048
-0.045
-0.043
-0.041
-0.038
-0.036
-0.035
-0.034
-0.032
-0.031
-0.03
-0.028
-0.027
-0.026
-0.025
-0.024
-0.023
-0.022
-0.02
-0.019
-0.018
-0.017
-0.017
-0.015
-0.014
-0.012
-0.009
-0.001
0.005
0.01
0.013
0.016
0.018
0.02
0.024
0.027
0.031
0.033
0.035
0.038
0.04
0.042
0.044
0.046
0.047
0.048
0.049
0.051
0.052
0.054
0.056
0.061
0.063
0.059
0.052
0.043
0.032
0.025
0.018
0.011
0.0
-0.008
-0.014
-0.019
-0.023
-0.027
-0.03
-0.031
-0.032
-0.033
-0.033
-0.033
-0.034
-0.035
-0.036
-0.037
-0.039
-0.04
-0.041
-0.042
-0.044
-0.045
-0.048
-0.051
-0.06
-0.072
-0.076
-0.079
-0.064
-0.022
0.053
0.164
0.306
0.469
0.634
0.785
0.895
0.94
0.91
0.798
0.625
0.422
0.227
0.081
0.0
-0.018
-0.024
-0.03
-0.038
-0.052
-0.063
-0.066
-0.068
-0.069
-0.07
-0.07
-0.071
-0.07
-0.071
-0.071
-0.071
-0.07
-0.069
-0.067
-0.064
-0.062
-0.06
-0.058
-0.056
-0.053
-0.05
-0.047
-0.044
-0.041
-0.037
-0.034
-0.029
-0.024
-0.02
-0.017
-0.013
-0.009
-0.005
0.0
0.005
0.011
0.019
0.029
0.037
0.046
0.055
0.065
0.075
0.085
0.094
0.102
0.111
0.119
0.126
0.134
0.142
0.146
0.15
0.153
0.154
0.154
0.152
0.147
0.141
0.131
0.112
0.094
0.078
0.064
0.051
0.039
0.027
0.014
0.0
-0.011
-0.018
-0.024
-0.031
-0.038
-0.045
-0.051
-0.057
-0.06
-0.061
-0.062
-0.063
-0.065
-0.066
-0.067
-0.068
-0.068
-0.069
-0.069
-0.069
-0.069
-0.069
-0.069
-0.069
-0.068
-0.068
-0.068
-0.068
-0.067
-0.067
-0.067
-0.067
-0.066
-0.066
-0.065
-0.064
-0.063
-0.062
-0.061
-0.06
-0.06
-0.059
-0.059
-0.058
-0.058
-0.058
-0.057
-0.057
-0.056
-0.055
-0.054
-0.052
-0.051
-0.049
-0.047
-0.046
-0.044
-0.042
-0.041
-0.039
-0.037
-0.036
-0.034
-0.032
-0.03
-0.028
-0.026
-0.023
-0.021
-0.02
-0.018
-0.016
-0.014
-0.012
-0.01
-0.007
-0.004
0.0
0.003
0.007
0.01
0.012
0.015
0.017
0.02
0.022
0.025
0.027
0.03
0.035
0.047
0.056
0.062
0.067
0.072
0.074
0.076
0.078
0.079
0.081
0.082
0.083
0.083
0.084
0.084
0.086
0.088
0.08
0.068
0.053
0.039
0.025
0.011
-0.001
-0.006
-0.009
-0.01
-0.012
-0.012
-0.012
-0.012
-0.013
-0.013
-0.014
-0.015
-0.015
-0.016
-0.016
-0.016
-0.016
-0.017
-0.018
-0.018
-0.019
-0.022
-0.028
-0.035
-0.044
-0.056
-0.067
-0.074
-0.069
-0.05
-0.003
0.069
0.174
0.309
0.469
0.641
0.802
0.926
0.986
0.963
0.856
0.684
0.477
0.276
0.124
0.029
-0.001
-0.011
-0.019
-0.027
-0.033
-0.039
-0.043
-0.045
-0.047
-0.048
-0.049
-0.05
-0.051
-0.051
-0.052
-0.053
-0.053
-0.052
-0.051
-0.049
-0.047
-0.044
-0.041
-0.037
-0.03
-0.024
-0.018
-0.013
-0.009
-0.006
-0.003
0.0
0.002
0.007
0.013
0.022
0.028
0.032
0.036
0.04
0.043
0.047
0.052
0.059
0.065
0.071
0.078
0.087
0.097
0.107
0.117
0.127
0.137
0.147
0.157
0.165
0.173
0.176
0.177
0.178
0.179
0.18
0.177
0.17
0.16
0.146
0.133
0.118
0.1
0.083
0.065
0.048
0.033
0.018
0.005
-0.008
-0.02
-0.027
-0.034
-0.041
-0.048
-0.054
-0.058
-0.06
-0.061
-0.062
-0.062
-0.063
-0.063
-0.063
-0.063
-0.063
-0.063
-0.063
-0.063
-0.063
-0.063
-0.063
-0.062
-0.062
-0.062
-0.062
-0.061
-0.061
-0.061
-0.06
-0.06
-0.059
-0.059
-0.058
-0.058
-0.057
-0.056
-0.056
-0.056
-0.056
-0.056
-0.056
-0.055
-0.055
-0.055
-0.054
-0.054
-0.053
-0.053
-0.052
-0.052
-0.052
-0.051
-0.051
-0.05
-0.05
-0.049
-0.048
-0.047
-0.045
-0.043
-0.041
-0.039
-0.037
-0.035
-0.033
-0.032
-0.03
-0.028
-0.027
-0.025
-0.023
-0.022
-0.02
-0.018
-0.017
-0.015
-0.015
-0.014
-0.013
-0.013
-0.012
-0.011
-0.01
-0.009
-0.007
-0.005
-0.002
0.006
0.017
0.026
0.033
0.038
0.039
0.039
0.04
0.04
0.04
0.041
0.041
0.042
0.042
0.044
0.045
0.046
0.048
0.05
0.048
0.039
0.029
0.018
0.008
-0.003
-0.021
-0.03
-0.033
-0.035
-0.037
-0.039
-0.041
-0.042
-0.042
-0.043
-0.044
-0.044
-0.045
-0.045
-0.046
-0.047
-0.047
-0.048
-0.05
-0.051
-0.052
-0.054
-0.055
-0.057
-0.06
-0.062
-0.067
-0.077
-0.083
-0.079
-0.068
-0.035
0.036
0.147
0.295
0.468
0.645
0.805
0.915
0.956
0.906
0.772
0.58
0.364
0.173
0.038
-0.018
-0.035
-0.045
-0.052
-0.057
-0.06
-0.063
-0.065
-0.067
-0.069
-0.071
-0.072
-0.072
-0.072
-0.072
-0.072
-0.072
-0.071
-0.069
-0.067
-0.064
-0.061
-0.058
-0.055
-0.051
-0.045
-0.04
-0.035
-0.029
-0.024
-0.018
-0.013
-0.008
-0.003
0.001
0.006
0.012
0.018
0.022
0.027
0.031
0.037
0.043
0.051
0.057
0.063
0.069
0.075
0.082
0.09
0.102
0.113
0.127
0.144
0.157
0.167
0.176
0.181
0.186
0.189
0.19
0.188
0.183
0.176
0.168
0.155
0.144
0.129
0.112
0.094
0.075
0.052
0.031
0.015
0.003
-0.013
-0.022
-0.027
-0.032
-0.035
-0.038
-0.041
-0.043
-0.045
-0.047
-0.049
-0.05
-0.051
-0.052
-0.053
-0.053
-0.054
-0.054
-0.055
-0.055
-0.056
-0.057
-0.058
-0.059
-0.059
-0.06
-0.06
-0.06
-0.061
-0.061
-0.061
-0.061
-0.061
-0.061
-0.062
-0.062
-0.062
-0.062
-0.062
-0.061
-0.061
-0.06
-0.06
-0.059
-0.057
-0.056
-0.054
-0.053
-0.052
-0.051
-0.05
-0.049
-0.048
-0.047
-0.047
-0.046
-0.046
-0.045
-0.044
-0.043
-0.042
-0.04
-0.039
-0.038
-0.037
-0.036
-0.035
-0.034
-0.034
-0.033
-0.033
-0.033
-0.032
-0.031
-0.031
-0.03
-0.029
-0.028
-0.026
-0.024
-0.022
-0.02
-0.017
-0.013
-0.009
-0.004
0.0
0.005
0.008
0.012
0.015
0.018
0.021
0.023
0.026
0.028
0.029
0.031
0.032
0.034
0.036
0.038
0.042
0.045
0.047
0.045
0.041
0.034
0.024
0.006
-0.008
-0.019
-0.026
-0.028
-0.03
-0.032
-0.033
-0.034
-0.034
-0.034
-0.034
-0.034
-0.034
-0.035
-0.035
-0.036
-0.036
-0.037
-0.037
-0.038
-0.039
-0.041
-0.042
-0.044
-0.046
-0.049
-0.052
-0.061
-0.075
-0.082
-0.086
-0.076
-0.046
0.01
0.097
0.218
0.37
0.54
0.705
0.841
0.889
0.879
0.782
0.602
0.387
0.182
0.032
-0.037
-0.061
-0.05
-0.041
-0.035
-0.031
-0.029
-0.028
-0.031
-0.034
-0.037
-0.039
-0.041
-0.042
-0.043
-0.045
-0.047
-0.048
-0.048
-0.046
-0.044
-0.04
-0.036
-0.032
-0.028
-0.021
-0.014
-0.008
-0.002
0.003
0.007
0.011
0.014
0.017
0.02
0.023
0.025
0.027
0.029
0.032
0.038
0.048
0.059
0.069
0.077
0.085
0.094
0.107
0.125
0.138
0.146
0.154
0.161
0.17
0.178
0.184
0.188
0.191
0.194
0.196
0.197
0.198
0.197
0.194
0.19
0.184
0.173
0.153
0.134
0.116
0.097
0.078
0.06
0.04
0.024
0.014
0.007
0.001
-0.004
-0.009
-0.015
-0.021
-0.027
-0.032
-0.039
-0.043
-0.046
-0.047
-0.048
-0.048
-0.048
-0.049
-0.05
-0.051
-0.051
-0.052
-0.052
-0.053
-0.053
-0.052
-0.052
-0.051
-0.05
-0.048
-0.047
-0.046
-0.045
-0.045
-0.045
-0.045
-0.045
-0.045
-0.044
-0.044
-0.043
-0.043
-0.042
-0.041
-0.04
-0.038
-0.037
-0.036
-0.035
-0.033
-0.032
-0.03
-0.028
-0.026
-0.024
-0.022
-0.021
-0.019
-0.017
-0.016
-0.014
-0.013
-0.012
-0.01
-0.009
-0.008
-0.006
-0.005
-0.004
-0.003
-0.002
-0.001
0.0
0.001
0.002
0.004
0.006
0.009
0.013
0.017
0.021
0.025
0.028
0.032
0.034
0.037
0.039
0.04
0.042
0.043
0.045
0.047
0.049
0.05
0.051
0.052
0.054
0.055
0.056
0.058
0.06
0.064
0.067
0.067
0.061
0.053
0.043
0.03
0.022
0.012
-0.002
-0.01
-0.013
-0.015
-0.016
-0.017
-0.018
-0.019
-0.02
-0.021
-0.022
-0.023
-0.024
-0.025
-0.025
-0.026
-0.026
-0.027
-0.027
-0.028
-0.03
-0.032
-0.034
-0.038
-0.048
-0.057
-0.066
-0.073
-0.073
-0.063
-0.032
0.024
0.113
0.236
0.386
0.55
0.708
0.832
0.883
0.877
0.796
0.638
0.452
0.269
0.124
0.035
0.0
-0.011
-0.02
-0.027
-0.04
-0.056
-0.063
-0.066
-0.069
-0.071
-0.072
-0.072
-0.071
-0.069
-0.065
-0.061
-0.057
-0.054
-0.051
-0.048
-0.045
-0.041
-0.038
-0.035
-0.033
-0.032
-0.031
-0.028
-0.025
-0.02
-0.011
-0.001
0.003
0.006
0.009
0.011
0.013
0.015
0.017
0.019
0.021
0.023
0.026
0.031
0.041
0.05
0.06
0.069
0.078
0.09
0.105
0.119
0.129
0.14
0.151
0.161
0.167
0.171
0.174
0.176
0.177
0.177
0.175
0.171
0.164
0.154
0.136
0.12
0.105
0.089
0.074
0.059
0.041
0.026
0.017
0.01
0.003
-0.003
-0.012
-0.024
-0.031
-0.036
-0.04
-0.043
-0.045
-0.047
-0.048
-0.049
-0.05
-0.051
-0.052
-0.052
-0.052
-0.053
-0.053
-0.054
-0.054
-0.055
-0.055
-0.055
-0.055
-0.055
-0.055
-0.055
-0.055
-0.055
-0.055
-0.054
-0.054
-0.054
-0.053
-0.052
-0.052
-0.051
-0.05
-0.049
-0.048
-0.047
-0.045
-0.044
-0.043
-0.042
-0.041
-0.039
-0.038
-0.037
-0.035
-0.034
-0.032
-0.029
-0.027
-0.024
-0.023
-0.021
-0.02
-0.018
-0.016
-0.015
-0.014
-0.013
-0.011
-0.01
-0.009
-0.007
-0.005
-0.004
-0.002
-0.001
0.0
0.002
0.004
0.005
0.008
0.01
0.013
0.016
0.021
0.028
0.033
0.038
0.043
0.047
0.051
0.054
0.057
0.06
0.062
0.063
0.064
0.065
0.065
0.066
0.067
0.069
0.07
0.071
0.071
0.068
0.063
0.057
0.049
0.036
0.025
0.015
0.007
0.0
-0.008
-0.012
-0.015
-0.018
-0.021
-0.023
-0.025
-0.027
-0.029
-0.03
-0.031
-0.033
-0.035
-0.037
-0.039
-0.042
-0.045
-0.048
-0.052
-0.055
-0.059
-0.062
-0.066
-0.072
-0.081
-0.086
-0.083
-0.076
-0.058
-0.007
0.074
0.191
0.339
0.502
0.668
0.812
0.906
0.916
0.874
0.73
0.535
0.325
0.142
0.021
-0.043
-0.058
-0.062
-0.064
-0.067
-0.069
-0.07
-0.072
-0.073
-0.075
-0.076
-0.077
-0.078
-0.079
-0.08
-0.082
-0.084
-0.085
-0.086
-0.086
-0.084
-0.082
-0.079
-0.075
-0.072
-0.068
-0.063
-0.058
-0.054
-0.05
-0.045
-0.04
-0.033
-0.027
-0.021
-0.015
-0.009
-0.002
0.005
0.012
0.017
0.02
0.023
0.025
0.027
0.03
0.032
0.034
0.037
0.041
0.049
0.066
0.081
0.091
0.101
0.113
0.127
0.134
0.138
0.141
0.143
0.143
0.14
0.136
0.13
0.123
0.11
0.099
0.083
0.065
0.048
0.032
0.014
-0.002
-0.02
-0.038
-0.051
-0.059
-0.065
-0.069
-0.071
-0.072
-0.073
-0.074
-0.075
-0.075
-0.076
-0.077
-0.078
-0.079
-0.079
-0.079
-0.079
-0.079
-0.079
-0.079
-0.078
-0.078
-0.077
-0.076
-0.076
-0.075
-0.074
-0.074
-0.073
-0.072
-0.071
-0.07
-0.07
-0.069
-0.068
-0.067
-0.065
-0.064
-0.063
-0.062
-0.061
-0.059
-0.058
-0.058
-0.057
-0.057
-0.056
-0.056
-0.055
-0.053
-0.052
-0.05
-0.048
-0.046
-0.044
-0.043
-0.041
-0.04
-0.039
-0.038
-0.037
-0.036
-0.035
-0.033
-0.031
-0.029
-0.027
-0.025
-0.023
-0.02
-0.019
-0.017
-0.016
-0.015
-0.013
-0.012
-0.01
-0.008
-0.004
0.0
0.004
0.01
0.015
0.02
0.025
0.03
0.036
0.041
0.044
0.047
0.049
0.05
0.052
0.053
0.055
0.056
0.057
0.057
0.058
0.058
0.057
0.055
0.052
0.048
0.044
0.039
0.034
0.026
0.009
-0.005
-0.011
-0.014
-0.017
-0.019
-0.021
-0.023
-0.024
-0.025
-0.026
-0.027
-0.028
-0.03
-0.03
-0.031
-0.031
-0.031
-0.032
-0.033
-0.033
-0.034
-0.035
-0.037
-0.04
-0.048
-0.06
-0.074
-0.086
-0.089
-0.095
-0.092
-0.065
-0.007
0.085
0.219
0.384
0.568
0.745
0.883
0.934
0.925
0.83
0.65
0.438
0.242
0.094
0.009
-0.018
-0.027
-0.036
-0.043
-0.058
-0.07
-0.072
-0.074
-0.075
-0.075
-0.075
-0.071
-0.066
-0.061
-0.058
-0.056
-0.054
-0.052
-0.05
-0.048
-0.046
-0.044
-0.043
-0.041
-0.04
-0.038
-0.037
-0.037
-0.036
-0.035
-0.034
-0.032
-0.029
-0.024
-0.018
-0.011
-0.004
0.002
0.009
0.016
0.024
0.031
0.04
0.049
0.057
0.062
0.069
0.077
0.09
0.102
0.114
0.124
0.133
0.142
0.155
0.162
0.167
0.17
0.173
0.175
0.175
0.174
0.17
0.165
0.159
0.146
0.126
0.11
0.092
0.075
0.056
0.036
0.014
-0.003
-0.017
-0.03
-0.039
-0.045
-0.049
-0.053
-0.056
-0.059
-0.061
-0.062
-0.063
-0.064
-0.065
-0.066
-0.067
-0.067
-0.068
-0.068
-0.069
-0.07
-0.07
-0.071
-0.071
-0.07
-0.07
-0.07
-0.069
-0.068
-0.066
-0.064
-0.063
-0.062
-0.061
-0.06
-0.059
-0.058
-0.057
-0.056
-0.056
-0.055
-0.054
-0.053
-0.052
-0.05
-0.05
-0.049
-0.048
-0.048
-0.047
-0.046
-0.045
-0.044
-0.044
-0.043
-0.042
-0.041
-0.039
-0.037
-0.035
-0.033
-0.032
-0.03
-0.028
-0.027
-0.025
-0.024
-0.024
-0.023
-0.021
-0.019
-0.017
-0.015
-0.013
-0.011
-0.01
-0.009
-0.008
-0.007
-0.006
-0.006
-0.005
-0.004
-0.003
-0.001
0.003
0.008
0.014
0.021
0.026
0.03
0.034
0.037
0.04
0.043
0.045
0.046
0.048
0.05
0.052
0.055
0.058
0.06
0.059
0.057
0.053
0.047
0.038
0.02
0.006
-0.002
-0.007
-0.011
-0.013
-0.014
-0.015
-0.015
-0.016
-0.016
-0.017
-0.017
-0.017
-0.017
-0.018
-0.018
-0.019
-0.02
-0.021
-0.021
-0.022
-0.023
-0.025
-0.027
-0.03
-0.032
-0.04
-0.056
-0.066
-0.074
-0.073
-0.06
-0.022
0.048
0.151
0.285
0.439
0.599
0.742
0.847
0.878
0.825
0.685
0.494
0.285
0.109
-0.008
-0.041
-0.049
-0.054
-0.059
-0.062
-0.064
-0.066
-0.066
-0.066
-0.066
-0.065
-0.063
-0.06
-0.057
-0.054
-0.052
-0.051
-0.049
-0.047
-0.044
-0.042
-0.04
-0.039
-0.037
-0.035
-0.033
-0.03
-0.027
-0.024
-0.021
-0.017
-0.014
-0.011
-0.007
-0.001
0.006
0.013
0.018
0.022
0.026
0.032
0.039
0.046
0.054
0.061
0.068
0.076
0.085
0.097
0.109
0.121
0.131
0.141
0.151
0.162
0.17
0.175
0.179
0.182
0.183
0.182
0.18
0.175
0.17
0.159
0.142
0.128
0.113
0.098
0.082
0.064
0.044
0.026
0.013
0.002
-0.007
-0.017
-0.029
-0.038
-0.043
-0.048
-0.051
-0.053
-0.055
-0.057
-0.058
-0.058
-0.058
-0.059
-0.06
-0.06
-0.06
-0.061
-0.061
-0.061
-0.061
-0.062
-0.062
-0.061
-0.061
-0.06
-0.06
-0.06
-0.06
-0.06
-0.06
-0.06
-0.06
-0.06
-0.06
-0.06
-0.06
-0.06
-0.06
-0.059
-0.058
-0.058
-0.057
-0.056
-0.055
-0.054
-0.053
-0.051
-0.051
-0.049
-0.047
-0.044
-0.041
-0.04
-0.039
-0.038
-0.037
-0.035
-0.034
-0.033
-0.032
-0.03
-0.028
-0.025
-0.023
-0.022
-0.021
-0.021
-0.02
-0.02
-0.02
-0.019
-0.018
-0.017
-0.016
-0.015
-0.014
-0.013
-0.012
-0.011
-0.009
-0.008
-0.006
-0.005
-0.002
0.0
0.002
0.008
0.014
0.017
0.019
0.021
0.023
0.024
0.025
0.026
0.027
0.028
0.029
0.029
0.03
0.031
0.031
0.033
0.035
0.034
0.024
0.014
0.003
-0.005
-0.015
-0.025
-0.032
-0.034
-0.036
-0.038
-0.039
-0.04
-0.041
-0.041
-0.042
-0.042
-0.043
-0.044
-0.045
-0.045
-0.046
-0.047
-0.048
-0.049
-0.051
-0.053
-0.055
-0.059
-0.068
-0.081
-0.093
-0.103
-0.104
-0.098
-0.082
-0.03
0.052
0.167
0.311
0.47
0.631
0.767
0.849
0.857
0.816
0.684
0.506
0.312
0.136
0.007
-0.065
-0.077
-0.08
-0.082
-0.084
-0.086
-0.086
-0.087
-0.086
-0.085
-0.084
-0.082
-0.081
-0.08
-0.079
-0.078
-0.078
-0.077
-0.075
-0.073
-0.071
-0.069
-0.067
-0.064
-0.061
-0.057
-0.051
-0.046
-0.041
-0.036
-0.032
-0.027
-0.023
-0.018
-0.014
-0.01
-0.006
-0.002
0.001
0.005
0.01
0.015
0.022
0.029
0.036
0.043
0.05
0.057
0.064
0.075
0.09
0.102
0.111
0.12
0.128
0.136
0.146
0.152
0.156
0.16
0.162
0.162
0.16
0.157
0.152
0.143
0.127
0.11
0.094
0.079
0.064
0.05
0.036
0.021
0.008
-0.001
-0.008
-0.018
-0.027
-0.036
-0.044
-0.047
-0.049
-0.051
-0.052
-0.054
-0.055
-0.056
-0.056
-0.056
-0.056
-0.056
-0.056
-0.056
-0.055
-0.054
-0.054
-0.054
-0.053
-0.053
-0.053
-0.053
-0.053
-0.052
-0.052
-0.052
-0.051
-0.05
-0.05
-0.049
-0.049
-0.049
-0.049
-0.049
-0.048
-0.048
-0.048
-0.048
-0.048
-0.048
-0.048
-0.047
-0.047
-0.046
-0.044
-0.043
-0.042
-0.04
-0.039
-0.037
-0.035
-0.032
-0.03
-0.027
-0.025
-0.023
-0.023
-0.022
-0.021
-0.02
-0.02
-0.02
-0.019
-0.019
-0.019
-0.018
-0.017
-0.016
-0.016
-0.015
-0.015
-0.015
-0.014
-0.013
-0.012
-0.01
-0.008
-0.004
0.006
0.014
0.021
0.026
0.03
0.035
0.039
0.042
0.045
0.047
0.049
0.052
0.054
0.057
0.06
0.063
0.066
0.07
0.074
0.076
0.076
0.073
0.068
0.063
0.053
0.035
0.018
0.001
-0.005
-0.008
-0.011
-0.013
-0.015
-0.015
-0.016
-0.016
-0.016
-0.016
-0.015
-0.015
-0.014
-0.013
-0.012
-0.011
-0.01
-0.008
-0.007
-0.005
-0.004
-0.004
-0.007
-0.012
-0.018
-0.032
-0.045
-0.048
-0.05
-0.039
-0.005
0.056
0.152
0.282
0.439
0.61
0.776
0.91
0.97
0.967
0.887
0.72
0.512
0.308
0.142
0.034
0.002
-0.006
-0.012
-0.019
-0.026
-0.032
-0.035
-0.039
-0.042
-0.045
-0.047
-0.048
-0.049
-0.048
-0.048
-0.048
-0.047
-0.045
-0.043
-0.041
-0.038
-0.036
-0.034
-0.032
-0.03
-0.027
-0.024
-0.021
-0.017
-0.013
-0.009
-0.003
0.001
0.006
0.01
0.014
0.019
0.025
0.03
0.035
0.04
0.045
0.051
0.057
0.063
0.07
0.079
0.087
0.098
0.111
0.123
0.132
0.139
0.146
0.151
0.157
0.164
0.169
0.173
0.177
0.179
0.179
0.177
0.173
0.168
0.159
0.142
0.123
0.105
0.087
0.068
0.048
0.029
0.015
0.004
-0.006
-0.014
-0.019
-0.023
-0.027
-0.031
-0.034
-0.038
-0.041
-0.045
-0.048
-0.051
-0.053
-0.055
-0.057
-0.057
-0.058
-0.058
-0.059
-0.06
-0.06
-0.061
-0.061
-0.061
-0.06
-0.059
-0.058
-0.057
-0.056
-0.054
-0.053
-0.052
-0.051
-0.051
-0.05
-0.05
-0.049
-0.049
-0.049
-0.048
-0.048
-0.048
-0.048
-0.048
-0.048
-0.048
-0.048
-0.048
-0.048
-0.047
-0.046
-0.046
-0.045
-0.044
-0.043
-0.043
-0.042
-0.041
-0.04
-0.039
-0.039
-0.038
-0.037
-0.036
-0.035
-0.033
-0.032
-0.03
-0.026
-0.023
-0.021
-0.018
-0.016
-0.015
-0.014
-0.012
-0.011
-0.01
-0.009
-0.007
-0.006
-0.005
-0.003
-0.001
0.001
0.003
0.006
0.009
0.014
0.02
0.025
0.03
0.034
0.037
0.04
