0.114
0.115
0.118
0.12
0.122
0.124
0.126
0.129
0.132
0.134
0.138
0.149
0.17
0.156
0.116
-0.164
-0.632
-1.133
-1.549
-1.839
-1.957
-1.969
-1.91
-1.775
-1.552
-1.202
-0.701
-0.156
0.227
0.337
0.374
0.344
0.318
0.301
0.288
0.279
0.271
0.264
0.258
0.253
0.249
0.243
0.238
0.233
0.229
0.227
0.224
0.22
0.216
0.213
0.211
0.21
0.208
0.205
0.203
0.202
0.2
0.198
0.195
0.194
0.192
0.191
0.189
0.188
0.186
0.186
0.185
0.183
0.182
0.181
0.18
0.179
0.178
0.178
0.177
0.177
0.176
0.176
0.175
0.174
0.174
0.173
0.171
0.17
0.169
0.167
0.166
0.165
0.163
0.161
0.16
0.158
0.156
0.154
0.151
0.148
0.144
0.141
0.137
0.133
0.13
0.127
0.124
0.122
0.12
0.118
0.115
0.112
0.109
0.104
0.1
0.096
0.091
0.087
0.084
0.081
0.078
0.076
0.073
0.07
0.068
0.065
0.062
0.059
0.056
0.053
0.051
0.048
0.045
0.042
0.038
0.035
0.032
0.028
0.025
0.022
0.019
0.018
0.017
0.016
0.015
0.014
0.012
0.01
0.008
0.006
0.004
0.003
0.001
0.0
0.0
-0.001
-0.001
-0.001
-0.001
-0.002
-0.002
-0.003
-0.004
-0.005
-0.006
-0.007
-0.009
-0.01
-0.01
-0.011
-0.011
-0.01
-0.01
-0.009
-0.009
-0.008
-0.007
-0.007
-0.006
-0.006
-0.006
-0.006
-0.006
-0.005
-0.003
-0.001
0.0
0.002
0.005
0.007
0.009
0.011
0.012
0.013
0.014
0.016
0.017
0.018
0.02
0.021
0.022
0.023
0.024
0.024
0.025
0.024
0.024
0.024
0.024
0.024
0.023
0.022
0.022
0.021
0.02
0.018
0.017
0.015
0.012
0.01
0.007
0.004
0.0
-0.007
-0.014
-0.02
-0.025
-0.029
-0.034
-0.037
-0.038
-0.036
-0.029
-0.018
0.0
0.026
0.067
0.112
0.159
0.199
0.213
0.204
0.177
0.102
0.003
-0.106
-0.208
-0.287
-0.323
-0.335
-0.324
-0.29
-0.242
-0.192
-0.149
-0.113
-0.092
-0.076
-0.066
-0.057
-0.047
-0.041
-0.037
-0.034
-0.03
-0.027
-0.024
-0.021
-0.017
-0.014
-0.011
-0.008
-0.005
-0.001
0.001
0.003
0.005
0.007
0.009
0.011
0.012
0.013
0.014
0.015
0.016
0.017
0.018
0.019
0.019
0.02
0.021
0.021
0.022
0.023
0.024
0.024
0.025
0.027
0.029
0.031
0.033
0.035
0.038
0.04
0.043
0.045
0.048
0.05
0.053
0.056
0.058
0.061
0.064
0.067
0.069
0.071
0.073
0.076
0.078
0.081
0.084
0.088
0.092
0.094
0.095
0.096
0.096
0.097
0.097
0.097
0.098
0.098
0.099
0.1
0.101
0.101
0.102
0.102
0.103
0.103
0.103
0.103
0.104
0.104
0.105
0.106
0.108
0.109
0.112
0.115
0.116
0.113
0.107
0.101
0.098
0.095
0.093
0.09
0.088
0.086
0.084
0.083
0.081
0.08
0.079
0.078
0.077
0.076
0.075
0.074
0.074
0.073
0.073
0.072
0.072
0.072
0.071
0.071
0.07
0.07
0.069
0.069
0.068
0.067
0.065
0.064
0.063
0.062
0.062
0.061
0.06
0.06
0.059
0.059
0.059
0.058
0.058
0.057
0.057
0.056
0.055
0.054
0.053
0.052
0.051
0.05
0.05
0.049
0.047
0.046
0.045
0.043
0.041
0.039
0.037
0.034
0.03
0.026
0.023
0.021
0.019
0.017
0.016
0.014
0.012
0.011
0.01
0.008
0.006
0.004
0.002
0.0
-0.004
-0.007
-0.011
-0.016
-0.02
-0.025
-0.028
-0.032
-0.035
-0.037
-0.038
-0.039
-0.04
-0.041
-0.041
-0.042
-0.042
-0.042
-0.043
-0.043
-0.044
-0.045
-0.047
-0.048
-0.049
-0.05
-0.051
-0.053
-0.054
-0.055
-0.056
-0.058
-0.059
-0.061
-0.064
-0.066
-0.069
-0.072
-0.074
-0.076
-0.077
-0.079
-0.08
-0.081
-0.083
-0.084
-0.084
-0.085
-0.086
-0.087
-0.087
-0.088
-0.089
-0.089
-0.089
-0.089
-0.089
-0.089
-0.089
-0.089
-0.088
-0.087
-0.086
-0.085
-0.085
-0.084
-0.083
-0.082
-0.081
-0.08
-0.079
-0.079
-0.079
-0.079
-0.079
-0.08
-0.08
-0.08
-0.08
-0.08
-0.08
-0.079
-0.079
-0.079
-0.079
-0.08
-0.08
-0.08
-0.081
-0.081
-0.081
-0.082
-0.081
-0.081
-0.08
-0.082
-0.086
-0.091
-0.094
-0.097
-0.1
-0.103
-0.105
-0.107
-0.108
-0.109
-0.109
-0.108
-0.107
-0.105
-0.103
-0.099
-0.095
-0.077
-0.047
-0.007
0.042
0.097
0.15
0.185
0.189
0.17
0.102
0.0
-0.125
-0.245
-0.341
-0.388
-0.403
-0.393
-0.363
-0.32
-0.277
-0.238
-0.206
-0.176
-0.155
-0.141
-0.133
-0.127
-0.122
-0.118
-0.114
-0.108
-0.102
-0.095
-0.089
-0.086
-0.084
-0.083
-0.082
-0.082
-0.081
-0.081
-0.081
-0.08
-0.079
-0.079
-0.078
-0.077
-0.076
-0.075
-0.074
-0.073
-0.072
-0.071
-0.07
-0.069
-0.067
-0.066
-0.064
-0.061
-0.058
-0.055
-0.051
-0.048
-0.044
-0.041
-0.038
-0.035
-0.033
-0.031
-0.029
-0.027
-0.025
-0.023
-0.021
-0.018
-0.016
-0.014
-0.011
-0.009
-0.006
-0.003
0.0
0.003
0.005
0.008
0.01
0.011
0.013
0.014
0.015
0.015
0.016
0.017
0.018
0.019
0.02
0.021
0.022
0.023
0.023
0.024
0.024
0.025
0.026
0.028
0.032
0.04
0.045
0.048
0.05
0.052
0.054
0.055
0.056
0.057
0.058
0.058
0.059
0.06
0.06
0.061
0.063
0.065
0.062
0.056
0.053
0.051
0.049
0.047
0.046
0.044
0.042
0.041
0.039
0.038
0.038
0.037
0.038
0.039
0.04
0.041
0.043
0.044
0.046
0.047
0.049
0.05
0.052
0.053
0.056
0.058
0.061
0.064
0.067
0.069
0.07
0.07
0.071
0.071
0.071
0.071
0.07
0.07
0.069
0.069
0.069
0.07
0.07
0.069
0.069
0.069
0.069
0.068
0.067
0.065
0.063
0.061
0.059
0.057
0.054
0.048
0.044
0.043
0.042
0.041
0.04
0.039
0.038
0.037
0.035
0.033
0.031
0.028
0.025
0.023
0.021
0.02
0.018
0.017
0.015
0.013
0.011
0.008
0.006
0.004
0.003
0.001
0.0
-0.001
-0.003
-0.005
-0.009
-0.014
-0.018
-0.021
-0.024
-0.027
-0.03
-0.034
-0.038
-0.041
-0.045
-0.049
-0.054
-0.059
-0.065
-0.07
-0.073
-0.075
-0.077
-0.079
-0.081
-0.083
-0.085
-0.088
-0.09
-0.092
-0.095
-0.097
-0.1
-0.103
-0.106
-0.108
-0.111
-0.115
-0.118
-0.122
-0.127
-0.132
-0.137
-0.143
-0.149
-0.153
-0.156
-0.159
-0.161
-0.163
-0.165
-0.167
-0.169
-0.17
-0.171
-0.171
-0.172
-0.173
-0.173
-0.174
-0.174
-0.175
-0.175
-0.176
-0.176
-0.176
-0.176
-0.176
-0.176
-0.177
-0.177
-0.177
-0.178
-0.179
-0.18
-0.181
-0.182
-0.183
-0.184
-0.185
-0.186
-0.187
-0.188
-0.189
-0.192
-0.195
-0.199
-0.202
-0.205
-0.207
-0.21
-0.212
-0.214
-0.216
-0.218
-0.22
-0.221
-0.223
-0.224
-0.225
-0.226
-0.228
-0.23
-0.231
-0.232
-0.232
-0.231
-0.229
-0.225
-0.22
-0.211
-0.197
-0.178
-0.151
-0.116
-0.075
-0.033
0.003
0.025
0.026
0.005
-0.055
-0.148
-0.259
-0.367
-0.454
-0.502
-0.518
-0.512
-0.494
-0.455
-0.409
-0.359
-0.316
-0.285
-0.27
-0.261
-0.257
-0.253
-0.248
-0.243
-0.237
-0.229
-0.224
-0.222
-0.221
-0.22
-0.219
-0.219
-0.219
-0.219
-0.218
-0.218
-0.217
-0.217
-0.217
-0.216
-0.216
-0.215
-0.214
-0.213
-0.212
-0.211
-0.21
-0.209
-0.208
-0.207
-0.206
-0.206
-0.204
-0.202
-0.199
-0.198
-0.198
-0.199
-0.201
-0.203
-0.204
-0.206
-0.208
-0.211
-0.213
-0.214
-0.213
-0.211
-0.207
-0.203
-0.198
-0.191
-0.185
-0.18
-0.176
-0.173
-0.171
-0.169
-0.168
-0.165
-0.164
-0.162
-0.16
-0.157
-0.154
-0.148
-0.142
-0.135
-0.129
-0.122
-0.116
-0.11
-0.105
-0.099
-0.092
-0.085
-0.078
-0.071
-0.065
-0.059
-0.052
-0.044
-0.035
-0.025
-0.016
-0.007
0.005
0.019
0.03
0.038
0.046
0.051
0.054
0.058
0.062
0.065
0.069
0.074
0.081
0.088
0.095
0.1
0.103
0.107
0.11
0.113
0.116
0.119
0.122
0.126
0.133
0.14
0.148
0.155
0.163
0.168
0.173
0.178
0.182
0.187
0.192
0.198
0.202
0.207
0.211
0.216
0.223
0.228
0.231
0.232
0.234
0.236
0.237
0.238
0.24
0.241
0.242
0.243
0.244
0.245
0.246
0.247
0.247
0.248
0.248
0.248
0.248
0.248
0.247
0.247
0.246
0.245
0.245
0.244
0.243
0.242
0.241
0.24
0.238
0.237
0.236
0.234
0.232
0.23
0.228
0.225
0.223
0.222
0.221
0.22
0.221
0.222
0.224
0.227
0.23
0.232
0.235
0.238
0.242
0.247
0.25
0.252
0.252
0.252
0.253
0.253
0.254
0.255
0.254
0.25
0.245
0.242
0.24
0.238
0.236
0.234
0.232
0.231
0.23
0.23
0.23
0.231
0.232
0.235
0.237
0.24
0.244
0.247
0.251
0.254
0.259
0.265
0.269
0.271
0.272
0.272
0.272
0.272
0.272
0.272
0.273
0.273
0.272
0.27
0.266
0.262
0.258
0.255
0.253
0.25
0.247
0.244
0.241
0.238
0.235
0.232
0.228
0.223
0.218
0.214
0.211
0.208
0.206
0.204
0.202
0.2
0.197
0.194
0.191
0.188
0.185
0.182
0.18
0.177
0.175
0.173
0.171
0.169
0.167
0.166
0.164
0.162
0.158
0.151
0.143
0.135
0.126
0.117
0.108
0.099
0.09
0.087
0.085
0.083
0.082
0.08
0.079
0.077
0.076
0.075
0.074
0.073
0.072
0.072
0.071
0.071
0.071
0.071
0.071
0.071
0.072
0.072
0.073
0.074
0.076
0.078
0.08
0.082
0.098
0.12
0.152
0.191
0.235
0.276
0.305
0.308
0.294
0.235
0.143
0.03
-0.083
-0.175
-0.223
-0.239
-0.234
-0.221
-0.195
-0.162
-0.128
-0.092
-0.056
-0.023
0.002
0.018
0.026
0.03
0.033
0.035
0.037
0.038
0.038
0.038
0.037
0.036
0.034
0.032
0.03
0.028
0.026
0.024
0.021
0.017
0.014
0.012
0.013
0.014
0.015
0.016
0.017
0.019
0.02
0.022
0.023
0.023
0.022
0.02
0.018
0.016
0.015
0.014
0.013
0.012
0.01
0.009
0.008
0.007
0.007
0.006
0.006
0.007
0.007
0.007
0.007
0.007
0.008
0.008
0.008
0.008
0.008
0.008
0.009
0.009
0.009
0.009
0.009
0.009
0.008
0.008
0.008
0.007
0.007
0.006
0.006
0.006
0.006
0.007
0.007
0.007
0.008
0.008
0.009
0.009
0.009
0.009
0.009
0.01
0.011
0.012
0.013
0.015
0.017
0.018
0.019
0.02
0.021
0.02
0.018
0.016
0.013
0.01
0.006
0.003
-0.001
-0.008
-0.016
-0.022
-0.028
-0.03
-0.033
-0.035
-0.037
-0.039
-0.041
-0.043
-0.044
-0.046
-0.047
-0.048
-0.049
-0.049
-0.05
-0.05
-0.05
-0.05
-0.05
-0.05
-0.05
-0.05
-0.051
-0.051
-0.051
-0.052
-0.052
-0.052
-0.051
-0.05
-0.049
-0.047
-0.045
-0.043
-0.041
-0.039
-0.038
-0.036
-0.036
-0.035
-0.035
-0.036
-0.036
-0.037
-0.037
-0.037
-0.037
-0.037
-0.037
-0.037
-0.037
-0.038
-0.038
-0.038
-0.038
-0.039
-0.039
-0.039
-0.039
-0.038
-0.037
-0.037
-0.035
-0.034
-0.033
-0.031
-0.03
-0.028
-0.027
-0.026
-0.025
-0.024
-0.023
-0.022
-0.022
-0.021
-0.02
-0.019
-0.018
-0.018
-0.018
-0.019
-0.02
-0.022
-0.024
-0.027
-0.029
-0.032
-0.034
-0.036
-0.038
-0.039
-0.041
-0.042
-0.043
-0.045
-0.046
-0.046
-0.047
-0.048
-0.048
-0.049
-0.05
-0.05
-0.051
-0.051
-0.052
-0.053
-0.054
-0.055
-0.055
-0.056
-0.057
-0.057
-0.058
-0.059
-0.059
-0.06
-0.061
-0.062
-0.063
-0.065
-0.066
-0.067
-0.068
-0.069
-0.07
-0.071
-0.071
-0.072
-0.072
-0.072
-0.072
-0.071
-0.071
-0.07
-0.068
-0.067
-0.065
-0.063
-0.061
-0.059
-0.057
-0.055
-0.054
-0.052
-0.051
-0.049
-0.047
-0.044
-0.042
-0.04
-0.038
-0.037
-0.038
-0.038
-0.04
-0.042
-0.045
-0.047
-0.05
-0.052
-0.054
-0.056
-0.058
-0.06
-0.062
-0.064
-0.066
-0.068
-0.071
-0.073
-0.075
-0.077
-0.08
-0.082
-0.084
-0.086
-0.088
-0.091
-0.095
-0.099
-0.102
-0.104
-0.104
-0.103
-0.101
-0.098
-0.093
-0.088
-0.075
-0.053
-0.019
0.02
0.063
0.106
0.138
0.149
0.138
0.103
0.02
-0.089
-0.209
-0.314
-0.383
-0.399
-0.404
-0.395
-0.367
-0.336
-0.3
-0.264
-0.229
-0.196
-0.167
-0.148
-0.14
-0.137
-0.135
-0.134
-0.132
-0.131
-0.13
-0.129
-0.129
-0.128
-0.127
-0.126
-0.126
-0.125
-0.124
-0.123
-0.123
-0.122
-0.122
-0.122
-0.122
-0.121
-0.12
-0.119
-0.117
-0.116
-0.114
-0.113
-0.112
-0.111
-0.11
-0.11
-0.109
-0.109
-0.109
-0.108
-0.107
-0.106
-0.104
-0.103
-0.101
-0.099
-0.098
-0.097
-0.095
-0.094
-0.094
-0.093
-0.092
-0.091
-0.091
-0.09
-0.089
-0.088
-0.086
-0.085
-0.083
-0.082
-0.08
-0.079
-0.078
-0.076
-0.075
-0.074
-0.073
-0.072
-0.071
-0.07
-0.069
-0.067
-0.066
-0.064
-0.062
-0.059
-0.056
-0.054
-0.051
-0.048
-0.046
-0.043
-0.041
-0.039
-0.037
-0.035
-0.031
-0.024
-0.022
-0.021
-0.02
-0.02
-0.019
-0.019
-0.018
-0.019
-0.019
-0.019
-0.02
-0.021
-0.022
-0.024
-0.025
-0.027
-0.028
-0.029
-0.03
-0.031
-0.032
-0.033
-0.033
-0.033
-0.033
-0.032
-0.031
-0.029
-0.027
-0.025
-0.023
-0.021
-0.02
-0.018
-0.016
-0.014
-0.012
-0.01
-0.008
-0.006
-0.004
-0.002
0.0
0.001
0.003
0.006
0.009
0.013
0.016
0.019
0.021
0.024
0.026
0.028
0.03
0.031
0.032
0.033
0.034
0.035
0.035
0.036
0.037
0.039
0.04
0.042
0.043
0.045
0.046
0.047
0.048
0.049
0.05
0.051
0.051
0.052
0.053
0.054
0.055
0.056
0.057
0.058
0.059
0.059
0.059
0.059
0.058
0.057
0.055
0.053
0.051
0.049
0.048
0.046
0.045
0.044
0.043
0.042
0.04
0.038
0.036
0.034
0.032
0.03
0.028
0.027
0.026
0.026
0.026
0.025
0.025
0.025
0.025
0.025
0.025
0.024
0.023
0.021
0.02
0.019
0.018
0.017
0.016
0.016
0.016
0.016
0.016
0.016
0.016
0.016
0.016
0.015
0.014
0.014
0.013
0.012
0.012
0.012
0.012
0.013
0.013
0.013
0.013
0.013
0.014
0.013
0.013
0.012
0.012
0.011
0.01
0.01
0.01
0.009
0.009
0.008
0.008
0.008
0.008
0.007
0.006
0.005
0.004
0.004
0.004
0.005
0.007
0.008
0.009
0.01
0.011
0.012
0.013
0.013
0.013
0.012
0.01
0.008
0.005
0.002
0.0
-0.001
-0.003
-0.005
-0.006
-0.008
-0.009
-0.011
-0.013
-0.014
-0.016
-0.017
-0.019
-0.02
-0.021
-0.022
-0.023
-0.025
-0.027
-0.033
-0.037
-0.038
-0.04
-0.041
-0.043
-0.044
-0.045
-0.045
-0.043
-0.038
-0.031
-0.02
-0.002
0.023
0.058
0.105
0.16
0.217
0.262
0.273
0.264
0.208
0.111
-0.007
-0.128
-0.227
-0.292
-0.306
-0.302
-0.269
-0.226
-0.184
-0.152
-0.125
-0.102
-0.078
-0.063
-0.048
-0.037
-0.029
-0.025
-0.022
-0.02
-0.017
-0.015
-0.012
-0.009
-0.007
-0.006
-0.004
-0.003
-0.002
-0.001
0.0
0.0
0.002
0.004
0.006
0.008
0.01
0.011
0.012
0.014
0.015
0.016
0.017
0.019
0.021
0.023
0.025
0.027
0.029
0.031
0.032
0.034
0.035
0.035
0.036
0.036
0.037
0.038
0.038
0.039
0.04
0.042
0.043
0.045
0.046
0.048
0.049
0.049
0.05
0.05
0.051
0.051
0.052
0.052
0.053
0.054
0.056
0.057
0.058
0.058
0.056
0.053
0.05
0.047
0.043
0.04
0.035
0.032
0.031
0.03
0.03
0.029
0.029
0.028
0.027
0.027
0.029
0.034
0.038
0.041
0.044
0.047
0.049
0.051
0.052
0.05
0.047
0.043
0.04
0.038
0.035
0.032
0.029
0.026
0.023
0.021
0.018
0.016
0.014
0.012
0.011
0.01
0.009
0.009
0.008
0.007
0.006
0.005
0.004
0.002
0.001
0.0
0.0
0.0
-0.001
-0.001
-0.001
-0.001
0.0
0.0
0.0
0.0
-0.001
-0.001
-0.002
-0.003
-0.004
-0.005
-0.006
-0.007
-0.008
-0.008
-0.009
-0.009
-0.01
-0.011
-0.013
-0.014
-0.016
-0.019
-0.022
-0.026
-0.029
-0.031
-0.035
-0.039
-0.046
-0.054
-0.06
-0.064
-0.068
-0.071
-0.075
-0.078
-0.08
-0.082
-0.085
-0.087
-0.089
-0.091
-0.094
-0.096
-0.099
-0.101
-0.104
-0.106
-0.108
-0.11
-0.111
-0.113
-0.116
-0.118
-0.119
-0.121
-0.123
-0.124
-0.126
-0.127
-0.129
-0.131
-0.132
-0.133
-0.134
-0.136
-0.137
-0.138
-0.14
-0.141
-0.142
-0.144
-0.145
-0.147
-0.149
-0.15
-0.151
-0.152
-0.153
-0.154
-0.155
-0.156
-0.156
-0.157
-0.158
-0.159
-0.16
-0.162
-0.164
-0.165
-0.167
-0.168
-0.169
-0.17
-0.171
-0.171
-0.172
-0.173
-0.173
-0.174
-0.175
-0.176
-0.177
-0.178
-0.179
-0.179
-0.179
-0.179
-0.178
-0.177
-0.176
-0.175
-0.174
-0.173
-0.172
-0.172
-0.171
-0.17
-0.169
-0.169
-0.168
-0.167
-0.166
-0.165
-0.163
-0.161
-0.159
-0.156
-0.153
-0.149
-0.144
-0.141
-0.138
-0.136
-0.135
-0.134
-0.133
-0.133
-0.132
-0.132
-0.131
-0.131
-0.131
-0.13
-0.13
-0.129
-0.129
-0.128
-0.128
-0.127
-0.127
-0.126
-0.125
-0.125
-0.125
-0.124
-0.124
-0.123
-0.123
-0.123
-0.123
-0.122
-0.122
-0.121
-0.12
-0.119
-0.118
-0.118
-0.117
-0.116
-0.115
-0.114
-0.111
-0.105
-0.095
-0.077
-0.055
-0.026
0.011
0.056
0.106
0.158
0.206
0.235
0.235
0.204
0.121
0.005
-0.12
-0.233
-0.309
-0.336
-0.337
-0.317
-0.278
-0.232
-0.186
-0.144
-0.11
-0.081
-0.056
-0.041
-0.029
-0.021
-0.014
-0.008
-0.002
0.004
0.009
0.013
0.018
0.025
0.034
0.04
0.044
0.047
0.05
0.053
0.056
0.059
0.061
0.064
0.066
0.069
0.073
0.076
0.08
0.085
0.09
0.095
0.099
0.103
0.106
0.109
0.111
0.113
0.115
0.117
0.119
0.122
0.124
0.126
0.127
0.129
0.131
0.133
0.134
0.136
0.138
0.139
0.14
0.142
0.143
0.144
0.145
0.146
0.146
0.147
0.147
0.147
0.147
0.147
0.147
0.147
0.147
0.147
0.147
0.147
0.147
0.147
0.147
0.147
0.147
0.148
0.148
0.149
0.149
0.15
0.152
0.153
0.154
0.155
0.157
0.158
0.16
0.162
0.165
0.167
0.17
0.172
0.174
0.176
0.177
0.178
0.178
0.177
0.176
0.174
0.172
0.17
0.168
0.167
0.165
0.164
0.162
0.161
0.16
0.158
0.157
0.155
0.154
0.152
0.151
0.151
0.151
0.151
0.152
0.153
0.154
0.155
0.156
0.157
0.158
0.158
0.159
0.159
0.16
0.16
0.16
0.161
0.161
0.162
0.162
0.162
0.161
0.161
0.161
0.16
0.159
0.159
0.158
0.157
0.157
0.157
0.157
0.158
0.158
0.158
0.158
0.157
0.157
0.156
0.155
0.155
0.154
0.154
0.153
0.153
0.153
0.152
0.152
0.151
0.151
0.15
0.149
0.147
0.144
0.141
0.138
0.136
0.133
0.131
0.127
0.122
0.117
0.111
0.109
0.107
0.105
0.104
0.103
0.102
0.101
0.099
0.098
0.096
0.095
0.093
0.092
0.09
0.088
0.086
0.084
0.082
0.079
0.077
0.075
0.072
0.069
0.067
0.064
0.061
0.058
0.055
0.053
0.051
0.048
0.047
0.045
0.044
0.043
0.042
0.042
0.041
0.04
0.04
0.039
0.038
0.037
0.035
0.034
0.033
0.032
0.03
0.029
0.027
0.026
0.025
0.024
0.023
0.022
0.021
0.02
0.02
0.019
0.019
0.019
0.019
0.019
0.019
0.019
0.02
0.02
0.02
0.02
0.019
0.019
0.02
0.02
0.02
0.02
0.02
0.019
0.019
0.019
0.018
0.018
0.017
0.016
0.015
0.014
0.013
0.012
0.011
0.009
0.008
0.007
0.006
0.004
0.002
0.0
-0.003
-0.005
-0.007
-0.009
-0.011
-0.013
-0.015
-0.017
-0.019
-0.021
-0.023
-0.025
-0.028
-0.032
-0.038
-0.047
-0.056
-0.064
-0.071
-0.077
-0.083
-0.088
-0.092
-0.095
-0.097
-0.098
-0.097
-0.095
-0.092
-0.087
-0.072
-0.05
-0.021
0.014
0.056
0.102
0.148
0.177
0.187
0.171
0.121
0.025
-0.091
-0.21
-0.308
-0.371
-0.385
-0.383
-0.355
-0.316
-0.277
-0.242
-0.21
-0.182
-0.159
-0.144
-0.134
-0.13
-0.126
-0.124
-0.121
-0.119
-0.118
-0.116
-0.114
-0.111
-0.108
-0.105
-0.102
-0.097
-0.093
-0.091
-0.089
-0.088
-0.086
-0.085
-0.084
-0.083
-0.082
-0.08
-0.079
-0.077
-0.076
-0.074
-0.072
-0.071
-0.069
-0.068
-0.068
-0.067
-0.066
-0.065
-0.064
-0.063
-0.062
-0.062
-0.061
-0.06
-0.059
-0.059
-0.058
-0.057
-0.056
-0.056
-0.055
-0.055
-0.054
-0.053
-0.053
-0.052
-0.051
-0.05
-0.049
-0.048
-0.046
-0.044
-0.042
-0.04
-0.039
-0.037
-0.036
-0.035
-0.034
-0.033
-0.032
-0.032
-0.031
-0.03
-0.03
-0.029
-0.028
-0.028
-0.027
-0.026
-0.025
-0.024
-0.022
-0.021
-0.019
-0.017
-0.014
-0.011
-0.004
0.002
0.009
0.013
0.017
0.02
0.023
0.025
0.025
0.023
0.021
0.018
0.015
0.011
0.007
0.002
-0.002
-0.006
-0.009
-0.012
-0.014
-0.016
-0.018
-0.019
-0.02
-0.021
-0.021
-0.02
-0.019
-0.018
-0.017
-0.015
-0.013
-0.012
-0.011
-0.011
-0.01
-0.009
-0.008
-0.007
-0.006
-0.005
-0.004
-0.003
-0.003
-0.002
-0.001
-0.001
0.0
0.0
-0.001
-0.001
-0.001
-0.002
-0.002
-0.002
-0.002
-0.003
-0.003
-0.003
-0.002
-0.002
-0.001
-0.001
-0.001
-0.001
-0.001
-0.001
-0.002
-0.002
-0.003
-0.004
-0.004
-0.004
-0.003
-0.003
-0.004
-0.005
-0.005
-0.006
-0.007
-0.008
-0.009
-0.012
-0.014
-0.015
-0.016
-0.016
-0.016
-0.017
-0.018
-0.019
-0.019
-0.02
-0.021
-0.022
-0.023
-0.024
-0.025
-0.025
-0.026
-0.026
-0.026
-0.026
-0.026
-0.026
-0.026
-0.026
-0.027
-0.028
-0.029
-0.029
-0.03
-0.032
-0.033
-0.035
-0.036
-0.038
-0.04
-0.041
-0.043
-0.045
-0.047
-0.048
-0.05
-0.051
-0.052
-0.054
-0.056
-0.057
-0.058
-0.059
-0.06
-0.06
-0.061
-0.061
-0.061
-0.06
-0.06
-0.059
-0.059
-0.059
-0.059
-0.058
-0.058
-0.057
-0.056
-0.056
-0.055
-0.054
-0.053
-0.052
-0.051
-0.05
-0.049
-0.048
-0.047
-0.046
-0.045
-0.044
-0.044
-0.043
-0.042
-0.041
-0.039
-0.037
-0.036
-0.034
-0.033
-0.032
-0.031
-0.03
-0.03
-0.03
-0.031
-0.032
-0.032
-0.033
-0.033
-0.033
-0.034
-0.035
-0.035
-0.036
-0.037
-0.038
-0.039
-0.04
-0.04
-0.039
-0.038
-0.037
-0.035
-0.034
-0.037
-0.043
-0.049
-0.056
-0.059
-0.059
-0.06
-0.061
-0.061
-0.062
-0.063
-0.063
-0.062
-0.061
-0.059
-0.056
-0.051
-0.042
-0.028
-0.005
0.028
0.07
0.117
0.163
0.201
0.213
0.207
0.164
0.08
-0.03
-0.147
-0.249
-0.319
-0.346
-0.346
-0.324
-0.286
-0.247
-0.212
-0.18
-0.153
-0.13
-0.108
-0.091
-0.08
-0.076
-0.072
-0.07
-0.068
-0.067
-0.065
-0.063
-0.062
-0.061
-0.059
-0.058
-0.056
-0.056
-0.055
-0.054
-0.053
-0.052
-0.05
-0.049
-0.048
-0.047
-0.046
-0.046
-0.045
-0.045
-0.045
-0.045
-0.045
-0.045
-0.044
-0.044
-0.044
-0.043
-0.043
-0.043
-0.043
-0.042
-0.042
-0.042
-0.041
-0.041
-0.041
-0.04
-0.039
-0.038
-0.037
-0.035
-0.033
-0.031
-0.028
-0.025
-0.021
-0.017
-0.014
-0.012
-0.011
-0.011
-0.01
-0.01
-0.01
-0.009
-0.009
-0.009
-0.008
-0.008
-0.007
-0.006
-0.006
-0.006
-0.005
-0.005
-0.004
-0.004
-0.004
-0.003
-0.003
-0.002
0.0
0.0
0.002
0.004
0.007
0.012
0.018
0.023
0.028
0.031
0.034
0.036
0.038
0.039
0.04
0.04
0.04
0.038
0.036
0.034
0.032
0.03
0.027
0.024
0.02
0.016
0.012
0.007
0.004
0.001
-0.001
-0.004
-0.006
-0.006
-0.005
-0.003
-0.001
0.002
0.005
0.007
0.01
0.013
0.016
0.019
0.021
0.023
0.023
0.024
0.024
0.024
0.024
0.024
0.023
0.023
0.022
0.022
0.022
0.022
0.022
0.021
0.021
0.021
0.02
0.02
0.019
0.019
0.018
0.018
0.017
0.017
0.017
0.017
0.016
0.016
0.016
0.016
0.016
0.016
0.015
0.015
0.015
0.015
0.015
0.014
0.013
0.013
0.012
0.011
0.011
0.01
0.01
0.01
0.009
0.009
0.009
0.008
0.008
