0.0
-0.002
-0.003
-0.005
-0.007
-0.008
-0.009
-0.01
-0.01
-0.01
-0.01
-0.011
-0.013
-0.015
-0.019
-0.022
-0.026
-0.03
-0.033
-0.036
-0.037
-0.036
-0.033
-0.03
-0.028
-0.025
-0.022
-0.019
-0.017
-0.015
-0.014
-0.014
-0.014
-0.013
-0.012
-0.009
-0.006
-0.002
0.002
0.006
0.01
0.014
0.016
0.017
0.018
0.02
0.022
0.024
0.028
0.033
0.037
0.039
0.039
0.038
0.036
0.035
0.033
0.032
0.03
0.028
0.026
0.025
0.024
0.024
0.024
0.023
0.022
0.022
0.021
0.02
0.019
0.018
0.015
0.012
0.007
0.003
0.0
-0.007
-0.014
-0.019
-0.021
-0.023
-0.025
-0.027
-0.03
-0.032
-0.025
-0.01
0.002
0.013
0.025
0.038
0.052
0.062
0.072
0.08
0.087
0.09
0.09
0.09
0.09
0.09
0.09
0.09
0.091
0.091
0.09
0.089
0.089
0.088
0.088
0.087
0.084
0.08
0.076
0.071
0.067
0.064
0.06
0.055
0.05
0.046
0.044
0.045
0.049
0.054
0.06
0.067
0.075
0.087
0.095
0.095
0.096
0.097
0.098
0.099
0.099
0.1
0.098
0.096
0.094
0.092
0.088
0.084
0.085
0.096
0.11
0.117
0.122
0.127
0.131
0.136
0.14
0.145
0.149
0.152
0.155
0.157
0.159
0.16
0.161
0.162
0.163
0.167
0.17
0.173
0.172
0.167
0.161
0.156
0.152
0.149
0.145
0.141
0.137
0.133
0.128
0.124
0.119
0.115
0.11
0.105
0.1
0.092
0.082
0.073
0.065
0.056
0.047
0.037
0.027
0.019
0.01
0.004
0.0
-0.001
-0.003
-0.004
-0.005
-0.006
-0.007
-0.008
-0.008
-0.009
-0.009
-0.01
-0.01
-0.011
-0.011
-0.012
-0.013
-0.014
-0.015
-0.016
-0.017
-0.017
-0.017
-0.018
-0.018
-0.019
-0.019
-0.02
-0.023
-0.026
-0.028
-0.026
-0.024
-0.022
-0.021
-0.02
-0.019
-0.018
-0.017
-0.016
-0.015
-0.015
-0.015
-0.015
-0.015
-0.016
-0.017
-0.018
-0.019
-0.02
-0.022
-0.023
-0.024
-0.023
-0.023
-0.022
-0.021
-0.02
-0.019
-0.019
-0.019
-0.019
-0.019
-0.02
-0.02
-0.02
-0.019
-0.019
-0.02
-0.02
-0.02
-0.019
-0.019
-0.02
-0.021
-0.023
-0.025
-0.027
-0.029
-0.031
-0.032
-0.033
-0.034
-0.035
-0.035
-0.036
-0.038
-0.039
-0.04
-0.041
-0.042
-0.043
-0.044
-0.045
-0.046
-0.046
-0.044
-0.042
-0.04
-0.038
-0.036
-0.034
-0.033
-0.032
-0.031
-0.03
-0.029
-0.028
-0.028
-0.027
-0.026
-0.024
-0.023
-0.022
-0.023
-0.025
-0.028
-0.032
-0.037
-0.045
-0.05
-0.045
-0.038
-0.034
-0.032
-0.031
-0.029
-0.028
-0.026
-0.024
-0.023
-0.023
-0.023
-0.024
-0.026
-0.028
-0.028
-0.028
-0.027
-0.027
-0.026
-0.025
-0.024
-0.022
-0.021
-0.018
-0.016
-0.015
-0.014
-0.013
-0.012
-0.011
-0.01
-0.008
-0.005
-0.003
-0.001
0.0
0.0
0.0
0.001
0.001
0.001
0.002
0.002
0.001
0.0
0.0
-0.001
-0.002
-0.003
-0.004
-0.005
-0.006
-0.008
-0.01
-0.012
-0.014
-0.015
-0.015
-0.017
-0.019
-0.021
-0.024
-0.027
-0.031
-0.034
-0.038
-0.041
-0.042
-0.042
-0.042
-0.04
-0.038
-0.034
-0.028
-0.022
-0.01
0.01
0.044
0.09
0.149
0.214
0.273
0.297
0.31
0.318
0.318
0.303
0.262
0.211
0.157
0.103
0.052
0.023
0.0
-0.017
-0.037
-0.047
-0.053
-0.058
-0.063
-0.067
-0.07
-0.073
-0.075
-0.076
-0.076
-0.076
-0.076
-0.077
-0.077
-0.077
-0.077
-0.078
-0.079
-0.08
-0.08
-0.079
-0.076
-0.074
-0.071
-0.069
-0.067
-0.065
-0.063
-0.061
-0.061
-0.062
-0.062
-0.063
-0.063
-0.063
-0.063
-0.063
-0.063
-0.062
-0.06
-0.058
-0.055
-0.052
-0.049
-0.047
-0.044
-0.042
-0.04
-0.037
-0.035
-0.032
-0.027
-0.023
-0.018
-0.015
-0.013
-0.012
-0.012
-0.013
-0.014
-0.016
-0.018
-0.021
-0.026
-0.024
-0.007
0.001
0.007
0.012
0.018
0.022
0.025
0.027
0.029
0.028
0.027
0.024
0.02
0.016
0.011
0.006
-0.001
-0.016
-0.029
-0.034
-0.036
-0.037
-0.038
-0.039
-0.041
-0.042
-0.042
-0.043
-0.043
-0.044
-0.045
-0.046
-0.046
-0.046
-0.045
-0.045
-0.044
-0.044
-0.044
-0.044
-0.044
-0.044
-0.045
-0.045
-0.046
-0.046
-0.047
-0.047
-0.048
-0.048
-0.048
-0.048
-0.047
-0.047
-0.046
-0.045
-0.044
-0.043
-0.042
-0.042
-0.041
-0.04
-0.04
-0.039
-0.039
-0.04
-0.04
-0.04
-0.04
-0.04
-0.04
-0.041
-0.042
-0.043
-0.043
-0.043
-0.043
-0.042
-0.041
-0.04
-0.039
-0.038
-0.038
-0.037
-0.037
-0.037
-0.036
-0.034
-0.032
-0.029
-0.026
-0.024
-0.023
-0.022
-0.021
-0.021
-0.021
-0.022
-0.023
-0.024
-0.025
-0.025
-0.026
-0.027
-0.028
-0.028
-0.028
-0.026
-0.024
-0.021
-0.019
-0.018
-0.016
-0.014
-0.012
-0.011
-0.01
-0.009
-0.009
-0.008
-0.008
-0.007
-0.005
-0.004
-0.002
-0.001
-0.001
0.0
0.0
0.001
0.002
0.002
0.002
0.002
0.002
0.001
0.001
0.0
0.0
0.0
-0.001
-0.002
-0.002
-0.003
-0.003
-0.003
-0.003
-0.003
-0.003
-0.004
-0.005
-0.005
-0.004
-0.003
-0.001
0.0
0.002
0.004
0.007
0.01
0.014
0.018
0.029
0.057
0.105
0.166
0.236
0.307
0.37
0.396
0.414
0.411
0.364
0.291
0.217
0.158
0.123
0.087
0.05
0.007
-0.019
-0.032
-0.042
-0.042
-0.033
-0.022
-0.012
-0.029
-0.051
-0.068
-0.071
-0.071
-0.071
-0.07
-0.07
-0.07
-0.071
-0.071
-0.07
-0.068
-0.066
-0.062
-0.059
-0.056
-0.054
-0.053
-0.051
-0.05
-0.048
-0.047
-0.045
-0.043
-0.041
-0.039
-0.038
-0.036
-0.035
-0.033
-0.033
-0.033
-0.032
-0.032
-0.031
-0.031
-0.03
-0.028
-0.027
-0.026
-0.026
-0.026
-0.027
-0.027
-0.027
-0.026
-0.024
-0.023
-0.021
-0.019
-0.016
-0.012
-0.007
-0.001
0.003
0.009
0.02
0.031
0.036
0.037
0.039
0.04
0.042
0.043
0.043
0.043
0.042
0.041
0.038
0.033
0.027
0.021
0.017
0.014
0.011
0.009
0.007
0.005
0.004
0.003
0.0
-0.001
-0.004
-0.007
-0.008
-0.008
-0.008
-0.009
-0.009
-0.01
-0.011
-0.013
-0.014
-0.015
-0.016
-0.016
-0.016
-0.016
-0.016
-0.015
-0.014
-0.013
-0.011
-0.009
-0.008
-0.008
-0.008
-0.008
-0.008
-0.008
-0.008
-0.008
-0.008
-0.007
-0.006
-0.006
-0.005
-0.005
-0.005
-0.004
-0.003
-0.003
-0.002
-0.002
-0.003
-0.004
-0.004
-0.003
-0.002
-0.001
0.0
0.0
0.0
0.002
0.004
0.005
0.006
0.007
0.007
0.008
0.009
0.011
0.011
0.011
0.011
0.011
0.011
0.013
0.014
0.015
0.015
0.015
0.015
0.016
0.017
0.018
0.019
0.019
0.019
0.018
0.019
0.019
0.02
0.02
0.02
0.019
0.02
0.02
0.021
0.021
0.021
0.021
0.021
0.021
0.022
0.022
0.022
0.022
0.023
0.024
0.025
0.027
0.027
0.028
0.028
0.028
0.029
0.029
0.029
0.03
0.031
0.031
0.032
0.032
0.032
0.031
0.03
0.027
0.025
0.022
0.019
0.017
0.013
0.009
0.005
0.002
0.002
0.003
0.006
0.009
0.012
0.015
0.018
0.021
0.024
0.029
0.034
0.041
0.051
0.086
0.139
0.206
0.284
0.368
0.449
0.506
0.525
0.51
0.466
0.368
0.26
0.169
0.105
0.074
0.055
0.04
0.021
-0.005
-0.033
-0.047
-0.055
-0.061
-0.064
-0.063
-0.06
-0.055
-0.051
-0.046
-0.041
-0.039
-0.04
-0.042
-0.044
-0.044
-0.045
-0.045
-0.045
-0.045
-0.045
-0.046
-0.046
-0.046
-0.046
-0.045
-0.044
-0.044
-0.043
-0.043
-0.042
-0.04
-0.039
-0.038
-0.037
-0.037
-0.036
-0.034
-0.033
-0.032
-0.031
-0.031
-0.032
-0.033
-0.032
-0.032
-0.031
-0.031
-0.031
-0.03
-0.029
-0.027
-0.024
-0.021
-0.019
-0.016
-0.013
-0.009
-0.005
-0.001
0.001
0.004
0.008
0.012
0.018
0.023
0.028
0.03
0.031
0.032
0.032
0.033
0.034
0.034
0.034
0.033
0.032
0.031
0.031
0.03
0.026
0.018
0.01
0.002
-0.007
-0.013
-0.015
-0.016
-0.016
-0.017
-0.017
-0.017
-0.017
-0.018
-0.018
-0.018
-0.018
-0.017
-0.017
-0.016
-0.015
-0.014
-0.014
-0.014
-0.014
-0.015
-0.015
-0.015
-0.014
-0.014
-0.014
-0.015
-0.015
-0.015
-0.015
-0.015
-0.015
-0.015
-0.016
-0.016
-0.017
-0.017
-0.018
-0.019
-0.02
-0.02
-0.02
-0.02
-0.02
-0.021
-0.021
-0.022
-0.024
-0.024
-0.024
-0.025
-0.025
-0.026
-0.026
-0.025
-0.024
-0.023
-0.023
-0.022
-0.022
-0.022
-0.021
-0.02
-0.02
-0.019
-0.019
-0.017
-0.013
-0.013
-0.024
-0.04
-0.06
-0.081
-0.097
-0.105
-0.11
-0.113
-0.107
-0.097
-0.09
-0.085
-0.081
-0.077
-0.073
-0.069
-0.063
-0.04
0.0
0.018
0.022
0.025
0.029
0.033
0.038
0.047
0.057
0.047
0.028
0.014
0.008
0.004
0.002
0.004
0.008
0.012
0.017
0.019
0.018
0.017
0.015
0.014
0.014
0.014
0.015
0.019
0.022
0.024
0.025
0.027
0.03
0.032
0.033
0.032
0.031
0.029
0.027
0.024
0.022
0.02
0.016
0.014
0.014
0.019
0.026
0.034
0.04
0.045
0.049
0.053
0.057
0.061
0.064
0.066
0.068
0.07
0.072
0.074
0.077
0.08
0.084
0.09
0.098
0.105
0.11
0.115
0.119
0.123
0.126
0.128
0.129
0.129
0.127
0.124
0.121
0.117
0.113
0.107
0.099
0.091
0.085
0.08
0.075
0.07
0.066
0.061
0.057
0.052
0.048
0.042
0.033
0.025
0.016
0.005
-0.005
-0.014
-0.02
-0.025
-0.029
-0.032
-0.035
-0.037
-0.038
-0.039
-0.04
-0.04
-0.041
-0.041
-0.042
-0.042
-0.042
-0.042
-0.042
-0.042
-0.042
-0.041
-0.041
-0.041
-0.04
-0.039
-0.039
-0.038
-0.038
-0.037
-0.037
-0.036
-0.036
-0.035
-0.035
-0.034
-0.033
-0.031
-0.03
-0.029
-0.028
-0.028
-0.027
-0.026
-0.025
-0.025
-0.024
-0.023
-0.022
-0.02
-0.019
-0.019
-0.02
-0.022
-0.023
-0.024
-0.026
-0.027
-0.026
-0.023
-0.019
-0.014
-0.018
-0.02
-0.021
-0.022
-0.023
-0.024
-0.024
-0.024
-0.025
-0.026
-0.027
-0.027
-0.027
-0.026
-0.026
-0.026
-0.028
-0.029
-0.031
-0.031
-0.03
-0.028
-0.025
-0.024
-0.021
-0.019
-0.018
-0.018
-0.019
-0.02
-0.021
-0.022
-0.022
-0.019
-0.017
-0.016
-0.015
-0.015
-0.014
-0.012
-0.011
-0.009
-0.008
-0.008
-0.007
-0.007
-0.006
-0.006
-0.006
-0.008
-0.009
-0.01
-0.01
-0.011
-0.011
-0.012
-0.013
-0.014
-0.015
-0.016
-0.017
-0.02
-0.024
-0.026
-0.025
-0.022
-0.018
-0.017
-0.016
-0.015
-0.014
-0.013
-0.011
-0.009
-0.008
-0.007
-0.006
-0.006
-0.006
-0.006
-0.007
-0.007
-0.008
-0.008
-0.008
-0.008
-0.007
-0.005
-0.005
-0.007
-0.008
-0.009
-0.01
-0.01
-0.011
-0.011
-0.012
-0.012
-0.012
-0.011
-0.01
-0.008
-0.006
-0.003
0.0
0.002
0.006
0.011
0.016
0.019
0.018
0.017
0.016
0.015
0.014
0.013
0.012
0.012
0.012
0.012
0.012
0.012
0.012
0.014
0.016
0.019
0.021
0.023
0.025
0.028
0.032
0.035
0.036
0.034
0.03
0.025
0.018
0.01
0.009
0.009
0.008
0.007
0.006
0.006
0.008
0.01
0.013
0.015
0.018
0.021
0.023
0.022
0.018
0.014
0.01
0.006
0.002
0.001
0.002
0.004
0.008
0.021
0.05
0.092
0.146
0.21
0.283
0.363
0.442
0.505
0.529
0.526
0.487
0.418
0.329
0.226
0.127
0.047
0.003
-0.011
-0.003
0.007
0.015
0.007
-0.016
-0.051
-0.063
-0.07
-0.068
-0.052
-0.041
-0.037
-0.034
-0.033
-0.033
-0.033
-0.036
-0.039
-0.041
-0.043
-0.044
-0.046
-0.047
-0.049
-0.05
-0.051
-0.051
-0.051
-0.05
-0.049
-0.048
-0.047
-0.045
-0.044
-0.043
-0.042
-0.04
-0.039
-0.039
-0.038
-0.038
-0.038
-0.038
-0.037
-0.036
-0.036
-0.035
-0.034
-0.034
-0.033
-0.032
-0.03
-0.029
-0.027
-0.025
-0.021
-0.017
-0.013
-0.01
-0.007
-0.004
-0.001
0.005
0.015
0.027
0.032
0.036
0.039
0.042
0.045
0.048
0.05
0.05
0.05
0.05
0.049
0.048
0.046
0.044
0.042
0.039
0.038
0.037
0.036
0.034
0.033
0.031
0.029
0.027
0.024
0.022
0.02
0.017
0.015
0.014
0.013
0.012
0.011
0.008
0.005
0.003
0.003
0.005
0.008
0.011
0.014
0.017
0.021
0.023
0.02
0.014
0.008
0.004
0.001
-0.002
-0.004
-0.007
-0.008
-0.008
-0.006
-0.004
-0.001
0.0
0.001
0.002
0.004
0.007
0.009
0.011
0.012
0.012
0.012
0.012
0.012
0.011
0.01
0.007
0.005
0.003
0.002
0.001
0.0
-0.001
-0.003
-0.004
-0.004
-0.003
-0.002
0.0
0.001
0.002
0.003
0.005
0.006
0.007
0.008
0.008
0.008
0.008
0.007
0.007
0.006
0.004
0.003
0.001
0.0
0.0
-0.001
-0.002
-0.003
-0.003
-0.001
0.0
0.003
0.007
0.01
0.015
0.02
0.021
0.018
0.014
0.01
0.006
0.002
0.0
0.0
0.001
0.003
0.005
0.006
0.007
0.009
0.011
0.013
0.014
0.015
0.015
0.015
0.016
0.017
0.017
0.017
0.018
0.019
0.022
0.023
0.019
0.017
0.016
0.014
0.013
0.012
0.013
0.014
0.015
0.017
0.019
0.021
0.025
0.028
0.028
0.021
0.012
0.004
-0.004
-0.011
-0.015
-0.018
-0.02
-0.022
-0.025
-0.027
-0.029
-0.029
-0.028
-0.025
-0.02
-0.014
-0.001
0.016
0.043
0.075
0.113
0.159
0.215
0.282
0.358
0.432
0.476
0.479
0.444
0.361
0.259
0.156
0.072
0.017
0.001
-0.002
-0.004
-0.006
-0.01
-0.017
-0.024
-0.031
-0.037
-0.043
-0.046
-0.047
-0.049
-0.05
-0.051
-0.052
-0.054
-0.055
-0.056
-0.057
-0.057
-0.057
-0.057
-0.057
-0.055
-0.053
-0.051
-0.049
-0.047
-0.045
-0.043
-0.041
-0.04
-0.039
-0.038
-0.037
-0.036
-0.034
-0.032
-0.03
-0.029
-0.028
-0.027
-0.026
-0.025
-0.024
-0.024
-0.023
-0.023
-0.022
-0.021
-0.02
-0.018
-0.017
-0.016
-0.014
-0.013
-0.008
0.002
0.015
0.028
0.04
0.043
0.045
0.048
0.049
0.047
0.045
0.044
0.042
0.041
0.042
0.045
0.05
0.054
0.058
0.063
0.067
0.07
0.07
0.068
0.064
0.059
0.054
0.046
0.035
0.022
0.014
0.007
0.001
-0.002
-0.005
-0.006
-0.006
-0.007
-0.007
-0.007
-0.008
-0.009
-0.005
-0.003
-0.001
0.0
0.001
0.002
0.002
0.001
0.0
-0.001
-0.002
-0.003
-0.004
-0.006
-0.008
-0.009
-0.009
-0.009
-0.007
-0.005
-0.003
0.0
0.004
0.007
0.002
-0.007
-0.013
-0.018
-0.022
-0.026
-0.028
-0.029
-0.029
-0.027
-0.024
-0.02
-0.016
-0.013
-0.01
-0.006
-0.003
0.0
0.003
0.005
0.007
0.007
0.007
0.006
0.004
0.002
0.0
-0.002
-0.004
-0.007
-0.011
-0.015
-0.018
-0.019
-0.018
-0.014
-0.01
-0.005
-0.001
0.005
0.011
0.014
0.016
0.018
0.019
0.02
0.022
0.023
0.024
0.023
0.021
0.017
0.013
0.01
0.007
0.004
0.001
0.0
-0.002
-0.003
-0.002
0.0
0.001
0.003
0.006
0.008
0.009
0.01
0.012
0.013
0.014
0.015
0.017
0.018
0.02
0.021
0.022
0.023
0.024
0.024
0.023
0.022
0.021
0.02
0.019
0.018
0.017
0.016
0.015
0.015
0.015
0.015
0.014
0.013
0.011
0.009
0.007
0.005
0.003
0.001
0.0
-0.001
-0.001
-0.001
0.0
0.0
0.002
0.004
0.006
0.009
0.012
0.017
0.029
0.038
0.049
0.065
0.095
0.136
0.19
0.253
0.325
0.395
0.444
0.459
0.443
0.394
0.307
0.213
0.134
0.076
0.034
0.003
-0.01
-0.014
-0.016
-0.018
-0.019
-0.02
-0.021
-0.023
-0.024
-0.026
-0.027
-0.028
-0.029
-0.029
-0.029
-0.029
-0.029
-0.029
-0.03
-0.031
-0.033
-0.034
-0.035
-0.036
-0.036
-0.036
-0.036
-0.035
-0.034
-0.033
-0.031
-0.029
-0.028
-0.026
-0.025
-0.024
-0.023
-0.022
-0.022
-0.021
-0.021
-0.022
-0.022
-0.022
-0.022
-0.022
-0.021
-0.02
-0.019
-0.018
-0.016
-0.014
-0.012
-0.011
-0.009
-0.007
-0.004
-0.002
0.0
0.004
0.009
0.014
0.019
0.023
0.026
0.029
0.032
0.035
0.039
0.043
0.045
0.047
0.045
0.042
0.038
0.034
0.03
0.023
0.02
0.021
0.025
0.027
0.03
0.032
0.032
0.03
0.025
0.018
0.006
-0.012
-0.023
-0.031
-0.035
-0.035
-0.032
-0.028
-0.026
-0.024
-0.022
-0.02
-0.018
-0.017
-0.016
-0.016
-0.015
-0.015
-0.016
-0.016
-0.018
-0.019
-0.02
-0.02
-0.021
-0.023
-0.025
-0.028
-0.03
-0.031
-0.03
-0.029
-0.028
-0.027
-0.027
-0.025
-0.023
-0.021
-0.02
-0.021
-0.023
-0.026
-0.029
-0.033
-0.032
-0.026
-0.024
-0.023
-0.021
-0.02
-0.018
-0.017
-0.016
-0.016
-0.015
-0.015
-0.014
-0.014
-0.014
-0.014
-0.014
-0.013
-0.013
-0.012
-0.012
-0.012
-0.011
-0.011
-0.01
-0.01
-0.009
-0.009
-0.008
-0.007
-0.01
-0.018
-0.041
-0.065
-0.092
-0.11
-0.123
-0.131
-0.135
-0.136
-0.132
-0.127
-0.117
-0.103
-0.09
-0.074
-0.043
0.002
0.049
0.064
0.069
0.053
0.024
0.008
0.001
0.005
0.024
0.034
0.04
0.044
0.034
0.023
0.015
0.01
0.008
0.006
0.004
0.002
0.007
0.015
0.02
0.023
0.026
0.029
0.031
0.032
0.032
0.032
0.03
0.028
0.027
0.025
0.024
0.022
0.02
0.017
0.015
0.014
0.013
0.012
0.012
0.013
0.014
0.017
0.019
0.022
0.025
0.028
0.031
0.038
0.046
0.051
0.055
0.058
0.061
0.063
0.066
0.07
0.073
0.075
0.078
0.081
0.085
0.09
0.095
0.099
0.103
0.108
0.111
0.11
0.108
0.106
0.105
0.104
0.102
0.1
0.098
0.094
0.09
0.086
0.081
0.076
0.071
0.065
0.054
0.04
0.034
0.031
0.028
0.026
0.023
0.02
0.017
0.013
0.008
0.0
-0.007
-0.015
-0.024
-0.035
-0.041
-0.044
-0.047
-0.048
-0.05
-0.051
-0.051
-0.051
-0.051
-0.051
-0.05
-0.049
-0.048
-0.046
-0.044
-0.042
-0.039
-0.036
-0.036
-0.038
-0.041
-0.042
-0.043
-0.044
-0.046
-0.047
-0.047
-0.045
-0.042
-0.038
-0.035
-0.032
-0.029
-0.025
-0.021
-0.019
-0.019
-0.021
-0.023
-0.026
-0.029
-0.033
-0.036
-0.033
-0.028
-0.026
-0.025
-0.024
-0.023
-0.022
-0.021
-0.02
-0.019
-0.019
-0.018
-0.017
-0.016
-0.016
-0.016
-0.016
-0.016
-0.017
-0.017
-0.017
-0.018
-0.018
-0.018
-0.018
-0.018
-0.018
-0.017
-0.017
-0.017
-0.017
-0.016
-0.016
-0.016
-0.017
-0.018
-0.019
-0.02
-0.021
-0.021
-0.023
-0.022
-0.017
-0.014
-0.011
-0.008
-0.006
-0.003
-0.001
0.0
0.003
0.007
0.008
0.004
0.001
0.0
-0.003
-0.006
-0.009
-0.013
-0.018
-0.024
-0.024
-0.017
-0.013
-0.01
-0.007
-0.005
-0.004
-0.003
-0.004
-0.005
-0.006
-0.007
-0.009
-0.011
-0.016
-0.019
-0.017
-0.013
-0.011
-0.009
-0.007
-0.006
-0.006
-0.005
-0.004
-0.002
-0.001
0.0
0.0
0.0
0.001
0.003
0.005
0.008
0.009
0.008
0.005
0.002
0.0
-0.002
-0.005
-0.005
-0.001
0.003
0.007
0.013
0.017
0.017
0.014
0.008
0.0
-0.009
-0.013
-0.016
-0.017
-0.015
-0.009
-0.004
0.0
0.006
0.012
0.015
0.017
0.019
0.021
0.023
0.024
0.024
0.025
0.024
0.024
0.023
0.022
0.021
0.019
0.017
0.016
0.018
0.021
0.023
0.024
0.022
0.018
0.015
0.012
0.01
0.008
0.008
0.009
0.01
0.011
0.013
0.016
0.015
0.006
0.0
-0.006
-0.01
-0.01
-0.005
0.002
0.011
0.022
0.03
0.038
0.047
0.056
0.069
0.087
0.123
0.182
0.264
0.36
0.452
0.519
0.545
0.522
0.452
0.352
0.248
0.157
0.089
0.047
0.025
0.013
-0.006
-0.028
-0.041
-0.05
-0.055
-0.059
-0.059
-0.056
-0.053
-0.05
-0.047
-0.044
-0.043
-0.045
-0.048
-0.051
-0.053
-0.056
-0.058
-0.06
-0.062
-0.062
-0.061
-0.059
-0.056
-0.053
-0.051
-0.048
-0.044
-0.039
-0.036
-0.033
-0.03
-0.025
-0.018
-0.023
-0.028
-0.03
-0.033
-0.037
-0.04
-0.043
-0.051
-0.06
-0.066
-0.069
-0.071
-0.071
-0.067
-0.061
-0.053
-0.04
-0.028
-0.013
0.004
0.019
0.029
0.036
0.035
0.024
0.016
0.009
0.004
0.0
-0.001
-0.003
-0.006
-0.01
-0.002
0.01
0.023
0.029
0.032
0.034
0.036
0.039
0.042
0.045
0.049
0.053
0.059
0.062
0.058
0.05
0.043
0.035
0.028
0.021
0.011
0.001
0.0
0.0
-0.001
-0.002
-0.002
-0.001
-0.001
0.0
-0.001
-0.001
-0.001
0.0
0.0
0.001
0.002
0.002
0.002
0.002
0.002
0.001
0.001
0.001
0.001
0.001
0.001
0.002
0.002
0.003
0.004
0.005
0.006
0.007
0.007
0.007
0.008
0.01
0.011
0.011
0.01
0.007
0.004
0.001
-0.001
-0.005
-0.009
-0.012
-0.01
-0.006
-0.002
0.001
0.005
0.009
0.011
0.011
0.01
0.007
0.004
0.002
0.0
-0.003
-0.005
-0.005
-0.003
0.0
0.003
0.005
0.005
0.006
0.007
0.009
0.011
0.012
0.013
0.013
0.014
0.014
0.014
0.014
0.013
0.013
0.011
0.011
0.01
0.01
0.011
0.011
0.011
0.011
0.011
0.011
0.011
0.011
0.012
0.012
0.012
0.013
0.014
0.015
0.016
0.016
0.017
0.018
0.019
0.021
0.022
0.024
0.024
0.024
0.023
0.022
0.021
0.019
0.016
0.013
0.009
0.005
0.006
0.012
0.018
0.022
0.025
0.029
0.032
0.034
0.035
0.032
0.028
0.023
0.019
0.015
0.012
0.008
0.004
0.001
0.0
-0.001
-0.001
0.0
0.0
0.001
0.004
0.008
0.016
0.032
0.05
0.065
0.09
0.115
0.142
0.169
0.199
0.24
0.296
0.366
0.443
0.512
0.548
0.55
0.522
0.453
0.359
0.253
0.156
0.081
0.051
0.043
0.037
0.033
0.028
0.01
-0.017
-0.029
-0.034
-0.039
-0.038
-0.032
-0.025
-0.018
-0.018
-0.027
-0.034
-0.039
-0.044
-0.045
-0.044
-0.041
-0.038
-0.037
-0.037
-0.036
-0.036
-0.035
-0.035
-0.034
-0.033
-0.031
-0.03
-0.029
-0.028
-0.027
-0.027
-0.026
-0.025
-0.024
-0.022
-0.021
-0.02
-0.019
-0.017
-0.014
-0.012
-0.01
-0.009
-0.008
-0.007
-0.007
-0.007
-0.007
-0.008
-0.01
-0.012
-0.014
-0.015
-0.019
-0.025
-0.016
-0.002
0.013
0.023
0.028
0.034
0.04
0.045
0.049
0.053
0.056
0.059
0.06
0.058
0.052
0.046
0.04
0.037
0.033
0.03
0.026
0.023
0.019
0.016
0.014
0.013
0.011
0.01
0.007
0.006
0.004
0.002
0.0
-0.002
-0.005
-0.008
-0.011
-0.013
-0.016
-0.019
-0.022
-0.025
-0.028
-0.029
-0.029
-0.027
-0.025
-0.022
-0.019
-0.017
-0.014
-0.012
-0.01
-0.008
-0.006
-0.006
-0.005
-0.006
-0.008
-0.01
-0.012
-0.015
-0.017
-0.019
-0.023
-0.027
-0.029
-0.03
-0.029
-0.026
-0.023
-0.021
-0.019
-0.018
-0.016
-0.014
-0.013
-0.012
-0.011
-0.01
-0.009
-0.009
-0.01
-0.011
-0.013
-0.015
-0.017
-0.019
-0.023
-0.025
-0.022
-0.017
-0.015
-0.013
-0.012
-0.011
-0.01
-0.009
-0.009
-0.007
-0.006
-0.005
-0.005
-0.004
-0.004
-0.003
-0.003
-0.002
-0.001
-0.001
-0.001
-0.001
-0.001
-0.001
-0.001
-0.001
-0.001
-0.002
-0.002
-0.003
-0.003
-0.003
-0.004
-0.004
-0.005
-0.007
-0.009
-0.012
-0.017
-0.02
-0.013
-0.002
0.001
0.004
0.007
0.01
0.012
0.014
0.016
0.018
0.02
0.022
0.024
0.025
0.025
0.026
0.026
0.027
0.027
0.026
0.025
0.024
0.022
0.021
0.021
0.02
0.02
0.019
0.018
0.017
0.016
0.016
0.015
0.014
0.014
0.013
0.012
0.011
0.01
0.009
0.008
0.007
0.006
0.006
0.007
0.007
0.008
0.008
0.009
0.01
0.011
0.013
0.016
0.019
0.023
0.027
0.052
0.098
0.151
0.211
0.279
0.355
0.429
0.485
0.504
0.494
0.462
0.389
0.297
0.206
0.135
0.084
0.044
0.008
-0.01
-0.019
-0.026
-0.03
-0.032
-0.032
-0.031
-0.028
-0.025
-0.023
-0.02
-0.017
-0.016
-0.018
-0.023
-0.029
-0.036
-0.044
-0.047
-0.049
-0.05
-0.051
-0.053
-0.054
-0.049
-0.039
-0.03
-0.027
-0.024
-0.022
-0.02
-0.018
-0.016
-0.015
-0.013
-0.013
-0.012
-0.011
-0.011
-0.01
-0.01
-0.009
-0.009
-0.009
-0.009
