-0.03
-0.03
-0.029
-0.028
-0.027
-0.025
-0.023
-0.021
-0.019
-0.018
-0.017
-0.016
-0.015
-0.015
-0.014
-0.013
-0.012
-0.011
-0.009
-0.007
-0.004
-0.002
0.001
0.004
0.008
0.013
0.024
0.035
0.044
0.053
0.064
0.075
0.086
0.096
0.103
0.108
0.111
0.115
0.118
0.123
0.128
0.135
0.142
0.149
0.157
0.166
0.176
0.183
0.187
0.191
0.194
0.199
0.205
0.208
0.201
0.187
0.171
0.151
0.132
0.113
0.094
0.072
0.049
0.028
0.013
0.004
-0.001
-0.006
-0.011
-0.016
-0.021
-0.026
-0.031
-0.035
-0.04
-0.045
-0.05
-0.055
-0.062
-0.07
-0.08
-0.094
-0.103
-0.107
-0.112
-0.117
-0.12
-0.111
-0.093
-0.075
-0.055
-0.046
-0.043
-0.041
-0.04
-0.038
-0.037
-0.036
-0.036
-0.036
-0.037
-0.04
-0.044
-0.049
-0.055
-0.062
-0.069
-0.079
-0.088
-0.092
-0.088
-0.08
-0.07
-0.061
-0.051
-0.042
-0.037
-0.033
-0.031
-0.028
-0.025
-0.021
-0.019
-0.022
-0.028
-0.033
-0.035
-0.036
-0.037
-0.038
-0.04
-0.042
-0.044
-0.045
-0.045
-0.045
-0.045
-0.045
-0.045
-0.044
-0.043
-0.042
-0.042
-0.042
-0.042
-0.043
-0.044
-0.045
-0.047
-0.048
-0.048
-0.049
-0.049
-0.049
-0.05
-0.051
-0.053
-0.056
-0.058
-0.059
-0.058
-0.055
-0.052
-0.049
-0.047
-0.045
-0.043
-0.042
-0.041
-0.04
-0.039
-0.037
-0.036
-0.036
-0.036
-0.036
-0.035
-0.034
-0.033
-0.033
-0.033
-0.034
-0.035
-0.036
-0.035
-0.035
-0.035
-0.036
-0.035
-0.034
-0.032
-0.03
-0.028
-0.025
-0.023
-0.02
-0.017
-0.012
-0.006
0.0
0.012
0.033
0.043
0.047
0.051
0.055
0.058
0.06
0.061
0.061
0.061
0.06
0.057
0.053
0.048
0.042
0.037
0.031
0.026
0.022
0.017
0.011
0.005
0.0
-0.006
-0.011
-0.015
-0.018
-0.021
-0.023
-0.024
-0.026
-0.027
-0.027
-0.028
-0.029
-0.031
-0.033
-0.035
-0.036
-0.038
-0.038
-0.038
-0.037
-0.035
-0.032
-0.027
-0.022
-0.016
-0.009
0.0
0.016
0.031
0.043
0.084
0.141
0.228
0.346
0.481
0.604
0.668
0.664
0.576
0.399
0.201
0.028
-0.056
-0.085
-0.07
-0.042
-0.022
-0.018
-0.016
-0.016
-0.015
-0.014
-0.014
-0.014
-0.014
-0.014
-0.014
-0.015
-0.015
-0.015
-0.016
-0.016
-0.015
-0.013
-0.011
-0.008
-0.005
-0.002
0.0
0.002
0.004
0.007
0.009
0.011
0.013
0.014
0.016
0.019
0.022
0.026
0.029
0.033
0.035
0.038
0.041
0.044
0.045
0.046
0.047
0.049
0.052
0.056
0.064
0.082
0.093
0.1
0.104
0.109
0.114
0.12
0.127
0.135
0.144
0.157
0.177
0.196
0.207
0.216
0.223
0.228
0.228
0.223
0.214
0.203
0.194
0.185
0.176
0.168
0.161
0.155
0.149
0.141
0.132
0.121
0.109
0.095
0.077
0.05
0.032
0.02
0.01
0.0
-0.007
-0.016
-0.023
-0.03
-0.036
-0.043
-0.048
-0.052
-0.055
-0.056
-0.056
-0.057
-0.058
-0.061
-0.063
-0.065
-0.065
-0.062
-0.058
-0.054
-0.05
-0.046
-0.04
-0.033
-0.028
-0.026
-0.029
-0.034
-0.04
-0.047
-0.055
-0.059
-0.053
-0.043
-0.039
-0.036
-0.033
-0.029
-0.026
-0.024
-0.023
-0.022
-0.022
-0.022
-0.022
-0.023
-0.025
-0.028
-0.031
-0.035
-0.037
-0.041
-0.049
-0.054
-0.045
-0.03
-0.021
-0.013
-0.006
-0.001
0.001
0.002
0.0
-0.002
-0.007
-0.012
-0.017
-0.021
-0.026
-0.032
-0.038
-0.041
-0.041
-0.04
-0.039
-0.037
-0.036
-0.035
-0.033
-0.031
-0.029
-0.027
-0.025
-0.024
-0.024
-0.024
-0.025
-0.025
-0.026
-0.028
-0.029
-0.031
-0.032
-0.033
-0.033
-0.034
-0.034
-0.035
-0.036
-0.037
-0.038
-0.039
-0.039
-0.038
-0.038
-0.037
-0.035
-0.034
-0.032
-0.031
-0.03
-0.03
-0.03
-0.03
-0.03
-0.029
-0.028
-0.026
-0.024
-0.022
-0.02
-0.017
-0.013
-0.008
-0.005
-0.001
0.001
0.004
0.009
0.014
0.018
0.023
0.026
0.029
0.031
0.032
0.032
0.031
0.029
0.024
0.02
0.015
0.01
0.004
-0.003
-0.022
-0.04
-0.058
-0.074
-0.076
-0.076
-0.076
-0.077
-0.078
-0.078
-0.078
-0.077
-0.074
-0.07
-0.067
-0.065
-0.064
-0.062
-0.06
-0.058
-0.056
-0.055
-0.053
-0.051
-0.05
-0.049
-0.048
-0.046
-0.044
-0.04
-0.036
-0.01
0.039
0.111
0.209
0.323
0.436
0.529
0.559
0.547
0.452
0.295
0.129
-0.004
-0.058
-0.075
-0.053
-0.027
-0.006
-0.007
-0.035
-0.055
-0.073
-0.087
-0.092
-0.09
-0.081
-0.073
-0.067
-0.063
-0.059
-0.056
-0.052
-0.046
-0.04
-0.033
-0.026
-0.019
-0.01
-0.002
0.0
-0.003
-0.012
-0.021
-0.028
-0.035
-0.041
-0.046
-0.048
-0.046
-0.041
-0.035
-0.028
-0.021
-0.015
-0.009
-0.003
0.002
0.008
0.014
0.02
0.026
0.033
0.039
0.044
0.049
0.055
0.061
0.066
0.071
0.075
0.078
0.082
0.086
0.092
0.101
0.114
0.13
0.139
0.146
0.153
0.159
0.164
0.167
0.168
0.167
0.166
0.163
0.16
0.154
0.147
0.132
0.102
0.077
0.059
0.042
0.033
0.028
0.024
0.022
0.019
0.015
0.01
0.006
0.001
-0.004
-0.011
-0.018
-0.029
-0.048
-0.06
-0.067
-0.07
-0.072
-0.073
-0.074
-0.076
-0.078
-0.08
-0.082
-0.082
-0.083
-0.082
-0.082
-0.081
-0.079
-0.077
-0.073
-0.07
-0.066
-0.062
-0.059
-0.055
-0.05
-0.039
-0.031
-0.026
-0.022
-0.018
-0.016
-0.016
-0.023
-0.031
-0.037
-0.044
-0.05
-0.054
-0.053
-0.048
-0.041
-0.035
-0.033
-0.032
-0.03
-0.029
-0.026
-0.023
-0.02
-0.018
-0.016
-0.015
-0.013
-0.013
-0.012
-0.013
-0.014
-0.016
-0.017
-0.018
-0.019
-0.019
-0.018
-0.018
-0.018
-0.017
-0.017
-0.017
-0.017
-0.018
-0.019
-0.021
-0.023
-0.025
-0.026
-0.027
-0.027
-0.028
-0.028
-0.028
-0.028
-0.029
-0.03
-0.032
-0.033
-0.033
-0.031
-0.028
-0.024
-0.021
-0.02
-0.019
-0.018
-0.016
-0.015
-0.013
-0.011
-0.011
-0.01
-0.01
-0.011
-0.011
-0.011
-0.013
-0.014
-0.015
-0.014
-0.014
-0.013
-0.011
-0.009
-0.007
-0.004
-0.002
0.0
0.003
0.004
0.006
0.008
0.012
0.017
0.022
0.028
0.033
0.038
0.042
0.046
0.049
0.052
0.055
0.057
0.059
0.062
0.064
0.066
0.069
0.07
0.071
0.073
0.074
0.073
0.071
0.068
0.065
0.06
0.055
0.049
0.043
0.032
0.011
-0.006
-0.016
-0.024
-0.031
-0.036
-0.038
-0.036
-0.031
-0.024
-0.018
-0.013
-0.009
-0.004
0.0
0.004
0.007
0.008
0.008
0.007
0.005
0.002
-0.002
-0.007
-0.013
-0.02
-0.033
-0.04
-0.036
-0.024
0.01
0.087
0.196
0.331
0.476
0.607
0.67
0.669
0.597
0.44
0.252
0.079
-0.01
-0.04
-0.024
-0.006
0.009
0.007
-0.01
-0.019
-0.024
-0.029
-0.033
-0.036
-0.038
-0.039
-0.039
-0.04
-0.04
-0.04
-0.04
-0.04
-0.039
-0.037
-0.035
-0.034
-0.034
-0.034
-0.034
-0.033
-0.032
-0.031
-0.031
-0.033
-0.037
-0.041
-0.044
-0.047
-0.051
-0.053
-0.055
-0.053
-0.048
-0.041
-0.034
-0.025
-0.013
-0.003
0.002
0.007
0.01
0.013
0.015
0.019
0.023
0.028
0.034
0.041
0.05
0.064
0.077
0.091
0.101
0.108
0.114
0.12
0.124
0.129
0.133
0.136
0.139
