-0.58
-0.694
-0.811
-0.926
-1.02
-1.069
-1.068
-1.045
-1.03
-1.012
-0.999
-0.99
-0.981
-0.97
-0.959
-0.948
-0.936
-0.925
-0.916
-0.907
-0.897
-0.888
-0.879
-0.869
-0.857
-0.846
-0.835
-0.824
-0.814
-0.804
-0.794
-0.781
-0.769
-0.756
-0.74
-0.722
-0.703
-0.685
-0.666
-0.646
-0.632
-0.622
-0.614
-0.61
-0.606
-0.604
-0.601
-0.6
-0.598
-0.597
-0.595
-0.594
-0.595
-0.597
-0.602
-0.608
-0.615
-0.622
-0.629
-0.638
-0.647
-0.654
-0.658
-0.661
-0.663
-0.666
-0.668
-0.669
-0.671
-0.672
-0.673
-0.673
-0.674
-0.673
-0.671
-0.668
-0.663
-0.658
-0.653
-0.648
-0.642
-0.633
-0.623
-0.615
-0.607
-0.598
-0.588
-0.575
-0.563
-0.552
-0.542
-0.533
-0.524
-0.516
-0.508
-0.5
-0.492
-0.484
-0.475
-0.466
-0.456
-0.447
-0.438
-0.428
-0.418
-0.408
-0.398
-0.388
-0.377
-0.367
-0.358
-0.351
-0.344
-0.337
-0.33
-0.323
-0.317
-0.311
-0.306
-0.301
-0.297
-0.293
-0.289
-0.286
-0.282
-0.279
-0.275
-0.271
-0.267
-0.262
-0.257
-0.251
-0.244
-0.237
-0.23
-0.224
-0.218
-0.213
-0.208
-0.203
-0.199
-0.196
-0.193
-0.191
-0.188
-0.185
-0.182
-0.179
-0.177
-0.174
-0.171
-0.167
-0.163
-0.158
-0.153
-0.148
-0.143
-0.138
-0.133
-0.127
-0.122
-0.117
-0.112
-0.108
-0.104
-0.1
-0.095
-0.09
-0.086
-0.081
-0.076
-0.071
-0.066
-0.061
-0.056
-0.051
-0.046
-0.041
-0.037
-0.032
-0.028
-0.024
-0.02
-0.016
-0.012
-0.008
-0.005
-0.001
0.002
0.006
0.011
0.015
0.021
0.027
0.033
0.041
0.049
0.056
0.062
0.068
0.073
0.075
0.077
0.079
0.08
0.082
0.083
0.084
0.085
0.086
0.087
0.087
0.088
0.088
0.089
0.089
0.09
0.091
0.092
0.094
0.095
0.096
0.097
0.098
0.099
0.1
0.101
0.102
0.103
0.105
0.107
0.109
0.11
0.11
0.107
0.101
0.094
0.086
0.079
0.075
0.071
0.067
0.064
0.062
0.059
0.057
0.054
0.052
0.05
0.048
0.046
0.045
0.044
0.043
0.043
0.044
0.044
0.044
0.044
0.043
0.042
0.04
0.038
0.034
0.03
0.03
0.035
0.047
0.083
0.138
0.209
0.299
0.411
0.536
0.666
0.791
0.899
0.956
0.975
0.949
0.872
0.757
0.621
0.478
0.339
0.219
0.117
0.041
0.009
-0.003
-0.002
0.013
0.02
0.023
0.025
0.028
0.03
0.032
0.034
0.036
0.039
0.04
0.041
0.041
0.041
0.041
0.041
0.043
0.044
0.045
0.046
0.048
0.049
0.05
0.052
0.053
0.054
0.056
0.057
0.059
0.061
0.065
0.072
0.082
0.09
0.097
0.105
0.114
0.126
0.139
0.152
0.165
0.178
0.19
0.203
0.214
0.224
0.233
0.241
0.247
0.252
0.255
0.259
0.261
0.263
0.265
0.266
0.266
0.265
0.263
0.259
0.254
0.249
0.242
0.231
0.211
0.195
0.179
0.163
0.145
0.127
0.109
0.091
0.073
0.055
0.038
0.024
0.012
-0.001
-0.015
-0.023
-0.028
-0.032
-0.036
-0.039
-0.042
-0.044
-0.047
-0.049
-0.051
-0.054
-0.055
-0.057
-0.058
-0.06
-0.061
-0.062
-0.063
-0.064
-0.064
-0.065
-0.065
-0.065
-0.065
-0.065
-0.065
-0.064
-0.064
-0.063
-0.062
-0.061
-0.06
-0.059
-0.058
-0.058
-0.057
-0.057
-0.057
-0.057
-0.057
-0.057
-0.057
-0.058
-0.058
-0.058
-0.059
-0.06
-0.06
-0.061
-0.062
-0.064
-0.065
-0.067
-0.069
-0.07
-0.072
-0.074
-0.075
-0.077
-0.078
-0.08
-0.081
-0.083
-0.085
-0.087
-0.089
-0.091
-0.093
-0.095
-0.098
-0.1
-0.102
-0.103
-0.105
-0.106
-0.107
-0.108
-0.108
-0.109
-0.108
-0.108
-0.107
-0.106
-0.105
-0.103
-0.102
-0.101
-0.099
-0.098
-0.097
-0.097
-0.096
-0.096
-0.097
-0.098
-0.098
-0.099
-0.099
-0.1
-0.1
-0.101
-0.101
-0.102
-0.102
-0.103
-0.103
-0.103
-0.103
-0.102
-0.101
-0.099
-0.097
-0.094
-0.091
-0.087
-0.083
-0.079
-0.074
-0.07
-0.065
-0.061
-0.056
-0.051
-0.046
-0.042
-0.038
-0.034
-0.03
-0.026
-0.022
-0.019
-0.018
-0.02
-0.023
-0.029
-0.035
-0.043
-0.05
-0.06
-0.075
-0.085
-0.089
-0.091
-0.092
-0.093
-0.094
-0.094
-0.095
-0.095
-0.095
-0.095
-0.095
-0.095
-0.095
-0.094
-0.093
-0.091
-0.09
-0.089
-0.087
-0.085
-0.083
-0.081
-0.078
-0.076
-0.072
-0.069
-0.058
-0.032
0.011
0.071
0.154
0.258
0.383
0.523
0.666
0.796
0.895
0.947
0.945
0.882
0.72
0.491
0.25
0.033
-0.113
-0.168
-0.171
-0.134
-0.089
-0.08
-0.074
-0.069
-0.066
-0.064
-0.062
-0.06
-0.057
-0.054
-0.051
-0.05
-0.049
-0.049
-0.048
-0.046
-0.044
-0.041
-0.037
-0.032
-0.027
-0.022
-0.016
-0.01
-0.003
0.003
0.011
0.02
0.027
0.035
0.042
0.049
0.054
0.059
0.065
0.07
0.075
0.08
0.086
0.094
0.106
0.119
0.131
0.143
0.156
0.169
0.183
0.193
0.202
0.21
0.215
0.218
0.221
0.223
0.225
0.228
0.23
0.232
0.233
0.233
0.231
0.226
0.219
0.211
0.2
0.18
0.163
0.147
0.13
0.113
0.095
0.078
0.057
0.04
0.025
0.011
-0.002
-0.015
-0.029
-0.043
-0.058
-0.065
-0.069
-0.072
-0.076
-0.079
-0.082
-0.084
-0.087
-0.089
-0.09
-0.092
-0.093
-0.093
-0.093
-0.093
-0.092
-0.09
-0.088
-0.087
-0.084
-0.082
-0.08
-0.078
-0.075
-0.073
-0.07
-0.068
-0.065
-0.062
-0.059
-0.056
-0.053
-0.05
-0.046
-0.043
-0.039
-0.036
-0.032
-0.029
-0.026
-0.024
-0.021
-0.019
-0.017
-0.015
-0.013
-0.011
-0.009
-0.007
-0.006
-0.004
-0.004
-0.003
-0.002
-0.001
0.0
0.0
0.002
0.004
0.006
0.008
0.01
0.012
0.013
0.014
0.015
0.016
0.017
0.018
0.02
0.021
0.023
0.025
0.026
0.027
0.028
0.029
0.03
0.031
0.033
0.035
0.037
0.039
0.041
0.043
0.045
0.047
0.049
0.051
0.053
0.055
0.057
0.06
0.062
0.065
0.068
0.07
0.073
0.075
0.078
0.081
0.084
0.087
0.091
0.094
0.096
0.099
0.101
0.103
0.105
0.107
0.109
0.111
0.113
0.116
0.118
0.121
0.124
0.128
0.131
0.135
0.139
0.143
0.147
0.151
0.155
0.159
0.163
0.168
0.172
0.176
0.181
0.185
0.189
0.193
0.199
0.204
0.212
0.223
0.234
0.242
0.249
0.254
0.258
0.261
0.264
0.266
0.268
0.269
0.268
0.266
0.263
0.258
0.253
0.249
0.244
0.241
0.238
0.236
0.234
0.232
0.23
0.229
0.227
0.227
0.227
0.229
0.231
0.235
0.239
0.245
0.251
0.256
0.261
0.265
0.27
0.275
0.28
0.285
0.288
0.291
0.296
0.301
0.315
0.339
0.379
0.44
0.522
0.626
0.751
0.891
1.034
1.164
1.267
1.323
1.323
1.262
1.096
0.874
0.622
0.397
0.244
0.19
0.186
0.226
0.27
0.285
0.291
0.288
0.283
0.281
0.281
0.28
0.28
0.279
0.276
0.275
0.274
0.275
0.274
0.274
0.272
0.271
0.268
0.265
0.262
0.259
0.256
0.253
0.25
0.247
0.245
0.242
0.24
0.238
0.236
0.234
0.232
0.231
0.23
0.229
0.229
0.229
0.23
0.231
0.232
0.235
0.237
0.24
0.243
0.245
0.247
0.249
0.251
0.253
0.255
0.258
0.263
0.268
0.272
