0.059
0.075
0.084
0.1
0.119
0.131
0.137
0.144
0.154
0.161
0.164
0.165
0.168
0.172
0.177
0.182
0.187
0.193
0.2
0.206
0.212
0.218
0.223
0.229
0.233
0.236
0.24
0.242
0.244
0.244
0.245
0.245
0.246
0.247
0.247
0.247
0.248
0.248
0.249
0.249
0.249
0.249
0.249
0.249
0.249
0.249
0.249
0.249
0.25
0.25
0.25
0.25
0.25
0.249
0.249
0.248
0.247
0.245
0.243
0.24
0.238
0.235
0.231
0.221
0.209
0.196
0.182
0.169
0.158
0.148
0.139
0.132
0.126
0.122
0.12
0.117
0.115
0.113
0.112
0.11
0.109
0.107
0.105
0.103
0.101
0.099
0.097
0.094
0.091
0.088
0.084
0.081
0.077
0.074
0.07
0.065
0.061
0.057
0.053
0.049
0.046
0.043
0.038
0.034
0.027
0.019
0.011
0.002
-0.006
-0.013
-0.018
-0.021
-0.025
-0.028
-0.031
-0.034
-0.037
-0.039
-0.041
-0.043
-0.046
-0.049
-0.052
-0.055
-0.059
-0.065
-0.071
-0.078
-0.087
-0.097
-0.105
-0.109
-0.112
-0.115
-0.118
-0.12
-0.122
-0.125
-0.127
-0.129
-0.131
-0.132
-0.133
-0.133
-0.133
-0.133
-0.133
-0.133
-0.132
-0.131
-0.131
-0.13
-0.13
-0.13
-0.13
-0.129
-0.128
-0.127
-0.126
-0.126
-0.125
-0.125
-0.124
-0.124
-0.124
-0.123
-0.123
-0.122
-0.121
-0.12
-0.119
-0.117
-0.116
-0.113
-0.111
-0.109
-0.106
-0.104
-0.1
-0.093
-0.086
-0.078
-0.073
-0.068
-0.064
-0.06
-0.057
-0.054
-0.051
-0.048
-0.047
-0.046
-0.046
-0.047
-0.049
-0.052
-0.055
-0.059
-0.063
-0.066
-0.068
-0.069
-0.071
-0.072
-0.073
-0.074
-0.075
-0.076
-0.077
-0.077
-0.078
-0.077
-0.076
-0.074
-0.072
-0.069
-0.066
-0.064
-0.061
-0.059
-0.056
-0.054
-0.053
-0.052
-0.051
-0.05
-0.049
-0.047
-0.046
-0.045
-0.043
-0.042
-0.041
-0.039
-0.038
-0.037
-0.034
-0.032
-0.03
-0.027
-0.025
-0.023
-0.02
-0.018
-0.015
-0.013
-0.011
-0.009
-0.007
-0.005
-0.003
0.0
0.001
0.003
0.005
0.006
0.008
0.008
0.008
0.008
0.006
0.004
0.0
-0.002
-0.006
-0.01
-0.013
-0.017
-0.019
-0.022
-0.024
-0.026
-0.028
-0.029
-0.032
-0.034
-0.036
-0.039
-0.041
-0.043
-0.045
-0.046
-0.047
-0.046
-0.044
-0.041
-0.037
-0.033
-0.029
-0.025
-0.021
-0.017
-0.014
-0.012
-0.011
-0.01
-0.009
-0.008
-0.006
-0.005
