-0.007
-0.007
-0.006
-0.006
-0.006
-0.006
-0.005
-0.004
0.0
0.003
0.004
-0.001
-0.01
-0.019
-0.031
-0.041
-0.05
-0.055
-0.06
-0.064
-0.068
-0.071
-0.072
-0.073
-0.073
-0.073
-0.071
-0.068
-0.064
-0.058
-0.052
-0.045
-0.035
-0.019
-0.005
0.006
0.018
0.03
0.043
0.056
0.069
0.082
0.096
0.109
0.119
0.127
0.133
0.14
0.146
0.151
0.156
0.161
0.167
0.174
0.181
0.185
0.188
0.19
0.191
0.192
0.192
0.193
0.194
0.195
0.195
0.196
0.196
0.195
0.192
0.189
0.185
0.181
0.175
0.17
0.164
0.155
0.144
0.135
0.125
0.112
0.095
0.078
0.055
0.027
0.005
-0.01
-0.03
-0.04
-0.046
-0.051
-0.055
-0.059
-0.061
-0.061
-0.06
-0.058
-0.055
-0.05
-0.045
-0.038
-0.028
-0.013
0.0
0.013
0.023
0.032
0.04
0.048
0.055
0.063
0.072
0.081
0.091
0.102
0.113
0.124
0.135
0.145
0.154
0.162
0.173
0.187
0.2
0.214
0.224
0.208
0.16
0.069
-0.059
-0.222
-0.405
-0.591
-0.764
-0.909
-0.99
-1.017
-0.993
-0.918
-0.781
-0.617
-0.444
-0.271
-0.113
0.018
0.12
0.195
0.252
0.287
0.322
0.359
0.384
0.398
0.409
0.418
0.425
0.433
0.441
0.449
0.458
0.468
0.479
0.492
0.5
0.504
0.508
0.512
0.515
0.515
0.506
0.493
0.477
0.456
0.439
0.425
0.414
0.403
0.39
0.378
0.37
0.363
0.357
0.353
0.349
0.348
0.348
0.35
0.352
0.354
0.357
0.361
0.369
0.368
0.35
0.323
0.29
0.235
0.163
0.074
-0.024
-0.127
-0.226
-0.315
-0.392
-0.458
-0.515
-0.55
-0.573
-0.585
-0.594
-0.602
-0.607
-0.613
-0.622
-0.636
-0.653
-0.695
-0.745
-0.805
-0.871
-0.941
-1.015
-1.096
-1.177
-1.247
-1.304
-1.337
-1.355
-1.366
-1.374
-1.378
-1.378
-1.375
-1.369
-1.364
-1.359
-1.354
-1.349
-1.343
-1.336
-1.328
-1.316
-1.294
-1.263
-1.241
-1.211
-1.174
-1.137
-1.108
-1.091
-1.075
-1.062
-1.047
-1.028
-1.013
-0.993
-0.971
-0.939
-0.897
-0.84
-0.775
-0.709
-0.643
-0.578
-0.513
-0.445
-0.376
-0.313
-0.261
-0.214
-0.182
-0.152
-0.131
-0.113
-0.098
-0.086
-0.073
-0.058
-0.05
-0.043
-0.038
-0.034
-0.03
-0.027
-0.023
-0.02
-0.018
-0.015
-0.01
-0.003
0.01
0.028
0.043
0.056
0.068
0.079
0.094
0.111
0.128
0.146
0.163
0.181
0.2
0.218
0.243
0.254
0.26
0.265
0.268
0.271
0.274
0.276
0.278
0.28
0.282
0.284
0.285
0.286
0.286
0.287
0.288
0.289
0.291
0.294
0.299
0.304
0.31
0.317
0.325
0.332
0.337
0.341
0.345
0.348
0.351
0.352
0.354
0.355
0.356
0.356
0.356
0.356
0.356
0.355
0.354
0.353
0.352
0.35
0.348
0.346
0.343
0.339
0.335
0.317
0.261
0.169
0.039
-0.126
-0.317
-0.518
-0.709
-0.863
-0.954
-0.985
-0.964
-0.902
-0.773
-0.615
-0.436
-0.25
-0.078
0.065
0.173
0.247
0.298
0.346
0.378
0.396
0.405
0.413
0.417
0.42
0.42
0.417
0.411
0.404
0.397
0.39
0.381
0.371
0.363
0.356
0.35
0.346
0.343
0.34
0.337
0.334
0.331
0.328
0.325
0.321
0.317
0.312
0.307
0.301
0.292
0.278
0.265
0.256
0.249
0.241
0.233
0.225
0.217
0.208
0.196
0.18
0.165
0.146
0.12
0.098
0.081
0.061
0.043
0.028
0.017
0.009
-0.003
-0.026
-0.053
-0.081
-0.11
-0.139
-0.166
-0.193
-0.218
-0.241
-0.253
-0.259
-0.264
-0.267
-0.266
-0.263
-0.255
-0.244
-0.225
-0.194
-0.17
-0.151
-0.134
-0.117
-0.101
-0.087
-0.081
-0.079
-0.077
-0.075
-0.073
-0.071
-0.069
-0.068
-0.067
-0.067
-0.067
-0.068
-0.07
-0.072
-0.074
-0.076
-0.077
-0.078
-0.078
-0.079
-0.079
-0.079
-0.08
-0.08
-0.081
-0.082
-0.083
-0.084
-0.085
-0.086
-0.085
-0.084
-0.081
-0.078
-0.075
-0.072
-0.069
-0.066
-0.063
-0.061
-0.06
-0.059
-0.058
-0.056
-0.054
-0.052
-0.05
-0.047
-0.045
-0.042
-0.039
-0.037
-0.036
-0.036
-0.036
-0.037
-0.037
-0.038
-0.038
-0.039
-0.039
-0.04
-0.039
-0.039
-0.038
-0.037
-0.037
-0.037
-0.037
-0.037
-0.038
-0.038
-0.039
-0.04
-0.041
-0.042
-0.043
-0.044
-0.046
-0.047
-0.05
-0.053
-0.058
-0.064
-0.069
-0.074
-0.078
-0.081
-0.082
-0.08
-0.075
-0.067
-0.059
-0.051
-0.041
-0.03
-0.019
-0.008
0.0
0.007
0.013
0.018
0.022
0.026
0.028
0.029
0.027
0.025
0.022
0.018
0.014
0.009
0.002
-0.008
-0.017
-0.022
-0.027
-0.033
-0.038
-0.044
-0.052
-0.065
-0.108
-0.185
-0.303
-0.471
-0.689
-0.942
-1.203
-1.432
-1.588
-1.64
-1.583
-1.43
-1.205
-0.947
-0.705
-0.503
-0.347
-0.231
-0.141
-0.067
-0.009
0.036
0.065
0.089
0.107
0.125
0.149
0.175
0.195
0.21
0.227
0.235
0.24
0.244
0.247
0.251
0.254
0.258
0.261
0.264
0.268
0.271
0.274
0.277
0.28
0.285
0.29
0.295
0.298
0.298
0.296
0.292
0.286
0.279
0.268
0.249
0.232
0.219
0.21
0.203
0.196
0.189
0.182
0.173
0.162
0.151
0.139
0.126
0.109
0.092
0.069
0.038
0.012
-0.006
-0.023
-0.038
-0.051
-0.066
-0.082
-0.101
-0.123
-0.141
-0.152
-0.161
-0.168
-0.172
-0.172
-0.169
-0.164
-0.157
-0.144
-0.122
-0.1
-0.077
-0.053
-0.025
-0.003
0.009
0.02
0.032
0.043
0.052
0.06
0.067
0.071
0.073
0.075
0.075
0.076
0.076
0.076
0.076
0.076
0.076
0.075
0.075
0.074
0.073
0.072
0.07
0.069
0.069
0.069
0.07
0.072
0.073
0.073
0.074
0.075
0.076
0.078
0.079
0.081
0.084
0.087
0.091
0.095
0.099
0.103
0.107
0.111
0.115
0.12
0.124
0.129
0.138
0.146
0.147
0.139
0.129
0.12
0.11
0.1
0.092
0.085
0.08
0.076
0.072
0.067
0.063
0.057
0.052
0.045
0.038
0.03
0.021
0.011
0.002
-0.006
-0.014
-0.024
-0.034
-0.043
-0.053
-0.062
-0.07
-0.076
-0.081
-0.086
-0.09
-0.093
-0.095
-0.096
-0.097
-0.097
-0.095
-0.093
-0.089
-0.085
-0.08
-0.076
-0.07
-0.063
-0.055
-0.045
-0.037
-0.028
-0.019
-0.008
0.003
0.015
0.024
0.032
0.038
0.044
0.049
0.052
0.05
0.045
0.038
0.031
0.022
0.014
0.009
0.003
-0.003
-0.012
-0.012
-0.004
0.004
0.013
0.0
-0.038
-0.118
-0.244
-0.424
-0.659
-0.929
-1.197
-1.417
-1.523
-1.525
-1.425
-1.208
-0.945
-0.682
-0.455
-0.281
-0.156
-0.063
0.011
0.078
0.1
0.107
0.11
0.112
0.115
0.119
0.125
0.131
0.135
0.14
0.145
0.149
0.151
0.15
0.145
0.139
0.134
0.129
0.126
0.123
0.12
0.117
0.114
0.112
0.11
0.107
0.105
0.103
0.101
0.1
0.098
0.097
0.095
0.093
0.091
0.088
0.084
0.077
0.061
0.039
0.023
0.011
0.002
-0.004
-0.008
-0.013
-0.02
-0.03
-0.047
-0.065
-0.082
-0.096
-0.114
-0.137
-0.161
-0.187
-0.214
-0.239
-0.259
-0.274
-0.291
-0.303
-0.313
-0.32
-0.32
-0.314
-0.305
-0.289
-0.265
-0.242
-0.216
-0.188
-0.157
-0.127
-0.105
-0.087
-0.064
-0.035
-0.006
0.025
0.049
0.064
0.073
0.078
0.082
0.083
0.085
0.086
0.087
0.087
0.088
0.089
0.089
0.09
0.091
0.092
0.092
0.092
0.091
0.09
0.09
0.089
0.087
0.085
0.082
0.079
0.076
0.073
0.071
0.069
0.067
0.065
0.064
0.064
0.064
0.064
0.064
0.063
0.062
0.061
0.059
0.058
0.057
0.056
0.054
0.053
0.052
0.051
0.051
0.051
0.051
0.051
0.05
0.049
0.047
0.046
0.044
0.041
0.038
0.035
0.032
0.029
0.026
0.023
0.02
0.016
0.012
0.009
0.005
0.002
0.0
-0.004
-0.009
-0.013
-0.017
-0.021
-0.028
-0.036
-0.044
-0.05
-0.053
-0.053
-0.05
-0.046
-0.041
-0.037
-0.033
-0.029
-0.025
-0.02
-0.015
-0.011
-0.007
-0.002
0.0
0.004
0.006
0.009
0.011
0.013
0.015
0.018
0.022
0.027
0.031
0.034
0.038
0.04
0.042
0.043
0.045
0.047
0.049
0.052
0.058
0.07
0.047
-0.021
-0.13
-0.286
-0.489
-0.727
-0.977
-1.204
-1.367
-1.411
-1.395
-1.265
-1.049
-0.792
-0.539
-0.331
-0.18
-0.074
0.002
0.052
0.084
0.101
0.113
0.122
0.128
0.134
0.138
0.142
0.145
0.148
0.15
0.152
0.153
0.155
0.156
0.157
0.157
0.157
0.156
0.154
0.151
0.148
0.143
0.138
0.132
0.127
0.122
0.117
0.111
0.104
0.097
0.09
0.083
0.077
0.071
0.064
0.056
0.048
0.04
0.034
0.028
0.023
0.016
0.005
-0.008
-0.023
-0.04
-0.059
-0.082
-0.103
-0.121
-0.137
-0.152
-0.168
-0.183
-0.195
-0.208
-0.222
-0.236
-0.245
-0.254
-0.262
-0.269
-0.272
-0.273
-0.269
-0.264
-0.256
-0.246
-0.232
-0.209
-0.188
-0.159
-0.125
-0.092
-0.057
-0.022
0.011
0.032
0.045
0.055
0.066
0.074
0.08
0.084
0.089
0.093
0.096
0.097
0.097
0.095
0.091
0.085
0.077
0.068
0.053
0.027
0.01
-0.005
-0.022
-0.044
-0.06
-0.072
-0.082
-0.088
-0.091
-0.093
-0.095
-0.097
-0.099
-0.101
-0.102
-0.1
-0.094
-0.085
-0.077
-0.07
-0.062
-0.054
-0.045
-0.037
-0.03
-0.024
-0.019
-0.015
-0.011
-0.007
-0.004
-0.001
0.001
0.004
0.008
0.012
0.017
0.021
0.026
0.031
0.038
0.05
0.061
0.069
0.075
0.077
0.08
0.083
0.086
0.089
0.091
0.092
0.092
0.092
0.091
0.089
0.086
0.082
0.076
0.069
0.061
0.049
0.024
0.007
-0.009
-0.027
-0.045
-0.069
-0.104
-0.132
-0.147
-0.158
-0.163
-0.166
-0.168
-0.17
-0.172
-0.174
-0.176
-0.177
-0.177
-0.175
-0.169
-0.162
-0.154
-0.144
-0.13
-0.116
-0.104
-0.092
-0.08
-0.066
-0.049
-0.033
-0.016
-0.001
0.012
0.023
0.033
0.041
0.047
0.051
0.055
0.06
0.067
0.07
0.064
0.047
-0.001
-0.089
-0.22
-0.397
-0.616
-0.862
-1.112
-1.335
-1.49
-1.546
-1.492
-1.343
-1.127
-0.877
-0.634
-0.43
-0.27
-0.15
-0.068
-0.013
0.008
0.02
0.028
0.034
0.038
0.046
0.058
0.071
0.078
0.084
0.09
0.095
0.099
0.103
0.107
0.111
0.115
0.119
0.123
0.127
0.131
0.134
0.139
0.146
0.153
0.158
0.162
0.164
0.167
0.17
0.173
0.176
0.177
0.178
0.177
0.173
0.168
0.162
0.155
0.148
0.139
0.129
0.119
0.111
0.1
0.08
0.051
0.025
-0.001
-0.023
-0.041
-0.06
-0.08
-0.1
-0.119
-0.138
-0.157
-0.177
-0.196
-0.216
-0.237
-0.251
-0.261
-0.27
-0.274
-0.274
-0.27
-0.263
-0.253
-0.241
-0.221
-0.203
-0.178
-0.147
-0.118
-0.087
-0.057
-0.025
0.007
0.039
0.063
0.077
0.092
0.108
0.116
0.122
0.126
0.13
0.135
0.139
0.144
0.148
0.152
0.155
0.158
0.162
0.165
0.168
0.171
0.175
0.18
0.185
0.188
0.19
0.187
0.18
0.172
0.165
0.159
0.155
0.152
0.149
0.145
0.142
0.139
0.138
0.136
0.134
0.132
0.131
0.129
0.129
0.128
0.128
0.127
0.126
0.126
0.126
0.126
0.127
0.128
0.127
0.127
0.127
0.127
0.127
0.127
0.126
0.126
0.125
0.126
0.126
0.126
0.127
0.126
0.126
0.125
0.125
0.125
0.125
0.125
0.124
0.123
0.122
0.121
0.121
0.119
0.118
0.115
0.112
0.109
0.106
0.102
0.098
0.088
0.077
0.071
0.068
0.066
0.063
0.061
0.059
0.056
0.054
0.053
0.052
0.053
0.056
0.06
0.065
0.071
0.078
0.084
0.089
0.095
0.101
0.106
0.111
0.117
0.123
0.129
0.135
0.141
0.146
0.151
0.156
0.162
0.167
0.172
0.177
0.18
0.185
0.189
0.195
0.203
0.217
0.225
0.221
0.209
0.179
0.109
0.006
-0.138
-0.332
-0.565
-0.814
-1.05
-1.239
-1.329
-1.329
-1.236
-1.037
-0.781
-0.504
-0.253
-0.053
0.094
0.202
0.278
0.331
0.371
0.393
0.401
0.408
0.414
0.418
0.421
0.424
0.427
0.429
0.431
0.433
0.434
0.435
0.435
0.436
0.437
0.439
0.442
0.447
0.45
0.442
0.423
0.396
0.357
0.319
0.282
0.245
0.209
0.172
0.138
0.107
0.078
0.051
0.024
-0.003
-0.032
-0.062
-0.095
-0.124
-0.145
-0.167
-0.188
-0.21
-0.237
-0.256
-0.268
-0.278
-0.287
-0.295
-0.302
-0.309
-0.318
-0.327
-0.338
-0.35
-0.364
-0.381
-0.399
-0.408
-0.413
-0.416
-0.419
-0.422
-0.425
-0.426
-0.423
-0.416
-0.405
-0.391
-0.372
-0.341
-0.32
-0.292
-0.26
-0.232
-0.198
-0.177
-0.167
-0.16
-0.155
-0.15
-0.145
-0.141
-0.136
-0.132
-0.128
-0.124
-0.119
-0.113
-0.108
-0.104
-0.1
-0.097
-0.095
-0.093
-0.091
-0.09
-0.09
-0.089
-0.089
-0.088
-0.087
-0.086
-0.086
-0.085
-0.084
-0.083
-0.082
-0.081
-0.082
-0.083
-0.086
-0.089
-0.092
-0.096
-0.099
-0.103
-0.107
-0.11
-0.112
-0.114
-0.115
-0.116
-0.118
-0.121
-0.123
-0.126
-0.128
-0.13
-0.133
-0.135
-0.137
-0.138
-0.139
-0.14
-0.14
-0.141
-0.142
-0.143
-0.144
-0.145
-0.146
-0.147
-0.147
-0.148
-0.148
-0.149
-0.149
-0.15
-0.151
-0.152
-0.154
-0.156
-0.16
-0.166
-0.175
-0.182
-0.19
-0.198
-0.205
-0.211
-0.217
-0.221
-0.223
-0.22
-0.213
-0.204
-0.195
-0.188
-0.18
-0.173
-0.166
-0.159
-0.152
-0.146
-0.14
-0.133
-0.127
-0.12
-0.113
-0.105
-0.1
-0.096
-0.094
-0.092
-0.09
-0.087
-0.083
-0.079
-0.075
-0.074
-0.073
-0.072
-0.072
-0.073
-0.074
-0.076
-0.08
-0.086
-0.093
-0.102
-0.139
-0.246
-0.405
-0.616
-0.863
-1.121
-1.353
-1.524
-1.578
-1.567
-1.451
-1.246
-0.998
-0.75
-0.526
-0.332
-0.183
-0.082
-0.026
-0.008
0.007
0.022
0.038
0.054
0.069
0.081
0.09
0.097
0.103
0.107
0.112
0.116
0.119
0.121
0.123
0.125
0.126
0.128
0.129
0.13
0.131
0.133
0.135
0.136
0.137
0.137
0.135
0.133
0.131
0.129
0.126
0.122
0.119
0.116
0.113
0.111
0.108
0.106
0.102
0.098
0.094
0.09
0.086
0.081
0.077
0.072
0.068
0.064
0.06
0.055
0.05
0.042
0.034
0.028
0.023
0.018
0.015
0.012
0.009
0.006
0.004
0.002
0.002
0.002
0.004
0.008
0.012
0.019
0.026
0.038
0.059
0.079
0.099
0.119
0.142
0.162
0.179
0.193
0.206
0.212
0.216
0.219
0.223
0.226
0.228
0.23
0.231
0.232
0.232
0.231
0.228
0.224
0.22
0.214
0.208
0.203
0.197
0.192
0.188
0.183
0.179
0.174
0.169
0.165
0.16
0.156
0.153
0.149
0.146
0.143
0.141
0.138
0.136
0.134
0.132
0.131
0.129
0.128
0.126
0.125
0.123
0.122
0.121
0.12
0.118
0.116
0.115
0.114
0.114
0.114
0.114
0.114
0.114
0.114
0.115
0.116
0.116
0.116
0.115
0.115
0.114
0.113
0.111
0.11
0.108
0.106
0.104
0.103
0.102
0.1
0.098
0.096
0.092
0.088
0.082
0.076
0.07
0.064
0.058
0.052
0.047
0.041
0.035
0.03
0.024
0.018
0.011
0.003
-0.002
-0.008
-0.01
-0.011
-0.011
-0.012
-0.012
-0.013
-0.012
-0.012
-0.012
-0.011
-0.011
-0.011
-0.009
-0.004
0.002
0.008
0.012
0.017
0.022
0.028
0.034
0.038
0.041
0.043
0.043
0.043
0.042
0.041
0.038
0.035
0.029
0.023
0.017
-0.013
-0.107
-0.253
-0.454
-0.698
-0.962
-1.212
-1.407
-1.482
-1.474
-1.35
-1.124
-0.858
-0.595
-0.375
-0.206
-0.084
-0.004
0.047
0.08
0.099
0.108
0.115
0.119
0.122
0.124
0.124
0.124
0.122
0.119
0.115
0.11
0.105
0.1
0.096
0.093
0.09
0.087
0.085
0.082
0.08
0.077
0.075
0.072
0.07
0.068
0.067
0.066
0.066
0.065
0.064
0.064
0.063
0.062
0.06
0.058
0.056
0.053
0.049
0.045
0.039
0.024
0.01
-0.001
-0.017
-0.035
-0.054
-0.07
-0.084
-0.098
-0.11
-0.13
-0.156
-0.181
-0.21
-0.236
-0.256
-0.279
-0.292
-0.301
-0.308
-0.314
-0.316
-0.316
-0.313
-0.308
-0.301
-0.292
-0.28
-0.258
-0.239
-0.214
-0.185
-0.158
-0.131
-0.105
-0.076
-0.052
-0.034
-0.017
0.0
0.015
0.032
0.046
0.059
0.067
0.072
0.075
0.079
0.081
0.083
0.084
0.082
0.077
0.069
0.06
0.052
0.041
0.031
0.024
0.02
0.015
0.009
0.0
-0.015
-0.023
-0.027
-0.031
-0.034
-0.037
-0.039
-0.042
-0.045
-0.048
-0.05
-0.052
-0.053
-0.055
-0.057
-0.058
-0.061
-0.064
-0.066
-0.069
-0.07
-0.071
-0.07
-0.068
-0.065
-0.061
-0.058
-0.054
-0.049
-0.043
-0.037
-0.032
-0.027
-0.023
-0.021
-0.018
-0.015
-0.012
-0.01
-0.009
-0.009
-0.008
-0.009
-0.01
-0.013
-0.017
-0.022
-0.027
-0.031
-0.035
-0.039
-0.043
-0.048
-0.053
-0.057
-0.06
-0.063
-0.063
-0.063
-0.063
-0.061
-0.058
-0.054
-0.049
-0.041
-0.026
-0.013
-0.003
0.004
0.012
0.02
0.027
0.031
0.033
0.035
0.037
0.039
0.041
0.043
0.045
0.047
0.049
0.05
0.051
0.053
0.055
0.057
0.059
0.066
0.076
0.066
0.038
-0.019
-0.117
-0.267
-0.466
-0.702
-0.949
-1.169
-1.332
-1.38
-1.363
-1.226
-0.994
-0.721
-0.459
-0.244
-0.086
0.017
0.063
0.078
0.087
0.091
0.09
0.086
0.081
0.078
0.075
0.072
0.069
0.067
0.065
0.063
0.062
0.06
0.06
0.06
0.06
0.06
0.06
0.06
0.06
0.059
0.059
0.058
0.058
0.058
0.057
0.057
0.057
0.057
0.057
0.057
0.056
0.055
0.054
0.053
0.052
0.05
0.048
0.046
0.043
0.041
0.038
0.034
0.028
0.022
0.016
0.009
0.001
-0.01
-0.029
-0.043
-0.062
-0.085
-0.11
-0.133
-0.156
-0.18
-0.201
-0.216
-0.229
-0.237
-0.243
-0.248
-0.25
-0.25
-0.246
-0.239
-0.228
-0.209
-0.177
-0.146
-0.114
-0.081
-0.05
-0.02
0.006
0.026
0.042
0.058
0.074
0.09
0.104
0.119
0.133
0.147
0.156
0.162
0.167
0.171
0.172
0.17
0.166
0.159
0.151
0.143
0.131
0.121
0.112
0.107
0.103
0.099
0.097
0.096
0.095
0.095
0.096
0.097
0.098
0.1
0.101
0.102
0.103
0.104
0.106
0.109
0.111
0.114
0.115
0.116
0.117
0.118
0.118
0.118
0.118
0.118
0.118
0.12
0.121
0.122
0.122
0.118
0.112
0.105
0.096
0.082
0.07
0.059
0.05
0.041
0.033
0.026
0.019
0.009
-0.001
-0.004
-0.005
-0.005
-0.006
-0.007
-0.007
-0.007
-0.008
-0.009
-0.01
-0.012
-0.013
-0.015
-0.017
-0.019
-0.023
-0.027
-0.036
-0.047
-0.059
-0.066
-0.071
-0.076
-0.08
-0.084
-0.086
-0.088
-0.088
-0.086
-0.084
-0.081
-0.078
-0.074
-0.069
-0.064
-0.054
-0.043
-0.03
-0.024
-0.02
-0.017
-0.015
-0.013
-0.012
-0.01
-0.008
-0.006
-0.004
-0.001
0.0
0.001
0.001
0.002
0.003
0.004
0.005
0.009
0.016
0.02
0.013
-0.007
-0.065
-0.179
-0.344
-0.554
-0.795
-1.04
-1.251
-1.386
-1.423
-1.355
-1.19
-0.958
-0.694
-0.44
-0.224
-0.068
0.002
0.024
0.037
0.046
0.053
0.066
0.093
0.13
0.152
0.161
0.169
0.169
0.158
0.142
0.118
0.106
0.101
0.097
0.094
0.091
0.088
0.084
0.081
0.078
0.076
0.074
0.071
0.068
0.065
0.062
0.059
0.056
0.053
0.049
0.045
0.041
0.038
0.034
0.03
0.024
0.018
0.011
0.005
0.001
-0.003
-0.009
-0.016
-0.023
-0.029
-0.037
-0.046
-0.059
-0.072
-0.086
-0.1
-0.11
-0.123
-0.142
-0.163
-0.183
-0.202
-0.224
-0.242
-0.256
-0.272
-0.281
-0.289
-0.294
-0.298
-0.298
-0.295
-0.289
-0.282
-0.268
-0.245
-0.22
-0.198
-0.163
-0.127
-0.088
-0.061
-0.041
-0.029
-0.019
-0.009
0.0
0.003
0.007
0.01
0.013
0.016
0.018
0.021
0.023
0.025
0.028
0.03
0.032
0.033
0.034
0.035
0.036
0.037
0.038
0.041
0.045
0.048
0.049
0.049
0.047
0.045
0.043
0.042
0.04
0.038
0.036
0.034
0.034
0.035
0.037
0.039
0.042
0.044
0.047
0.051
0.054
0.055
0.054
0.049
0.044
0.04
0.038
0.037
0.035
0.033
0.03
0.028
0.026
0.025
0.024
0.023
0.023
0.022
0.022
0.023
0.024
0.024
0.024
0.024
0.024
0.023
0.022
0.02
0.019
0.017
0.016
0.015
0.014
0.012
0.011
0.009
0.008
0.005
0.0
-0.007
-0.014
-0.02
-0.026
-0.031
-0.035
-0.04
-0.044
-0.048
-0.051
-0.052
-0.051
-0.05
-0.048
-0.045
-0.041
-0.036
-0.028
-0.013
0.002
0.013
0.02
0.026
0.032
0.037
0.042
0.045
0.048
0.05
0.052
0.055
0.058
0.061
0.063
0.065
0.068
0.071
0.074
0.077
0.081
0.085
0.092
0.104
0.103
0.084
0.03
-0.069
-0.221
-0.424
-0.666
-0.924
-1.162
-1.346
-1.434
-1.437
-1.361
-1.18
-0.945
-0.697
-0.474
-0.296
-0.169
-0.077
-0.013
0.035
0.064
0.079
0.086
0.092
0.095
0.097
0.098
0.097
0.097
0.096
0.095
0.095
0.095
0.094
0.093
0.091
0.09
0.09
0.09
0.091
0.092
0.093
0.094
0.096
0.098
0.1
0.102
0.104
0.106
0.108
0.111
0.112
0.109
0.101
0.092
0.084
0.077
0.07
0.063
0.057
0.052
0.046
0.039
0.032
0.024
0.014
0.002
-0.013
-0.032
-0.047
-0.063
-0.079
-0.094
-0.114
-0.14
-0.162
-0.178
-0.192
-0.211
-0.237
-0.261
-0.276
-0.28
-0.282
-0.284
-0.285
-0.286
-0.284
-0.277
-0.268
-0.251
-0.224
-0.196
-0.169
-0.142
-0.116
-0.093
-0.069
-0.047
-0.022
0.0
0.015
0.034
0.047
0.055
0.062
0.068
0.074
0.08
0.085
0.088
0.091
0.094
0.096
0.099
0.102
0.105
0.107
0.108
0.11
0.111
0.112
0.112
0.112
0.111
0.11
0.109
0.108
0.106
0.104
0.1
0.096
0.092
0.088
0.083
0.074
0.063
0.053
0.042
0.031
0.022
0.013
0.004
-0.001
-0.005
-0.008
-0.009
-0.011
-0.011
-0.012
-0.013
-0.015
-0.016
-0.016
-0.016
-0.015
-0.014
-0.013
-0.011
-0.009
-0.007
-0.004
-0.001
0.0
0.002
0.004
0.005
0.006
0.008
0.009
0.011
0.011
0.011
0.011
0.011
0.011
0.01
0.009
0.008
0.006
0.004
0.002
0.001
0.0
-0.003
-0.005
-0.006
-0.002
0.005
0.013
0.017
0.02
0.024
0.027
0.031
0.034
0.037
0.04
0.043
0.045
0.046
0.047
0.047
0.047
0.047
0.048
0.05
0.051
0.053
0.053
0.053
0.052
0.05
0.048
0.045
0.041
0.036
0.031
0.024
0.017
0.009
-0.038
-0.15
-0.31
-0.514
-0.749
-0.992
-1.214
-1.38
-1.435
-1.426
-1.316
-1.122
-0.886
-0.644
-0.423
-0.241
-0.108
-0.019
0.041
0.096
0.134
0.158
0.171
0.18
0.186
0.19
0.193
0.195
0.198
0.201
0.204
0.207
0.206
0.199
0.189
0.179
0.173
0.168
0.163
0.159
0.154
0.148
0.144
0.139
0.136
0.132
0.129
0.125
0.121
0.117
0.111
0.104
0.097
0.091
0.086
0.079
0.07
0.054
0.039
0.024
0.008
-0.008
-0.025
-0.041
-0.058
-0.067
-0.073
-0.077
-0.081
-0.086
-0.09
-0.095
-0.1
-0.106
-0.116
-0.132
-0.149
-0.162
-0.171
-0.178
-0.183
-0.187
-0.19
-0.194
-0.198
-0.202
-0.201
-0.195
-0.185
-0.168
-0.142
-0.117
-0.091
-0.064
-0.037
-0.011
0.016
0.039
0.056
0.075
0.083
0.089
0.094
0.099
0.103
0.105
0.107
0.107
0.106
0.105
0.103
0.1
0.096
0.091
0.087
0.083
0.08
0.078
0.077
0.076
0.074
0.072
0.07
0.068
0.065
0.062
0.059
0.056
0.054
0.053
0.053
0.053
0.054
0.055
0.057
0.058
0.06
0.061
0.062
0.062
0.061
0.06
0.059
0.059
0.058
0.058
0.059
0.061
0.062
0.061
0.058
0.055
0.054
0.052
0.05
0.048
0.046
0.045
0.043
0.043
0.043
0.044
0.046
0.049
0.052
0.055
0.058
0.062
0.065
0.068
0.073
0.077
0.081
0.081
0.078
0.072
0.063
0.054
0.042
0.024
0.012
0.002
-0.002
-0.005
-0.008
-0.011
-0.013
-0.015
-0.016
-0.017
-0.017
-0.017
-0.017
-0.016
-0.015
-0.014
-0.012
-0.009
-0.007
-0.005
