-0.254
-0.307
-0.364
-0.425
-0.472
-0.489
-0.497
-0.496
-0.487
-0.476
-0.468
-0.461
-0.455
-0.45
-0.444
-0.438
-0.432
-0.427
-0.422
-0.415
-0.407
-0.398
-0.387
-0.375
-0.366
-0.359
-0.353
-0.348
-0.342
-0.337
-0.332
-0.327
-0.321
-0.313
-0.301
-0.289
-0.277
-0.261
-0.244
-0.234
-0.228
-0.224
-0.22
-0.22
-0.223
-0.232
-0.243
-0.256
-0.276
-0.297
-0.31
-0.319
-0.327
-0.332
-0.334
-0.334
-0.332
-0.327
-0.32
-0.313
-0.305
-0.293
-0.282
-0.276
-0.27
-0.262
-0.252
-0.234
-0.21
-0.181
-0.129
-0.076
-0.023
0.028
0.059
0.081
0.096
0.097
0.088
0.061
0.019
-0.032
-0.086
-0.137
-0.185
-0.214
-0.239
-0.258
-0.272
-0.282
-0.289
-0.294
-0.296
-0.292
-0.283
-0.272
-0.26
-0.246
-0.233
-0.222
-0.214
-0.205
-0.199
-0.199
-0.207
-0.218
-0.23
-0.245
-0.253
-0.257
-0.258
-0.26
-0.261
-0.262
-0.265
-0.267
-0.269
-0.27
-0.272
-0.273
-0.273
-0.273
-0.273
-0.273
-0.274
-0.276
-0.278
-0.28
-0.283
-0.287
-0.291
-0.295
-0.3
-0.305
-0.31
-0.316
-0.324
-0.34
-0.348
-0.352
-0.356
-0.36
-0.363
-0.363
-0.355
-0.343
-0.329
-0.309
-0.291
-0.281
-0.274
-0.269
-0.264
-0.26
-0.255
-0.25
-0.245
-0.24
-0.235
-0.228
-0.22
-0.213
-0.208
-0.203
-0.199
-0.196
-0.192
-0.189
-0.187
-0.185
-0.184
-0.186
-0.191
-0.197
-0.203
-0.209
-0.216
-0.223
-0.23
-0.237
-0.244
-0.251
-0.257
-0.262
-0.268
-0.273
-0.277
-0.28
-0.282
-0.281
-0.28
-0.276
-0.271
-0.265
-0.257
-0.247
-0.231
-0.218
-0.208
-0.194
-0.179
-0.165
-0.158
-0.154
-0.15
-0.147
-0.145
-0.144
-0.144
-0.146
-0.149
-0.153
-0.159
-0.166
-0.177
-0.197
-0.214
-0.236
-0.261
-0.303
-0.349
-0.396
-0.424
-0.452
-0.482
-0.504
-0.518
-0.524
-0.525
-0.525
-0.525
-0.526
-0.523
-0.505
-0.48
-0.447
-0.412
-0.376
-0.338
-0.298
-0.256
-0.216
-0.188
-0.171
-0.156
-0.142
-0.136
-0.131
-0.128
-0.126
-0.123
-0.122
-0.121
-0.12
-0.119
-0.118
-0.117
-0.116
-0.114
-0.114
-0.113
-0.113
-0.112
-0.111
-0.11
-0.108
-0.106
-0.103
-0.097
-0.082
-0.064
-0.045
-0.026
-0.006
0.008
0.021
0.031
0.039
0.045
0.05
0.053
0.056
0.06
0.065
0.071
0.079
0.088
0.099
0.116
0.131
0.145
0.156
0.164
0.172
0.178
0.182
0.186
0.189
0.191
0.194
0.197
0.201
0.203
0.205
0.206
0.207
0.206
0.203
0.199
0.194
0.188
0.181
0.173
0.161
0.148
0.138
0.128
0.109
0.081
0.053
0.027
0.007
-0.007
-0.026
-0.042
-0.056
-0.068
-0.08
-0.088
-0.094
-0.099
-0.103
-0.105
-0.107
-0.108
-0.109
-0.11
-0.111
-0.112
-0.114
-0.115
-0.116
-0.113
-0.108
-0.101
-0.094
-0.089
-0.083
-0.078
-0.072
-0.067
-0.061
-0.056
-0.051
-0.046
-0.041
-0.037
-0.034
-0.031
-0.03
-0.028
-0.027
-0.026
-0.025
-0.024
-0.024
-0.023
-0.022
-0.022
-0.021
-0.02
-0.019
-0.018
-0.018
-0.018
-0.017
-0.015
-0.013
-0.01
-0.006
-0.002
0.002
0.011
0.029
0.04
0.047
0.051
0.054
0.057
0.059
0.061
0.062
0.061
0.061
0.059
0.057
0.055
0.052
0.048
0.045
0.043
0.041
0.04
0.039
0.038
0.037
0.036
0.035
0.035
0.035
0.035
0.035
0.036
0.036
0.037
0.037
0.038
0.038
0.038
0.037
0.036
0.034
0.033
0.032
0.031
0.03
0.029
0.028
0.027
0.026
0.025
0.024
0.021
0.019
0.017
0.016
0.018
0.023
0.031
0.038
0.045
0.051
0.057
0.062
0.067
0.072
0.075
0.079
0.083
0.087
0.093
0.1
0.107
0.114
0.122
0.132
0.143
0.157
0.163
0.166
0.169
0.172
0.174
0.173
0.167
0.159
0.155
0.152
0.15
0.148
0.146
0.144
0.141
0.139
0.137
0.136
0.137
0.138
0.139
0.141
0.144
0.148
0.151
0.156
0.161
0.167
0.179
0.207
0.258
0.32
0.389
0.457
0.514
0.535
0.538
0.529
0.503
0.451
0.395
0.341
0.308
0.284
0.27
0.257
0.244
0.233
0.222
0.215
0.216
0.228
0.24
0.245
0.248
0.251
0.253
0.254
0.256
0.258
0.26
0.263
0.265
0.268
0.27
0.27
0.27
0.27
0.27
0.27
0.269
0.269
0.268
0.267
0.267
0.267
0.267
0.267
0.267
0.268
0.268
0.268
0.269
0.269
0.269
0.268
0.268
0.268
0.268
0.268
0.268
0.269
0.27
0.272
0.274
0.275
0.276
0.278
0.279
0.28
0.282
0.284
0.285
0.286
0.287
0.289
0.291
0.293
0.295
0.297
0.3
0.304
0.307
0.311
0.315
0.322
0.336
0.345
0.351
0.355
0.358
0.36
0.362
0.364
0.364
0.363
0.36
0.354
0.347
0.339
0.328
0.311
0.298
0.289
0.277
0.263
0.244
0.23
0.219
0.211
0.203
0.197
0.191
0.185
0.18
0.178
0.18
0.184
0.188
0.191
0.193
0.194
0.196
0.198
0.201
0.203
0.204
0.205
0.205
0.203
0.201
0.197
0.192
0.187
0.18
0.174
0.164
0.144
0.127
0.12
0.117
0.114
0.113
0.113
0.112
0.112
0.111
0.11
0.109
0.108
0.106
0.104
0.101
0.099
0.098
0.097
0.097
0.096
0.095
0.094
0.093
0.092
0.089
0.086
0.082
0.079
0.077
0.076
0.077
0.078
0.08
0.082
0.084
0.087
0.091
0.096
0.099
0.101
0.099
0.093
0.086
0.077
0.067
0.053
0.04
0.029
0.019
0.008
-0.001
-0.011
-0.021
-0.03
-0.036
-0.04
-0.045
-0.048
-0.051
-0.053
-0.055
-0.056
-0.055
-0.055
-0.053
-0.05
-0.046
-0.04
-0.033
-0.023
0.015
0.067
0.128
0.192
0.25
0.29
0.305
0.305
0.288
0.237
0.163
0.083
0.008
-0.053
-0.088
-0.106
-0.115
-0.122
-0.128
-0.132
-0.135
-0.137
-0.138
-0.14
-0.14
-0.141
-0.143
-0.144
-0.144
-0.145
-0.147
-0.148
-0.149
-0.149
-0.15
-0.15
-0.15
-0.15
-0.149
-0.149
-0.149
-0.148
-0.148
-0.148
-0.147
-0.147
-0.146
-0.146
-0.146
-0.145
-0.144
-0.143
-0.142
-0.14
-0.138
-0.137
-0.135
-0.132
-0.13
-0.128
-0.126
-0.125
-0.123
-0.122
-0.121
-0.121
-0.121
-0.121
-0.12
-0.119
-0.117
-0.115
-0.112
-0.109
-0.107
-0.104
-0.101
-0.098
-0.095
-0.092
-0.09
-0.087
-0.084
-0.081
-0.076
-0.071
-0.065
-0.061
-0.058
-0.057
-0.058
-0.059
-0.062
-0.065
-0.068
-0.072
-0.075
-0.079
-0.084
-0.088
-0.092
-0.097
-0.102
-0.106
-0.11
-0.112
-0.114
-0.116
-0.119
-0.121
-0.122
-0.124
-0.125
-0.127
-0.128
-0.129
-0.13
-0.13
-0.13
-0.131
-0.13
-0.13
-0.129
-0.128
-0.127
-0.126
-0.126
-0.125
-0.123
-0.121
-0.119
-0.118
-0.116
-0.114
-0.112
-0.108
-0.104
-0.092
-0.085
-0.08
-0.075
-0.071
-0.071
-0.076
-0.086
-0.101
-0.126
-0.151
-0.178
-0.208
-0.234
-0.272
-0.307
-0.332
-0.355
-0.372
-0.384
-0.393
-0.4
-0.405
-0.405
-0.402
-0.395
-0.374
-0.339
-0.286
-0.225
-0.17
-0.126
-0.104
-0.072
-0.036
0.012
0.063
0.097
0.106
0.113
0.117
0.119
0.12
0.119
0.116
0.112
0.107
0.101
0.094
0.085
0.075
0.065
0.056
0.051
0.046
0.042
0.039
0.036
0.034
0.032
0.031
0.031
0.031
0.032
0.034
0.036
0.038
0.041
0.045
0.049
0.056
0.071
0.086
0.095
0.1
0.104
0.108
0.111
0.114
0.118
0.121
0.125
0.131
0.14
0.155
0.17
0.182
0.192
0.199
0.203
0.205
0.208
0.21
0.211
0.212
0.213
0.212
0.209
0.203
0.196
0.182
0.157
0.138
0.123
0.113
0.101
0.084
0.063
0.042
0.026
0.016
0.005
-0.005
-0.013
-0.02
-0.025
-0.029
-0.031
-0.033
-0.034
-0.035
-0.036
-0.037
-0.039
-0.039
-0.039
-0.038
-0.038
-0.037
-0.036
-0.035
-0.034
-0.033
-0.032
-0.032
-0.033
-0.035
-0.036
-0.038
-0.04
-0.043
-0.044
-0.043
-0.041
-0.037
-0.035
-0.032
-0.029
-0.027
-0.026
-0.028
-0.033
-0.039
-0.052
-0.062
-0.063
-0.064
-0.066
-0.067
-0.067
-0.066
-0.064
-0.061
-0.059
-0.056
-0.054
-0.051
-0.048
-0.046
-0.044
-0.043
-0.042
-0.041
-0.04
-0.04
-0.039
-0.04
-0.04
-0.04
-0.039
-0.039
-0.038
-0.038
-0.038
-0.037
-0.037
-0.037
-0.037
-0.038
-0.038
-0.039
-0.04
-0.041
-0.041
-0.042
-0.042
-0.043
-0.043
-0.044
-0.044
-0.045
-0.046
-0.047
-0.047
-0.048
-0.05
-0.051
-0.053
-0.054
-0.056
-0.057
-0.059
-0.061
-0.064
-0.068
-0.07
-0.067
-0.061
-0.056
-0.052
-0.047
-0.043
-0.038
-0.034
-0.031
-0.028
-0.026
-0.024
-0.022
-0.02
-0.018
-0.016
-0.014
-0.012
-0.009
-0.005
0.001
0.013
0.023
0.031
0.036
0.041
0.045
0.049
0.052
0.054
0.057
0.059
0.061
0.062
0.063
0.063
0.063
0.062
0.06
0.057
0.054
0.05
0.041
0.026
0.013
-0.003
-0.014
-0.019
-0.023
-0.026
-0.029
-0.032
-0.035
-0.036
-0.038
-0.041
-0.045
-0.054
-0.063
-0.071
-0.077
-0.079
-0.076
-0.067
-0.043
-0.007
0.04
0.101
0.172
0.243
0.304
0.343
0.356
0.351
0.336
0.284
0.214
0.139
0.076
0.027
-0.01
-0.037
-0.051
-0.058
-0.061
-0.064
-0.066
-0.067
-0.068
-0.069
-0.07
-0.071
-0.071
-0.07
-0.07
-0.069
-0.069
-0.068
-0.067
-0.067
-0.066
-0.066
-0.066
-0.066
-0.066
-0.065
-0.065
-0.065
-0.065
-0.064
-0.063
-0.062
-0.061
-0.06
-0.059
-0.058
-0.057
-0.057
-0.056
-0.055
-0.055
-0.055
-0.055
-0.056
-0.056
-0.056
-0.056
-0.055
-0.055
-0.054
-0.053
-0.052
-0.05
-0.049
-0.047
-0.046
-0.045
-0.044
-0.042
-0.041
-0.039
-0.037
-0.034
-0.031
-0.026
-0.022
-0.017
-0.013
-0.011
-0.008
-0.006
-0.003
0.0
0.002
0.006
0.012
0.018
0.021
0.024
0.027
0.03
0.032
0.034
0.035
0.035
0.035
0.035
0.034
0.033
0.031
0.028
0.026
0.023
0.02
0.017
0.014
0.011
0.008
0.005
0.002
0.0
0.0
-0.001
-0.002
-0.002
-0.002
-0.003
-0.003
-0.004
-0.005
-0.006
-0.008
-0.009
-0.011
-0.013
-0.014
-0.016
-0.017
-0.018
-0.02
-0.02
-0.021
-0.022
-0.023
-0.024
-0.025
-0.027
-0.028
-0.029
-0.03
-0.03
-0.031
-0.031
-0.031
-0.032
-0.032
-0.033
-0.033
-0.034
-0.034
-0.034
-0.034
-0.034
-0.034
-0.034
-0.033
-0.032
-0.031
-0.029
-0.028
-0.027
-0.026
-0.025
-0.023
-0.021
-0.019
-0.016
-0.012
-0.001
0.008
0.016
0.027
0.039
0.052
0.063
0.073
0.077
0.074
0.065
0.055
0.043
0.031
0.019
0.007
-0.008
-0.019
-0.026
-0.032
-0.036
-0.038
-0.04
-0.042
-0.043
-0.044
-0.045
-0.046
-0.048
-0.048
-0.049
-0.048
-0.045
-0.042
-0.037
-0.031
-0.02
0.0
0.034
0.081
0.143
0.214
0.281
0.331
0.347
0.335
0.3
0.215
0.12
0.033
-0.033
-0.082
-0.101
-0.107
-0.11
-0.112
-0.114
-0.117
-0.12
-0.122
-0.124
-0.127
-0.129
-0.131
-0.133
-0.135
-0.136
-0.137
-0.138
-0.138
-0.138
-0.136
-0.134
-0.132
-0.129
-0.127
-0.125
-0.123
-0.121
-0.119
-0.116
-0.114
-0.111
-0.109
-0.107
-0.105
-0.104
-0.102
-0.101
-0.1
-0.099
-0.098
-0.098
-0.096
-0.095
-0.094
-0.094
-0.094
-0.093
-0.093
-0.092
-0.092
-0.091
-0.09
-0.089
-0.089
-0.088
-0.087
-0.087
-0.086
-0.085
-0.085
-0.084
-0.084
-0.083
-0.081
-0.079
-0.077
-0.074
-0.071
-0.067
-0.064
-0.06
-0.056
-0.051
-0.048
-0.044
-0.04
-0.036
-0.031
-0.027
-0.025
-0.027
-0.031
-0.036
-0.04
-0.044
-0.049
-0.053
-0.058
-0.063
-0.066
-0.069
-0.072
-0.074
-0.077
-0.08
-0.083
-0.085
-0.086
-0.086
-0.087
-0.088
-0.089
-0.09
-0.089
-0.085
-0.084
-0.083
-0.082
-0.081
-0.08
-0.079
-0.078
-0.076
-0.074
-0.073
-0.071
-0.07
-0.068
-0.066
-0.064
-0.06
-0.053
-0.047
-0.043
-0.039
-0.035
-0.032
-0.035
-0.043
-0.068
-0.096
-0.125
-0.156
-0.187
-0.215
-0.24
-0.264
-0.289
-0.305
-0.322
-0.336
-0.349
-0.362
-0.371
-0.377
-0.377
-0.372
-0.358
-0.334
-0.305
-0.27
-0.225
-0.173
-0.118
-0.063
-0.012
0.029
0.061
0.08
0.096
0.107
0.117
0.13
0.147
0.166
0.18
0.185
0.188
0.19
0.191
0.192
0.191
0.19
0.187
0.184
0.179
0.17
0.153
0.14
0.131
0.129
0.129
0.128
0.127
0.127
0.13
0.137
0.144
0.151
0.158
0.165
0.171
0.178
0.185
0.19
0.199
0.212
0.224
0.232
0.24
0.247
0.252
0.258
0.265
0.276
0.292
0.307
0.318
0.329
0.339
0.349
0.36
0.369
0.375
0.381
0.385
0.389
0.393
0.397
0.4
0.4
0.396
0.389
0.379
0.364
0.349
0.335
0.32
0.305
0.293
0.284
0.273
0.259
0.243
0.23
0.217
0.203
0.187
0.176
0.17
0.166
0.163
0.16
0.158
0.156
0.154
0.151
0.148
0.145
0.141
0.136
0.129
0.12
0.113
0.109
0.107
0.104
0.102
0.1
0.098
0.095
0.091
0.086
0.078
0.069
0.06
0.052
0.047
0.046
0.045
0.044
0.044
0.043
0.043
0.042
0.042
0.041
0.041
0.041
0.041
0.042
0.042
0.043
0.044
0.044
0.045
0.045
0.045
0.046
0.046
0.046
0.046
0.046
0.046
0.046
0.046
0.047
0.047
0.048
0.048
0.048
0.048
0.047
0.047
0.046
0.045
0.044
0.043
0.042
0.042
0.041
0.04
0.039
0.039
0.038
0.037
0.034
0.031
0.028
0.025
0.023
0.02
0.016
0.009
-0.005
-0.02
-0.03
-0.037
-0.045
-0.057
-0.07
-0.081
-0.084
-0.085
-0.087
-0.088
-0.089
-0.09
-0.09
-0.09
-0.091
-0.091
-0.092
-0.092
-0.092
-0.092
-0.092
-0.092
-0.092
-0.092
-0.091
-0.09
-0.089
-0.088
-0.088
-0.087
-0.087
-0.086
-0.084
-0.083
-0.082
-0.081
-0.081
-0.079
-0.076
-0.073
-0.072
-0.073
-0.075
-0.079
-0.083
-0.087
-0.092
-0.097
-0.097
-0.094
-0.088
-0.082
-0.072
-0.064
-0.056
-0.048
-0.043
-0.038
-0.034
-0.033
-0.036
-0.045
-0.058
-0.074
-0.084
-0.092
-0.099
-0.109
-0.123
-0.139
-0.15
-0.153
-0.155
-0.156
-0.157
-0.158
-0.158
-0.157
-0.156
-0.155
-0.153
-0.151
-0.149
-0.144
-0.138
-0.132
-0.111
-0.081
-0.041
0.005
0.054
0.098
0.132
0.144
0.137
0.116
0.071
0.02
-0.025
-0.065
-0.094
-0.108
-0.129
-0.15
-0.175
-0.189
-0.198
-0.204
-0.207
-0.207
-0.204
-0.2
-0.195
-0.188
-0.188
-0.194
-0.199
-0.202
-0.205
-0.207
-0.207
-0.206
-0.203
-0.201
-0.198
-0.195
-0.193
-0.189
-0.186
-0.182
-0.177
-0.173
-0.168
-0.161
-0.155
-0.15
-0.145
-0.141
-0.136
-0.131
-0.126
-0.121
-0.114
-0.106
-0.104
-0.102
-0.101
-0.1
-0.098
-0.093
-0.088
-0.082
-0.076
-0.071
-0.066
-0.062
-0.061
-0.059
-0.058
-0.056
-0.054
-0.053
-0.051
-0.05
-0.05
-0.049
-0.048
-0.047
-0.047
-0.046
-0.046
-0.045
-0.044
-0.042
-0.041
-0.039
-0.037
-0.035
-0.034
-0.033
-0.031
-0.03
-0.027
-0.025
-0.022
-0.017
-0.013
-0.012
-0.013
-0.015
-0.016
-0.016
-0.017
-0.018
-0.019
-0.02
-0.021
-0.022
-0.022
-0.022
-0.021
-0.019
-0.017
-0.015
-0.013
-0.011
-0.01
-0.009
-0.007
-0.006
-0.005
-0.004
-0.004
-0.005
-0.006
-0.007
-0.008
-0.009
-0.011
-0.013
-0.015
-0.017
-0.019
-0.02
-0.021
-0.022
-0.023
-0.023
-0.021
-0.019
-0.017
-0.014
-0.012
-0.01
-0.007
-0.003
0.0
0.003
0.006
0.009
0.01
0.011
0.012
0.013
0.014
0.015
0.016
0.016
0.018
0.019
0.021
0.023
0.024
0.025
0.025
0.026
0.028
0.029
0.031
0.032
0.034
0.037
0.042
0.047
0.052
0.056
0.061
0.065
0.072
0.082
0.09
0.098
0.103
0.108
0.112
0.113
0.112
0.107
0.1
0.088
0.068
0.053
0.043
0.035
0.029
0.025
0.022
0.019
0.017
0.015
0.014
0.014
0.014
0.015
0.017
0.019
0.023
0.028
0.037
0.052
0.071
0.1
0.141
0.193
0.254
0.321
0.388
0.431
0.445
0.428
0.378
0.294
0.203
0.13
0.101
0.093
0.088
0.081
0.077
0.07
0.046
0.014
-0.014
-0.025
-0.031
-0.034
-0.034
-0.035
-0.036
-0.037
-0.038
-0.039
-0.039
-0.039
-0.039
-0.039
-0.039
-0.039
-0.04
-0.041
-0.041
-0.042
-0.043
-0.044
-0.045
-0.047
-0.048
-0.049
-0.05
-0.051
-0.052
-0.053
-0.055
-0.057
-0.059
-0.061
-0.061
-0.059
-0.056
-0.052
-0.049
-0.047
-0.045
-0.044
-0.043
-0.041
-0.04
-0.039
-0.038
-0.037
-0.037
-0.037
-0.036
-0.035
-0.034
-0.033
-0.032
-0.031
-0.031
-0.029
-0.028
-0.027
-0.026
-0.024
-0.023
-0.021
-0.019
-0.017
-0.015
-0.011
-0.007
-0.003
0.0
0.001
0.001
0.0
-0.002
-0.005
-0.008
-0.012
-0.017
-0.023
-0.028
-0.033
-0.035
-0.037
-0.039
-0.042
-0.044
-0.046
-0.047
-0.049
-0.05
-0.051
-0.052
-0.051
-0.05
-0.049
-0.049
-0.048
-0.047
-0.046
-0.045
-0.043
-0.042
-0.04
-0.038
-0.036
-0.033
-0.029
-0.027
-0.025
-0.023
-0.022
-0.02
-0.018
-0.016
-0.014
-0.012
-0.012
-0.014
-0.02
-0.027
-0.04
-0.06
-0.078
-0.096
-0.114
-0.131
-0.16
-0.192
-0.226
-0.259
-0.289
-0.316
-0.331
-0.338
-0.342
-0.346
-0.349
-0.352
-0.355
-0.364
-0.363
-0.337
-0.288
-0.221
-0.15
-0.084
-0.029
0.014
0.049
0.067
0.076
0.08
0.084
0.088
0.092
0.096
0.102
0.114
0.132
0.146
0.156
0.162
0.165
0.168
0.17
0.169
0.165
0.159
0.148
0.132
0.121
0.112
0.103
0.093
0.083
0.079
0.076
0.074
0.072
0.071
0.071
0.072
0.076
0.081
0.087
0.095
0.106
0.114
0.119
0.125
0.133
0.142
0.15
0.157
0.164
0.171
0.182
0.198
0.209
0.215
0.22
0.222
0.223
0.223
0.224
0.225
0.226
0.227
0.227
0.226
0.223
0.219
0.215
0.208
0.197
0.186
0.172
0.155
0.139
0.122
0.102
0.086
0.062
0.04
0.025
0.012
0.002
-0.006
-0.018
-0.032
-0.039
-0.043
-0.046
-0.049
-0.051
-0.054
-0.057
-0.063
-0.063
-0.058
-0.054
-0.052
-0.049
-0.048
-0.047
-0.046
-0.044
-0.041
-0.038
-0.036
-0.034
-0.032
-0.031
-0.03
-0.028
-0.025
-0.023
-0.022
-0.021
-0.02
-0.019
-0.018
-0.017
-0.016
-0.016
-0.016
-0.015
-0.014
-0.012
-0.011
-0.009
-0.008
-0.007
-0.006
-0.005
-0.003
-0.002
-0.001
-0.001
-0.001
0.0
0.002
0.004
0.004
0.003
0.0
-0.002
-0.005
-0.007
-0.009
-0.011
-0.013
-0.014
-0.016
-0.017
-0.018
-0.019
-0.019
-0.019
-0.019
-0.018
-0.017
-0.016
-0.015
-0.014
-0.013
-0.011
-0.01
-0.009
-0.006
-0.004
-0.006
-0.01
-0.012
-0.013
-0.014
-0.015
-0.015
-0.016
-0.017
-0.017
-0.018
-0.019
-0.02
-0.021
-0.021
-0.022
-0.023
-0.023
-0.024
-0.025
-0.026
-0.027
-0.028
-0.03
-0.031
-0.033
-0.035
-0.037
-0.038
-0.039
-0.04
-0.04
-0.04
-0.04
-0.04
-0.04
-0.039
-0.038
-0.037
-0.036
-0.035
-0.034
-0.033
-0.031
-0.029
-0.028
-0.026
-0.025
-0.025
-0.024
-0.023
-0.022
-0.019
-0.015
-0.006
-0.001
0.001
0.003
0.006
0.01
0.014
0.017
0.021
0.025
0.029
0.034
0.038
0.043
0.047
0.053
0.057
0.058
0.056
0.053
0.049
0.045
0.04
0.034
0.025
0.012
0.002
-0.002
-0.007
-0.011
-0.015
-0.018
-0.02
-0.022
-0.024
-0.025
-0.026
-0.027
-0.027
-0.027
-0.026
-0.024
-0.022
-0.018
-0.014
0.002
0.035
0.084
0.149
0.225
0.298
0.355
0.382
0.383
0.361
0.311
0.248
0.179
0.113
0.064
0.039
0.027
0.016
0.003
-0.006
-0.012
-0.016
-0.021
-0.024
-0.027
-0.029
-0.032
-0.033
-0.035
-0.036
-0.037
-0.038
-0.039
-0.039
-0.04
-0.04
-0.04
-0.04
-0.041
-0.042
-0.043
-0.042
-0.039
-0.034
-0.03
-0.027
-0.024
-0.021
-0.018
-0.016
-0.015
-0.014
-0.014
-0.015
-0.015
-0.016
-0.017
-0.018
-0.019
-0.021
-0.023
-0.025
-0.025
-0.025
-0.023
-0.021
-0.02
-0.018
-0.017
-0.016
-0.014
-0.013
-0.012
-0.01
-0.01
-0.01
-0.011
-0.011
-0.012
-0.013
-0.013
-0.014
-0.014
-0.014
-0.013
-0.013
-0.012
-0.012
-0.012
-0.012
-0.013
-0.013
-0.013
-0.012
-0.011
-0.01
-0.01
-0.009
-0.007
-0.006
-0.005
-0.003
-0.002
-0.002
-0.002
-0.002
-0.003
-0.004
-0.006
-0.009
-0.011
-0.014
-0.017
-0.019
-0.021
-0.023
-0.024
-0.025
-0.027
-0.029
-0.031
-0.033
-0.035
-0.037
-0.038
-0.04
-0.041
-0.041
-0.042
-0.042
-0.042
-0.042
-0.041
-0.041
-0.04
-0.04
-0.041
-0.042
-0.041
-0.035
-0.027
-0.024
-0.022
-0.02
-0.019
-0.018
-0.017
-0.016
-0.015
-0.014
-0.013
-0.013
-0.012
-0.011
-0.01
-0.008
-0.007
-0.007
-0.006
-0.005
-0.004
-0.003
-0.002
0.0
0.0
0.001
0.003
0.006
0.009
0.012
0.015
0.018
0.02
0.023
0.025
0.028
0.03
0.032
0.035
0.039
0.048
0.056
0.063
0.071
0.08
0.084
0.086
0.088
0.09
0.091
0.087
0.079
0.069
0.058
0.047
0.037
0.026
0.018
0.014
0.011
0.009
0.006
0.005
0.003
0.002
0.002
0.002
0.002
0.003
0.003
0.005
0.007
0.011
0.014
0.018
0.026
0.043
0.074
0.117
0.172
0.234
0.296
0.351
0.383
0.394
0.38
0.337
0.271
0.199
0.134
0.085
0.051
0.034
0.02
0.004
-0.012
-0.024
-0.03
-0.035
-0.035
-0.032
-0.031
-0.031
-0.031
-0.03
-0.03
-0.03
-0.03
-0.03
-0.03
-0.029
-0.028
-0.027
-0.026
-0.026
-0.025
-0.025
-0.024
-0.022
-0.021
-0.02
-0.019
-0.018
-0.017
-0.016
-0.015
-0.014
-0.013
-0.012
-0.011
-0.01
-0.01
-0.009
-0.009
-0.009
-0.009
-0.009
-0.009
-0.008
-0.007
-0.006
-0.006
-0.004
-0.003
-0.002
-0.001
0.0
0.0
0.0
0.0
0.001
0.002
0.003
0.005
0.007
0.009
0.012
0.014
0.016
0.018
0.019
0.019
0.02
0.021
0.021
0.022
0.023
0.026
0.029
0.029
0.025
0.02
0.017
0.015
0.013
0.01
0.008
0.005
0.002
0.0
0.0
-0.003
-0.006
-0.011
-0.019
-0.024
-0.027
-0.029
-0.031
-0.033
-0.034
-0.034
-0.034
-0.033
-0.032
-0.031
-0.031
-0.03
-0.029
-0.027
-0.025
-0.023
-0.021
-0.018
-0.014
-0.01
-0.003
0.002
0.008
0.012
0.016
0.019
0.022
0.023
0.023
0.021
0.017
0.012
0.003
-0.012
-0.037
-0.065
-0.092
-0.117
-0.135
-0.156
-0.175
-0.194
-0.212
-0.229
-0.244
-0.269
-0.296
-0.325
-0.337
-0.345
-0.349
-0.339
-0.308
-0.256
-0.19
-0.121
-0.054
0.002
0.051
0.087
0.103
0.111
0.116
0.123
0.13
0.144
0.158
0.164
0.167
0.169
0.171
0.173
0.175
0.178
0.182
0.19
0.203
0.212
0.218
0.217
0.209
0.198
0.185
0.171
0.157
0.147
0.14
0.133
0.128
0.125
0.123
0.12
0.118
0.117
0.116
0.115
0.115
0.115
0.116
0.116
0.117
0.119
0.121
0.123
0.125
0.127
0.13
0.134
0.139
0.144
0.148
0.153
0.157
0.16
0.164
0.169
0.173
0.177
0.182
0.186
0.186
0.183
0.179
0.173
0.165
0.155
0.142
0.128
0.105
0.082
0.068
0.054
0.04
0.026
0.011
-0.012
-0.036
-0.051
-0.065
-0.078
-0.089
-0.099
-0.104
-0.106
-0.108
-0.109
-0.109
-0.109
-0.108
-0.107
-0.105
-0.102
-0.1
-0.098
-0.096
-0.094
-0.092
-0.09
-0.088
-0.086
-0.084
-0.082
-0.08
-0.078
-0.077
-0.076
-0.075
-0.074
-0.074
-0.073
-0.073
-0.072
-0.071
-0.07
-0.069
-0.068
-0.067
-0.066
-0.066
-0.066
-0.067
-0.068
-0.069
-0.07
-0.07
-0.071
-0.073
-0.074
-0.075
-0.075
-0.076
-0.078
-0.079
-0.08
-0.08
-0.078
-0.074
-0.07
-0.066
-0.06
-0.058
-0.061
-0.066
-0.069
-0.071
-0.073
-0.075
-0.077
-0.077
-0.076
-0.074
-0.07
-0.067
-0.064
-0.062
-0.06
-0.058
-0.056
-0.054
-0.053
-0.051
-0.05
-0.05
-0.049
-0.049
-0.049
-0.049
-0.05
-0.05
-0.051
-0.051
-0.051
-0.051
-0.052
-0.053
-0.054
-0.055
-0.056
-0.055
-0.052
-0.048
-0.045
-0.042
-0.04
-0.038
-0.035
-0.032
-0.029
-0.028
-0.026
-0.025
-0.024
-0.023
-0.021
-0.019
-0.016
-0.015
-0.014
-0.013
-0.012
-0.011
-0.011
-0.011
-0.011
-0.012
-0.012
-0.011
-0.011
-0.01
-0.009
-0.009
-0.007
-0.007
-0.011
-0.014
-0.017
