0.221
0.268
0.321
0.376
0.414
0.427
0.435
0.438
0.439
0.438
0.435
0.43
0.423
0.41
0.38
0.339
0.3
0.273
0.257
0.243
0.23
0.212
0.194
0.189
0.186
0.185
0.183
0.177
0.165
0.151
0.14
0.13
0.121
0.112
0.105
0.098
0.092
0.083
0.073
0.064
0.061
0.064
0.071
0.082
0.098
0.121
0.159
0.208
0.232
0.246
0.256
0.259
0.25
0.233
0.223
0.215
0.209
0.203
0.198
0.193
0.189
0.186
0.183
0.179
0.172
0.16
0.142
0.123
0.104
0.086
0.075
0.069
0.063
0.058
0.051
0.045
0.039
0.033
0.027
0.019
0.011
0.006
0.003
0.0
-0.001
-0.005
-0.008
-0.011
-0.011
-0.007
0.0
0.006
0.011
0.015
0.02
0.025
0.029
0.03
0.029
0.026
0.02
0.013
0.005
-0.002
-0.011
-0.02
-0.026
-0.03
-0.032
-0.034
-0.035
-0.037
-0.039
-0.04
-0.041
-0.042
-0.043
-0.044
-0.046
-0.047
-0.047
-0.046
-0.044
-0.041
-0.039
-0.038
-0.037
-0.036
-0.036
-0.035
-0.034
-0.033
-0.032
-0.031
-0.028
-0.026
-0.023
-0.02
-0.018
-0.016
-0.015
-0.015
-0.017
-0.02
-0.025
-0.029
-0.033
-0.037
-0.042
-0.046
-0.054
-0.069
-0.077
-0.079
-0.081
-0.083
-0.085
-0.087
-0.089
-0.091
-0.092
-0.093
-0.094
-0.093
-0.091
-0.088
-0.085
-0.082
-0.08
-0.077
-0.074
-0.071
-0.068
-0.065
-0.061
-0.057
-0.052
-0.048
-0.044
-0.04
-0.036
-0.032
-0.027
-0.022
-0.017
-0.015
-0.016
-0.021
-0.03
-0.04
-0.053
-0.073
-0.094
-0.107
-0.117
-0.125
-0.131
-0.133
-0.131
-0.127
-0.121
-0.113
-0.103
-0.086
-0.071
-0.051
-0.022
0.004
0.023
0.033
0.039
0.044
0.048
0.051
0.051
0.045
0.035
0.025
0.017
0.009
0.001
-0.006
-0.013
-0.02
-0.027
-0.033
-0.038
-0.042
-0.045
-0.046
-0.047
-0.049
-0.051
-0.054
-0.056
-0.059
-0.062
-0.065
-0.067
-0.068
-0.069
-0.071
-0.073
-0.075
-0.078
-0.081
-0.084
-0.089
-0.095
-0.101
-0.105
-0.106
-0.105
-0.101
-0.095
-0.087
-0.059
-0.014
0.04
0.103
0.173
0.244
0.306
0.326
0.336
0.333
0.296
0.246
0.19
0.134
0.08
0.034
0.009
0.0
-0.006
-0.011
-0.014
-0.016
-0.019
-0.022
-0.025
-0.027
-0.029
-0.03
-0.03
-0.03
-0.031
-0.032
-0.033
-0.035
-0.036
-0.037
-0.038
-0.04
-0.041
-0.041
-0.04
-0.039
-0.038
-0.037
-0.035
-0.032
-0.03
-0.027
-0.024
-0.022
-0.02
-0.018
-0.015
-0.011
-0.008
-0.007
-0.005
-0.003
-0.001
0.0
0.002
0.004
0.004
0.002
-0.001
-0.005
-0.009
-0.015
-0.02
-0.021
-0.016
-0.009
-0.004
0.0
0.003
0.006
0.009
0.012
0.017
0.022
0.029
0.034
0.039
0.044
0.052
0.06
0.067
0.071
0.074
0.077
0.079
0.082
0.086
0.09
0.095
0.099
0.103
0.108
0.112
0.117
0.12
0.12
0.117
0.112
0.107
0.101
0.094
0.085
0.074
0.064
0.055
0.048
0.042
0.035
0.027
0.019
0.011
0.004
-0.004
-0.014
-0.025
-0.037
-0.048
-0.053
-0.057
-0.06
-0.063
-0.066
-0.069
-0.071
-0.074
-0.077
-0.079
-0.08
-0.081
-0.081
-0.08
-0.079
-0.077
-0.075
-0.073
-0.071
-0.069
-0.068
-0.067
-0.066
-0.066
-0.066
-0.065
-0.063
-0.059
-0.055
-0.051
-0.048
-0.046
-0.044
-0.043
-0.042
-0.042
-0.043
-0.044
-0.045
-0.046
-0.047
-0.048
-0.049
-0.049
-0.048
-0.047
-0.047
-0.048
-0.048
-0.049
-0.049
-0.048
-0.047
-0.046
-0.046
-0.046
-0.045
-0.044
-0.042
-0.039
-0.037
-0.035
-0.032
-0.029
-0.026
-0.024
-0.023
-0.025
-0.027
-0.029
-0.032
-0.034
-0.036
-0.039
-0.042
-0.044
-0.044
-0.045
-0.044
-0.044
-0.043
-0.042
-0.039
-0.036
-0.032
-0.03
-0.029
-0.028
-0.027
-0.026
-0.024
-0.024
-0.023
-0.023
-0.022
-0.02
-0.019
-0.018
-0.018
-0.018
-0.018
-0.018
-0.018
-0.017
-0.016
-0.015
-0.014
-0.011
-0.009
-0.007
-0.005
-0.002
0.0
0.002
0.003
0.005
0.007
0.013
0.021
0.027
0.029
0.026
0.02
0.015
0.011
0.007
0.003
0.0
-0.003
-0.005
-0.004
-0.002
0.0
0.004
0.007
0.009
0.011
0.013
0.015
0.016
0.017
0.018
0.019
0.02
0.022
0.023
0.025
0.026
0.028
0.029
0.03
0.031
0.031
0.032
0.032
0.033
0.035
0.036
0.037
0.038
0.039
0.039
0.04
0.04
0.04
0.041
0.041
0.042
0.043
0.043
0.045
0.047
0.05
0.053
0.056
0.058
0.061
0.064
0.067
0.07
0.074
0.078
0.081
0.084
0.087
0.089
0.091
0.092
0.093
0.092
0.09
0.088
0.084
0.08
0.076
0.072
0.067
0.063
0.059
0.054
0.049
0.042
0.036
0.03
0.026
0.023
0.021
0.02
0.019
0.017
0.015
0.013
0.011
0.009
0.008
0.007
0.006
0.006
0.006
0.007
0.01
0.014
0.019
0.026
0.053
0.121
0.215
0.326
0.438
0.516
0.526
0.499
0.393
0.26
0.139
0.064
0.037
0.033
0.035
0.038
0.041
0.022
0.0
-0.019
-0.033
-0.043
-0.052
-0.055
-0.049
-0.035
-0.02
-0.002
0.01
0.019
0.025
0.03
0.032
0.028
0.02
0.01
-0.001
-0.016
-0.026
-0.033
-0.038
-0.044
-0.048
-0.049
-0.045
-0.036
-0.025
-0.012
0.003
0.01
0.013
0.014
0.016
0.017
0.018
0.018
0.018
0.017
0.017
0.017
0.016
0.015
0.013
0.011
0.01
0.009
0.008
0.008
0.007
0.007
0.01
0.016
0.025
0.033
0.039
0.045
0.05
0.055
0.059
0.063
0.066
0.069
0.072
0.075
0.077
0.079
0.081
0.083
0.086
0.09
0.095
0.101
0.106
0.111
0.116
0.12
0.125
0.131
0.14
0.147
0.147
0.14
0.13
0.121
0.11
0.098
0.086
0.066
0.035
0.011
-0.001
-0.012
-0.023
-0.033
-0.038
-0.042
-0.045
-0.048
-0.051
-0.054
-0.057
-0.059
-0.062
-0.064
-0.067
-0.069
-0.07
-0.07
-0.069
-0.069
-0.069
-0.07
-0.071
-0.072
-0.073
-0.075
-0.077
-0.079
-0.08
-0.081
-0.08
-0.079
-0.078
-0.076
-0.073
-0.07
-0.068
-0.065
-0.064
-0.064
-0.064
-0.064
-0.063
-0.063
-0.062
-0.061
-0.06
-0.059
-0.058
-0.056
-0.055
-0.054
-0.054
-0.054
-0.054
-0.054
-0.053
-0.053
-0.053
-0.052
-0.051
-0.049
-0.048
-0.047
-0.046
-0.046
-0.046
-0.046
-0.046
-0.047
-0.047
-0.047
-0.047
-0.047
-0.046
-0.046
-0.046
-0.047
-0.048
-0.049
-0.05
-0.05
-0.051
-0.051
-0.052
-0.053
-0.054
-0.054
-0.055
-0.055
-0.055
-0.056
-0.056
-0.057
-0.057
-0.057
-0.057
-0.057
-0.057
-0.057
-0.058
-0.059
-0.059
-0.059
-0.057
-0.055
-0.052
-0.048
-0.043
-0.04
-0.042
-0.046
-0.049
-0.052
-0.054
-0.055
-0.052
-0.047
-0.041
-0.037
-0.032
-0.026
-0.022
-0.02
-0.02
-0.022
-0.025
-0.027
-0.03
-0.033
-0.037
-0.04
-0.04
-0.037
-0.031
-0.022
-0.005
0.015
0.023
0.028
0.033
0.035
0.035
0.03
0.022
0.015
0.009
0.002
-0.003
-0.009
-0.014
-0.018
-0.022
-0.025
-0.028
-0.03
-0.034
-0.036
-0.038
-0.039
-0.038
-0.037
-0.035
-0.033
-0.031
-0.029
-0.026
-0.023
-0.02
-0.018
-0.019
-0.022
-0.027
-0.033
-0.04
-0.05
-0.056
-0.051
-0.034
0.014
0.089
0.188
0.301
0.406
0.46
0.456
0.384
0.249
0.1
-0.018
-0.068
-0.085
-0.073
-0.064
-0.059
-0.055
-0.052
-0.047
-0.041
-0.035
-0.032
-0.029
-0.026
-0.024
-0.023
-0.022
-0.021
-0.02
-0.017
-0.014
-0.012
-0.011
-0.01
-0.01
-0.01
-0.01
-0.01
-0.01
-0.01
-0.011
-0.011
-0.011
-0.011
-0.011
-0.011
-0.01
-0.008
-0.006
-0.003
0.0
0.002
0.004
0.007
0.009
0.011
0.012
0.013
0.014
0.016
0.018
0.019
0.021
0.022
0.024
0.026
0.028
0.03
0.031
0.032
0.033
0.035
0.037
0.039
0.039
0.04
0.042
0.045
0.049
0.054
0.058
0.063
0.069
0.085
0.101
0.113
0.123
0.129
0.132
0.135
0.138
0.141
0.145
0.147
0.149
0.151
0.153
0.156
0.159
0.162
0.164
0.165
0.168
0.171
0.176
0.185
0.193
0.198
0.201
0.204
0.208
0.215
0.214
0.198
0.181
0.161
0.14
0.121
0.105
0.094
0.088
0.083
0.079
0.077
0.074
0.071
0.067
0.061
0.053
0.042
0.02
-0.013
-0.035
-0.052
-0.071
-0.086
-0.099
-0.106
-0.109
-0.11
-0.111
-0.113
-0.114
-0.116
-0.114
-0.109
-0.104
-0.099
-0.094
-0.089
-0.085
-0.084
-0.085
-0.088
-0.092
-0.095
-0.101
-0.106
-0.109
-0.106
-0.098
-0.089
-0.083
-0.078
-0.073
-0.067
-0.061
-0.054
-0.048
-0.043
-0.037
-0.031
-0.017
0.011
0.037
0.055
0.066
0.069
0.071
0.073
0.075
0.077
0.078
0.08
0.081
0.082
0.083
0.084
0.084
0.084
0.083
0.082
0.081
0.08
0.078
0.076
0.074
0.07
0.067
0.063
0.059
0.055
0.052
0.049
0.047
0.045
0.042
0.038
0.033
0.027
0.022
0.017
0.013
0.008
0.004
0.0
-0.003
-0.008
-0.012
-0.021
-0.041
-0.059
-0.085
-0.112
-0.123
-0.129
-0.134
-0.138
-0.141
-0.142
-0.141
-0.139
-0.136
-0.134
-0.131
-0.129
-0.126
-0.123
-0.12
-0.117
-0.114
-0.111
-0.108
-0.105
-0.101
-0.098
-0.093
-0.085
-0.068
-0.051
-0.033
-0.016
0.007
0.027
0.045
0.06
0.072
0.078
0.082
0.084
0.087
0.09
0.093
0.095
0.097
0.098
0.099
0.099
0.098
0.098
0.096
0.093
0.09
0.086
0.083
0.079
0.075
0.067
0.05
0.031
0.012
-0.006
-0.028
-0.047
-0.063
-0.078
-0.093
-0.101
-0.106
-0.11
-0.115
-0.119
-0.124
-0.127
-0.128
-0.129
-0.129
-0.128
-0.128
-0.126
-0.123
-0.119
-0.115
-0.109
-0.102
-0.074
-0.003
0.09
0.199
0.308
0.389
0.416
0.396
0.335
0.22
0.101
0.0
-0.054
-0.072
-0.056
-0.03
-0.002
0.017
0.03
0.028
0.01
-0.009
-0.029
-0.04
-0.043
-0.044
-0.046
-0.047
-0.049
-0.05
-0.052
-0.053
-0.054
-0.055
-0.056
-0.056
-0.055
-0.055
-0.054
-0.053
-0.053
-0.051
-0.05
-0.048
-0.047
-0.046
-0.046
-0.046
-0.045
-0.044
-0.042
-0.042
-0.041
-0.041
-0.04
-0.038
-0.036
-0.034
-0.032
-0.03
-0.027
-0.022
-0.014
-0.005
0.003
0.013
0.027
0.047
0.062
0.068
0.073
0.077
0.08
0.082
0.086
0.09
0.095
0.098
0.101
0.103
0.104
0.105
0.106
0.106
0.107
0.108
0.109
0.112
0.114
0.117
0.12
0.121
0.122
0.122
0.121
0.118
0.114
0.109
0.104
0.098
0.092
0.086
0.077
0.067
0.057
0.043
0.029
0.018
0.007
-0.002
-0.012
-0.02
-0.027
-0.032
-0.038
-0.042
-0.046
-0.048
-0.049
-0.049
-0.05
-0.051
-0.051
-0.053
-0.054
-0.055
-0.056
-0.058
-0.059
-0.06
-0.061
-0.061
-0.06
-0.059
-0.059
-0.058
-0.058
-0.057
-0.057
-0.057
-0.058
-0.059
-0.06
-0.061
-0.062
-0.061
-0.06
-0.059
-0.057
-0.055
-0.054
-0.052
-0.051
-0.05
-0.049
-0.048
-0.047
-0.047
-0.046
-0.045
-0.044
-0.043
-0.043
-0.042
-0.042
-0.042
-0.041
-0.041
-0.041
-0.042
-0.043
-0.043
-0.043
-0.043
-0.042
-0.043
-0.043
-0.043
-0.044
-0.044
-0.043
-0.043
-0.043
-0.043
-0.043
-0.042
-0.04
-0.038
-0.036
-0.034
-0.034
-0.033
-0.032
-0.031
-0.03
-0.03
-0.03
-0.03
-0.029
-0.029
-0.027
-0.026
-0.024
-0.023
-0.022
-0.021
-0.02
-0.017
-0.015
-0.013
-0.011
-0.01
-0.008
-0.007
-0.006
-0.005
-0.005
-0.005
-0.006
-0.006
-0.007
-0.007
-0.007
-0.008
-0.009
-0.009
-0.01
-0.01
-0.01
-0.01
-0.011
-0.012
-0.013
-0.014
-0.014
-0.014
-0.013
-0.012
-0.011
-0.01
-0.009
-0.007
-0.006
-0.005
-0.005
-0.005
-0.006
-0.007
-0.008
-0.009
-0.011
-0.013
-0.014
-0.015
-0.016
-0.016
-0.017
-0.02
-0.025
-0.03
-0.032
-0.032
-0.028
-0.024
-0.019
-0.015
-0.009
-0.002
0.003
0.006
0.006
0.005
0.002
0.0
-0.003
-0.009
-0.015
-0.016
-0.009
-0.001
0.001
0.004
0.006
0.008
0.01
0.012
0.015
0.018
0.021
0.023
0.025
0.027
0.029
0.03
0.032
0.033
0.033
0.033
0.033
0.032
0.03
0.029
0.026
0.024
0.022
0.02
0.018
0.017
0.016
0.015
0.014
0.013
0.01
0.006
0.002
0.0
-0.003
-0.006
-0.009
-0.012
-0.015
-0.016
-0.015
-0.013
-0.011
-0.009
-0.005
-0.002
0.002
0.007
0.011
0.016
0.021
0.037
0.074
0.14
0.229
0.337
0.443
0.488
0.504
0.472
0.377
0.273
0.194
0.171
0.155
0.141
0.129
0.105
0.057
0.004
-0.027
-0.028
-0.03
-0.031
-0.032
-0.028
-0.021
-0.017
-0.014
-0.011
-0.008
-0.006
-0.004
-0.003
-0.001
0.0
0.0
-0.001
-0.002
-0.003
-0.005
-0.006
-0.006
-0.004
-0.002
0.0
0.001
0.003
0.004
0.005
0.005
0.004
0.004
0.003
0.002
0.003
0.004
0.006
0.009
0.011
0.014
0.016
0.019
0.021
0.023
0.024
0.024
0.023
0.023
0.023
0.023
0.024
0.025
0.026
0.028
0.03
0.033
0.037
0.041
0.044
0.048
0.051
0.055
0.06
0.065
0.071
0.078
0.087
0.097
0.107
0.114
0.119
0.122
0.124
0.126
0.128
0.13
0.133
0.135
0.137
0.137
0.137
0.134
0.129
0.123
0.115
0.106
0.092
0.078
0.066
0.051
0.034
0.014
-0.005
-0.021
-0.027
-0.03
-0.031
-0.033
-0.035
-0.036
-0.037
-0.036
-0.036
-0.036
-0.036
-0.034
-0.032
-0.028
-0.024
-0.021
-0.019
-0.017
-0.015
-0.01
-0.005
0.0
0.0
-0.001
-0.007
-0.013
-0.018
-0.022
-0.026
-0.033
-0.039
-0.044
-0.047
-0.046
-0.046
-0.045
-0.044
-0.043
-0.041
-0.038
-0.035
-0.033
-0.031
-0.03
-0.029
-0.027
-0.025
-0.024
-0.022
-0.021
-0.016
-0.013
-0.021
-0.034
-0.041
-0.047
-0.052
-0.057
-0.06
-0.062
-0.063
-0.064
-0.064
-0.063
-0.061
-0.059
-0.057
-0.055
-0.053
-0.052
-0.05
-0.048
-0.046
-0.045
-0.044
-0.043
-0.041
-0.039
-0.036
-0.034
-0.032
-0.03
-0.029
-0.027
-0.026
-0.025
-0.024
-0.023
-0.021
-0.019
-0.016
-0.013
-0.01
-0.008
-0.008
-0.008
-0.008
-0.01
-0.011
-0.013
-0.014
-0.016
-0.018
-0.021
-0.022
-0.024
-0.024
-0.022
-0.021
-0.019
-0.017
-0.014
-0.012
-0.009
-0.007
-0.005
-0.004
-0.004
-0.004
-0.005
-0.007
-0.01
-0.015
-0.019
-0.023
-0.026
-0.028
-0.03
-0.031
-0.033
-0.034
-0.035
-0.036
-0.038
-0.04
-0.043
-0.045
-0.047
-0.048
-0.048
-0.049
-0.05
-0.051
-0.052
-0.052
-0.051
-0.051
-0.051
-0.052
-0.053
-0.052
-0.051
-0.05
-0.049
-0.049
-0.048
-0.047
-0.045
-0.043
-0.041
-0.039
-0.037
-0.034
-0.03
-0.025
-0.019
-0.015
-0.01
-0.005
0.001
0.007
0.013
0.018
0.023
0.028
0.033
0.037
0.04
0.04
0.037
0.032
0.026
0.02
0.016
0.012
0.008
0.005
0.002
0.0
0.0
-0.001
-0.002
-0.004
-0.005
-0.007
-0.009
-0.011
-0.012
-0.013
-0.013
-0.014
-0.014
-0.014
-0.014
-0.014
-0.013
-0.013
-0.014
-0.02
-0.02
-0.004
0.036
0.089
0.163
0.255
0.351
0.407
0.426
0.401
0.327
0.226
0.124
0.044
0.0
-0.014
-0.022
-0.026
-0.025
-0.021
-0.014
-0.008
-0.005
-0.002
0.0
0.001
0.004
0.007
0.01
0.012
0.014
0.017
0.018
0.019
0.019
0.019
0.019
0.02
0.021
0.022
0.023
0.025
0.027
0.029
0.031
0.033
0.034
0.035
0.035
0.035
0.036
0.036
0.036
0.036
0.036
0.037
0.038
0.039
0.04
0.041
0.041
0.042
0.043
0.045
0.047
0.049
0.051
0.053
0.055
0.057
0.059
0.06
0.062
0.063
0.065
0.066
0.067
0.069
0.072
0.076
0.079
0.083
0.086
0.089
0.092
0.095
0.098
0.101
0.105
0.109
0.118
0.128
0.133
0.137
0.14
0.143
0.147
0.151
0.154
0.157
0.157
0.155
0.151
0.145
0.138
0.129
0.113
0.099
0.08
0.055
0.036
0.026
0.018
0.009
0.0
-0.01
-0.026
-0.042
-0.053
-0.061
-0.068
-0.075
-0.082
-0.088
-0.092
-0.095
-0.098
-0.101
-0.102
-0.102
-0.101
-0.097
-0.092
-0.087
-0.082
-0.077
-0.073
-0.069
-0.064
-0.06
-0.057
-0.055
-0.053
-0.052
-0.051
-0.051
-0.05
-0.05
-0.051
-0.053
-0.054
-0.056
-0.058
-0.06
-0.062
-0.064
-0.066
-0.066
-0.066
-0.065
-0.064
-0.061
-0.058
-0.054
-0.05
-0.045
-0.04
-0.035
-0.029
-0.017
-0.01
-0.006
-0.006
-0.005
-0.004
-0.004
-0.003
-0.001
0.0
0.0
0.001
0.001
0.002
0.002
0.001
0.0
0.0
-0.001
-0.002
-0.002
-0.002
-0.002
-0.002
-0.003
-0.004
-0.005
-0.007
-0.008
-0.009
-0.01
-0.012
-0.013
-0.014
-0.015
-0.015
-0.015
-0.015
-0.015
-0.016
-0.016
-0.017
-0.017
-0.018
-0.019
-0.02
-0.021
-0.022
-0.022
-0.021
-0.021
-0.02
-0.02
-0.02
-0.02
-0.019
-0.019
-0.02
-0.02
-0.022
-0.022
-0.023
-0.024
-0.024
-0.024
-0.024
-0.024
-0.024
-0.023
-0.023
-0.022
-0.022
-0.021
-0.02
-0.019
-0.018
-0.017
-0.016
-0.015
-0.014
-0.012
-0.011
-0.009
-0.008
-0.006
-0.004
-0.001
0.0
0.002
0.004
0.006
0.008
0.009
0.011
0.012
0.012
0.011
0.011
0.01
0.01
0.009
0.008
0.007
0.007
0.007
0.007
0.004
0.0
-0.005
-0.007
-0.008
-0.01
-0.013
-0.015
-0.017
-0.019
-0.02
-0.021
-0.021
-0.022
-0.022
-0.021
-0.021
-0.02
-0.019
-0.017
-0.015
-0.014
-0.012
-0.01
-0.008
-0.005
-0.003
0.0
0.003
0.013
0.043
0.103
0.188
0.292
0.394
0.46
0.467
0.437
0.351
0.252
0.161
0.096
0.063
0.039
0.021
0.007
-0.001
-0.01
-0.016
-0.019
-0.018
-0.015
-0.012
-0.011
-0.01
-0.009
-0.008
-0.007
-0.006
-0.005
-0.004
-0.003
-0.002
-0.002
-0.003
-0.004
-0.005
-0.005
-0.005
-0.003
-0.002
-0.001
0.0
0.001
0.003
0.005
0.007
0.008
0.009
0.01
0.012
0.014
0.016
0.018
0.019
0.021
0.024
0.028
0.032
0.035
0.035
0.035
0.034
0.033
0.032
0.03
0.028
0.023
0.019
0.018
0.022
0.027
0.03
0.032
0.034
0.035
0.037
0.04
0.043
0.047
0.051
0.054
0.058
0.062
0.066
0.07
0.077
0.083
0.089
0.093
0.097
0.101
0.106
0.114
0.126
0.135
0.14
0.145
0.149
0.149
0.144
0.137
0.128
0.116
0.105
0.09
0.07
0.047
0.026
0.011
0.002
-0.005
-0.011
-0.014
-0.016
-0.018
-0.02
-0.021
-0.022
-0.024
-0.025
-0.027
-0.029
-0.031
-0.033
-0.034
-0.036
-0.039
-0.045
-0.052
-0.058
-0.064
-0.068
-0.071
-0.075
-0.077
-0.079
-0.078
-0.075
-0.07
-0.065
-0.06
-0.056
-0.05
-0.044
-0.04
-0.037
-0.035
-0.033
-0.031
-0.028
-0.026
-0.027
-0.029
-0.03
-0.031
-0.032
-0.034
-0.035
-0.036
-0.036
-0.036
-0.035
-0.035
-0.034
-0.033
-0.031
-0.03
-0.03
-0.031
-0.032
-0.033
-0.033
-0.033
-0.031
-0.028
-0.023
-0.019
-0.015
-0.008
-0.002
0.001
0.0
-0.006
-0.012
-0.016
-0.019
-0.021
-0.023
-0.025
-0.027
-0.028
-0.029
-0.029
-0.028
-0.028
-0.028
-0.028
-0.027
-0.026
-0.024
-0.022
-0.021
-0.02
-0.021
-0.021
-0.022
-0.024
-0.026
-0.03
-0.022
-0.016
-0.012
-0.009
-0.007
-0.006
-0.006
-0.009
-0.011
-0.013
-0.014
-0.015
-0.015
-0.016
-0.018
-0.019
-0.021
-0.022
-0.022
-0.022
-0.022
-0.023
-0.023
-0.022
-0.02
-0.018
-0.016
-0.015
-0.015
-0.014
-0.014
-0.012
-0.011
-0.009
-0.009
-0.009
-0.008
-0.005
-0.003
-0.001
0.0
-0.002
-0.005
-0.008
-0.01
-0.011
-0.012
-0.015
-0.017
-0.019
-0.019
-0.017
-0.013
-0.009
-0.006
-0.003
-0.001
0.002
0.005
0.008
0.01
0.009
0.008
0.007
0.006
0.005
0.004
0.002
0.001
0.0
-0.002
-0.003
-0.004
-0.003
-0.003
-0.002
0.0
0.002
0.007
0.014
0.026
0.047
0.055
0.059
0.062
0.065
0.067
0.068
0.069
0.069
0.069
0.069
0.07
0.071
0.071
0.071
0.072
0.073
0.057
0.043
0.036
0.029
0.023
0.016
0.009
0.004
0.0
-0.003
-0.006
-0.009
-0.012
-0.014
-0.017
-0.019
-0.021
-0.024
-0.027
-0.029
-0.031
-0.034
-0.036
-0.041
-0.045
-0.049
-0.049
-0.047
-0.042
-0.034
-0.008
0.043
0.117
0.208
0.3
0.374
0.407
0.405
0.361
0.28
0.194
0.115
0.05
0.001
-0.032
-0.048
-0.054
-0.057
-0.059
-0.061
-0.062
-0.063
-0.063
-0.063
-0.061
-0.058
-0.055
-0.052
-0.049
-0.046
-0.044
-0.042
-0.04
-0.038
-0.036
-0.035
-0.034
-0.032
-0.03
-0.029
-0.027
-0.026
-0.026
-0.026
-0.026
-0.025
-0.025
-0.024
-0.024
-0.023
-0.022
-0.022
-0.021
-0.02
-0.019
-0.019
-0.02
-0.02
-0.02
-0.019
-0.018
-0.017
-0.017
-0.016
-0.015
-0.013
-0.011
-0.008
-0.006
-0.004
-0.002
0.0
0.008
0.015
0.018
0.021
0.023
0.025
0.028
0.031
0.035
0.039
0.045
0.051
0.06
0.075
0.084
0.089
0.092
0.095
0.097
0.099
0.102
0.105
0.109
0.112
0.115
0.119
0.123
0.128
0.134
0.137
0.137
0.132
0.124
0.115
0.102
0.083
0.068
0.056
0.046
0.037
0.029
0.021
0.013
0.006
-0.001
-0.01
-0.018
-0.021
-0.023
-0.025
-0.028
-0.031
-0.033
-0.036
-0.038
-0.04
-0.042
-0.043
-0.044
-0.044
-0.043
-0.04
-0.038
-0.035
-0.033
-0.029
-0.026
-0.022
-0.02
-0.017
-0.016
-0.014
-0.011
-0.005
0.0
0.003
0.004
0.002
-0.001
-0.005
-0.009
-0.013
-0.019
-0.026
-0.032
-0.034
-0.034
-0.033
-0.031
-0.03
-0.028
-0.026
-0.024
-0.022
-0.021
-0.025
-0.031
-0.037
-0.041
-0.044
-0.048
-0.051
-0.054
-0.058
-0.06
-0.062
-0.063
-0.063
-0.064
-0.064
-0.063
-0.061
-0.06
-0.058
-0.056
-0.054
-0.052
-0.049
-0.046
-0.043
-0.039
-0.036
-0.032
-0.028
-0.025
-0.021
-0.019
-0.017
-0.016
-0.017
-0.018
-0.019
-0.02
-0.022
-0.024
-0.025
-0.026
-0.028
-0.029
-0.031
-0.033
-0.036
-0.039
-0.041
-0.042
-0.042
-0.041
-0.039
-0.037
-0.034
-0.033
-0.03
-0.027
-0.023
-0.02
-0.018
-0.017
-0.017
-0.018
-0.019
-0.02
-0.021
-0.023
-0.026
-0.027
-0.027
-0.026
-0.025
-0.025
-0.025
-0.024
-0.024
-0.024
-0.023
-0.022
-0.022
-0.021
-0.021
-0.021
-0.022
-0.023
-0.024
-0.024
-0.025
-0.026
-0.026
-0.026
-0.024
-0.023
-0.022
-0.022
-0.022
-0.022
-0.022
-0.022
-0.022
-0.022
-0.023
-0.023
-0.022
-0.021
-0.02
-0.019
-0.017
-0.016
-0.014
-0.012
-0.012
-0.011
-0.011
-0.011
-0.011
-0.009
-0.007
-0.005
-0.003
0.0
0.0
0.001
0.002
0.001
0.0
-0.001
-0.003
-0.005
-0.008
-0.011
-0.013
-0.014
-0.012
-0.006
0.0
0.007
0.014
0.021
0.028
0.034
0.036
0.037
0.038
0.038
0.038
0.039
0.04
0.041
0.038
0.031
0.025
0.02
0.016
0.012
0.008
0.004
0.0
-0.001
-0.004
-0.005
-0.007
-0.008
-0.01
-0.012
-0.014
-0.017
-0.02
-0.023
-0.026
-0.027
-0.028
-0.029
-0.029
-0.028
-0.027
-0.025
-0.022
-0.018
-0.014
-0.009
0.009
0.055
0.115
0.191
0.276
0.364
0.424
0.444
0.424
0.363
0.258
0.15
0.064
0.012
-0.007
-0.017
-0.025
-0.033
-0.033
-0.022
-0.017
-0.014
-0.012
-0.011
-0.01
-0.009
-0.008
-0.008
-0.007
-0.006
-0.006
-0.005
-0.004
-0.004
-0.003
-0.002
-0.001
0.0
0.0
0.002
0.003
0.003
0.004
0.003
0.003
0.003
0.004
0.006
0.008
0.01
0.011
0.013
0.014
0.016
0.017
0.018
0.019
0.02
0.021
0.022
0.023
0.024
0.026
0.027
0.029
0.03
0.032
0.034
0.036
0.038
0.04
0.042
0.044
0.045
0.047
0.049
0.05
0.052
0.053
0.055
0.057
0.059
0.062
0.064
0.068
0.072
0.077
0.082
0.087
0.093
0.099
0.106
0.115
0.123
0.13
0.135
0.14
0.146
0.151
0.151
0.145
0.138
0.132
0.127
0.121
0.113
0.104
0.094
0.083
0.07
0.058
0.049
0.04
0.029
0.014
-0.001
-0.011
-0.019
-0.025
-0.029
-0.032
-0.034
-0.035
-0.037
-0.038
-0.04
-0.041
-0.041
-0.04
-0.036
-0.03
-0.023
-0.017
-0.012
-0.006
0.0
0.006
0.01
0.011
0.01
0.007
0.002
-0.002
-0.008
-0.014
-0.024
-0.034
-0.042
-0.049
-0.054
-0.058
-0.062
-0.065
-0.068
-0.069
