-0.325
-0.324
-0.324
-0.32
-0.311
-0.3
-0.289
-0.281
-0.275
-0.27
-0.261
-0.241
-0.205
-0.147
-0.084
0.006
0.106
0.203
0.246
0.262
0.22
0.098
-0.059
-0.208
-0.279
-0.3
-0.315
-0.324
-0.328
-0.33
-0.331
-0.329
-0.325
-0.32
-0.317
-0.312
-0.307
-0.302
-0.296
-0.293
-0.292
-0.289
-0.285
-0.28
-0.275
-0.27
-0.265
-0.257
-0.25
-0.245
-0.238
-0.231
-0.225
-0.222
-0.221
-0.219
-0.214
-0.206
-0.197
-0.181
-0.154
-0.127
-0.104
-0.085
-0.069
-0.057
-0.049
-0.042
-0.034
-0.023
-0.013
-0.004
0.01
0.037
0.071
0.101
0.124
0.144
0.16
0.169
0.177
0.187
0.196
0.201
0.204
0.207
0.211
0.212
0.215
0.218
0.223
0.227
0.227
0.226
0.228
0.232
0.23
0.224
0.217
0.207
0.193
0.179
0.167
0.161
0.155
0.148
0.142
0.137
0.132
0.127
0.124
0.121
0.118
0.114
0.109
0.106
0.101
0.092
0.085
0.08
0.077
0.073
0.07
0.071
0.07
0.065
0.058
0.053
0.052
0.049
0.043
0.036
0.027
0.019
0.011
0.007
0.008
0.011
0.013
0.012
0.011
0.011
0.012
0.016
0.02
0.019
0.005
0.008
0.009
0.007
0.004
0.001
0.0
0.0
0.0
0.002
0.007
0.013
0.021
0.031
0.042
0.05
0.055
0.06
0.068
0.077
0.084
0.09
0.097
0.105
0.112
0.117
0.118
0.118
0.118
0.117
0.117
0.117
0.117
0.116
0.115
0.117
0.119
0.117
0.113
0.11
0.109
0.112
0.115
0.118
0.12
0.123
0.127
0.13
0.133
0.137
0.14
0.145
0.153
0.164
0.175
0.184
0.192
0.198
0.202
0.202
0.202
0.202
0.202
0.199
0.194
0.187
0.182
0.176
0.172
0.168
0.163
0.158
0.152
0.145
0.139
0.134
0.128
0.122
0.115
0.107
0.094
0.066
0.031
0.003
-0.015
-0.03
-0.042
-0.05
-0.053
-0.054
-0.055
-0.057
-0.061
-0.064
-0.068
-0.073
-0.077
-0.081
-0.087
-0.096
-0.105
-0.11
-0.119
-0.135
-0.154
-0.165
-0.163
-0.149
-0.125
-0.06
0.018
0.114
0.218
0.316
0.393
0.419
0.4
0.346
0.21
0.058
-0.068
-0.154
-0.203
-0.239
-0.261
-0.272
-0.28
-0.291
-0.306
-0.305
-0.283
-0.271
-0.262
-0.255
-0.249
-0.248
-0.252
-0.258
-0.264
-0.269
-0.275
-0.281
-0.286
-0.289
-0.291
-0.293
-0.294
-0.294
-0.29
-0.283
-0.275
-0.265
-0.253
-0.243
-0.236
-0.231
-0.226
-0.22
-0.213
-0.206
-0.199
-0.191
-0.183
-0.177
-0.173
-0.168
-0.161
-0.156
-0.152
-0.147
-0.14
-0.131
-0.122
-0.113
-0.102
-0.094
-0.088
-0.085
-0.081
-0.075
-0.07
-0.064
-0.058
-0.051
-0.044
-0.041
-0.041
-0.043
-0.047
-0.051
-0.056
-0.06
-0.063
-0.066
-0.069
-0.073
-0.08
-0.087
-0.093
-0.099
-0.105
-0.108
-0.11
-0.113
-0.115
-0.114
-0.114
-0.116
-0.12
-0.125
-0.128
-0.13
-0.131
-0.132
-0.134
-0.133
-0.13
-0.126
-0.121
-0.116
-0.112
-0.108
-0.103
-0.097
-0.09
-0.083
-0.079
-0.076
-0.072
-0.068
-0.065
-0.063
-0.062
-0.061
-0.061
-0.062
-0.063
-0.063
-0.062
-0.062
-0.062
-0.062
-0.06
-0.053
-0.052
-0.051
-0.049
-0.047
-0.044
-0.04
-0.036
-0.032
-0.028
-0.025
-0.021
-0.017
-0.013
-0.009
-0.006
-0.002
0.001
0.007
0.016
0.034
0.05
0.064
0.075
0.082
0.088
0.094
0.102
0.109
0.117
0.125
0.134
0.144
0.154
0.165
0.178
0.189
0.196
0.201
0.205
0.209
0.213
0.216
0.219
0.221
0.224
0.226
0.228
0.23
0.231
0.233
0.235
0.237
0.239
0.241
0.244
0.246
0.248
0.251
0.254
0.257
0.261
0.265
0.269
0.272
0.273
0.27
0.265
0.258
0.25
0.243
0.238
0.232
0.226
0.22
0.215
0.209
0.204
0.198
0.192
0.187
0.181
0.175
0.168
0.157
0.145
0.133
0.122
0.116
0.111
0.106
0.101
0.097
0.093
0.09
0.088
0.088
0.088
0.088
0.089
0.092
0.096
0.1
0.105
0.113
0.121
0.129
0.15
0.188
0.242
0.316
0.414
0.52
0.595
0.62
0.591
0.502
0.348
0.2
0.131
0.106
0.104
0.113
0.125
0.134
0.104
0.081
0.068
0.059
0.05
0.044
0.039
0.035
0.029
0.022
0.013
0.001
-0.01
-0.02
-0.023
-0.025
-0.028
-0.03
-0.032
-0.034
-0.036
-0.038
-0.039
-0.04
-0.041
-0.041
-0.041
-0.041
-0.04
-0.038
-0.035
-0.032
-0.029
-0.026
-0.023
-0.02
-0.017
-0.014
-0.012
-0.01
-0.008
-0.007
-0.005
-0.004
-0.003
-0.002
-0.001
0.0
0.0
0.001
0.001
0.002
0.002
0.002
0.003
0.003
0.003
0.003
0.003
0.003
0.004
0.005
0.006
0.008
0.011
0.019
0.024
0.015
-0.001
-0.016
-0.03
-0.043
-0.056
-0.068
-0.086
-0.108
-0.125
-0.132
-0.136
-0.14
-0.143
-0.145
-0.148
-0.15
-0.152
-0.154
-0.157
-0.159
-0.16
-0.161
-0.162
-0.163
-0.163
-0.163
-0.163
-0.163
-0.165
-0.166
-0.168
-0.17
-0.173
-0.175
-0.178
-0.18
-0.183
-0.185
-0.187
-0.19
-0.193
-0.197
-0.202
-0.206
-0.211
-0.214
-0.215
-0.215
-0.213
-0.21
-0.206
-0.202
-0.197
-0.19
-0.18
-0.169
-0.158
-0.149
-0.142
-0.137
-0.133
-0.129
-0.125
-0.121
-0.118
-0.115
-0.112
-0.109
-0.104
-0.095
-0.08
-0.064
-0.051
-0.042
-0.033
-0.024
-0.015
-0.004
0.006
0.017
0.029
0.036
0.04
0.045
0.048
0.051
0.054
0.057
0.06
0.063
0.065
0.066
0.068
0.07
0.072
0.073
0.075
0.076
0.078
0.079
0.081
0.084
0.086
0.088
0.09
0.093
0.096
0.1
0.104
0.112
0.129
0.142
0.153
0.162
0.169
0.174
0.177
0.179
0.182
0.184
0.186
0.187
0.188
0.188
0.187
0.185
0.182
0.178
0.171
0.164
0.155
0.14
0.128
0.118
0.11
0.103
0.096
0.091
0.086
0.083
0.08
0.075
0.071
0.069
0.07
0.076
0.085
0.095
0.102
0.108
0.115
0.121
0.127
0.132
0.135
0.137
0.14
0.143
0.151
0.167
0.193
0.234
0.293
0.367
0.456
0.552
0.643
0.686
0.682
0.62
0.496
0.353
0.222
0.164
0.148
0.137
0.132
0.13
0.132
0.135
0.141
0.149
0.164
0.187
0.197
0.203
0.208
0.212
0.213
0.212
0.208
0.203
0.198
0.192
0.189
0.187
0.184
0.18
0.177
0.175
0.173
0.171
0.17
0.169
0.167
0.166
0.164
0.164
0.163
0.163
0.162
0.16
0.158
0.156
0.153
0.15
0.145
0.133
0.105
0.084
0.069
0.054
0.044
0.035
0.029
0.029
0.035
0.045
0.063
0.091
0.107
0.115
0.121
0.125
0.128
0.126
0.122
0.116
0.11
0.105
0.1
0.095
0.089
0.084
0.079
0.075
0.07
0.063
0.048
0.023
0.003
-0.011
-0.025
-0.039
-0.053
-0.066
-0.077
-0.084
-0.091
-0.098
-0.106
-0.119
-0.143
-0.16
-0.169
-0.175
-0.182
-0.188
-0.194
-0.2
-0.205
-0.21
-0.216
-0.221
-0.227
-0.233
-0.24
-0.25
-0.259
-0.268
-0.273
-0.277
-0.279
-0.281
-0.283
-0.284
-0.286
-0.289
-0.292
-0.294
-0.296
-0.299
-0.301
-0.304
-0.307
-0.313
-0.322
-0.331
-0.339
-0.345
-0.35
-0.355
-0.359
-0.36
-0.358
-0.353
-0.345
-0.335
-0.322
-0.301
-0.289
-0.282
-0.276
-0.271
-0.265
-0.258
-0.25
-0.242
-0.234
-0.225
-0.217
-0.209
-0.202
-0.194
-0.186
-0.179
-0.172
-0.163
-0.151
-0.136
-0.125
-0.117
-0.111
-0.105
-0.1
-0.094
-0.088
-0.079
-0.069
-0.056
-0.045
-0.037
-0.029
-0.021
-0.013
-0.006
-0.001
0.003
0.007
0.01
0.013
0.014
0.014
0.013
0.01
0.006
0.002
-0.002
-0.007
-0.011
-0.015
-0.02
-0.024
-0.028
-0.03
-0.031
-0.03
-0.027
-0.023
-0.019
-0.014
-0.008
0.0
0.01
0.018
0.025
0.036
0.049
0.057
0.064
0.07
0.069
0.056
0.046
0.036
0.03
0.03
0.034
0.043
0.067
0.118
0.191
0.281
0.378
0.471
0.546
0.573
0.565
0.498
0.377
0.236
0.108
0.038
0.013
0.004
0.009
0.02
0.03
0.039
0.046
0.047
0.045
0.041
0.038
0.034
0.037
0.052
0.062
0.07
0.076
0.08
0.081
0.078
0.074
0.07
0.067
0.063
0.059
0.057
0.059
0.062
0.064
0.066
0.069
0.072
0.074
0.076
0.076
0.074
0.072
0.069
0.066
0.061
0.051
0.051
0.062
0.073
0.083
0.094
0.105
0.117
0.131
0.146
0.167
0.19
0.206
0.219
0.235
0.245
0.251
0.257
0.262
0.267
0.271
0.273
0.276
0.28
0.288
0.301
0.311
0.317
0.322
0.325
0.327
0.329
0.328
0.324
0.318
0.311
0.301
0.286
0.272
0.26
0.25
0.237
0.221
0.208
0.198
0.189
0.182
0.176
0.171
0.166
0.161
0.156
0.15
0.144
0.137
0.129
0.118
0.101
0.087
0.075
0.065
0.055
0.047
0.041
0.037
0.033
0.03
0.027
0.023
0.019
0.015
0.01
0.005
0.001
-0.001
-0.005
-0.008
-0.012
-0.016
-0.021
-0.026
-0.032
-0.037
-0.042
-0.048
-0.054
-0.059
-0.066
-0.074
-0.084
-0.091
-0.095
-0.098
-0.1
-0.101
-0.103
-0.105
-0.107
-0.109
-0.111
-0.113
-0.114
-0.115
-0.116
-0.116
-0.115
-0.114
-0.112
-0.109
-0.106
-0.104
-0.102
-0.1
-0.098
-0.096
-0.095
-0.094
-0.092
-0.09
-0.087
-0.084
-0.08
-0.077
-0.074
-0.072
-0.071
-0.072
-0.074
-0.076
-0.079
-0.083
-0.088
-0.094
-0.099
-0.105
-0.117
-0.137
-0.143
-0.144
-0.146
-0.147
-0.148
-0.15
-0.151
-0.153
-0.154
-0.155
-0.156
-0.156
-0.156
-0.155
-0.154
-0.153
-0.151
-0.148
-0.145
-0.141
-0.138
-0.135
-0.132
-0.128
-0.125
-0.121
-0.118
-0.113
-0.108
-0.102
-0.097
-0.094
-0.094
-0.095
-0.099
-0.104
-0.111
-0.118
-0.127
-0.14
-0.153
-0.165
-0.176
-0.184
-0.191
-0.196
-0.201
-0.204
-0.209
-0.213
-0.217
-0.221
-0.225
-0.228
-0.232
-0.235
-0.238
-0.241
-0.243
-0.244
-0.244
-0.243
-0.241
-0.237
-0.232
-0.225
-0.215
-0.178
-0.115
-0.03
0.073
0.184
0.288
0.357
0.364
0.329
0.217
0.066
-0.082
-0.167
-0.194
-0.176
-0.144
-0.12
-0.111
-0.108
-0.106
-0.102
-0.096
-0.09
-0.083
-0.076
-0.07
-0.064
-0.058
-0.051
-0.045
-0.038
-0.029
-0.018
-0.004
0.008
0.017
0.023
0.026
0.028
0.03
0.031
0.033
0.033
0.034
0.035
0.037
0.04
0.044
0.048
0.051
0.055
0.058
0.062
0.065
0.068
0.07
0.072
0.074
0.078
0.082
0.087
0.091
0.096
0.102
0.107
0.111
0.115
0.119
0.121
0.124
0.127
0.134
0.148
0.154
0.157
0.159
0.161
0.163
0.165
0.167
0.166
0.162
0.156
0.148
0.141
0.13
0.119
0.107
0.096
0.084
0.073
0.061
0.049
0.036
0.024
0.011
0.001
-0.004
-0.009
-0.012
-0.014
-0.016
-0.018
-0.02
-0.022
-0.023
-0.023
-0.022
-0.02
-0.018
-0.015
-0.011
-0.006
0.0
0.005
0.011
0.017
0.023
0.029
0.035
0.04
0.045
0.049
0.054
0.06
0.066
0.072
0.079
0.086
0.095
0.103
0.11
0.114
0.118
0.121
0.124
0.126
0.128
0.129
0.131
0.134
0.137
0.141
0.144
0.148
0.151
0.154
0.157
0.16
0.163
0.165
0.167
0.168
0.169
0.171
0.174
0.176
0.177
0.179
0.18
0.181
0.182
0.183
0.184
0.186
0.186
0.187
0.188
0.189
0.19
0.191
0.192
0.193
0.193
0.193
0.194
0.195
0.196
0.197
0.199
0.201
0.204
0.206
0.209
0.213
0.216
0.22
0.229
0.248
0.258
0.263
0.267
0.27
0.272
0.273
0.273
0.269
0.262
0.254
0.245
0.235
0.221
0.207
0.195
0.184
0.17
0.15
0.129
0.112
0.097
0.082
0.067
0.054
0.042
0.032
0.023
0.015
0.01
0.006
0.002
0.0
-0.005
-0.01
-0.017
-0.024
-0.03
-0.037
-0.044
-0.052
-0.061
-0.067
-0.068
-0.067
-0.064
-0.059
-0.049
-0.016
0.032
0.091
0.157
0.229
0.247
0.251
0.234
0.138
0.018
-0.104
-0.201
-0.226
-0.23
-0.232
-0.235
-0.245
-0.262
-0.286
-0.309
-0.311
-0.312
-0.312
-0.308
-0.288
-0.27
-0.253
-0.24
-0.228
-0.215
-0.2
-0.194
-0.191
-0.189
-0.188
-0.188
-0.187
-0.186
-0.186
-0.187
-0.187
-0.188
-0.188
-0.188
-0.188
-0.189
-0.191
-0.193
-0.195
-0.196
-0.196
-0.196
-0.197
-0.198
-0.191
-0.18
-0.173
-0.167
-0.162
-0.158
-0.154
-0.15
-0.146
-0.141
-0.135
-0.127
-0.113
-0.093
-0.077
-0.065
-0.054
-0.042
-0.03
-0.017
-0.003
0.01
0.024
0.033
0.039
0.046
0.051
0.054
0.055
0.053
0.048
0.042
0.034
0.027
0.021
0.014
0.006
0.0
-0.007
-0.014
-0.019
-0.024
-0.029
-0.036
-0.047
-0.064
-0.08
-0.088
-0.094
-0.098
-0.102
-0.104
-0.105
-0.106
-0.106
-0.105
-0.102
-0.098
-0.094
-0.089
-0.085
-0.082
-0.079
-0.077
-0.074
-0.072
-0.069
-0.067
-0.065
-0.064
-0.062
-0.06
-0.057
-0.055
-0.054
-0.053
-0.052
-0.052
-0.052
-0.052
-0.052
-0.053
-0.054
-0.056
-0.057
-0.057
-0.057
-0.057
-0.058
-0.058
-0.059
-0.059
-0.059
-0.059
-0.061
-0.063
-0.066
-0.066
-0.064
-0.059
-0.055
-0.054
-0.052
-0.051
-0.05
-0.048
-0.046
-0.044
-0.042
-0.04
-0.038
-0.035
-0.032
-0.028
-0.025
-0.022
-0.019
-0.017
-0.013
-0.009
-0.006
-0.001
0.003
0.009
0.015
0.02
0.025
0.03
0.034
0.038
0.041
0.045
0.048
0.051
0.055
0.061
0.068
0.075
0.081
0.088
0.095
0.102
0.107
0.112
0.117
0.122
0.126
0.129
0.132
0.134
0.134
0.135
0.136
0.136
0.137
0.137
0.138
0.139
0.14
0.142
0.142
0.142
0.138
0.131
0.121
0.106
0.078
0.055
0.038
0.021
0.006
-0.005
-0.013
-0.019
-0.022
-0.024
-0.026
-0.028
-0.03
-0.032
-0.033
-0.035
-0.038
-0.04
-0.042
-0.043
-0.045
-0.047
-0.05
-0.054
-0.061
-0.067
-0.067
-0.062
-0.049
-0.014
0.042
0.123
0.225
0.327
0.407
0.434
0.416
0.358
0.235
0.099
-0.018
-0.076
-0.097
-0.098
-0.088
-0.08
-0.073
-0.071
-0.079
-0.091
-0.1
-0.106
-0.112
-0.116
-0.12
-0.124
-0.128
-0.132
-0.135
-0.136
-0.136
-0.137
-0.139
-0.141
-0.144
-0.148
-0.15
-0.152
-0.153
-0.153
-0.154
-0.155
-0.156
-0.157
-0.158
-0.161
-0.165
-0.17
-0.174
-0.177
-0.177
-0.175
-0.172
-0.169
-0.165
-0.162
-0.158
-0.154
-0.15
-0.147
-0.144
-0.141
-0.138
-0.135
-0.131
-0.127
-0.122
-0.115
-0.1
-0.083
-0.064
-0.046
-0.032
-0.025
-0.021
-0.018
-0.015
-0.012
-0.01
-0.009
-0.008
-0.008
-0.008
-0.009
-0.012
