-0.284
-0.309
-0.327
-0.339
-0.33
-0.298
-0.216
-0.124
-0.059
-0.035
-0.021
-0.024
-0.063
-0.113
-0.172
-0.24
-0.314
-0.384
-0.438
-0.468
-0.483
-0.491
-0.497
-0.501
-0.504
-0.504
-0.503
-0.501
-0.497
-0.492
-0.486
-0.477
-0.46
-0.439
-0.419
-0.403
-0.39
-0.379
-0.368
-0.357
-0.346
-0.334
-0.323
-0.311
-0.3
-0.289
-0.278
-0.266
-0.254
-0.241
-0.23
-0.221
-0.211
-0.202
-0.191
-0.177
-0.158
-0.14
-0.123
-0.105
-0.089
-0.072
-0.056
-0.037
-0.025
-0.018
-0.011
-0.005
0.002
0.01
0.016
0.021
0.024
0.027
0.03
0.033
0.035
0.037
0.039
0.041
0.042
0.044
0.046
0.048
0.049
0.05
0.051
0.053
0.054
0.055
0.055
0.056
0.057
0.058
0.06
0.063
0.066
0.071
0.076
0.082
0.089
0.097
0.104
0.109
0.113
0.117
0.121
0.124
0.127
0.131
0.134
0.136
0.138
0.14
0.141
0.142
0.142
0.141
0.141
0.14
0.14
0.14
0.141
0.142
0.143
0.144
0.146
0.147
0.148
0.148
0.148
0.148
0.147
0.146
0.146
0.145
0.144
0.142
0.141
0.139
0.137
0.136
0.134
0.132
0.13
0.128
0.125
0.122
0.119
0.116
0.111
0.107
0.102
0.096
0.091
0.085
0.08
0.075
0.071
0.068
0.065
0.062
0.059
0.057
0.055
0.052
0.05
0.048
0.046
0.044
0.043
0.042
0.042
0.041
0.041
0.041
0.041
0.04
0.039
0.039
0.039
0.039
0.038
0.037
0.035
0.032
0.029
0.028
0.03
0.038
0.053
0.095
0.15
0.217
0.291
0.371
0.451
0.52
0.575
0.595
0.596
0.585
0.554
0.49
0.415
0.339
0.267
0.203
0.147
0.112
0.08
0.057
0.043
0.033
0.026
0.018
0.007
-0.004
-0.014
-0.024
-0.032
-0.037
-0.04
-0.042
-0.044
-0.045
-0.047
-0.048
-0.049
-0.049
-0.049
-0.048
-0.045
-0.041
-0.036
-0.031
-0.026
-0.023
-0.02
-0.016
-0.013
-0.009
-0.006
-0.002
0.001
0.004
0.007
0.009
0.012
0.016
0.02
0.027
0.041
0.054
0.065
0.071
0.076
0.081
0.085
0.089
0.092
0.095
0.097
0.099
0.1
0.101
0.102
0.102
0.102
0.101
0.1
0.099
0.097
0.095
0.093
0.089
0.085
0.08
0.074
0.065
0.043
0.026
0.011
0.0
-0.013
-0.027
-0.035
-0.041
-0.046
-0.051
-0.054
-0.059
-0.063
-0.067
-0.071
-0.075
-0.079
-0.083
-0.087
-0.09
-0.094
-0.098
-0.101
-0.104
-0.105
-0.105
-0.104
-0.101
-0.097
-0.092
-0.087
-0.08
-0.074
-0.068
-0.064
-0.06
-0.057
-0.055
-0.051
-0.048
-0.046
-0.044
-0.042
-0.041
-0.04
-0.039
-0.038
-0.038
-0.038
-0.038
-0.038
-0.038
-0.038
-0.038
-0.038
-0.038
-0.038
-0.039
-0.039
-0.04
-0.04
-0.041
-0.04
-0.039
-0.038
-0.037
-0.035
-0.033
-0.031
-0.029
-0.027
-0.025
-0.023
-0.021
-0.018
-0.016
-0.014
-0.012
-0.009
-0.007
-0.004
-0.002
0.0
0.001
0.003
0.005
0.006
0.006
0.006
0.006
0.005
0.005
0.005
0.004
0.003
0.002
0.001
0.001
0.002
0.002
0.003
0.004
0.005
0.007
0.009
0.01
0.012
0.014
0.017
0.019
0.021
0.023
0.025
0.026
0.027
0.028
0.029
0.03
0.03
0.03
0.03
0.029
0.03
0.03
0.029
0.029
0.028
0.027
0.025
0.023
0.021
0.019
0.017
0.016
0.014
0.013
0.012
0.01
0.009
0.007
0.007
0.006
0.006
0.005
0.005
0.004
0.003
0.002
0.001
0.0
0.0
0.0
-0.001
-0.001
-0.002
-0.002
-0.002
-0.002
-0.003
-0.003
-0.004
-0.005
-0.006
-0.008
-0.009
-0.01
-0.01
-0.01
-0.01
-0.01
-0.011
-0.011
-0.011
-0.012
-0.013
-0.014
-0.016
-0.017
-0.019
-0.021
-0.022
-0.022
-0.022
-0.021
-0.021
-0.02
-0.019
-0.018
-0.017
-0.016
-0.015
-0.014
-0.013
-0.012
-0.011
-0.01
-0.008
-0.006
-0.004
-0.002
0.0
0.001
0.003
0.004
0.005
0.006
0.007
0.007
0.007
0.006
0.005
0.004
0.003
0.002
0.001
0.001
0.0
0.0
0.0
0.0
0.0
0.0
0.0
0.0
0.0
0.0
0.0
0.001
0.001
0.002
0.003
0.004
0.005
0.006
0.007
0.009
0.011
0.014
0.017
0.019
0.022
0.024
0.026
0.029
0.032
0.034
0.037
0.041
0.044
0.047
0.049
0.048
0.045
0.04
0.034
0.029
0.024
0.02
0.017
0.014
0.011
0.008
0.005
0.003
0.0
-0.001
-0.003
-0.005
-0.005
-0.006
-0.006
-0.006
-0.005
-0.004
-0.004
-0.003
-0.003
-0.002
-0.001
-0.001
-0.001
0.0
0.0
0.0
0.0
0.0
0.0
0.0
0.0
0.0
-0.001
-0.003
-0.005
-0.007
-0.009
-0.012
-0.014
-0.016
-0.019
-0.021
-0.024
-0.026
-0.029
-0.031
-0.034
-0.037
-0.039
-0.041
-0.043
-0.045
-0.045
-0.046
-0.046
-0.046
-0.044
-0.043
-0.041
-0.039
-0.036
-0.033
-0.031
-0.028
-0.025
-0.023
-0.021
-0.019
-0.018
-0.017
-0.016
-0.014
-0.014
-0.013
-0.012
-0.012
-0.012
-0.012
-0.013
-0.014
-0.016
-0.017
-0.019
-0.021
-0.023
-0.025
-0.028
-0.03
-0.032
-0.034
-0.035
-0.037
-0.038
-0.041
-0.045
-0.049
-0.052
-0.051
-0.046
-0.036
-0.021
0.024
0.086
0.166
0.261
0.364
0.464
0.548
0.582
0.593
0.57
0.5
0.406
0.304
0.199
0.101
0.021
-0.027
-0.041
-0.05
-0.055
-0.057
-0.059
-0.06
-0.061
-0.062
-0.063
-0.064
-0.065
-0.065
-0.065
-0.065
-0.066
-0.067
-0.068
-0.069
-0.07
-0.07
-0.07
-0.07
-0.07
-0.071
-0.072
-0.073
-0.073
-0.073
-0.072
-0.071
-0.07
-0.068
-0.066
-0.064
-0.061
-0.059
-0.056
-0.054
-0.051
-0.047
-0.04
-0.031
-0.023
-0.015
-0.007
0.0
0.008
0.016
0.024
0.032
0.041
0.05
0.061
0.071
0.082
0.092
0.102
0.114
0.121
0.123
0.123
0.124
0.124
0.125
0.126
0.126
0.127
0.126
0.123
0.118
0.112
0.105
0.098
0.088
0.076
0.063
0.049
0.04
0.031
0.024
0.018
0.013
0.009
0.005
0.001
-0.002
-0.008
-0.016
-0.023
-0.033
-0.043
-0.048
-0.051
-0.053
-0.056
-0.058
-0.06
-0.062
-0.065
-0.067
-0.068
-0.069
-0.07
-0.07
-0.069
-0.068
-0.066
-0.063
-0.059
-0.055
-0.052
-0.049
-0.046
-0.043
-0.041
-0.038
-0.036
-0.034
-0.033
-0.031
-0.028
-0.025
-0.022
-0.019
-0.017
-0.016
-0.016
-0.017
-0.017
-0.018
-0.02
-0.022
-0.025
-0.027
-0.029
-0.031
-0.033
-0.036
-0.044
-0.043
-0.028
0.012
0.07
0.149
0.243
0.338
0.418
0.445
0.455
0.429
0.349
0.24
0.124
0.017
-0.072
-0.126
-0.145
-0.145
-0.131
-0.112
-0.083
-0.069
-0.065
-0.061
-0.058
-0.056
-0.054
-0.052
-0.05
-0.049
-0.048
-0.047
-0.047
-0.048
-0.049
-0.05
-0.051
-0.052
-0.052
-0.052
-0.052
-0.052
-0.052
-0.052
-0.053
-0.052
-0.052
-0.052
-0.051
-0.05
-0.049
-0.047
-0.046
-0.044
-0.041
-0.038
-0.035
-0.029
-0.014
0.0
0.014
0.031
0.051
0.073
0.085
0.094
0.101
0.106
0.109
0.111
0.112
0.112
0.113
0.113
0.114
0.115
0.116
0.117
0.116
0.109
0.097
0.083
0.065
0.048
0.03
0.012
-0.005
-0.021
-0.035
-0.046
-0.057
-0.066
-0.074
-0.081
-0.084
-0.087
-0.088
-0.089
-0.09
-0.09
-0.091
-0.092
-0.092
-0.092
-0.091
-0.09
-0.088
-0.086
-0.085
-0.083
-0.081
-0.079
-0.077
-0.076
-0.076
-0.076
-0.077
-0.078
-0.079
-0.08
-0.081
-0.082
-0.084
-0.085
-0.085
-0.086
-0.086
-0.086
-0.086
-0.086
-0.085
-0.084
-0.082
-0.08
-0.078
-0.076
-0.074
-0.072
-0.069
-0.065
-0.062
-0.059
-0.054
-0.049
-0.044
-0.041
-0.04
-0.038
-0.038
-0.037
-0.036
-0.035
-0.034
-0.034
-0.033
-0.034
-0.035
-0.037
-0.039
-0.041
-0.043
-0.045
-0.046
-0.048
-0.05
-0.052
-0.054
-0.055
-0.056
-0.056
-0.056
-0.056
-0.055
-0.054
-0.053
-0.052
-0.051
-0.05
-0.049
-0.048
-0.047
-0.047
-0.046
-0.045
-0.044
-0.044
-0.043
-0.043
-0.042
-0.041
-0.04
-0.038
-0.037
-0.037
-0.036
-0.036
-0.035
-0.034
-0.032
-0.029
-0.016
0.022
0.078
0.15
0.237
0.334
0.433
0.521
0.577
0.596
0.583
0.544
0.466
0.372
0.27
0.17
0.08
0.013
-0.019
-0.024
-0.028
-0.033
-0.037
-0.04
-0.043
-0.045
-0.046
-0.047
-0.048
-0.049
-0.05
-0.049
-0.049
-0.049
-0.05
-0.05
-0.05
-0.049
-0.048
-0.046
-0.045
-0.043
-0.042
-0.039
-0.037
-0.034
-0.032
-0.029
-0.026
-0.018
-0.009
-0.002
0.003
0.008
0.011
0.014
0.017
0.02
0.023
0.025
0.027
0.029
0.031
0.034
0.038
0.045
0.057
0.072
0.086
0.097
0.108
0.119
0.127
0.133
0.138
0.142
0.144
0.146
0.148
0.149
0.151
0.153
0.155
0.156
0.153
0.147
0.138
0.127
0.111
0.096
0.085
0.077
0.07
0.065
0.059
0.055
0.05
0.046
0.042
0.037
0.033
0.029
0.026
0.025
0.024
0.024
0.023
0.023
0.022
0.021
0.019
0.018
0.017
0.015
0.014
0.012
0.011
0.01
0.009
0.007
0.005
0.0
-0.004
-0.004
-0.004
-0.005
-0.006
-0.007
-0.008
-0.008
-0.008
-0.008
-0.008
-0.006
-0.004
-0.001
0.001
0.005
0.007
0.009
0.01
0.012
0.013
0.014
0.016
0.017
0.018
0.019
0.02
0.022
0.023
0.024
0.024
0.023
0.022
0.021
0.019
0.017
0.015
0.014
0.012
0.011
0.011
0.01
0.01
0.01
0.008
0.006
0.004
0.002
0.0
-0.001
-0.003
-0.004
-0.006
-0.007
-0.009
-0.01
-0.013
-0.017
-0.016
-0.008
0.011
0.05
0.107
0.182
0.27
0.368
0.464
0.545
0.588
0.602
0.586
0.536
0.456
0.362
0.256
0.152
0.068
0.012
0.0
0.0
-0.002
0.0
0.004
0.007
-0.002
-0.014
-0.025
-0.032
-0.036
-0.039
-0.041
-0.042
-0.043
-0.044
-0.045
-0.044
-0.042
-0.04
-0.037
-0.035
-0.032
-0.029
-0.025
-0.021
-0.016
-0.012
-0.007
-0.003
0.0
0.005
0.009
0.013
0.017
0.02
0.023
0.026
0.029
0.032
0.036
0.038
0.04
0.043
0.047
0.053
0.064
0.075
0.083
0.089
0.094
0.098
0.101
0.104
0.106
0.108
0.11
0.113
0.115
0.117
0.12
0.123
0.127
0.129
0.126
0.117
0.103
0.087
0.074
0.061
0.046
0.03
0.02
0.015
0.011
0.005
0.0
-0.005
-0.01
-0.016
-0.021
-0.024
-0.026
-0.027
-0.028
-0.028
-0.028
-0.029
-0.029
-0.03
-0.03
-0.03
-0.03
-0.03
-0.031
-0.031
-0.032
-0.032
-0.033
-0.034
-0.035
-0.036
-0.037
-0.039
-0.04
-0.041
-0.042
-0.044
-0.045
-0.047
-0.049
-0.052
-0.053
-0.053
-0.053
-0.051
-0.049
-0.046
-0.044
-0.043
-0.042
-0.041
-0.04
-0.039
-0.038
-0.037
-0.036
-0.036
-0.036
-0.036
-0.036
-0.036
-0.036
-0.036
-0.036
-0.036
-0.036
-0.036
-0.036
-0.036
-0.037
-0.037
-0.037
-0.038
-0.038
-0.039
-0.039
-0.039
-0.039
-0.04
-0.04
-0.04
-0.04
-0.041
-0.041
-0.042
-0.044
-0.046
-0.042
-0.036
-0.032
-0.03
-0.028
-0.026
-0.025
-0.023
-0.022
-0.02
-0.019
-0.018
-0.017
-0.017
-0.017
-0.017
-0.016
-0.016
-0.016
-0.016
-0.016
-0.016
-0.016
-0.016
-0.016
-0.016
-0.017
-0.017
-0.018
-0.018
-0.018
-0.018
-0.018
-0.018
-0.019
-0.02
-0.02
-0.021
-0.022
-0.024
-0.025
-0.027
-0.029
-0.031
-0.033
-0.035
-0.039
-0.044
-0.047
-0.05
-0.052
-0.055
-0.057
-0.058
-0.057
-0.053
-0.048
-0.044
-0.039
-0.033
-0.027
-0.02
-0.015
-0.01
-0.005
-0.002
-0.001
0.0
0.0
0.0
0.001
0.001
0.002
0.003
0.003
0.004
0.004
0.004
0.004
0.004
0.004
0.004
0.003
0.003
0.003
0.004
0.004
0.004
0.004
0.003
0.001
0.0
-0.002
-0.003
-0.005
-0.006
-0.008
-0.009
-0.01
-0.011
-0.011
-0.011
-0.01
-0.009
-0.007
-0.004
-0.001
0.001
0.005
0.012
0.018
0.024
0.028
0.031
0.033
0.035
0.036
0.037
0.038
0.039
0.039
0.04
0.04
0.041
0.041
0.042
0.042
0.042
0.042
0.042
0.042
0.042
0.04
0.039
0.036
0.033
0.029
0.025
0.017
0.014
0.017
0.025
0.047
0.095
0.161
0.245
0.347
0.455
0.556
0.634
0.673
0.673
0.636
0.561
0.468
0.367
0.266
0.18
0.122
0.099
0.092
0.088
0.085
0.083
0.08
0.071
0.046
0.022
0.009
0.001
-0.003
-0.005
-0.009
-0.013
-0.017
-0.021
-0.024
-0.027
-0.03
-0.032
-0.033
-0.035
-0.036
-0.036
-0.037
-0.038
-0.039
-0.041
-0.042
-0.042
-0.042
-0.04
-0.038
-0.033
-0.028
-0.018
-0.002
0.008
0.016
0.024
0.031
0.039
0.048
0.058
0.067
0.076
0.086
0.1
0.117
0.133
0.147
0.158
0.167
0.175
0.182
0.188
0.192
0.196
0.199
0.201
0.203
0.204
0.203
0.2
0.197
0.191
0.181
0.165
0.149
0.134
0.118
0.103
0.09
0.075
0.06
0.045
0.032
0.023
0.013
0.003
-0.005
-0.015
-0.023
-0.03
-0.036
-0.04
-0.042
-0.045
-0.047
-0.048
-0.048
-0.047
-0.043
-0.038
-0.034
-0.032
-0.03
-0.028
-0.026
-0.024
-0.022
-0.02
-0.019
-0.018
-0.017
-0.017
-0.017
-0.017
-0.018
-0.02
-0.021
-0.022
-0.024
-0.026
-0.027
-0.029
-0.031
-0.032
-0.034
-0.036
-0.038
-0.041
-0.044
-0.047
-0.049
-0.05
-0.051
-0.052
-0.053
-0.054
-0.054
-0.055
-0.056
-0.057
-0.058
-0.058
-0.056
-0.051
-0.046
-0.042
-0.04
-0.037
-0.033
-0.03
-0.027
-0.024
-0.022
-0.021
-0.02
-0.02
-0.02
-0.021
-0.023
-0.026
-0.029
-0.031
-0.033
-0.035
-0.037
-0.039
-0.041
-0.042
-0.044
-0.045
-0.047
-0.049
-0.051
-0.053
-0.054
-0.055
-0.056
-0.058
-0.059
-0.059
-0.06
-0.061
-0.061
-0.061
-0.061
-0.062
-0.063
-0.063
-0.064
-0.065
-0.066
-0.067
-0.068
-0.068
-0.069
-0.068
-0.067
-0.065
-0.062
-0.059
-0.055
-0.051
-0.048
-0.042
-0.037
-0.033
-0.03
-0.028
-0.026
-0.025
-0.025
-0.024
-0.023
-0.021
-0.02
-0.019
-0.018
-0.017
-0.016
-0.016
-0.015
-0.015
-0.015
-0.015
-0.015
-0.015
-0.015
-0.015
-0.015
-0.016
-0.016
-0.017
-0.017
-0.018
-0.019
-0.02
-0.021
-0.022
-0.023
-0.024
-0.026
-0.029
-0.031
-0.032
-0.032
-0.029
-0.026
-0.022
-0.017
-0.013
-0.008
-0.003
0.001
0.005
0.008
0.011
0.013
0.014
0.016
0.016
0.017
0.018
0.019
0.02
0.021
0.022
0.023
0.023
0.023
0.023
0.023
0.022
0.022
0.022
0.022
0.022
0.023
0.023
0.024
0.024
0.026
0.027
0.029
0.038
0.077
0.135
0.213
0.311
0.418
0.52
0.6
0.636
0.636
0.598
0.511
0.397
0.269
0.14
0.024
-0.056
-0.084
-0.093
-0.083
-0.053
-0.029
-0.025
-0.022
-0.02
-0.018
-0.017
-0.016
-0.015
-0.014
-0.013
-0.012
-0.011
-0.01
-0.01
-0.01
-0.009
-0.008
-0.006
-0.005
-0.004
-0.003
-0.002
-0.001
0.0
0.001
0.004
0.006
0.009
0.011
0.014
0.016
0.018
0.02
0.022
0.025
0.028
0.033
0.039
0.044
0.051
0.059
0.071
0.08
0.09
0.1
0.111
0.121
0.132
0.143
0.153
0.161
0.165
0.167
0.168
0.169
0.17
0.171
0.172
0.172
0.169
0.165
0.159
0.152
0.141
0.131
0.117
0.101
0.086
0.07
0.053
0.037
0.026
0.016
0.004
-0.003
-0.008
-0.012
-0.015
-0.019
-0.023
-0.027
-0.03
-0.033
-0.035
-0.038
-0.04
-0.042
-0.044
-0.046
-0.047
-0.049
-0.051
-0.053
-0.054
-0.055
-0.055
-0.056
-0.057
-0.059
-0.06
-0.06
-0.061
-0.063
-0.064
-0.066
-0.067
-0.068
-0.068
-0.069
-0.068
-0.068
-0.067
-0.066
-0.064
-0.061
-0.058
-0.056
-0.054
-0.052
-0.05
-0.048
-0.047
-0.046
-0.045
-0.043
-0.042
-0.039
-0.037
-0.035
-0.033
-0.031
-0.029
-0.028
-0.028
-0.027
-0.027
-0.027
-0.028
-0.029
-0.03
-0.031
-0.032
-0.034
-0.035
-0.037
-0.039
-0.042
-0.044
-0.046
-0.048
-0.05
-0.052
-0.053
-0.054
-0.055
-0.056
-0.058
-0.059
-0.061
-0.063
-0.065
-0.067
-0.068
-0.069
-0.069
-0.069
-0.068
-0.066
-0.064
-0.062
-0.059
-0.057
-0.054
-0.052
-0.05
-0.048
-0.046
-0.043
-0.039
-0.034
-0.03
-0.027
-0.025
-0.023
-0.022
-0.02
-0.019
-0.019
-0.018
-0.018
-0.018
-0.018
-0.019
-0.019
-0.02
-0.02
-0.021
-0.021
-0.022
-0.022
-0.023
-0.024
-0.024
-0.024
-0.024
-0.024
-0.025
-0.026
-0.026
-0.027
-0.027
-0.027
-0.027
-0.027
-0.027
-0.026
-0.025
-0.024
-0.022
-0.021
-0.019
-0.018
-0.015
-0.013
-0.011
-0.009
-0.007
-0.005
-0.001
0.008
0.015
0.018
0.02
0.022
0.024
0.026
0.027
0.027
0.026
0.024
0.021
0.018
0.017
0.016
0.014
0.013
0.011
0.009
0.008
0.007
0.006
0.006
0.005
0.005
0.005
0.005
0.006
0.007
0.008
0.009
0.01
0.012
0.013
0.015
0.017
0.019
0.021
0.023
0.025
0.027
0.028
0.03
0.031
0.032
0.034
0.036
0.039
0.041
0.043
0.045
0.046
0.047
0.047
0.046
0.045
0.042
0.039
0.036
0.033
0.029
0.026
0.024
0.022
0.02
0.018
0.015
0.011
0.008
0.005
0.002
0.0
0.0
0.0
0.0
0.0
0.001
0.002
0.005
0.008
0.012
0.016
0.034
0.075
0.136
0.218
0.316
0.423
0.525
0.609
0.648
0.662
0.641
0.578
0.481
0.366
0.242
0.125
0.031
-0.018
-0.037
-0.038
-0.03
-0.023
-0.015
-0.014
-0.022
-0.025
-0.027
-0.029
-0.031
-0.033
-0.034
-0.035
-0.035
-0.036
-0.037
-0.037
-0.037
-0.035
-0.032
-0.029
-0.026
-0.024
-0.021
-0.019
-0.016
-0.014
-0.009
-0.005
0.0
0.003
0.007
0.01
0.014
0.017
0.021
0.024
0.028
0.032
0.035
0.039
0.044
0.05
0.06
0.069
0.078
0.088
0.098
0.107
0.117
0.122
0.126
0.13
0.133
0.135
0.137
0.139
0.14
0.141
0.141
0.141
0.14
0.139
0.137
0.135
0.133
0.13
0.126
0.122
0.114
0.098
0.087
0.078
0.07
0.061
0.052
0.043
0.036
0.029
0.022
0.016
0.009
0.0
-0.007
-0.015
-0.021
-0.026
-0.03
-0.034
-0.038
-0.043
-0.047
-0.052
-0.056
-0.062
-0.068
-0.071
-0.071
-0.072
-0.072
-0.073
-0.074
-0.075
-0.075
-0.076
-0.076
-0.075
-0.072
-0.069
-0.066
-0.062
-0.057
-0.051
-0.044
-0.035
-0.027
-0.023
-0.02
-0.018
-0.015
-0.013
-0.011
-0.009
-0.008
-0.007
-0.006
-0.005
-0.005
-0.005
-0.006
-0.008
-0.01
-0.012
-0.014
-0.016
-0.018
-0.02
-0.022
-0.023
-0.025
-0.026
-0.027
-0.029
-0.031
-0.033
-0.035
-0.037
-0.038
-0.04
-0.042
-0.043
-0.044
-0.044
-0.044
-0.044
-0.045
-0.045
-0.046
-0.047
-0.048
-0.051
-0.057
-0.057
-0.049
-0.027
0.003
0.051
0.119
0.203
0.299
0.395
0.478
0.539
0.564
0.561
0.519
0.434
0.331
0.223
0.124
0.049
0.009
-0.002
-0.009
-0.014
-0.017
-0.02
-0.036
-0.07
-0.085
-0.092
-0.097
-0.1
-0.099
-0.092
-0.084
-0.079
-0.075
-0.072
-0.069
-0.066
-0.063
-0.059
-0.056
-0.053
-0.051
-0.048
-0.046
-0.043
-0.041
-0.038
-0.034
-0.031
-0.027
-0.024
-0.02
-0.015
-0.01
-0.004
0.001
0.007
0.012
0.015
0.018
0.021
0.023
0.025
0.028
0.031
0.034
0.037
0.041
0.044
0.049
0.057
0.072
0.084
0.091
0.095
0.099
0.102
0.104
0.105
0.105
0.103
0.1
0.096
0.091
0.086
0.077
0.068
0.06
0.05
0.039
0.024
0.01
-0.003
-0.014
-0.025
-0.036
-0.045
-0.054
-0.062
-0.069
-0.071
-0.073
-0.074
-0.075
-0.076
-0.077
-0.078
-0.079
-0.079
-0.079
-0.079
-0.078
-0.077
-0.076
-0.074
-0.072
-0.069
-0.067
-0.064
-0.061
-0.058
-0.053
-0.048
-0.043
-0.039
-0.036
-0.033
-0.032
-0.031
-0.029
-0.027
-0.026
-0.024
-0.023
-0.022
-0.021
-0.02
-0.019
-0.019
-0.019
-0.019
-0.019
-0.019
-0.019
-0.019
-0.019
-0.02
-0.02
-0.021
-0.022
-0.023
-0.024
-0.025
-0.027
-0.028
-0.03
-0.032
-0.037
-0.041
-0.042
-0.043
-0.044
-0.045
-0.045
-0.045
-0.042
-0.037
-0.031
-0.023
-0.014
-0.008
-0.003
0.001
0.006
0.011
0.02
0.033
0.052
0.079
0.117
0.172
0.243
0.327
0.42
0.508
0.58
0.61
0.608
0.568
0.484
0.376
0.259
0.146
0.047
-0.026
-0.062
-0.074
-0.066
-0.056
-0.049
-0.049
-0.058
-0.066
-0.072
-0.077
-0.077
-0.073
-0.068
-0.061
-0.052
-0.043
-0.036
-0.031
-0.027
-0.022
-0.017
-0.012
-0.007
-0.002
0.004
0.01
0.016
0.021
0.026
0.03
0.033
0.036
0.038
0.04
0.041
0.043
0.044
0.046
0.048
0.049
0.051
0.053
0.055
0.06
0.068
0.076
0.085
0.094
0.102
0.108
0.112
0.115
0.12
0.125
0.13
0.134
0.138
0.141
0.144
0.146
0.147
0.147
0.145
0.144
0.141
0.137
0.13
0.117
0.106
0.098
0.089
0.081
0.072
0.06
0.049
0.038
0.03
0.024
0.019
0.013
0.005
0.0
-0.005
-0.009
-0.012
-0.015
-0.017
-0.018
-0.02
-0.022
-0.023
-0.025
-0.027
-0.029
-0.032
-0.035
-0.038
-0.04
-0.042
-0.044
-0.046
-0.048
-0.05
-0.052
-0.053
-0.053
-0.054
-0.053
-0.053
-0.051
-0.049
-0.047
-0.045
-0.043
-0.041
-0.039
-0.037
-0.036
-0.035
-0.033
-0.031
-0.029
-0.027
-0.025
-0.024
-0.022
-0.021
-0.021
-0.021
-0.021
-0.022
-0.024
-0.025
-0.027
-0.029
-0.03
-0.032
-0.033
-0.034
-0.035
-0.036
-0.038
-0.04
-0.042
-0.044
-0.046
-0.047
-0.047
-0.047
-0.046
-0.044
-0.043
-0.04
-0.038
-0.036
-0.033
-0.03
-0.027
-0.025
-0.023
-0.021
-0.019
-0.017
-0.016
-0.014
-0.013
-0.011
-0.01
-0.009
-0.008
-0.007
-0.007
-0.007
-0.006
-0.007
-0.007
-0.006
-0.006
-0.005
-0.004
-0.004
-0.002
-0.001
0.0
0.0
0.002
0.003
0.004
0.005
0.006
0.006
0.007
0.008
0.009
0.01
0.011
0.012
0.013
0.013
0.014
0.014
0.014
0.014
0.014
0.014
0.014
0.013
0.013
0.012
0.012
0.012
0.012
0.012
0.012
0.011
0.012
0.012
0.013
0.014
0.018
0.024
0.043
0.081
0.138
0.217
0.317
0.427
0.533
0.615
0.655
0.657
0.623
0.538
0.428
0.308
0.194
0.097
0.023
-0.024
-0.036
-0.04
-0.039
-0.035
-0.031
-0.027
-0.027
-0.034
-0.04
-0.047
-0.046
-0.038
-0.032
-0.03
-0.027
-0.026
-0.025
-0.023
-0.022
-0.02
-0.018
-0.016
-0.015
-0.013
-0.011
-0.01
-0.008
-0.005
-0.002
0.001
0.004
0.006
0.01
0.017
0.03
0.039
0.043
0.048
0.052
0.057
0.063
0.07
0.076
0.082
0.087
0.09
0.094
0.098
0.102
0.106
0.111
0.117
0.122
0.128
0.135
0.142
0.15
0.155
0.158
0.161
0.163
0.164
0.164
0.163
0.16
0.156
0.151
0.142
0.125
0.108
0.092
0.078
0.065
0.053
0.037
0.024
0.015
0.009
0.004
0.0
-0.005
-0.01
-0.015
-0.018
-0.021
-0.024
-0.026
-0.03
-0.033
-0.036
-0.04
-0.046
-0.056
-0.064
-0.068
-0.07
-0.073
-0.074
-0.076
-0.077
-0.078
-0.078
-0.077
-0.076
-0.075
-0.073
-0.071
-0.07
-0.068
-0.066
-0.064
-0.062
-0.061
-0.06
-0.059
-0.057
-0.056
-0.054
-0.053
-0.051
-0.048
-0.044
-0.036
-0.026
-0.02
-0.017
-0.014
-0.012
-0.01
-0.009
-0.008
-0.009
-0.01
-0.011
-0.013
-0.015
-0.017
-0.02
-0.023
-0.029
-0.033
-0.038
-0.04
-0.041
-0.042
-0.043
-0.044
-0.044
-0.045
-0.045
-0.046
-0.047
-0.047
-0.048
-0.048
-0.048
-0.048
-0.048
-0.048
-0.048
-0.049
-0.049
-0.049
-0.05
-0.05
-0.049
-0.048
-0.048
-0.047
-0.046
-0.045
-0.044
-0.043
-0.042
-0.04
-0.039
-0.037
-0.033
-0.029
-0.024
-0.02
-0.017
-0.014
-0.01
0.005
0.039
0.09
0.162
0.254
0.359
0.461
0.546
0.587
0.589
0.555
0.471
0.354
0.22
0.086
-0.029
-0.113
-0.155
-0.169
-0.164
-0.149
-0.122
-0.091
-0.082
-0.08
-0.079
-0.08
-0.082
-0.085
-0.086
-0.087
-0.088
-0.086
-0.083
-0.078
-0.073
-0.066
-0.057
-0.05
-0.044
-0.039
-0.034
-0.03
-0.026
-0.024
-0.021
-0.019
-0.016
-0.012
-0.009
-0.005
-0.001
0.003
0.009
0.013
0.018
0.021
0.024
0.026
0.029
0.033
0.036
0.039
0.042
0.047
0.055
0.064
0.073
0.082
0.096
0.102
0.106
0.109
0.112
0.115
0.117
