-0.024
-0.026
-0.028
-0.03
-0.04
-0.07
-0.084
-0.093
-0.1
-0.105
-0.107
-0.103
-0.093
-0.079
-0.053
-0.014
0.003
0.015
0.023
0.029
0.03
0.028
0.025
0.023
0.02
0.018
0.015
0.013
0.011
0.011
0.012
0.015
0.017
0.02
0.022
0.026
0.03
0.032
0.034
0.034
0.034
0.032
0.028
0.023
0.016
0.008
0.0
-0.008
-0.019
-0.03
-0.04
-0.047
-0.053
-0.06
-0.069
-0.082
-0.099
-0.109
-0.117
-0.122
-0.124
-0.123
-0.119
-0.114
-0.108
-0.102
-0.093
-0.086
-0.086
-0.093
-0.104
-0.122
-0.151
-0.169
-0.179
-0.186
-0.187
-0.182
-0.173
-0.162
-0.146
-0.129
-0.118
-0.11
-0.105
-0.1
-0.096
-0.093
-0.09
-0.088
-0.086
-0.084
-0.081
-0.078
-0.077
-0.078
-0.081
-0.085
-0.09
-0.096
-0.105
-0.111
-0.106
-0.096
-0.077
-0.06
-0.053
-0.047
-0.045
-0.048
-0.057
-0.066
-0.079
-0.089
-0.096
-0.102
-0.106
-0.107
-0.104
-0.1
-0.097
-0.095
-0.092
-0.091
-0.089
-0.089
-0.091
-0.094
-0.097
-0.101
-0.104
-0.108
-0.111
-0.114
-0.115
-0.116
-0.116
-0.114
-0.11
-0.105
-0.1
-0.095
-0.09
-0.085
-0.081
-0.079
-0.077
-0.076
-0.077
-0.078
-0.08
-0.084
-0.089
-0.094
-0.099
-0.104
-0.111
-0.119
-0.122
-0.12
-0.115
-0.107
-0.097
-0.082
-0.074
-0.067
-0.06
-0.059
-0.067
-0.075
-0.082
-0.086
-0.079
-0.066
-0.053
-0.04
-0.027
-0.014
-0.008
-0.002
0.002
0.006
0.009
0.011
0.012
0.014
0.018
0.021
0.023
0.024
0.024
0.026
0.028
0.03
0.033
0.037
0.044
0.049
0.041
0.027
0.017
0.009
0.002
-0.003
-0.008
-0.014
-0.02
-0.026
-0.03
-0.034
-0.037
-0.04
-0.042
-0.045
-0.048
-0.05
-0.052
-0.053
-0.053
-0.054
-0.056
-0.06
-0.066
-0.07
-0.064
-0.048
-0.023
0.013
0.079
0.17
0.289
0.432
0.58
0.716
0.823
0.864
0.878
0.857
0.795
0.689
0.55
0.403
0.263
0.138
0.045
-0.011
-0.033
-0.054
-0.064
-0.07
-0.075
-0.079
-0.083
-0.086
-0.086
-0.086
-0.085
-0.083
-0.081
-0.079
-0.075
-0.07
-0.073
-0.078
-0.083
-0.081
-0.069
-0.064
-0.061
-0.058
-0.056
-0.055
-0.053
-0.051
-0.048
-0.045
-0.043
-0.042
-0.041
-0.041
-0.041
-0.04
-0.039
-0.037
-0.034
-0.031
-0.027
-0.022
-0.015
-0.006
0.005
0.015
0.021
0.026
0.03
0.034
0.038
0.041
0.046
0.05
0.054
0.058
0.06
0.061
0.061
0.062
0.063
0.064
0.065
0.066
0.067
0.069
0.07
0.072
0.073
0.074
0.074
0.073
0.07
0.066
0.061
0.055
0.049
0.036
0.007
-0.012
-0.025
-0.038
-0.051
-0.059
-0.065
-0.071
-0.075
-0.079
-0.082
-0.085
-0.087
-0.09
-0.094
-0.101
-0.105
-0.105
-0.1
-0.094
-0.089
-0.085
-0.081
-0.077
-0.075
-0.075
-0.076
-0.08
-0.084
-0.091
-0.101
-0.101
-0.087
-0.076
-0.066
-0.059
-0.059
-0.062
-0.066
-0.068
-0.071
-0.073
-0.075
-0.071
-0.063
-0.052
-0.043
-0.031
-0.021
-0.021
-0.032
-0.045
-0.055
-0.065
-0.073
-0.08
-0.083
-0.085
-0.087
-0.09
-0.091
-0.093
-0.095
-0.097
-0.097
-0.094
-0.088
-0.08
-0.068
-0.052
-0.041
-0.03
-0.02
-0.021
-0.041
-0.054
-0.066
-0.075
-0.078
-0.075
-0.067
-0.058
-0.045
-0.028
-0.018
-0.013
-0.008
-0.005
-0.001
0.001
0.004
0.008
0.012
0.015
0.017
0.019
0.019
0.02
0.02
0.021
0.021
0.021
0.022
0.023
0.025
0.026
0.026
0.026
0.026
0.026
0.027
0.027
0.027
0.027
0.028
0.029
0.03
0.032
0.034
0.035
0.036
0.039
0.042
0.045
0.048
0.051
0.053
0.056
0.06
0.065
0.07
0.076
0.08
0.084
0.088
0.092
0.096
0.099
0.103
0.106
0.111
0.116
0.12
0.123
0.125
0.123
0.119
0.113
0.106
0.098
0.088
0.074
0.062
0.053
0.047
0.037
0.025
0.019
0.016
0.015
0.014
0.013
0.012
0.011
0.01
0.008
0.006
0.004
0.002
0.001
0.0
-0.002
-0.006
-0.013
-0.026
-0.027
-0.017
0.009
0.081
0.195
0.355
0.553
0.775
0.992
1.16
1.22
1.208
1.089
0.885
0.66
0.45
0.275
0.167
0.12
0.101
0.083
0.059
0.031
0.016
0.007
0.001
-0.006
-0.013
-0.019
-0.023
-0.026
-0.029
-0.032
-0.035
-0.036
-0.035
-0.034
-0.033
-0.033
-0.032
-0.03
-0.028
-0.026
-0.024
-0.024
-0.023
-0.021
-0.019
-0.016
-0.014
-0.012
-0.01
-0.008
-0.006
-0.003
-0.001
0.0
0.001
0.004
0.009
0.015
0.022
0.029
0.036
0.044
0.051
0.058
0.064
0.07
0.076
0.081
0.085
0.088
0.092
0.095
0.098
0.1
0.101
0.103
0.106
0.108
0.11
0.111
0.111
0.111
0.11
0.109
0.107
0.105
0.103
0.1
0.097
0.094
0.091
0.085
0.079
0.07
0.059
0.04
0.025
0.017
0.012
0.007
0.002
-0.002
-0.005
-0.008
-0.011
-0.013
-0.016
-0.019
-0.023
-0.027
-0.031
-0.035
-0.038
-0.041
-0.044
-0.047
-0.05
-0.052
-0.053
-0.054
-0.053
-0.054
-0.055
-0.056
-0.057
-0.058
-0.058
-0.058
-0.058
-0.058
-0.058
-0.058
-0.058
-0.057
-0.056
-0.053
-0.05
-0.046
-0.043
-0.039
-0.036
-0.034
-0.031
-0.028
-0.026
-0.024
-0.023
-0.021
-0.02
-0.019
-0.018
-0.017
-0.016
-0.014
-0.013
-0.011
-0.01
-0.009
-0.008
-0.008
-0.007
-0.006
-0.005
-0.005
-0.004
-0.004
-0.003
-0.001
0.001
0.004
0.012
0.028
0.031
0.035
0.039
0.028
0.023
0.022
0.021
0.02
0.02
0.019
0.019
0.018
0.017
0.015
0.015
0.014
0.014
0.014
0.013
0.012
0.011
0.011
0.01
0.01
0.01
0.009
0.008
0.007
0.007
0.007
0.006
0.006
0.005
0.004
0.003
0.003
0.003
0.004
0.003
0.003
0.003
0.004
0.006
0.007
0.008
0.008
0.009
0.009
0.011
0.012
0.013
0.014
0.015
0.015
0.015
0.017
0.019
0.022
0.023
0.024
0.025
0.026
0.027
0.029
0.031
0.032
0.033
0.033
0.035
0.037
0.04
0.042
0.042
0.039
0.035
0.03
0.024
0.017
0.01
0.001
-0.008
-0.017
-0.025
-0.031
-0.036
-0.04
-0.045
-0.05
-0.054
-0.057
-0.059
-0.061
-0.061
-0.062
-0.062
-0.061
-0.06
-0.059
-0.057
-0.055
-0.053
-0.051
-0.037
0.014
0.103
0.231
0.399
0.605
0.828
1.036
1.188
1.241
1.175
1.005
0.781
0.553
0.359
0.214
0.123
0.081
0.065
0.052
0.02
-0.028
-0.062
-0.082
-0.091
-0.098
-0.103
-0.105
-0.106
-0.104
-0.1
-0.095
-0.089
-0.084
-0.079
-0.076
-0.072
-0.069
-0.066
-0.063
-0.061
-0.059
-0.057
-0.054
-0.052
-0.05
-0.049
-0.048
-0.047
-0.047
-0.046
-0.046
-0.047
-0.047
-0.046
-0.045
-0.042
-0.04
-0.037
-0.034
-0.03
-0.021
-0.01
0.002
0.015
0.027
0.037
0.047
0.054
0.059
0.063
0.067
0.069
0.072
0.074
0.077
0.079
0.08
0.081
0.082
0.082
0.08
0.077
0.073
0.069
0.065
0.061
0.057
0.051
0.046
0.041
0.039
0.038
0.037
0.036
0.035
0.033
0.031
0.03
0.028
0.025
0.02
0.014
0.007
-0.002
-0.016
-0.028
-0.033
-0.035
-0.038
-0.041
-0.043
-0.045
-0.046
-0.048
-0.049
-0.05
-0.051
-0.052
-0.052
-0.052
-0.051
-0.05
-0.049
-0.049
-0.049
-0.049
-0.049
-0.05
-0.053
-0.053
-0.047
-0.044
-0.041
-0.039
-0.038
-0.037
-0.037
-0.038
-0.039
-0.041
-0.043
-0.045
-0.047
-0.049
-0.051
-0.053
-0.054
-0.055
-0.055
-0.055
-0.054
-0.053
-0.051
-0.048
-0.046
-0.043
-0.041
-0.039
-0.036
-0.034
-0.031
-0.029
-0.027
-0.025
-0.024
-0.023
-0.021
-0.017
-0.007
0.004
0.008
0.012
0.014
0.011
0.003
-0.003
-0.01
-0.015
-0.016
-0.011
-0.004
0.0
0.005
0.01
0.013
0.011
0.007
0.001
-0.003
-0.01
-0.016
-0.018
-0.015
-0.01
-0.006
0.0
0.001
-0.002
-0.008
-0.011
-0.012
-0.013
-0.014
-0.015
-0.016
-0.018
-0.019
-0.02
-0.022
-0.022
-0.023
-0.022
-0.022
-0.021
-0.02
-0.019
-0.018
-0.016
-0.015
-0.014
-0.012
-0.011
-0.009
-0.007
-0.005
-0.002
0.001
0.01
0.018
0.024
0.029
0.035
0.039
0.044
0.048
0.052
0.058
0.065
0.064
0.053
0.036
0.012
0.0
-0.004
-0.007
-0.01
-0.013
-0.016
-0.019
-0.021
-0.022
-0.024
-0.026
-0.029
-0.033
-0.043
-0.057
-0.061
-0.064
-0.065
-0.067
-0.069
-0.071
-0.074
-0.077
-0.082
-0.087
-0.073
-0.034
0.021
0.105
0.225
0.382
0.57
0.776
0.979
1.144
1.206
1.193
1.061
0.809
0.512
0.238
0.043
-0.021
-0.043
-0.035
-0.024
-0.016
-0.032
-0.059
-0.079
-0.085
-0.088
-0.091
-0.092
-0.092
-0.093
-0.094
-0.095
-0.096
-0.095
-0.094
-0.093
-0.09
-0.088
-0.086
-0.084
-0.081
-0.077
-0.072
-0.066
-0.059
-0.054
-0.049
-0.044
-0.039
-0.034
-0.03
-0.026
-0.021
-0.016
-0.01
-0.004
0.001
0.007
0.014
0.023
0.032
0.04
0.049
0.056
0.064
0.073
0.078
0.083
0.086
0.089
0.092
0.095
0.099
0.103
0.106
0.11
0.113
0.117
0.121
0.125
0.129
0.132
0.133
0.132
0.129
0.126
0.122
0.118
0.114
0.109
0.103
0.097
0.092
0.087
0.081
0.073
0.064
0.055
0.046
0.039
0.032
0.025
0.018
0.011
0.005
0.001
-0.002
-0.006
-0.01
-0.013
-0.016
-0.018
-0.02
-0.023
-0.029
-0.034
-0.038
-0.04
-0.042
-0.043
-0.045
-0.047
-0.049
-0.05
-0.049
-0.045
-0.041
-0.037
-0.033
-0.03
-0.025
-0.019
-0.014
-0.01
-0.008
-0.005
0.0
0.007
0.008
0.002
0.0
-0.002
-0.005
-0.007
-0.008
-0.009
-0.009
-0.01
-0.012
-0.013
-0.014
-0.014
-0.012
-0.011
-0.01
-0.01
-0.01
-0.01
-0.009
-0.008
-0.006
-0.006
-0.006
-0.007
-0.006
-0.005
-0.003
-0.002
-0.001
-0.001
-0.001
0.0
0.001
0.002
0.002
0.0
-0.003
-0.007
-0.009
-0.01
-0.011
-0.012
-0.014
-0.015
-0.016
-0.017
-0.017
-0.018
-0.019
-0.021
-0.023
-0.025
-0.026
-0.026
-0.026
-0.026
-0.027
-0.027
-0.028
-0.028
-0.029
-0.032
-0.036
-0.04
-0.044
-0.045
-0.042
-0.037
-0.031
-0.027
-0.023
-0.02
-0.016
-0.012
-0.009
-0.006
-0.003
0.0
0.003
0.008
0.012
0.014
0.012
0.006
0.001
-0.004
-0.012
-0.016
-0.011
-0.002
0.003
0.006
0.009
0.012
0.014
0.016
0.019
0.022
0.024
0.026
0.028
0.032
0.039
0.038
0.025
0.014
0.005
-0.003
-0.011
-0.018
-0.023
-0.027
-0.031
-0.036
-0.041
-0.046
-0.051
-0.057
-0.066
-0.08
-0.081
-0.067
-0.055
-0.045
-0.037
-0.033
-0.03
-0.025
-0.02
-0.031
-0.051
-0.065
-0.074
-0.071
-0.036
0.031
0.141
0.294
0.488
0.702
0.903
1.052
1.116
1.073
0.924
0.708
0.483
0.287
0.147
0.064
0.025
0.002
-0.016
-0.029
-0.043
-0.053
-0.06
-0.067
-0.074
-0.079
-0.083
-0.087
-0.091
-0.093
-0.095
-0.096
-0.098
-0.099
-0.1
-0.101
-0.103
-0.103
-0.104
-0.106
-0.108
-0.11
-0.107
-0.102
-0.095
-0.088
-0.08
-0.069
-0.057
-0.046
-0.035
-0.026
-0.021
-0.018
-0.016
-0.013
-0.01
-0.008
-0.007
-0.008
-0.01
-0.014
-0.018
-0.023
-0.031
-0.031
-0.016
-0.003
0.01
0.021
0.03
0.042
0.056
0.072
0.083
0.09
0.096
0.1
0.103
0.105
0.107
0.111
0.115
0.118
0.118
0.113
0.107
0.103
0.1
0.098
0.096
0.094
0.091
0.087
0.084
0.08
0.075
0.069
0.063
0.054
0.042
0.03
0.022
0.015
0.006
-0.002
-0.01
-0.019
-0.026
-0.031
-0.035
-0.038
-0.041
-0.043
-0.045
-0.045
-0.045
-0.045
-0.045
-0.045
-0.044
-0.043
-0.04
-0.038
-0.036
-0.035
-0.034
-0.034
-0.032
-0.031
-0.029
-0.028
-0.029
-0.03
-0.03
-0.031
-0.032
-0.033
-0.034
-0.036
-0.038
-0.039
-0.04
-0.04
-0.04
-0.04
-0.039
-0.038
-0.036
-0.033
-0.029
-0.026
-0.024
-0.022
-0.021
-0.019
-0.018
-0.017
-0.016
-0.016
-0.016
-0.016
-0.015
-0.014
-0.013
-0.013
-0.013
-0.015
-0.016
-0.016
-0.017
-0.018
-0.018
-0.019
-0.02
-0.02
-0.02
-0.021
-0.021
-0.021
-0.021
-0.02
-0.019
-0.018
-0.018
-0.018
-0.018
-0.018
-0.018
-0.017
-0.017
-0.016
-0.016
-0.015
-0.013
-0.012
-0.01
-0.009
-0.007
-0.005
-0.004
-0.002
-0.001
0.0
0.001
0.002
0.004
0.005
0.007
0.009
0.012
0.015
0.018
0.02
0.021
0.022
0.022
0.023
0.023
0.023
0.023
0.023
0.024
0.026
0.029
0.033
0.036
0.039
0.041
0.044
0.047
0.05
0.053
0.056
0.059
0.063
0.068
0.074
0.079
0.083
0.085
0.083
0.078
0.071
0.064
0.058
0.053
0.049
0.045
0.042
0.039
0.036
0.033
0.031
0.029
0.026
0.023
0.021
0.019
0.018
0.017
0.017
0.016
0.015
0.013
0.011
0.009
0.005
-0.004
-0.01
-0.006
0.002
0.027
0.08
0.165
0.286
0.442
0.628
0.835
1.043
1.207
1.26
1.244
1.116
0.901
0.669
0.465
0.305
0.198
0.135
0.096
0.05
0.024
0.014
0.006
0.006
0.011
0.021
0.017
-0.01
-0.035
-0.048
-0.054
-0.058
-0.061
-0.062
-0.063
-0.063
-0.061
-0.057
-0.053
-0.049
-0.046
-0.043
-0.04
-0.036
-0.033
-0.03
-0.028
-0.027
-0.025
-0.024
-0.022
-0.021
-0.019
-0.018
-0.016
-0.014
-0.012
-0.01
-0.008
-0.006
-0.004
-0.002
0.0
0.004
0.008
0.013
0.02
0.026
0.033
0.039
0.044
0.05
0.056
0.065
0.077
0.084
0.086
0.087
0.087
0.087
0.087
0.088
0.088
0.088
0.088
0.088
0.089
0.088
0.088
0.086
0.084
0.081
0.078
0.074
0.07
0.066
0.062
0.057
0.051
0.045
0.038
0.028
0.009
-0.015
-0.027
-0.034
-0.038
-0.041
-0.042
-0.04
-0.036
-0.031
-0.026
-0.019
-0.014
-0.015
-0.024
-0.034
-0.039
-0.043
-0.048
-0.052
-0.056
-0.06
-0.063
-0.066
-0.068
-0.07
-0.07
-0.069
-0.067
-0.065
-0.062
-0.059
-0.057
-0.054
-0.052
-0.049
-0.046
-0.042
-0.033
-0.025
-0.025
-0.03
-0.038
-0.043
-0.049
-0.054
-0.056
-0.056
-0.051
-0.045
-0.04
-0.037
-0.035
-0.032
-0.031
-0.029
-0.028
-0.028
-0.027
-0.026
-0.024
-0.023
-0.022
-0.021
-0.021
-0.02
-0.019
-0.019
-0.019
-0.019
-0.019
-0.019
-0.018
-0.018
-0.017
-0.016
-0.015
-0.014
-0.012
-0.01
-0.009
-0.007
-0.006
-0.005
-0.004
-0.003
-0.002
-0.002
-0.002
-0.002
-0.002
-0.001
0.0
0.0
0.0
0.0
0.002
0.003
0.005
0.006
0.008
0.009
0.01
0.012
0.014
0.015
0.017
0.018
0.022
0.026
0.031
0.034
0.035
0.035
0.033
0.03
0.027
0.025
0.023
0.019
0.014
0.01
0.008
0.008
0.01
0.015
0.022
0.03
0.04
0.059
0.074
0.09
0.104
0.113
0.118
0.122
0.125
0.124
0.12
0.113
0.108
0.102
0.097
0.092
0.086
0.081
0.076
0.07
0.062
0.054
0.045
0.036
0.031
0.025
0.019
0.015
0.012
0.011
0.013
0.016
0.019
0.023
0.028
0.037
0.037
0.023
0.008
-0.007
-0.012
-0.02
-0.015
0.025
0.115
0.26
0.461
0.702
0.951
1.168
1.317
1.367
1.299
1.125
0.881
0.622
0.391
0.233
0.171
0.148
0.137
0.112
0.069
0.022
-0.014
-0.028
-0.033
-0.029
-0.022
-0.015
-0.009
-0.004
-0.004
-0.013
-0.025
-0.034
-0.043
-0.051
-0.055
-0.055
-0.052
-0.047
-0.043
-0.041
-0.039
-0.037
-0.034
-0.032
-0.03
-0.028
-0.024
-0.021
-0.019
-0.018
-0.018
-0.018
-0.017
-0.017
-0.017
-0.016
-0.016
-0.014
-0.011
-0.007
-0.002
0.001
0.004
0.007
0.011
0.016
0.023
0.03
0.033
0.036
0.038
0.041
0.044
0.048
0.05
0.052
0.053
0.054
0.057
0.059
0.062
0.063
0.065
0.067
0.071
0.074
0.076
0.075
0.071
0.065
0.058
0.05
0.038
0.028
0.02
0.013
0.007
0.001
-0.004
-0.012
-0.02
-0.028
-0.035
-0.044
-0.052
-0.063
-0.072
-0.077
-0.08
-0.083
-0.086
-0.089
-0.091
-0.092
-0.093
-0.094
-0.095
-0.096
-0.097
-0.097
-0.098
-0.098
-0.098
-0.098
-0.099
-0.099
-0.098
-0.098
-0.097
-0.097
-0.096
-0.096
-0.096
-0.097
-0.097
-0.098
-0.1
-0.101
-0.102
-0.104
-0.106
-0.108
-0.11
-0.113
-0.123
-0.128
-0.122
-0.11
-0.099
-0.088
-0.08
-0.075
-0.071
-0.07
-0.069
-0.068
-0.067
-0.066
-0.065
-0.065
-0.065
-0.065
-0.064
-0.063
-0.063
-0.062
-0.062
-0.062
-0.062
-0.063
-0.063
-0.064
-0.065
-0.065
-0.065
-0.065
-0.065
-0.064
-0.063
-0.061
-0.059
-0.058
-0.057
-0.056
-0.056
-0.055
-0.053
-0.051
-0.049
-0.046
-0.041
-0.038
-0.039
-0.042
-0.045
-0.048
-0.05
-0.05
-0.045
-0.038
-0.027
-0.006
0.006
0.014
0.019
0.022
0.02
0.013
0.004
-0.002
-0.011
-0.018
-0.022
-0.018
-0.009
0.001
0.011
0.025
0.035
0.038
0.041
0.043
0.044
0.045
0.047
0.05
0.054
0.059
0.064
0.069
0.075
0.08
0.087
0.094
0.102
0.11
0.117
0.125
0.133
0.138
0.138
0.135
0.129
0.12
0.105
0.084
0.074
0.069
0.064
0.06
0.058
0.059
0.062
0.066
0.07
0.073
0.076
0.079
0.082
0.085
0.086
0.083
0.078
0.072
0.064
0.056
0.042
0.035
0.038
0.047
0.076
0.145
0.256
0.417
0.62
0.848
1.068
1.234
1.288
1.275
1.147
0.916
0.64
0.382
0.185
0.06
0.022
0.025
0.048
0.062
0.061
0.047
0.027
-0.001
-0.017
-0.024
-0.03
-0.035
-0.038
-0.04
-0.041
-0.042
-0.041
-0.038
-0.035
-0.031
-0.026
-0.021
-0.016
-0.011
-0.005
0.0
0.004
0.009
0.013
0.016
0.018
0.02
0.021
0.022
0.023
0.024
0.024
0.024
0.023
0.024
0.024
0.025
0.027
0.028
0.03
0.033
0.036
0.04
0.044
0.048
0.052
0.056
0.061
0.067
0.073
0.078
0.083
0.086
0.088
0.089
0.09
0.091
0.09
0.09
0.09
0.09
0.091
0.092
0.092
0.093
0.092
0.092
0.092
0.089
0.085
0.08
0.074
0.067
0.057
0.038
0.021
0.008
-0.001
-0.01
-0.02
-0.028
-0.037
-0.045
-0.053
-0.057
-0.058
-0.059
-0.059
-0.06
-0.061
-0.061
-0.062
-0.062
-0.062
-0.062
-0.063
-0.064
-0.064
-0.064
-0.063
-0.062
-0.061
-0.061
-0.06
-0.058
-0.056
-0.055
-0.053
-0.051
-0.049
-0.047
-0.044
-0.042
-0.04
-0.038
-0.036
-0.033
-0.028
-0.024
-0.021
-0.021
-0.023
-0.027
-0.032
-0.037
-0.042
-0.049
-0.057
-0.06
-0.058
-0.051
-0.043
-0.038
-0.032
-0.027
-0.023
-0.022
-0.023
-0.024
-0.025
-0.027
-0.027
-0.028
-0.029
-0.03
-0.032
-0.034
-0.036
-0.038
-0.04
-0.041
-0.04
-0.039
-0.037
-0.035
-0.033
-0.032
-0.031
-0.03
-0.03
-0.03
-0.031
-0.032
-0.033
-0.035
-0.036
-0.036
-0.036
-0.036
-0.036
-0.036
-0.037
-0.037
-0.036
-0.036
-0.036
-0.036
-0.037
-0.038
-0.039
-0.039
-0.039
-0.039
-0.039
-0.039
-0.039
-0.039
-0.039
-0.041
-0.044
-0.047
-0.05
-0.054
-0.058
-0.064
-0.07
-0.074
-0.07
-0.062
-0.053
-0.046
-0.038
-0.031
-0.023
-0.015
-0.007
0.0
0.01
0.02
0.032
0.043
0.054
0.069
0.085
0.089
0.093
0.097
0.083
0.067
0.055
0.039
0.018
0.01
0.005
0.0
-0.003
-0.007
-0.01
-0.012
-0.013
-0.014
-0.015
-0.016
-0.018
-0.02
-0.02
-0.02
-0.021
-0.023
-0.024
-0.025
-0.026
-0.027
-0.028
-0.03
-0.032
-0.037
-0.047
-0.051
-0.047
-0.038
-0.012
0.057
0.163
0.305
0.479
0.679
0.875
1.024
1.067
1.053
0.939
0.757
0.548
0.351
0.193
0.082
0.016
-0.013
-0.032
-0.046
-0.061
-0.071
-0.079
-0.084
-0.086
-0.083
-0.077
-0.071
-0.068
-0.066
-0.064
-0.063
-0.063
-0.062
-0.061
-0.061
-0.06
-0.059
-0.059
-0.058
-0.058
-0.058
-0.058
-0.058
-0.057
-0.057
-0.056
-0.055
-0.054
-0.053
-0.051
-0.048
-0.045
-0.042
-0.038
-0.028
-0.017
-0.002
0.004
0.008
0.01
0.012
0.013
0.014
0.016
0.018
0.021
0.024
0.027
0.03
0.034
0.037
0.04
0.043
0.046
0.049
0.056
0.07
0.083
0.091
0.097
0.104
0.111
0.116
0.109
0.096
0.089
0.082
0.076
0.07
0.065
0.061
0.058
0.056
0.053
0.048
0.037
0.013
-0.004
-0.014
-0.02
-0.021
-0.02
-0.018
-0.014
-0.009
-0.009
-0.023
-0.038
-0.055
-0.066
-0.073
-0.079
-0.084
-0.086
-0.085
-0.083
-0.08
-0.076
-0.071
-0.067
-0.067
-0.072
-0.077
-0.082
-0.085
-0.089
-0.091
-0.09
-0.087
-0.082
-0.077
-0.074
-0.071
-0.068
-0.065
-0.063
-0.061
-0.059
-0.058
-0.057
-0.057
-0.058
-0.06
-0.062
-0.064
-0.065
-0.066
-0.067
-0.068
-0.07
-0.072
-0.073
-0.072
-0.072
-0.072
-0.072
-0.072
-0.071
-0.07
-0.069
-0.067
-0.065
-0.064
-0.062
-0.061
-0.06
-0.059
-0.058
-0.058
-0.058
-0.058
-0.059
-0.06
-0.062
-0.063
-0.065
-0.068
-0.071
-0.075
-0.079
-0.086
-0.093
-0.093
-0.089
-0.083
-0.08
-0.075
-0.071
-0.066
-0.064
-0.064
-0.064
-0.065
-0.066
-0.067
-0.07
-0.071
-0.065
-0.057
-0.054
-0.052
-0.05
-0.048
-0.047
-0.046
-0.046
-0.045
-0.045
-0.044
-0.043
-0.043
-0.044
-0.044
-0.044
-0.044
-0.044
-0.044
-0.044
-0.044
-0.044
-0.043
-0.041
-0.039
-0.036
-0.033
-0.03
-0.025
-0.017
-0.007
0.003
0.015
0.023
0.031
0.037
0.042
0.046
0.046
0.044
0.039
0.034
0.028
0.023
0.019
0.014
0.009
0.003
-0.001
-0.007
-0.012
-0.017
-0.02
-0.023
-0.027
-0.03
-0.034
-0.037
-0.039
-0.041
-0.044
-0.045
-0.047
-0.048
-0.05
-0.051
-0.052
-0.054
-0.057
-0.063
-0.061
-0.048
-0.012
0.064
0.176
0.321
0.495
0.689
0.889
1.066
1.171
1.182
1.133
0.987
0.8
0.612
0.453
0.339
0.26
0.19
0.125
0.061
0.004
-0.049
-0.065
-0.073
-0.067
-0.052
-0.048
-0.045
-0.042
-0.04
-0.038
-0.035
-0.032
-0.029
-0.025
-0.022
-0.02
-0.019
-0.019
-0.017
-0.016
-0.014
-0.012
-0.01
-0.007
-0.003
0.0
0.004
0.008
0.012
0.014
0.017
0.02
0.023
0.025
0.027
0.028
0.029
0.032
0.036
0.04
0.044
0.047
0.05
0.052
0.056
0.06
0.064
0.068
0.076
0.092
0.107
0.121
0.133
0.139
0.142
0.143
0.145
0.147
0.15
0.152
0.153
0.155
0.157
0.159
0.162
0.165
0.168
0.171
0.173
0.173
0.169
0.163
0.156
0.151
0.143
0.135
0.128
0.121
0.113
0.104
0.093
0.083
0.073
0.061
0.05
0.05
0.05
0.05
0.049
0.048
0.048
0.048
0.047
0.045
0.041
0.036
0.031
0.027
0.025
0.022
0.018
0.013
0.009
0.008
0.009
0.011
0.013
0.015
0.017
0.02
0.024
0.03
0.035
0.041
0.046
0.052
0.058
0.065
0.072
0.077
0.078
0.078
0.079
0.08
0.082
0.084
0.084
0.078
0.072
0.067
0.063
0.059
0.056
0.054
0.055
0.059
0.065
0.071
0.076
0.081
0.086
0.091
0.096
0.101
0.105
0.108
0.111
0.115
0.119
0.123
0.128
0.133
0.136
0.136
0.132
0.126
0.119
0.109
0.094
0.084
0.076
0.068
0.065
0.07
0.081
0.093
0.107
0.119
0.126
0.132
0.137
0.14
0.14
0.134
0.126
0.117
0.112
0.107
0.102
0.097
0.092
0.088
0.085
0.083
0.081
0.08
0.079
0.078
0.077
0.076
0.073
0.072
0.073
0.083
0.093
0.098
0.102
0.106
0.11
0.114
0.117
0.12
0.122
0.125
0.127
0.128
0.128
0.127
0.126
0.124
0.122
0.12
0.117
0.113
0.109
0.106
0.1
0.086
0.073
0.067
0.062
0.058
0.055
0.053
0.05
0.046
0.042
0.038
0.035
0.032
0.028
0.024
0.02
0.014
0.008
0.002
-0.003
-0.008
-0.012
-0.016
-0.021
-0.025
-0.027
-0.028
-0.027
-0.025
-0.023
-0.019
-0.012
0.01
0.087
0.212
0.387
0.606
0.846
1.07
1.235
1.297
1.233
1.052
0.801
0.541
0.329
0.191
0.142
0.127
0.112
0.099
0.056
-0.008
-0.068
-0.103
-0.11
-0.116
-0.121
-0.125
-0.127
-0.129
-0.131
-0.132
-0.132
-0.132
-0.131
-0.129
-0.126
-0.123
-0.12
-0.117
-0.112
-0.108
-0.101
-0.088
-0.083
-0.081
-0.08
-0.079
-0.078
-0.076
-0.075
-0.074
-0.073
