0.093
0.093
0.093
0.093
0.093
0.092
0.09
0.087
0.084
0.08
0.076
0.07
0.052
0.036
0.026
0.018
0.01
0.006
0.003
0.001
0.0
-0.002
-0.004
-0.006
-0.009
-0.012
-0.013
-0.015
-0.017
-0.019
-0.022
-0.026
-0.036
-0.056
-0.068
-0.076
-0.079
-0.075
-0.065
-0.035
0.028
0.13
0.273
0.457
0.662
0.853
0.969
0.976
0.895
0.676
0.413
0.184
0.034
-0.017
-0.033
-0.042
-0.048
-0.052
-0.055
-0.06
-0.062
-0.065
-0.07
-0.077
-0.087
-0.095
-0.106
-0.114
-0.114
-0.107
-0.096
-0.088
-0.082
-0.077
-0.072
-0.068
-0.064
-0.061
-0.058
-0.054
-0.048
-0.037
-0.025
-0.012
-0.001
0.007
0.012
0.018
0.021
0.021
0.017
0.012
0.008
0.003
0.0
-0.001
0.0
0.003
0.008
0.014
0.025
0.038
0.045
0.049
0.053
0.056
0.059
0.063
0.066
0.069
0.072
0.075
0.079
0.086
0.099
0.112
0.123
0.134
0.139
0.135
0.127
0.119
0.109
0.102
0.098
0.095
0.093
0.091
0.088
0.083
0.078
0.07
0.061
0.047
0.026
0.012
-0.006
-0.025
-0.03
-0.032
-0.033
-0.035
-0.037
-0.039
-0.04
-0.041
-0.042
-0.042
-0.043
-0.043
-0.042
-0.042
-0.042
-0.043
-0.044
-0.044
-0.045
-0.045
-0.045
-0.045
-0.045
-0.044
-0.043
-0.042
-0.04
-0.039
-0.039
-0.038
-0.037
-0.035
-0.034
-0.034
-0.033
-0.032
-0.028
-0.023
-0.019
-0.018
-0.02
-0.023
-0.027
-0.03
-0.034
-0.037
-0.04
-0.04
-0.037
-0.032
-0.027
-0.024
-0.022
-0.02
-0.018
-0.017
-0.016
-0.014
-0.012
-0.011
-0.01
-0.009
-0.008
-0.006
-0.005
-0.004
-0.004
-0.005
-0.007
-0.007
-0.007
-0.006
-0.004
-0.002
0.0
0.001
0.005
0.01
0.017
0.026
0.035
0.042
0.049
0.056
0.061
0.064
0.064
0.06
0.055
0.048
0.04
0.029
0.009
-0.005
-0.013
-0.018
-0.023
-0.026
-0.028
-0.029
-0.029
-0.029
-0.028
-0.026
-0.024
-0.022
-0.021
-0.019
-0.017
-0.015
-0.013
-0.01
-0.008
-0.005
-0.003
-0.002
0.0
0.0
0.002
0.013
0.058
0.132
0.243
0.388
0.559
0.735
0.875
0.94
0.897
0.753
0.539
0.307
0.105
-0.035
-0.091
-0.111
-0.111
-0.095
-0.083
-0.071
-0.064
-0.063
-0.065
-0.068
-0.07
-0.071
-0.071
-0.072
-0.072
-0.072
-0.072
-0.072
-0.071
-0.07
-0.068
-0.065
-0.061
-0.056
-0.049
-0.037
-0.027
-0.024
-0.022
-0.02
-0.019
-0.018
-0.017
-0.015
-0.014
-0.011
-0.009
-0.007
-0.005
-0.004
-0.002
0.0
0.002
0.005
0.007
0.01
0.013
0.017
0.021
0.025
0.029
0.033
0.037
0.042
0.046
0.052
0.061
0.08
0.098
0.119
0.137
0.144
0.147
0.151
0.153
0.152
0.145
0.135
0.125
0.116
0.106
0.098
0.089
0.08
0.07
0.061
0.052
0.043
0.034
0.026
0.019
0.014
0.011
0.008
0.003
-0.004
-0.02
-0.031
-0.039
-0.044
-0.048
-0.05
-0.052
-0.053
-0.054
-0.055
-0.056
-0.058
-0.06
-0.061
-0.061
-0.058
-0.055
-0.051
-0.047
-0.042
-0.038
-0.038
-0.042
-0.047
-0.051
-0.055
-0.059
-0.061
-0.061
-0.058
-0.053
-0.047
-0.041
-0.034
-0.029
-0.027
-0.024
-0.021
-0.018
-0.016
-0.015
-0.017
-0.021
-0.025
-0.028
-0.033
-0.037
-0.04
-0.038
-0.032
-0.026
-0.023
-0.021
-0.019
-0.018
-0.016
-0.015
-0.013
-0.012
-0.011
-0.011
-0.01
-0.01
-0.009
-0.009
-0.009
-0.009
-0.009
-0.008
-0.007
-0.006
-0.003
-0.001
0.0
0.002
0.006
0.017
0.031
0.04
0.048
0.053
0.056
0.054
0.049
0.041
0.03
0.014
0.001
-0.006
-0.01
-0.014
-0.017
-0.021
-0.024
-0.027
-0.03
-0.032
-0.034
-0.037
-0.042
-0.046
-0.047
-0.045
-0.04
-0.032
-0.019
-0.005
-0.001
0.001
0.003
0.0
-0.006
-0.017
-0.034
-0.048
-0.057
-0.047
-0.02
0.051
0.16
0.304
0.482
0.679
0.859
0.96
0.962
0.873
0.665
0.41
0.172
0.003
-0.053
-0.072
-0.062
-0.054
-0.049
-0.045
-0.043
-0.043
-0.045
-0.049
-0.053
-0.058
-0.064
-0.067
-0.063
-0.053
-0.042
-0.029
-0.02
-0.015
-0.01
-0.007
-0.008
-0.016
-0.026
-0.033
-0.04
-0.047
-0.052
-0.054
-0.053
-0.05
-0.045
-0.041
-0.037
-0.033
-0.029
-0.025
-0.02
-0.017
-0.014
-0.01
-0.006
0.0
0.009
0.015
0.019
0.022
0.024
0.027
0.031
0.037
0.044
0.051
0.06
0.069
0.077
0.086
0.097
0.107
0.112
0.115
0.118
0.121
0.124
0.125
0.124
0.123
0.121
0.118
0.115
0.111
0.105
0.096
0.087
0.078
0.064
0.043
0.025
0.014
0.003
-0.007
-0.014
-0.02
-0.025
-0.029
-0.032
-0.035
-0.036
-0.036
-0.036
-0.037
-0.038
-0.038
-0.039
-0.039
-0.04
-0.04
-0.04
-0.04
-0.039
-0.039
-0.038
-0.036
-0.034
-0.033
-0.031
-0.029
-0.027
-0.026
-0.024
-0.022
-0.02
-0.018
-0.016
-0.015
-0.013
-0.012
-0.009
-0.007
-0.006
-0.004
-0.004
-0.004
-0.004
-0.005
-0.007
-0.009
-0.012
-0.015
-0.017
-0.019
-0.021
-0.023
-0.025
-0.026
-0.026
-0.024
-0.022
-0.02
-0.018
-0.017
-0.016
-0.015
-0.014
-0.013
-0.011
-0.01
-0.008
-0.007
-0.005
-0.003
-0.002
-0.001
-0.001
-0.001
0.0
0.0
0.0
0.001
0.003
0.005
0.007
0.009
0.012
0.013
0.014
0.014
0.013
0.012
0.01
0.009
0.006
0.005
0.009
0.012
0.014
0.017
0.018
0.016
0.012
0.007
0.001
-0.006
-0.014
-0.018
-0.021
-0.025
-0.027
-0.029
-0.029
-0.029
-0.029
-0.029
-0.029
-0.029
-0.027
-0.025
-0.023
-0.021
-0.019
-0.017
-0.014
-0.01
-0.005
-0.001
0.002
0.01
0.038
0.102
0.208
0.356
0.534
0.718
0.878
0.954
0.951
0.856
0.654
0.413
0.195
0.044
-0.014
-0.034
-0.029
-0.02
-0.022
-0.056
-0.084
-0.093
-0.096
-0.091
-0.081
-0.069
-0.054
-0.045
-0.04
-0.037
-0.034
-0.032
-0.031
-0.03
-0.033
-0.037
-0.042
-0.047
-0.051
-0.055
-0.06
-0.064
-0.067
-0.066
-0.064
-0.06
-0.055
-0.049
-0.041
-0.026
-0.013
-0.005
0.0
0.002
0.005
0.008
0.012
0.017
0.022
0.027
0.032
0.037
0.044
0.055
0.064
0.068
0.069
0.07
0.071
0.072
0.074
0.078
0.082
0.089
0.11
0.148
0.165
0.174
0.18
0.183
0.177
0.165
0.148
0.126
0.092
0.057
0.036
0.027
0.023
0.02
0.017
0.015
0.014
0.012
0.011
0.01
0.008
0.006
0.005
0.004
0.003
0.003
0.002
0.0
0.0
-0.005
-0.015
-0.025
-0.032
-0.039
-0.044
-0.044
-0.04
-0.034
-0.023
-0.009
-0.002
0.002
0.006
0.007
0.006
0.002
-0.002
-0.012
-0.027
-0.036
-0.04
-0.043
-0.046
-0.048
-0.049
-0.05
-0.052
-0.055
-0.043
-0.027
-0.014
-0.006
0.0
0.007
0.011
0.014
0.017
0.022
0.024
0.02
0.012
0.007
0.004
0.001
-0.001
-0.002
-0.004
-0.004
-0.004
-0.003
-0.001
0.0
0.001
0.002
0.004
0.007
0.01
0.012
0.01
0.007
0.002
-0.001
-0.005
-0.009
-0.014
-0.018
-0.02
-0.019
-0.016
-0.011
-0.006
0.0
0.005
0.012
0.019
0.026
0.03
0.033
0.036
0.038
0.04
0.042
0.043
0.043
0.042
0.041
0.04
0.039
0.037
0.036
0.033
0.03
0.023
0.009
0.002
0.0
-0.003
-0.005
-0.007
-0.009
-0.012
-0.015
-0.018
-0.021
-0.025
-0.03
-0.037
-0.042
-0.043
-0.043
-0.044
-0.044
-0.045
-0.045
-0.043
-0.039
-0.023
0.009
0.079
0.202
0.376
0.59
0.817
1.01
1.096
1.089
0.965
0.727
0.46
0.228
0.07
0.017
0.0
-0.01
-0.017
-0.041
-0.086
-0.116
-0.126
-0.117
-0.087
-0.047
-0.031
-0.023
-0.017
-0.018
-0.03
-0.046
-0.066
-0.075
-0.08
-0.083
-0.086
-0.088
-0.088
-0.088
-0.086
-0.083
-0.079
-0.075
-0.069
-0.06
-0.05
-0.038
-0.031
-0.026
-0.022
-0.018
-0.015
-0.012
-0.01
-0.008
-0.007
-0.004
-0.001
0.003
0.012
0.024
0.034
0.041
0.048
0.056
0.065
0.084
0.098
0.102
0.105
0.105
0.1
0.097
0.095
0.092
0.091
0.092
0.096
0.104
0.112
0.119
0.13
0.139
0.14
0.135
0.126
0.111
0.091
0.077
0.066
0.056
0.046
0.035
0.019
0.008
0.0
-0.005
-0.01
-0.015
-0.019
-0.023
-0.026
-0.03
-0.034
-0.037
-0.038
-0.038
-0.035
-0.031
-0.027
-0.023
-0.018
-0.012
-0.005
-0.001
-0.003
-0.009
-0.017
-0.032
-0.057
-0.07
-0.078
-0.085
-0.089
-0.089
-0.087
-0.083
-0.08
-0.077
-0.073
-0.069
-0.065
-0.063
-0.063
-0.063
-0.065
-0.067
-0.069
-0.072
-0.069
-0.053
-0.045
-0.04
-0.036
-0.032
-0.027
-0.024
-0.021
-0.02
-0.019
-0.018
-0.018
-0.018
-0.018
-0.018
-0.019
-0.018
-0.016
-0.014
-0.019
-0.027
-0.033
-0.038
-0.043
-0.046
-0.048
-0.048
-0.046
-0.043
-0.039
-0.035
-0.031
-0.027
-0.023
-0.019
-0.015
-0.011
-0.008
-0.004
0.0
0.004
0.007
0.01
0.013
0.016
0.02
0.024
0.028
0.029
0.028
0.025
0.02
0.015
0.01
0.006
0.001
-0.004
-0.009
-0.014
-0.018
-0.022
-0.025
-0.029
-0.033
-0.037
-0.041
-0.044
-0.048
-0.051
-0.055
-0.058
-0.061
-0.064
-0.066
-0.068
-0.071
-0.074
-0.078
-0.085
-0.088
-0.082
-0.071
-0.039
0.016
0.098
0.216
0.377
0.581
0.804
1.006
1.108
1.106
0.995
0.764
0.493
0.245
0.063
-0.002
-0.022
-0.034
-0.044
-0.051
-0.058
-0.068
-0.08
-0.087
-0.092
-0.094
-0.096
-0.097
-0.097
-0.098
-0.099
-0.1
-0.099
-0.097
-0.094
-0.091
-0.087
-0.083
-0.079
-0.076
-0.073
-0.07
-0.067
-0.064
-0.061
-0.059
-0.056
-0.054
-0.052
-0.05
-0.048
-0.045
-0.042
-0.037
-0.028
-0.018
-0.006
0.0
0.002
0.006
0.009
0.012
0.016
0.019
0.022
0.025
0.028
0.031
0.035
0.039
0.044
0.053
0.071
0.085
0.099
0.113
0.124
0.134
0.143
0.142
0.128
0.119
0.113
0.107
0.102
0.097
0.093
0.09
0.086
0.079
0.068
0.055
0.038
0.015
0.004
0.0
-0.003
-0.006
-0.009
-0.012
-0.015
-0.018
-0.02
-0.023
-0.025
-0.026
-0.027
-0.028
-0.028
-0.029
-0.029
-0.03
-0.031
-0.033
-0.036
-0.039
-0.041
-0.043
-0.045
-0.046
-0.047
-0.047
-0.046
-0.045
-0.045
-0.045
-0.047
-0.052
-0.056
-0.056
-0.047
-0.037
-0.032
-0.029
-0.026
-0.022
-0.017
-0.014
-0.01
-0.007
-0.005
-0.003
-0.002
0.0
0.0
0.001
0.002
0.007
0.011
0.012
0.008
0.003
0.002
0.001
0.0
0.0
0.0
-0.002
-0.004
-0.006
-0.008
-0.01
-0.011
-0.011
-0.011
-0.011
-0.011
-0.01
-0.008
-0.006
-0.004
-0.001
0.0
0.002
0.004
0.006
0.01
0.014
0.019
0.024
0.032
0.042
0.05
0.056
0.061
0.065
0.069
0.073
0.076
0.079
0.081
0.082
0.081
0.079
0.075
0.069
0.062
0.052
0.036
0.024
0.015
0.01
0.004
-0.001
-0.01
-0.017
-0.021
-0.024
-0.028
-0.031
-0.034
-0.036
-0.038
-0.04
-0.042
-0.044
-0.046
-0.047
-0.047
-0.048
-0.049
-0.051
-0.055
-0.063
-0.053
-0.022
0.041
0.146
0.303
0.504
0.735
0.963
1.135
1.196
1.116
0.913
0.642
0.37
0.149
0.007
-0.034
-0.045
-0.053
-0.059
-0.063
-0.066
-0.068
-0.071
-0.072
-0.074
-0.075
-0.076
-0.076
-0.077
-0.078
-0.08
-0.082
-0.082
-0.083
-0.083
-0.083
-0.083
-0.082
-0.081
-0.078
-0.075
-0.071
-0.067
-0.064
-0.061
-0.057
-0.053
-0.048
-0.043
-0.038
-0.031
-0.024
-0.017
-0.009
-0.002
0.004
0.009
0.013
0.017
0.021
0.025
0.029
0.034
0.039
0.045
0.05
0.055
0.06
0.064
0.068
0.072
0.077
0.083
0.088
0.093
0.098
0.104
0.112
0.119
0.123
0.125
0.126
0.127
0.129
0.132
0.134
0.133
0.126
0.115
0.102
0.085
0.071
0.057
0.043
0.033
0.021
0.0
-0.012
-0.017
-0.02
-0.024
-0.026
-0.029
-0.031
-0.034
-0.036
-0.038
-0.039
-0.041
-0.044
-0.047
-0.051
-0.059
-0.064
-0.059
-0.05
-0.045
-0.042
-0.039
-0.037
-0.035
-0.034
-0.032
-0.029
-0.026
-0.024
-0.022
-0.02
-0.018
-0.016
-0.013
-0.006
-0.001
