-0.458
-0.556
-0.66
-0.762
-0.842
-0.873
-0.871
-0.859
-0.854
-0.851
-0.848
-0.844
-0.841
-0.839
-0.836
-0.827
-0.829
-0.85
-0.862
-0.848
-0.827
-0.812
-0.824
-0.838
-0.849
-0.847
-0.823
-0.757
-0.625
-0.484
-0.35
-0.228
-0.124
-0.042
0.01
0.013
-0.026
-0.108
-0.219
-0.357
-0.481
-0.574
-0.618
-0.629
-0.636
-0.642
-0.648
-0.653
-0.657
-0.66
-0.665
-0.677
-0.704
-0.736
-0.753
-0.757
-0.76
-0.763
-0.764
-0.759
-0.751
-0.737
-0.713
-0.689
-0.662
-0.638
-0.619
-0.597
-0.567
-0.528
-0.487
-0.45
-0.425
-0.405
-0.386
-0.361
-0.329
-0.301
-0.28
-0.264
-0.244
-0.214
-0.178
-0.146
-0.115
-0.085
-0.062
-0.044
-0.027
-0.003
0.024
0.053
0.08
0.105
0.134
0.153
0.164
0.172
0.175
0.171
0.163
0.153
0.139
0.119
0.105
0.087
0.058
0.023
-0.014
-0.056
-0.091
-0.138
-0.181
-0.226
-0.276
-0.306
-0.339
-0.365
-0.387
-0.413
-0.439
-0.458
-0.476
-0.491
-0.503
-0.518
-0.534
-0.543
-0.55
-0.557
-0.562
-0.566
-0.568
-0.568
-0.567
-0.563
-0.559
-0.555
-0.549
-0.543
-0.535
-0.526
-0.517
-0.508
-0.497
-0.482
-0.461
-0.444
-0.434
-0.429
-0.424
-0.421
-0.417
-0.412
-0.407
-0.402
-0.399
-0.395
-0.391
-0.387
-0.384
-0.38
-0.375
-0.37
-0.364
-0.359
-0.353
-0.345
-0.336
-0.316
-0.275
-0.251
-0.238
-0.228
-0.222
-0.22
-0.219
-0.22
-0.221
-0.224
-0.228
-0.235
-0.234
-0.219
-0.196
-0.175
-0.169
-0.165
-0.163
-0.161
-0.16
-0.161
-0.164
-0.169
-0.175
-0.184
-0.198
-0.198
-0.18
-0.152
-0.115
-0.084
-0.064
-0.062
-0.06
-0.058
-0.055
-0.057
-0.062
-0.068
-0.074
-0.077
-0.072
-0.058
-0.037
-0.016
-0.009
-0.006
-0.003
0.0
0.003
0.008
0.012
0.018
0.031
0.053
0.074
0.1
0.118
0.126
0.132
0.138
0.143
0.148
0.152
0.156
0.162
0.177
0.207
0.268
0.355
0.47
0.609
0.758
0.894
0.997
1.06
1.082
1.064
1.012
0.917
0.793
0.653
0.515
0.398
0.314
0.263
0.233
0.214
0.203
0.194
0.185
0.177
0.17
0.162
0.155
0.151
0.149
0.147
0.145
0.141
0.14
0.146
0.158
0.169
0.181
0.194
0.209
0.219
0.227
0.233
0.239
0.245
0.25
0.254
0.259
0.265
0.276
0.294
0.313
0.333
0.352
0.371
0.387
0.401
0.414
0.427
0.439
0.451
0.464
0.479
0.504
0.536
0.557
0.571
0.578
0.581
0.585
0.59
0.588
0.575
0.554
0.527
0.498
0.474
0.453
0.428
0.405
0.387
0.372
0.358
0.343
0.328
0.308
0.283
0.256
0.226
0.194
0.164
0.136
0.107
0.075
0.048
0.026
0.002
-0.022
-0.05
-0.07
-0.081
-0.089
-0.097
-0.103
-0.108
-0.112
-0.116
-0.12
-0.125
-0.13
-0.137
-0.144
-0.154
-0.168
-0.181
-0.193
-0.205
-0.218
-0.231
-0.244
-0.253
-0.26
-0.266
-0.27
-0.273
-0.274
-0.276
-0.277
-0.278
-0.281
-0.284
-0.282
-0.264
-0.244
-0.225
-0.213
-0.199
-0.174
-0.152
-0.14
-0.131
-0.123
-0.117
-0.105
-0.083
-0.056
-0.027
-0.004
0.009
0.023
0.037
0.047
0.055
0.062
0.068
0.075
0.082
0.089
0.094
0.099
0.104
0.108
0.112
0.116
0.118
0.121
0.124
0.129
0.137
0.15
0.164
0.182
0.206
0.232
0.257
0.281
0.307
0.329
0.346
0.363
0.374
0.383
0.39
0.395
0.398
0.4
0.404
0.408
0.406
0.392
0.379
0.369
0.355
0.339
0.329
0.322
0.316
0.31
0.304
0.3
0.297
0.294
0.292
0.289
0.285
0.278
0.266
0.263
0.26
0.257
0.279
0.343
0.427
0.533
0.649
0.763
0.861
0.93
0.954
0.939
0.893
0.796
0.682
0.56
0.44
0.332
0.255
0.214
0.202
0.194
0.189
0.187
0.184
0.182
0.18
0.178
0.176
0.173
0.17
0.167
0.163
0.158
0.15
0.143
0.136
0.13
0.124
0.117
0.113
0.113
0.117
0.123
0.129
0.134
0.137
0.138
0.14
0.141
0.142
0.143
0.144
0.147
0.151
0.155
0.159
0.161
0.162
0.164
0.166
0.171
0.176
0.183
0.204
0.236
0.248
0.255
0.261
0.269
0.279
0.289
0.3
0.31
0.321
0.334
0.349
0.365
0.383
0.392
0.388
0.378
0.362
0.339
0.301
0.259
0.213
0.167
0.136
0.101
0.069
0.024
-0.026
-0.055
-0.075
-0.088
-0.102
-0.117
-0.143
-0.171
-0.185
-0.191
-0.197
-0.206
-0.218
-0.229
-0.24
-0.25
-0.26
-0.268
-0.275
-0.281
-0.285
-0.289
-0.293
-0.298
-0.302
-0.306
-0.31
-0.313
-0.316
-0.32
-0.324
-0.328
-0.331
-0.335
-0.339
-0.345
-0.351
-0.358
-0.364
-0.371
-0.38
-0.398
-0.432
-0.467
-0.501
-0.534
-0.558
-0.566
-0.572
-0.577
-0.581
-0.581
-0.576
-0.568
-0.56
-0.552
-0.544
-0.535
-0.524
-0.512
-0.5
-0.494
-0.489
-0.485
-0.482
-0.479
-0.477
-0.475
-0.473
-0.472
-0.471
-0.47
-0.47
-0.47
-0.471
-0.471
-0.471
-0.472
-0.472
-0.471
-0.47
-0.47
-0.469
-0.468
-0.468
-0.468
-0.467
-0.466
-0.465
-0.463
-0.46
-0.457
-0.454
-0.451
-0.451
-0.454
-0.459
-0.465
-0.471
-0.477
-0.482
-0.488
-0.493
-0.499
-0.504
-0.508
-0.512
-0.514
-0.518
-0.522
-0.529
-0.543
-0.555
-0.566
-0.577
-0.577
-0.565
-0.536
-0.477
-0.386
-0.263
-0.095
0.099
0.309
0.495
0.607
0.616
0.545
0.354
0.119
-0.101
-0.27
-0.341
-0.365
-0.351
-0.312
-0.263
-0.228
-0.205
-0.193
-0.186
-0.18
-0.175
-0.17
-0.167
-0.164
-0.16
-0.153
-0.142
-0.126
-0.113
-0.105
-0.096
-0.088
-0.08
-0.071
-0.063
-0.054
-0.044
-0.033
-0.019
-0.001
0.015
0.028
0.04
0.051
0.062
0.072
0.083
0.093
0.103
0.117
0.14
0.165
0.193
0.218
0.237
0.256
0.281
0.312
0.343
0.374
0.397
0.411
0.425
0.439
0.455
0.473
0.489
0.499
0.506
0.512
0.515
0.515
0.51
0.502
0.489
0.468
0.431
0.393
0.355
0.317
0.277
0.238
0.203
0.174
0.144
0.121
0.104
0.09
0.083
0.077
0.073
0.07
0.069
0.071
0.075
0.081
0.086
0.09
0.093
0.096
0.098
0.101
0.104
0.107
0.11
0.113
0.116
0.12
0.124
0.127
0.13
0.133
0.137
0.141
0.146
0.152
0.158
0.162
0.163
0.162
0.159
0.154
0.149
0.143
0.136
0.128
0.118
0.11
0.103
0.097
0.085
0.075
0.061
0.052
0.047
0.043
0.039
0.037
0.038
0.043
0.049
0.054
0.058
0.064
0.066
0.058
0.042
0.028
0.015
0.007
0.005
0.003
0.002
0.0
-0.002
-0.005
-0.007
-0.009
-0.012
-0.014
-0.015
-0.014
-0.016
-0.02
-0.022
-0.022
-0.017
-0.011
-0.004
0.001
0.009
0.017
0.024
0.03
0.031
0.028
0.021
0.013
0.005
-0.003
-0.017
-0.03
-0.043
-0.056
-0.071
-0.084
-0.096
-0.108
-0.12
-0.133
-0.148
-0.156
-0.162
-0.167
-0.17
-0.174
-0.178
-0.182
-0.183
-0.18
-0.171
-0.162
-0.129
-0.076
0.003
0.123
0.28
0.469
0.666
0.802
0.867
0.818
0.68
0.481
0.26
0.061
-0.061
-0.108
-0.125
-0.14
-0.153
-0.175
-0.19
-0.199
-0.203
-0.182
-0.168
-0.164
-0.16
-0.156
-0.151
-0.145
-0.14
-0.135
-0.131
-0.13
-0.129
-0.127
-0.123
-0.119
-0.114
-0.11
-0.105
-0.099
-0.093
-0.088
-0.085
-0.083
-0.079
-0.072
-0.061
-0.05
-0.038
-0.027
-0.016
-0.006
0.003
0.012
0.023
0.039
0.053
0.071
0.098
0.119
0.13
0.139
0.151
0.162
0.171
0.178
0.186
0.194
0.201
0.206
0.21
0.216
0.221
0.222
0.216
0.206
0.193
0.171
0.146
0.114
0.076
0.036
-0.001
-0.037
-0.071
-0.105
-0.137
-0.157
-0.17
-0.181
-0.19
-0.199
-0.206
-0.212
-0.22
-0.23
-0.243
-0.257
-0.267
-0.279
-0.289
-0.296
-0.299
-0.296
-0.289
-0.278
-0.268
-0.258
-0.252
-0.246
-0.24
-0.235
-0.229
-0.222
-0.217
-0.214
-0.213
-0.214
-0.215
-0.216
-0.216
-0.215
-0.212
-0.208
-0.205
-0.202
-0.199
-0.197
-0.196
-0.196
-0.196
-0.196
-0.195
-0.196
-0.195
-0.194
-0.192
-0.191
-0.189
-0.188
-0.188
-0.187
-0.186
-0.184
-0.181
-0.177
-0.173
-0.168
-0.164
-0.159
-0.155
-0.15
-0.145
-0.14
-0.135
-0.13
-0.125
-0.12
-0.113
-0.106
-0.097
-0.084
-0.072
-0.065
-0.059
-0.054
-0.049
-0.044
-0.039
-0.035
-0.033
-0.033
-0.036
-0.042
-0.05
-0.058
-0.067
-0.076
-0.086
-0.095
-0.103
-0.11
-0.115
-0.12
-0.122
-0.125
-0.128
-0.132
-0.136
-0.141
-0.145
-0.147
-0.148
-0.147
-0.146
-0.143
-0.138
-0.131
-0.123
-0.111
-0.099
-0.046
0.048
0.183
0.354
0.544
0.721
0.852
0.873
0.847
0.692
0.47
0.237
0.048
-0.049
-0.081
-0.056
-0.036
-0.026
-0.017
-0.009
-0.002
0.004
0.01
0.016
0.02
0.024
0.026
0.026
0.026
0.026
0.027
0.028
0.03
0.031
0.032
0.033
0.035
0.037
0.039
0.042
0.044
0.047
0.05
0.054
0.06
0.071
0.083
0.095
0.108
0.12
0.133
0.148
0.161
0.171
0.179
0.191
0.208
0.228
0.248
0.268
0.289
0.309
0.33
0.356
0.376
0.393
0.402
0.404
0.406
0.408
0.41
0.411
0.412
0.412
0.408
0.401
0.39
0.372
0.34
0.31
0.278
0.243
0.209
0.175
0.143
0.112
0.08
0.048
0.013
-0.017
-0.039
-0.065
-0.075
-0.08
-0.085
-0.09
-0.094
-0.097
-0.101
-0.104
-0.106
-0.108
-0.109
-0.109
-0.108
-0.107
-0.106
-0.104
-0.102
-0.1
-0.097
-0.094
-0.091
-0.087
-0.084
-0.081
-0.079
-0.076
-0.074
-0.072
-0.07
-0.067
-0.064
-0.06
-0.056
-0.052
-0.048
-0.045
-0.043
-0.042
-0.04
-0.038
-0.036
-0.034
-0.031
-0.027
-0.022
-0.017
-0.012
-0.007
-0.002
0.001
0.004
0.006
0.007
0.009
0.011
0.013
0.016
0.019
0.022
0.026
0.031
0.035
0.039
0.043
0.046
0.049
0.053
0.057
0.062
0.07
0.078
0.087
0.095
0.103
0.109
0.115
0.12
0.125
0.129
0.133
0.135
0.134
0.132
0.127
0.121
0.115
0.109
0.104
0.099
0.094
0.089
0.085
0.083
0.081
0.08
0.081
0.082
0.084
0.087
0.09
0.094
0.097
0.101
0.105
0.11
0.116
0.12
0.125
0.132
0.14
0.175
0.251
0.363
0.512
0.686
0.862
1.013
1.084
1.081
0.986
0.801
0.585
0.369
0.198
0.116
0.088
0.107
0.124
0.136
0.144
0.143
0.136
0.126
0.121
0.117
0.114
0.112
0.11
0.107
0.105
0.103
0.103
0.104
0.106
0.109
0.113
0.117
0.12
0.124
0.128
0.132
0.136
0.141
0.146
0.15
0.154
0.159
0.162
0.165
0.169
0.172
0.177
0.184
0.197
0.212
0.228
0.247
0.268
0.285
0.298
0.307
0.315
0.321
0.327
0.333
0.34
0.348
0.356
0.367
0.381
0.392
0.404
0.414
0.418
0.415
0.406
0.394
0.374
0.34
0.305
0.27
0.237
0.201
0.163
0.126
0.088
0.054
0.03
0.012
-0.006
-0.031
-0.066
-0.09
-0.103
-0.113
-0.12
-0.125
-0.13
-0.138
-0.149
-0.164
-0.171
-0.175
-0.179
-0.181
-0.183
-0.186
-0.189
-0.193
-0.197
-0.201
-0.205
-0.21
-0.215
-0.224
-0.24
-0.25
-0.257
-0.261
-0.265
-0.269
-0.272
-0.276
-0.281
-0.286
-0.291
-0.296
-0.301
-0.305
-0.308
-0.313
-0.316
-0.32
-0.323
-0.325
-0.327
-0.327
-0.325
-0.323
-0.319
-0.314
-0.308
-0.301
-0.293
-0.278
-0.265
-0.253
-0.241
-0.228
-0.218
-0.211
-0.208
-0.206
-0.204
-0.202
-0.2
-0.199
-0.198
-0.197
-0.196
-0.196
-0.195
-0.195
-0.194
-0.193
-0.192
-0.191
-0.191
-0.191
-0.192
-0.193
-0.194
-0.195
-0.196
-0.199
-0.201
-0.204
-0.207
-0.209
-0.211
-0.217
-0.233
-0.25
-0.26
-0.267
-0.273
-0.278
-0.283
-0.288
-0.293
-0.297
-0.3
-0.304
-0.308
-0.312
-0.315
-0.317
-0.318
-0.319
-0.32
-0.32
-0.318
-0.315
-0.308
-0.301
-0.276
-0.215
-0.117
0.019
0.191
0.383
0.564
0.7
0.74
0.727
0.618
0.439
0.228
0.03
-0.131
-0.237
-0.265
-0.276
-0.275
-0.259
-0.242
-0.222
-0.207
-0.2
-0.196
-0.193
-0.191
-0.188
-0.185
-0.182
-0.179
-0.176
-0.173
-0.17
-0.167
-0.162
-0.156
-0.145
-0.124
-0.107
-0.089
-0.071
-0.052
-0.041
-0.034
-0.029
-0.025
-0.02
-0.014
-0.009
-0.004
0.001
0.011
0.026
0.038
0.047
0.063
0.088
0.115
0.142
0.164
0.18
0.202
0.231
0.266
0.289
0.301
0.312
0.323
0.333
0.341
0.35
0.357
0.361
0.363
0.362
0.358
0.352
0.344
0.329
0.301
0.27
0.237
0.199
0.167
0.141
0.115
0.089
0.06
0.029
0.001
-0.016
-0.026
-0.035
-0.047
-0.058
-0.063
-0.068
-0.072
-0.075
-0.078
-0.081
-0.082
-0.083
-0.084
-0.084
-0.083
-0.082
-0.08
-0.077
-0.075
-0.071
-0.068
-0.064
-0.06
-0.056
-0.051
-0.045
-0.038
-0.03
-0.023
-0.018
-0.013
-0.008
-0.004
0.0
0.005
0.009
0.011
0.014
0.016
0.018
0.02
0.021
0.021
0.021
0.02
0.02
0.019
0.018
0.018
0.018
0.017
0.017
0.018
0.018
0.018
0.018
0.018
0.018
0.018
0.018
0.017
0.016
0.014
0.013
0.013
0.014
0.015
0.016
0.018
0.019
0.021
0.024
0.027
0.03
0.032
0.034
0.039
0.054
0.068
0.08
0.092
0.098
0.102
0.106
0.112
0.112
0.103
0.098
0.095
0.093
0.091
0.089
0.086
0.083
0.079
0.075
0.072
0.067
0.062
0.053
0.036
0.017
0.005
-0.002
-0.009
-0.014
-0.017
-0.018
-0.018
-0.017
-0.015
-0.013
-0.01
-0.006
-0.004
-0.006
-0.01
-0.016
-0.02
-0.004
0.04
0.115
0.223
0.358
0.513
0.672
0.809
0.902
0.916
0.888
0.762
0.589
0.398
0.239
0.136
0.092
0.078
0.065
0.053
0.032
0.005
-0.008
-0.017
-0.023
-0.025
-0.023
-0.019
-0.014
-0.012
-0.01
-0.008
-0.005
-0.002
0.0
0.003
0.007
0.01
0.013
0.017
0.02
0.025
0.034
0.043
0.052
0.064
0.078
0.091
0.1
0.105
0.11
0.113
0.116
0.12
0.123
0.127
0.131
0.137
0.151
0.177
0.204
0.232
0.256
0.274
0.292
0.307
0.319
0.331
0.343
0.35
0.356
0.361
0.365
0.368
0.367
0.365
0.361
0.355
0.347
0.331
0.304
0.282
0.258
0.231
0.205
0.161
0.119
0.076
0.032
0.005
-0.022
-0.052
-0.077
-0.096
-0.111
-0.122
-0.131
-0.14
-0.148
-0.156
-0.159
-0.161
-0.164
-0.167
-0.17
-0.172
-0.174
-0.176
-0.177
-0.177
-0.177
-0.176
-0.175
-0.172
-0.17
-0.167
-0.165
-0.162
-0.16
-0.159
-0.157
-0.156
-0.155
-0.154
-0.152
-0.15
-0.147
-0.144
-0.141
-0.139
-0.136
-0.134
-0.132
-0.129
-0.126
-0.123
-0.118
-0.116
-0.114
-0.111
-0.106
-0.102
-0.098
-0.094
-0.091
-0.088
-0.084
-0.081
-0.078
-0.075
-0.073
-0.071
-0.07
-0.068
-0.067
-0.066
-0.065
-0.065
-0.065
-0.065
-0.064
-0.063
-0.062
-0.061
-0.06
-0.059
-0.058
-0.056
-0.054
-0.052
-0.05
-0.048
-0.046
-0.043
-0.039
-0.031
-0.012
-0.002
0.001
0.004
0.006
0.008
0.011
0.013
0.016
0.019
0.021
0.023
0.026
0.029
0.032
0.034
0.037
0.04
0.043
0.047
0.05
0.054
0.057
0.058
0.057
0.055
0.052
0.048
0.043
0.037
0.029
0.016
0.005
-0.002
-0.006
-0.01
-0.014
-0.017
-0.02
-0.022
-0.024
-0.026
-0.027
-0.028
-0.03
-0.032
-0.034
-0.037
-0.043
-0.041
-0.023
0.024
0.096
0.204
0.351
0.535
0.735
0.913
1.011
1.015
0.937
0.745
0.504
0.267
0.093
0.016
-0.008
-0.019
-0.023
-0.026
-0.031
-0.038
-0.037
-0.026
-0.02
-0.017
-0.015
-0.012
-0.01
-0.008
-0.006
-0.004
-0.001
0.001
0.003
0.006
0.007
0.009
0.011
0.013
0.017
0.024
0.033
0.041
0.05
0.057
0.064
0.07
0.075
0.081
0.087
0.094
0.101
0.109
0.119
0.135
0.149
0.162
0.182
0.212
0.234
0.249
0.26
0.27
0.284
0.309
0.33
0.343
0.355
0.365
0.376
0.388
0.393
0.394
0.396
0.398
0.399
0.393
0.38
0.358
0.332
0.294
0.245
0.214
0.179
0.149
0.123
0.098
0.074
0.048
0.02
-0.006
-0.026
-0.043
-0.061
-0.086
-0.116
-0.127
-0.13
-0.133
-0.136
-0.139
-0.141
-0.142
-0.144
-0.145
-0.146
-0.146
-0.146
-0.146
-0.146
-0.145
-0.145
-0.145
-0.145
-0.145
-0.145
-0.144
-0.143
-0.143
-0.142
-0.14
-0.139
-0.138
-0.137
-0.137
-0.136
-0.136
-0.135
-0.134
-0.133
-0.132
-0.131
-0.13
-0.129
-0.127
-0.126
-0.125
-0.124
-0.123
-0.119
-0.114
-0.11
-0.11
-0.113
-0.117
-0.121
-0.124
-0.128
-0.132
-0.136
-0.139
-0.14
-0.14
-0.139
-0.137
-0.136
-0.135
-0.133
-0.131
-0.128
-0.125
-0.122
-0.119
-0.116
-0.113
-0.111
-0.109
-0.108
-0.107
-0.106
-0.105
-0.103
-0.1
-0.097
-0.094
-0.091
-0.089
-0.086
-0.085
-0.084
-0.083
-0.081
-0.079
-0.077
-0.074
-0.066
-0.042
-0.019
-0.006
0.001
0.005
0.008
0.009
0.01
0.011
0.012
0.013
0.013
0.014
0.015
0.015
0.014
0.013
0.012
0.009
0.005
0.0
-0.004
-0.009
-0.015
-0.022
-0.039
-0.054
-0.062
-0.069
-0.074
-0.079
-0.081
-0.082
-0.081
-0.079
-0.077
-0.075
-0.072
-0.07
-0.067
-0.062
-0.057
-0.05
-0.025
0.029
0.117
0.239
0.385
0.536
0.671
0.777
0.815
0.809
0.734
0.595
0.407
0.208
0.028
-0.095
-0.138
-0.137
-0.089
-0.05
-0.036
-0.037
-0.049
-0.056
-0.06
-0.065
-0.067
-0.069
-0.068
-0.066
-0.063
-0.058
-0.052
-0.046
-0.037
-0.02
-0.012
-0.007
-0.004
-0.002
-0.001
0.0
0.001
0.002
0.005
0.008
0.013
0.019
0.028
0.045
0.078
0.099
0.11
0.119
0.128
0.137
0.147
0.158
0.17
0.183
0.198
0.216
0.237
0.265
0.3
0.335
0.367
0.397
0.428
0.454
0.474
0.489
0.501
0.512
0.517
0.51
0.493
0.468
0.431
0.392
0.355
0.319
0.281
0.241
0.203
0.166
0.137
0.119
0.105
0.087
0.064
0.037
0.01
-0.015
-0.035
-0.051
-0.078
-0.096
-0.108
-0.118
-0.125
-0.129
-0.132
-0.134
-0.135
-0.136
-0.137
-0.137
-0.138
-0.139
-0.14
-0.14
-0.14
-0.14
-0.141
-0.141
-0.142
-0.142
-0.142
-0.143
-0.143
-0.143
-0.142
-0.141
-0.139
-0.137
-0.135
-0.134
-0.133
-0.132
-0.132
-0.132
-0.131
-0.13
-0.129
-0.127
-0.122
-0.117
-0.114
-0.115
-0.117
-0.119
-0.121
-0.125
-0.129
-0.132
-0.133
-0.132
-0.129
-0.125
-0.124
-0.122
-0.121
-0.12
-0.118
-0.116
-0.114
-0.112
-0.111
-0.111
-0.11
-0.11
-0.109
-0.108
-0.106
-0.104
-0.102
-0.1
-0.098
-0.096
-0.094
-0.092
-0.091
-0.09
-0.089
-0.089
-0.088
-0.086
-0.083
-0.081
-0.078
-0.076
-0.073
-0.07
-0.066
-0.063
-0.059
-0.057
-0.054
-0.051
-0.047
-0.043
-0.038
-0.034
-0.029
-0.025
-0.02
-0.015
-0.01
-0.007
-0.004
-0.002
0.0
0.002
0.005
0.009
0.012
0.015
0.017
0.019
0.019
0.018
0.016
0.012
0.008
0.002
-0.002
-0.007
-0.013
-0.019
-0.025
-0.03
-0.037
-0.044
-0.052
-0.058
-0.065
-0.07
-0.074
-0.077
-0.08
-0.081
-0.081
-0.08
-0.076
-0.072
-0.065
-0.056
-0.022
0.072
0.212
0.39
0.584
0.758
0.882
0.914
0.902
0.803
0.646
0.456
0.257
0.087
-0.028
-0.068
-0.069
-0.032
0.015
0.032
0.031
0.013
-0.012
