-0.162
-0.196
-0.232
-0.256
-0.272
-0.283
-0.284
-0.279
-0.269
-0.257
-0.242
-0.229
-0.213
-0.186
-0.151
-0.115
-0.076
-0.045
-0.005
0.037
0.084
0.135
0.169
0.21
0.244
0.29
0.334
0.391
0.457
0.526
0.593
0.658
0.723
0.788
0.849
0.902
0.95
0.968
0.975
0.98
0.982
0.977
0.964
0.952
0.939
0.928
0.918
0.911
0.905
0.899
0.892
0.885
0.877
0.866
0.843
0.811
0.791
0.775
0.754
0.738
0.725
0.715
0.707
0.7
0.692
0.68
0.664
0.651
0.64
0.629
0.617
0.603
0.587
0.571
0.556
0.545
0.532
0.517
0.5
0.48
0.462
0.443
0.425
0.405
0.386
0.366
0.348
0.325
0.296
0.269
0.24
0.217
0.203
0.191
0.179
0.165
0.148
0.13
0.115
0.102
0.09
0.08
0.063
0.039
0.013
-0.011
-0.035
-0.06
-0.085
-0.11
-0.136
-0.167
-0.192
-0.208
-0.214
-0.208
-0.189
-0.138
-0.059
0.027
0.109
0.18
0.24
0.278
0.293
0.293
0.277
0.232
0.165
0.085
0.007
-0.06
-0.12
-0.175
-0.209
-0.246
-0.285
-0.325
-0.359
-0.377
-0.388
-0.395
-0.395
-0.387
-0.377
-0.365
-0.352
-0.345
-0.34
-0.334
-0.327
-0.327
-0.341
-0.361
-0.39
-0.422
-0.439
-0.444
-0.447
-0.449
-0.451
-0.452
-0.449
-0.445
-0.439
-0.432
-0.421
-0.42
-0.433
-0.452
-0.477
-0.505
-0.522
-0.528
-0.532
-0.534
-0.529
-0.518
-0.504
-0.487
-0.473
-0.462
-0.454
-0.448
-0.447
-0.45
-0.454
-0.458
-0.463
-0.466
-0.459
-0.446
-0.435
-0.423
-0.414
-0.405
-0.398
-0.39
-0.384
-0.384
-0.396
-0.409
-0.416
-0.421
-0.424
-0.428
-0.433
-0.438
-0.443
-0.449
-0.455
-0.46
-0.465
-0.469
-0.473
-0.476
-0.479
-0.482
-0.486
-0.489
-0.493
-0.497
-0.501
-0.505
-0.508
-0.509
-0.509
-0.508
-0.506
-0.504
-0.501
-0.498
-0.494
-0.49
-0.486
-0.482
-0.477
-0.471
-0.463
-0.455
-0.447
-0.438
-0.428
-0.413
-0.391
-0.373
-0.359
-0.349
-0.338
-0.327
-0.314
-0.299
-0.279
-0.26
-0.245
-0.231
-0.223
-0.219
-0.216
-0.213
-0.21
-0.208
-0.207
-0.208
-0.21
-0.213
-0.217
-0.221
-0.229
-0.229
-0.212
-0.167
-0.095
-0.004
0.092
0.187
0.276
0.356
0.421
0.441
0.45
0.444
0.398
0.326
0.243
0.168
0.1
0.037
-0.018
-0.067
-0.1
-0.136
-0.166
-0.18
-0.188
-0.193
-0.198
-0.201
-0.203
-0.205
-0.209
-0.215
-0.214
-0.202
-0.193
-0.186
-0.18
-0.176
-0.174
-0.172
-0.167
-0.161
-0.173
-0.185
-0.192
-0.197
-0.197
-0.189
-0.179
-0.173
-0.167
-0.162
-0.158
-0.158
-0.161
-0.168
-0.177
-0.187
-0.202
-0.211
-0.215
-0.221
-0.226
-0.212
-0.192
-0.167
-0.146
-0.13
-0.115
-0.1
-0.087
-0.085
-0.084
-0.084
-0.084
-0.084
-0.085
-0.088
-0.094
-0.1
-0.105
-0.11
-0.116
-0.119
-0.117
-0.111
-0.101
-0.089
-0.072
-0.052
-0.043
-0.037
-0.033
-0.029
-0.025
-0.022
-0.02
-0.019
-0.016
-0.013
-0.01
-0.008
-0.007
-0.006
-0.005
-0.003
0.0
0.003
0.007
0.011
0.015
0.02
0.025
0.029
0.032
0.035
0.036
0.038
0.038
0.039
0.04
0.04
0.042
0.043
0.045
0.047
0.048
0.049
0.048
0.046
0.043
0.04
0.036
0.031
0.026
0.019
0.011
0.004
0.003
0.007
0.014
0.033
0.109
0.205
0.304
0.397
0.481
0.554
0.615
0.652
0.665
0.648
0.593
0.508
0.428
0.365
0.31
0.262
0.213
0.18
0.142
0.111
0.087
0.063
0.039
0.016
0.004
-0.001
-0.006
-0.009
-0.01
-0.01
-0.009
-0.007
-0.004
0.0
0.006
0.005
-0.011
-0.037
-0.06
-0.069
-0.076
-0.079
-0.073
-0.06
-0.048
-0.035
-0.024
-0.015
-0.002
0.009
-0.007
-0.029
-0.047
-0.054
-0.058
-0.061
-0.065
-0.066
-0.063
-0.053
-0.042
-0.034
-0.026
-0.017
-0.01
-0.004
0.0
0.005
0.011
0.019
0.033
0.048
0.063
0.077
0.092
0.115
0.137
0.147
0.152
0.156
0.16
0.164
0.169
0.175
0.181
0.186
0.189
0.192
0.195
0.197
0.2
0.203
0.207
0.211
0.213
0.214
0.212
0.21
0.207
0.203
0.199
0.195
0.191
0.188
0.185
0.182
0.178
0.173
0.168
0.164
0.163
0.163
0.164
0.165
0.166
0.17
0.176
0.176
0.165
0.159
0.155
0.15
0.147
0.144
0.143
0.144
0.146
0.148
0.151
0.155
0.162
0.167
0.161
0.144
0.119
0.087
0.066
0.052
0.052
0.064
0.099
0.179
0.292
0.43
0.575
0.702
0.783
0.81
0.8
0.767
0.681
0.568
0.45
0.345
0.261
0.219
0.206
0.197
0.189
0.18
0.15
0.103
0.051
0.017
-0.006
-0.02
-0.03
-0.039
-0.048
-0.055
-0.063
-0.069
-0.071
-0.069
-0.061
-0.051
-0.038
-0.02
-0.008
-0.002
0.003
0.007
0.009
0.007
0.002
-0.002
-0.005
-0.007
-0.009
-0.01
-0.012
-0.014
-0.016
-0.018
-0.018
-0.018
-0.017
-0.016
-0.014
-0.011
-0.008
-0.003
0.001
0.006
0.011
0.018
0.031
0.046
0.06
0.068
0.073
0.077
0.081
0.085
0.089
0.091
0.093
0.094
0.095
0.096
0.097
0.097
0.097
0.097
0.099
0.101
0.099
0.09
0.08
0.075
0.072
0.069
0.067
0.065
0.063
0.062
0.06
0.06
0.059
0.058
0.057
0.056
0.054
0.053
0.053
0.053
0.053
0.053
0.053
0.053
0.053
0.053
0.052
0.051
0.048
0.046
0.045
0.043
0.043
0.042
0.043
0.045
0.048
0.051
0.055
0.058
0.061
0.063
0.069
0.074
0.076
0.073
0.064
0.053
0.039
0.021
0.013
0.002
0.003
0.036
0.095
0.185
0.299
0.427
0.551
0.655
0.708
0.726
0.71
0.658
0.588
0.511
0.423
0.329
0.22
0.114
0.022
-0.038
-0.071
-0.085
-0.091
-0.095
-0.098
-0.101
-0.103
-0.106
-0.108
-0.111
-0.114
-0.117
-0.119
-0.121
-0.123
-0.125
-0.127
-0.131
-0.134
-0.137
-0.139
-0.142
-0.145
-0.147
-0.149
-0.15
-0.15
-0.149
-0.148
-0.147
-0.146
-0.145
-0.143
-0.14
-0.138
-0.135
-0.133
-0.131
-0.127
-0.122
-0.116
-0.111
-0.106
-0.1
-0.093
-0.083
-0.069
-0.054
-0.039
-0.025
-0.013
-0.002
0.009
0.02
0.026
0.03
0.033
0.035
0.038
0.04
0.041
0.043
0.044
0.045
0.046
0.048
0.049
0.051
0.052
0.053
0.053
0.054
0.054
0.055
0.056
0.057
0.061
0.069
0.072
0.076
0.08
0.079
0.068
0.051
0.029
0.015
0.005
0.001
0.0
-0.001
-0.003
-0.004
0.0
0.004
0.009
0.008
-0.003
-0.014
-0.024
-0.028
-0.028
-0.028
-0.028
-0.028
-0.029
-0.03
-0.031
-0.032
-0.033
-0.034
-0.036
-0.039
-0.044
-0.049
-0.061
-0.083
-0.099
-0.11
-0.11
-0.098
-0.065
0.01
0.12
0.255
0.402
0.544
0.66
0.711
0.71
0.655
0.562
0.464
0.364
0.283
0.205
0.129
0.064
0.007
-0.045
-0.092
-0.13
-0.153
-0.18
-0.205
-0.222
-0.234
-0.235
-0.224
-0.209
-0.185
-0.166
-0.154
-0.149
-0.152
-0.16
-0.171
-0.19
-0.202
-0.208
-0.213
-0.216
-0.216
-0.213
-0.207
-0.201
-0.194
-0.184
-0.178
-0.184
-0.195
-0.203
-0.21
-0.217
-0.219
-0.218
-0.213
-0.206
-0.192
-0.173
-0.155
-0.143
-0.139
-0.137
-0.135
-0.133
-0.129
-0.125
-0.12
-0.114
-0.101
-0.081
-0.064
-0.044
-0.025
-0.012
-0.009
-0.006
-0.002
-0.01
-0.018
-0.024
-0.027
-0.022
-0.012
-0.003
0.006
0.015
0.023
0.031
0.04
0.044
0.041
0.032
0.007
-0.016
-0.022
-0.027
-0.029
-0.03
-0.027
-0.022
-0.016
-0.01
-0.006
0.0
0.006
0.011
0.014
0.014
0.012
0.009
0.007
0.005
0.003
0.0
-0.001
-0.003
-0.003
-0.001
0.002
0.006
0.014
0.029
0.042
0.052
0.059
0.069
0.085
0.096
0.1
0.104
0.106
0.109
0.112
0.113
0.116
0.12
0.137
0.19
0.275
0.397
0.547
0.707
0.858
0.981
1.06
1.074
1.068
1.026
0.98
0.926
0.873
0.803
0.712
0.621
0.541
0.473
0.422
0.39
0.382
0.376
0.371
0.367
0.363
0.36
0.356
0.353
0.35
0.347
0.345
0.343
0.342
0.34
0.337
0.333
0.328
0.32
0.294
0.274
0.269
0.266
0.264
0.262
0.259
0.257
0.255
0.253
0.251
0.247
0.24
0.223
0.192
0.158
0.148
0.144
0.141
0.15
0.161
0.171
0.177
0.185
0.198
0.205
0.209
0.212
0.214
0.217
0.219
0.222
0.224
0.226
0.228
0.231
0.233
0.235
0.236
0.235
0.234
0.232
0.229
0.225
0.217
0.201
0.194
0.19
0.187
0.184
0.179
0.176
0.173
0.169
0.165
0.159
0.153
0.148
0.139
0.126
0.118
0.115
0.113
0.111
0.109
0.106
0.104
0.103
0.102
0.1
0.099
0.096
0.084
0.061
0.052
0.049
0.047
0.045
0.044
0.043
0.042
0.041
0.04
0.039
0.037
0.035
0.034
0.032
0.03
0.027
0.026
0.026
0.026
0.027
0.028
0.029
0.021
0.0
-0.025
-0.06
-0.085
-0.093
-0.079
-0.038
0.045
0.169
0.317
0.476
0.619
0.723
0.757
0.755
0.712
0.651
0.57
0.494
0.398
0.3
0.191
0.083
-0.019
-0.104
-0.164
-0.182
-0.188
-0.174
-0.158
-0.144
-0.143
-0.15
-0.172
-0.2
-0.217
-0.223
-0.223
-0.212
-0.197
-0.178
-0.156
-0.145
-0.142
-0.139
-0.146
-0.168
-0.194
-0.207
-0.215
-0.22
-0.223
-0.223
-0.219
-0.213
-0.207
-0.2
-0.196
-0.197
-0.203
-0.217
-0.244
-0.253
-0.253
-0.248
-0.234
-0.21
-0.193
-0.173
-0.157
-0.133
-0.106
-0.098
-0.097
-0.096
-0.095
-0.095
-0.094
-0.093
-0.092
-0.09
-0.089
-0.087
-0.085
-0.082
-0.078
-0.072
-0.064
-0.052
-0.04
-0.038
-0.036
-0.034
-0.036
-0.046
-0.057
-0.068
-0.069
-0.069
-0.07
-0.069
-0.065
-0.062
-0.06
-0.058
-0.057
-0.058
-0.06
-0.062
-0.064
-0.068
-0.067
-0.058
-0.045
-0.028
-0.011
0.005
0.012
0.015
0.016
0.018
0.019
0.021
0.022
0.023
0.025
0.027
0.028
0.03
0.031
0.032
0.033
0.034
0.036
0.04
0.044
0.046
0.047
0.048
0.049
0.051
0.053
0.045
0.021
-0.008
-0.037
-0.047
-0.037
-0.008
0.062
0.173
0.319
0.488
0.656
0.792
0.858
0.862
0.82
0.738
0.651
0.556
0.44
0.305
0.159
0.033
-0.058
-0.093
-0.095
-0.079
-0.063
-0.05
-0.041
-0.048
-0.06
-0.076
-0.088
-0.095
-0.1
-0.102
-0.101
-0.099
-0.096
-0.094
-0.09
-0.088
-0.092
-0.098
-0.101
-0.105
-0.108
-0.11
-0.112
-0.111
-0.11
-0.108
-0.106
-0.105
-0.103
-0.102
-0.1
-0.098
-0.096
-0.094
-0.093
-0.09
-0.087
-0.085
-0.086
-0.089
-0.094
-0.098
-0.103
-0.105
-0.103
-0.098
-0.085
-0.065
-0.042
-0.017
0.006
0.025
0.033
0.033
0.026
0.021
0.017
0.013
0.012
0.013
0.017
0.021
0.028
0.037
0.041
0.046
0.049
0.042
0.03
0.017
0.008
0.001
0.002
0.009
0.018
0.026
0.031
0.034
0.037
0.039
0.039
0.036
0.03
0.012
-0.012
-0.036
-0.044
-0.044
-0.037
-0.027
-0.014
-0.004
0.002
0.013
0.028
0.041
0.05
0.056
0.046
0.029
0.01
-0.009
-0.021
-0.027
-0.032
-0.025
-0.014
0.0
0.015
0.031
0.049
0.068
0.085
0.096
0.091
0.074
0.047
0.035
0.03
0.027
0.024
0.023
0.025
0.029
0.036
0.049
0.061
0.066
0.069
0.07
0.067
0.06
0.048
0.038
0.036
0.034
0.034
0.04
0.046
0.051
0.056
0.06
0.065
0.07
0.069
0.059
0.042
0.03
0.026
0.024
0.022
0.022
0.024
0.028
0.035
0.047
0.065
0.075
0.082
0.086
0.084
0.079
0.063
0.039
0.009
0.0
-0.009
0.014
0.072
0.159
0.278
0.421
0.571
0.704
0.798
0.833
0.832
0.791
0.722
0.64
0.56
0.467
0.382
0.29
0.203
0.126
0.069
0.032
0.01
-0.003
-0.019
-0.035
-0.042
-0.046
-0.048
-0.05
-0.052
-0.052
-0.052
-0.052
-0.051
-0.05
-0.048
-0.046
-0.043
-0.038
-0.031
-0.027
-0.025
-0.023
-0.022
-0.022
-0.022
-0.024
-0.027
-0.032
-0.049
-0.067
-0.074
-0.073
-0.066
-0.058
-0.049
-0.043
-0.035
-0.024
-0.011
-0.001
0.004
0.008
0.0
-0.012
-0.023
-0.03
-0.035
-0.027
-0.014
0.002
0.022
0.038
0.053
0.07
0.087
0.1
0.107
0.113
0.106
0.086
0.06
0.042
0.036
0.033
0.033
0.036
0.042
0.05
0.062
0.075
0.085
0.091
0.096
0.086
0.071
0.055
0.042
0.027
0.016
0.009
0.005
0.005
0.008
0.013
0.017
0.02
0.024
0.027
0.029
0.029
0.029
0.027
0.026
0.025
0.025
0.024
0.022
0.02
0.017
0.014
0.011
0.007
0.002
-0.005
-0.017
-0.025
-0.029
-0.031
-0.034
-0.036
-0.038
-0.039
-0.04
-0.041
-0.041
-0.041
-0.041
-0.04
-0.039
-0.038
-0.037
-0.036
-0.035
-0.035
-0.034
-0.034
-0.033
-0.033
-0.032
-0.032
-0.031
-0.031
-0.031
-0.029
-0.028
-0.027
-0.026
-0.027
-0.03
-0.034
-0.039
-0.046
-0.054
-0.068
-0.078
-0.086
-0.099
-0.116
-0.126
-0.132
-0.138
-0.143
-0.149
-0.157
-0.165
-0.155
-0.128
-0.065
0.027
0.144
0.281
0.428
0.561
0.657
0.69
0.688
0.645
0.578
0.509
0.432
0.343
0.227
0.107
-0.006
-0.098
-0.154
-0.167
-0.168
-0.168
-0.168
-0.168
-0.168
-0.168
-0.166
-0.163
-0.16
-0.159
-0.157
-0.155
-0.153
-0.151
-0.15
-0.149
-0.148
-0.146
-0.144
-0.142
-0.14
-0.138
-0.137
-0.136
-0.135
-0.134
-0.133
-0.132
-0.131
-0.13
-0.129
-0.128
-0.126
-0.124
-0.122
-0.121
-0.12
-0.119
-0.118
-0.116
-0.113
-0.11
-0.107
-0.098
-0.08
-0.066
-0.052
-0.039
-0.024
-0.016
-0.013
-0.01
-0.007
-0.005
-0.002
0.0
0.002
0.004
0.006
0.008
0.01
0.013
0.017
0.022
0.025
0.026
0.027
0.027
0.028
0.028
0.028
0.027
0.027
0.026
0.026
0.026
0.027
0.028
0.029
0.032
0.02
0.009
0.001
-0.003
-0.003
0.002
0.01
0.02
0.033
0.044
0.051
0.058
0.063
0.064
0.061
0.056
0.052
0.047
0.042
0.039
0.039
0.04
0.043
0.045
0.046
0.047
0.049
0.051
0.053
0.055
0.057
0.059
0.06
0.062
0.064
0.067
0.069
0.072
0.078
0.082
0.077
0.067
0.061
0.055
0.05
0.045
0.041
0.037
0.033
0.026
0.016
0.016
0.029
0.065
0.136
0.241
0.373
0.525
0.677
0.807
0.882
0.893
0.871
0.8
0.713
0.633
0.546
0.457
0.347
0.234
0.133
0.049
-0.012
-0.05
-0.069
-0.078
-0.084
-0.088
-0.091
-0.092
-0.092
-0.091
