-0.31
-0.371
-0.435
-0.498
-0.542
-0.559
-0.565
-0.559
-0.549
-0.542
-0.537
-0.533
-0.529
-0.525
-0.521
-0.516
-0.51
-0.505
-0.501
-0.497
-0.492
-0.488
-0.484
-0.48
-0.476
-0.472
-0.468
-0.464
-0.46
-0.456
-0.452
-0.448
-0.445
-0.441
-0.437
-0.434
-0.43
-0.427
-0.423
-0.419
-0.416
-0.411
-0.407
-0.402
-0.396
-0.39
-0.384
-0.379
-0.373
-0.368
-0.361
-0.355
-0.348
-0.342
-0.334
-0.325
-0.318
-0.313
-0.309
-0.305
-0.302
-0.299
-0.296
-0.294
-0.291
-0.289
-0.286
-0.284
-0.282
-0.28
-0.278
-0.276
-0.275
-0.273
-0.271
-0.269
-0.267
-0.265
-0.263
-0.26
-0.258
-0.255
-0.252
-0.249
-0.245
-0.241
-0.238
-0.234
-0.231
-0.229
-0.227
-0.225
-0.223
-0.222
-0.22
-0.218
-0.216
-0.214
-0.212
-0.21
-0.209
-0.207
-0.206
-0.205
-0.204
-0.203
-0.202
-0.201
-0.201
-0.2
-0.199
-0.199
-0.198
-0.198
-0.198
-0.197
-0.197
-0.197
-0.196
-0.196
-0.195
-0.195
-0.194
-0.193
-0.192
-0.191
-0.19
-0.188
-0.186
-0.184
-0.182
-0.179
-0.177
-0.174
-0.172
-0.17
-0.168
-0.166
-0.164
-0.162
-0.16
-0.158
-0.156
-0.154
-0.152
-0.15
-0.148
-0.146
-0.144
-0.142
-0.139
-0.137
-0.135
-0.133
-0.13
-0.128
-0.125
-0.123
-0.12
-0.117
-0.115
-0.113
-0.11
-0.108
-0.106
-0.104
-0.102
-0.1
-0.098
-0.097
-0.095
-0.094
-0.093
-0.091
-0.09
-0.089
-0.087
-0.086
-0.084
-0.082
-0.08
-0.078
-0.075
-0.073
-0.07
-0.068
-0.065
-0.063
-0.06
-0.058
-0.055
-0.053
-0.051
-0.049
-0.047
-0.046
-0.045
-0.045
-0.044
-0.044
-0.045
-0.045
-0.046
-0.047
-0.048
-0.05
-0.051
-0.052
-0.053
-0.054
-0.056
-0.057
-0.059
-0.06
-0.062
-0.063
-0.064
-0.063
-0.062
-0.06
-0.059
-0.056
-0.054
-0.051
-0.047
-0.042
-0.038
-0.033
0.0
0.048
0.101
0.161
0.226
0.292
0.312
0.322
0.313
0.247
0.156
0.056
-0.037
-0.116
-0.179
-0.214
-0.227
-0.227
-0.209
-0.159
-0.108
-0.063
-0.037
-0.025
-0.021
-0.018
-0.015
-0.012
-0.01
-0.009
-0.008
-0.006
-0.004
-0.002
0.0
0.001
0.003
0.005
0.007
0.01
0.012
0.015
0.018
0.021
0.025
0.03
0.034
0.039
0.044
0.048
0.053
0.058
0.063
0.069
0.076
0.085
0.092
0.1
0.107
0.115
0.124
0.134
0.144
0.154
0.165
0.178
0.191
0.204
0.217
0.231
0.244
0.257
0.27
0.283
0.296
0.31
0.322
0.334
0.342
0.344
0.346
0.348
0.351
0.353
0.352
0.343
0.33
0.314
0.293
0.276
0.253
0.227
0.204
0.179
0.156
0.139
0.12
0.104
0.091
0.077
0.064
0.056
0.05
0.045
0.041
0.036
0.032
0.027
0.022
0.017
0.013
0.01
0.007
0.005
0.003
0.001
0.0
-0.001
-0.003
-0.004
-0.005
-0.006
-0.007
-0.008
-0.009
-0.01
-0.011
-0.012
-0.012
-0.013
-0.014
-0.015
-0.015
-0.016
-0.017
-0.018
-0.019
-0.02
-0.021
-0.022
-0.023
-0.024
-0.026
-0.027
-0.028
-0.029
-0.03
-0.031
-0.032
-0.033
-0.033
-0.034
-0.034
-0.034
-0.033
-0.033
-0.033
-0.032
-0.032
-0.031
-0.031
-0.03
-0.03
-0.029
-0.029
-0.028
-0.028
-0.027
-0.027
-0.026
-0.026
-0.025
-0.025
-0.025
-0.025
-0.025
-0.025
-0.026
-0.026
-0.027
-0.027
-0.028
-0.029
-0.03
-0.031
-0.032
-0.033
-0.034
-0.035
-0.036
-0.037
-0.038
-0.039
-0.04
-0.04
-0.041
-0.041
-0.042
-0.042
-0.042
-0.042
-0.042
-0.042
-0.042
-0.041
-0.041
-0.04
-0.04
-0.04
-0.039
-0.039
-0.039
-0.039
-0.039
-0.039
-0.039
-0.04
-0.04
-0.041
-0.041
-0.042
-0.043
-0.043
-0.044
-0.045
-0.045
-0.045
-0.046
-0.046
-0.047
-0.047
-0.047
-0.048
-0.048
-0.049
-0.049
-0.049
-0.049
-0.049
-0.049
-0.049
-0.049
-0.049
-0.049
-0.049
-0.049
-0.049
-0.048
-0.048
-0.047
-0.046
-0.045
-0.044
-0.043
-0.042
-0.041
-0.04
-0.039
-0.038
-0.037
-0.036
-0.035
-0.034
-0.033
-0.032
-0.031
-0.029
-0.029
-0.028
-0.027
-0.026
-0.025
-0.024
-0.023
-0.021
-0.02
-0.019
-0.018
-0.016
-0.015
-0.014
-0.013
-0.012
-0.011
-0.01
-0.009
-0.008
-0.007
-0.006
-0.005
-0.004
-0.004
-0.004
-0.003
-0.003
-0.002
-0.002
-0.001
-0.001
-0.001
0.0
0.0
0.0
0.0
0.0
0.0
0.0
0.0
0.001
0.001
0.003
0.004
0.005
0.007
0.009
0.01
0.012
0.014
0.015
0.017
0.019
0.02
0.022
0.023
0.024
0.025
0.026
0.027
0.027
0.026
0.026
0.025
0.024
0.023
0.022
0.021
0.019
0.018
0.017
0.016
0.016
0.015
0.014
0.014
0.013
0.012
0.012
0.012
0.012
0.014
0.015
0.017
0.019
0.021
0.024
0.026
0.03
0.034
0.038
0.066
0.114
0.179
0.26
0.353
0.446
0.527
0.566
0.563
0.506
0.371
0.187
-0.012
-0.189
-0.295
-0.311
-0.283
-0.193
-0.099
-0.024
0.008
0.017
0.02
0.022
0.024
0.026
0.028
0.029
0.03
0.03
0.03
0.03
0.03
0.03
0.03
0.031
0.032
0.033
0.034
0.036
0.037
0.038
0.039
0.04
0.042
0.043
0.044
0.046
0.048
0.05
0.052
0.055
0.057
0.06
0.064
0.072
0.081
0.089
0.096
0.102
0.109
0.118
0.127
0.137
0.146
0.155
0.166
0.179
0.191
0.202
0.213
0.225
0.236
0.247
0.259
0.27
0.28
0.289
0.295
0.301
0.305
0.309
0.311
0.311
0.308
0.302
0.295
0.286
0.273
0.251
0.233
0.209
0.18
0.156
0.138
0.119
0.1
0.082
0.063
0.05
0.041
0.034
0.024
0.013
0.004
0.0
-0.001
-0.003
-0.005
-0.007
-0.009
-0.011
-0.013
-0.015
-0.017
-0.019
-0.02
-0.021
-0.022
-0.023
-0.024
-0.024
-0.025
-0.025
-0.025
-0.025
-0.025
-0.025
-0.025
-0.025
-0.025
-0.025
-0.025
-0.024
-0.024
-0.024
-0.023
-0.023
-0.024
-0.024
-0.024
-0.024
-0.024
-0.024
-0.025
-0.025
-0.025
-0.025
-0.025
-0.025
-0.025
-0.025
-0.024
-0.024
-0.024
-0.023
-0.022
-0.022
-0.021
-0.02
-0.02
-0.019
-0.019
-0.018
-0.018
-0.017
-0.017
-0.017
-0.017
-0.017
-0.017
-0.017
-0.017
-0.017
-0.017
-0.017
-0.017
-0.016
-0.015
-0.014
-0.012
-0.013
-0.017
-0.023
-0.025
-0.027
-0.028
-0.029
-0.03
-0.031
-0.032
-0.033
-0.035
-0.036
-0.036
-0.037
-0.039
-0.039
-0.04
-0.041
-0.041
-0.041
-0.042
-0.042
-0.043
-0.043
-0.044
-0.044
-0.045
-0.046
-0.046
-0.047
-0.048
-0.049
-0.05
-0.051
-0.052
-0.053
-0.054
-0.056
-0.057
-0.059
-0.06
-0.061
-0.062
-0.063
-0.064
-0.065
-0.066
-0.067
-0.068
-0.069
-0.07
-0.071
-0.071
-0.072
-0.073
-0.074
-0.075
-0.076
-0.077
-0.077
-0.077
-0.078
-0.078
-0.078
-0.078
-0.079
-0.079
-0.079
-0.079
-0.079
-0.08
-0.08
-0.08
-0.081
-0.081
-0.082
-0.082
-0.082
-0.083
-0.082
-0.082
-0.081
-0.08
-0.08
-0.079
-0.078
-0.078
-0.077
-0.077
-0.076
-0.075
-0.074
-0.073
-0.072
-0.071
-0.07
-0.069
-0.068
-0.067
-0.066
-0.064
-0.063
-0.061
-0.06
-0.059
-0.058
-0.056
-0.055
-0.054
-0.054
-0.054
-0.053
-0.053
-0.053
-0.053
-0.053
-0.052
-0.052
-0.052
-0.051
-0.05
-0.049
-0.048
-0.045
-0.042
-0.039
-0.036
-0.033
-0.03
-0.028
-0.026
-0.025
-0.023
-0.023
-0.023
-0.023
-0.024
-0.026
-0.028
-0.03
-0.033
-0.035
-0.037
-0.039
-0.041
-0.043
-0.044
-0.045
-0.045
-0.044
-0.044
-0.042
-0.041
-0.04
-0.038
-0.037
-0.036
-0.035
-0.035
-0.035
-0.036
-0.035
-0.032
-0.024
-0.009
0.034
0.091
0.164
0.253
0.349
0.439
0.491
0.509
0.478
0.388
0.225
0.026
-0.172
-0.332
-0.403
-0.407
-0.349
-0.251
-0.156
-0.084
-0.049
-0.034
-0.029
-0.026
-0.025
-0.024
-0.022
-0.021
-0.02
-0.019
-0.017
-0.014
-0.011
-0.008
-0.006
-0.003
0.0
0.002
0.005
0.008
0.011
0.014
0.017
0.021
0.024
0.028
0.031
0.035
0.038
0.041
0.045
0.049
0.054
0.06
0.067
0.074
0.081
0.088
0.095
0.103
0.113
0.123
0.133
0.144
0.155
0.168
0.18
0.191
0.202
0.214
0.225
0.238
0.249
0.26
0.27
0.28
0.289
0.296
0.303
0.308
0.313
0.315
0.315
0.312
0.305
0.297
0.286
0.271
0.247
0.228
0.204
0.178
0.155
0.133
0.113
0.092
0.075
0.062
0.048
0.037
0.028
0.021
0.017
0.013
0.011
0.01
0.009
0.008
0.007
0.007
0.007
0.007
0.008
0.009
0.01
0.011
0.013
0.014
0.015
0.016
0.016
0.017
0.018
0.019
0.019
0.02
0.021
0.022
0.023
0.023
0.025
0.025
0.026
0.027
0.028
0.028
0.028
0.028
0.028
0.028
0.027
0.026
0.025
0.024
0.023
0.022
0.021
0.02
0.019
0.017
0.016
0.014
0.013
0.012
0.011
0.01
0.009
0.009
0.008
0.008
0.008
0.008
0.007
0.007
0.006
0.006
0.005
0.004
0.003
0.002
0.001
0.001
0.001
0.001
0.0
0.0
0.0
-0.002
-0.005
-0.007
-0.009
-0.012
-0.014
-0.016
-0.016
-0.017
-0.018
-0.019
-0.02
-0.021
-0.022
-0.023
-0.024
-0.025
-0.026
-0.026
-0.027
-0.028
-0.028
-0.028
-0.029
-0.029
-0.029
-0.03
-0.03
-0.031
-0.031
-0.031
-0.031
-0.031
-0.031
-0.032
-0.032
-0.033
-0.034
-0.035
-0.036
-0.038
-0.039
-0.041
-0.042
-0.043
-0.045
-0.046
-0.047
-0.047
-0.048
-0.049
-0.05
-0.051
-0.051
-0.052
-0.053
-0.053
-0.054
-0.055
-0.055
-0.056
-0.057
-0.058
-0.059
-0.06
-0.06
-0.06
-0.06
-0.061
-0.061
-0.062
-0.062
-0.062
-0.062
-0.062
-0.061
-0.061
-0.061
-0.061
-0.061
-0.061
-0.061
-0.061
-0.061
-0.061
-0.061
-0.061
-0.061
-0.061
-0.06
-0.059
-0.059
-0.058
-0.058
-0.057
-0.056
-0.055
-0.054
-0.053
-0.053
-0.052
-0.051
-0.05
-0.048
-0.047
-0.046
-0.046
-0.045
-0.044
-0.044
-0.043
-0.043
-0.043
-0.043
-0.043
-0.043
-0.042
-0.041
-0.041
-0.039
-0.038
-0.036
-0.034
-0.031
-0.028
-0.025
-0.021
-0.018
-0.015
-0.012
-0.01
-0.009
-0.008
-0.008
-0.009
-0.011
-0.013
-0.015
-0.018
-0.021
-0.025
-0.029
-0.032
-0.035
-0.037
-0.04
-0.042
-0.045
-0.047
-0.049
-0.05
-0.052
-0.052
-0.053
-0.053
-0.053
-0.053
-0.053
-0.053
-0.053
-0.053
-0.053
-0.051
-0.047
-0.041
-0.012
0.03
0.086
0.156
0.235
0.315
0.381
0.411
0.408
0.358
0.244
0.085
-0.092
-0.256
-0.369
-0.403
-0.364
-0.276
-0.177
-0.095
-0.062
-0.055
-0.052
-0.051
-0.051
-0.05
-0.051
-0.053
-0.055
-0.056
-0.058
-0.059
-0.058
-0.057
-0.057
-0.056
-0.054
-0.053
-0.052
-0.051
-0.049
-0.048
-0.046
-0.044
-0.042
-0.039
-0.036
-0.034
-0.031
-0.027
-0.023
-0.018
-0.013
-0.01
-0.007
-0.004
0.0
0.005
0.012
0.02
0.028
0.035
0.044
0.053
0.062
0.071
0.082
0.094
0.107
0.12
0.133
0.145
0.156
0.169
0.182
0.194
0.205
0.213
0.219
0.223
0.228
0.232
0.233
0.234
0.23
0.223
0.213
0.196
0.171
0.148
0.124
0.1
0.077
0.054
0.032
0.011
-0.008
-0.025
-0.042
-0.056
-0.066
-0.075
-0.079
-0.081
-0.083
-0.085
-0.087
-0.088
-0.089
-0.09
-0.09
-0.09
-0.089
-0.088
-0.087
-0.087
-0.085
-0.085
-0.084
-0.084
-0.083
-0.083
-0.083
-0.082
-0.082
-0.081
-0.081
-0.079
-0.077
-0.075
-0.073
-0.072
-0.07
-0.068
-0.066
-0.063
-0.06
-0.058
-0.056
-0.053
-0.052
-0.05
-0.048
-0.047
-0.045
-0.044
-0.044
-0.043
-0.042
-0.042
-0.042
-0.042
-0.041
-0.041
-0.04
-0.04
-0.039
-0.039
-0.038
-0.038
-0.038
-0.037
-0.037
-0.037
-0.037
-0.036
-0.036
-0.037
-0.038
-0.038
-0.039
-0.04
-0.041
-0.042
-0.043
-0.043
-0.043
-0.044
-0.044
-0.043
-0.043
-0.042
-0.042
-0.041
-0.04
-0.04
-0.039
-0.038
-0.037
-0.036
-0.035
-0.034
-0.033
-0.032
-0.031
-0.03
-0.028
-0.027
-0.026
-0.025
-0.024
-0.023
-0.022
-0.021
-0.02
-0.019
-0.018
-0.017
-0.015
-0.014
-0.013
-0.011
-0.01
-0.008
-0.007
-0.006
-0.005
-0.004
-0.004
-0.003
-0.003
-0.003
-0.003
-0.003
-0.003
-0.003
-0.003
-0.004
-0.004
-0.004
-0.005
-0.005
-0.004
-0.004
-0.004
-0.004
-0.003
-0.003
-0.003
-0.002
-0.002
-0.001
-0.001
0.0
0.0
0.0
0.0
0.001
0.001
0.001
0.001
0.001
0.001
0.001
0.001
0.0
0.0
0.0
0.0
0.001
0.002
0.002
0.002
0.003
0.003
0.004
0.004
0.005
0.005
0.005
0.005
0.006
0.006
0.006
0.007
0.007
0.007
0.007
0.007
0.007
0.007
0.007
0.007
0.008
0.008
0.008
0.009
0.009
0.01
0.01
0.011
0.012
0.012
0.012
0.012
0.012
0.012
0.012
0.012
0.012
0.011
0.011
0.01
0.009
0.008
0.008
0.007
0.007
0.007
0.007
0.008
0.008
0.01
0.012
0.016
0.019
0.023
0.026
0.03
0.034
0.037
0.041
0.043
0.044
0.044
0.041
0.037
0.032
0.027
0.022
0.018
0.015
0.012
0.009
0.006
0.004
0.003
0.002
0.001
0.001
0.002
0.002
0.003
0.004
0.005
0.006
0.006
0.006
0.006
0.006
0.006
0.006
0.005
0.006
0.009
0.03
0.07
0.123
0.191
0.272
0.361
0.443
0.506
0.532
0.502
0.408
0.256
0.07
-0.118
-0.269
-0.335
-0.339
-0.283
-0.19
-0.102
-0.041
-0.022
-0.018
-0.017
-0.017
-0.018
-0.018
-0.018
-0.019
-0.02
-0.022
-0.022
-0.022
-0.021
-0.021
-0.02
-0.018
-0.017
-0.016
-0.015
-0.014
-0.012
-0.011
-0.009
-0.008
-0.007
-0.006
-0.004
-0.001
0.002
0.006
0.011
0.014
0.018
0.022
0.027
0.032
0.037
0.042
0.048
0.056
0.066
0.075
0.084
0.092
0.101
0.11
0.119
0.129
0.14
0.15
0.161
0.172
0.183
0.194
0.206
0.217
0.229
0.24
0.249
0.254
0.257
0.26
0.264
0.266
0.264
0.257
0.246
0.229
0.21
0.191
0.17
0.148
0.124
0.101
0.08
0.062
0.046
0.031
0.018
0.004
-0.007
-0.015
-0.023
-0.03
-0.036
-0.04
-0.043
-0.045
-0.046
-0.048
-0.048
-0.049
-0.05
-0.051
-0.051
-0.05
-0.05
-0.049
-0.047
-0.046
-0.045
-0.043
-0.041
-0.04
-0.038
-0.037
-0.036
-0.034
-0.033
-0.032
-0.031
-0.03
-0.03
-0.03
-0.029
-0.029
-0.029
-0.029
-0.029
-0.029
-0.029
-0.029
-0.029
-0.028
-0.028
-0.027
-0.026
-0.025
-0.025
-0.024
-0.023
-0.023
-0.023
-0.023
-0.022
-0.022
-0.022
-0.023
-0.023
-0.023
-0.024
-0.024
-0.024
-0.024
-0.024
-0.024
-0.024
-0.024
-0.023
-0.023
-0.023
-0.023
-0.024
-0.024
-0.024
-0.024
-0.025
-0.027
-0.027
-0.028
-0.029
-0.03
-0.03
-0.031
-0.032
-0.032
-0.032
-0.032
-0.032
-0.032
-0.031
-0.031
-0.03
-0.03
-0.029
-0.029
-0.029
-0.028
-0.028
-0.027
-0.026
-0.026
-0.025
-0.024
-0.024
-0.023
-0.023
-0.023
-0.023
-0.023
-0.023
-0.023
-0.023
-0.024
-0.024
-0.024
-0.025
-0.025
-0.025
-0.026
-0.026
-0.027
-0.028
-0.028
-0.029
-0.03
-0.03
-0.031
-0.032
-0.033
-0.035
-0.037
-0.038
-0.039
-0.04
-0.041
-0.043
-0.044
-0.045
-0.046
-0.046
-0.046
-0.046
-0.047
-0.048
-0.048
-0.049
-0.049
-0.05
-0.05
-0.05
-0.051
-0.051
-0.051
-0.051
-0.051
-0.051
-0.051
-0.05
-0.05
-0.049
-0.048
-0.047
-0.046
-0.045
-0.043
-0.042
-0.04
-0.039
-0.038
-0.036
-0.035
-0.034
-0.033
-0.031
-0.03
-0.029
-0.028
-0.027
-0.026
-0.026
-0.025
-0.025
-0.024
-0.024
-0.023
-0.022
-0.022
-0.021
-0.021
-0.021
-0.021
-0.022
-0.022
-0.022
-0.023
-0.024
-0.024
-0.024
-0.024
-0.024
-0.024
-0.024
-0.024
-0.024
-0.025
-0.025
-0.026
-0.027
-0.028
-0.029
-0.029
-0.03
-0.03
-0.029
-0.029
-0.028
-0.027
-0.022
-0.015
-0.008
0.001
0.008
0.012
0.015
0.017
0.018
0.018
0.016
0.013
0.008
0.003
-0.002
-0.009
-0.014
-0.018
-0.02
-0.021
-0.022
-0.023
-0.023
-0.023
-0.023
-0.023
-0.022
-0.022
-0.021
-0.02
-0.019
-0.019
-0.019
-0.019
-0.019
-0.019
-0.02
-0.022
-0.024
-0.024
-0.011
0.021
0.071
0.138
0.222
0.317
0.416
0.501
0.544
0.542
0.483
0.348
0.16
-0.048
-0.239
-0.374
-0.427
-0.401
-0.319
-0.217
-0.128
-0.067
-0.038
-0.028
-0.024
-0.023
-0.022
-0.021
-0.02
-0.02
-0.019
-0.018
-0.017
-0.015
-0.013
-0.011
-0.009
-0.007
-0.005
-0.003
-0.001
0.0
0.002
0.004
0.006
0.008
0.01
0.013
0.016
0.019
0.023
0.027
0.031
0.034
0.036
0.039
0.043
0.046
0.05
0.055
0.06
0.067
0.075
0.084
0.092
0.1
0.109
0.119
0.128
0.138
0.147
0.157
0.166
0.176
0.185
0.193
0.202
0.21
0.219
0.225
0.23
0.233
0.235
0.237
0.236
0.234
0.23
0.224
0.213
0.195
0.177
0.161
0.137
0.115
0.091
0.074
0.054
0.036
0.019
0.004
-0.01
-0.024
-0.035
-0.042
-0.048
-0.053
-0.056
-0.056
-0.058
-0.059
-0.06
-0.061
-0.062
-0.063
-0.064
-0.064
-0.065
-0.065
-0.066
-0.066
-0.066
-0.066
-0.066
-0.066
-0.066
-0.065
-0.064
-0.064
-0.063
-0.062
-0.061
-0.06
-0.059
-0.058
-0.057
-0.056
-0.055
-0.053
-0.052
-0.051
-0.049
-0.048
-0.046
-0.044
-0.042
-0.04
-0.038
-0.036
-0.035
-0.033
-0.032
-0.031
-0.03
-0.029
-0.028
-0.027
-0.025
-0.025
-0.023
-0.022
-0.021
-0.02
-0.019
-0.018
-0.018
-0.017
-0.017
-0.016
-0.015
-0.015
-0.014
-0.014
-0.013
-0.013
-0.013
-0.013
-0.012
-0.012
-0.011
-0.01
-0.01
-0.01
-0.01
-0.01
-0.01
-0.01
-0.01
-0.011
-0.011
-0.013
-0.013
-0.014
-0.015
-0.016
-0.018
-0.019
-0.02
-0.022
-0.023
-0.024
-0.025
-0.026
-0.026
-0.026
-0.026
-0.027
-0.027
-0.028
-0.028
-0.029
-0.029
-0.029
-0.03
-0.03
-0.03
-0.029
-0.028
-0.028
-0.027
-0.027
-0.026
-0.026
-0.026
-0.026
-0.027
-0.028
-0.029
-0.03
-0.031
-0.033
-0.035
-0.038
-0.04
-0.042
-0.044
-0.046
-0.048
-0.05
-0.052
-0.053
-0.054
-0.055
-0.056
-0.057
-0.058
-0.058
-0.059
-0.059
-0.06
-0.06
-0.06
-0.059
-0.058
-0.058
-0.058
-0.057
-0.056
-0.056
-0.054
-0.053
-0.052
-0.052
-0.05
-0.049
-0.048
-0.047
-0.046
-0.046
-0.045
-0.044
-0.043
-0.042
-0.041
-0.04
-0.038
-0.036
-0.034
-0.032
-0.03
-0.028
-0.026
-0.024
-0.023
-0.022
-0.022
-0.021
-0.02
-0.02
-0.019
-0.019
-0.019
-0.019
-0.019
-0.019
-0.019
-0.019
-0.019
-0.02
-0.02
-0.02
-0.02
-0.02
-0.02
-0.02
-0.019
-0.019
-0.018
-0.016
-0.012
-0.007
0.0
0.007
0.014
0.02
0.024
0.026
0.028
0.029
0.03
0.031
0.032
0.031
0.031
0.029
0.027
0.025
0.022
0.02
0.018
0.016
0.015
0.014
0.013
0.012
0.013
0.013
0.013
0.014
0.014
0.014
0.014
0.014
0.015
0.015
0.015
0.014
0.013
0.012
0.011
0.013
0.027
0.058
0.1
0.156
0.224
0.301
0.38
0.448
0.485
0.484
0.441
0.336
0.186
0.013
-0.15
-0.268
-0.313
-0.284
-0.203
-0.105
-0.02
0.032
0.053
0.058
0.058
0.057
0.057
0.058
0.059
0.06
0.06
0.062
0.065
0.067
0.069
0.07
0.072
0.074
0.076
0.078
0.081
0.084
0.087
0.09
0.094
0.097
0.1
0.103
0.107
0.111
0.115
0.118
0.121
0.124
0.128
0.134
0.141
0.147
0.154
0.163
0.171
0.18
0.188
0.198
0.208
0.218
0.228
0.239
0.25
0.26
0.27
0.28
0.29
0.3
0.31
0.322
0.333
0.345
0.358
0.368
0.375
0.38
0.383
0.383
0.382
0.378
0.372
0.362
0.346
0.323
0.298
0.274
0.25
0.225
0.2
0.173
0.147
0.119
0.101
0.082
0.064
0.049
0.033
0.02
0.012
0.003
-0.004
-0.01
-0.017
-0.024
-0.029
-0.033
-0.036
-0.039
-0.042
-0.044
-0.046
-0.048
-0.051
-0.053
-0.055
-0.058
-0.06
-0.063
-0.066
-0.069
-0.073
-0.076
-0.08
-0.083
-0.087
-0.091
-0.095
-0.098
-0.101
-0.103
-0.106
-0.109
-0.112
-0.114
-0.116
-0.119
-0.122
-0.125
-0.129
-0.133
-0.137
-0.141
-0.145
-0.147
-0.148
-0.149
-0.149
-0.15
-0.151
-0.151
-0.152
-0.153
-0.153
-0.153
-0.154
-0.156
-0.157
-0.157
-0.156
-0.156
-0.157
-0.158
-0.158
-0.159
-0.159
-0.16
-0.161
-0.162
-0.162
-0.161
-0.16
-0.159
-0.159
-0.159
-0.158
-0.158
-0.157
-0.156
-0.155
-0.154
-0.152
-0.15
-0.147
-0.144
-0.143
-0.141
-0.14
-0.139
-0.137
-0.136
-0.135
-0.135
-0.134
-0.132
-0.13
-0.129
-0.129
-0.128
-0.128
-0.128
-0.127
-0.126
-0.125
-0.124
-0.123
-0.12
-0.118
-0.115
-0.113
-0.111
-0.11
-0.109
-0.108
-0.107
-0.107
-0.106
-0.106
-0.105
-0.103
-0.102
-0.102
-0.101
-0.101
-0.1
-0.099
-0.098
-0.098
-0.097
-0.096
-0.094
-0.092
-0.09
-0.089
-0.088
-0.087
-0.087
-0.087
-0.087
-0.088
-0.088
-0.089
-0.09
-0.09
-0.091
-0.091
-0.092
-0.092
-0.092
-0.091
-0.089
-0.088
-0.086
-0.083
-0.08
-0.077
-0.075
-0.073
-0.071
-0.069
-0.067
-0.065
-0.063
-0.062
-0.06
-0.057
-0.054
-0.051
-0.049
-0.046
-0.044
-0.041
-0.038
-0.037
-0.036
-0.035
-0.034
-0.032
-0.03
-0.028
-0.027
-0.026
-0.026
-0.025
-0.025
-0.025
-0.026
-0.027
-0.029
-0.03
-0.031
-0.032
-0.035
-0.036
-0.038
-0.04
-0.041
-0.041
-0.04
-0.04
-0.04
-0.039
-0.037
-0.035
-0.035
-0.034
-0.034
-0.035
-0.036
-0.037
-0.038
-0.039
-0.041
-0.041
-0.04
-0.038
-0.035
-0.032
-0.029
-0.026
-0.02
-0.007
0.002
0.011
0.02
0.027
0.032
0.035
0.038
0.038
0.038
0.035
0.03
0.024
0.02
0.016
0.012
0.01
0.01
0.009
0.008
0.008
0.007
0.006
0.006
0.006
0.006
0.006
0.007
0.009
0.012
0.015
0.017
0.018
0.02
0.021
0.021
0.019
0.016
0.012
0.017
0.038
0.078
0.132
0.201
0.284
0.378
0.471
0.547
0.582
0.559
0.465
0.308
0.115
-0.081
-0.243
-0.322
-0.331
-0.281
-0.184
-0.089
-0.018
0.011
0.015
0.017
0.019
0.022
0.023
0.022
0.021
0.022
0.022
0.023
0.024
0.024
0.024
0.026
0.027
0.029
0.03
0.031
0.032
0.033
0.033
0.034
0.035
0.037
0.038
0.039
0.042
0.045
0.048
0.051
0.055
0.059
0.063
0.066
0.07
0.073
0.078
0.084
0.091
0.099
0.108
0.118
0.128
0.137
0.147
0.156
0.166
0.176
0.185
0.194
0.204
0.215
0.227
0.238
0.249
0.26
0.27
0.28
0.286
0.291
0.295
0.297
0.297
0.295
0.29
0.283
0.271
0.251
0.231
0.215
0.19
0.167
0.143
0.117
0.1
0.081
0.061
0.045
0.032
0.02
0.009
0.0
-0.008
-0.017
-0.021
-0.023
-0.025
-0.026
-0.029
-0.03
-0.032
-0.033
-0.035
-0.035
-0.035
-0.036
-0.036
-0.037
-0.036
-0.035
-0.035
-0.034
-0.033
-0.032
-0.032
-0.031
-0.03
-0.03
-0.031
-0.031
-0.031
-0.031
-0.031
-0.031
-0.031
-0.031
-0.031
-0.03
-0.029
-0.029
-0.03
-0.029
-0.029
-0.028
-0.027
-0.027
-0.027
-0.027
-0.026
-0.026
-0.025
-0.025
-0.026
-0.026
-0.026
-0.026
-0.026
-0.026
-0.026
-0.026
-0.024
-0.022
-0.02
-0.018
-0.016
-0.013
-0.011
-0.007
-0.004
-0.002
0.0
0.001
0.003
0.004
0.004
0.003
0.002
0.002
0.003
0.003
0.003
0.003
0.002
0.002
0.001
0.0
0.0
-0.001
-0.002
-0.002
-0.002
-0.002
-0.003
-0.003
-0.003
-0.003
-0.002
-0.001
0.0
0.0
0.0
0.001
0.002
0.003
0.004
0.003
0.002
0.002
0.001
0.0
0.0
0.0
0.0
0.0
0.0
0.0
0.0
0.0
0.0
0.0
0.0
0.0
0.0
0.0
0.0
0.0
0.001
0.001
0.0
0.0
-0.002
-0.003
-0.006
-0.007
-0.009
-0.011
-0.012
-0.012
-0.012
-0.011
-0.012
-0.012
-0.013
-0.013
-0.014
-0.014
-0.015
-0.015
-0.016
-0.015
-0.013
-0.012
-0.011
-0.011
-0.01
-0.009
-0.008
-0.007
-0.006
-0.006
-0.006
-0.005
-0.004
-0.002
-0.001
-0.001
0.0
0.0
0.0
0.0
0.001
0.001
0.001
0.001
0.003
0.005
0.006
0.007
0.007
0.007
0.008
0.008
0.009
0.009
0.009
0.01
0.011
0.012
0.013
0.013
0.014
0.014
