-0.096
-0.097
-0.097
-0.097
-0.099
-0.102
-0.105
-0.108
-0.11
-0.113
-0.116
-0.118
-0.12
-0.123
-0.126
-0.131
-0.141
-0.151
-0.155
-0.152
-0.144
-0.135
-0.129
-0.121
-0.113
-0.106
-0.106
-0.115
-0.128
-0.141
-0.15
-0.158
-0.166
-0.173
-0.18
-0.186
-0.189
-0.189
-0.187
-0.182
-0.177
-0.171
-0.164
-0.157
-0.15
-0.144
-0.139
-0.135
-0.13
-0.123
-0.116
-0.109
-0.102
-0.095
-0.09
-0.085
-0.08
-0.076
-0.071
-0.065
-0.06
-0.053
-0.046
-0.039
-0.031
-0.022
-0.015
-0.008
-0.002
0.004
0.011
0.02
0.036
0.065
0.085
0.094
0.1
0.106
0.111
0.116
0.119
0.121
0.122
0.122
0.122
0.12
0.116
0.11
0.103
0.094
0.085
0.075
0.065
0.049
0.032
0.017
0.004
-0.009
-0.025
-0.042
-0.06
-0.078
-0.096
-0.115
-0.136
-0.155
-0.172
-0.18
-0.186
-0.19
-0.194
-0.199
-0.203
-0.207
-0.211
-0.215
-0.219
-0.222
-0.225
-0.226
-0.226
-0.226
-0.227
-0.229
-0.235
-0.241
-0.243
-0.236
-0.221
-0.206
-0.198
-0.19
-0.182
-0.174
-0.168
-0.164
-0.164
-0.165
-0.169
-0.173
-0.178
-0.182
-0.184
-0.187
-0.19
-0.193
-0.197
-0.201
-0.204
-0.207
-0.209
-0.211
-0.212
-0.213
-0.212
-0.21
-0.208
-0.204
-0.2
-0.197
-0.193
-0.19
-0.187
-0.185
-0.183
-0.18
-0.177
-0.173
-0.168
-0.161
-0.152
-0.144
-0.134
-0.125
-0.116
-0.107
-0.099
-0.092
-0.085
-0.076
-0.068
-0.06
-0.056
-0.056
-0.058
-0.061
-0.065
-0.069
-0.073
-0.079
-0.086
-0.092
-0.096
-0.093
-0.084
-0.073
-0.062
-0.055
-0.047
-0.039
-0.031
-0.022
-0.014
-0.005
0.001
0.008
0.014
0.022
0.03
0.04
0.051
0.064
0.076
0.087
0.098
0.107
0.115
0.121
0.125
0.129
0.133
0.138
0.142
0.147
0.151
0.156
0.162
0.168
0.173
0.179
0.183
0.188
0.193
0.198
0.204
0.21
0.216
0.221
0.226
0.231
0.234
0.236
0.236
0.235
0.232
0.229
0.226
0.222
0.217
0.212
0.206
0.2
0.19
0.172
0.162
0.171
0.193
0.225
0.277
0.335
0.392
0.488
0.58
0.676
0.73
0.769
0.795
0.797
0.771
0.702
0.604
0.497
0.445
0.415
0.397
0.381
0.367
0.316
0.217
0.114
0.029
-0.002
-0.002
0.019
0.052
0.094
0.116
0.125
0.131
0.136
0.141
0.145
0.148
0.151
0.157
0.165
0.176
0.182
0.171
0.145
0.103
0.058
0.04
0.03
0.024
0.026
0.041
0.057
0.063
0.067
0.071
0.076
0.08
0.084
0.088
0.092
0.095
0.097
0.099
0.1
0.1
0.098
0.094
0.089
0.084
0.079
0.074
0.071
0.067
0.064
0.062
0.06
0.059
0.059
0.057
0.053
0.05
0.047
0.047
0.049
0.055
0.063
0.072
0.082
0.092
0.107
0.122
0.132
0.135
0.133
0.129
0.123
0.115
0.103
0.096
0.107
0.131
0.16
0.193
0.213
0.222
0.23
0.238
0.245
0.25
0.251
0.247
0.239
0.228
0.217
0.207
0.194
0.179
0.162
0.145
0.128
0.108
0.08
0.039
0.006
-0.005
-0.01
-0.015
-0.018
-0.021
-0.024
-0.028
-0.032
-0.035
-0.036
-0.037
-0.039
-0.041
-0.044
-0.046
-0.048
-0.049
-0.05
-0.051
-0.052
-0.055
-0.058
-0.06
-0.062
-0.064
-0.067
-0.073
-0.08
-0.086
-0.088
-0.085
-0.077
-0.067
-0.058
-0.051
-0.042
-0.032
-0.024
-0.019
-0.019
-0.025
-0.033
-0.041
-0.047
-0.05
-0.053
-0.058
-0.063
-0.067
-0.071
-0.076
-0.08
-0.084
-0.087
-0.089
-0.089
-0.089
-0.088
-0.089
-0.09
-0.091
-0.091
-0.092
-0.093
-0.095
-0.097
-0.098
-0.098
-0.096
-0.093
-0.091
-0.089
-0.087
-0.086
-0.084
-0.083
-0.081
-0.081
-0.082
-0.083
-0.082
-0.078
-0.073
-0.068
-0.062
-0.058
-0.054
-0.052
-0.051
-0.051
-0.054
-0.058
-0.063
-0.068
-0.071
-0.074
-0.076
-0.077
-0.078
-0.079
-0.084
-0.09
-0.096
-0.099
-0.097
-0.091
-0.083
-0.076
-0.071
-0.066
-0.06
-0.054
-0.048
-0.042
-0.037
-0.031
-0.026
-0.021
-0.016
-0.012
-0.009
-0.006
-0.003
0.0
0.002
0.005
0.009
0.013
0.018
0.022
0.025
0.028
0.031
0.034
0.035
0.037
0.036
0.035
0.034
0.032
0.031
0.03
0.028
0.027
0.025
0.025
0.026
0.028
0.03
0.031
0.032
0.032
0.033
0.035
0.039
0.044
0.048
0.053
0.074
0.122
0.19
0.275
0.378
0.483
0.569
0.603
0.605
0.565
0.449
0.297
0.145
0.046
0.02
0.001
-0.009
-0.017
-0.022
-0.028
-0.034
-0.037
-0.04
-0.042
-0.045
-0.045
-0.044
-0.043
-0.043
-0.045
-0.046
-0.048
-0.05
-0.052
-0.053
-0.052
-0.051
-0.049
-0.047
-0.044
-0.041
-0.038
-0.033
-0.027
-0.02
-0.014
-0.007
-0.001
0.003
0.008
0.014
0.024
0.036
0.044
0.047
0.041
0.031
0.018
0.005
-0.005
-0.019
-0.034
-0.043
-0.042
-0.027
-0.006
0.011
0.02
0.027
0.034
0.042
0.049
0.056
0.063
0.07
0.076
0.082
0.086
0.089
0.091
0.091
0.091
0.089
0.088
0.087
0.087
0.087
0.087
0.089
0.09
0.091
0.093
0.095
0.098
0.103
0.111
0.122
0.137
0.156
0.18
0.207
0.225
0.239
0.25
0.256
0.255
0.248
0.237
0.226
0.217
0.208
0.199
0.188
0.178
0.169
0.16
0.151
0.141
0.127
0.113
0.096
0.08
0.071
0.065
0.059
0.054
0.048
0.043
0.037
0.031
0.026
0.02
0.014
0.008
0.001
-0.005
-0.022
-0.053
-0.063
-0.069
-0.075
-0.079
-0.077
-0.061
-0.041
-0.027
-0.014
0.0
0.009
0.013
0.012
0.007
0.0
-0.007
-0.015
-0.026
-0.036
-0.041
-0.038
-0.031
-0.023
-0.016
-0.008
0.0
0.007
0.007
0.0
-0.011
-0.022
-0.029
-0.036
-0.044
-0.051
-0.059
-0.065
-0.07
-0.072
-0.073
-0.073
-0.072
-0.07
-0.068
-0.065
-0.061
-0.058
-0.055
-0.051
-0.047
-0.039
-0.031
-0.026
-0.03
-0.039
-0.051
-0.061
-0.075
-0.086
-0.087
-0.083
-0.079
-0.076
-0.072
-0.068
-0.065
-0.065
-0.066
-0.067
-0.07
-0.075
-0.083
-0.081
-0.061
-0.046
-0.034
-0.023
-0.019
-0.022
-0.031
-0.039
-0.045
-0.053
-0.06
-0.066
-0.067
-0.063
-0.057
-0.05
-0.046
-0.042
-0.038
-0.034
-0.03
-0.027
-0.026
-0.027
-0.03
-0.035
-0.039
-0.042
-0.046
-0.051
-0.056
-0.06
-0.062
-0.063
-0.062
-0.06
-0.058
-0.057
-0.057
-0.055
-0.052
-0.049
-0.046
-0.045
-0.046
-0.049
-0.054
-0.059
-0.064
-0.072
-0.08
-0.085
-0.083
-0.076
-0.068
-0.059
-0.049
-0.04
-0.04
-0.05
-0.064
-0.074
-0.086
-0.096
-0.101
-0.096
-0.084
-0.069
-0.05
-0.021
0.002
0.034
0.076
0.153
0.252
0.362
0.47
0.535
0.557
0.531
0.45
0.32
0.173
0.039
-0.067
-0.119
-0.139
-0.14
-0.126
-0.116
-0.107
-0.1
-0.096
-0.101
-0.112
-0.126
-0.14
-0.157
-0.17
-0.172
-0.166
-0.157
-0.15
-0.141
-0.134
-0.131
-0.131
-0.132
-0.133
-0.132
-0.133
-0.134
-0.135
-0.136
-0.137
-0.137
-0.137
-0.137
-0.135
-0.13
-0.124
-0.117
-0.11
-0.105
-0.101
-0.098
-0.095
-0.092
-0.09
-0.089
-0.088
-0.087
-0.086
-0.085
-0.083
-0.082
-0.08
-0.079
-0.077
-0.075
-0.072
-0.07
-0.067
-0.065
-0.063
-0.06
-0.058
-0.055
-0.051
-0.047
-0.042
-0.034
-0.024
-0.014
-0.004
0.005
0.016
0.026
0.035
0.042
0.047
0.051
0.054
0.058
0.062
0.067
0.073
0.078
0.083
0.088
0.093
0.099
0.104
0.109
0.115
0.124
0.139
0.154
0.163
0.169
0.174
0.18
0.188
0.192
0.182
0.159
0.136
0.109
0.088
0.07
0.048
0.024
0.0
-0.017
-0.031
-0.042
-0.05
-0.058
-0.063
-0.067
-0.07
-0.074
-0.077
-0.08
-0.082
-0.084
-0.085
-0.085
-0.083
-0.08
-0.074
-0.068
-0.061
-0.055
-0.048
-0.04
-0.031
-0.017
0.0
0.014
0.024
0.034
0.043
0.052
0.06
0.066
0.07
0.073
0.076
0.079
0.081
0.082
0.083
0.083
0.085
0.087
0.09
0.091
0.088
0.076
0.06
0.048
0.043
0.039
0.034
0.03
0.025
0.021
0.018
0.015
0.013
0.011
0.008
0.005
0.003
0.003
0.003
0.003
0.003
0.004
0.004
0.005
0.006
0.007
0.007
0.007
0.005
0.003
0.001
0.0
0.0
0.0
0.001
0.001
0.002
0.003
0.003
0.003
0.003
0.002
0.0
-0.001
-0.002
-0.003
-0.003
-0.002
-0.001
0.0
0.002
0.005
0.008
0.012
0.015
0.018
0.02
0.023
0.026
0.029
0.032
0.035
0.037
0.04
0.041
0.043
0.044
0.045
0.046
0.046
0.046
0.046
0.047
0.047
0.048
0.05
0.051
0.051
0.05
0.049
0.047
0.045
0.044
0.042
0.04
0.037
0.036
0.036
0.036
0.035
0.034
0.033
0.031
0.03
0.03
0.029
0.029
0.027
0.026
0.025
0.025
0.025
0.023
0.02
0.017
0.015
0.014
0.016
0.02
0.027
0.037
0.048
0.072
0.11
0.163
0.242
0.348
0.47
0.587
0.677
0.706
0.691
0.645
0.533
0.397
0.266
0.167
0.116
0.085
0.064
0.044
0.023
0.008
-0.002
-0.011
-0.02
-0.028
-0.036
-0.045
-0.052
-0.058
-0.063
-0.067
-0.07
-0.071
-0.073
-0.074
-0.076
-0.078
-0.08
-0.081
-0.081
-0.08
-0.08
-0.079
-0.08
-0.08
-0.081
-0.081
-0.081
-0.081
-0.081
-0.081
-0.081
-0.082
-0.082
-0.083
-0.084
-0.085
-0.087
-0.089
-0.09
-0.094
-0.104
-0.11
-0.097
-0.074
-0.061
-0.053
-0.045
-0.038
-0.032
-0.026
-0.02
-0.014
-0.008
-0.003
0.001
0.007
0.013
0.022
0.037
0.056
0.079
0.091
0.099
0.106
0.112
0.117
0.122
0.127
0.131
0.134
0.137
0.139
0.142
0.146
0.151
0.161
0.174
0.192
0.206
0.217
0.227
0.235
0.242
0.25
0.26
0.274
0.281
0.285
0.288
0.291
0.294
0.296
0.292
0.284
0.272
0.253
0.213
0.182
0.165
0.15
0.137
0.126
0.111
0.093
0.068
0.052
0.042
0.033
0.027
0.024
0.025
0.03
0.037
0.044
0.053
0.061
0.072
0.083
0.089
0.094
0.096
0.098
0.1
0.102
0.105
0.107
0.11
0.113
0.117
0.12
0.122
0.125
0.127
0.13
0.133
0.136
0.141
0.145
0.152
0.161
0.168
0.172
0.171
0.166
0.159
0.15
0.143
0.134
0.125
0.115
0.104
0.092
0.082
0.075
0.068
0.062
0.057
0.053
0.049
0.047
0.046
0.045
0.044
0.042
0.04
0.037
0.034
0.031
0.029
0.027
0.025
0.022
0.017
0.012
0.008
0.005
0.003
0.002
0.0
-0.002
-0.005
-0.008
-0.01
-0.012
-0.014
-0.016
-0.018
-0.02
-0.021
-0.02
-0.018
-0.016
-0.014
-0.011
-0.009
-0.006
-0.003
0.0
0.004
0.008
0.012
0.015
0.02
0.031
0.043
0.052
0.059
0.064
0.069
0.073
0.078
0.082
0.085
0.086
0.085
0.083
0.081
0.08
0.078
0.077
0.075
0.072
0.07
0.068
0.067
0.068
0.068
0.069
0.07
0.072
0.074
0.078
0.082
0.085
0.088
0.089
0.09
0.091
0.093
0.096
0.099
0.103
0.107
0.111
0.115
0.119
0.123
0.127
0.131
0.135
0.139
0.144
0.149
0.155
0.161
0.166
0.17
0.172
0.173
0.174
0.174
0.174
0.171
0.167
0.161
0.154
0.129
0.066
-0.011
-0.097
-0.183
-0.273
-0.365
-0.446
-0.516
-0.551
-0.568
-0.578
-0.585
-0.589
-0.588
-0.582
-0.573
-0.563
-0.554
-0.544
-0.535
-0.528
-0.528
-0.532
-0.54
-0.547
-0.552
-0.556
-0.561
-0.566
-0.569
-0.571
-0.569
-0.564
-0.557
-0.547
-0.533
-0.51
-0.49
-0.477
-0.468
-0.459
-0.448
-0.436
-0.423
-0.411
-0.398
-0.386
-0.376
-0.366
-0.358
-0.351
-0.344
-0.338
-0.333
-0.327
-0.322
-0.318
-0.315
-0.312
-0.31
-0.307
-0.305
-0.303
-0.301
-0.299
-0.297
-0.294
-0.291
-0.288
-0.286
-0.284
-0.283
-0.28
-0.275
-0.269
-0.262
-0.244
-0.207
-0.18
-0.16
-0.139
-0.12
-0.105
-0.094
-0.085
-0.078
-0.073
-0.068
-0.063
-0.056
-0.048
-0.041
-0.035
-0.029
-0.024
-0.019
-0.015
-0.012
-0.009
-0.007
-0.005
-0.003
-0.001
0.0
0.002
0.007
0.012
0.011
0.0
-0.013
-0.023
-0.032
-0.042
