0.354
0.351
0.346
0.34
0.334
0.323
0.303
0.284
0.259
0.228
0.198
0.166
0.13
0.096
0.063
0.035
0.011
-0.01
-0.03
-0.052
-0.074
-0.089
-0.107
-0.122
-0.135
-0.146
-0.156
-0.166
-0.176
-0.185
-0.195
-0.203
-0.211
-0.219
-0.229
-0.239
-0.246
-0.254
-0.26
-0.266
-0.269
-0.272
-0.274
-0.276
-0.278
-0.279
-0.281
-0.282
-0.283
-0.283
-0.284
-0.284
-0.284
-0.283
-0.283
-0.282
-0.281
-0.28
-0.279
-0.278
-0.277
-0.275
-0.274
-0.271
-0.266
-0.264
-0.267
-0.273
-0.277
-0.28
-0.284
-0.286
-0.288
-0.288
-0.288
-0.286
-0.283
-0.279
-0.274
-0.268
-0.257
-0.247
-0.239
-0.233
-0.229
-0.226
-0.223
-0.22
-0.216
-0.212
-0.208
-0.203
-0.198
-0.191
-0.183
-0.175
-0.168
-0.162
-0.157
-0.151
-0.144
-0.137
-0.13
-0.122
-0.113
-0.104
-0.094
-0.084
-0.075
-0.065
-0.057
-0.049
-0.041
-0.032
-0.022
-0.013
-0.002
0.011
0.022
0.031
0.042
0.054
0.061
0.066
0.069
0.072
0.074
0.071
0.064
0.057
0.053
0.048
0.044
0.04
0.037
0.036
0.038
0.041
0.046
0.052
0.056
0.06
0.063
0.068
0.072
0.076
0.08
0.084
0.087
0.09
0.092
0.095
0.099
0.106
0.137
0.21
0.329
0.498
0.7
0.896
1.04
1.096
1.043
0.892
0.678
0.447
0.233
0.062
-0.045
-0.081
-0.081
-0.045
0.018
0.083
0.102
0.108
0.113
0.104
0.093
0.085
0.086
0.1
0.115
0.132
0.148
0.156
0.159
0.162
0.164
0.166
0.169
0.171
0.174
0.177
0.179
0.181
0.182
0.184
0.186
0.189
0.191
0.194
0.198
0.203
0.21
0.218
0.225
0.232
0.238
0.244
0.251
0.258
0.265
0.272
0.278
0.286
0.294
0.303
0.314
0.327
0.34
0.348
0.356
0.363
0.369
0.373
0.376
0.377
0.378
0.378
0.378
0.379
0.38
0.38
0.381
0.382
0.382
0.379
0.371
0.36
0.343
0.312
0.28
0.247
0.22
0.199
0.18
0.162
0.144
0.127
0.11
0.093
0.078
0.062
0.045
0.018
-0.002
-0.016
-0.028
-0.039
-0.049
-0.056
-0.059
-0.06
-0.061
-0.062
-0.063
-0.064
-0.065
-0.065
-0.066
-0.067
-0.067
-0.068
-0.069
-0.069
-0.07
-0.07
-0.07
-0.07
-0.07
-0.069
-0.068
-0.068
-0.067
-0.068
-0.068
-0.069
-0.07
-0.07
-0.07
-0.07
-0.07
-0.07
-0.07
-0.07
-0.07
-0.07
-0.07
-0.071
-0.072
-0.072
-0.072
-0.072
-0.071
-0.071
-0.071
-0.071
-0.071
-0.07
-0.07
-0.071
-0.072
-0.074
-0.075
-0.077
-0.077
-0.078
-0.078
-0.078
-0.077
-0.076
-0.074
-0.072
-0.07
-0.068
-0.066
-0.063
-0.061
-0.059
-0.056
-0.053
-0.051
-0.046
-0.031
-0.02
-0.018
-0.016
-0.014
-0.012
-0.011
-0.009
-0.007
-0.005
-0.004
-0.004
-0.003
-0.003
-0.003
-0.003
-0.003
-0.003
-0.004
-0.004
-0.003
-0.002
0.0
0.0
-0.006
-0.014
-0.023
-0.028
-0.034
-0.041
-0.047
-0.054
-0.059
-0.062
-0.064
-0.064
-0.064
-0.063
-0.061
-0.058
-0.052
-0.045
-0.037
-0.026
0.02
0.129
0.282
0.468
0.671
0.863
1.006
1.036
1.012
0.861
0.623
0.357
0.114
-0.072
-0.156
-0.185
-0.199
-0.199
-0.191
-0.182
-0.176
-0.171
-0.166
-0.162
-0.157
-0.152
-0.146
-0.139
-0.132
-0.126
-0.119
-0.113
-0.108
-0.102
-0.097
-0.09
-0.083
-0.077
-0.071
-0.066
-0.062
-0.058
-0.054
-0.05
-0.047
-0.044
-0.041
-0.037
-0.034
-0.031
-0.028
-0.025
-0.021
-0.017
-0.012
-0.004
0.004
0.012
0.02
0.028
0.035
0.043
0.05
0.059
0.066
0.074
0.083
0.094
0.109
0.124
0.138
0.147
0.153
0.159
0.164
0.168
0.169
0.168
0.164
0.159
0.152
0.145
0.139
0.131
0.122
0.113
0.105
0.098
0.089
0.076
0.056
0.039
0.022
0.005
-0.011
-0.033
-0.065
-0.088
-0.102
-0.112
-0.115
-0.117
-0.118
-0.121
-0.123
-0.124
-0.121
-0.116
-0.112
-0.109
-0.106
-0.103
-0.101
-0.099
-0.097
-0.095
-0.093
-0.092
-0.092
-0.092
-0.093
-0.093
-0.093
-0.093
-0.092
-0.091
-0.09
-0.089
-0.089
-0.089
-0.089
-0.09
-0.09
-0.091
-0.092
-0.093
-0.094
-0.094
-0.093
-0.091
-0.088
-0.086
-0.085
-0.083
-0.082
-0.081
-0.079
-0.078
-0.077
-0.075
-0.073
-0.069
-0.065
-0.06
-0.055
-0.051
-0.048
-0.043
-0.039
-0.036
-0.034
-0.033
-0.031
-0.029
-0.026
-0.024
-0.021
-0.018
-0.016
-0.014
-0.012
-0.01
-0.009
-0.009
-0.009
-0.009
-0.009
-0.008
-0.007
-0.006
-0.004
-0.002
0.0
0.003
0.007
0.011
0.016
0.021
0.026
0.031
0.037
0.049
0.059
0.063
0.066
0.069
0.071
0.072
0.074
0.075
0.075
0.075
0.074
0.072
0.069
0.066
0.063
0.059
0.057
0.053
0.049
0.046
0.044
0.043
0.042
0.043
0.044
0.045
0.047
0.05
0.055
0.062
0.047
0.026
0.01
0.006
0.002
-0.001
0.021
0.091
0.219
0.406
0.635
0.882
1.105
1.261
1.309
1.215
0.986
0.679
0.372
0.125
-0.028
-0.074
-0.072
-0.036
-0.019
-0.017
-0.016
-0.016
-0.015
-0.014
-0.014
-0.013
-0.013
-0.012
-0.012
-0.012
-0.013
-0.014
-0.014
-0.015
-0.015
-0.014
-0.013
-0.012
-0.01
-0.008
-0.005
-0.002
0.0
0.003
0.01
0.031
0.043
0.05
0.054
0.057
0.059
0.06
0.06
0.059
0.057
0.055
0.051
0.046
0.058
0.078
0.102
0.121
0.136
0.15
0.162
0.172
0.181
0.189
0.193
0.196
0.198
0.201
0.203
0.205
0.208
0.21
0.211
0.211
0.211
0.21
0.208
0.205
0.202
0.198
0.194
0.189
0.183
0.177
0.166
0.141
0.125
0.105
0.083
0.066
0.053
0.041
0.025
0.006
-0.009
-0.027
-0.046
-0.063
-0.078
-0.097
-0.108
-0.113
-0.117
-0.12
-0.122
-0.123
-0.123
-0.123
-0.122
-0.121
-0.119
-0.116
-0.113
-0.109
-0.106
-0.103
-0.1
-0.096
-0.093
-0.091
-0.09
-0.091
-0.094
-0.097
-0.101
-0.105
-0.108
-0.111
-0.114
-0.117
-0.119
-0.121
-0.122
-0.122
-0.122
-0.122
-0.121
-0.12
-0.118
-0.116
-0.115
-0.114
-0.112
-0.111
-0.109
-0.108
-0.108
-0.108
-0.11
-0.113
-0.116
-0.118
-0.119
-0.121
-0.124
-0.126
-0.128
-0.13
-0.132
-0.134
-0.136
-0.138
-0.139
-0.141
-0.142
-0.143
-0.145
-0.148
-0.154
-0.159
-0.158
-0.155
-0.149
-0.141
-0.123
-0.109
-0.101
-0.096
-0.091
-0.088
-0.086
-0.084
-0.083
-0.081
-0.079
-0.077
-0.075
-0.073
-0.072
-0.07
-0.067
-0.064
-0.061
-0.059
-0.057
-0.054
-0.051
-0.047
-0.045
-0.043
-0.044
-0.047
-0.051
-0.055
-0.057
-0.059
-0.06
-0.062
-0.063
-0.064
-0.066
-0.068
-0.069
-0.072
-0.074
-0.076
-0.077
-0.078
-0.079
-0.081
-0.083
-0.087
-0.098
-0.114
-0.123
-0.129
-0.107
-0.044
0.081
0.267
0.505
0.768
1.014
1.197
1.256
1.168
0.945
0.638
0.32
0.054
-0.118
-0.176
-0.175
-0.152
-0.142
-0.134
-0.128
-0.122
-0.109
-0.091
-0.081
-0.076
-0.074
-0.071
-0.067
-0.063
-0.058
-0.054
-0.05
-0.047
-0.044
-0.041
-0.037
-0.034
-0.031
-0.03
-0.028
-0.026
-0.022
-0.017
-0.006
0.013
0.023
0.027
0.03
0.033
0.037
0.04
0.043
0.046
0.05
0.059
0.076
0.09
0.1
0.11
0.123
0.141
0.157
0.169
0.182
0.194
0.206
0.218
0.235
0.25
0.254
0.257
0.259
0.261
0.261
0.262
0.261
0.259
0.257
0.254
0.253
0.251
0.248
0.245
0.243
0.241
0.238
0.234
0.229
0.218
0.199
0.18
0.162
0.144
0.124
0.103
0.08
0.054
0.035
0.02
0.005
-0.009
-0.024
-0.038
-0.047
-0.053
-0.056
-0.057
-0.059
-0.06
-0.06
-0.059
-0.056
-0.053
-0.05
-0.049
-0.047
-0.045
-0.044
-0.042
-0.04
-0.038
-0.037
-0.036
-0.035
-0.034
-0.034
-0.035
-0.037
-0.039
-0.041
-0.043
-0.044
-0.045
-0.047
-0.048
-0.049
-0.05
-0.051
-0.054
-0.057
-0.06
-0.061
-0.061
-0.059
-0.054
-0.049
-0.038
-0.024
-0.019
-0.016
-0.013
-0.011
-0.01
-0.01
-0.011
-0.014
-0.019
-0.023
-0.027
-0.03
-0.033
-0.037
-0.041
-0.044
-0.045
-0.045
-0.045
-0.044
-0.044
-0.043
-0.042
-0.042
-0.041
-0.041
-0.04
-0.039
-0.038
-0.036
-0.035
-0.033
-0.032
-0.03
-0.028
-0.026
-0.023
-0.021
-0.017
-0.012
-0.005
-0.001
0.001
0.002
0.004
0.005
0.007
0.009
0.01
0.011
0.011
0.01
0.008
0.004
0.001
-0.002
-0.007
-0.015
-0.022
-0.029
-0.035
-0.04
-0.044
-0.048
-0.052
-0.056
-0.06
-0.065
-0.071
-0.081
-0.096
-0.108
-0.121
-0.131
-0.123
-0.098
-0.036
0.059
0.197
0.372
0.568
0.756
0.902
0.965
0.912
0.745
0.492
0.209
-0.039
-0.208
-0.272
-0.277
-0.241
-0.189
-0.159
-0.152
-0.147
-0.143
-0.141
-0.139
-0.137
-0.134
-0.132
-0.13
-0.128
-0.126
-0.123
-0.119
-0.116
-0.113
-0.109
-0.106
-0.104
-0.102
-0.1
-0.098
-0.097
-0.095
-0.093
-0.091
-0.089
-0.087
-0.085
-0.083
-0.08
-0.076
-0.069
-0.055
-0.039
-0.025
-0.013
-0.004
0.002
0.012
0.028
0.042
0.052
0.064
0.08
0.101
0.112
0.118
0.121
0.124
0.127
0.129
0.133
0.136
0.139
0.141
0.144
0.147
0.151
0.155
0.158
0.16
0.16
0.158
0.156
0.152
0.147
0.137
0.119
0.102
0.085
0.067
0.048
0.028
0.006
-0.014
-0.029
-0.043
-0.057
-0.071
-0.084
-0.095
-0.105
-0.114
-0.124
-0.129
-0.133
-0.137
-0.14
-0.143
-0.145
-0.145
-0.146
-0.145
-0.144
-0.143
-0.141
-0.139
-0.137
-0.135
-0.134
-0.132
-0.131
-0.131
-0.13
-0.128
-0.127
-0.125
-0.122
-0.119
-0.117
-0.115
-0.114
-0.113
-0.113
-0.113
-0.112
-0.112
-0.111
-0.111
-0.11
-0.107
-0.105
-0.103
-0.101
-0.099
-0.098
-0.098
-0.098
-0.097
-0.097
-0.097
-0.097
-0.096
-0.094
-0.092
-0.092
-0.094
-0.096
-0.098
-0.096
-0.083
-0.077
-0.074
-0.073
-0.071
-0.07
-0.069
-0.067
-0.065
-0.063
-0.062
-0.06
-0.057
-0.056
-0.054
-0.053
-0.051
-0.049
-0.047
-0.044
-0.041
-0.038
-0.033
-0.026
-0.017
-0.01
-0.006
-0.003
-0.001
0.001
0.004
0.007
0.01
0.009
0.005
-0.001
-0.012
-0.032
-0.053
-0.059
-0.064
-0.068
-0.069
-0.067
-0.061
-0.054
-0.046
-0.036
-0.03
-0.035
-0.046
-0.063
-0.085
-0.099
-0.109
-0.099
-0.07
-0.003
0.102
0.253
0.444
0.655
0.862
1.024
1.075
1.059
0.926
0.689
0.407
0.136
-0.075
-0.184
-0.202
-0.184
-0.134
-0.089
-0.067
-0.058
-0.054
-0.052
-0.049
-0.047
-0.045
-0.042
-0.038
-0.035
-0.033
-0.03
-0.027
-0.025
-0.022
-0.019
-0.015
-0.01
-0.004
0.0
0.004
0.008
0.012
0.015
0.02
0.026
0.032
0.041
0.051
0.058
0.064
0.07
0.075
0.08
0.084
0.088
0.091
0.096
0.102
0.11
0.118
0.128
0.139
0.151
0.161
0.17
0.181
0.194
0.208
0.218
0.225
0.23
0.235
0.239
0.242
0.245
0.248
0.252
0.255
0.258
0.258
0.257
0.252
0.246
0.238
0.227
0.21
0.197
0.18
0.157
0.134
0.109
0.083
0.056
0.037
0.025
0.012
-0.001
-0.012
-0.019
-0.025
-0.03
-0.036
-0.041
-0.045
-0.049
-0.051
-0.053
-0.055
-0.057
-0.058
-0.06
-0.061
-0.061
-0.061
-0.062
-0.063
-0.063
-0.063
-0.062
-0.06
-0.059
-0.057
-0.056
-0.055
-0.052
-0.048
-0.045
-0.042
-0.039
-0.037
-0.033
-0.027
-0.02
-0.015
-0.011
-0.01
-0.009
-0.007
-0.006
-0.004
-0.003
-0.001
0.0
0.0
0.001
0.002
0.002
0.001
0.0
0.0
-0.001
-0.002
-0.002
-0.003
-0.003
-0.003
-0.003
-0.002
-0.002
-0.002
-0.001
-0.001
-0.001
-0.001
-0.001
0.0
0.0
0.0
0.0
0.001
0.002
0.003
0.005
0.008
0.012
0.015
0.018
0.018
0.015
0.011
0.005
0.0
-0.008
-0.018
-0.029
-0.038
-0.046
-0.051
-0.055
-0.058
-0.061
-0.063
-0.066
-0.07
-0.073
-0.075
-0.077
-0.08
-0.083
-0.087
-0.098
-0.121
-0.136
-0.145
-0.151
-0.15
-0.143
-0.128
-0.085
0.003
0.133
0.3
0.493
0.692
0.874
0.992
1.005
0.948
0.753
0.49
0.218
-0.017
-0.188
