-0.819
-0.931
-0.949
-0.924
-0.765
-0.502
-0.177
0.144
0.4
0.513
0.515
0.412
0.249
0.114
0.07
0.058
0.051
0.045
0.038
0.031
0.025
0.018
0.014
0.011
0.008
0.006
0.006
0.006
0.005
0.003
0.001
-0.001
-0.003
-0.005
-0.007
-0.009
-0.011
-0.012
-0.013
-0.015
-0.016
-0.017
-0.018
-0.02
-0.022
-0.024
-0.028
-0.031
-0.036
-0.04
-0.044
-0.049
-0.053
-0.058
-0.062
-0.067
-0.072
-0.078
-0.086
-0.095
-0.103
-0.11
-0.116
-0.124
-0.132
-0.14
-0.149
-0.156
-0.166
-0.183
-0.214
-0.235
-0.247
-0.255
-0.26
-0.264
-0.267
-0.271
-0.275
-0.28
-0.286
-0.295
-0.307
-0.322
-0.344
-0.365
-0.377
-0.384
-0.389
-0.394
-0.397
-0.399
-0.4
-0.398
-0.393
-0.386
-0.378
-0.368
-0.352
-0.323
-0.305
-0.283
-0.25
-0.212
-0.172
-0.128
-0.09
-0.059
-0.028
0.002
0.027
0.037
0.041
0.045
0.049
0.055
0.061
0.067
0.073
0.081
0.091
0.107
0.117
0.124
0.127
0.129
0.131
0.134
0.136
0.138
0.14
0.14
0.14
0.14
0.139
0.137
0.134
0.13
0.127
0.123
0.121
0.119
0.118
0.118
0.117
0.116
0.115
0.113
0.112
0.111
0.11
0.11
0.109
0.108
0.107
0.107
0.108
0.109
0.109
0.11
0.11
0.111
0.111
0.111
0.111
0.11
0.11
0.11
0.111
0.111
0.112
0.112
0.111
0.11
0.11
0.109
0.109
0.108
0.107
0.105
0.102
0.1
0.099
0.098
0.097
0.095
0.092
0.088
0.084
0.081
0.078
0.075
0.073
0.07
0.068
0.066
0.065
0.065
0.065
0.064
0.063
0.062
0.06
0.059
0.057
0.056
0.055
0.054
0.053
0.052
0.052
0.052
0.052
0.051
0.047
0.041
0.037
0.035
0.037
0.039
0.043
0.045
0.046
0.048
0.051
0.054
0.056
0.058
0.059
0.06
0.061
0.062
0.062
0.062
0.06
0.059
0.057
0.055
0.052
0.045
0.044
0.048
0.049
0.051
0.052
0.053
0.053
0.054
0.054
0.055
0.056
0.056
0.054
0.051
0.048
0.044
0.042
0.039
0.037
0.034
0.031
0.029
0.026
0.024
0.022
0.02
0.017
0.015
0.015
0.015
0.016
0.017
0.018
0.019
0.021
0.023
0.026
0.028
0.029
0.028
0.028
0.027
0.027
0.028
0.029
0.03
0.03
0.03
0.032
0.034
0.028
0.016
0.006
-0.003
-0.012
-0.022
-0.032
-0.041
-0.048
-0.055
-0.061
-0.065
-0.067
-0.065
-0.06
-0.052
-0.044
-0.038
-0.034
-0.03
-0.025
-0.02
-0.016
-0.012
-0.008
-0.005
-0.002
0.0
0.0
0.0
-0.001
-0.003
-0.007
-0.011
-0.016
-0.022
-0.029
-0.037
-0.052
-0.086
-0.138
-0.208
-0.297
-0.402
-0.517
-0.629
-0.711
-0.738
-0.705
-0.605
-0.391
-0.12
0.146
0.356
0.46
0.469
0.416
0.302
0.193
0.127
0.106
0.094
0.085
0.079
0.074
0.07
0.066
0.062
0.058
0.054
0.049
0.044
0.04
0.036
0.032
0.029
0.025
0.022
0.019
0.016
0.014
0.013
0.013
0.014
0.017
0.022
0.027
0.032
0.036
0.04
0.044
0.051
0.058
0.064
0.066
0.063
0.056
0.048
0.042
0.038
0.034
0.029
0.024
0.02
0.016
0.013
0.009
0.006
0.002
-0.001
-0.005
-0.007
-0.011
-0.015
-0.024
-0.034
-0.047
-0.061
-0.073
-0.085
-0.097
-0.108
-0.119
-0.129
-0.14
-0.152
-0.163
-0.173
-0.184
-0.195
-0.208
-0.221
-0.235
-0.245
-0.253
-0.259
-0.265
-0.267
-0.267
-0.263
-0.256
-0.246
-0.234
-0.217
-0.186
-0.161
-0.135
-0.11
-0.083
-0.057
-0.031
-0.006
0.019
0.044
0.064
0.084
0.104
0.13
0.142
0.149
0.155
0.159
0.163
0.167
0.17
0.174
0.178
0.18
0.182
0.184
0.186
0.188
0.191
0.193
0.196
0.199
0.201
0.203
0.205
0.206
0.203
0.198
0.19
0.183
0.176
0.171
0.166
0.162
0.157
0.154
0.151
0.149
0.148
0.146
0.144
0.141
0.138
0.136
0.134
0.132
0.13
0.127
0.124
0.122
0.121
0.12
0.119
0.118
0.117
0.115
0.114
0.113
0.112
0.111
0.109
0.106
0.103
0.101
0.1
0.099
0.098
0.096
0.095
0.093
0.092
0.091
0.09
0.089
0.087
0.084
0.082
0.081
0.081
0.08
0.079
0.078
0.077
0.076
0.076
0.076
0.073
0.068
0.063
0.06
0.06
0.06
0.061
0.062
0.063
0.064
0.067
0.07
0.072
0.073
0.069
0.064
0.059
0.054
0.05
0.046
0.043
0.04
0.039
0.038
0.038
0.038
0.038
0.039
0.041
0.043
0.046
0.047
0.048
0.048
0.048
0.05
0.052
0.055
0.057
0.058
0.06
0.061
0.061
0.061
0.06
0.056
0.052
0.046
0.041
0.037
0.034
0.032
0.029
0.026
0.024
0.023
0.022
0.021
0.02
0.019
0.017
0.015
0.014
0.014
0.014
0.012
0.01
0.008
0.006
0.004
0.003
0.001
0.0
-0.002
-0.004
-0.006
-0.007
-0.008
-0.01
-0.012
-0.014
-0.015
-0.016
-0.017
-0.019
-0.021
-0.023
-0.026
-0.028
-0.031
-0.033
-0.036
-0.039
-0.042
-0.044
-0.047
-0.05
-0.053
-0.057
-0.062
-0.066
-0.07
-0.074
-0.078
-0.082
-0.086
-0.091
-0.094
-0.096
-0.098
-0.099
-0.1
-0.102
-0.104
-0.106
-0.107
-0.107
-0.108
-0.108
-0.109
-0.11
-0.11
-0.11
-0.109
-0.109
-0.109
-0.109
-0.109
-0.11
-0.112
-0.115
-0.119
-0.126
-0.141
-0.157
-0.176
-0.205
-0.246
-0.313
-0.39
-0.483
-0.592
-0.7
-0.762
-0.783
-0.745
-0.634
-0.451
-0.242
-0.04
0.123
0.21
0.24
0.213
0.132
0.013
-0.092
-0.127
-0.135
-0.14
-0.143
-0.148
-0.155
-0.163
-0.172
-0.18
-0.186
-0.192
-0.197
-0.201
-0.204
-0.207
-0.211
-0.215
-0.22
-0.223
-0.227
-0.23
-0.232
-0.234
-0.236
-0.239
-0.242
-0.245
-0.247
-0.25
-0.252
-0.254
-0.256
-0.26
-0.263
-0.266
-0.269
-0.272
-0.275
-0.279
-0.282
-0.285
-0.288
-0.29
-0.293
-0.296
-0.3
-0.304
-0.307
-0.311
-0.314
-0.318
-0.321
-0.324
-0.328
-0.332
-0.337
-0.343
-0.351
-0.364
-0.379
-0.392
-0.402
-0.412
-0.421
-0.429
-0.436
-0.443
-0.449
-0.455
-0.46
-0.464
-0.468
-0.472
-0.476
-0.479
-0.482
-0.484
-0.484
-0.482
-0.478
-0.473
-0.466
-0.457
-0.444
-0.42
-0.402
-0.379
-0.351
-0.323
-0.294
-0.264
-0.229
-0.198
-0.175
-0.151
-0.137
-0.129
-0.122
-0.115
-0.109
-0.102
-0.096
-0.089
-0.082
-0.071
-0.056
-0.041
-0.025
-0.018
-0.014
-0.012
-0.01
-0.01
-0.009
-0.009
-0.008
-0.007
-0.006
-0.005
-0.002
0.0
0.001
0.002
0.002
0.002
0.002
0.003
0.003
0.004
0.005
0.006
0.008
0.011
0.014
0.018
0.021
0.024
0.027
0.03
0.032
0.035
0.037
0.039
0.041
0.044
0.046
0.05
0.054
0.058
0.062
0.066
0.07
0.073
0.077
0.08
0.083
0.085
0.088
0.09
0.092
0.095
0.098
0.102
0.105
0.109
0.113
0.116
0.119
0.123
0.126
0.129
0.132
0.135
0.137
0.139
0.142
0.145
0.148
0.151
0.154
0.157
0.16
0.164
0.168
0.171
0.173
0.175
0.177
0.179
0.182
0.185
0.189
0.193
0.198
0.204
0.212
0.22
0.227
0.233
0.239
0.244
0.248
0.252
0.255
0.258
0.261
0.264
0.267
0.27
0.273
0.277
0.28
0.284
0.288
0.292
0.296
0.3
0.303
0.307
0.31
0.314
0.318
0.322
0.326
0.329
0.333
0.337
0.341
0.345
0.349
0.351
0.354
0.357
0.36
0.363
0.366
0.368
0.372
0.375
0.379
0.382
0.384
0.386
0.386
0.385
0.384
0.383
0.383
0.382
0.381
0.381
0.38
0.379
0.378
0.378
0.379
0.379
0.38
0.382
0.383
0.384
0.385
0.387
0.388
0.39
0.39
0.39
0.39
0.39
0.39
0.39
0.39
0.389
0.388
0.387
0.386
0.384
0.381
0.378
0.373
0.367
0.361
0.356
0.351
0.345
0.34
0.334
0.329
0.325
0.322
0.32
0.319
0.317
0.315
0.314
0.314
0.314
0.315
0.315
0.315
0.315
0.315
0.316
0.316
0.317
0.317
0.317
0.316
0.316
0.316
0.315
0.312
0.31
0.306
0.302
0.298
0.292
0.283
0.262
0.242
0.224
0.196
0.156
0.086
0.001
-0.097
-0.21
-0.327
-0.424
-0.455
-0.431
-0.36
-0.176
0.061
0.305
0.504
0.605
0.638
0.61
0.528
0.424
0.341
0.299
0.272
0.256
0.238
0.217
0.206
0.198
0.191
0.186
0.181
0.177
0.173
0.17
0.167
0.165
0.163
0.161
0.16
0.158
0.157
0.156
0.155
0.154
0.152
0.15
0.146
0.143
0.139
0.135
0.131
0.126
0.121
0.115
0.109
0.103
0.097
0.088
0.078
0.069
0.061
0.055
0.049
0.044
0.04
0.036
0.033
0.03
0.026
0.022
0.019
0.016
0.012
0.008
0.002
-0.007
-0.027
-0.05
-0.067
-0.078
-0.089
-0.1
-0.112
-0.123
-0.137
-0.153
-0.169
-0.183
-0.201
-0.223
-0.254
-0.274
-0.288
-0.299
-0.306
-0.309
-0.309
-0.309
-0.31
-0.309
-0.309
-0.31
-0.31
-0.311
-0.306
-0.296
-0.282
-0.259
-0.22
-0.188
-0.164
-0.141
-0.121
-0.105
-0.089
-0.072
-0.053
-0.03
-0.006
0.003
0.009
0.014
0.017
0.02
0.023
0.027
0.031
0.035
0.039
0.042
0.047
0.051
0.054
0.058
0.062
0.065
0.07
0.075
0.08
0.085
0.087
0.086
0.08
0.072
0.063
0.054
0.048
0.042
0.035
0.028
0.021
0.015
0.009
0.004
0.0
-0.005
-0.01
-0.014
-0.018
-0.02
-0.021
-0.022
-0.023
-0.025
-0.027
-0.029
-0.03
-0.032
-0.033
-0.034
-0.035
-0.036
-0.036
-0.036
-0.035
-0.034
-0.033
-0.032
-0.032
-0.032
-0.032
-0.031
-0.03
-0.03
-0.03
-0.03
-0.03
-0.029
-0.028
-0.027
-0.027
-0.027
-0.027
-0.027
-0.027
-0.026
-0.026
-0.027
-0.027
-0.028
-0.029
-0.029
-0.029
-0.03
-0.031
-0.032
-0.033
-0.034
-0.035
-0.036
-0.037
-0.038
-0.04
-0.041
-0.042
-0.043
-0.045
-0.047
-0.05
-0.053
-0.056
-0.059
-0.063
-0.067
-0.071
-0.075
-0.078
-0.08
-0.081
-0.083
-0.084
-0.085
-0.086
-0.088
-0.091
-0.094
-0.097
-0.1
-0.104
-0.107
-0.11
-0.111
-0.112
-0.111
-0.109
-0.106
-0.103
-0.101
-0.099
-0.097
-0.095
-0.094
-0.094
-0.094
-0.094
-0.095
-0.095
-0.095
-0.095
-0.095
-0.094
-0.093
-0.092
-0.091
-0.091
-0.092
-0.094
-0.095
-0.097
-0.098
-0.099
-0.1
-0.101
-0.102
-0.102
-0.102
-0.101
-0.1
-0.099
-0.1
-0.101
-0.102
-0.102
-0.102
-0.102
-0.102
-0.102
-0.103
-0.103
-0.103
-0.104
-0.104
-0.105
-0.107
-0.108
-0.11
-0.112
-0.114
-0.117
-0.121
-0.125
-0.13
-0.135
-0.14
-0.145
-0.15
-0.155
-0.162
-0.17
-0.177
-0.182
-0.184
-0.182
-0.177
-0.17
-0.163
-0.157
-0.15
-0.14
-0.13
-0.125
-0.124
-0.124
-0.124
-0.122
-0.12
-0.118
-0.116
-0.115
-0.115
-0.115
-0.115
-0.116
-0.118
-0.122
-0.127
-0.135
-0.142
-0.156
-0.191
-0.261
-0.349
-0.458
-0.585
-0.72
-0.844
-0.917
-0.922
-0.876
-0.726
-0.5
-0.234
0.012
0.194
0.278
0.284
0.233
0.136
0.049
0.005
-0.005
-0.013
-0.018
-0.021
-0.022
-0.022
-0.022
-0.022
-0.021
-0.02
-0.019
-0.015
-0.012
-0.01
-0.016
-0.027
-0.037
-0.04
-0.042
-0.043
-0.044
-0.046
-0.048
-0.05
-0.052
-0.053
-0.054
-0.054
-0.054
-0.055
-0.056
-0.056
-0.057
-0.057
-0.058
-0.059
-0.059
-0.06
-0.061
-0.062
-0.064
-0.065
-0.068
-0.071
-0.074
-0.077
-0.08
-0.083
-0.087
-0.092
-0.103
-0.115
-0.125
-0.133
-0.141
-0.15
-0.159
-0.168
-0.178
-0.188
-0.198
-0.21
-0.226
-0.242
-0.259
-0.274
-0.288
-0.3
-0.313
-0.325
-0.332
-0.338
-0.344
-0.349
-0.353
-0.356
-0.357
-0.356
-0.355
-0.352
-0.348
-0.343
-0.337
-0.323
-0.294
-0.262
-0.227
-0.194
-0.17
-0.146
-0.122
-0.098
-0.074
-0.05
-0.027
-0.009
0.008
0.027
0.05
0.074
0.098
0.114
0.121
0.124
0.128
0.131
0.133
0.136
0.138
0.139
0.14
0.14
0.14
0.14
0.139
0.139
0.138
0.138
0.138
0.138
0.138
0.137
0.136
0.134
0.132
0.129
0.126
0.123
0.12
0.118
0.116
0.114
0.113
0.112
0.112
0.111
0.11
0.109
0.106
0.102
0.099
0.095
0.092
0.089
0.086
0.084
0.082
0.081
0.08
0.079
0.078
0.075
0.072
0.068
0.064
0.06
0.056
0.053
0.05
0.048
0.046
0.044
0.041
0.038
0.031
0.025
0.022
0.025
0.03
0.036
0.04
0.045
0.05
0.053
0.053
0.047
0.039
0.032
0.029
0.027
0.026
0.024
0.022
0.02
0.018
0.016
0.015
0.013
0.012
0.012
0.011
0.011
0.01
0.009
0.008
0.007
0.006
0.005
0.005
0.005
0.004
0.004
0.003
0.003
0.002
0.001
0.001
0.001
0.001
0.001
0.001
0.0
0.0
0.0
0.0
-0.001
-0.002
-0.003
-0.003
-0.004
-0.005
-0.005
-0.006
-0.006
-0.005
-0.005
-0.005
-0.006
-0.006
-0.005
-0.005
-0.005
-0.004
-0.004
-0.004
-0.003
-0.002
-0.001
0.0
0.001
0.001
0.002
0.003
0.004
0.004
0.004
0.003
0.002
0.001
0.001
0.0
0.0
-0.001
-0.001
-0.001
-0.001
0.0
0.0
0.001
0.001
0.002
0.002
0.002
0.001
0.001
0.001
0.0
0.0
-0.001
-0.003
-0.006
-0.009
-0.012
-0.016
-0.02
-0.025
-0.03
-0.033
-0.036
-0.039
-0.043
-0.046
-0.049
-0.052
-0.053
-0.054
-0.054
-0.055
-0.055
-0.056
-0.055
-0.055
-0.054
-0.054
-0.054
-0.054
-0.054
-0.053
-0.053
-0.052
-0.051
-0.05
-0.049
-0.048
-0.048
-0.048
-0.049
-0.05
-0.052
-0.055
-0.057
-0.06
-0.063
-0.068
-0.074
-0.088
-0.125
-0.191
-0.273
-0.381
-0.511
-0.656
-0.801
-0.919
-0.964
-0.952
-0.839
-0.62
-0.34
-0.05
0.2
0.327
0.369
0.337
0.241
0.128
0.043
0.006
-0.007
-0.014
-0.019
-0.023
-0.026
-0.03
-0.033
-0.035
-0.036
-0.036
-0.037
-0.037
-0.037
-0.038
-0.039
-0.04
-0.041
-0.042
-0.043
-0.044
-0.044
-0.045
-0.045
-0.046
-0.047
-0.048
-0.05
-0.051
-0.053
-0.054
-0.057
-0.059
-0.062
-0.064
-0.066
-0.067
-0.068
-0.07
-0.071
-0.073
-0.075
-0.077
-0.079
-0.081
-0.084
-0.086
-0.089
-0.092
-0.096
-0.1
-0.105
-0.111
-0.12
-0.136
-0.152
-0.165
-0.178
-0.192
-0.206
-0.22
-0.232
-0.244
-0.257
-0.271
-0.288
-0.307
-0.318
-0.326
-0.333
-0.339
-0.343
-0.347
-0.349
-0.351
-0.352
-0.352
-0.351
-0.349
-0.347
-0.344
-0.34
-0.335
-0.329
-0.316
-0.287
-0.26
-0.228
-0.192
-0.158
-0.126
-0.096
-0.069
-0.041
-0.011
0.019
0.046
0.065
0.084
0.099
0.113
0.126
0.137
0.144
0.148
0.153
0.157
0.16
0.163
0.165
0.167
0.169
0.171
0.173
0.175
0.176
0.178
0.182
0.189
0.194
0.187
0.174
0.167
0.161
0.155
0.15
0.147
0.144
0.141
0.139
0.138
0.138
0.138
0.138
0.138
0.137
0.136
0.135
0.134
0.133
0.132
0.131
0.129
0.128
0.126
0.125
0.125
0.125
0.125
0.124
0.123
0.122
0.121
0.119
0.118
0.116
0.115
0.114
0.114
0.114
0.114
0.115
0.115
0.117
0.119
0.121
0.123
0.124
0.125
0.126
0.127
0.129
0.13
0.131
0.131
0.131
0.131
0.131
0.131
0.131
0.131
0.132
0.132
0.132
0.132
0.133
0.133
0.134
0.136
0.137
0.14
0.142
0.145
0.147
0.149
0.151
0.153
0.155
0.157
0.159
0.162
0.164
0.165
0.166
0.166
0.166
0.167
0.168
0.168
0.167
0.166
0.165
0.164
0.164
0.163
0.163
0.162
0.16
0.159
0.158
0.158
0.158
0.158
0.158
0.158
0.157
0.156
0.156
0.155
0.154
0.153
0.152
0.152
0.151
0.151
0.151
0.151
0.151
0.151
0.152
0.154
0.156
0.158
0.159
0.161
0.162
0.164
0.165
0.166
0.167
0.168
0.17
0.172
0.173
0.175
0.177
0.179
0.181
0.184
0.185
0.187
0.188
0.188
0.188
0.188
0.188
0.187
0.186
0.185
0.183
0.182
0.181
0.181
0.18
0.179
0.178
0.177
0.177
0.176
0.175
0.173
0.17
0.165
0.16
0.156
0.153
0.15
0.145
0.141
0.137
0.134
0.133
0.133
0.133
0.135
0.138
0.142
0.148
0.154
0.16
0.165
0.17
0.175
0.181
0.187
0.192
0.195
0.197
0.197
0.197
0.196
0.195
0.192
0.188
0.182
0.175
0.162
0.136
0.093
0.029
-0.065
-0.2
-0.37
-0.548
-0.705
-0.786
-0.78
-0.668
-0.423
-0.111
0.201
0.452
0.578
0.619
0.594
0.52
0.419
0.339
0.28
0.255
0.245
0.238
0.234
0.235
0.245
0.257
0.266
0.274
0.281
0.286
0.291
0.296
0.3
0.303
0.306
0.309
0.312
0.317
0.324
0.329
0.327
0.315
0.299
0.282
0.262
0.243
0.227
0.207
0.184
0.159
0.139
0.125
0.112
0.101
0.091
0.084
0.079
0.074
0.07
0.065
0.06
0.056
0.052
0.047
0.042
0.034
0.024
0.013
0.003
-0.007
-0.029
-0.058
-0.085
-0.114
-0.145
-0.178
-0.213
-0.243
-0.262
-0.278
-0.295
-0.317
-0.349
-0.387
-0.423
-0.452
-0.474
-0.498
-0.529
-0.57
-0.606
-0.631
-0.652
-0.672
-0.693
-0.719
-0.734
-0.744
-0.752
-0.759
-0.763
-0.764
-0.763
-0.759
-0.754
-0.746
-0.738
-0.725
-0.702
-0.681
-0.653
-0.615
-0.586
-0.567
-0.552
-0.538
-0.527
-0.52
-0.513
-0.507
-0.5
-0.493
-0.485
-0.476
-0.459
-0.438
-0.437
-0.437
-0.437
-0.438
-0.438
-0.438
-0.438
-0.438
-0.438
-0.437
-0.436
-0.434
-0.433
-0.431
-0.429
-0.425
-0.421
-0.415
-0.406
-0.384
-0.356
-0.333
-0.314
-0.3
-0.289
-0.28
-0.268
-0.252
-0.232
-0.215
-0.201
-0.188
-0.175
-0.159
-0.141
-0.132
-0.127
-0.124
-0.122
-0.119
-0.116
-0.111
-0.106
-0.1
-0.094
-0.086
-0.077
-0.068
-0.057
-0.046
-0.039
-0.034
-0.028
-0.024
-0.02
-0.016
-0.012
-0.008
-0.004
0.0
0.004
0.009
0.013
0.017
0.022
0.028
0.034
0.041
0.046
0.052
0.057
0.063
0.07
0.078
0.089
0.097
0.101
0.103
0.105
0.106
0.108
0.109
0.11
0.11
0.111
0.112
0.112
0.11
0.108
0.104
0.099
0.093
0.088
0.082
0.074
0.06
0.047
0.034
0.027
0.023
0.02
0.016
0.013
0.01
0.007
0.004
0.0
-0.003
-0.007
-0.012
-0.016
-0.019
-0.023
-0.027
-0.031
-0.035
-0.038
-0.041
-0.043
-0.044
-0.044
-0.042
-0.039
-0.035
-0.03
-0.026
-0.022
-0.019
-0.017
-0.016
-0.015
-0.014
-0.014
-0.013
-0.012
-0.012
-0.011
-0.009
-0.007
-0.005
-0.003
-0.001
0.0
0.0
0.002
0.004
0.007
0.01
0.012
0.015
0.02
0.026
0.034
0.041
0.049
0.055
0.061
0.067
0.072
0.076
0.079
0.08
0.082
0.083
0.085
0.086
0.088
0.089
0.09
0.09
0.091
0.091
0.09
0.088
0.086
0.083
0.08
0.077
0.074
0.071
0.068
0.065
0.062
0.059
0.056
0.053
0.052
0.053
0.058
0.067
0.077
0.087
0.099
0.116
0.128
0.133
0.136
0.139
0.141
0.143
0.144
0.145
0.146
0.146
0.145
0.142
0.138
0.132
0.124
0.11
0.081
0.027
-0.048
-0.15
-0.274
-0.414
-0.556
-0.678
-0.745
-0.746
-0.681
-0.507
-0.255
0.037
0.328
0.552
0.653
0.656
0.574
0.435
0.312
0.246
0.229
0.217
0.21
0.205
0.201
0.198
0.194
0.191
0.189
0.187
0.185
0.185
0.186
0.187
0.188
0.188
0.187
0.186
0.185
0.183
0.181
0.179
0.177
0.174
0.172
0.17
0.168
0.165
0.163
0.16
0.157
0.154
0.149
0.144
0.139
0.132
0.125
0.119
0.112
0.104
0.097
0.089
0.08
0.068
0.056
0.046
0.037
0.029
0.017
0.002
-0.01
-0.021
-0.033
-0.048
-0.068
-0.087
-0.102
-0.117
-0.131
-0.146
-0.16
-0.175
-0.191
-0.206
-0.222
-0.239
-0.256
-0.277
-0.3
-0.319
-0.329
-0.336
-0.343
-0.347
-0.35
-0.351
-0.35
-0.347
-0.342
-0.336
-0.328
-0.318
-0.297
-0.271
-0.243
-0.215
-0.193
-0.17
-0.147
-0.127
-0.102
-0.067
-0.036
-0.012
0.01
0.033
0.055
0.083
0.108
0.129
0.148
0.166
0.173
0.179
0.183
0.188
0.192
0.196
0.2
0.204
0.206
0.207
0.208
0.209
0.209
0.209
0.209
0.208
0.206
0.205
0.204
0.203
0.202
0.202
0.201
0.199
0.198
0.197
0.197
0.196
0.195
0.194
0.193
0.193
0.193
0.193
0.193
0.193
0.192
0.192
0.192
0.193
0.195
0.196
0.196
0.195
0.194
0.193
0.193
0.193
0.193
0.192
0.191
0.191
0.191
0.192
0.192
0.192
0.19
0.189
0.187
0.186
0.185
0.185
0.184
0.184
0.184
0.185
0.186
0.187
0.187
0.187
0.187
0.186
0.187
0.187
0.188
0.188
0.187
0.186
0.185
0.185
0.185
0.185
0.185
0.184
0.182
0.181
0.18
0.179
0.178
0.178
0.177
0.177
0.177
0.176
0.176
0.176
0.174
0.173
0.171
0.168
0.166
0.164
0.163
0.162
0.161
0.16
0.16
0.16
0.161
0.161
0.161
0.161
0.16
0.16
0.159
0.16
0.16
0.16
0.159
0.159
0.158
0.158
0.159
0.16
0.161
0.162
0.163
0.164
0.164
0.165
0.166
0.166
0.165
0.164
0.163
0.162
0.16
0.158
0.155
0.151
0.148
0.144
0.141
0.138
0.134
0.131
0.128
0.126
0.123
0.121
0.118
0.115
0.111
0.107
0.103
0.099
0.096
0.092
0.089
0.087
0.086
0.084
0.082
0.081
0.079
0.077
0.074
0.071
0.067
0.062
0.057
0.052
0.047
0.041
0.035
0.03
0.024
0.018
0.011
0.001
-0.008
-0.019
-0.028
-0.034
-0.038
-0.042
-0.044
-0.047
-0.049
-0.05
-0.052
-0.054
-0.055
-0.055
-0.054
-0.051
-0.047
-0.044
-0.04
-0.038
-0.036
-0.034
-0.031
-0.028
-0.026
-0.023
-0.022
-0.023
-0.024
-0.028
-0.032
-0.038
-0.045
-0.054
-0.064
-0.08
-0.109
-0.135
-0.2
-0.292
-0.415
-0.567
-0.736
-0.896
-0.992
-1.024
-0.976
-0.835
-0.571
-0.257
0.047
0.287
0.406
0.417
0.348
0.213
0.097
0.023
-0.003
-0.021
-0.029
-0.034
-0.038
-0.042
-0.046
-0.049
-0.052
-0.056
-0.06
-0.064
-0.069
-0.073
-0.076
-0.079
-0.081
-0.082
-0.085
-0.087
-0.089
-0.092
-0.094
-0.095
-0.097
-0.099
-0.101
-0.103
-0.105
-0.107
-0.108
-0.109
-0.11
-0.11
-0.111
-0.111
-0.112
-0.113
-0.115
-0.118
-0.122
-0.127
-0.133
-0.138
-0.143
-0.151
-0.16
-0.17
-0.18
-0.189
-0.199
-0.209
-0.218
-0.226
-0.233
-0.238
-0.244
-0.25
-0.258
-0.269
-0.281
-0.295
-0.311
-0.328
-0.347
-0.365
-0.381
-0.39
-0.396
-0.402
-0.407
-0.41
-0.413
-0.415
-0.417
-0.417
-0.416
-0.415
-0.412
-0.407
-0.401
-0.394
-0.385
-0.374
-0.357
-0.323
-0.295
-0.268
-0.241
-0.213
-0.184
-0.157
-0.128
-0.098
-0.069
-0.04
-0.012
0.016
0.047
0.071
0.089
0.106
0.126
0.145
0.154
0.161
0.168
0.173
0.179
0.184
0.188
0.192
0.195
0.197
0.199
0.2
0.202
0.204
0.205
0.205
0.205
0.205
0.204
0.203
0.202
0.201
0.2
0.198
0.198
0.197
0.197
0.196
0.195
0.193
0.192
0.19
0.187
0.184
0.18
0.175
0.17
0.166
0.164
0.162
0.16
0.16
0.16
0.16
0.16
0.159
0.159
0.158
0.157
0.156
0.155
0.153
0.151
0.149
0.147
0.146
0.144
0.143
0.141
0.139
0.137
0.134
0.132
0.129
0.126
0.123
0.119
0.115
0.112
0.11
0.109
0.108
0.107
0.105
0.103
0.101
0.1
0.098
0.095
0.092
0.087
0.083
0.08
0.078
0.076
0.075
0.073
0.071
0.069
0.067
0.066
0.064
0.062
0.06
0.057
0.056
0.054
0.054
0.053
0.053
0.052
0.052
0.052
0.051
0.05
0.047
0.045
0.042
0.039
0.037
0.036
0.035
0.033
0.031
0.03
0.028
0.023
0.018
0.012
0.007
0.004
0.004
0.006
0.008
0.011
0.014
0.017
0.021
0.025
0.029
0.032
0.034
0.035
0.035
0.034
0.031
0.026
0.019
0.012
0.004
-0.001
-0.006
-0.008
-0.01
-0.012
-0.013
-0.014
-0.015
-0.016
-0.018
-0.019
-0.021
-0.022
-0.024
-0.025
-0.026
-0.028
-0.028
-0.029
-0.029
-0.029
-0.03
-0.031
-0.032
-0.033
-0.035
-0.037
-0.039
-0.042
-0.044
-0.046
-0.047
-0.049
