-0.043
-0.053
-0.057
-0.056
-0.053
-0.048
-0.043
-0.036
-0.026
-0.018
-0.014
-0.011
-0.01
-0.009
-0.007
-0.006
-0.004
-0.004
-0.007
-0.01
-0.015
-0.021
-0.026
-0.033
-0.04
-0.045
-0.046
-0.042
-0.034
-0.023
-0.004
0.025
0.051
0.079
0.103
0.121
0.137
0.152
0.168
0.185
0.227
0.272
0.322
0.37
0.419
0.469
0.506
0.52
0.519
0.5
0.45
0.386
0.316
0.245
0.173
0.098
0.024
-0.035
-0.055
-0.069
-0.08
-0.085
-0.088
-0.09
-0.092
-0.094
-0.095
-0.097
-0.099
-0.1
-0.102
-0.104
-0.107
-0.109
-0.11
-0.111
-0.112
-0.113
-0.115
-0.117
-0.119
-0.122
-0.125
-0.128
-0.129
-0.127
-0.124
-0.12
-0.115
-0.11
-0.106
-0.1
-0.094
-0.088
-0.086
-0.089
-0.095
-0.103
-0.112
-0.12
-0.13
-0.141
-0.147
-0.151
-0.154
-0.157
-0.159
-0.16
-0.162
-0.163
-0.163
-0.162
-0.162
-0.161
-0.161
-0.161
-0.161
-0.162
-0.163
-0.165
-0.168
-0.17
-0.173
-0.176
-0.178
-0.18
-0.181
-0.181
-0.182
-0.182
-0.183
-0.184
-0.186
-0.188
-0.19
-0.192
-0.193
-0.193
-0.193
-0.193
-0.193
-0.192
-0.191
-0.189
-0.188
-0.187
-0.186
-0.187
-0.188
-0.189
-0.19
-0.19
-0.19
-0.19
-0.19
-0.19
-0.19
-0.189
-0.189
-0.188
-0.186
-0.185
-0.184
-0.183
-0.182
-0.181
-0.179
-0.174
-0.161
-0.148
-0.142
-0.14
-0.138
-0.136
-0.134
-0.132
-0.131
-0.129
-0.127
-0.126
-0.125
-0.125
-0.125
-0.125
-0.123
-0.122
-0.121
-0.12
-0.12
-0.12
-0.119
-0.116
-0.113
-0.11
-0.108
-0.106
-0.105
-0.103
-0.101
-0.099
-0.097
-0.095
-0.092
-0.088
-0.084
-0.08
-0.075
-0.071
-0.067
-0.063
-0.059
-0.057
-0.055
-0.054
-0.054
-0.052
-0.051
-0.05
-0.049
-0.049
-0.049
-0.049
-0.048
-0.046
-0.044
-0.043
-0.042
-0.042
-0.042
-0.042
-0.043
-0.046
-0.051
-0.055
-0.06
-0.065
-0.071
-0.078
-0.09
-0.099
-0.101
-0.102
-0.103
-0.104
-0.105
-0.106
-0.102
-0.094
-0.084
-0.075
-0.064
-0.055
-0.05
-0.047
-0.045
-0.044
-0.044
-0.043
-0.042
-0.041
-0.041
-0.041
-0.041
-0.042
-0.042
-0.041
-0.041
-0.041
-0.042
-0.041
-0.041
-0.04
-0.038
-0.035
-0.032
-0.028
-0.019
-0.008
0.007
0.031
0.067
0.099
0.122
0.139
0.155
0.171
0.189
0.233
0.281
0.332
0.389
0.452
0.518
0.582
0.625
0.641
0.64
0.618
0.561
0.487
0.407
0.321
0.234
0.156
0.09
0.037
0.019
0.009
0.006
0.005
0.005
0.005
0.005
0.005
0.006
0.007
0.008
0.01
0.015
0.021
0.028
0.035
0.04
0.045
0.051
0.055
0.059
0.061
0.062
0.063
0.063
0.062
0.06
0.057
0.054
0.05
0.047
0.045
0.041
0.038
0.036
0.034
0.037
0.044
0.052
0.061
0.067
0.072
0.077
0.082
0.086
0.09
0.095
0.1
0.105
0.109
0.111
0.114
0.117
0.12
0.123
0.127
0.131
0.136
0.14
0.144
0.147
0.148
0.146
0.142
0.137
0.131
0.125
0.119
0.113
0.107
0.102
0.098
0.093
0.09
0.086
0.082
0.077
0.071
0.061
0.049
0.033
0.021
0.011
0.002
-0.002
-0.004
-0.004
-0.004
-0.004
-0.004
-0.004
-0.004
-0.004
-0.004
-0.005
-0.005
-0.006
-0.006
-0.005
-0.003
-0.001
0.002
0.006
0.012
0.017
0.022
0.026
0.03
0.035
0.042
0.047
0.05
0.05
0.048
0.044
0.04
0.036
0.035
0.033
0.031
0.029
0.028
0.026
0.025
0.023
0.022
0.021
0.021
0.022
0.022
0.022
0.021
0.021
0.02
0.02
0.02
0.02
0.019
0.018
0.017
0.016
0.014
0.013
0.011
0.009
0.007
0.005
0.002
0.0
-0.004
-0.008
-0.016
-0.025
-0.034
-0.042
-0.049
-0.056
-0.064
-0.072
-0.083
-0.092
-0.097
-0.102
-0.106
-0.11
-0.113
-0.115
-0.117
-0.118
-0.118
-0.118
-0.116
-0.112
-0.106
-0.1
-0.094
-0.09
-0.086
-0.083
-0.079
-0.074
-0.07
-0.066
-0.063
-0.059
-0.056
-0.054
-0.053
-0.054
-0.057
-0.059
-0.062
-0.065
-0.067
-0.07
-0.072
-0.074
-0.076
-0.077
-0.077
-0.078
-0.079
-0.081
-0.082
-0.082
-0.083
-0.084
-0.085
-0.086
-0.086
-0.087
-0.088
-0.089
-0.09
-0.09
-0.09
-0.09
-0.089
-0.089
-0.088
-0.087
-0.086
-0.085
-0.084
-0.083
-0.082
-0.08
-0.077
-0.074
-0.067
-0.048
-0.034
-0.016
0.008
0.033
0.06
0.103
0.146
0.191
0.241
0.296
0.354
0.41
0.465
0.52
0.541
0.561
0.516
0.407
0.254
0.099
-0.016
-0.065
-0.079
-0.089
-0.1
-0.111
-0.118
-0.124
-0.129
-0.134
-0.139
-0.145
-0.15
-0.155
-0.161
-0.168
-0.175
-0.183
-0.19
-0.194
-0.197
-0.197
-0.197
-0.197
-0.197
-0.196
-0.195
-0.194
-0.193
-0.192
-0.191
-0.189
-0.187
-0.186
-0.185
-0.184
-0.183
-0.182
-0.182
-0.183
-0.184
-0.186
-0.187
-0.188
-0.189
-0.189
-0.19
-0.192
-0.193
-0.194
-0.196
-0.198
-0.2
-0.201
-0.203
-0.204
-0.204
-0.203
-0.2
-0.197
-0.193
-0.187
-0.182
-0.173
-0.157
-0.138
-0.119
-0.101
-0.086
-0.073
-0.062
-0.048
-0.033
-0.026
-0.021
-0.017
-0.012
-0.009
-0.005
-0.003
-0.001
0.0
0.0
0.0
-0.001
-0.002
-0.005
-0.008
-0.011
-0.014
-0.018
-0.022
-0.026
-0.028
-0.031
-0.033
-0.035
-0.037
-0.039
-0.04
-0.041
-0.041
-0.041
-0.041
-0.041
-0.041
-0.041
-0.041
-0.041
-0.041
-0.041
-0.041
-0.042
-0.042
-0.042
-0.043
-0.043
-0.043
-0.044
-0.045
-0.047
-0.05
-0.053
-0.056
-0.059
-0.063
-0.067
-0.073
-0.087
-0.097
-0.104
-0.108
-0.111
-0.114
-0.116
-0.117
-0.118
-0.118
-0.118
-0.116
-0.114
-0.111
-0.107
-0.103
-0.098
-0.094
-0.091
-0.088
-0.086
-0.084
-0.083
-0.081
-0.08
-0.078
-0.077
-0.076
-0.075
-0.073
-0.071
-0.07
-0.069
-0.068
-0.068
-0.067
-0.066
-0.064
-0.062
-0.06
-0.058
-0.055
-0.052
-0.049
-0.046
-0.043
-0.041
-0.039
-0.037
-0.035
-0.032
-0.028
-0.026
-0.023
-0.022
-0.02
-0.019
-0.017
-0.015
-0.012
-0.01
-0.006
0.0
0.016
0.033
0.05
0.067
0.085
0.097
0.106
0.113
0.119
0.124
0.128
0.132
0.139
0.148
0.158
0.169
0.182
0.198
0.213
0.227
0.242
0.264
0.276
0.283
0.289
0.294
0.297
0.299
0.298
0.295
0.291
0.285
0.279
0.274
0.27
0.265
0.259
0.255
0.251
0.248
0.246
0.244
0.244
0.245
0.247
0.25
0.255
0.261
0.268
0.279
0.302
0.32
0.338
0.355
0.374
0.392
0.41
0.432
0.46
0.494
0.551
0.613
0.679
0.746
0.808
0.828
0.819
0.795
0.71
0.592
0.461
0.339
0.238
0.187
0.173
0.164
0.158
0.155
0.154
0.155
0.158
0.161
0.164
0.167
0.172
0.178
0.182
0.181
0.176
0.169
0.163
0.155
0.148
0.145
0.147
0.153
0.16
0.165
0.169
0.173
0.178
0.182
0.187
0.191
0.196
0.2
0.203
0.207
0.209
0.21
0.211
0.212
0.213
0.216
0.218
0.221
0.223
0.226
0.228
0.231
0.232
0.232
0.23
0.228
0.226
0.224
0.221
0.218
0.215
0.212
0.209
0.205
0.202
0.196
0.182
0.168
0.155
0.145
0.138
0.131
0.124
0.116
0.108
0.1
0.093
0.085
0.077
0.07
0.063
0.057
0.052
0.049
0.045
0.042
0.038
0.033
0.029
0.025
0.022
0.018
0.013
0.004
-0.003
-0.01
-0.015
-0.018
-0.021
-0.025
-0.028
-0.03
-0.031
-0.03
-0.027
-0.025
-0.023
-0.021
-0.02
-0.018
-0.016
-0.013
-0.012
-0.011
-0.01
-0.011
-0.011
-0.013
-0.015
-0.019
-0.023
-0.028
-0.032
-0.038
-0.05
-0.058
-0.064
-0.068
-0.07
-0.072
-0.073
-0.075
-0.076
-0.078
-0.081
-0.084
-0.088
-0.092
-0.095
-0.099
-0.103
-0.107
-0.112
-0.118
-0.123
-0.128
-0.133
-0.137
-0.141
-0.144
-0.147
-0.15
-0.152
-0.154
-0.156
-0.158
-0.159
-0.16
-0.162
-0.164
-0.166
-0.168
-0.169
-0.171
-0.173
-0.176
-0.179
-0.184
-0.191
-0.207
-0.222
-0.234
-0.245
-0.256
-0.268
-0.282
-0.298
-0.314
-0.327
-0.336
-0.345
-0.354
-0.362
-0.371
-0.38
-0.389
-0.395
-0.4
-0.402
-0.405
-0.407
-0.41
-0.411
-0.413
-0.413
-0.413
-0.413
-0.411
-0.408
-0.405
-0.4
-0.396
-0.392
-0.388
-0.386
-0.384
-0.381
-0.379
-0.377
-0.375
-0.373
-0.371
-0.37
-0.368
-0.366
-0.365
-0.363
-0.362
-0.361
-0.36
-0.36
-0.359
-0.358
-0.357
-0.356
-0.354
-0.352
-0.349
-0.346
-0.339
-0.323
-0.311
-0.295
-0.274
-0.253
-0.229
-0.201
-0.171
-0.14
-0.113
-0.072
-0.029
0.017
0.066
0.112
0.156
0.204
0.22
0.228
0.217
0.149
0.047
-0.072
-0.187
-0.273
-0.295
-0.302
-0.307
-0.31
-0.312
-0.31
-0.305
-0.299
-0.292
-0.287
-0.282
-0.276
-0.27
-0.262
-0.256
-0.249
-0.243
-0.236
-0.229
-0.222
-0.216
-0.21
-0.206
-0.202
-0.197
-0.191
-0.183
-0.171
-0.162
-0.155
-0.151
-0.147
-0.144
-0.14
-0.136
-0.129
-0.121
-0.113
-0.106
-0.099
-0.093
-0.086
-0.081
-0.076
-0.071
-0.065
-0.056
-0.043
-0.032
-0.021
-0.009
0.004
0.016
0.025
0.032
0.039
0.046
0.054
0.065
0.079
0.095
0.111
0.126
0.143
0.158
0.171
0.18
0.187
0.19
0.192
0.193
0.195
0.197
0.198
0.199
0.2
0.2
0.2
0.199
0.198
0.196
0.193
0.189
0.186
0.183
0.18
0.178
0.175
0.172
0.17
0.167
0.166
0.164
0.163
0.162
0.161
0.162
0.163
0.165
0.167
0.169
0.171
0.173
0.175
0.178
0.179
0.181
0.182
0.184
0.186
0.188
0.191
0.193
0.195
0.197
0.199
0.201
0.203
0.205
0.206
0.207
0.207
0.207
0.207
0.208
0.207
0.207
0.206
0.204
0.203
0.202
0.202
0.201
0.2
0.198
0.197
0.195
0.194
0.193
0.191
0.19
0.188
0.185
0.184
0.182
0.181
0.18
0.179
0.178
0.176
0.175
0.174
0.173
0.171
0.169
0.167
0.165
0.164
0.163
0.162
0.16
0.158
0.156
0.154
0.153
0.151
0.148
0.145
0.141
0.137
0.134
0.131
0.129
0.127
0.125
0.123
0.12
0.118
0.115
0.112
0.108
0.102
0.097
0.093
0.089
0.086
0.083
0.08
0.078
0.077
0.076
0.075
0.075
0.074
0.072
0.071
0.069
0.068
0.067
0.066
0.065
0.064
0.063
0.063
0.062
0.061
0.059
0.057
0.054
0.051
0.047
0.042
0.034
0.025
0.02
0.017
0.015
0.013
0.01
0.008
0.006
0.007
0.011
0.019
0.029
0.043
0.064
0.081
0.103
0.126
0.159
0.199
0.248
0.303
0.367
0.44
0.52
0.595
0.642
0.658
0.635
0.566
0.441
0.297
0.162
0.057
0.002
-0.012
-0.023
-0.03
-0.033
-0.035
-0.035
-0.034
-0.034
-0.033
-0.032
-0.032
-0.032
-0.032
-0.031
-0.032
-0.032
-0.034
-0.036
-0.039
-0.043
-0.046
-0.048
-0.05
-0.052
-0.053
-0.055
-0.058
-0.061
-0.064
-0.068
-0.072
-0.076
-0.079
-0.082
-0.086
-0.089
-0.094
-0.102
-0.117
-0.126
-0.132
-0.134
-0.136
-0.139
-0.141
-0.144
-0.145
-0.146
-0.147
-0.148
-0.149
-0.149
-0.15
-0.149
-0.149
-0.148
-0.148
-0.147
-0.146
-0.145
-0.144
-0.144
-0.143
-0.142
-0.141
-0.14
-0.14
-0.139
-0.139
-0.14
-0.14
-0.14
-0.14
-0.14
-0.14
-0.141
-0.142
-0.143
-0.145
-0.147
-0.149
-0.153
-0.157
-0.16
-0.164
-0.167
-0.17
-0.172
-0.175
-0.178
-0.181
-0.185
-0.19
-0.194
-0.194
-0.189
-0.183
-0.177
-0.168
-0.16
-0.15
-0.145
-0.142
-0.14
-0.138
-0.136
-0.133
-0.131
-0.129
-0.127
-0.125
-0.123
-0.121
-0.119
-0.118
-0.117
-0.116
-0.115
-0.113
-0.111
-0.109
-0.107
-0.105
-0.104
-0.102
-0.1
-0.098
-0.096
-0.093
-0.091
-0.089
-0.086
-0.082
-0.078
-0.073
-0.069
-0.067
-0.065
-0.063
-0.06
-0.058
-0.055
-0.053
-0.05
-0.049
-0.051
-0.054
-0.057
-0.061
-0.067
-0.07
-0.067
-0.061
-0.059
-0.058
-0.057
-0.055
-0.053
-0.051
-0.049
-0.048
-0.047
-0.046
-0.045
-0.045
-0.044
-0.045
-0.046
-0.047
-0.047
-0.047
-0.047
-0.046
-0.045
-0.045
-0.044
-0.042
-0.041
-0.039
-0.038
-0.037
-0.037
-0.035
-0.033
-0.03
-0.026
-0.019
-0.005
0.0
0.005
0.008
0.013
0.021
0.031
0.047
0.066
0.075
0.079
0.083
0.087
0.091
0.094
0.097
0.099
0.102
0.105
0.107
0.109
0.108
0.106
0.103
0.1
0.096
0.092
0.087
0.081
0.078
0.078
0.08
0.084
0.089
0.097
0.112
0.126
0.14
0.155
0.175
0.198
0.22
0.253
0.285
0.319
0.358
0.403
0.456
0.516
0.582
0.652
0.714
0.751
0.753
0.724
0.648
0.547
0.434
0.323
0.217
0.126
0.078
0.062
0.075
0.089
0.101
0.102
0.093
0.079
0.064
0.057
0.054
0.053
0.051
0.049
0.046
0.042
0.037
0.032
0.026
0.02
0.013
0.009
0.006
0.004
0.0
-0.005
-0.005
0.003
0.009
0.014
0.019
0.024
0.029
0.033
0.039
0.048
0.049
0.045
0.04
0.035
0.032
0.035
0.042
0.049
0.057
0.064
0.069
0.072
0.075
0.077
0.08
0.085
0.089
0.094
0.099
0.107
0.118
0.129
0.138
0.15
0.162
0.173
0.181
0.187
0.194
0.202
0.209
0.214
0.219
0.223
0.226
0.229
0.229
0.226
0.222
0.216
0.211
0.206
0.2
0.194
0.187
0.182
0.176
0.172
0.166
0.16
0.155
0.151
0.147
0.141
0.134
0.13
0.127
0.123
0.123
0.127
0.13
0.133
0.135
0.136
0.137
0.136
0.133
0.131
0.129
0.128
0.128
0.126
0.125
0.124
0.123
0.122
0.122
0.121
0.121
0.12
0.12
0.12
0.12
0.12
0.12
0.12
0.12
0.12
0.12
0.12
0.12
0.12
0.12
0.12
0.12
0.12
0.12
0.12
0.12
0.12
0.12
0.12
0.119
0.119
0.12
0.12
0.12
0.12
0.12
0.12
0.12
0.12
0.12
0.12
0.121
0.121
0.122
0.123
0.125
0.126
0.128
0.129
0.13
0.132
0.135
0.144
0.151
0.156
0.159
0.161
0.163
0.165
0.167
0.169
0.17
0.172
0.174
0.177
0.179
0.181
0.183
0.185
0.188
0.193
0.201
0.208
0.212
0.214
0.216
0.217
0.219
0.22
0.221
0.222
0.222
0.223
0.223
0.223
0.224
0.224
0.224
0.224
0.223
0.223
0.223
0.223
0.224
0.224
0.225
0.226
0.226
0.227
0.229
0.227
0.219
0.212
0.205
0.197
0.189
0.178
0.167
0.162
0.159
0.157
0.155
0.155
0.156
0.16
0.167
0.177
0.195
0.214
0.236
0.26
0.282
0.303
0.32
0.343
0.372
0.409
0.457
0.519
0.59
0.665
0.735
0.777
0.79
0.77
0.712
0.6
0.462
0.317
0.19
0.108
0.08
0.073
0.069
0.065
0.062
0.059
0.057
0.055
0.053
0.051
0.048
0.045
0.041
0.034
0.029
0.025
0.023
0.02
0.018
0.017
0.017
0.019
0.023
0.028
0.033
0.042
0.05
0.059
0.065
0.071
0.076
0.077
0.075
0.071
0.067
0.064
0.062
0.059
0.056
0.054
0.052
0.051
0.049
0.048
0.047
0.046
0.045
0.044
0.043
0.039
0.036
0.036
0.041
0.046
0.048
0.051
0.052
0.054
0.056
0.058
0.06
0.063
0.066
0.067
0.069
0.072
0.075
0.079
0.091
0.107
0.113
0.116
0.119
0.119
0.118
0.113
0.107
0.099
0.087
0.075
0.067
0.062
0.057
0.054
0.053
0.054
0.059
0.064
0.069
0.073
0.077
0.08
0.084
0.087
0.089
0.088
0.086
0.082
0.078
0.074
0.072
0.069
0.065
0.061
0.058
0.057
0.059
0.062
0.065
0.068
0.069
0.071
0.074
0.077
0.08
0.081
0.082
0.082
0.081
0.08
0.078
0.076
0.072
0.069
0.066
0.064
0.063
0.061
0.06
0.058
0.056
0.054
0.053
0.051
0.049
0.048
0.046
0.044
0.042
0.039
0.037
0.034
0.029
0.024
0.02
0.015
0.01
0.006
0.004
0.002
0.0
-0.001
-0.003
-0.006
-0.008
-0.01
-0.012
-0.013
-0.015
-0.017
-0.019
-0.022
-0.024
-0.027
-0.031
-0.035
-0.039
-0.043
-0.046
-0.048
-0.051
-0.054
-0.057
-0.06
-0.064
-0.067
-0.069
-0.071
-0.075
-0.081
-0.085
-0.084
-0.081
-0.078
-0.076
-0.074
-0.073
-0.073
-0.075
-0.079
-0.083
-0.087
-0.09
-0.095
-0.099
-0.104
-0.106
-0.106
-0.104
-0.101
-0.098
-0.095
-0.093
-0.09
-0.086
-0.084
-0.082
-0.081
-0.08
-0.08
-0.081
-0.084
-0.087
-0.092
-0.096
-0.1
-0.103
-0.107
-0.11
-0.113
-0.116
-0.119
-0.121
-0.122
-0.122
-0.121
-0.121
-0.119
-0.116
-0.112
-0.107
-0.098
-0.077
-0.056
-0.034
-0.012
0.007
0.034
0.063
0.103
0.154
0.216
0.286
0.359
0.426
0.472
0.488
0.474
0.429
0.329
0.202
0.067
-0.054
-0.145
-0.182
-0.192
-0.198
-0.203
-0.208
-0.212
-0.216
-0.22
-0.228
-0.241
-0.249
-0.255
-0.26
-0.261
-0.257
-0.248
-0.234
-0.215
-0.204
-0.198
-0.194
-0.188
-0.182
-0.175
-0.165
-0.152
-0.14
-0.135
-0.132
-0.129
-0.126
-0.125
-0.123
-0.122
-0.122
-0.122
-0.123
-0.124
-0.126
-0.129
-0.133
-0.138
-0.144
-0.152
-0.169
-0.18
-0.189
-0.197
-0.205
-0.214
-0.218
-0.222
-0.225
-0.228
-0.23
-0.231
-0.232
-0.233
-0.233
-0.233
-0.232
-0.23
-0.228
-0.224
-0.22
-0.215
-0.21
-0.203
-0.186
-0.169
-0.155
-0.143
-0.137
-0.136
-0.135
-0.134
-0.133
-0.131
-0.131
-0.132
-0.135
-0.139
-0.143
-0.146
-0.149
-0.151
-0.154
-0.156
-0.157
-0.157
-0.155
-0.153
-0.149
-0.146
-0.142
-0.138
-0.133
-0.127
-0.122
-0.115
-0.092
-0.063
-0.052
-0.043
-0.035
-0.027
-0.017
-0.012
-0.009
-0.007
-0.005
-0.004
-0.003
-0.002
0.0
0.001
0.003
0.004
0.006
0.007
0.007
0.008
0.01
0.011
0.013
0.016
0.019
0.022
0.025
0.026
0.025
0.023
0.02
0.017
0.014
0.013
0.01
0.007
0.004
0.003
0.002
0.002
0.003
0.004
0.004
0.006
0.008
0.012
0.017
0.025
0.028
0.029
0.03
0.031
0.032
0.033
0.032
0.029
0.024
0.02
0.016
0.012
0.008
0.004
0.0
-0.002
-0.005
-0.008
-0.013
-0.016
-0.015
-0.011
-0.008
-0.005
-0.002
-0.002
-0.006
-0.013
-0.021
-0.031
-0.039
-0.045
-0.05
-0.053
-0.052
-0.049
-0.046
-0.043
-0.043
-0.051
-0.058
-0.064
-0.071
-0.078
-0.1
-0.133
-0.172
-0.213
-0.248
-0.275
-0.303
-0.333
-0.362
-0.38
-0.387
-0.386
-0.375
-0.36
-0.342
-0.329
-0.319
-0.308
-0.298
-0.29
-0.283
-0.278
-0.274
-0.271
-0.269
-0.268
-0.265
-0.262
-0.258
-0.254
-0.249
-0.243
-0.235
-0.228
-0.223
-0.218
-0.208
-0.19
-0.169
-0.148
-0.126
-0.104
-0.071
-0.037
0.001
0.045
0.09
0.135
0.184
0.235
0.286
0.329
0.344
0.328
0.278
0.164
0.015
-0.132
-0.251
-0.314
-0.321
-0.298
-0.265
-0.259
-0.255
-0.253
-0.25
-0.248
-0.246
-0.244
-0.242
-0.239
-0.237
-0.235
-0.234
-0.234
-0.233
-0.23
-0.224
-0.211
-0.202
-0.196
-0.193
-0.19
-0.187
-0.183
-0.179
-0.176
-0.171
-0.162
-0.146
-0.134
-0.126
-0.119
-0.113
-0.109
-0.106
-0.103
-0.099
-0.093
-0.087
-0.081
-0.075
-0.068
-0.061
-0.055
-0.049
-0.044
-0.039
-0.035
-0.031
-0.026
-0.021
-0.018
-0.013
-0.003
0.012
0.02
0.024
0.028
0.031
0.034
0.036
0.039
0.041
0.044
0.047
0.049
0.05
0.05
0.047
0.044
0.04
0.034
0.023
0.005
-0.008
-0.023
-0.036
-0.055
-0.065
-0.069
-0.072
-0.075
-0.078
-0.08
-0.082
-0.084
-0.085
-0.087
-0.088
-0.089
-0.089
-0.089
-0.089
-0.089
-0.09
-0.09
-0.092
-0.093
-0.095
-0.096
-0.095
-0.094
-0.092
-0.09
-0.088
-0.085
-0.082
-0.079
-0.075
-0.071
-0.066
-0.062
-0.06
-0.059
-0.057
-0.055
-0.054
-0.053
-0.053
-0.052
-0.05
-0.048
-0.046
-0.045
-0.044
-0.044
-0.044
-0.043
-0.041
-0.039
-0.037
-0.035
-0.032
-0.026
-0.02
-0.014
-0.008
-0.003
0.0
0.001
0.004
0.006
0.008
0.01
0.012
0.014
0.016
0.019
0.021
0.022
0.024
0.025
0.026
0.028
0.031
0.038
0.043
0.043
0.038
0.033
0.029
0.025
0.022
0.019
0.017
0.017
0.019
0.021
0.025
0.028
0.032
0.035
0.039
0.043
0.046
0.049
0.052
0.055
0.057
0.06
0.062
0.065
0.068
0.071
0.074
0.079
0.085
0.093
0.1
0.106
0.112
0.118
0.123
0.126
0.127
0.125
0.122
0.117
0.112
0.107
0.102
0.095
0.088
0.083
0.081
0.08
0.079
0.078
0.077
0.075
0.077
0.09
0.103
0.115
0.126
0.138
0.156
0.181
0.205
0.231
0.256
0.281
0.322
0.367
0.414
0.461
0.506
0.551
0.598
0.613
0.606
0.58
0.494
0.382
0.264
0.156
0.076
0.054
0.059
0.087
0.099
0.1
0.1
0.1
0.1
0.101
0.102
0.103
0.105
0.107
0.11
0.112
0.114
0.116
0.118
0.12
0.121
0.122
0.123
0.124
0.124
0.124
0.125
0.126
0.127
0.128
0.129
0.129
0.129
0.129
0.129
0.128
0.128
0.127
0.126
0.126
0.125
0.125
0.125
0.125
0.125
0.126
0.127
0.129
0.131
0.133
0.135
0.138
0.143
0.155
0.17
0.176
0.18
0.184
0.187
0.19
0.194
0.197
0.2
0.201
0.202
0.202
0.201
0.2
0.199
0.197
0.194
0.192
0.189
0.187
0.184
0.182
0.179
0.176
0.173
0.169
0.164
0.16
0.156
0.152
0.148
0.145
0.14
0.135
0.126
0.11
0.094
0.086
0.081
0.077
0.074
0.071
0.068
0.065
0.062
0.059
0.056
0.053
0.049
0.045
0.04
0.035
0.03
0.026
0.023
0.021
0.02
0.02
0.019
0.019
0.019
0.019
0.019
0.019
0.019
0.019
0.018
0.017
0.015
0.014
0.012
0.011
0.01
0.009
0.008
0.006
0.005
0.003
0.002
0.0
0.0
-0.001
-0.003
-0.004
-0.005
-0.006
-0.007
-0.007
-0.008
-0.009
-0.01
-0.011
-0.011
-0.012
-0.012
-0.014
-0.015
-0.017
-0.017
-0.018
-0.019
-0.02
-0.021
-0.023
-0.025
-0.028
-0.031
-0.035
-0.038
-0.04
-0.04
-0.038
-0.036
-0.034
-0.033
-0.032
-0.032
-0.031
-0.03
-0.03
-0.029
-0.029
-0.029
-0.029
-0.028
-0.028
-0.027
-0.027
-0.026
-0.026
-0.026
-0.026
-0.025
-0.024
-0.023
-0.023
-0.022
-0.022
-0.02
-0.017
-0.015
-0.013
-0.013
-0.013
-0.015
-0.017
-0.021
-0.026
-0.032
-0.04
-0.049
-0.059
-0.069
-0.076
-0.082
-0.088
-0.092
-0.094
-0.094
-0.092
-0.089
-0.084
-0.077
-0.064
-0.042
-0.022
0.0
0.024
0.05
0.076
0.099
0.131
0.169
0.215
0.269
0.331
0.396
0.461
0.505
0.52
0.5
0.44
0.324
0.188
0.062
-0.032
-0.082
-0.096
-0.105
-0.111
-0.118
-0.124
-0.129
-0.134
-0.138
-0.143
-0.147
-0.149
-0.15
-0.151
-0.152
-0.154
-0.158
-0.161
-0.154
-0.142
-0.135
-0.13
-0.126
-0.123
-0.12
-0.116
-0.112
-0.109
-0.105
-0.102
-0.099
-0.096
-0.093
-0.09
-0.087
-0.084
-0.081
-0.079
-0.077
-0.075
-0.074
-0.072
-0.07
-0.068
-0.066
-0.064
-0.062
-0.06
-0.058
-0.056
-0.054
-0.05
-0.047
-0.043
-0.039
-0.034
-0.027
-0.015
-0.003
0.005
0.013
0.017
0.02
0.024
0.027
0.03
0.032
0.033
0.034
0.035
0.036
0.037
0.038
0.038
0.038
0.039
0.039
0.04
0.04
0.041
0.041
0.042
0.043
0.038
0.028
0.019
0.01
0.003
0.0
-0.002
-0.004
-0.005
-0.006
-0.008
-0.009
-0.01
-0.012
-0.014
-0.016
-0.019
-0.021
-0.023
-0.025
-0.027
-0.029
-0.032
-0.034
-0.037
-0.039
-0.04
-0.041
-0.042
-0.043
-0.044
-0.044
-0.045
-0.046
-0.047
-0.049
-0.051
-0.053
-0.054
-0.054
-0.053
-0.051
-0.05
-0.049
-0.047
-0.046
-0.045
-0.044
-0.043
-0.042
-0.041
-0.04
-0.039
-0.038
-0.036
-0.034
-0.031
-0.028
-0.023
-0.012
-0.001
0.006
0.013
0.021
0.029
0.033
0.037
0.04
0.043
0.045
0.046
0.047
0.047
0.047
0.047
0.045
0.043
0.04
0.036
0.033
0.03
0.026
0.021
0.017
0.013
0.009
0.006
0.004
0.002
0.0
-0.001
-0.002
-0.003
-0.004
-0.005
-0.006
-0.009
-0.01
-0.012
-0.013
-0.014
-0.015
-0.017
-0.021
-0.029
-0.046
-0.056
-0.063
-0.067
-0.069
-0.068
-0.064
-0.058
-0.047
-0.03
