0.035
0.052
0.073
0.096
0.117
0.128
0.134
0.139
0.142
0.144
0.146
0.147
0.147
0.146
0.143
0.139
0.133
0.126
0.115
0.096
0.079
0.066
0.057
0.047
0.035
0.023
0.017
0.012
0.009
0.006
0.002
-0.001
-0.005
-0.009
-0.013
-0.016
-0.019
-0.022
-0.026
-0.03
-0.037
-0.05
-0.057
-0.053
-0.044
-0.022
0.028
0.107
0.221
0.36
0.502
0.621
0.694
0.718
0.704
0.659
0.56
0.428
0.27
0.102
-0.045
-0.149
-0.192
-0.208
-0.209
-0.192
-0.168
-0.133
-0.096
-0.071
-0.062
-0.057
-0.054
-0.051
-0.051
-0.057
-0.066
-0.075
-0.082
-0.087
-0.092
-0.097
-0.102
-0.106
-0.109
-0.111
-0.112
-0.112
-0.112
-0.111
-0.108
-0.105
-0.101
-0.097
-0.092
-0.087
-0.075
-0.044
-0.023
-0.011
-0.002
0.005
0.012
0.019
0.029
0.041
0.054
0.068
0.076
0.083
0.089
0.092
0.094
0.094
0.091
0.087
0.081
0.076
0.072
0.068
0.065
0.061
0.057
0.053
0.048
0.044
0.04
0.036
0.031
0.025
0.016
-0.002
-0.02
-0.042
-0.076
-0.102
-0.118
-0.128
-0.136
-0.141
-0.145
-0.149
-0.152
-0.155
-0.156
-0.155
-0.15
-0.142
-0.132
-0.113
-0.083
-0.055
-0.026
0.003
0.036
0.072
0.106
0.133
0.153
0.165
0.181
0.205
0.226
0.239
0.251
0.261
0.274
0.289
0.308
0.324
0.337
0.35
0.362
0.372
0.382
0.391
0.4
0.41
0.418
0.425
0.431
0.437
0.441
0.445
0.448
0.45
0.452
0.454
0.456
0.457
0.458
0.458
0.458
0.456
0.455
0.453
0.451
0.449
0.447
0.445
0.442
0.44
0.438
0.437
0.437
0.439
0.444
0.449
0.455
0.461
0.465
0.471
0.477
0.482
0.486
0.487
0.486
0.483
0.479
0.474
0.466
0.452
0.427
0.404
0.38
0.359
0.342
0.322
0.31
0.302
0.296
0.291
0.287
0.282
0.278
0.274
0.268
0.261
0.252
0.242
0.234
0.226
0.217
0.207
0.195
0.18
0.167
0.152
0.145
0.15
0.164
0.204
0.29
0.425
0.605
0.813
1.011
1.156
1.207
1.145
0.972
0.72
0.44
0.179
-0.011
-0.101
-0.131
-0.122
-0.096
-0.049
-0.018
0.019
0.046
0.059
0.068
0.071
0.066
0.056
0.05
0.046
0.042
0.039
0.036
0.033
0.031
0.031
0.031
0.033
0.036
0.04
0.046
0.051
0.057
0.062
0.068
0.075
0.08
0.086
0.09
0.094
0.099
0.103
0.108
0.113
0.118
0.122
0.127
0.132
0.138
0.144
0.149
0.153
0.157
0.162
0.166
0.17
0.174
0.176
0.178
0.178
0.178
0.176
0.174
0.17
0.166
0.161
0.154
0.147
0.135
0.109
0.092
0.069
0.043
0.018
-0.008
-0.035
-0.061
-0.084
-0.107
-0.13
-0.157
-0.187
-0.217
-0.248
-0.275
-0.299
-0.323
-0.345
-0.372
-0.396
-0.414
-0.433
-0.446
-0.455
-0.464
-0.473
-0.481
-0.489
-0.497
-0.506
-0.514
-0.519
-0.521
-0.524
-0.526
-0.53
-0.533
-0.532
-0.525
-0.515
-0.502
-0.485
-0.466
-0.451
-0.439
-0.428
-0.418
-0.409
-0.398
-0.387
-0.375
-0.364
-0.353
-0.343
-0.329
-0.311
-0.297
-0.288
-0.281
-0.277
-0.274
-0.27
-0.267
-0.263
-0.261
-0.256
-0.248
-0.239
-0.229
-0.219
-0.212
-0.208
-0.204
-0.199
-0.196
-0.194
-0.193
-0.192
-0.189
-0.186
-0.181
-0.174
-0.167
-0.16
-0.152
-0.144
-0.136
-0.125
-0.114
-0.102
-0.094
-0.089
-0.084
-0.079
-0.073
-0.069
-0.068
-0.07
-0.077
-0.087
-0.098
-0.11
-0.126
-0.143
-0.159
-0.167
-0.172
-0.176
-0.179
-0.182
-0.184
-0.186
-0.188
-0.191
-0.193
-0.194
-0.192
-0.189
-0.185
-0.183
-0.182
-0.182
-0.182
-0.182
-0.186
-0.194
-0.212
-0.234
-0.231
-0.2
-0.124
-0.001
0.17
0.379
0.596
0.785
0.884
0.887
0.798
0.588
0.314
0.029
-0.207
-0.351
-0.387
-0.378
-0.319
-0.25
-0.19
-0.14
-0.11
-0.096
-0.091
-0.093
-0.096
-0.096
-0.091
-0.084
-0.08
-0.077
-0.075
-0.07
-0.062
-0.054
-0.049
-0.045
-0.041
-0.035
-0.029
-0.021
-0.014
-0.007
0.0
0.006
0.014
0.022
0.029
0.036
0.043
0.051
0.06
0.071
0.082
0.091
0.098
0.103
0.107
0.113
0.12
0.128
0.139
0.151
0.164
0.178
0.191
0.203
0.212
0.219
0.224
0.229
0.232
0.231
0.228
0.223
0.216
0.21
0.204
0.195
0.176
0.153
0.133
0.118
0.11
0.103
0.085
0.053
0.026
0.008
-0.002
-0.007
-0.015
-0.031
-0.05
-0.061
-0.064
-0.062
-0.06
-0.061
-0.065
-0.071
-0.075
-0.076
-0.074
-0.073
-0.073
-0.073
-0.073
-0.07
-0.067
-0.061
-0.057
-0.053
-0.052
-0.051
-0.052
-0.052
-0.051
-0.048
-0.043
-0.038
-0.034
-0.033
-0.031
-0.029
-0.027
-0.024
-0.023
-0.023
-0.026
-0.029
-0.03
-0.029
-0.028
-0.027
-0.031
-0.032
-0.034
-0.036
-0.037
-0.038
-0.039
-0.042
-0.044
-0.045
-0.044
-0.042
-0.04
-0.038
-0.038
-0.039
-0.04
-0.041
-0.043
-0.043
-0.045
-0.048
-0.052
-0.056
-0.06
-0.064
-0.066
-0.066
-0.066
-0.065
-0.064
-0.061
-0.056
-0.049
-0.04
-0.028
-0.015
0.002
0.016
0.024
0.031
0.038
0.046
0.053
0.055
0.049
0.034
0.016
-0.002
-0.023
-0.043
-0.063
-0.075
-0.082
-0.088
-0.091
-0.093
-0.094
-0.095
-0.094
-0.092
-0.091
-0.09
-0.091
-0.092
-0.094
-0.094
-0.094
-0.095
-0.097
-0.103
-0.111
-0.119
-0.13
-0.136
-0.133
-0.121
-0.08
-0.003
0.119
0.289
0.487
0.693
0.875
0.987
0.998
0.934
0.737
0.472
0.2
-0.029
-0.177
-0.22
-0.218
-0.171
-0.102
-0.035
0.003
0.026
0.036
0.043
0.048
0.05
0.052
0.055
0.059
0.065
0.073
0.08
0.084
0.089
0.092
0.098
0.105
0.112
0.118
0.124
0.13
0.135
0.142
0.152
0.166
0.181
0.192
0.2
0.206
0.212
0.218
0.225
0.233
0.24
0.247
0.256
0.266
0.274
0.284
0.294
0.306
0.32
0.332
0.344
0.356
0.365
0.372
0.379
0.387
0.391
0.394
0.394
0.391
0.386
0.381
0.374
0.367
0.357
0.341
0.313
0.29
0.266
0.245
0.23
0.21
0.181
0.151
0.119
0.093
0.074
0.057
0.039
0.021
0.0
-0.015
-0.025
-0.031
-0.034
-0.035
-0.039
-0.043
-0.047
-0.049
-0.051
-0.052
-0.052
-0.05
-0.05
-0.05
-0.049
-0.047
-0.045
-0.044
-0.045
-0.046
-0.045
-0.047
-0.049
-0.051
-0.052
-0.052
-0.051
-0.051
-0.051
-0.051
-0.051
-0.051
-0.051
-0.05
-0.05
-0.052
-0.056
-0.06
-0.063
-0.064
-0.065
-0.067
-0.068
-0.069
-0.07
-0.07
-0.07
-0.071
-0.071
-0.07
-0.069
-0.069
-0.068
-0.068
-0.067
-0.066
-0.065
-0.063
-0.063
-0.064
-0.064
-0.065
-0.065
-0.065
-0.065
-0.064
-0.063
-0.061
-0.059
-0.057
-0.055
-0.053
-0.05
-0.047
-0.04
-0.024
-0.009
0.004
0.013
0.021
0.027
0.032
0.035
0.036
0.034
0.031
0.028
0.023
0.018
0.011
-0.001
-0.015
-0.03
-0.047
-0.065
-0.076
-0.081
-0.083
-0.084
-0.083
-0.082
-0.081
-0.082
-0.083
-0.084
-0.084
-0.084
-0.084
-0.084
-0.087
-0.092
-0.099
-0.11
-0.129
-0.139
-0.149
-0.157
-0.139
-0.091
-0.002
0.128
0.301
0.502
0.7
0.855
0.928
0.887
0.724
0.47
0.177
-0.088
-0.283
-0.385
-0.402
-0.38
-0.306
-0.224
-0.156
-0.104
-0.082
-0.074
-0.07
-0.067
-0.063
-0.058
-0.051
-0.044
-0.035
-0.023
-0.001
0.019
0.031
0.039
0.045
0.052
0.058
0.063
0.068
0.072
0.077
0.082
0.088
0.094
0.101
0.108
0.115
0.121
0.126
0.131
0.137
0.141
0.146
0.151
0.157
0.163
0.17
0.178
0.187
0.195
0.204
0.216
0.23
0.239
0.245
0.248
0.251
0.254
0.255
0.256
0.257
0.255
0.25
0.242
0.233
0.219
0.198
0.183
0.168
0.152
0.136
0.115
0.088
0.062
0.037
0.018
0.007
-0.006
-0.021
-0.034
-0.046
-0.057
-0.065
-0.073
-0.082
-0.093
-0.101
-0.105
-0.108
-0.111
-0.113
-0.114
-0.114
-0.114
-0.112
-0.109
-0.104
-0.098
-0.092
-0.087
-0.084
-0.082
-0.08
-0.078
-0.077
-0.076
-0.076
-0.076
-0.076
-0.074
-0.073
-0.071
-0.071
-0.07
-0.071
-0.071
-0.071
-0.071
-0.071
-0.071
-0.07
-0.07
-0.069
-0.07
-0.07
-0.071
-0.071
-0.072
-0.073
-0.073
-0.074
-0.074
-0.074
-0.073
-0.072
-0.07
-0.069
-0.068
-0.067
-0.066
-0.065
-0.064
-0.062
-0.06
-0.058
-0.053
-0.046
-0.04
-0.033
-0.025
-0.013
0.002
0.014
0.027
0.04
0.052
0.067
0.085
0.099
0.109
0.121
0.133
0.143
0.146
0.147
0.149
0.152
0.15
0.139
0.128
0.119
0.109
0.098
0.092
0.088
0.085
0.083
0.082
0.08
0.079
0.078
0.076
0.075
0.074
0.073
0.071
0.068
0.065
0.062
0.058
0.052
0.042
0.035
0.038
0.047
0.07
0.128
0.219
0.351
0.518
0.7
0.872
0.998
1.044
0.981
0.813
0.571
0.301
0.06
-0.111
-0.182
-0.207
-0.192
-0.14
-0.066
0.002
0.055
0.086
0.095
0.1
0.107
0.113
0.119
0.123
0.126
0.129
0.132
0.135
0.138
0.142
0.146
0.149
0.153
0.157
0.163
0.17
0.177
0.182
0.187
0.19
0.193
0.196
0.198
0.201
0.203
0.206
0.208
0.21
0.213
0.216
0.22
0.224
0.228
0.232
0.236
0.24
0.244
0.25
0.258
0.267
0.277
0.284
0.291
0.297
0.299
0.297
0.293
0.286
0.279
0.268
0.256
0.242
0.229
0.219
0.205
0.187
0.168
0.147
0.123
0.103
0.073
0.043
0.011
-0.01
-0.032
-0.048
-0.063
-0.078
-0.092
-0.106
-0.114
-0.119
-0.124
-0.127
-0.13
-0.131
-0.132
-0.133
-0.134
-0.134
-0.134
-0.134
-0.133
-0.132
-0.132
-0.132
-0.131
-0.131
-0.131
-0.132
-0.132
-0.131
-0.13
-0.128
-0.125
-0.123
-0.121
-0.119
-0.117
-0.116
-0.115
-0.115
-0.114
-0.113
-0.113
-0.112
-0.111
-0.11
-0.11
-0.109
-0.109
-0.11
-0.11
-0.111
-0.112
-0.112
-0.113
-0.113
-0.114
-0.114
-0.113
-0.114
-0.114
-0.114
-0.114
-0.114
-0.113
-0.112
-0.112
-0.111
-0.11
-0.108
-0.107
-0.105
-0.102
-0.098
-0.086
-0.074
-0.062
-0.049
-0.04
-0.028
-0.012
0.002
0.011
0.017
0.021
0.025
0.027
0.026
0.019
0.009
-0.005
-0.027
-0.044
-0.056
-0.071
-0.078
-0.081
-0.083
-0.085
-0.087
-0.089
-0.09
-0.09
-0.09
-0.091
-0.091
-0.092
-0.092
-0.093
-0.095
-0.097
-0.1
-0.104
-0.108
-0.115
-0.126
-0.128
-0.12
-0.1
-0.044
0.047
0.181
0.356
0.558
0.754
0.905
0.972
0.927
0.763
0.514
0.232
-0.029
-0.22
-0.324
-0.341
-0.335
-0.283
-0.219
-0.158
-0.111
-0.08
-0.07
-0.064
-0.062
-0.063
-0.065
-0.068
-0.071
-0.074
-0.076
-0.073
-0.064
-0.056
-0.046
-0.038
-0.03
-0.023
-0.018
-0.014
-0.009
-0.004
0.0
0.006
0.016
0.026
0.036
0.046
0.057
0.068
0.079
0.09
0.1
0.108
0.116
0.123
0.134
0.15
0.163
0.173
0.183
0.194
0.205
0.218
0.23
0.239
0.247
0.253
0.257
0.261
0.264
0.266
0.266
0.264
0.26
0.253
0.243
0.225
0.207
0.186
0.163
0.14
0.118
0.098
0.069
0.039
0.02
-0.001
-0.021
-0.037
-0.049
-0.06
-0.075
-0.092
-0.103
-0.11
-0.115
-0.118
-0.121
-0.122
-0.122
-0.123
-0.124
-0.125
-0.126
-0.127
-0.128
-0.128
-0.128
-0.128
-0.127
-0.125
-0.124
-0.122
-0.12
-0.119
-0.117
-0.116
-0.115
-0.113
-0.11
-0.108
-0.106
-0.103
-0.102
-0.103
-0.106
-0.109
-0.114
-0.118
-0.12
-0.123
-0.126
-0.128
-0.129
-0.13
-0.132
-0.134
-0.136
-0.137
-0.138
-0.139
-0.139
-0.14
-0.14
-0.14
-0.141
-0.142
-0.143
-0.145
-0.147
-0.147
-0.145
-0.141
-0.136
-0.129
-0.118
-0.109
-0.101
-0.096
-0.092
-0.087
-0.083
-0.078
-0.073
-0.067
-0.061
-0.051
-0.037
-0.022
-0.009
0.003
0.017
0.03
0.039
0.043
0.046
0.049
0.048
0.039
0.029
0.017
0.007
-0.005
-0.021
-0.035
-0.049
-0.063
-0.076
-0.082
-0.084
-0.086
-0.086
-0.087
-0.087
-0.088
-0.09
-0.091
-0.093
-0.094
-0.096
-0.098
-0.1
-0.103
-0.111
-0.127
-0.139
-0.147
-0.147
-0.136
-0.107
-0.043
0.058
0.204
0.39
0.599
0.798
0.947
1.006
0.952
0.779
0.52
0.225
-0.041
-0.229
-0.311
-0.32
-0.287
-0.218
-0.152
-0.101
-0.07
-0.061
-0.056
-0.052
-0.048
-0.045
-0.043
-0.04
-0.035
-0.027
-0.019
-0.011
-0.003
0.005
0.015
0.025
0.033
0.039
0.043
0.048
0.053
0.06
0.069
0.081
0.089
0.097
0.105
0.118
0.137
0.156
0.172
0.186
0.198
0.212
0.226
0.242
0.256
0.266
0.276
0.289
0.307
0.327
0.344
0.358
0.374
0.391
0.409
0.424
0.434
0.442
0.447
0.451
0.453
0.455
0.455
0.452
0.448
0.443
0.434
0.416
0.397
0.379
0.35
0.32
0.287
0.253
0.22
0.19
0.16
0.141
0.119
0.097
0.074
0.052
0.037
0.029
0.022
0.015
0.009
0.006
0.004
0.002
0.001
0.0
-0.002
-0.003
-0.005
-0.006
-0.008
-0.009
-0.01
-0.011
-0.013
-0.015
-0.019
-0.027
-0.035
-0.044
-0.069
-0.101
-0.138
-0.177
-0.224
-0.281
-0.342
-0.407
-0.469
-0.525
-0.571
-0.61
-0.649
-0.689
-0.726
-0.761
-0.781
-0.816
-0.848
-0.878
-0.913
-0.937
-0.956
-0.968
-0.974
-0.97
-0.962
-0.949
-0.934
-0.928
-0.924
-0.919
-0.913
-0.905
-0.895
-0.863
-0.826
-0.781
-0.726
-0.66
-0.586
-0.508
-0.43
-0.362
-0.31
-0.273
-0.248
-0.22
-0.198
-0.163
-0.127
-0.105
-0.081
-0.059
-0.038
-0.017
0.005
0.028
0.05
0.075
0.102
0.126
0.162
0.195
0.215
0.236
0.256
0.266
0.27
0.273
0.275
0.276
0.277
0.276
0.275
0.274
0.273
0.271
0.269
0.267
0.266
0.264
0.264
0.264
0.267
0.272
0.28
0.287
0.293
0.301
0.308
0.312
0.311
0.307
0.3
0.292
0.279
0.253
0.231
0.216
0.215
0.228
0.261
0.343
0.468
0.637
0.84
1.052
1.232
1.315
1.31
1.199
0.969
0.682
0.393
0.167
0.029
-0.004
-0.002
0.047
0.109
0.163
0.191
0.197
0.201
0.204
0.206
0.207
0.208
0.208
0.209
0.209
0.209
0.209
0.21
0.21
0.211
0.212
0.214
0.215
0.218
0.223
0.234
0.248
0.26
0.269
0.277
0.285
0.292
0.3
0.308
0.316
0.324
0.331
0.338
0.347
0.359
0.368
0.375
0.381
0.388
0.393
0.399
0.405
0.41
0.415
0.419
0.423
0.426
0.429
0.432
0.435
0.439
0.44
0.438
0.434
0.427
0.418
0.405
0.39
0.368
0.344
0.322
0.299
0.276
0.252
0.228
0.203
0.177
0.152
0.13
0.114
0.103
0.09
0.068
0.05
0.041
0.034
0.027
0.02
0.013
0.01
0.007
0.005
0.002
0.0
0.0
-0.001
-0.002
-0.003
-0.003
-0.004
-0.005
-0.006
-0.006
-0.006
-0.006
-0.006
-0.007
-0.008
-0.009
-0.011
-0.013
-0.016
-0.019
-0.022
-0.028
-0.035
-0.042
-0.049
-0.057
-0.065
-0.072
-0.079
-0.086
-0.094
-0.102
-0.109
-0.114
-0.118
-0.123
-0.128
-0.133
-0.137
-0.14
-0.143
-0.145
-0.146
-0.146
-0.147
-0.148
-0.149
-0.152
-0.155
-0.16
-0.166
-0.175
-0.185
-0.197
-0.212
-0.232
-0.239
-0.242
-0.245
-0.248
-0.25
-0.246
-0.234
-0.216
-0.188
-0.159
-0.13
-0.102
-0.073
-0.051
-0.033
-0.017
0.003
0.03
0.051
0.064
0.076
0.086
0.098
0.111
0.119
0.124
0.129
0.132
0.132
0.128
0.119
0.109
0.103
0.097
0.091
0.085
0.08
0.077
0.076
0.078
0.082
0.088
0.096
0.105
0.114
0.125
0.135
0.141
0.146
0.15
0.153
0.156
0.159
0.162
0.165
0.169
0.177
0.207
0.275
0.375
0.509
0.679
0.875
1.072
1.238
1.315
1.311
1.21
0.993
0.722
0.451
0.232
0.095
0.044
0.037
0.067
0.126
0.185
0.234
0.264
0.285
0.297
0.309
0.319
0.33
0.342
0.353
0.362
0.37
0.377
0.385
0.391
0.398
0.41
0.43
0.452
0.474
0.498
0.52
0.539
0.56
0.582
0.608
0.627
0.637
0.644
0.651
0.657
0.661
0.664
0.667
0.669
0.671
0.672
0.674
0.677
0.68
0.683
0.687
0.691
0.695
0.701
0.709
0.723
0.73
0.733
0.735
0.737
0.739
0.741
0.742
0.74
0.734
0.724
0.707
0.677
0.627
0.565
0.492
0.408
0.316
0.215
0.117
0.033
-0.027
-0.067
-0.095
-0.111
-0.118
-0.123
-0.126
-0.128
-0.129
-0.129
-0.127
-0.124
-0.122
-0.12
-0.118
-0.113
-0.107
-0.1
-0.092
-0.089
-0.098
-0.119
-0.149
-0.186
-0.238
-0.295
-0.364
-0.443
-0.526
-0.598
-0.655
-0.691
-0.708
-0.711
-0.712
-0.713
-0.716
-0.722
-0.729
-0.734
-0.736
-0.738
-0.741
-0.748
-0.766
-0.804
-0.842
-0.88
-0.904
-0.922
-0.933
-0.937
-0.93
-0.917
-0.901
-0.879
-0.845
-0.819
-0.798
-0.772
-0.748
-0.729
-0.719
-0.724
-0.74
-0.766
-0.799
-0.822
-0.839
-0.855
