0.122
0.142
0.17
0.199
0.219
0.233
0.234
0.223
0.203
0.183
0.175
0.17
0.168
0.166
0.165
0.164
0.163
0.163
0.163
0.163
0.163
0.163
0.163
0.163
0.169
0.178
0.187
0.196
0.204
0.212
0.219
0.226
0.234
0.242
0.249
0.254
0.259
0.263
0.266
0.268
0.27
0.269
0.266
0.261
0.254
0.245
0.232
0.218
0.21
0.204
0.2
0.197
0.195
0.196
0.197
0.2
0.202
0.204
0.206
0.208
0.211
0.214
0.216
0.218
0.218
0.219
0.218
0.216
0.213
0.208
0.202
0.197
0.192
0.187
0.182
0.176
0.172
0.167
0.164
0.161
0.158
0.156
0.153
0.151
0.149
0.147
0.146
0.144
0.143
0.143
0.143
0.143
0.144
0.145
0.147
0.149
0.151
0.153
0.156
0.159
0.164
0.169
0.168
0.16
0.147
0.132
0.112
0.091
0.08
0.073
0.066
0.061
0.057
0.056
0.055
0.056
0.057
0.058
0.061
0.063
0.066
0.068
0.07
0.073
0.078
0.082
0.086
0.09
0.093
0.095
0.096
0.098
0.1
0.101
0.103
0.105
0.111
0.116
0.116
0.109
0.099
0.089
0.077
0.066
0.054
0.034
0.008
-0.03
-0.082
-0.14
-0.208
-0.283
-0.355
-0.419
-0.439
-0.447
-0.453
-0.434
-0.375
-0.311
-0.246
-0.182
-0.12
-0.067
-0.038
-0.01
0.018
0.04
0.053
0.065
0.075
0.082
0.087
0.091
0.094
0.097
0.098
0.099
0.1
0.098
0.095
0.091
0.086
0.08
0.075
0.067
0.054
0.041
0.027
0.02
0.015
0.01
0.007
0.003
0.0
-0.003
-0.007
-0.01
-0.013
-0.016
-0.02
-0.025
-0.04
-0.072
-0.088
-0.096
-0.101
-0.106
-0.111
-0.116
-0.12
-0.124
-0.127
-0.13
-0.133
-0.136
-0.138
-0.141
-0.144
-0.148
-0.153
-0.157
-0.162
-0.167
-0.172
-0.178
-0.184
-0.19
-0.195
-0.201
-0.207
-0.213
-0.217
-0.219
-0.218
-0.217
-0.215
-0.211
-0.205
-0.199
-0.189
-0.17
-0.152
-0.128
-0.101
-0.077
-0.052
-0.031
-0.018
-0.009
-0.002
0.0
0.003
0.005
0.007
0.008
0.008
0.008
0.007
0.005
0.002
0.0
-0.004
-0.008
-0.012
-0.015
-0.019
-0.023
-0.027
-0.031
-0.036
-0.04
-0.044
-0.048
-0.051
-0.054
-0.057
-0.058
-0.06
-0.06
-0.061
-0.062
-0.064
-0.065
-0.067
-0.069
-0.071
-0.072
-0.073
-0.074
-0.074
-0.073
-0.072
-0.071
-0.069
-0.068
-0.066
-0.065
-0.065
-0.064
-0.063
-0.063
-0.063
-0.063
-0.062
-0.062
-0.061
-0.06
-0.059
-0.059
-0.058
-0.059
-0.06
-0.061
-0.062
-0.063
-0.064
-0.064
-0.065
-0.065
-0.066
-0.066
-0.067
-0.07
-0.072
-0.067
-0.06
-0.056
-0.053
-0.05
-0.048
-0.046
-0.044
-0.042
-0.042
-0.044
-0.047
-0.05
-0.054
-0.058
-0.06
-0.062
-0.065
-0.068
-0.07
-0.073
-0.074
-0.075
-0.075
-0.076
-0.077
-0.078
-0.078
-0.079
-0.079
-0.079
-0.077
-0.076
-0.074
-0.071
-0.069
-0.066
-0.064
-0.061
-0.059
-0.056
-0.054
-0.051
-0.045
-0.039
-0.035
-0.036
-0.04
-0.048
-0.057
-0.068
-0.083
-0.094
-0.102
-0.109
-0.114
-0.118
-0.12
-0.12
-0.117
-0.11
-0.102
-0.091
-0.073
-0.051
-0.041
-0.036
-0.031
-0.026
-0.022
-0.018
-0.015
-0.013
-0.011
-0.009
-0.007
-0.006
-0.005
-0.005
-0.006
-0.007
-0.007
-0.009
-0.01
-0.013
-0.016
-0.02
-0.025
-0.032
-0.064
-0.118
-0.188
-0.27
-0.358
-0.447
-0.529
-0.581
-0.601
-0.602
-0.589
-0.553
-0.488
-0.406
-0.325
-0.257
-0.195
-0.141
-0.094
-0.068
-0.058
-0.054
-0.051
-0.048
-0.045
-0.043
-0.041
-0.039
-0.038
-0.038
-0.038
-0.039
-0.04
-0.042
-0.044
-0.046
-0.048
-0.05
-0.052
-0.054
-0.055
-0.056
-0.057
-0.059
-0.061
-0.062
-0.063
-0.064
-0.066
-0.068
-0.07
-0.072
-0.074
-0.075
-0.077
-0.078
-0.08
-0.081
-0.084
-0.086
-0.088
-0.09
-0.093
-0.096
-0.1
-0.104
-0.109
-0.115
-0.122
-0.129
-0.136
-0.143
-0.151
-0.162
-0.173
-0.181
-0.184
-0.185
-0.185
-0.185
-0.186
-0.189
-0.191
-0.192
-0.188
-0.18
-0.172
-0.165
-0.16
-0.155
-0.15
-0.145
-0.139
-0.134
-0.128
-0.121
-0.109
-0.09
-0.077
-0.061
-0.034
-0.007
0.011
0.025
0.036
0.046
0.06
0.077
0.085
0.089
0.093
0.096
0.099
0.101
0.102
0.103
0.104
0.104
0.105
0.105
0.106
0.107
0.108
0.109
0.11
0.111
0.112
0.112
0.113
0.113
0.115
0.116
0.118
0.12
0.122
0.124
0.126
0.13
0.135
0.14
0.145
0.15
0.153
0.156
0.158
0.16
0.161
0.162
0.163
0.164
0.165
0.167
0.168
0.169
0.169
0.167
0.163
0.159
0.155
0.152
0.149
0.146
0.143
0.141
0.14
0.14
0.14
0.141
0.143
0.144
0.144
0.146
0.148
0.149
0.15
0.151
0.152
0.153
0.155
0.157
0.158
0.157
0.154
0.149
0.143
0.139
0.135
0.131
0.127
0.124
0.121
0.119
0.116
0.113
0.11
0.108
0.105
0.102
0.099
0.095
0.09
0.084
0.077
0.07
0.063
0.055
0.047
0.039
0.032
0.025
0.019
0.013
0.008
0.002
-0.002
-0.006
-0.01
-0.014
-0.019
-0.025
-0.033
-0.04
-0.042
-0.044
-0.045
-0.046
-0.048
-0.05
-0.051
-0.053
-0.054
-0.054
-0.055
-0.054
-0.054
-0.053
-0.051
-0.049
-0.046
-0.042
-0.038
-0.034
-0.03
-0.024
-0.012
0.0
0.014
0.027
0.037
0.046
0.054
0.062
0.069
0.074
0.078
0.083
0.086
0.089
0.091
0.09
0.088
0.085
0.079
0.071
0.061
0.041
0.002
-0.059
-0.132
-0.215
-0.305
-0.391
-0.461
-0.501
-0.514
-0.5
-0.459
-0.388
-0.308
-0.233
-0.161
-0.102
-0.056
-0.023
0.001
0.016
0.027
0.034
0.04
0.049
0.061
0.077
0.089
0.1
0.107
0.106
0.098
0.088
0.082
0.078
0.075
0.072
0.07
0.068
0.067
0.067
0.069
0.071
0.074
0.076
0.078
0.081
0.084
0.087
0.09
0.092
0.094
0.094
0.095
0.094
0.092
0.087
0.082
0.075
0.068
0.062
0.056
0.048
0.039
0.031
0.026
0.023
0.02
0.016
0.01
0.004
-0.003
-0.012
-0.025
-0.039
-0.055
-0.07
-0.083
-0.094
-0.103
-0.11
-0.115
-0.118
-0.122
-0.125
-0.128
-0.13
-0.132
-0.132
-0.128
-0.121
-0.112
-0.1
-0.081
-0.062
-0.042
-0.023
-0.007
0.004
0.013
0.021
0.032
0.043
0.053
0.062
0.071
0.08
0.09
0.099
0.106
0.111
0.116
0.121
0.126
0.13
0.133
0.134
0.134
0.135
0.135
0.135
0.135
0.134
0.133
0.133
0.133
0.133
0.133
0.132
0.127
0.119
0.113
0.109
0.107
0.105
0.102
0.099
0.097
0.098
0.098
0.097
0.097
0.096
0.095
0.095
0.094
0.094
0.093
0.091
0.09
0.089
0.087
0.086
0.084
0.081
0.078
0.075
0.072
0.068
0.06
0.051
0.046
0.045
0.045
0.045
0.045
0.045
0.043
0.042
0.041
0.04
0.041
0.041
0.042
0.042
0.043
0.044
0.045
0.046
0.047
0.047
0.047
0.046
0.045
0.044
0.042
0.04
0.038
0.036
0.034
0.031
0.029
0.026
0.024
0.021
0.017
0.012
0.006
-0.001
-0.008
-0.016
-0.024
-0.034
-0.044
-0.05
-0.053
-0.055
-0.056
-0.059
-0.062
-0.066
-0.07
-0.076
-0.084
-0.093
-0.104
-0.118
-0.131
-0.143
-0.151
-0.159
-0.165
-0.168
-0.168
-0.162
-0.153
-0.143
-0.135
-0.125
-0.115
-0.11
-0.106
-0.103
-0.1
-0.097
-0.093
-0.09
-0.087
-0.086
-0.086
-0.087
-0.089
-0.091
-0.094
-0.098
-0.097
-0.086
-0.077
-0.069
-0.062
-0.063
-0.072
-0.088
-0.113
-0.148
-0.203
-0.262
-0.328
-0.396
-0.461
-0.524
-0.545
-0.558
-0.55
-0.487
-0.4
-0.302
-0.212
-0.146
-0.099
-0.085
-0.077
-0.07
-0.065
-0.059
-0.048
-0.022
0.007
0.027
0.035
0.041
0.047
0.044
0.026
0.018
0.014
0.011
0.008
0.006
0.004
0.002
0.0
0.0
-0.002
-0.003
-0.004
-0.006
-0.007
-0.008
-0.01
-0.011
-0.012
-0.013
-0.015
-0.016
-0.017
-0.019
-0.021
-0.024
-0.026
-0.032
-0.048
-0.061
-0.07
-0.076
-0.082
-0.088
-0.094
-0.099
-0.104
-0.109
-0.115
-0.122
-0.132
-0.144
-0.156
-0.169
-0.182
-0.195
-0.207
-0.216
-0.224
-0.231
-0.237
-0.24
-0.241
-0.241
-0.242
-0.242
-0.242
-0.243
-0.244
-0.244
-0.242
-0.234
-0.224
-0.212
-0.194
-0.177
-0.161
-0.143
-0.125
-0.107
-0.089
-0.067
-0.051
-0.04
-0.031
-0.022
-0.014
-0.007
-0.001
0.003
0.008
0.012
0.014
0.015
0.014
0.01
0.005
0.0
-0.003
-0.006
-0.01
-0.014
-0.019
-0.021
-0.022
-0.02
-0.017
-0.012
-0.008
-0.005
-0.002
0.0
0.004
0.007
0.01
0.013
0.015
0.017
0.018
0.019
0.018
0.017
0.015
0.012
0.009
0.006
0.002
0.0
-0.003
-0.006
-0.009
-0.011
-0.012
-0.013
-0.014
-0.015
-0.015
-0.016
-0.016
-0.016
-0.015
-0.015
-0.015
-0.016
-0.018
-0.019
-0.02
-0.022
-0.023
-0.025
-0.027
-0.028
-0.03
-0.031
-0.032
-0.034
-0.036
-0.038
-0.04
-0.043
-0.045
-0.046
-0.048
-0.05
-0.051
-0.053
-0.054
-0.054
-0.055
-0.056
-0.057
-0.057
-0.057
-0.056
-0.056
-0.055
-0.055
-0.055
-0.055
-0.055
-0.055
-0.056
-0.057
-0.058
-0.06
-0.062
-0.064
-0.067
-0.07
-0.073
-0.076
-0.079
-0.084
-0.098
-0.111
-0.119
-0.126
-0.132
-0.138
-0.144
-0.148
-0.15
-0.147
-0.139
-0.128
-0.115
-0.102
-0.081
-0.063
-0.048
-0.039
-0.033
-0.028
-0.023
-0.019
-0.014
-0.009
-0.006
-0.003
-0.001
0.0
0.004
0.008
0.015
0.026
0.031
0.032
0.033
0.035
0.032
0.011
-0.017
-0.055
-0.117
-0.195
-0.284
-0.374
-0.468
-0.556
-0.618
-0.638
-0.616
-0.549
-0.436
-0.323
-0.232
-0.167
-0.111
-0.074
-0.034
0.007
0.038
0.059
0.075
0.088
0.098
0.108
0.115
0.118
0.114
0.106
0.095
0.081
0.061
0.045
0.038
0.033
0.028
0.025
0.023
0.022
0.024
0.028
0.034
0.041
0.047
0.051
0.057
0.062
0.068
0.073
0.078
0.081
0.083
0.084
0.084
0.083
0.081
0.077
0.072
0.066
0.06
0.053
0.045
0.029
0.015
0.001
-0.014
-0.031
-0.038
-0.042
-0.045
-0.047
-0.049
-0.05
-0.051
-0.05
-0.05
-0.049
-0.047
-0.045
-0.043
-0.041
-0.039
-0.037
-0.035
-0.034
-0.032
-0.031
-0.029
-0.028
-0.027
-0.026
-0.024
-0.022
-0.019
-0.014
-0.003
0.022
0.043
0.06
0.076
0.094
0.123
0.147
0.163
0.176
0.187
0.192
0.194
0.197
0.198
0.2
0.202
0.204
0.205
0.205
0.206
0.206
0.207
0.208
0.209
0.209
0.209
0.208
0.207
0.206
0.206
0.205
0.203
0.201
0.199
0.198
0.197
0.196
0.195
0.194
0.192
0.19
0.188
0.186
0.184
0.18
0.175
0.17
0.163
0.157
0.15
0.145
0.142
0.14
0.137
0.135
0.133
0.131
0.13
0.129
0.129
0.128
0.127
0.126
0.126
0.126
0.126
0.125
0.124
0.122
0.12
0.119
0.117
0.116
0.115
0.113
0.111
0.11
0.109
0.107
0.105
0.101
0.096
0.09
0.085
0.08
0.078
0.077
0.077
0.076
0.075
0.075
0.075
0.075
0.076
0.075
0.074
0.073
0.076
0.081
0.085
0.09
0.093
0.095
0.09
0.081
0.07
0.062
0.053
0.043
0.035
0.029
0.023
0.02
0.017
0.014
0.011
0.008
0.006
0.004
0.003
0.002
0.0
-0.001
-0.004
-0.006
-0.006
-0.006
-0.007
-0.008
-0.009
-0.011
-0.013
-0.014
-0.015
-0.017
-0.02
-0.023
-0.025
-0.025
-0.022
-0.016
-0.01
-0.005
0.0
0.003
0.009
0.015
0.021
0.026
0.03
0.033
0.037
0.042
0.047
0.053
0.057
0.058
0.057
0.055
0.052
0.048
0.033
-0.009
-0.07
-0.15
-0.248
-0.361
-0.473
-0.566
-0.602
-0.615
-0.593
-0.527
-0.433
-0.34
-0.258
-0.18
-0.106
-0.046
0.008
0.061
0.11
0.126
0.138
0.147
0.156
0.166
0.174
0.179
0.184
0.189
0.193
0.193
0.185
0.175
0.169
0.165
0.161
0.157
0.154
0.151
0.147
0.143
0.139
0.136
0.133
0.13
0.127
0.124
0.118
0.107
0.096
0.086
0.08
0.076
0.072
0.069
0.066
0.062
0.059
0.055
0.052
0.048
0.043
0.038
0.032
0.02
-0.002
-0.023
-0.035
-0.043
-0.05
-0.056
-0.062
-0.068
-0.073
-0.079
-0.083
-0.087
-0.091
-0.096
-0.1
-0.104
-0.108
-0.11
-0.11
-0.108
-0.104
-0.1
-0.095
-0.089
-0.083
-0.075
-0.066
-0.056
-0.048
-0.037
-0.018
0.01
0.038
0.064
0.084
0.099
0.113
0.128
0.141
0.15
0.155
0.158
0.161
0.165
0.171
0.177
0.183
0.189
0.195
0.201
0.205
0.209
0.211
0.214
0.217
0.222
0.227
0.229
0.225
0.216
0.206
0.202
0.199
0.196
0.193
0.19
0.187
0.184
0.181
0.178
0.175
0.173
0.17
0.168
0.166
0.164
0.162
0.16
0.157
0.154
0.147
0.139
0.135
0.134
0.133
0.133
0.132
0.131
0.131
0.131
0.131
0.133
0.136
0.137
0.138
0.138
0.14
0.142
0.144
0.145
0.146
0.147
0.148
0.15
0.15
0.15
0.149
0.148
0.146
0.145
0.143
0.142
0.139
0.136
0.133
0.131
0.13
0.129
0.126
0.12
0.114
0.11
0.108
0.106
0.103
0.099
0.095
0.095
0.101
0.108
0.115
0.121
0.127
0.129
0.126
0.119
0.109
0.099
0.085
0.073
0.064
0.057
0.051
0.045
0.039
0.032
0.023
0.016
0.009
0.004
0.0
-0.004
-0.007
-0.009
-0.01
-0.01
-0.009
-0.006
-0.002
0.002
0.008
0.013
0.018
0.023
0.03
0.038
0.045
0.05
0.05
0.048
0.043
0.037
0.031
0.025
0.017
0.008
0.001
-0.004
-0.008
-0.014
-0.026
-0.043
-0.069
-0.111
-0.171
-0.248
-0.33
-0.412
-0.486
-0.55
-0.585
-0.597
-0.586
-0.553
-0.483
-0.391
-0.287
-0.193
-0.135
-0.117
-0.107
-0.1
-0.095
-0.084
-0.063
-0.046
-0.034
-0.03
-0.038
-0.054
-0.063
-0.069
-0.075
-0.079
-0.082
-0.085
-0.088
-0.091
-0.094
-0.096
-0.098
-0.099
-0.101
-0.102
-0.104
-0.105
-0.106
-0.108
-0.11
-0.113
-0.116
-0.12
-0.124
-0.13
-0.135
-0.143
-0.156
-0.167
-0.177
-0.182
-0.186
-0.189
-0.191
-0.194
-0.196
-0.2
-0.203
-0.206
-0.209
-0.213
-0.218
-0.224
-0.232
-0.246
-0.259
-0.27
-0.283
-0.296
-0.304
-0.308
-0.311
-0.313
-0.315
-0.317
-0.318
-0.319
-0.319
-0.319
-0.317
-0.315
-0.312
-0.307
-0.301
-0.294
-0.286
-0.271
-0.256
-0.24
-0.221
-0.199
-0.18
-0.163
-0.148
-0.14
-0.134
-0.132
-0.13
-0.128
-0.125
-0.123
-0.122
-0.12
-0.12
-0.12
-0.12
-0.12
-0.121
-0.122
-0.123
-0.124
-0.125
-0.126
-0.127
-0.128
-0.128
-0.129
-0.13
-0.132
-0.134
-0.135
-0.137
-0.138
-0.139
-0.14
-0.14
-0.141
-0.141
-0.14
-0.14
-0.139
-0.139
-0.14
-0.14
-0.141
-0.141
-0.14
-0.14
-0.139
-0.139
-0.138
-0.137
-0.135
-0.134
-0.133
-0.133
-0.134
-0.134
-0.134
-0.134
-0.133
-0.132
-0.132
-0.131
-0.129
-0.128
-0.125
-0.123
-0.12
-0.118
-0.116
-0.113
-0.11
-0.102
-0.095
-0.091
-0.089
-0.087
-0.086
-0.084
-0.083
-0.082
-0.082
-0.082
-0.082
-0.082
-0.082
-0.082
-0.083
-0.084
-0.085
-0.085
-0.085
-0.084
-0.083
-0.082
-0.081
-0.08
-0.078
-0.076
-0.074
-0.073
-0.072
-0.07
-0.067
-0.062
-0.058
-0.055
-0.054
-0.055
-0.057
-0.06
-0.063
-0.067
-0.074
-0.085
-0.094
-0.101
-0.105
-0.109
-0.113
-0.117
-0.119
-0.119
-0.115
-0.109
-0.102
-0.094
-0.087
-0.077
-0.066
-0.058
-0.051
-0.044
-0.031
-0.007
0.012
0.022
0.031
0.04
0.048
0.054
0.061
0.067
0.071
0.071
0.069
0.063
0.054
0.026
-0.02
-0.085
-0.159
-0.238
-0.321
-0.4
-0.467
-0.503
-0.516
-0.515
-0.496
-0.443
-0.359
-0.259
-0.156
-0.059
0.022
0.096
0.155
0.177
0.193
0.204
0.213
0.22
0.222
0.224
0.225
0.226
0.227
0.227
0.228
0.227
0.227
0.227
0.227
0.227
0.227
0.227
0.225
0.223
0.22
0.218
0.217
0.216
0.215
0.213
0.21
0.206
0.202
0.198
0.193
0.187
0.179
0.168
0.156
0.144
0.135
0.128
0.121
0.115
0.108
0.103
0.097
0.089
0.077
0.068
0.061
0.056
0.053
0.051
0.048
0.045
0.041
0.036
0.03
0.022
0.01
-0.009
-0.026
-0.044
-0.061
-0.079
-0.094
-0.106
-0.115
-0.121
-0.125
-0.13
-0.134
-0.138
-0.138
-0.13
-0.119
-0.105
-0.086
-0.066
-0.053
-0.045
-0.037
-0.031
-0.025
-0.02
-0.016
-0.011
-0.006
-0.001
0.003
0.009
0.015
0.024
0.036
0.041
0.044
0.046
0.049
0.049
0.047
0.041
0.034
0.027
0.017
0.009
0.003
0.0
-0.001
-0.003
-0.004
-0.005
-0.007
-0.009
-0.011
-0.013
-0.016
-0.019
-0.022
-0.025
-0.029
-0.033
-0.04
-0.054
-0.064
-0.069
-0.074
-0.079
-0.082
-0.081
-0.076
-0.068
-0.06
-0.05
-0.042
-0.034
-0.023
-0.013
-0.007
-0.004
-0.002
0.0
0.0
0.001
0.002
0.001
0.0
0.0
-0.001
-0.003
-0.005
-0.009
-0.01
-0.005
0.004
0.01
0.016
0.021
0.026
0.029
0.033
0.036
0.038
0.039
0.04
0.041
0.041
0.042
0.042
0.043
0.044
0.045
0.047
0.049
0.05
0.051
0.053
0.054
0.056
0.058
0.061
0.064
0.068
0.075
0.083
0.083
0.079
0.073
0.068
0.062
0.055
0.047
0.039
0.032
0.026
0.02
0.014
0.009
0.005
0.001
-0.003
-0.01
-0.02
-0.026
-0.031
-0.033
-0.035
-0.037
-0.038
-0.039
-0.04
-0.04
-0.039
-0.037
-0.033
-0.028
-0.022
-0.013
0.002
0.012
0.025
0.044
0.061
0.072
0.077
0.079
0.081
0.084
0.083
0.071
0.058
0.044
0.032
0.025
0.021
0.016
0.011
0.004
-0.001
-0.012
-0.051
-0.129
-0.234
-0.349
-0.458
-0.552
-0.61
-0.629
-0.61
-0.554
-0.458
-0.353
-0.257
-0.176
-0.108
-0.07
-0.049
-0.029
-0.007
0.016
0.038
0.05
0.056
0.06
0.063
0.066
0.067
0.068
0.069
0.07
0.071
0.072
0.073
0.074
0.072
0.07
0.066
0.063
0.062
0.06
0.057
0.055
0.053
0.05
0.048
0.045
0.043
0.041
0.04
0.038
0.036
0.033
0.024
0.003
-0.006
-0.011
-0.015
-0.019
-0.023
-0.028
-0.032
-0.036
-0.042
-0.05
-0.064
-0.079
-0.087
-0.091
-0.094
-0.096
-0.099
-0.102
-0.105
-0.107
-0.109
-0.112
-0.115
-0.12
-0.131
-0.154
-0.173
-0.184
-0.192
-0.197
-0.201
-0.205
-0.209
-0.21
-0.21
-0.206
-0.199
-0.191
-0.18
-0.162
-0.144
-0.12
-0.089
-0.067
-0.052
-0.04
-0.031
-0.023
-0.017
-0.012
-0.006
0.0
0.006
0.02
0.044
0.055
0.059
0.062
0.065
0.067
0.069
0.072
0.075
0.079
0.082
0.085
0.088
0.092
0.095
0.098
0.103
0.107
0.112
0.116
0.119
0.123
0.126
0.128
0.131
0.132
0.134
0.135
0.137
0.139
0.141
0.14
0.139
0.138
0.137
0.137
0.136
0.135
0.134
0.132
0.13
0.13
0.131
0.131
0.133
0.135
0.138
0.143
0.149
0.155
0.161
0.165
0.17
0.175
0.181
0.185
0.187
0.186
0.181
0.174
0.167
0.16
0.154
0.147
0.139
0.131
0.125
0.121
0.118
0.116
0.115
0.112
0.108
0.105
0.103
0.102
0.105
0.109
0.114
0.119
0.123
0.127
0.132
0.137
0.14
0.141
0.138
0.134
0.128
0.123
0.118
0.114
0.108
0.102
0.096
0.091
0.087
0.083
0.079
0.076
