0.056
0.057
0.058
0.06
0.063
0.066
0.066
0.065
0.063
0.059
0.054
0.046
0.036
0.035
0.034
0.033
0.033
0.041
0.047
0.053
0.056
0.057
0.058
0.059
0.06
0.062
0.063
0.062
0.058
0.053
0.047
0.039
0.035
0.034
0.031
0.028
0.032
0.036
0.04
0.04
0.034
0.028
0.023
0.016
0.007
-0.006
-0.019
-0.025
-0.03
-0.016
0.0
0.011
0.02
0.026
0.033
0.042
0.054
0.06
0.065
0.069
0.071
0.073
0.074
0.073
0.071
0.068
0.064
0.059
0.054
0.044
0.039
0.042
0.049
0.054
0.059
0.063
0.064
0.062
0.057
0.048
0.021
-0.042
-0.135
-0.258
-0.403
-0.562
-0.711
-0.79
-0.786
-0.688
-0.47
-0.2
0.064
0.268
0.368
0.382
0.356
0.276
0.184
0.101
0.037
0.003
-0.006
-0.013
-0.018
-0.023
-0.026
-0.029
-0.03
-0.031
-0.031
-0.032
-0.032
-0.034
-0.035
-0.036
-0.037
-0.039
-0.04
-0.042
-0.043
-0.046
-0.048
-0.051
-0.055
-0.063
-0.071
-0.078
-0.085
-0.099
-0.119
-0.132
-0.14
-0.147
-0.154
-0.16
-0.169
-0.179
-0.17
-0.155
-0.148
-0.147
-0.146
-0.145
-0.145
-0.145
-0.147
-0.149
-0.152
-0.154
-0.157
-0.159
-0.158
-0.156
-0.155
-0.153
-0.151
-0.147
-0.143
-0.137
-0.127
-0.111
-0.099
-0.089
-0.081
-0.077
-0.074
-0.072
-0.071
-0.069
-0.065
-0.062
-0.058
-0.055
-0.052
-0.047
-0.04
-0.032
-0.026
-0.021
-0.017
-0.014
-0.01
-0.007
-0.003
0.0
0.002
0.005
0.009
0.012
0.011
0.006
0.0
-0.003
-0.007
-0.009
-0.011
-0.013
-0.014
-0.014
-0.012
-0.009
-0.005
-0.001
0.003
0.008
0.017
0.025
0.029
0.031
0.033
0.035
0.039
0.039
0.035
0.032
0.029
0.027
0.026
0.027
0.029
0.033
0.036
0.039
0.041
0.045
0.047
0.049
0.051
0.052
0.054
0.057
0.059
0.057
0.054
0.052
0.05
0.049
0.048
0.047
0.047
0.047
0.048
0.05
0.052
0.055
0.058
0.06
0.063
0.067
0.07
0.072
0.072
0.071
0.068
0.066
0.062
0.059
0.054
0.048
0.041
0.033
0.028
0.024
0.02
0.016
0.013
0.011
0.01
0.01
0.01
0.011
0.013
0.015
0.018
0.021
0.025
0.029
0.038
0.045
0.052
0.059
0.068
0.072
0.077
0.082
0.07
0.057
0.047
0.038
0.032
0.026
0.02
0.016
0.016
0.02
0.025
0.031
0.036
0.041
0.045
0.048
0.053
0.06
0.05
0.022
-0.032
-0.123
-0.263
-0.453
-0.67
-0.861
-0.942
-0.93
-0.791
-0.532
-0.234
0.026
0.196
0.24
0.239
0.189
0.141
0.113
0.099
0.077
0.049
0.026
0.02
0.016
0.013
0.009
0.007
0.005
0.004
0.001
-0.003
-0.012
-0.024
-0.03
-0.034
-0.036
-0.039
-0.044
-0.048
-0.053
-0.057
-0.061
-0.065
-0.069
-0.073
-0.078
-0.082
-0.085
-0.088
-0.09
-0.093
-0.095
-0.095
-0.096
-0.096
-0.097
-0.097
-0.098
-0.098
-0.1
-0.101
-0.102
-0.103
-0.105
-0.106
-0.107
-0.108
-0.109
-0.111
-0.113
-0.114
-0.117
-0.123
-0.13
-0.13
-0.125
-0.117
-0.103
-0.081
-0.07
-0.064
-0.06
-0.057
-0.053
-0.049
-0.046
-0.043
-0.041
-0.04
-0.039
-0.037
-0.035
-0.032
-0.029
-0.026
-0.022
-0.018
-0.013
-0.008
-0.004
-0.001
0.0
0.002
0.003
0.005
0.007
0.009
0.011
0.013
0.016
0.018
0.02
0.021
0.022
0.023
0.022
0.022
0.021
0.019
0.018
0.018
0.019
0.019
0.02
0.02
0.02
0.021
0.022
0.023
0.024
0.024
0.024
0.026
0.031
0.035
0.032
0.024
0.016
0.008
0.001
-0.001
-0.003
-0.007
-0.012
-0.006
-0.003
-0.001
0.0
0.002
0.004
0.005
0.006
0.006
0.006
0.006
0.005
0.005
0.003
0.001
-0.001
-0.004
-0.006
-0.009
-0.013
-0.017
-0.018
-0.017
-0.015
-0.013
-0.011
-0.008
-0.006
-0.003
0.0
0.003
0.007
0.011
0.014
0.016
0.017
0.018
0.021
0.027
0.013
0.001
-0.006
-0.013
-0.018
-0.022
-0.024
-0.027
-0.03
-0.033
-0.036
-0.039
-0.041
-0.043
-0.046
-0.05
-0.054
-0.058
-0.063
-0.068
-0.07
-0.068
-0.064
-0.058
-0.053
-0.045
-0.039
-0.036
-0.034
-0.03
-0.025
-0.024
-0.023
-0.023
-0.024
-0.024
-0.024
-0.019
-0.013
-0.009
-0.006
-0.004
-0.002
0.0
0.0
0.001
0.0
-0.001
-0.006
-0.01
-0.027
-0.063
-0.123
-0.219
-0.356
-0.525
-0.706
-0.869
-0.969
-0.974
-0.903
-0.696
-0.41
-0.106
0.138
0.281
0.302
0.293
0.224
0.149
0.088
0.051
0.03
0.016
0.009
0.002
-0.003
-0.01
-0.018
-0.026
-0.034
-0.041
-0.046
-0.05
-0.054
-0.057
-0.057
-0.054
-0.05
-0.045
-0.041
-0.035
-0.031
-0.032
-0.038
-0.045
-0.051
-0.057
-0.063
-0.068
-0.073
-0.077
-0.08
-0.083
-0.086
-0.089
-0.092
-0.095
-0.096
-0.097
-0.098
-0.098
-0.097
-0.096
-0.093
-0.09
-0.086
-0.082
-0.078
-0.073
-0.064
-0.045
-0.033
-0.021
-0.009
0.003
0.021
0.043
0.062
0.077
0.09
0.103
0.115
0.131
0.143
0.151
0.158
0.164
0.169
0.174
0.185
0.205
0.224
0.237
0.249
0.255
0.259
0.262
0.265
0.267
0.269
0.269
0.269
0.269
0.269
0.267
0.265
0.263
0.259
0.256
0.253
0.249
0.244
0.239
0.234
0.229
0.224
0.22
0.217
0.213
0.21
0.207
0.205
0.202
0.2
0.198
0.196
0.194
0.191
0.188
0.183
0.173
0.159
0.151
0.146
0.143
0.139
0.136
0.133
0.129
0.126
0.123
0.121
0.117
0.112
0.107
0.103
0.099
0.096
0.094
0.091
0.088
0.085
0.082
0.079
0.076
0.073
0.069
0.064
0.059
0.051
0.041
0.032
0.022
0.014
0.008
0.002
-0.002
-0.006
-0.009
-0.011
-0.013
-0.014
-0.017
-0.019
-0.021
-0.023
-0.024
-0.026
-0.028
-0.031
-0.034
-0.036
-0.035
-0.034
-0.031
-0.028
-0.026
-0.024
-0.02
-0.016
-0.013
-0.013
-0.016
-0.021
-0.027
-0.036
-0.053
-0.061
-0.065
-0.069
-0.072
-0.075
-0.077
-0.078
-0.078
-0.079
-0.079
-0.079
-0.078
-0.077
-0.075
-0.072
-0.07
-0.067
-0.063
-0.059
-0.051
-0.042
-0.031
-0.023
-0.018
-0.014
-0.011
-0.007
-0.003
0.0
0.003
0.007
0.01
0.015
0.02
0.024
0.026
0.025
0.023
0.021
0.018
0.015
0.011
0.012
0.024
0.037
0.048
0.036
0.002
-0.072
-0.184
-0.333
-0.512
-0.698
-0.853
-0.926
-0.886
-0.732
-0.501
-0.25
-0.029
0.125
0.198
0.222
0.207
0.163
0.094
0.041
0.017
0.003
-0.006
-0.019
-0.037
-0.056
-0.066
-0.073
-0.077
-0.078
-0.077
-0.077
-0.076
-0.075
-0.074
-0.073
-0.073
-0.073
-0.076
-0.08
-0.085
-0.09
-0.095
-0.101
-0.107
-0.112
-0.117
-0.122
-0.126
-0.13
-0.135
-0.141
-0.146
-0.15
-0.154
-0.157
-0.16
-0.163
-0.163
-0.162
-0.159
-0.155
-0.151
-0.149
-0.147
-0.144
-0.142
-0.14
-0.137
-0.134
-0.132
-0.131
-0.129
-0.128
-0.126
-0.124
-0.121
-0.115
-0.105
-0.103
-0.101
-0.099
-0.098
-0.095
-0.089
-0.081
-0.074
-0.066
-0.059
-0.052
-0.046
-0.035
-0.016
-0.005
-0.001
0.002
0.005
0.007
0.01
0.012
0.016
0.02
0.024
0.028
0.032
0.036
0.04
0.043
0.045
0.047
0.049
0.051
0.052
0.054
0.055
0.056
0.058
0.059
0.061
0.063
0.064
0.065
0.066
0.066
0.067
0.068
0.069
0.07
0.071
0.072
0.073
0.075
0.078
0.081
0.084
0.088
0.091
0.093
0.095
0.097
0.097
0.097
0.096
0.095
0.093
0.091
0.089
0.087
0.086
0.085
0.084
0.081
0.078
0.076
0.075
0.074
0.075
0.078
0.08
0.083
0.086
0.089
0.093
0.096
0.098
0.099
0.099
0.098
0.095
0.093
0.089
0.085
0.08
0.077
0.078
0.081
0.084
0.088
0.093
0.098
0.101
0.099
0.094
0.089
0.084
0.077
0.072
0.071
0.074
0.078
0.081
0.085
0.088
0.091
0.09
0.086
0.08
0.075
0.071
0.068
0.064
0.061
0.058
0.057
0.056
0.057
0.059
0.061
0.063
0.067
0.071
0.074
0.079
0.083
0.087
0.089
0.09
0.088
0.085
0.081
0.076
0.072
0.065
0.059
0.059
0.064
0.072
0.079
0.087
0.094
0.101
0.108
0.116
0.126
0.126
0.113
0.074
0.008
-0.094
-0.237
-0.416
-0.6
-0.746
-0.808
-0.751
-0.579
-0.332
-0.073
0.142
0.283
0.32
0.333
0.315
0.258
0.196
0.139
0.092
0.056
0.048
0.042
0.038
0.036
0.032
0.028
0.026
0.023
0.02
0.017
0.014
0.011
0.007
0.002
-0.002
-0.009
-0.017
-0.024
-0.029
-0.033
-0.036
-0.039
-0.042
-0.045
-0.048
-0.05
-0.053
-0.055
-0.059
-0.062
-0.065
-0.068
-0.071
-0.077
-0.085
-0.094
-0.104
-0.11
-0.115
-0.119
-0.123
-0.127
-0.129
-0.131
-0.131
-0.13
-0.129
-0.127
-0.126
-0.126
-0.124
-0.122
-0.119
-0.115
-0.111
-0.107
-0.103
-0.099
-0.095
-0.089
-0.083
-0.075
-0.067
-0.061
-0.056
-0.051
-0.046
-0.042
-0.038
-0.034
-0.031
-0.027
-0.023
-0.018
-0.012
-0.005
0.008
0.019
0.029
0.045
0.07
0.087
0.096
0.104
0.113
0.121
0.128
0.134
0.141
0.147
0.151
0.155
0.157
0.16
0.163
0.166
0.169
0.171
0.171
0.168
0.162
0.157
0.152
0.148
0.144
0.139
0.134
0.129
0.124
0.118
0.109
0.093
0.079
0.06
0.035
0.023
0.018
0.014
0.01
0.008
0.005
0.002
0.0
-0.004
-0.007
-0.011
-0.016
-0.02
-0.025
-0.033
-0.041
-0.049
-0.055
-0.06
-0.065
-0.072
-0.079
-0.087
-0.094
-0.1
-0.108
-0.117
-0.122
-0.126
-0.13
-0.135
-0.135
-0.128
-0.124
-0.12
-0.117
-0.114
-0.114
-0.117
-0.122
-0.126
-0.129
-0.132
-0.135
-0.138
-0.142
-0.145
-0.149
-0.154
-0.158
-0.163
-0.167
-0.172
-0.177
-0.182
-0.188
-0.193
-0.197
-0.2
-0.203
-0.206
-0.211
-0.219
-0.232
-0.244
-0.251
-0.257
-0.262
-0.264
-0.262
-0.257
-0.251
-0.243
-0.232
-0.223
-0.218
-0.215
-0.212
-0.209
-0.207
-0.207
-0.207
-0.209
-0.212
-0.215
-0.219
-0.223
-0.228
-0.236
-0.244
-0.244
-0.24
-0.233
-0.228
-0.223
-0.218
-0.217
-0.219
-0.227
-0.239
-0.279
-0.362
-0.48
-0.632
-0.812
-1.005
-1.175
-1.247
-1.234
-1.096
-0.834
-0.526
-0.25
-0.05
0.03
0.037
-0.003
-0.082
-0.165
-0.209
-0.225
-0.231
-0.23
-0.228
-0.225
-0.222
-0.235
-0.252
-0.266
-0.273
-0.277
-0.281
-0.282
-0.278
-0.272
-0.269
-0.265
-0.262
-0.26
-0.259
-0.262
-0.268
-0.274
-0.28
-0.284
-0.288
-0.293
-0.297
-0.301
-0.304
-0.307
-0.308
-0.309
-0.31
-0.31
-0.309
-0.307
-0.305
-0.302
-0.299
-0.297
-0.294
-0.291
-0.289
-0.286
-0.283
-0.279
-0.274
-0.27
-0.266
-0.263
-0.26
-0.256
-0.252
-0.248
-0.244
-0.24
-0.234
-0.227
-0.22
-0.215
-0.211
-0.205
-0.197
-0.183
-0.166
-0.148
-0.132
-0.118
-0.106
-0.097
-0.087
-0.078
-0.063
-0.042
-0.029
-0.022
-0.014
-0.004
0.007
0.016
0.024
0.031
0.037
0.043
0.048
0.052
0.057
0.06
0.064
0.068
0.072
0.076
0.08
0.084
0.088
0.092
0.097
0.101
0.106
0.109
0.111
0.113
0.114
0.115
0.115
0.115
0.113
0.111
0.109
0.107
0.104
0.101
0.096
0.09
0.085
0.082
0.079
0.072
0.064
0.074
0.082
0.087
0.092
0.097
0.101
0.104
0.106
0.108
0.111
0.115
0.118
0.119
0.119
0.117
0.114
0.111
0.109
0.107
0.105
0.103
0.101
0.099
0.097
0.095
0.093
0.092
0.09
0.089
0.088
0.088
0.088
0.087
0.087
0.086
0.085
0.082
0.079
0.077
0.076
0.077
0.077
0.077
0.077
0.077
0.078
0.079
0.081
0.081
0.076
0.069
0.062
0.058
0.054
0.049
0.045
0.041
0.039
0.038
0.038
0.039
0.042
0.045
0.048
0.051
0.054
0.057
0.061
0.065
0.069
0.075
0.082
0.091
0.104
0.124
0.137
0.147
0.155
0.165
0.175
0.182
0.187
0.193
0.198
0.204
0.209
0.215
0.221
0.227
0.233
0.24
0.246
0.251
0.257
0.263
0.271
0.283
0.289
0.285
0.275
0.244
0.182
0.086
-0.044
-0.205
-0.382
-0.546
-0.649
-0.658
-0.599
-0.417
-0.169
0.094
0.319
0.463
0.511
0.513
0.475
0.412
0.354
0.308
0.277
0.256
0.244
0.234
0.226
0.218
0.203
0.179
0.167
0.163
0.16
0.156
0.154
0.152
0.15
0.148
0.145
0.142
0.138
0.135
0.132
0.129
0.125
0.118
0.11
0.102
0.093
0.086
0.082
0.079
0.075
0.072
0.069
0.067
0.065
0.064
0.063
0.061
0.059
0.056
0.055
0.054
0.054
0.053
0.053
0.052
0.05
0.05
0.049
0.049
0.047
0.045
0.043
0.041
0.04
0.041
0.044
0.047
0.051
0.055
0.059
0.065
0.071
0.078
0.085
0.09
0.096
0.102
0.109
0.116
0.123
0.129
0.132
0.134
0.136
0.137
0.14
0.142
0.145
0.147
0.148
0.149
0.149
0.15
0.15
0.15
0.15
0.15
0.149
0.15
0.151
0.153
0.154
0.154
0.151
0.146
0.141
0.135
0.126
0.119
0.117
0.117
0.117
0.119
0.12
0.122
0.123
0.124
0.122
0.119
0.115
0.112
0.111
0.109
0.106
0.104
0.102
0.101
0.099
0.098
0.097
0.096
0.096
0.095
0.094
0.093
0.092
0.092
0.091
0.09
0.088
0.086
0.084
0.082
0.082
0.082
0.082
0.082
0.082
0.082
0.082
0.082
0.083
0.082
0.08
0.078
0.075
0.073
0.071
0.068
0.064
0.059
0.055
0.052
0.05
0.048
0.046
0.043
0.039
0.035
0.032
0.028
0.025
0.021
0.018
0.015
0.012
0.01
0.008
0.007
0.005
0.002
0.0
-0.006
-0.013
-0.019
-0.024
-0.028
-0.032
-0.037
-0.041
-0.045
-0.047
-0.047
-0.044
-0.04
-0.036
-0.033
-0.03
-0.027
-0.023
-0.019
-0.016
-0.012
-0.01
-0.008
-0.005
-0.003
0.0
0.002
0.005
0.009
0.012
0.011
0.008
0.002
-0.006
-0.018
-0.036
-0.049
-0.084
-0.14
-0.228
-0.349
-0.502
-0.671
-0.821
-0.882
-0.87
-0.747
-0.521
-0.257
-0.02
0.148
0.219
0.242
0.224
0.17
0.107
0.048
-0.004
-0.026
-0.032
-0.035
-0.037
-0.038
-0.04
-0.042
-0.043
-0.045
-0.047
-0.05
-0.052
-0.055
-0.058
-0.061
-0.064
-0.069
-0.075
-0.087
-0.099
-0.11
-0.12
-0.127
-0.132
-0.138
-0.143
-0.147
-0.151
-0.153
-0.154
-0.155
-0.155
-0.157
-0.158
-0.159
-0.16
-0.16
-0.161
-0.163
-0.165
-0.166
-0.167
-0.167
-0.167
-0.165
-0.163
-0.16
-0.157
-0.152
-0.147
-0.142
-0.138
-0.131
-0.123
-0.117
-0.111
-0.105
-0.098
-0.091
-0.083
-0.075
-0.065
-0.054
-0.042
-0.031
-0.02
-0.01
-0.002
0.005
0.014
0.021
0.025
0.028
0.03
0.032
0.035
0.037
0.04
0.042
0.044
0.046
0.048
0.05
0.052
0.053
0.054
0.055
0.057
0.06
0.063
0.065
0.065
0.062
0.057
0.051
0.045
0.039
0.031
0.022
0.018
0.019
0.024
0.03
0.038
0.05
0.065
0.078
0.09
0.096
0.092
0.084
0.073
0.06
0.048
0.041
0.036
0.032
0.03
0.028
0.029
0.032
0.036
0.04
0.042
0.045
0.046
0.048
0.051
0.053
0.056
0.058
0.059
0.059
0.059
0.058
0.057
0.055
0.054
0.051
0.049
0.046
0.045
0.043
0.043
0.041
0.039
0.037
0.035
0.033
0.032
0.03
0.028
0.025
0.023
0.022
0.021
0.021
0.02
0.019
0.017
0.015
0.013
0.011
0.008
0.003
0.0
-0.004
-0.008
-0.012
-0.015
-0.018
-0.02
-0.023
-0.026
-0.029
-0.031
-0.034
-0.036
-0.037
-0.037
-0.035
-0.033
-0.031
-0.028
-0.025
-0.021
-0.018
-0.015
-0.013
-0.011
-0.009
-0.007
-0.004
0.0
0.002
0.005
0.007
0.009
0.011
0.013
0.015
0.015
0.015
0.015
0.015
0.016
0.017
0.018
0.019
0.018
0.016
0.011
0.003
-0.025
-0.09
-0.193
-0.336
-0.51
-0.699
-0.861
-0.944
-0.912
-0.751
-0.489
-0.186
0.085
0.269
0.333
0.302
0.222
0.141
0.099
0.083
0.077
0.063
0.029
-0.011
-0.043
-0.053
-0.058
-0.057
-0.05
-0.041
-0.033
-0.025
-0.018
-0.015
-0.016
-0.016
-0.017
-0.017
-0.017
-0.017
-0.018
-0.021
-0.028
-0.036
-0.044
-0.053
-0.061
-0.068
-0.074
-0.087
-0.1
-0.105
-0.107
-0.109
-0.111
-0.111
-0.11
-0.107
-0.104
-0.1
-0.097
-0.095
-0.093
-0.091
-0.09
-0.089
-0.089
-0.089
-0.088
-0.087
-0.086
-0.085
-0.084
-0.083
-0.082
-0.081
-0.08
-0.079
-0.078
-0.078
-0.077
-0.075
-0.073
-0.07
-0.067
-0.062
-0.056
-0.05
-0.044
-0.037
-0.03
-0.021
-0.017
-0.019
-0.021
-0.023
-0.023
-0.024
-0.025
-0.028
-0.031
-0.034
-0.036
-0.037
-0.037
-0.038
-0.04
-0.041
-0.042
-0.043
-0.045
-0.046
-0.048
-0.05
-0.052
-0.054
-0.056
-0.058
-0.06
-0.063
-0.066
-0.069
-0.071
-0.072
-0.072
-0.07
-0.068
-0.065
-0.062
-0.058
-0.053
-0.048
-0.048
-0.05
-0.053
-0.056
-0.058
-0.06
