0.625
0.751
0.874
0.997
1.102
1.154
1.148
1.122
1.111
1.104
1.098
1.092
1.087
1.083
1.079
1.074
1.067
1.061
1.054
1.045
1.035
1.026
1.014
1.004
0.997
0.99
0.981
0.969
0.948
0.928
0.912
0.9
0.89
0.873
0.847
0.802
0.755
0.709
0.682
0.658
0.641
0.628
0.621
0.617
0.613
0.61
0.607
0.603
0.6
0.597
0.594
0.591
0.588
0.584
0.582
0.58
0.58
0.582
0.586
0.593
0.6
0.611
0.627
0.634
0.637
0.639
0.641
0.642
0.641
0.634
0.622
0.602
0.572
0.543
0.513
0.491
0.477
0.471
0.476
0.492
0.539
0.6
0.665
0.729
0.786
0.808
0.82
0.829
0.813
0.763
0.699
0.625
0.552
0.486
0.428
0.38
0.349
0.315
0.283
0.258
0.24
0.231
0.228
0.228
0.227
0.227
0.227
0.227
0.227
0.227
0.226
0.225
0.224
0.223
0.222
0.221
0.22
0.219
0.218
0.216
0.213
0.209
0.205
0.197
0.188
0.18
0.172
0.165
0.159
0.156
0.153
0.15
0.148
0.147
0.146
0.145
0.144
0.143
0.142
0.141
0.139
0.138
0.136
0.135
0.133
0.131
0.129
0.127
0.125
0.123
0.121
0.119
0.118
0.116
0.114
0.112
0.109
0.107
0.105
0.104
0.103
0.102
0.101
0.101
0.102
0.104
0.107
0.11
0.113
0.116
0.119
0.122
0.125
0.128
0.131
0.136
0.142
0.146
0.148
0.146
0.141
0.134
0.125
0.113
0.094
0.075
0.057
0.038
0.021
0.004
-0.012
-0.032
-0.05
-0.064
-0.078
-0.092
-0.099
-0.103
-0.107
-0.11
-0.113
-0.116
-0.118
-0.121
-0.122
-0.124
-0.125
-0.127
-0.128
-0.128
-0.129
-0.129
-0.128
-0.128
-0.128
-0.128
-0.127
-0.127
-0.127
-0.128
-0.129
-0.13
-0.131
-0.133
-0.134
-0.136
-0.138
-0.14
-0.141
-0.143
-0.144
-0.145
-0.147
-0.15
-0.154
-0.157
-0.16
-0.162
-0.164
-0.165
-0.164
-0.162
-0.159
-0.155
-0.15
-0.144
-0.139
-0.132
-0.124
-0.115
-0.106
-0.097
-0.09
-0.086
-0.083
-0.08
-0.077
-0.075
-0.074
-0.073
-0.072
-0.071
-0.071
-0.07
-0.07
-0.071
-0.071
-0.071
-0.07
-0.069
-0.069
-0.068
-0.067
-0.065
-0.064
-0.063
-0.062
-0.06
-0.059
-0.057
-0.054
-0.05
-0.044
-0.037
-0.03
-0.023
-0.016
-0.01
-0.004
0.0
0.002
0.005
0.008
0.01
0.012
0.014
0.016
0.017
0.018
0.019
0.019
0.019
0.018
0.016
0.014
0.012
0.009
0.006
0.003
0.0
-0.003
-0.006
-0.009
-0.013
-0.018
-0.023
-0.028
-0.032
-0.034
-0.035
-0.035
-0.034
-0.033
-0.032
-0.03
-0.027
-0.023
-0.017
0.003
0.057
0.128
0.211
0.29
0.363
0.425
0.471
0.488
0.49
0.474
0.429
0.359
0.287
0.218
0.16
0.115
0.087
0.058
0.027
0.008
-0.001
-0.009
-0.015
-0.02
-0.024
-0.027
-0.03
-0.032
-0.035
-0.036
-0.038
-0.039
-0.04
-0.039
-0.039
-0.037
-0.035
-0.033
-0.03
-0.027
-0.024
-0.022
-0.02
-0.018
-0.017
-0.015
-0.013
-0.011
-0.01
-0.009
-0.008
-0.007
-0.006
-0.006
-0.005
-0.005
-0.004
-0.003
-0.002
0.0
0.0
0.002
0.005
0.007
0.01
0.012
0.015
0.017
0.019
0.021
0.024
0.028
0.033
0.038
0.044
0.049
0.054
0.058
0.063
0.067
0.072
0.076
0.083
0.095
0.105
0.113
0.117
0.12
0.123
0.126
0.129
0.13
0.131
0.129
0.126
0.122
0.118
0.112
0.106
0.097
0.086
0.077
0.067
0.054
0.038
0.02
0.006
-0.004
-0.012
-0.018
-0.023
-0.026
-0.029
-0.031
-0.033
-0.036
-0.038
-0.042
-0.046
-0.051
-0.056
-0.061
-0.065
-0.068
-0.069
-0.071
-0.072
-0.074
-0.076
-0.079
-0.081
-0.083
-0.085
-0.087
-0.088
-0.089
-0.09
-0.091
-0.092
-0.094
-0.094
-0.094
-0.094
-0.094
-0.094
-0.095
-0.095
-0.094
-0.093
-0.092
-0.092
-0.092
-0.092
-0.092
-0.092
-0.092
-0.092
-0.092
-0.092
-0.092
-0.092
-0.092
-0.092
-0.092
-0.092
-0.092
-0.092
-0.093
-0.093
-0.094
-0.095
-0.096
-0.096
-0.096
-0.096
-0.097
-0.097
-0.097
-0.098
-0.098
-0.098
-0.098
-0.098
-0.098
-0.098
-0.099
-0.099
-0.099
-0.099
-0.099
-0.1
-0.101
-0.102
-0.101
-0.094
-0.085
-0.079
-0.074
-0.07
-0.065
-0.061
-0.056
-0.051
-0.045
-0.041
-0.036
-0.033
-0.029
-0.025
-0.021
-0.017
-0.012
-0.007
-0.002
0.001
0.005
0.007
0.009
0.01
0.011
0.011
0.011
0.012
0.014
0.017
0.017
0.014
0.006
0.0
-0.003
-0.005
-0.008
-0.01
-0.013
-0.015
-0.016
-0.018
-0.02
-0.023
-0.025
-0.027
-0.028
-0.029
-0.029
-0.029
-0.03
-0.03
-0.032
-0.035
-0.043
-0.049
-0.049
-0.043
-0.03
0.007
0.066
0.151
0.26
0.384
0.5
0.574
0.598
0.578
0.516
0.417
0.316
0.223
0.144
0.081
0.033
0.001
-0.021
-0.034
-0.043
-0.048
-0.052
-0.055
-0.056
-0.058
-0.06
-0.062
-0.064
-0.066
-0.067
-0.068
-0.068
-0.069
-0.068
-0.067
-0.063
-0.06
-0.056
-0.052
-0.048
-0.045
-0.042
-0.039
-0.036
-0.033
-0.03
-0.027
-0.024
-0.022
-0.019
-0.018
-0.016
-0.015
-0.014
-0.013
-0.012
-0.012
-0.011
-0.01
-0.009
-0.007
-0.005
-0.004
-0.002
-0.001
0.0
0.002
0.004
0.008
0.012
0.018
0.026
0.035
0.042
0.049
0.055
0.062
0.069
0.076
0.083
0.089
0.096
0.103
0.11
0.115
0.121
0.127
0.132
0.136
0.138
0.139
0.139
0.14
0.141
0.143
0.145
0.147
0.146
0.137
0.123
0.11
0.095
0.081
0.068
0.06
0.053
0.048
0.044
0.039
0.034
0.029
0.022
0.016
0.011
0.006
0.002
-0.002
-0.006
-0.01
-0.014
-0.017
-0.02
-0.024
-0.027
-0.03
-0.033
-0.034
-0.035
-0.036
-0.037
-0.038
-0.039
-0.039
-0.038
-0.039
-0.04
-0.041
-0.043
-0.044
-0.045
-0.046
-0.048
-0.049
-0.051
-0.052
-0.053
-0.055
-0.056
-0.057
-0.058
-0.059
-0.061
-0.062
-0.062
-0.063
-0.063
-0.063
-0.063
-0.062
-0.062
-0.062
-0.061
-0.061
-0.06
-0.06
-0.06
-0.059
-0.059
-0.059
-0.058
-0.058
-0.057
-0.056
-0.055
-0.054
-0.053
-0.052
-0.051
-0.051
-0.05
-0.049
-0.048
-0.048
-0.047
-0.047
-0.047
-0.046
-0.044
-0.044
-0.043
-0.042
-0.042
-0.04
-0.039
-0.038
-0.037
-0.036
-0.035
-0.035
-0.034
-0.032
-0.031
-0.03
-0.029
-0.027
-0.025
-0.023
-0.02
-0.017
-0.014
-0.012
-0.009
-0.007
-0.005
-0.003
-0.001
0.0
0.003
0.007
0.011
0.009
0.0
-0.013
-0.019
-0.024
-0.029
-0.033
-0.037
-0.041
-0.044
-0.047
-0.05
-0.052
-0.054
-0.056
-0.057
-0.058
-0.06
-0.061
-0.063
-0.064
-0.065
-0.067
-0.069
-0.072
-0.073
-0.073
-0.072
-0.068
-0.063
-0.057
-0.048
-0.012
0.045
0.13
0.241
0.365
0.481
0.557
0.581
0.565
0.518
0.425
0.323
0.222
0.138
0.073
0.019
-0.014
-0.027
-0.033
-0.038
-0.042
-0.046
-0.049
-0.052
-0.054
-0.055
-0.056
-0.057
-0.058
-0.058
-0.057
-0.056
-0.056
-0.055
-0.054
-0.053
-0.052
-0.051
-0.049
-0.047
-0.045
-0.042
-0.04
-0.038
-0.036
-0.034
-0.032
-0.03
-0.028
-0.026
-0.023
-0.02
-0.017
-0.014
-0.011
-0.009
-0.007
-0.005
-0.003
-0.001
0.0
0.002
0.004
0.007
0.01
0.014
0.018
0.023
0.027
0.032
0.036
0.039
0.043
0.046
0.049
0.053
0.056
0.059
0.063
0.067
0.071
0.076
0.081
0.087
0.092
0.098
0.106
0.117
0.128
0.133
0.137
0.14
0.143
0.148
0.152
0.152
0.145
0.135
0.126
0.116
0.107
0.1
0.092
0.082
0.069
0.053
0.039
0.028
0.018
0.008
-0.002
-0.014
-0.027
-0.031
-0.032
-0.034
-0.035
-0.036
-0.038
-0.039
-0.04
-0.04
-0.041
-0.042
-0.043
-0.043
-0.043
-0.043
-0.043
-0.043
-0.043
-0.043
-0.043
-0.043
-0.043
-0.043
-0.044
-0.044
-0.044
-0.044
-0.044
-0.044
-0.044
-0.045
-0.045
-0.046
-0.047
-0.047
-0.047
-0.048
-0.048
-0.048
-0.047
-0.047
-0.047
-0.047
-0.046
-0.046
-0.047
-0.047
-0.047
-0.048
-0.048
-0.048
-0.048
-0.048
-0.047
-0.046
-0.044
-0.043
-0.042
-0.042
-0.041
-0.041
-0.041
-0.041
-0.042
-0.042
-0.042
-0.041
-0.041
-0.04
-0.039
-0.038
-0.037
-0.036
-0.035
-0.034
-0.034
-0.034
-0.033
-0.033
-0.033
-0.033
-0.033
-0.034
-0.034
-0.035
-0.035
-0.035
-0.035
-0.035
-0.035
-0.034
-0.034
-0.033
-0.032
-0.031
-0.029
-0.027
-0.024
-0.021
-0.019
-0.013
0.0
0.012
0.02
0.026
0.031
0.035
0.036
0.036
0.034
0.031
0.026
0.019
0.008
-0.006
-0.013
-0.017
-0.02
-0.023
-0.025
-0.027
-0.028
-0.029
-0.03
-0.032
-0.033
-0.035
-0.036
-0.038
-0.039
-0.04
-0.041
-0.043
-0.044
-0.047
-0.05
-0.059
-0.065
-0.068
-0.073
-0.078
-0.067
-0.033
0.027
0.113
0.224
0.346
0.464
0.555
0.584
0.579
0.524
0.435
0.333
0.236
0.159
0.097
0.044
-0.002
-0.041
-0.052
-0.059
-0.065
-0.068
-0.07
-0.076
-0.084
-0.089
-0.095
-0.1
-0.099
-0.086
-0.079
-0.074
-0.07
-0.067
-0.064
-0.062
-0.06
-0.058
-0.057
-0.056
-0.056
-0.056
-0.056
-0.057
-0.057
-0.058
-0.059
-0.059
-0.059
-0.059
-0.058
-0.057
-0.056
-0.055
-0.055
-0.054
-0.053
-0.052
-0.05
-0.048
-0.045
-0.042
-0.038
-0.033
-0.026
-0.017
-0.011
-0.006
-0.001
0.001
0.004
0.008
0.011
0.015
0.019
0.023
0.027
0.031
0.036
0.041
0.046
0.05
0.055
0.06
0.068
0.08
0.093
0.107
0.121
0.132
0.14
0.146
0.15
0.152
0.151
0.147
0.141
0.131
0.115
0.103
0.093
0.083
0.071
0.054
0.038
0.021
0.006
-0.004
-0.014
-0.019
-0.022
-0.024
-0.026
-0.028
-0.03
-0.033
-0.035
-0.037
-0.039
-0.041
-0.044
-0.048
-0.056
-0.061
-0.065
-0.068
-0.072
-0.074
-0.071
-0.065
-0.06
-0.054
-0.05
-0.048
-0.046
-0.046
-0.045
-0.044
-0.042
-0.041
-0.041
-0.041
-0.043
-0.044
-0.046
-0.047
-0.048
-0.05
-0.053
-0.055
-0.056
-0.055
-0.054
-0.053
-0.052
-0.052
-0.051
-0.051
-0.05
-0.049
-0.049
-0.048
-0.048
-0.048
-0.048
-0.047
-0.047
-0.048
-0.049
-0.049
-0.049
-0.049
-0.048
-0.047
-0.046
-0.045
-0.044
-0.043
-0.042
-0.041
-0.04
-0.039
-0.039
-0.038
-0.036
-0.035
-0.032
-0.03
-0.027
-0.025
-0.023
-0.022
-0.021
-0.02
-0.019
-0.019
-0.018
-0.018
-0.018
-0.017
-0.015
-0.013
-0.012
-0.01
-0.009
-0.007
-0.006
-0.004
-0.002
0.0
0.003
0.011
0.02
0.025
0.029
0.032
0.034
0.036
0.037
0.037
0.037
0.035
0.033
0.031
0.028
0.025
0.021
0.014
0.01
0.007
0.005
0.004
0.003
0.002
0.0
0.0
-0.001
-0.002
-0.003
-0.004
-0.006
-0.006
-0.007
-0.008
-0.009
-0.01
-0.012
-0.017
-0.021
-0.022
-0.018
-0.011
0.012
0.065
0.146
0.254
0.378
0.495
0.576
0.604
0.574
0.498
0.394
0.291
0.202
0.131
0.073
0.026
-0.004
-0.015
-0.007
0.006
0.016
0.02
0.023
0.013
-0.001
-0.02
-0.029
-0.033
-0.037
-0.039
-0.04
-0.041
-0.041
-0.04
-0.038
-0.034
-0.03
-0.027
-0.023
-0.018
-0.013
-0.008
-0.005
-0.003
-0.002
-0.001
0.0
0.001
0.003
0.004
0.005
0.005
0.005
0.004
0.003
0.002
0.001
0.0
-0.004
-0.003
0.004
0.011
0.018
0.027
0.037
0.045
0.051
0.057
0.062
0.065
0.067
0.07
0.072
0.074
0.076
0.079
0.081
0.084
0.088
0.096
0.11
0.122
0.128
0.134
0.14
0.146
0.151
0.156
0.161
0.164
0.168
0.17
0.173
0.177
0.18
0.18
0.176
0.17
0.163
0.153
0.141
0.126
0.106
0.084
0.065
0.052
0.041
0.027
0.015
0.004
-0.003
-0.01
-0.016
-0.023
-0.029
-0.036
-0.038
-0.04
-0.041
-0.043
-0.044
-0.044
-0.045
-0.046
-0.047
-0.047
-0.048
-0.049
-0.048
-0.048
-0.049
-0.049
-0.049
-0.049
-0.048
-0.048
-0.049
-0.05
-0.05
-0.051
-0.051
-0.051
-0.051
-0.051
-0.051
-0.051
-0.051
-0.05
-0.05
-0.05
-0.05
-0.051
-0.051
-0.052
-0.053
-0.054
-0.055
-0.056
-0.056
-0.057
-0.056
-0.055
-0.054
-0.053
-0.052
-0.052
-0.051
-0.051
-0.051
-0.051
-0.051
-0.051
-0.05
-0.049
-0.047
-0.043
-0.041
-0.04
-0.04
-0.041
-0.043
-0.044
-0.047
-0.049
-0.047
-0.043
-0.042
-0.041
-0.04
-0.039
-0.038
-0.037
-0.036
-0.035
-0.034
-0.033
-0.032
-0.031
-0.03
-0.03
-0.029
-0.027
-0.025
-0.023
-0.021
-0.016
-0.006
0.002
0.006
0.008
0.009
0.011
0.012
0.013
0.014
0.014
0.015
0.015
0.015
0.015
0.014
0.014
0.014
0.013
0.013
0.012
0.012
0.012
0.012
0.012
0.012
0.011
0.01
0.009
0.008
0.007
0.006
0.004
0.003
0.002
0.001
0.0
-0.001
-0.008
-0.013
-0.016
-0.02
-0.025
-0.024
-0.013
0.017
0.069
0.146
0.247
0.358
0.463
0.536
0.547
0.529
0.453
0.352
0.256
0.18
0.13
0.096
0.064
0.033
0.015
0.005
0.0
-0.003
-0.005
-0.007
-0.009
-0.011
-0.014
-0.018
-0.02
-0.019
-0.017
-0.015
-0.014
-0.012
-0.011
-0.01
-0.008
-0.006
-0.003
0.0
0.004
0.007
0.009
0.011
0.012
0.013
0.015
0.016
0.018
0.02
0.022
0.024
0.026
0.027
0.029
0.03
0.031
0.031
0.032
0.032
0.033
0.034
0.035
0.037
0.039
0.042
0.046
0.053
0.06
0.065
0.07
0.077
0.085
0.097
0.104
0.108
0.112
0.115
0.118
0.12
0.122
0.124
0.126
0.129
0.133
0.139
0.146
0.156
0.162
0.167
0.171
0.175
0.176
0.176
0.174
0.171
0.167
0.162
0.155
0.142
0.131
0.119
0.108
0.093
0.078
0.063
0.053
0.039
0.022
0.011
0.006
0.0
-0.006
-0.014
-0.02
-0.026
-0.031
-0.036
-0.04
-0.044
-0.047
-0.05
-0.053
-0.056
-0.059
-0.062
-0.065
-0.068
-0.07
-0.071
-0.073
-0.074
-0.076
-0.077
-0.078
-0.079
-0.08
-0.081
-0.082
-0.083
-0.084
-0.084
-0.085
-0.085
-0.085
-0.086
-0.086
-0.087
-0.088
-0.089
-0.09
-0.09
-0.09
-0.091
-0.091
-0.09
-0.09
-0.09
-0.089
-0.089
-0.089
-0.089
-0.089
-0.09
-0.09
-0.09
-0.09
-0.091
-0.091
-0.091
-0.09
-0.09
-0.089
-0.09
-0.091
-0.092
-0.092
-0.092
-0.092
-0.091
-0.09
-0.09
-0.089
-0.087
-0.085
-0.083
-0.082
-0.081
-0.08
-0.079
-0.079
-0.078
-0.076
-0.075
-0.074
-0.073
-0.071
-0.069
-0.067
-0.065
-0.063
-0.062
-0.062
-0.061
-0.06
-0.059
-0.059
-0.059
-0.058
-0.058
-0.056
-0.054
-0.052
-0.05
-0.048
-0.046
-0.041
-0.036
-0.032
-0.03
-0.029
-0.027
-0.026
-0.024
-0.021
-0.02
-0.022
-0.028
-0.034
-0.038
-0.04
-0.043
-0.045
-0.048
-0.051
-0.053
-0.055
-0.057
-0.057
-0.058
-0.059
-0.06
-0.061
-0.061
-0.062
-0.064
-0.065
-0.066
-0.067
-0.067
-0.066
-0.063
-0.059
-0.053
-0.032
-0.005
0.039
0.108
0.2
0.306
0.406
0.476
0.49
0.479
0.411
0.315
0.217
0.14
0.085
0.046
0.025
0.008
-0.012
-0.028
-0.038
-0.044
-0.046
-0.048
-0.049
-0.05
-0.052
-0.053
-0.054
-0.054
-0.054
-0.052
-0.05
-0.048
-0.046
-0.044
-0.042
-0.04
-0.039
-0.036
-0.034
-0.031
-0.029
-0.026
-0.024
-0.021
-0.019
-0.017
-0.014
-0.012
-0.009
-0.006
-0.003
0.0
0.002
0.004
0.006
0.008
0.01
0.012
0.014
0.016
0.017
0.019
0.021
0.022
0.024
0.025
0.027
0.029
0.031
0.036
0.041
0.047
0.054
0.061
0.068
0.075
0.081
0.087
0.094
0.104
0.116
0.124
0.13
0.135
0.14
0.146
0.151
0.157
0.165
0.171
0.173
0.174
0.176
0.179
0.18
0.177
0.17
0.159
0.145
0.131
0.115
0.096
0.08
0.07
0.063
0.057
0.051
0.045
0.039
0.033
0.027
0.017
0.002
-0.004
-0.007
-0.01
-0.012
-0.014
-0.015
-0.016
-0.017
-0.017
-0.018
-0.018
-0.019
-0.02
-0.02
-0.02
-0.02
-0.02
-0.019
-0.019
-0.019
-0.02
-0.02
-0.021
-0.021
-0.021
-0.022
-0.022
-0.022
-0.023
-0.023
-0.023
-0.023
-0.023
-0.023
-0.023
-0.023
-0.022
-0.021
-0.021
-0.021
-0.021
-0.02
-0.02
-0.02
-0.02
-0.02
-0.02
-0.02
-0.02
-0.018
-0.016
-0.015
-0.015
-0.016
-0.018
-0.02
-0.02
-0.021
-0.021
-0.022
-0.024
-0.025
-0.026
-0.026
-0.027
-0.027
-0.027
-0.028
-0.027
-0.027
-0.026
-0.025
-0.025
-0.024
-0.023
-0.023
-0.023
-0.023
-0.022
-0.022
-0.022
-0.022
-0.022
-0.021
-0.021
-0.02
-0.02
-0.02
-0.019
-0.019
-0.018
-0.017
-0.016
-0.016
-0.016
-0.016
-0.015
-0.014
-0.013
-0.012
-0.01
-0.009
-0.007
-0.004
0.001
0.007
0.017
0.023
0.027
0.031
0.034
0.035
0.035
0.033
0.029
0.025
0.018
0.005
-0.003
-0.007
-0.01
-0.012
-0.015
-0.016
-0.018
-0.02
-0.023
-0.025
-0.027
-0.026
-0.024
-0.021
-0.018
-0.015
-0.013
-0.013
-0.018
-0.027
-0.043
-0.056
-0.062
-0.066
-0.055
-0.024
0.032
0.119
0.23
0.355
0.473
0.559
0.584
0.576
0.512
0.416
0.314
0.231
0.173
0.124
0.07
0.017
-0.021
-0.045
-0.055
-0.055
-0.046
-0.031
-0.02
-0.016
-0.013
-0.014
-0.024
-0.03
-0.035
-0.039
-0.041
-0.042
-0.041
-0.038
-0.036
-0.032
-0.027
-0.019
-0.016
-0.014
-0.012
-0.01
-0.009
-0.008
-0.01
-0.012
-0.015
-0.019
-0.024
-0.026
-0.023
-0.017
-0.007
0.004
0.008
0.01
0.011
0.013
0.014
0.015
0.016
0.018
0.019
0.02
0.021
0.022
0.023
0.025
0.027
0.031
0.036
0.042
0.049
0.058
0.065
0.07
0.073
0.075
0.078
0.08
0.082
0.085
0.087
0.091
0.098
0.112
0.124
0.139
0.153
0.162
0.166
0.168
0.171
0.17
0.16
0.15
0.138
0.129
0.119
0.11
0.103
0.095
0.088
0.077
0.067
0.057
0.048
0.037
0.022
0.01
0.003
-0.002
-0.006
-0.008
-0.009
-0.01
-0.011
-0.011
-0.012
-0.012
-0.013
-0.014
-0.015
-0.016
-0.016
-0.017
-0.017
-0.017
-0.017
-0.017
-0.017
-0.016
-0.016
-0.016
-0.016
-0.016
-0.017
-0.017
-0.017
-0.017
-0.016
-0.016
-0.015
-0.014
-0.013
-0.012
-0.011
-0.011
-0.01
-0.01
-0.01
-0.009
-0.009
-0.008
-0.007
-0.005
-0.006
-0.011
-0.015
-0.017
-0.02
-0.022
-0.022
-0.022
-0.021
-0.02
-0.018
-0.015
-0.011
-0.01
-0.014
-0.018
-0.021
-0.023
-0.02
-0.015
-0.013
-0.011
-0.009
-0.007
-0.005
-0.004
-0.002
-0.001
0.0
0.0
-0.001
-0.002
-0.003
-0.004
-0.005
-0.006
-0.008
-0.009
-0.01
-0.01
-0.011
-0.013
-0.014
-0.016
-0.017
-0.017
-0.017
-0.017
-0.017
-0.017
-0.018
-0.018
-0.017
-0.017
-0.016
-0.015
-0.015
-0.014
-0.013
-0.012
-0.01
-0.009
-0.007
-0.005
-0.002
0.003
0.009
0.016
0.02
0.025
0.028
0.029
0.027
0.023
0.018
0.014
0.012
0.009
0.006
0.003
0.001
0.0
-0.003
-0.005
-0.007
-0.008
-0.01
-0.011
-0.012
-0.013
-0.014
-0.016
-0.018
-0.02
-0.021
-0.023
-0.025
-0.027
-0.03
-0.034
-0.041
-0.053
-0.056
-0.06
-0.063
-0.051
-0.015
0.047
0.135
0.245
0.362
0.47
0.551
0.576
0.571
0.522
0.441
0.351
0.274
0.205
0.145
0.094
0.047
0.002
-0.031
-0.042
-0.048
-0.052
-0.054
-0.055
-0.057
-0.058
-0.06
-0.061
-0.063
-0.063
-0.063
-0.061
-0.06
-0.06
-0.059
-0.059
-0.058
-0.058
-0.057
-0.056
-0.054
-0.052
-0.051
-0.049
-0.048
-0.046
-0.045
-0.041
-0.035
-0.032
-0.031
-0.031
-0.03
-0.029
-0.029
-0.028
-0.027
-0.026
-0.025
-0.025
-0.024
-0.024
-0.023
-0.022
-0.021
-0.02
-0.019
-0.017
-0.015
-0.013
-0.01
-0.008
-0.006
-0.005
-0.003
0.0
0.003
0.009
0.019
0.026
0.032
0.037
0.042
0.047
0.051
0.055
0.061
0.07
0.077
0.081
0.084
0.087
0.088
0.087
0.084
0.08
0.074
0.066
0.053
0.041
0.028
0.015
0.004
-0.005
-0.013
-0.02
-0.026
-0.029
-0.031
-0.033
-0.034
-0.035
-0.036
-0.037
-0.039
-0.041
-0.043
-0.046
-0.048
-0.05
-0.053
-0.055
-0.058
-0.06
-0.064
-0.067
-0.07
-0.072
-0.074
-0.076
-0.077
-0.076
-0.075
-0.074
-0.072
-0.07
-0.068
-0.066
-0.065
-0.064
-0.063
-0.063
-0.062
-0.061
-0.06
-0.059
-0.058
-0.057
-0.056
-0.055
-0.054
-0.054
-0.054
-0.054
-0.055
-0.055
-0.056
-0.057
-0.057
-0.058
-0.057
-0.056
-0.054
-0.052
-0.05
-0.05
-0.05
-0.051
-0.051
-0.052
-0.053
-0.054
-0.054
-0.054
-0.052
-0.051
-0.05
-0.05
-0.049
-0.049
-0.049
-0.049
-0.049
-0.049
-0.049
-0.05
-0.05
-0.049
-0.049
-0.047
-0.046
-0.044
-0.043
-0.041
-0.04
-0.039
-0.037
-0.036
-0.035
-0.033
-0.031
-0.028
-0.025
-0.021
-0.018
-0.014
-0.011
-0.008
-0.006
-0.005
-0.004
-0.002
-0.001
0.0
0.001
0.003
0.005
0.008
0.012
0.015
0.019
0.022
0.026
0.029
0.032
0.036
0.04
0.043
0.045
0.046
0.045
0.043
0.04
0.036
0.032
0.028
0.023
0.018
0.013
0.01
0.007
0.005
0.003
0.002
0.002
0.001
0.0
0.0
-0.001
-0.002
-0.004
-0.006
-0.007
-0.01
-0.012
-0.015
-0.018
-0.021
-0.028
-0.041
-0.043
-0.037
-0.022
0.031
0.115
0.228
0.36
0.492
0.598
0.655
0.659
0.621
0.533
0.427
0.322
0.229
0.151
0.093
0.054
0.034
0.022
0.011
-0.001
-0.02
-0.035
-0.042
-0.047
-0.046
-0.041
-0.036
-0.032
-0.029
-0.029
-0.03
-0.032
-0.034
-0.036
-0.037
-0.037
-0.036
-0.033
-0.028
-0.024
-0.022
-0.021
-0.019
-0.017
-0.014
-0.013
-0.011
-0.01
-0.009
-0.007
-0.006
-0.005
-0.004
-0.003
-0.002
-0.001
0.0
0.0
0.001
0.003
0.005
0.007
0.011
0.017
0.024
0.03
0.035
0.039
0.042
0.044
0.047
0.049
0.052
0.054
0.057
0.06
0.064
0.07
0.082
0.094
0.104
0.112
0.12
0.129
0.134
0.138
0.142
0.145
0.147
0.149
0.15
0.151
0.152
0.153
0.155
0.159
0.158
0.148
0.138
0.127
0.117
0.105
0.088
0.069
0.051
0.033
0.016
0.004
-0.001
-0.006
-0.012
-0.018
-0.02
-0.022
-0.024
-0.026
-0.028
-0.03
-0.031
-0.032
-0.033
-0.033
-0.033
-0.033
-0.032
-0.031
-0.029
-0.027
-0.026
-0.024
-0.023
-0.022
-0.021
-0.02
-0.019
-0.018
-0.018
-0.017
-0.017
-0.016
-0.015
-0.014
-0.013
-0.013
-0.013
-0.013
-0.013
-0.013
-0.013
-0.013
-0.013
-0.014
-0.014
-0.015
-0.015
-0.015
-0.015
-0.015
-0.015
-0.016
-0.016
-0.016
-0.016
-0.015
-0.015
-0.015
-0.015
-0.015
-0.014
-0.014
-0.014
-0.013
-0.013
-0.013
-0.012
-0.012
-0.012
-0.012
-0.012
-0.012
-0.013
-0.013
-0.013
-0.013
-0.013
-0.013
-0.013
-0.014
-0.014
-0.014
-0.014
-0.015
-0.017
-0.019
-0.02
-0.02
-0.017
-0.012
-0.008
-0.004
0.0
0.002
0.006
0.009
0.011
0.012
0.013
0.013
0.013
0.013
0.014
0.015
0.015
0.015
0.015
0.016
0.017
0.018
0.019
0.02
0.021
0.022
0.024
0.026
0.029
0.034
0.044
0.052
0.057
0.061
0.064
0.066
0.066
0.063
0.058
0.05
0.035
0.013
0.006
0.003
0.0
-0.001
-0.003
-0.005
-0.006
-0.007
-0.008
-0.009
-0.011
-0.012
-0.014
-0.015
-0.016
-0.017
-0.018
-0.019
-0.021
-0.024
-0.027
-0.034
-0.039
-0.039
-0.035
-0.027
-0.003
0.055
0.139
0.245
0.363
0.477
0.565
0.607
0.607
0.565
0.477
0.372
0.27
0.178
0.102
0.047
0.003
-0.031
-0.048
-0.054
-0.057
-0.06
-0.062
-0.063
-0.065
-0.066
-0.066
-0.066
-0.067
-0.067
-0.066
-0.065
-0.064
-0.063
-0.061
-0.059
-0.056
-0.054
-0.051
-0.049
-0.046
-0.042
-0.039
-0.036
-0.035
-0.033
-0.032
-0.031
-0.03
-0.029
-0.029
-0.028
-0.028
-0.027
-0.027
-0.026
-0.026
-0.025
-0.024
-0.023
-0.023
-0.022
-0.021
-0.019
-0.016
-0.013
-0.009
-0.001
0.005
0.011
0.019
0.027
0.038
0.046
0.051
0.056
0.06
0.064
0.067
0.071
0.076
0.08
0.084
0.088
0.092
0.098
0.104
0.112
0.122
0.132
0.142
0.148
0.15
0.151
0.152
0.154
0.155
0.151
0.141
0.13
0.116
0.107
0.099
0.089
0.08
0.066
0.051
