0.334
0.334
0.332
0.333
0.336
0.34
0.351
0.386
0.465
0.549
0.594
0.617
0.611
0.54
0.438
0.336
0.275
0.253
0.251
0.272
0.297
0.31
0.317
0.322
0.325
0.322
0.312
0.304
0.301
0.306
0.316
0.322
0.322
0.319
0.319
0.316
0.309
0.303
0.302
0.307
0.313
0.319
0.328
0.338
0.344
0.347
0.353
0.361
0.37
0.376
0.379
0.384
0.389
0.393
0.4
0.407
0.414
0.418
0.417
0.412
0.406
0.396
0.385
0.373
0.357
0.347
0.345
0.347
0.348
0.348
0.346
0.348
0.35
0.348
0.339
0.324
0.308
0.292
0.271
0.252
0.238
0.227
0.215
0.203
0.188
0.168
0.14
0.105
0.072
0.051
0.033
0.019
0.004
-0.005
-0.01
-0.014
-0.021
-0.029
-0.039
-0.046
-0.052
-0.06
-0.067
-0.072
-0.077
-0.086
-0.099
-0.113
-0.126
-0.138
-0.148
-0.161
-0.181
-0.208
-0.229
-0.247
-0.273
-0.309
-0.346
-0.373
-0.389
-0.406
-0.427
-0.447
-0.466
-0.486
-0.504
-0.523
-0.538
-0.551
-0.564
-0.573
-0.576
-0.58
-0.585
-0.588
-0.588
-0.585
-0.581
-0.581
-0.582
-0.584
-0.587
-0.584
-0.576
-0.564
-0.555
-0.547
-0.539
-0.528
-0.518
-0.515
-0.515
-0.506
-0.49
-0.471
-0.455
-0.447
-0.443
-0.445
-0.449
-0.449
-0.441
-0.43
-0.418
-0.41
-0.399
-0.384
-0.367
-0.356
-0.352
-0.349
-0.34
-0.33
-0.324
-0.322
-0.321
-0.32
-0.317
-0.312
-0.304
-0.294
-0.29
-0.29
-0.287
-0.28
-0.272
-0.267
-0.267
-0.264
-0.256
-0.25
-0.25
-0.252
-0.254
-0.255
-0.257
-0.258
-0.256
-0.252
-0.244
-0.232
-0.221
-0.215
-0.214
-0.214
-0.215
-0.219
-0.225
-0.227
-0.223
-0.215
-0.209
-0.202
-0.191
-0.177
-0.169
-0.167
-0.165
-0.161
-0.159
-0.162
-0.163
-0.159
-0.152
-0.15
-0.151
-0.15
-0.148
-0.15
-0.153
-0.155
-0.15
-0.141
-0.134
-0.13
-0.127
-0.124
-0.123
-0.127
-0.132
-0.134
-0.132
-0.126
-0.119
-0.11
-0.1
-0.09
-0.08
-0.073
-0.067
-0.058
-0.048
-0.038
-0.025
-0.014
-0.005
0.004
0.012
0.021
0.033
0.04
0.043
0.044
0.044
0.043
0.042
0.041
0.041
0.049
0.062
0.079
0.097
0.111
0.121
0.13
0.135
0.14
0.149
0.157
0.157
0.156
0.162
0.172
0.183
0.189
0.197
0.212
0.23
0.249
0.273
0.296
0.316
0.335
0.354
0.383
0.419
0.442
0.46
0.477
0.491
0.5
0.5
0.494
0.485
0.476
0.469
0.466
0.465
0.462
0.459
0.453
0.427
0.36
0.296
0.256
0.237
0.229
0.226
0.229
0.236
0.238
0.234
0.228
0.224
0.221
0.216
0.209
0.203
0.2
0.199
0.199
0.203
0.212
0.234
0.286
0.367
0.423
0.459
0.465
0.441
0.392
0.329
0.263
0.228
0.214
0.221
0.238
0.257
0.274
0.283
0.287
0.284
0.278
0.271
0.268
0.267
0.268
0.275
0.287
0.294
0.297
0.296
0.298
0.303
0.304
0.311
0.328
0.344
0.358
0.372
0.384
0.396
0.403
0.405
0.403
0.396
0.385
0.377
0.372
0.37
0.366
0.367
0.373
0.378
0.38
0.382
0.382
0.378
0.372
0.368
0.368
0.367
0.361
0.358
0.361
0.364
0.362
0.355
0.352
0.35
0.34
0.32
0.304
0.293
0.279
0.26
0.236
0.21
0.181
0.148
0.112
0.084
0.058
0.033
0.014
-0.001
-0.017
-0.035
-0.056
-0.078
-0.094
-0.104
-0.119
-0.138
-0.158
-0.174
-0.186
-0.195
-0.207
-0.217
-0.224
-0.226
-0.228
-0.228
-0.236
-0.253
-0.272
-0.284
-0.293
-0.306
-0.335
-0.368
-0.396
-0.414
-0.429
-0.446
-0.467
-0.491
-0.515
-0.536
-0.548
-0.559
-0.569
-0.582
-0.594
-0.604
-0.612
-0.616
-0.621
-0.625
-0.628
-0.632
-0.637
-0.639
-0.64
-0.641
-0.645
-0.651
-0.657
-0.657
-0.654
-0.649
-0.645
-0.645
-0.645
-0.639
-0.631
-0.625
-0.622
-0.618
-0.612
-0.605
-0.595
-0.583
-0.561
-0.538
-0.515
-0.494
-0.48
-0.472
-0.468
-0.462
-0.454
-0.444
-0.435
-0.429
-0.429
-0.427
-0.423
-0.414
-0.402
-0.389
-0.376
-0.362
-0.347
-0.327
-0.308
-0.291
-0.28
-0.273
-0.269
-0.265
-0.258
-0.251
-0.246
-0.242
-0.235
-0.224
-0.212
-0.202
-0.195
-0.188
-0.177
-0.163
-0.148
-0.138
-0.132
-0.127
-0.12
-0.111
-0.102
-0.098
-0.095
-0.088
-0.077
-0.065
-0.052
-0.04
-0.032
-0.025
-0.017
-0.011
-0.012
-0.015
-0.016
-0.014
-0.008
0.002
0.011
0.018
0.025
0.034
0.045
0.055
0.063
0.066
0.069
0.075
0.082
0.088
0.093
0.097
0.099
0.103
0.106
0.108
0.111
0.119
0.135
0.154
0.173
0.19
0.204
0.219
0.233
0.247
0.261
0.275
0.286
0.299
0.315
0.329
0.339
0.346
0.349
0.352
0.354
0.357
0.357
0.355
0.353
0.352
0.354
0.362
0.376
0.39
0.4
0.406
0.41
0.412
0.414
0.419
0.423
0.423
0.421
0.42
0.422
0.431
0.446
0.461
0.474
0.484
0.489
0.492
0.494
0.498
0.5
0.501
0.501
0.501
0.503
0.506
0.51
0.513
0.51
0.504
0.495
0.487
0.481
0.475
0.467
0.458
0.455
0.454
0.454
0.452
0.449
0.445
0.442
0.439
0.435
0.431
0.428
0.427
0.43
0.436
0.443
0.454
0.471
0.505
0.559
0.591
0.611
0.621
0.611
0.583
0.506
0.413
0.373
0.357
0.351
0.349
0.351
0.365
0.386
0.404
0.418
0.425
0.425
0.418
0.407
0.395
0.386
0.378
0.37
0.368
0.372
0.378
0.386
0.394
0.401
0.406
0.41
0.412
0.408
0.398
0.388
0.379
0.373
0.369
0.365
0.362
0.359
0.359
0.365
0.373
0.379
0.38
0.38
0.381
0.38
0.378
0.375
0.369
0.36
0.352
0.351
0.351
0.349
0.346
0.344
0.345
0.344
0.344
0.344
0.341
0.333
0.323
0.312
0.297
0.276
0.255
0.24
0.227
0.214
0.204
0.197
0.19
0.183
0.175
0.159
0.138
0.119
0.103
0.087
0.073
0.059
0.048
0.04
0.033
0.027
0.022
0.016
0.011
0.004
-0.006
-0.018
-0.028
-0.033
-0.035
-0.042
-0.056
-0.079
-0.103
-0.119
-0.128
-0.136
-0.153
-0.177
-0.199
-0.217
-0.234
-0.256
-0.284
-0.317
-0.353
-0.37
-0.377
-0.383
-0.393
-0.406
-0.416
-0.422
-0.425
-0.425
-0.424
-0.427
-0.434
-0.438
-0.434
-0.428
-0.433
-0.437
-0.443
-0.45
-0.455
-0.457
-0.454
-0.45
-0.447
-0.446
-0.444
-0.44
-0.432
-0.422
-0.411
-0.401
-0.391
-0.384
-0.377
-0.371
-0.364
-0.357
-0.352
-0.347
-0.342
-0.337
-0.33
-0.324
-0.318
-0.31
-0.304
-0.299
-0.292
-0.282
-0.268
-0.253
-0.238
-0.227
-0.219
-0.214
-0.208
-0.202
-0.195
-0.188
-0.181
-0.179
-0.18
-0.179
-0.173
-0.165
-0.156
-0.148
-0.139
-0.131
-0.122
-0.114
-0.108
-0.102
-0.097
-0.095
-0.094
-0.095
-0.096
-0.097
-0.1
-0.104
-0.106
-0.105
-0.101
-0.098
-0.094
-0.09
-0.085
-0.08
-0.075
-0.069
-0.063
-0.059
-0.056
-0.053
-0.051
-0.051
-0.051
-0.051
-0.051
-0.051
-0.05
-0.05
-0.052
-0.056
-0.059
-0.06
-0.059
-0.059
-0.056
-0.05
-0.045
-0.04
-0.035
-0.025
-0.015
-0.006
0.002
0.01
0.016
0.019
0.021
0.023
0.024
0.025
0.027
0.03
0.034
0.039
0.046
0.053
0.061
0.068
0.076
0.085
0.094
0.1
0.106
0.112
0.116
0.118
0.12
0.123
0.124
0.127
0.131
0.135
0.138
0.14
0.143
0.146
0.15
0.156
0.164
0.17
0.174
0.178
0.184
0.191
0.198
0.204
0.209
0.215
0.221
0.224
0.229
0.238
0.247
0.253
0.26
0.268
0.276
0.283
0.289
0.297
0.307
0.314
0.315
0.315
0.315
0.313
0.309
0.303
0.296
0.289
0.279
0.27
0.263
0.257
0.25
0.242
0.236
0.235
0.235
0.236
0.238
0.24
0.242
0.243
0.245
0.25
0.257
0.264
0.276
0.296
0.332
0.387
0.436
0.471
0.489
0.499
0.49
0.439
0.362
0.302
0.281
0.263
0.252
0.247
0.246
0.249
0.257
0.266
0.274
0.279
0.285
0.291
0.295
0.297
0.297
0.297
0.296
0.294
0.292
0.287
0.281
0.274
0.271
0.269
0.268
0.267
0.267
0.268
0.269
0.27
0.275
0.28
0.284
0.287
0.29
0.295
0.298
0.301
0.303
0.303
0.303
0.302
0.303
0.303
0.304
0.305
0.304
0.305
0.304
0.301
0.297
0.294
0.291
0.285
0.279
0.274
0.269
0.266
0.263
0.261
0.26
0.259
0.253
0.246
0.24
0.227
0.209
0.191
0.169
0.15
0.134
0.118
0.104
0.092
0.081
0.07
0.059
0.048
0.039
0.03
0.018
0.004
-0.006
-0.012
-0.017
-0.024
-0.034
-0.044
-0.055
-0.068
-0.082
-0.095
-0.107
-0.122
-0.139
-0.156
-0.177
-0.202
-0.231
-0.257
-0.278
-0.296
-0.312
-0.33
-0.351
-0.373
-0.397
-0.413
-0.426
-0.436
-0.445
-0.453
-0.463
-0.473
-0.48
-0.485
-0.488
-0.49
-0.493
-0.497
-0.502
-0.508
-0.512
-0.513
-0.511
-0.509
-0.508
-0.508
-0.507
-0.505
-0.501
-0.496
-0.49
-0.486
-0.482
-0.479
-0.475
-0.469
-0.464
-0.459
-0.454
-0.446
-0.436
-0.425
-0.414
-0.402
-0.39
-0.381
-0.374
-0.367
-0.361
-0.354
-0.348
-0.344
-0.34
-0.338
-0.337
-0.334
-0.329
-0.321
-0.313
-0.305
-0.299
-0.293
-0.288
-0.282
-0.277
-0.273
-0.271
-0.269
-0.267
-0.264
-0.262
-0.259
-0.257
-0.252
-0.245
-0.237
-0.229
-0.224
-0.221
-0.219
-0.218
-0.216
-0.213
-0.209
-0.206
-0.204
-0.202
-0.201
-0.199
-0.195
-0.192
-0.188
-0.185
-0.183
-0.18
-0.178
-0.176
-0.175
-0.172
-0.167
-0.16
-0.154
-0.149
-0.144
-0.14
-0.138
-0.138
-0.135
-0.132
-0.129
-0.13
-0.132
-0.135
-0.138
-0.14
-0.143
-0.144
-0.144
-0.143
-0.141
-0.136
-0.131
-0.127
-0.123
-0.117
-0.112
-0.106
-0.099
-0.093
-0.088
-0.084
-0.081
-0.079
-0.075
-0.07
-0.066
-0.06
-0.051
-0.042
-0.036
-0.03
-0.023
-0.016
-0.011
-0.007
-0.002
0.003
0.009
0.013
0.017
0.023
0.03
0.036
0.044
0.055
0.065
0.074
0.081
0.084
0.087
0.091
0.096
0.101
0.103
0.104
0.104
0.106
0.108
0.111
0.115
0.12
0.125
0.13
0.134
0.141
0.149
0.156
0.161
0.168
0.178
0.192
0.212
0.233
0.256
0.272
0.28
0.282
0.287
0.296
0.308
0.319
0.331
0.342
0.349
0.352
0.354
0.357
0.363
0.368
0.37
0.37
0.368
0.364
0.36
0.358
0.359
0.363
0.37
0.375
0.376
0.376
0.378
0.38
0.383
0.387
0.392
0.396
0.4
0.405
0.426
0.475
0.549
0.622
0.688
0.712
0.699
0.657
0.566
0.467
0.382
0.349
0.338
0.351
0.376
0.403
0.43
0.442
0.447
0.451
0.455
0.458
0.458
0.456
0.453
0.45
0.449
0.451
0.452
0.452
0.45
0.447
0.446
0.446
0.446
0.445
0.445
0.444
0.443
0.444
0.445
0.445
0.446
0.446
0.447
0.452
0.459
0.467
0.476
0.485
0.495
0.507
0.518
0.528
0.539
0.55
0.559
0.566
0.57
0.573
0.572
0.568
0.564
0.562
0.56
0.556
0.551
0.543
0.534
0.524
0.507
0.473
0.445
0.417
0.39
0.362
0.333
0.304
0.276
0.254
0.237
0.217
0.195
0.177
0.16
0.143
0.127
0.113
0.099
0.082
0.067
0.052
0.041
0.034
0.026
0.019
0.013
0.006
0.0
-0.004
-0.012
-0.025
-0.047
-0.073
-0.094
-0.112
-0.13
-0.152
-0.176
-0.199
-0.214
-0.225
-0.239
-0.258
-0.284
-0.31
-0.33
-0.35
-0.369
-0.378
-0.383
-0.388
-0.392
-0.396
-0.4
-0.405
-0.409
-0.413
-0.416
-0.418
-0.424
-0.432
-0.44
-0.448
-0.456
-0.464
-0.468
-0.469
-0.467
-0.464
-0.457
-0.446
-0.433
-0.421
-0.413
-0.407
-0.399
-0.392
-0.387
-0.384
-0.382
-0.38
-0.379
-0.379
-0.379
-0.378
-0.375
-0.371
-0.367
-0.362
-0.358
-0.354
-0.351
-0.347
-0.341
-0.334
-0.328
-0.323
-0.319
-0.316
-0.316
-0.316
-0.314
-0.31
-0.305
-0.301
-0.298
-0.294
-0.29
-0.284
-0.278
-0.271
-0.266
-0.263
-0.262
-0.261
-0.261
-0.259
-0.255
-0.25
-0.246
-0.244
-0.242
-0.239
-0.234
-0.229
-0.222
-0.216
-0.211
-0.208
-0.205
-0.203
-0.198
-0.191
-0.184
-0.177
-0.17
-0.165
-0.16
-0.156
-0.152
-0.148
-0.144
-0.139
-0.137
-0.133
-0.128
-0.124
-0.122
-0.12
-0.117
-0.112
-0.107
-0.101
-0.095
-0.088
-0.081
-0.076
-0.07
-0.064
-0.055
-0.047
-0.041
-0.038
-0.034
-0.028
-0.019
-0.006
0.006
0.02
0.035
0.05
0.066
0.083
0.102
0.12
0.135
0.15
0.169
0.192
0.218
0.242
0.263
0.281
0.298
0.311
0.324
0.34
0.36
0.382
0.399
0.413
0.427
0.444
0.459
0.471
0.482
0.495
0.505
0.51
0.512
0.513
0.516
0.519
0.522
0.527
0.534
0.543
0.549
0.555
0.563
0.574
0.584
0.591
0.596
0.601
0.607
0.61
0.61
0.611
0.614
0.614
0.61
0.602
0.594
0.587
0.576
0.565
0.555
0.547
0.536
0.523
0.512
0.504
0.499
0.496
0.495
0.496
0.497
0.496
0.494
0.491
0.488
0.484
0.479
0.47
0.461
0.46
0.473
0.499
0.538
0.601
0.653
0.689
0.692
0.669
0.613
0.501
0.388
0.324
0.3
0.301
0.33
0.347
0.359
0.372
0.385
0.393
0.396
0.39
0.379
0.367
0.356
0.346
0.338
0.332
0.327
0.324
0.319
0.311
0.304
0.297
0.291
0.286
0.282
0.278
0.274
0.269
0.263
0.259
0.259
0.259
0.256
0.253
0.249
0.247
0.246
0.245
0.245
0.245
0.244
0.241
0.24
0.241
0.24
0.239
0.236
0.232
0.226
0.217
0.207
0.197
0.186
0.175
0.169
0.167
0.164
0.16
0.155
0.147
0.137
0.123
0.108
0.089
0.07
0.046
0.017
-0.016
-0.046
-0.073
-0.094
-0.11
-0.124
-0.138
-0.151
-0.166
-0.183
-0.201
-0.214
-0.224
-0.231
-0.235
-0.239
-0.244
-0.25
-0.257
-0.263
-0.268
-0.273
-0.276
-0.28
-0.288
-0.306
-0.325
-0.342
-0.358
-0.374
-0.389
-0.405
-0.42
-0.436
-0.456
-0.478
-0.504
-0.536
-0.555
-0.569
-0.579
-0.588
-0.593
-0.598
-0.603
-0.608
-0.611
-0.612
-0.612
-0.614
-0.617
-0.62
-0.624
-0.629
-0.633
-0.633
-0.631
-0.631
-0.634
-0.636
-0.634
-0.628
-0.62
-0.612
-0.604
-0.596
-0.59
-0.583
-0.575
-0.565
-0.552
-0.54
-0.53
-0.521
-0.514
-0.507
-0.5
-0.491
-0.481
-0.468
-0.455
-0.441
-0.428
-0.417
-0.408
-0.401
-0.396
-0.392
-0.385
-0.376
-0.368
-0.361
-0.357
-0.353
-0.347
-0.34
-0.332
-0.322
-0.311
-0.304
