0.009
0.011
0.012
0.013
0.014
0.015
0.017
0.019
0.033
0.058
0.066
0.071
0.076
0.08
0.083
0.086
0.088
0.092
0.095
0.099
0.105
0.112
0.12
0.131
0.13
0.115
0.103
0.094
0.085
0.078
0.073
0.069
0.063
0.053
0.054
0.075
0.091
0.104
0.115
0.124
0.13
0.137
0.149
0.168
0.19
0.206
0.216
0.223
0.23
0.238
0.246
0.254
0.261
0.267
0.273
0.278
0.283
0.291
0.307
0.323
0.327
0.33
0.331
0.331
0.33
0.325
0.319
0.31
0.293
0.266
0.248
0.232
0.216
0.195
0.168
0.152
0.144
0.137
0.131
0.127
0.124
0.121
0.116
0.106
0.083
0.053
0.03
0.019
0.012
0.008
0.008
0.015
0.027
0.042
0.059
0.062
0.065
0.069
0.054
0.037
0.024
0.016
0.013
0.011
0.01
0.007
0.007
0.013
0.017
0.022
0.026
0.029
0.031
0.03
0.028
0.026
0.024
0.022
0.02
0.018
0.015
0.013
0.011
0.011
0.011
0.011
0.012
0.014
0.018
0.022
0.025
0.028
0.031
0.034
0.038
0.043
0.048
0.048
0.043
0.035
0.028
0.023
0.02
0.016
0.012
0.007
0.002
-0.001
-0.005
-0.008
-0.009
-0.01
-0.011
-0.012
-0.014
-0.015
-0.016
-0.018
-0.02
-0.021
-0.022
-0.023
-0.025
-0.026
-0.027
-0.026
-0.025
-0.025
-0.025
-0.026
-0.027
-0.028
-0.029
-0.031
-0.032
-0.034
-0.035
-0.036
-0.037
-0.036
-0.036
-0.037
-0.037
-0.036
-0.035
-0.035
-0.038
-0.042
-0.03
-0.02
-0.014
-0.009
-0.006
-0.006
-0.007
-0.009
-0.01
-0.011
-0.013
-0.015
-0.018
-0.02
-0.022
-0.022
-0.023
-0.023
-0.021
-0.018
-0.013
-0.008
-0.004
-0.001
0.001
0.005
0.008
0.012
0.013
0.013
0.012
0.012
0.013
0.013
0.012
0.011
0.009
0.007
0.005
0.003
0.002
0.001
0.001
0.002
0.006
0.011
0.017
0.024
0.031
0.037
0.043
0.048
0.054
0.059
0.063
0.066
0.068
0.069
0.068
0.066
0.063
0.057
0.05
0.042
0.033
0.017
0.001
-0.015
-0.03
-0.043
-0.053
-0.056
-0.053
-0.045
-0.037
-0.028
-0.019
-0.011
-0.004
0.003
0.011
0.02
0.026
0.027
0.021
0.013
0.004
-0.004
-0.011
-0.01
-0.007
-0.001
0.016
0.061
0.132
0.219
0.329
0.467
0.589
0.625
0.636
0.618
0.565
0.479
0.364
0.233
0.088
-0.054
-0.177
-0.241
-0.263
-0.242
-0.204
-0.176
-0.165
-0.16
-0.155
-0.149
-0.143
-0.137
-0.131
-0.124
-0.117
-0.11
-0.1
-0.08
-0.063
-0.058
-0.055
-0.057
-0.069
-0.076
-0.08
-0.083
-0.086
-0.088
-0.088
-0.085
-0.081
-0.075
-0.069
-0.064
-0.061
-0.058
-0.055
-0.052
-0.049
-0.046
-0.042
-0.038
-0.035
-0.032
-0.03
-0.028
-0.024
-0.019
-0.013
-0.004
0.005
0.013
0.021
0.029
0.046
0.078
0.103
0.117
0.128
0.142
0.154
0.162
0.17
0.178
0.186
0.19
0.19
0.186
0.179
0.173
0.168
0.162
0.155
0.146
0.138
0.131
0.126
0.122
0.116
0.109
0.099
0.087
0.069
0.04
0.001
-0.021
-0.033
-0.043
-0.052
-0.058
-0.063
-0.066
-0.069
-0.072
-0.073
-0.075
-0.077
-0.079
-0.082
-0.084
-0.087
-0.09
-0.092
-0.093
-0.095
-0.097
-0.1
-0.104
-0.108
-0.111
-0.113
-0.114
-0.115
-0.114
-0.113
-0.11
-0.106
-0.101
-0.095
-0.087
-0.08
-0.079
-0.081
-0.085
-0.087
-0.088
-0.09
-0.092
-0.094
-0.095
-0.096
-0.096
-0.096
-0.096
-0.094
-0.092
-0.09
-0.089
-0.087
-0.085
-0.083
-0.078
-0.069
-0.063
-0.069
-0.079
-0.085
-0.09
-0.093
-0.096
-0.098
-0.099
-0.1
-0.099
-0.096
-0.091
-0.086
-0.079
-0.071
-0.059
-0.05
-0.051
-0.059
-0.069
-0.075
-0.08
-0.085
-0.089
-0.092
-0.095
-0.096
-0.095
-0.092
-0.089
-0.086
-0.083
-0.079
-0.075
-0.07
-0.066
-0.062
-0.058
-0.055
-0.052
-0.049
-0.048
-0.048
-0.05
-0.051
-0.053
-0.054
-0.056
-0.06
-0.065
-0.068
-0.071
-0.074
-0.075
-0.077
-0.077
-0.074
-0.069
-0.063
-0.057
-0.051
-0.045
-0.038
-0.032
-0.027
-0.025
-0.024
-0.024
-0.025
-0.025
-0.026
-0.029
-0.033
-0.038
-0.04
-0.041
-0.038
-0.035
-0.033
-0.03
-0.029
-0.028
-0.025
-0.021
-0.017
-0.012
-0.006
-0.001
0.003
0.007
0.012
0.017
0.024
0.029
0.033
0.036
0.039
0.042
0.044
0.047
0.051
0.058
0.055
0.036
0.02
0.007
-0.004
-0.016
-0.026
-0.033
-0.039
-0.045
-0.049
-0.052
-0.053
-0.05
-0.043
-0.037
-0.029
-0.021
-0.008
0.0
-0.007
-0.018
-0.026
-0.034
-0.041
-0.046
-0.047
-0.045
-0.042
-0.038
-0.032
-0.021
0.003
0.033
0.063
0.118
0.189
0.271
0.363
0.467
0.591
0.731
0.864
0.919
0.904
0.771
0.512
0.21
-0.042
-0.206
-0.273
-0.279
-0.244
-0.194
-0.168
-0.145
-0.114
-0.096
-0.088
-0.082
-0.077
-0.072
-0.068
-0.064
-0.061
-0.059
-0.057
-0.056
-0.053
-0.051
-0.048
-0.045
-0.042
-0.037
-0.033
-0.029
-0.024
-0.018
-0.012
-0.003
0.009
0.017
0.021
0.025
0.03
0.033
0.026
0.011
0.0
-0.01
-0.019
-0.023
-0.021
-0.013
-0.002
0.007
0.019
0.032
0.045
0.059
0.073
0.085
0.097
0.104
0.11
0.116
0.12
0.125
0.129
0.132
0.135
0.139
0.146
0.156
0.172
0.179
0.183
0.186
0.19
0.192
0.192
0.19
0.185
0.177
0.162
0.139
0.128
0.121
0.115
0.106
0.095
0.083
0.066
0.045
0.033
0.022
0.011
-0.001
-0.007
-0.01
-0.013
-0.016
-0.019
-0.023
-0.026
-0.029
-0.031
-0.032
-0.035
-0.038
-0.043
-0.055
-0.07
-0.073
-0.075
-0.077
-0.079
-0.079
-0.077
-0.071
-0.063
-0.055
-0.049
-0.043
-0.036
-0.031
-0.026
-0.025
-0.024
-0.024
-0.025
-0.027
-0.028
-0.03
-0.031
-0.033
-0.035
-0.038
-0.04
-0.042
-0.044
-0.045
-0.046
-0.048
-0.05
-0.051
-0.051
-0.051
-0.05
-0.051
-0.054
-0.043
-0.034
-0.028
-0.023
-0.019
-0.018
-0.019
-0.018
-0.017
-0.015
-0.014
-0.013
-0.016
-0.019
-0.024
-0.027
-0.029
-0.032
-0.037
-0.042
-0.045
-0.044
-0.039
-0.034
-0.029
-0.027
-0.024
-0.021
-0.018
-0.014
-0.011
-0.009
-0.008
-0.006
-0.005
-0.004
-0.005
-0.007
-0.009
-0.011
-0.012
-0.012
-0.012
-0.013
-0.015
-0.017
-0.017
-0.018
-0.019
-0.022
-0.025
-0.028
-0.03
-0.031
-0.031
-0.031
-0.031
-0.031
-0.03
-0.03
-0.03
-0.029
-0.029
-0.029
-0.029
-0.029
-0.028
-0.027
-0.026
-0.025
-0.023
-0.021
-0.019
-0.017
-0.014
-0.012
-0.01
-0.006
-0.001
0.004
0.006
0.004
-0.001
-0.008
-0.018
-0.031
-0.016
-0.006
-0.001
0.003
0.007
0.01
0.01
0.01
0.008
0.007
0.006
0.005
0.003
0.0
0.0
0.01
0.017
0.022
0.026
0.03
0.032
0.034
0.036
0.038
0.041
0.044
0.046
0.05
0.055
0.06
0.06
0.056
0.051
0.049
0.048
0.047
0.046
0.044
0.043
0.041
0.039
0.037
0.034
0.033
0.032
0.031
0.029
0.027
0.023
0.019
0.013
0.0
-0.029
-0.048
-0.06
-0.069
-0.074
-0.076
-0.078
-0.08
-0.082
-0.084
-0.085
-0.086
-0.084
-0.08
-0.074
-0.068
-0.061
-0.052
-0.043
-0.036
-0.029
-0.007
0.036
0.102
0.184
0.278
0.395
0.531
0.669
0.781
0.813
0.798
0.684
0.458
0.177
-0.09
-0.283
-0.36
-0.361
-0.288
-0.198
-0.14
-0.121
-0.114
-0.117
-0.126
-0.141
-0.161
-0.175
-0.184
-0.183
-0.165
-0.136
-0.1
-0.081
-0.069
-0.061
-0.057
-0.059
-0.066
-0.074
-0.081
-0.09
-0.096
-0.096
-0.089
-0.079
-0.073
-0.069
-0.066
-0.062
-0.058
-0.054
-0.05
-0.047
-0.045
-0.042
-0.039
-0.035
-0.024
-0.003
0.007
0.011
0.014
0.017
0.019
0.021
0.025
0.029
0.033
0.037
0.042
0.048
0.061
0.089
0.112
0.13
0.148
0.158
0.164
0.17
0.174
0.178
0.18
0.181
0.18
0.177
0.174
0.17
0.167
0.163
0.158
0.152
0.144
0.135
0.124
0.112
0.097
0.076
0.057
0.038
0.025
0.015
0.006
-0.002
-0.01
-0.017
-0.025
-0.032
-0.041
-0.053
-0.064
-0.073
-0.08
-0.084
-0.088
-0.093
-0.097
-0.1
-0.1
-0.098
-0.096
-0.093
-0.091
-0.089
-0.085
-0.081
-0.077
-0.075
-0.078
-0.086
-0.095
-0.104
-0.116
-0.126
-0.126
-0.117
-0.106
-0.103
-0.1
-0.098
-0.096
-0.094
-0.092
-0.09
-0.089
-0.087
-0.086
-0.085
-0.084
-0.083
-0.084
-0.085
-0.086
-0.088
-0.089
-0.089
-0.088
-0.087
-0.086
-0.086
-0.085
-0.083
-0.081
-0.079
-0.077
-0.077
-0.078
-0.078
-0.078
-0.076
-0.074
-0.072
-0.071
-0.07
-0.068
-0.065
-0.062
-0.058
-0.056
-0.055
-0.055
-0.055
-0.055
-0.055
-0.054
-0.054
-0.054
-0.053
-0.05
-0.046
-0.041
-0.038
-0.038
-0.039
-0.042
-0.043
-0.046
-0.052
-0.055
-0.049
-0.039
-0.036
-0.035
-0.033
-0.031
-0.03
-0.029
-0.028
-0.026
-0.024
-0.023
-0.022
-0.022
-0.023
-0.023
-0.024
-0.025
-0.026
-0.027
-0.03
-0.031
-0.032
-0.033
-0.033
-0.032
-0.031
-0.031
-0.031
-0.03
-0.028
-0.027
-0.026
-0.025
-0.025
-0.026
-0.027
-0.028
-0.029
-0.031
-0.031
-0.031
-0.03
-0.028
-0.026
-0.024
-0.022
-0.02
-0.019
-0.017
-0.015
-0.015
-0.014
-0.014
-0.012
-0.008
-0.003
0.002
0.005
0.005
0.005
0.005
0.005
0.003
0.001
-0.001
-0.003
-0.004
-0.002
0.0
0.002
0.004
0.004
0.006
0.007
0.008
0.009
0.009
0.008
0.007
0.008
0.01
0.012
0.015
0.018
0.022
0.025
0.029
0.034
0.038
0.043
0.047
0.051
0.057
0.064
0.071
0.078
0.084
0.088
0.09
0.089
0.088
0.086
0.083
0.078
0.073
0.068
0.06
0.051
