0.457
0.555
0.661
0.769
0.863
0.903
0.913
0.92
0.926
0.929
0.931
0.932
0.932
0.931
0.929
0.926
0.919
0.913
0.906
0.898
0.89
0.875
0.861
0.848
0.837
0.829
0.821
0.815
0.808
0.801
0.795
0.789
0.784
0.779
0.772
0.767
0.761
0.756
0.751
0.746
0.741
0.734
0.726
0.717
0.706
0.695
0.688
0.684
0.679
0.676
0.672
0.669
0.666
0.662
0.66
0.657
0.653
0.65
0.646
0.641
0.634
0.627
0.619
0.611
0.603
0.595
0.585
0.575
0.567
0.559
0.55
0.54
0.528
0.512
0.504
0.497
0.492
0.488
0.485
0.483
0.481
0.481
0.481
0.482
0.482
0.483
0.484
0.486
0.487
0.488
0.489
0.491
0.494
0.496
0.499
0.5
0.498
0.493
0.485
0.478
0.473
0.468
0.464
0.459
0.455
0.452
0.448
0.445
0.442
0.44
0.438
0.436
0.434
0.431
0.426
0.418
0.401
0.385
0.345
0.297
0.24
0.184
0.135
0.109
0.09
0.077
0.077
0.088
0.117
0.171
0.229
0.278
0.301
0.312
0.319
0.324
0.326
0.322
0.312
0.3
0.29
0.281
0.272
0.264
0.256
0.25
0.244
0.238
0.231
0.225
0.22
0.214
0.21
0.205
0.199
0.193
0.187
0.181
0.174
0.167
0.16
0.154
0.148
0.142
0.137
0.133
0.128
0.124
0.12
0.116
0.112
0.107
0.102
0.095
0.087
0.08
0.072
0.064
0.058
0.052
0.047
0.042
0.036
0.03
0.024
0.018
0.011
0.003
-0.004
-0.013
-0.021
-0.029
-0.037
-0.046
-0.054
-0.062
-0.07
-0.077
-0.087
-0.099
-0.112
-0.127
-0.135
-0.141
-0.147
-0.151
-0.154
-0.157
-0.159
-0.159
-0.159
-0.157
-0.155
-0.151
-0.147
-0.141
-0.136
-0.128
-0.114
-0.097
-0.08
-0.062
-0.043
-0.03
-0.02
-0.007
0.006
0.027
0.034
0.038
0.041
0.044
0.047
0.05
0.052
0.054
0.055
0.057
0.059
0.06
0.061
0.06
0.06
0.06
0.059
0.059
0.058
0.057
0.056
0.055
0.055
0.054
0.053
0.051
0.049
0.048
0.046
0.045
0.044
0.042
0.04
0.038
0.037
0.036
0.034
0.033
0.031
0.029
0.028
0.028
0.027
0.026
0.025
0.024
0.022
0.02
0.018
0.016
0.014
0.011
0.009
0.008
0.006
0.005
0.003
0.002
0.0
-0.001
-0.003
-0.004
-0.007
-0.009
-0.012
-0.015
-0.018
-0.02
-0.023
-0.026
-0.029
-0.033
-0.035
-0.036
-0.036
-0.035
-0.032
-0.029
-0.024
-0.019
-0.012
-0.003
0.015
0.037
0.046
0.051
0.056
0.061
0.064
0.067
0.07
0.072
0.073
0.075
0.077
0.078
0.078
0.079
0.081
0.082
0.083
0.083
0.082
0.081
0.08
0.078
0.076
0.073
0.069
0.065
0.06
0.056
0.028
-0.014
-0.064
-0.097
-0.121
-0.135
-0.144
-0.146
-0.141
-0.13
-0.096
-0.047
0.003
0.05
0.068
0.078
0.084
0.09
0.094
0.096
0.092
0.083
0.074
0.068
0.064
0.06
0.056
0.053
0.049
0.046
0.042
0.038
0.035
0.032
0.029
0.026
0.023
0.021
0.018
0.015
0.012
0.01
0.007
0.004
0.0
-0.002
-0.005
-0.008
-0.011
-0.014
-0.018
-0.021
-0.024
-0.027
-0.03
-0.034
-0.038
-0.041
-0.045
-0.049
-0.052
-0.055
-0.058
-0.061
-0.064
-0.067
-0.072
-0.078
-0.085
-0.093
-0.101
-0.109
-0.115
-0.121
-0.126
-0.131
-0.137
-0.142
-0.148
-0.153
-0.16
-0.167
-0.176
-0.185
-0.191
-0.197
-0.202
-0.206
-0.21
-0.214
-0.216
-0.219
-0.22
-0.22
-0.217
-0.213
-0.208
-0.2
-0.192
-0.181
-0.163
-0.147
-0.134
-0.117
-0.097
-0.074
-0.057
-0.044
-0.034
-0.027
-0.021
-0.017
-0.015
-0.013
-0.012
-0.01
-0.009
-0.007
-0.006
-0.004
-0.003
-0.003
-0.003
-0.003
-0.003
-0.004
-0.004
-0.005
-0.005
-0.006
-0.007
-0.008
-0.01
-0.011
-0.011
-0.012
-0.013
-0.014
-0.015
-0.016
-0.017
-0.018
-0.019
-0.019
-0.02
-0.02
-0.02
-0.021
-0.021
-0.02
-0.02
-0.02
-0.019
-0.019
-0.018
-0.018
-0.018
-0.018
-0.018
-0.017
-0.017
-0.017
-0.016
-0.016
-0.015
-0.015
-0.015
-0.015
-0.015
-0.014
-0.014
-0.015
-0.015
-0.016
-0.017
-0.018
-0.019
-0.02
-0.021
-0.022
-0.023
-0.024
-0.026
-0.028
-0.03
-0.035
-0.042
-0.045
-0.045
-0.046
-0.047
-0.047
-0.048
-0.048
-0.048
-0.047
-0.046
-0.043
-0.038
-0.031
-0.023
-0.013
0.001
0.014
0.026
0.031
0.034
0.037
0.039
0.041
0.043
0.044
0.046
0.047
0.048
0.049
0.051
0.053
0.054
0.055
0.055
0.056
0.057
0.057
0.059
0.06
0.062
0.065
0.072
0.071
0.055
0.032
0.001
-0.055
-0.118
-0.182
-0.229
-0.245
-0.236
-0.21
-0.158
-0.1
-0.043
0.011
0.065
0.119
0.137
0.144
0.15
0.126
0.114
0.109
0.105
0.101
0.098
0.096
0.094
0.092
0.09
0.088
0.087
0.086
0.087
0.086
0.086
0.084
0.082
0.081
0.079
0.079
0.078
0.077
0.076
0.074
0.073
0.073
0.072
0.071
0.069
0.067
0.065
0.063
0.06
0.057
0.053
0.05
0.047
0.044
0.042
0.039
0.037
0.034
0.031
0.028
0.025
0.02
0.014
0.008
0.003
-0.002
-0.008
-0.014
-0.02
-0.027
-0.035
-0.043
-0.051
-0.059
-0.067
-0.075
-0.082
-0.09
-0.097
-0.104
-0.111
-0.119
-0.129
-0.138
-0.146
-0.152
-0.157
-0.16
-0.164
-0.167
-0.17
-0.17
-0.169
-0.165
-0.16
-0.152
-0.143
-0.132
-0.114
-0.097
-0.08
-0.06
-0.037
-0.014
-0.007
-0.004
-0.001
0.001
0.003
0.006
0.008
0.01
0.012
0.014
0.016
0.018
0.019
0.02
0.02
0.02
0.02
0.019
0.019
0.018
0.018
0.017
0.016
0.015
0.013
0.012
0.01
0.009
0.007
0.006
0.004
0.003
0.002
0.0
0.0
-0.001
-0.002
-0.003
-0.004
-0.005
-0.006
-0.007
-0.007
-0.007
-0.007
-0.007
-0.006
-0.006
-0.005
-0.004
-0.003
-0.002
-0.001
0.0
0.0
0.001
0.002
0.004
0.005
0.006
0.007
0.008
0.009
0.011
0.012
0.012
0.013
0.014
0.014
0.015
0.015
0.015
0.016
0.016
0.017
0.018
0.02
0.026
0.026
0.027
0.027
0.028
0.028
0.028
0.027
0.027
0.027
0.027
0.027
0.027
0.027
0.026
0.026
0.027
0.027
0.026
0.026
0.024
0.022
0.02
0.018
0.016
0.014
0.011
0.007
0.004
0.001
-0.001
-0.004
-0.009
-0.015
-0.021
-0.026
-0.029
-0.032
-0.034
-0.036
-0.038
-0.04
-0.041
-0.043
-0.044
-0.043
-0.04
-0.034
-0.027
-0.02
-0.013
-0.009
-0.005
-0.001
0.001
0.005
0.008
0.011
0.013
0.016
0.018
0.02
0.021
0.022
0.023
0.024
0.024
0.023
0.022
0.02
0.019
0.017
0.015
0.012
0.009
0.006
0.002
-0.001
-0.006
-0.036
-0.088
-0.155
-0.231
-0.303
-0.338
-0.349
-0.331
-0.279
-0.21
-0.152
-0.103
-0.07
-0.033
0.002
0.029
0.048
0.047
0.027
0.018
0.013
0.009
0.005
0.002
0.0
-0.002
-0.004
-0.007
-0.009
-0.012
-0.015
-0.016
-0.016
-0.016
-0.016
-0.016
-0.017
-0.017
-0.018
-0.019
-0.02
-0.021
-0.023
-0.024
-0.026
-0.027
-0.028
-0.03
-0.031
-0.033
-0.034
-0.036
-0.038
-0.04
-0.042
-0.044
-0.047
-0.049
-0.052
-0.054
-0.057
-0.06
-0.063
-0.067
-0.072
-0.076
-0.08
-0.085
-0.088
-0.092
-0.095
-0.097
-0.1
-0.103
-0.106
-0.11
-0.114
-0.12
-0.125
-0.131
-0.137
-0.143
-0.149
-0.155
-0.162
-0.169
-0.175
-0.181
-0.186
-0.19
-0.194
-0.199
-0.203
-0.207
-0.209
-0.208
-0.206
-0.202
-0.196
-0.188
-0.178
-0.16
-0.148
-0.133
-0.114
-0.095
-0.076
-0.055
-0.035
-0.019
-0.007
0.009
0.017
0.021
0.024
0.027
0.029
0.031
0.033
0.035
0.036
0.038
0.039
0.04
0.04
0.041
0.041
0.041
0.041
0.041
0.041
0.04
0.04
0.04
0.039
0.039
0.039
0.039
0.038
0.038
0.038
0.038
0.038
0.038
0.038
0.038
0.038
0.038
0.038
0.038
0.038
0.038
0.038
0.039
0.039
0.04
0.041
0.042
0.044
0.045
0.046
0.047
0.048
0.049
0.05
0.051
0.051
0.052
0.052
0.053
0.054
0.055
0.056
0.057
0.058
0.059
0.06
0.061
0.062
0.063
0.064
0.065
0.065
0.066
0.066
0.066
0.067
0.067
0.067
0.067
0.067
0.067
0.067
0.066
0.066
0.065
0.064
0.063
0.062
0.062
0.061
0.06
0.059
0.058
0.056
0.055
0.055
0.054
0.053
0.052
0.05
0.049
0.047
0.045
0.043
0.04
0.037
0.034
0.03
0.026
0.022
0.016
0.01
0.004
-0.001
-0.007
-0.015
-0.026
-0.034
-0.039
-0.043
-0.046
-0.048
-0.048
-0.046
-0.042
-0.036
-0.029
-0.021
-0.009
0.0
0.007
0.01
0.013
0.015
0.017
0.019
0.021
0.023
0.024
0.025
0.026
0.027
0.027
0.028
0.029
0.029
0.029
0.029
0.028
0.028
0.028
0.027
0.027
0.025
0.024
0.022
0.02
0.017
0.004
-0.032
-0.085
-0.153
-0.228
-0.295
-0.327
-0.338
-0.322
-0.274
-0.21
-0.148
-0.087
-0.027
0.027
0.069
0.084
0.084
0.067
0.04
0.02
0.017
0.016
0.015
0.014
0.014
0.013
0.013
0.011
0.01
0.009
0.009
0.009
0.009
0.01
0.01
0.009
0.008
0.007
0.006
0.005
0.004
0.003
0.003
0.001
0.0
0.0
-0.001
-0.002
-0.002
-0.002
-0.003
-0.003
-0.004
-0.005
-0.005
-0.006
-0.008
-0.01
-0.012
-0.014
-0.017
-0.019
-0.022
-0.024
-0.027
-0.03
-0.033
-0.037
-0.04
-0.044
-0.049
-0.053
-0.058
-0.062
-0.065
-0.068
-0.071
-0.074
-0.079
-0.085
-0.092
-0.099
-0.106
-0.113
-0.119
-0.125
-0.131
-0.138
-0.143
-0.148
-0.152
-0.156
-0.159
-0.162
-0.163
-0.162
-0.161
-0.158
-0.155
-0.151
-0.142
-0.127
-0.114
-0.099
-0.083
-0.067
-0.049
-0.031
-0.013
0.004
0.017
0.027
0.037
0.041
0.043
0.045
0.047
0.048
0.05
0.051
0.052
0.053
0.053
0.054
0.055
0.055
0.055
0.054
0.053
0.052
0.051
0.05
0.049
0.049
0.048
0.047
0.047
0.046
0.045
0.045
0.044
0.043
0.042
0.042
0.041
0.04
0.039
0.038
0.038
0.037
0.037
0.037
0.037
0.037
0.036
0.035
0.034
0.033
0.033
0.032
0.031
0.03
0.029
0.029
0.029
0.029
0.029
0.029
0.029
0.028
0.028
0.029
0.029
0.029
0.029
0.028
0.027
0.027
0.027
0.027
0.026
0.025
0.024
0.024
0.023
0.022
0.022
0.021
0.019
0.017
0.016
0.014
0.012
0.01
0.009
0.007
0.005
0.004
0.003
0.002
0.002
0.002
0.002
0.002
0.001
0.002
0.002
0.002
0.002
0.001
0.0
0.0
0.0
-0.001
-0.001
-0.002
-0.004
-0.006
-0.008
-0.011
-0.013
-0.016
-0.02
-0.027
-0.034
-0.04
-0.045
-0.049
-0.052
-0.055
-0.057
-0.06
-0.062
-0.063
-0.064
-0.064
-0.063
-0.062
-0.06
-0.058
-0.055
-0.051
-0.045
-0.035
-0.026
-0.018
-0.012
-0.008
-0.004
-0.001
0.0
0.001
0.002
0.003
0.004
0.005
0.005
0.006
0.007
0.007
0.008
0.008
0.007
0.006
0.006
0.005
0.004
0.004
0.002
0.001
0.0
-0.002
-0.012
-0.041
-0.083
-0.136
-0.194
-0.25
-0.285
-0.297
-0.286
-0.251
-0.195
-0.142
-0.089
-0.039
0.006
0.05
0.078
0.087
0.075
0.042
0.002
-0.008
-0.011
-0.007
0.002
0.008
0.008
0.001
-0.001
-0.003
-0.004
-0.005
-0.006
-0.007
-0.007
-0.008
-0.009
-0.01
-0.01
-0.011
-0.011
-0.01
-0.01
-0.01
-0.01
-0.011
-0.012
-0.012
-0.013
-0.014
-0.015
-0.015
-0.016
-0.016
-0.016
-0.017
-0.017
-0.017
-0.018
-0.018
-0.019
-0.019
-0.02
-0.021
-0.022
-0.023
-0.025
-0.028
-0.03
-0.032
-0.034
-0.036
-0.037
-0.04
-0.042
-0.046
-0.053
-0.059
-0.066
-0.072
-0.079
-0.086
-0.094
-0.099
-0.104
-0.107
-0.111
-0.114
-0.117
-0.12
-0.122
-0.124
-0.127
-0.13
-0.132
-0.133
-0.134
-0.134
-0.132
-0.131
-0.128
-0.125
-0.119
-0.106
-0.09
-0.075
-0.059
-0.045
-0.032
-0.018
-0.004
0.012
0.026
0.035
0.04
0.044
0.046
0.047
0.048
0.05
0.05
0.051
0.051
0.051
0.051
0.051
0.05
0.049
0.047
0.045
0.044
0.042
0.041
0.039
0.038
0.037
0.035
0.034
0.032
0.03
0.029
0.027
0.026
0.024
0.023
0.023
0.022
0.021
0.02
0.019
0.019
0.018
0.017
0.016
0.015
0.013
0.012
0.011
0.011
0.011
0.01
0.01
0.011
0.011
0.012
0.013
0.015
0.016
0.018
0.019
0.021
0.022
0.024
0.026
0.027
0.029
0.031
0.034
0.037
0.039
0.041
0.042
0.044
0.044
0.045
0.046
0.047
0.048
0.048
0.048
0.049
0.05
0.05
0.051
0.052
0.053
0.053
0.053
0.053
0.053
0.053
0.053
0.053
0.053
0.052
0.052
0.052
0.052
0.052
0.052
0.052
0.052
0.051
0.051
0.05
0.05
0.049
0.049
0.048
0.047
0.046
0.046
0.045
0.044
0.043
0.042
0.04
0.039
0.038
0.036
0.031
0.025
0.02
0.017
0.014
0.011
0.007
0.003
-0.001
-0.007
-0.01
-0.013
-0.015
-0.017
-0.018
-0.019
-0.018
-0.016
-0.013
-0.008
-0.003
0.002
0.011
0.018
0.022
0.028
0.034
0.042
0.046
0.048
0.049
0.05
0.052
0.053
0.053
0.054
0.055
0.056
0.056
0.056
0.056
0.055
0.054
0.054
0.053
0.052
0.05
0.048
0.047
0.045
0.034
0.003
-0.042
-0.098
-0.16
-0.219
-0.252
-0.264
-0.25
-0.21
-0.159
-0.109
-0.062
-0.021
0.02
0.066
0.105
0.123
0.123
0.101
0.062
0.032
0.021
0.021
0.027
0.031
0.035
0.038
0.04
0.038
0.033
0.029
0.025
0.022
0.019
0.017
0.014
0.012
0.01
0.008
0.006
0.004
0.003
0.001
0.0
0.0
-0.001
-0.003
-0.004
-0.006
-0.008
-0.01
-0.012
-0.014
-0.016
-0.019
-0.021
-0.023
-0.025
-0.027
-0.028
-0.029
-0.031
-0.033
-0.034
-0.035
-0.037
-0.039
-0.04
-0.042
-0.044
-0.046
-0.049
-0.052
-0.056
-0.062
-0.068
-0.074
-0.084
-0.097
-0.105
-0.109
-0.112
-0.115
-0.118
-0.122
-0.125
-0.129
-0.133
-0.136
-0.14
-0.144
-0.147
-0.15
-0.153
-0.157
-0.159
-0.159
-0.157
-0.155
-0.151
-0.144
-0.132
-0.119
-0.107
-0.086
-0.064
-0.039
-0.023
-0.009
0.001
0.011
0.022
0.031
0.035
0.037
0.039
0.04
0.042
0.044
0.045
0.046
0.047
0.048
0.049
0.049
0.05
0.05
0.05
0.05
0.05
0.05
0.049
0.049
0.047
0.046
0.045
0.044
0.043
0.043
0.041
0.04
0.038
0.036
0.035
0.033
0.032
0.031
0.029
0.027
0.026
0.025
0.025
0.024
0.024
0.023
0.022
0.022
0.021
0.02
0.019
0.018
0.018
0.017
0.017
0.017
0.017
0.017
0.017
0.017
0.017
0.017
0.018
0.018
0.019
0.019
0.019
0.019
0.02
0.02
0.021
0.021
0.022
0.022
0.023
0.023
0.025
0.025
0.026
0.027
0.027
0.027
0.028
0.028
0.029
0.029
0.029
0.03
0.03
0.03
0.031
0.032
0.032
0.032
0.033
0.033
0.033
0.033
0.034
0.034
0.034
0.034
0.034
0.035
0.035
0.036
0.036
0.037
0.037
0.037
0.037
0.037
0.037
0.037
0.036
0.036
0.037
0.037
0.038
0.038
0.039
0.039
0.039
0.039
0.039
0.04
0.04
0.04
0.04
0.039
0.039
0.039
0.038
0.038
0.038
0.037
0.036
0.035
0.034
0.033
0.032
0.03
0.028
0.025
0.019
0.013
0.01
0.006
0.001
-0.003
-0.01
-0.019
-0.025
-0.029
-0.033
-0.036
-0.038
-0.038
-0.037
-0.035
-0.031
-0.027
-0.023
-0.017
-0.007
0.0
0.004
0.01
0.018
0.024
0.028
0.031
0.033
0.035
0.036
0.037
0.037
0.037
0.037
0.038
0.038
0.039
0.039
0.04
0.04
0.04
0.041
0.042
0.042
0.041
0.039
0.037
0.034
0.031
0.017
-0.013
-0.06
-0.121
-0.191
-0.26
-0.309
-0.317
-0.307
-0.256
-0.193
-0.138
-0.087
-0.041
0.003
0.047
0.085
0.104
0.103
0.083
0.051
0.031
0.024
0.021
0.023
0.026
0.028
0.03
0.031
0.032
0.032
0.031
0.029
0.026
0.023
0.021
0.019
0.016
0.014
0.011
0.009
0.007
0.005
0.004
0.002
0.001
0.001
0.0
0.0
-0.001
-0.001
-0.001
-0.002
-0.003
-0.004
-0.005
-0.007
-0.008
-0.009
-0.01
-0.011
-0.012
-0.014
-0.015
-0.017
-0.02
-0.024
-0.029
-0.034
-0.038
-0.042
-0.046
-0.05
-0.054
-0.057
-0.06
-0.063
-0.066
-0.07
-0.074
-0.079
-0.083
-0.088
-0.094
-0.1
-0.107
-0.113
-0.118
-0.122
-0.126
-0.129
-0.133
-0.136
-0.141
-0.147
-0.151
-0.153
-0.155
-0.158
-0.159
-0.156
-0.149
-0.138
-0.123
-0.109
-0.091
-0.07
-0.051
-0.033
-0.019
-0.008
0.003
0.016
0.031
0.038
0.041
0.043
0.046
0.048
0.05
0.051
0.052
0.052
0.052
0.052
0.052
0.052
0.051
0.05
0.049
0.047
0.046
0.045
0.044
0.043
0.042
0.042
0.041
0.04
0.04
0.039
0.038
0.037
0.036
0.035
0.034
0.033
0.032
0.031
0.03
0.029
0.029
0.028
0.027
0.027
0.026
0.026
0.026
0.026
0.026
0.026
0.025
0.025
0.024
0.024
0.023
0.023
0.023
0.023
0.023
0.024
0.024
0.025
0.026
0.026
0.027
0.027
0.028
0.028
0.028
0.027
0.027
0.027
0.027
0.026
0.026
0.026
0.026
0.026
0.025
0.025
0.025
0.024
0.024
0.023
0.023
0.023
0.022
0.021
0.021
0.02
0.02
0.019
0.018
0.018
0.017
0.017
0.017
0.017
0.017
0.018
0.018
0.018
0.019
0.019
0.018
0.018
0.017
0.017
0.017
0.016
0.016
0.016
0.015
0.015
0.015
0.015
0.015
0.015
0.014
0.014
0.014
0.014
0.013
0.013
0.013
0.013
0.013
0.012
0.012
0.011
0.011
0.011
0.011
0.011
0.011
0.012
0.012
0.012
0.013
0.013
0.012
0.012
0.011
0.01
0.009
0.008
0.007
0.006
0.004
0.003
0.002
0.0
-0.005
-0.011
-0.017
-0.024
-0.033
-0.042
-0.047
-0.05
-0.053
-0.055
-0.057
-0.057
-0.057
-0.055
-0.052
-0.049
-0.046
-0.042
-0.037
-0.03
-0.023
-0.016
-0.009
-0.002
0.003
0.007
0.01
0.012
0.013
0.014
0.014
0.015
0.015
0.016
0.016
0.017
0.018
0.019
0.019
0.019
0.02
0.02
0.02
0.02
0.02
0.02
0.02
0.023
0.022
0.01
-0.019
-0.069
-0.135
-0.211
-0.286
-0.344
-0.355
-0.348
-0.303
-0.242
-0.175
-0.121
-0.082
-0.051
-0.01
0.032
0.058
0.067
0.061
0.042
0.018
0.011
0.007
0.004
0.001
-0.001
-0.003
-0.004
-0.006
-0.007
-0.009
-0.01
-0.011
-0.011
-0.012
-0.012
-0.013
-0.014
-0.015
-0.016
-0.017
-0.018
-0.019
-0.021
-0.022
-0.024
-0.025
-0.027
-0.028
-0.03
-0.031
-0.032
-0.033
-0.035
-0.035
-0.036
-0.037
-0.038
-0.039
-0.041
-0.042
-0.043
-0.044
-0.045
-0.046
-0.047
-0.048
-0.049
-0.051
-0.053
-0.056
-0.058
-0.061
-0.064
-0.067
-0.07
-0.074
-0.078
-0.082
-0.087
-0.092
-0.097
-0.102
-0.109
-0.115
-0.122
-0.128
-0.133
-0.139
-0.143
-0.145
-0.146
-0.147
-0.147
-0.147
-0.148
-0.148
-0.148
-0.147
-0.143
-0.137
-0.13
-0.12
-0.109
-0.095
-0.078
-0.061
-0.045
-0.03
-0.014
0.002
0.019
0.034
0.045
0.057
0.063
0.066
0.069
0.071
0.073
0.075
0.077
0.078
0.079
0.08
0.08
0.08
0.081
0.081
0.081
0.08
0.079
0.079
0.078
0.078
0.078
0.078
0.078
0.077
0.077
0.076
0.076
0.075
0.074
0.072
0.07
0.068
0.066
0.064
0.063
0.062
0.061
0.06
0.059
0.059
0.058
0.058
0.057
0.057
0.056
0.056
0.055
0.055
0.054
0.053
0.052
0.052
0.051
0.051
0.05
0.05
0.05
0.05
0.05
0.05
0.05
0.049
0.049
0.048
0.048
0.047
0.046
0.045
0.044
0.044
0.043
0.043
0.043
0.042
0.042
0.041
0.04
0.039
0.038
0.038
0.037
0.036
0.035
0.035
0.034
0.034
0.033
0.033
0.033
0.032
0.032
0.032
0.032
0.032
0.032
0.032
0.032
0.032
0.032
0.032
0.031
0.031
0.031
0.03
0.03
0.03
0.03
0.03
0.031
0.031
0.032
0.032
0.032
0.032
0.032
0.032
0.032
0.032
0.032
0.031
0.028
0.025
0.022
0.02
0.018
0.017
0.016
0.014
0.013
0.012
0.011
0.01
0.009
0.009
0.008
0.008
0.007
0.007
0.006
0.006
0.005
0.004
0.004
0.003
0.003
0.002
0.002
0.001
0.001
0.0
0.0
-0.001
-0.002
-0.003
-0.004
-0.006
-0.01
-0.018
-0.026
-0.034
-0.041
-0.047
-0.054
-0.061
-0.067
-0.071
-0.074
-0.077
-0.079
-0.081
-0.083
-0.083
-0.083
-0.081
-0.079
-0.076
-0.073
-0.07
-0.067
-0.062
-0.056
-0.05
-0.045
-0.04
-0.037
-0.035
-0.032
-0.03
-0.028
-0.026
-0.024
-0.023
-0.022
-0.021
-0.02
-0.019
-0.018
-0.018
-0.018
-0.018
-0.018
-0.019
-0.02
-0.021
-0.024
-0.026
-0.028
-0.032
-0.035
-0.057
-0.101
-0.159
-0.227
-0.296
-0.343
-0.349
-0.332
-0.28
-0.214
-0.146
-0.092
-0.054
-0.012
0.034
0.055
0.062
0.053
0.028
0.003
0.0
-0.004
-0.006
-0.009
-0.01
-0.011
-0.012
-0.013
-0.014
-0.015
-0.016
-0.016
-0.017
-0.017
-0.018
-0.019
-0.02
-0.021
-0.022
-0.023
-0.023
-0.024
-0.024
-0.025
-0.026
-0.026
-0.027
-0.028
-0.029
-0.03
-0.03
-0.031
-0.032
-0.033
-0.033
-0.034
-0.034
-0.034
-0.035
-0.035
-0.036
-0.036
-0.037
-0.038
-0.039
-0.039
-0.04
-0.041
-0.042
-0.043
-0.044
-0.046
-0.047
-0.048
-0.05
-0.054
-0.058
-0.063
-0.067
-0.07
-0.074
-0.077
-0.08
-0.084
-0.087
-0.091
-0.094
-0.098
-0.101
-0.104
-0.108
-0.112
-0.116
-0.119
-0.12
-0.12
-0.121
-0.122
-0.124
-0.123
-0.115
-0.107
-0.098
-0.089
-0.076
-0.06
-0.042
-0.025
-0.006
0.009
0.023
0.036
0.048
0.062
0.074
0.082
0.087
0.091
0.093
0.095
0.096
0.097
0.098
0.099
0.1
0.1
0.101
0.101
0.1
0.099
0.098
0.097
0.095
0.093
0.091
0.089
0.088
0.086
0.085
0.083
0.082
0.08
0.078
0.076
0.074
0.072
0.07
0.068
0.066
0.065
0.063
0.062
0.061
0.06
0.058
0.057
0.055
0.054
0.052
0.05
0.048
0.046
0.045
0.045
0.044
0.043
0.041
0.039
0.035
0.032
0.03
0.03
0.031
0.032
0.032
0.032
0.033
0.034
0.034
0.033
0.033
0.031
0.03
0.029
0.029
0.028
0.027
0.027
0.026
0.026
0.026
0.027
0.027
0.027
0.027
0.028
0.028
0.029
0.029
0.029
0.029
0.029
0.03
0.03
0.031
0.032
0.032
0.032
0.032
0.032
0.032
0.031
0.031
0.031
0.031
0.031
0.031
0.031
0.031
0.032
0.032
0.032
0.032
0.032
0.032
0.032
0.032
0.031
0.031
0.03
0.03
0.029
0.029
0.029
0.029
0.028
0.028
0.027
0.026
0.025
0.025
0.024
0.023
0.022
0.021
0.02
0.019
0.019
0.018
0.017
0.016
0.014
0.01
0.007
0.003
0.0
-0.004
-0.009
-0.015
-0.021
-0.027
-0.032
-0.036
-0.039
-0.041
-0.044
-0.045
-0.047
-0.048
-0.048
-0.048
-0.047
-0.046
-0.044
-0.042
-0.04
-0.038
-0.033
-0.024
-0.014
-0.008
-0.005
-0.001
0.0
0.003
0.005
0.006
0.007
0.007
0.007
0.007
0.007
0.007
0.007
0.007
0.007
0.007
0.007
0.007
0.008
0.008
0.007
0.006
0.004
0.0
-0.003
-0.02
-0.047
-0.086
-0.136
-0.193
-0.247
-0.28
-0.282
-0.262
-0.212
-0.152
-0.1
-0.065
-0.038
-0.011
0.025
0.056
0.067
0.061
0.045
0.016
-0.001
-0.008
-0.011
-0.01
-0.007
-0.005
-0.002
-0.001
-0.001
-0.007
-0.012
-0.014
-0.015
-0.016
-0.017
-0.018
-0.019
-0.02
-0.021
-0.022
-0.022
-0.022
-0.023
-0.023
-0.023
-0.024
-0.024
-0.025
-0.025
-0.026
-0.027
-0.028
-0.029
-0.029
-0.03
-0.03
-0.031
-0.031
-0.032
-0.033
-0.034
-0.034
-0.036
-0.037
-0.038
-0.039
-0.041
-0.044
-0.047
-0.049
-0.052
-0.054
-0.057
-0.059
-0.062
-0.066
-0.07
-0.073
-0.077
-0.081
-0.085
-0.091
-0.097
-0.103
-0.109
-0.114
-0.119
-0.125
-0.131
-0.135
-0.138
-0.141
-0.143
-0.145
-0.146
-0.147
