0.108
0.112
0.114
0.115
0.115
0.115
0.116
0.116
0.117
0.117
0.116
0.115
0.114
0.114
0.115
0.116
0.115
0.113
0.109
0.105
0.101
0.097
0.093
0.089
0.084
0.079
0.074
0.07
0.066
0.06
0.053
0.045
0.039
0.034
0.034
0.036
0.038
0.04
0.041
0.043
0.044
0.045
0.046
0.047
0.048
0.047
0.047
0.049
0.052
0.055
0.059
0.061
0.063
0.064
0.065
0.066
0.068
0.071
0.073
0.076
0.081
0.088
0.095
0.099
0.099
0.094
0.086
0.074
0.052
0.017
-0.002
-0.018
-0.018
0.005
0.024
0.04
0.052
0.056
0.057
0.059
0.062
0.067
0.071
0.07
0.065
0.062
0.059
0.056
0.054
0.052
0.05
0.046
0.041
0.035
0.029
0.025
0.021
0.017
0.013
0.009
0.004
0.0
-0.006
-0.012
-0.018
-0.024
-0.029
-0.035
-0.041
-0.048
-0.059
-0.079
-0.091
-0.078
-0.052
-0.035
-0.02
-0.007
0.002
0.005
0.004
0.001
-0.003
-0.009
-0.014
-0.023
-0.031
-0.035
-0.03
-0.018
-0.005
0.003
0.011
0.019
0.026
0.033
0.038
0.043
0.046
0.048
0.051
0.053
0.056
0.06
0.069
0.076
0.077
0.068
0.057
0.048
0.038
0.029
0.025
0.028
0.033
0.04
0.047
0.059
0.058
0.033
-0.037
-0.118
-0.216
-0.319
-0.41
-0.471
-0.495
-0.496
-0.468
-0.388
-0.251
-0.096
0.039
0.087
0.1
0.108
0.114
0.118
0.12
0.121
0.12
0.117
0.112
0.107
0.102
0.097
0.09
0.085
0.081
0.077
0.073
0.069
0.063
0.058
0.053
0.049
0.046
0.043
0.041
0.039
0.037
0.037
0.035
0.032
0.028
0.024
0.02
0.015
0.011
0.007
0.003
-0.001
-0.005
-0.008
-0.01
-0.012
-0.014
-0.018
-0.023
-0.027
-0.032
-0.036
-0.04
-0.042
-0.044
-0.046
-0.047
-0.046
-0.046
-0.045
-0.043
-0.041
-0.038
-0.039
-0.049
-0.063
-0.073
-0.082
-0.091
-0.098
-0.105
-0.109
-0.112
-0.113
-0.113
-0.113
-0.113
-0.113
-0.114
-0.115
-0.116
-0.118
-0.119
-0.121
-0.123
-0.125
-0.126
-0.126
-0.125
-0.124
-0.12
-0.115
-0.11
-0.103
-0.096
-0.089
-0.083
-0.078
-0.074
-0.07
-0.067
-0.064
-0.06
-0.055
-0.051
-0.046
-0.041
-0.037
-0.033
-0.029
-0.025
-0.021
-0.018
-0.015
-0.012
-0.01
-0.009
-0.008
-0.007
-0.007
-0.007
-0.008
-0.009
-0.01
-0.011
-0.012
-0.013
-0.015
-0.016
-0.017
-0.019
-0.019
-0.019
-0.019
-0.019
-0.02
-0.021
-0.023
-0.025
-0.028
-0.03
-0.033
-0.035
-0.037
-0.039
-0.039
-0.039
-0.04
-0.04
-0.041
-0.042
-0.042
-0.041
-0.041
-0.041
-0.044
-0.046
-0.049
-0.05
-0.051
-0.051
-0.051
-0.05
-0.049
-0.046
-0.042
-0.037
-0.032
-0.028
-0.025
-0.02
-0.016
-0.011
-0.007
-0.003
0.0
0.002
0.004
0.007
0.008
0.008
0.008
0.007
0.007
0.007
0.009
0.01
0.012
0.014
0.015
0.017
0.019
0.021
0.021
0.021
0.02
0.018
0.017
0.016
0.019
0.023
0.028
0.032
0.033
0.032
0.03
0.028
0.026
0.023
0.019
0.013
0.008
0.003
-0.001
-0.008
-0.015
-0.023
-0.03
-0.036
-0.04
-0.042
-0.045
-0.05
-0.054
-0.057
-0.06
-0.063
-0.067
-0.071
-0.075
-0.079
-0.082
-0.084
-0.086
-0.088
-0.091
-0.092
-0.094
-0.094
-0.095
-0.096
-0.098
-0.1
-0.104
-0.107
-0.11
-0.112
-0.115
-0.118
-0.12
-0.118
-0.114
-0.108
-0.101
-0.094
-0.087
-0.08
-0.074
-0.07
-0.065
-0.061
-0.058
-0.055
-0.051
-0.047
-0.043
-0.04
-0.037
-0.036
-0.036
-0.038
-0.041
-0.044
-0.049
-0.054
-0.06
-0.067
-0.074
-0.08
-0.086
-0.103
-0.144
-0.213
-0.3
-0.399
-0.498
-0.578
-0.607
-0.607
-0.582
-0.514
-0.403
-0.285
-0.172
-0.064
0.017
0.044
0.058
0.056
0.038
0.015
0.0
-0.012
-0.025
-0.036
-0.045
-0.05
-0.053
-0.055
-0.057
-0.059
-0.06
-0.061
-0.061
-0.061
-0.061
-0.062
-0.064
-0.067
-0.068
-0.069
-0.069
-0.067
-0.065
-0.063
-0.06
-0.057
-0.054
-0.052
-0.051
-0.05
-0.051
-0.053
-0.055
-0.056
-0.057
-0.058
-0.057
-0.055
-0.052
-0.049
-0.045
-0.041
-0.037
-0.034
-0.031
-0.028
-0.025
-0.022
-0.02
-0.017
-0.016
-0.016
-0.015
-0.013
-0.011
-0.009
-0.008
-0.009
-0.01
-0.012
-0.014
-0.016
-0.017
-0.02
-0.024
-0.027
-0.03
-0.033
-0.037
-0.041
-0.044
-0.047
-0.048
-0.048
-0.047
-0.045
-0.042
-0.038
-0.033
-0.027
-0.022
-0.016
-0.012
-0.008
-0.004
0.0
0.006
0.013
0.02
0.026
0.032
0.038
0.047
0.058
0.077
0.109
0.123
0.131
0.136
0.142
0.148
0.157
0.167
0.178
0.19
0.206
0.228
0.253
0.281
0.297
0.309
0.32
0.329
0.336
0.34
0.342
0.341
0.336
0.329
0.32
0.312
0.303
0.293
0.28
0.267
0.255
0.247
0.241
0.236
0.231
0.226
0.22
0.215
0.21
0.204
0.196
0.19
0.186
0.182
0.178
0.174
0.171
0.167
0.162
0.157
0.152
0.147
0.142
0.137
0.133
0.13
0.128
0.126
0.124
0.122
0.12
0.118
0.116
0.113
0.11
0.106
0.101
0.097
0.093
0.09
0.088
0.087
0.085
0.083
0.08
0.077
0.075
0.073
0.07
0.065
0.059
0.054
0.048
0.043
0.039
0.035
0.032
0.03
0.03
0.032
0.035
0.037
0.038
0.038
0.038
0.038
0.038
0.038
0.037
0.037
0.036
0.036
0.038
0.041
0.043
0.045
0.046
0.046
0.046
0.047
0.048
0.048
0.047
0.045
0.043
0.041
0.04
0.038
0.037
0.036
0.036
0.037
0.038
0.04
0.041
0.041
0.041
0.041
0.04
0.038
0.036
0.033
0.031
0.028
0.025
0.022
0.019
0.016
0.014
0.012
0.008
0.003
-0.001
-0.005
-0.006
-0.003
0.001
0.006
0.01
0.012
0.015
0.02
0.025
0.031
0.035
0.037
0.037
0.036
0.035
0.034
0.033
0.032
0.031
0.03
0.029
0.029
0.028
0.026
0.024
0.021
0.018
0.015
0.011
0.007
0.001
-0.008
-0.02
-0.062
-0.131
-0.215
-0.312
-0.411
-0.504
-0.588
-0.656
-0.682
-0.684
-0.661
-0.595
-0.472
-0.331
-0.191
-0.075
-0.023
-0.004
0.002
-0.003
-0.014
-0.024
-0.035
-0.041
-0.035
-0.024
-0.02
-0.016
-0.014
-0.012
-0.011
-0.009
-0.007
-0.005
-0.002
0.0
0.001
0.001
0.001
0.0
-0.001
-0.002
-0.003
-0.005
-0.007
-0.009
-0.011
-0.013
-0.015
-0.019
-0.022
-0.027
-0.03
-0.033
-0.036
-0.04
-0.045
-0.051
-0.057
-0.064
-0.07
-0.076
-0.082
-0.089
-0.096
-0.105
-0.121
-0.153
-0.177
-0.19
-0.198
-0.204
-0.208
-0.213
-0.219
-0.227
-0.235
-0.244
-0.251
-0.258
-0.265
-0.273
-0.281
-0.288
-0.294
-0.298
-0.301
-0.302
-0.304
-0.306
-0.309
-0.312
-0.317
-0.325
-0.307
-0.282
-0.263
-0.263
-0.261
-0.26
-0.26
-0.265
-0.275
-0.283
-0.291
-0.297
-0.296
-0.286
-0.272
-0.249
-0.215
-0.189
-0.173
-0.162
-0.154
-0.151
-0.15
-0.148
-0.147
-0.146
-0.144
-0.144
-0.143
-0.143
-0.142
-0.14
-0.138
-0.136
-0.134
-0.132
-0.129
-0.127
-0.123
-0.117
-0.111
-0.104
-0.09
-0.063
-0.055
-0.051
-0.046
-0.043
-0.04
-0.04
-0.043
-0.048
-0.055
-0.064
-0.078
-0.078
-0.064
-0.042
-0.018
-0.005
0.001
0.006
0.004
-0.006
-0.02
-0.03
-0.04
-0.05
-0.056
-0.057
-0.054
-0.049
-0.042
-0.026
-0.009
-0.003
0.0
0.003
0.004
0.002
-0.003
-0.008
-0.013
-0.019
-0.024
-0.023
-0.012
0.003
0.023
0.049
0.065
0.078
0.09
0.095
0.088
0.072
0.056
0.039
0.032
0.029
0.024
0.019
0.034
0.053
0.069
0.084
0.094
0.102
0.109
0.112
0.11
0.104
0.098
0.094
0.088
0.082
0.077
0.075
0.076
0.078
0.08
0.082
0.083
0.084
0.086
0.089
0.093
0.096
0.098
0.099
0.101
0.102
0.103
0.103
0.101
0.099
0.096
0.094
0.091
0.089
0.086
0.083
0.079
0.076
0.073
0.07
0.066
0.061
0.056
0.051
0.047
0.044
0.043
0.042
0.042
0.042
0.044
0.046
0.049
0.053
0.057
0.06
0.068
0.074
0.074
0.066
0.055
0.047
0.04
0.034
0.029
0.026
0.027
0.03
0.035
0.042
0.05
0.061
0.078
0.085
0.087
0.09
0.093
0.096
0.096
0.09
0.081
0.076
0.072
0.067
0.063
0.06
0.058
0.057
0.057
0.058
0.059
0.061
0.063
0.066
0.07
0.074
0.075
0.068
0.053
0.009
-0.058
-0.156
-0.28
-0.417
-0.543
-0.616
-0.625
-0.591
-0.498
-0.385
-0.274
-0.17
-0.073
-0.031
-0.021
-0.015
-0.008
0.002
0.013
0.023
0.032
0.041
0.048
0.054
0.058
0.06
0.06
0.06
0.062
0.066
0.074
0.073
0.054
0.044
0.036
0.03
0.024
0.02
0.017
0.015
0.012
0.009
0.007
0.006
0.006
0.005
0.005
0.004
0.002
0.0
0.0
0.002
0.006
0.012
0.016
0.021
0.027
0.034
0.038
0.035
0.027
0.017
0.01
0.003
-0.002
-0.006
-0.01
-0.013
-0.015
-0.017
-0.019
-0.02
-0.021
-0.023
-0.025
-0.027
-0.028
-0.028
-0.028
-0.028
-0.028
-0.028
-0.027
-0.025
-0.024
-0.022
-0.02
-0.018
-0.015
-0.01
-0.014
-0.039
-0.059
-0.078
-0.09
-0.093
-0.095
-0.098
-0.103
-0.099
-0.072
-0.028
0.007
0.02
0.028
0.034
0.033
0.024
0.013
0.004
-0.005
-0.015
-0.02
-0.016
-0.003
0.011
0.034
0.063
0.069
0.073
0.077
0.08
0.075
0.064
0.055
0.048
0.042
0.04
0.043
0.049
0.054
0.057
0.06
0.063
0.066
0.069
0.07
0.071
0.071
0.071
0.068
0.064
0.059
0.052
0.044
0.035
0.018
0.008
0.018
0.035
0.046
0.056
0.066
0.074
0.079
0.079
0.076
0.071
0.064
0.057
0.053
0.048
0.043
0.038
0.033
0.029
0.025
0.022
0.019
0.018
0.018
0.018
0.019
0.021
0.024
0.027
0.03
0.033
0.036
0.037
0.039
0.043
0.048
0.053
0.056
0.057
0.054
0.048
0.041
0.035
0.03
0.022
0.012
0.005
0.002
0.003
0.008
0.014
0.021
0.027
0.037
0.047
0.054
0.053
0.048
0.042
0.039
0.036
0.033
0.029
0.026
0.021
0.017
0.013
0.01
0.007
0.004
0.001
-0.001
-0.004
-0.008
-0.013
-0.017
-0.022
-0.027
-0.032
-0.036
-0.039
-0.042
-0.043
-0.045
-0.045
-0.047
-0.049
-0.051
-0.053
-0.055
-0.057
-0.059
-0.061
-0.063
-0.064
-0.064
-0.063
-0.062
-0.062
-0.062
-0.062
-0.063
-0.064
-0.064
-0.065
-0.065
-0.065
-0.064
-0.063
-0.06
-0.058
-0.056
-0.053
-0.051
-0.049
-0.046
-0.043
-0.041
-0.039
-0.037
-0.036
-0.034
-0.032
-0.029
-0.026
-0.023
-0.02
-0.017
-0.014
-0.011
-0.008
-0.005
-0.004
-0.002
-0.001
0.0
0.0
0.001
0.001
0.0
-0.001
-0.003
-0.005
-0.007
-0.01
-0.015
-0.019
-0.025
-0.033
-0.041
-0.09
-0.186
-0.308
-0.433
-0.539
-0.576
-0.589
-0.563
-0.483
-0.381
-0.264
-0.147
-0.041
0.046
0.085
0.1
0.098
0.071
0.046
0.021
0.009
0.016
0.032
0.051
0.072
0.079
0.083
0.086
0.088
0.087
0.079
0.07
0.067
0.066
0.064
0.063
0.061
0.059
0.057
0.054
0.052
0.05
0.048
0.047
0.047
0.048
0.048
0.048
0.048
0.049
0.05
0.051
0.052
0.052
0.051
0.049
0.048
0.048
0.047
0.046
0.045
0.043
0.042
0.042
0.041
0.041
0.04
0.039
0.037
0.036
0.034
0.032
0.029
0.026
0.022
0.02
0.018
0.016
0.014
0.012
0.01
0.009
0.008
0.008
0.007
0.006
0.004
0.003
0.001
0.0
-0.001
-0.003
-0.004
-0.005
-0.006
-0.008
-0.01
-0.013
-0.016
-0.018
-0.022
-0.027
-0.033
-0.037
-0.039
-0.038
-0.035
-0.028
-0.021
-0.013
-0.002
0.014
0.029
0.042
0.052
0.061
0.068
0.071
0.069
0.064
0.061
0.059
0.058
0.057
0.055
0.053
0.05
0.047
0.045
0.042
0.039
0.035
0.033
0.031
0.03
0.028
0.026
0.022
0.016
0.009
0.003
0.001
0.002
0.004
0.006
0.01
0.016
0.026
0.027
0.014
0.005
-0.001
-0.007
-0.012
-0.014
-0.014
-0.013
-0.013
-0.013
-0.011
-0.009
-0.005
0.0
0.003
0.002
-0.002
-0.008
-0.013
-0.019
-0.026
-0.03
-0.029
-0.027
-0.024
-0.022
-0.019
-0.016
-0.013
-0.011
-0.008
-0.006
-0.005
-0.004
-0.003
-0.002
-0.001
-0.001
-0.001
-0.001
-0.002
-0.002
-0.002
-0.002
-0.002
-0.002
-0.001
-0.002
-0.001
-0.002
-0.002
-0.001
-0.001
0.0
0.0
0.0
0.0
0.0
0.0
0.0
0.0
-0.001
-0.002
-0.003
-0.003
-0.002
0.0
0.001
0.003
0.006
0.01
0.015
0.004
-0.004
-0.01
-0.016
-0.019
-0.021
-0.02
-0.018
-0.016
-0.014
-0.012
-0.007
-0.004
-0.013
-0.029
-0.037
-0.044
-0.05
-0.055
-0.058
-0.061
-0.062
-0.063
-0.062
-0.061
-0.058
-0.055
-0.052
-0.047
-0.042
-0.034
-0.026
-0.022
-0.024
-0.029
-0.034
-0.039
-0.044
-0.051
-0.055
-0.055
-0.048
-0.036
-0.026
-0.019
-0.013
-0.006
0.0
0.005
0.009
0.012
0.013
0.012
0.011
0.01
0.008
0.006
0.002
-0.002
-0.007
-0.011
-0.015
-0.019
-0.024
-0.03
-0.036
-0.04
-0.044
-0.051
-0.062
-0.105
-0.197
-0.306
-0.413
-0.502
-0.549
-0.564
-0.546
-0.493
-0.405
-0.306
-0.213
-0.134
-0.067
-0.005
0.029
0.049
0.063
0.072
0.072
0.06
0.041
0.016
-0.013
-0.018
-0.02
-0.021
-0.022
-0.023
-0.024
-0.024
-0.024
-0.025
-0.025
-0.025
-0.025
-0.024
-0.022
-0.021
-0.02
-0.02
-0.021
-0.02
-0.02
-0.022
-0.033
-0.044
-0.049
-0.053
-0.056
-0.058
-0.061
-0.063
-0.066
-0.069
-0.072
-0.074
-0.077
-0.08
-0.082
-0.082
-0.083
-0.084
-0.085
-0.087
-0.09
-0.095
-0.107
-0.113
-0.11
-0.104
-0.101
-0.098
-0.096
-0.095
-0.095
-0.096
-0.1
-0.104
-0.109
-0.113
-0.116
-0.119
-0.123
-0.127
-0.129
-0.132
-0.135
-0.138
-0.141
-0.143
-0.145
-0.146
-0.145
-0.144
-0.144
-0.144
-0.145
-0.147
-0.154
-0.158
-0.153
-0.139
-0.114
-0.097
-0.094
-0.093
-0.092
-0.091
-0.09
-0.088
-0.085
-0.082
-0.078
-0.073
-0.068
-0.061
-0.047
-0.02
-0.01
-0.006
-0.002
0.0
0.003
0.006
0.009
0.012
0.015
0.017
0.018
0.019
0.018
0.018
0.017
0.016
0.016
0.017
0.02
0.023
0.024
0.021
0.017
0.012
0.008
0.005
0.002
0.0
-0.004
-0.009
-0.012
-0.015
-0.017
-0.018
-0.019
-0.02
-0.021
-0.023
-0.025
-0.031
-0.038
-0.038
-0.031
-0.023
-0.019
-0.016
-0.014
-0.012
-0.01
-0.007
-0.004
-0.001
0.0
0.001
0.0
0.0
0.0
0.0
-0.001
-0.001
-0.003
-0.004
-0.005
-0.004
-0.004
-0.004
-0.006
-0.007
-0.004
-0.001
0.0
0.002
0.003
0.003
0.003
0.002
0.0
0.0
-0.002
-0.005
-0.01
-0.015
-0.016
-0.01
-0.003
0.0
0.003
0.005
0.008
0.011
0.014
0.018
0.021
0.024
0.026
0.028
0.03
0.032
0.034
0.038
0.046
0.053
0.052
0.04
0.026
0.013
-0.001
-0.013
-0.018
-0.023
-0.031
-0.04
-0.023
0.007
0.022
0.023
0.024
0.025
0.026
0.027
0.023
0.016
0.009
0.001
-0.008
-0.015
-0.015
-0.008
0.0
0.002
0.005
0.009
0.013
0.016
0.018
0.02
0.021
0.023
0.026
0.028
0.03
0.031
0.031
0.032
0.034
0.037
0.039
0.041
0.041
0.041
0.041
0.043
0.045
0.047
0.048
0.05
0.051
0.053
0.055
0.058
0.06
0.061
0.062
0.063
0.065
0.067
0.069
0.075
0.084
0.072
0.037
-0.033
-0.127
-0.241
-0.36
-0.465
-0.544
-0.571
-0.561
-0.528
-0.441
-0.317
-0.167
-0.02
0.102
0.148
0.163
0.138
0.114
0.096
0.089
0.092
0.098
0.106
0.115
0.103
0.089
0.076
0.074
0.081
0.088
0.093
0.098
0.1
0.095
0.082
0.068
0.058
0.045
0.034
0.028
0.032
0.043
0.054
0.062
0.072
0.083
0.089
0.091
0.088
0.084
0.078
0.069
0.055
0.049
0.044
0.038
0.037
0.043
0.046
0.048
0.05
0.053
0.054
0.055
0.056
0.057
0.058
0.059
0.059
0.057
0.054
0.05
0.047
0.044
0.041
0.038
0.035
0.03
0.02
0.012
0.009
0.007
0.003
-0.001
-0.001
0.005
0.01
0.014
0.018
0.02
0.02
0.016
0.008
-0.001
-0.015
-0.035
-0.044
-0.053
-0.061
-0.036
-0.017
-0.008
0.0
0.006
0.011
0.017
0.021
0.025
0.03
0.035
0.039
0.046
0.055
0.066
0.077
0.089
0.097
0.104
0.11
0.115
0.12
0.123
0.126
0.129
0.131
0.134
0.14
0.145
0.145
0.135
0.121
0.107
0.089
0.081
0.078
0.074
0.068
0.071
0.095
0.114
0.129
0.141
0.146
0.143
0.135
0.124
0.106
0.082
0.073
0.069
0.064
0.061
0.06
0.058
0.057
0.054
0.052
0.049
0.048
0.046
0.046
0.045
0.043
0.041
0.038
0.036
0.035
0.034
0.033
0.032
0.031
0.03
0.03
0.031
0.032
0.031
0.03
0.028
0.027
0.027
0.028
0.03
0.032
0.034
0.035
0.036
0.038
0.039
0.04
0.04
0.037
0.033
0.027
0.022
0.018
0.016
0.015
0.013
0.011
0.009
0.008
0.007
0.006
0.005
0.004
0.002
0.001
0.001
0.001
0.002
0.003
0.004
0.004
0.004
0.005
0.006
0.007
0.007
0.006
0.004
0.003
0.001
0.0
0.0
0.0
-0.001
0.0
0.0
0.001
0.003
0.004
0.004
0.003
0.002
0.001
0.0
-0.003
-0.006
-0.008
-0.01
-0.011
-0.012
-0.014
-0.015
-0.016
-0.017
-0.02
-0.024
-0.03
-0.034
-0.037
-0.036
-0.032
-0.026
-0.019
-0.012
-0.004
0.005
0.016
0.024
0.03
0.033
0.035
0.036
0.037
0.039
0.042
0.046
0.048
0.051
0.052
0.053
0.055
0.057
0.058
0.059
0.06
0.061
0.066
0.072
0.078
0.079
0.077
0.072
0.066
0.06
0.051
0.046
0.053
0.066
0.074
0.081
0.088
0.092
0.092
0.088
0.08
0.066
0.021
-0.051
-0.153
-0.282
-0.433
-0.582
-0.681
-0.715
-0.683
-0.587
-0.439
-0.292
-0.169
-0.077
-0.017
0.012
0.03
0.042
0.054
0.068
0.089
0.116
0.134
0.147
0.147
0.129
0.108
0.087
0.076
0.068
0.062
0.057
0.055
0.058
0.063
0.068
0.073
0.079
0.085
0.09
0.092
0.09
0.086
0.08
0.075
0.072
0.069
0.067
0.064
0.061
0.059
0.057
0.056
0.053
0.05
0.047
0.045
0.043
0.041
0.038
0.035
0.03
0.026
0.02
0.012
-0.004
-0.015
-0.017
-0.019
-0.021
-0.023
-0.026
-0.023
-0.014
-0.007
0.0
0.007
0.007
-0.001
-0.012
-0.017
-0.021
-0.025
-0.03
-0.035
-0.041
-0.046
-0.05
-0.053
-0.056
-0.059
-0.062
-0.064
-0.067
-0.069
-0.074
-0.081
-0.088
-0.09
-0.087
-0.081
-0.074
-0.068
-0.063
-0.058
-0.053
-0.045
-0.035
-0.024
-0.013
-0.005
0.001
0.01
0.019
0.028
0.033
0.034
0.029
0.021
0.012
0.003
-0.007
-0.027
-0.04
-0.031
-0.014
-0.003
0.006
0.017
0.025
0.028
0.025
0.02
0.015
0.011
0.008
0.006
0.003
0.0
-0.002
-0.004
-0.006
-0.008
-0.01
-0.012
-0.014
-0.015
-0.015
-0.015
-0.016
-0.018
-0.02
-0.022
-0.023
-0.024
-0.025
-0.027
-0.029
-0.031
-0.034
-0.043
-0.05
-0.05
-0.041
-0.03
-0.023
-0.015
-0.008
-0.002
0.0
0.0
-0.004
-0.011
-0.019
-0.028
-0.041
-0.053
-0.053
-0.041
-0.024
-0.013
