0.003
0.005
0.006
0.008
0.009
0.011
0.012
0.014
0.016
0.024
0.051
0.067
0.082
0.094
0.105
0.115
0.142
0.186
0.248
0.33
0.43
0.542
0.656
0.752
0.81
0.829
0.819
0.791
0.726
0.642
0.541
0.436
0.337
0.252
0.194
0.172
0.156
0.14
0.125
0.116
0.112
0.11
0.107
0.105
0.104
0.103
0.103
0.102
0.103
0.105
0.109
0.114
0.12
0.126
0.131
0.134
0.136
0.138
0.139
0.14
0.141
0.142
0.143
0.145
0.145
0.146
0.147
0.149
0.151
0.152
0.153
0.154
0.154
0.155
0.156
0.157
0.158
0.16
0.162
0.164
0.165
0.166
0.167
0.168
0.17
0.172
0.174
0.175
0.176
0.177
0.178
0.179
0.178
0.177
0.175
0.172
0.168
0.165
0.161
0.156
0.151
0.146
0.139
0.124
0.113
0.104
0.096
0.087
0.076
0.063
0.056
0.052
0.048
0.045
0.043
0.04
0.038
0.035
0.032
0.029
0.027
0.025
0.024
0.023
0.021
0.019
0.018
0.015
0.012
0.009
0.007
0.007
0.009
0.013
0.018
0.023
0.028
0.034
0.04
0.045
0.045
0.041
0.033
0.024
0.012
-0.005
-0.022
-0.029
-0.032
-0.035
-0.038
-0.04
-0.042
-0.042
-0.043
-0.043
-0.043
-0.044
-0.044
-0.043
-0.042
-0.041
-0.041
-0.04
-0.038
-0.036
-0.035
-0.034
-0.033
-0.034
-0.034
-0.034
-0.033
-0.034
-0.034
-0.035
-0.036
-0.037
-0.037
-0.037
-0.037
-0.039
-0.04
-0.041
-0.043
-0.044
-0.046
-0.049
-0.051
-0.053
-0.054
-0.055
-0.057
-0.059
-0.062
-0.064
-0.066
-0.069
-0.072
-0.075
-0.078
-0.08
-0.082
-0.084
-0.085
-0.086
-0.086
-0.086
-0.084
-0.083
-0.082
-0.08
-0.079
-0.079
-0.078
-0.077
-0.076
-0.074
-0.072
-0.07
-0.068
-0.066
-0.064
-0.062
-0.059
-0.057
-0.049
-0.028
0.014
0.073
0.15
0.246
0.353
0.453
0.532
0.57
0.582
0.569
0.529
0.462
0.377
0.28
0.178
0.085
0.012
-0.037
-0.068
-0.093
-0.112
-0.132
-0.143
-0.15
-0.156
-0.16
-0.164
-0.166
-0.166
-0.163
-0.159
-0.153
-0.147
-0.141
-0.136
-0.13
-0.124
-0.118
-0.113
-0.108
-0.105
-0.102
-0.101
-0.099
-0.096
-0.093
-0.091
-0.088
-0.084
-0.08
-0.076
-0.072
-0.067
-0.062
-0.054
-0.045
-0.03
-0.017
-0.005
0.008
0.024
0.046
0.056
0.063
0.068
0.071
0.074
0.078
0.081
0.084
0.087
0.09
0.092
0.094
0.096
0.098
0.101
0.106
0.11
0.112
0.111
0.107
0.1
0.092
0.083
0.069
0.054
0.036
0.027
0.021
0.016
0.011
0.007
0.004
0.001
0.0
-0.002
-0.004
-0.005
-0.006
-0.006
-0.006
-0.006
-0.007
-0.007
-0.007
-0.006
-0.005
-0.005
-0.006
-0.007
-0.005
0.0
0.005
0.01
0.013
0.015
0.017
0.019
0.021
0.024
0.026
0.027
0.028
0.029
0.03
0.03
0.029
0.028
0.028
0.029
0.03
0.03
0.031
0.032
0.034
0.035
0.037
0.038
0.039
0.04
0.04
0.04
0.041
0.043
0.045
0.047
0.051
0.056
0.061
0.066
0.071
0.077
0.083
0.089
0.097
0.11
0.124
0.14
0.149
0.156
0.162
0.167
0.172
0.176
0.179
0.181
0.183
0.185
0.186
0.187
0.188
0.19
0.193
0.195
0.197
0.198
0.195
0.189
0.181
0.172
0.163
0.151
0.14
0.132
0.127
0.124
0.122
0.121
0.12
0.119
0.119
0.118
0.117
0.117
0.116
0.115
0.115
0.115
0.116
0.117
0.118
0.12
0.122
0.125
0.128
0.13
0.134
0.138
0.161
0.213
0.295
0.403
0.525
0.647
0.753
0.829
0.854
0.848
0.828
0.759
0.666
0.552
0.426
0.307
0.215
0.153
0.121
0.093
0.065
0.043
0.027
0.012
0.004
0.0
-0.005
-0.009
-0.013
-0.017
-0.021
-0.026
-0.03
-0.033
-0.036
-0.038
-0.04
-0.041
-0.041
-0.041
-0.042
-0.042
-0.043
-0.044
-0.045
-0.045
-0.046
-0.046
-0.047
-0.048
-0.049
-0.05
-0.052
-0.054
-0.056
-0.059
-0.063
-0.068
-0.075
-0.082
-0.089
-0.093
-0.095
-0.097
-0.099
-0.101
-0.103
-0.105
-0.106
-0.106
-0.107
-0.108
-0.109
-0.11
-0.11
-0.112
-0.113
-0.114
-0.116
-0.119
-0.123
-0.127
-0.132
-0.136
-0.14
-0.146
-0.152
-0.158
-0.164
-0.167
-0.17
-0.173
-0.175
-0.178
-0.18
-0.183
-0.184
-0.186
-0.187
-0.187
-0.188
-0.188
-0.187
-0.187
-0.187
-0.187
-0.187
-0.186
-0.185
-0.183
-0.182
-0.18
-0.178
-0.177
-0.175
-0.174
-0.172
-0.171
-0.169
-0.168
-0.166
-0.164
-0.162
-0.16
-0.158
-0.156
-0.153
-0.15
-0.147
-0.145
-0.143
-0.142
-0.14
-0.139
-0.137
-0.136
-0.135
-0.134
-0.134
-0.134
-0.133
-0.131
-0.129
-0.128
-0.127
-0.127
-0.126
-0.125
-0.123
-0.122
-0.12
-0.118
-0.116
-0.113
-0.111
-0.108
-0.106
-0.103
-0.1
-0.096
-0.093
-0.091
-0.09
-0.088
-0.087
-0.085
-0.083
-0.081
-0.08
-0.078
-0.073
-0.067
-0.065
-0.069
-0.078
-0.087
-0.094
-0.102
-0.109
-0.113
-0.113
-0.107
-0.098
-0.09
-0.086
-0.084
-0.081
-0.079
-0.077
-0.076
-0.074
-0.073
-0.071
-0.07
-0.068
-0.067
-0.066
-0.066
-0.066
-0.067
-0.067
-0.067
-0.066
-0.065
-0.064
-0.062
-0.059
-0.054
-0.044
-0.031
-0.016
0.006
0.038
0.095
0.176
0.286
0.425
0.582
0.739
0.87
0.937
0.936
0.865
0.707
0.514
0.328
0.184
0.098
0.053
0.023
-0.009
-0.045
-0.077
-0.098
-0.104
-0.108
-0.11
-0.111
-0.113
-0.113
-0.113
-0.113
-0.113
-0.111
-0.109
-0.105
-0.101
-0.096
-0.092
-0.088
-0.084
-0.08
-0.075
-0.07
-0.065
-0.06
-0.054
-0.049
-0.045
-0.042
-0.039
-0.038
-0.036
-0.034
-0.032
-0.03
-0.029
-0.027
-0.025
-0.023
-0.02
-0.017
-0.014
-0.012
-0.009
-0.006
-0.003
-0.001
0.0
0.001
0.003
0.005
0.007
0.01
0.013
0.016
0.019
0.023
0.027
0.029
0.031
0.031
0.031
0.03
0.027
0.023
0.018
0.012
0.007
0.002
-0.001
-0.004
-0.007
-0.01
-0.013
-0.015
-0.019
-0.022
-0.026
-0.03
-0.034
-0.038
-0.042
-0.045
-0.047
-0.048
-0.048
-0.047
-0.045
-0.043
-0.041
-0.039
-0.037
-0.034
-0.033
-0.031
-0.03
-0.029
-0.027
-0.026
-0.024
-0.022
-0.02
-0.019
-0.018
-0.018
-0.018
-0.017
-0.017
-0.017
-0.017
-0.016
-0.016
-0.017
-0.016
-0.015
-0.014
-0.012
-0.011
-0.01
-0.009
-0.009
-0.008
-0.007
-0.006
-0.004
-0.003
-0.001
0.0
0.0
0.001
0.003
0.004
0.005
0.007
0.008
0.01
0.011
0.011
0.013
0.014
0.015
0.016
0.017
0.018
0.019
0.02
0.021
0.022
0.022
0.023
0.023
0.023
0.022
0.021
0.019
0.016
0.014
0.011
0.009
0.006
0.003
0.0
-0.002
-0.004
-0.007
-0.011
-0.018
-0.024
-0.028
-0.028
-0.024
-0.017
-0.01
-0.004
0.0
0.007
0.015
0.022
0.027
0.027
0.024
0.019
0.014
0.009
0.005
0.0
-0.005
-0.01
-0.014
-0.014
-0.012
-0.007
-0.001
0.007
0.025
0.055
0.101
0.175
0.281
0.418
0.576
0.736
0.87
0.936
0.934
0.863
0.724
0.553
0.378
0.238
0.142
0.081
0.03
-0.002
-0.018
-0.027
-0.035
-0.041
-0.046
-0.049
-0.051
-0.052
-0.052
-0.051
-0.05
-0.047
-0.044
-0.039
-0.034
-0.029
-0.026
-0.021
-0.013
-0.005
-0.001
0.001
0.004
0.007
0.009
0.012
0.015
0.019
0.022
0.026
0.032
0.037
0.043
0.047
0.052
0.057
0.061
0.065
0.069
0.072
0.074
0.076
0.078
0.078
0.079
0.081
0.084
0.087
0.09
0.089
0.085
0.079
0.074
0.071
0.069
0.066
0.063
0.06
0.056
0.052
0.049
0.045
0.041
0.037
0.033
0.029
0.024
0.019
0.01
0.001
-0.006
-0.012
-0.018
-0.023
-0.029
-0.036
-0.043
-0.05
-0.058
-0.065
-0.07
-0.074
-0.079
-0.083
-0.086
-0.088
-0.089
-0.09
-0.091
-0.092
-0.093
-0.094
-0.095
-0.096
-0.097
-0.098
-0.099
-0.1
-0.102
-0.103
-0.105
-0.106
-0.107
-0.108
-0.109
-0.11
-0.111
-0.112
-0.115
-0.117
-0.118
-0.115
-0.109
-0.102
-0.095
-0.091
-0.088
-0.085
-0.082
-0.079
-0.076
-0.074
-0.072
-0.071
-0.069
-0.067
-0.066
-0.065
-0.064
-0.064
-0.063
-0.063
-0.062
-0.061
-0.06
-0.059
-0.058
-0.057
-0.056
-0.055
-0.053
-0.051
-0.048
-0.045
-0.042
-0.04
-0.037
-0.035
-0.032
-0.029
-0.028
-0.026
-0.025
-0.023
-0.021
-0.018
-0.017
-0.017
-0.02
-0.023
-0.027
-0.03
-0.032
-0.036
-0.04
-0.043
-0.045
-0.045
-0.041
-0.036
-0.03
-0.027
-0.024
-0.022
-0.019
-0.016
-0.013
-0.011
-0.01
-0.009
-0.007
-0.006
-0.005
-0.005
-0.005
-0.005
-0.005
-0.005
-0.005
-0.006
-0.006
-0.006
-0.006
-0.006
-0.005
-0.004
-0.002
0.006
0.04
0.09
0.162
0.26
0.385
0.529
0.684
0.829
0.938
0.982
0.938
0.805
0.606
0.391
0.211
0.097
0.05
0.035
0.022
0.011
0.003
-0.005
-0.011
-0.013
-0.014
-0.015
-0.017
-0.018
-0.019
-0.02
-0.021
-0.022
-0.022
-0.023
-0.023
-0.023
-0.023
-0.022
-0.023
-0.024
-0.026
-0.028
-0.021
-0.009
-0.002
0.001
0.005
0.009
0.012
0.016
0.019
0.022
0.024
0.026
0.028
0.031
0.036
0.046
0.059
0.073
0.086
0.099
0.104
0.107
0.11
0.113
0.115
0.118
0.119
0.12
0.122
0.123
0.124
0.125
0.124
0.124
0.124
0.124
0.124
0.124
0.124
0.124
0.124
0.125
0.127
0.124
0.117
0.11
0.103
0.094
0.083
0.077
0.073
0.069
0.066
0.063
0.06
0.058
0.056
0.055
0.053
0.051
0.048
0.045
0.038
0.023
0.012
0.006
0.0
-0.005
-0.009
-0.014
-0.017
-0.012
-0.003
0.004
0.012
0.018
0.022
0.025
0.027
0.029
0.031
0.033
0.034
0.036
0.037
0.037
0.037
0.037
0.037
0.036
0.035
0.033
0.031
0.03
0.028
0.028
0.027
0.027
0.026
0.024
0.023
0.023
0.024
0.028
0.031
0.034
0.035
0.037
0.038
0.04
0.041
0.042
0.044
0.045
0.047
0.049
0.051
0.052
0.053
0.054
0.055
0.057
0.059
0.062
0.066
0.075
0.079
0.081
0.083
0.085
0.087
0.088
0.088
0.087
0.084
0.08
0.076
0.072
0.068
0.064
0.06
0.056
0.053
0.051
0.048
0.046
0.044
0.042
0.041
0.041
0.043
0.045
0.048
0.05
0.052
0.053
0.055
0.057
0.059
0.06
0.061
0.062
0.062
0.062
0.062
0.061
0.059
0.057
0.056
0.054
0.052
0.05
0.048
0.045
0.042
0.04
0.042
0.046
0.054
0.076
0.112
0.168
0.249
0.358
0.492
0.642
0.794
0.921
0.992
0.995
0.942
0.795
0.604
0.41
0.251
0.14
0.069
0.026
0.005
0.0
-0.004
-0.01
-0.015
-0.022
-0.036
-0.058
-0.072
-0.08
-0.085
-0.085
-0.079
-0.072
-0.066
-0.06
-0.054
-0.048
-0.043
-0.036
-0.028
-0.025
-0.023
-0.022
-0.02
-0.019
-0.022
-0.029
-0.039
-0.049
-0.054
-0.058
-0.06
-0.056
-0.048
-0.037
-0.019
-0.005
0.004
0.01
0.014
0.016
0.018
0.019
0.021
0.023
0.025
0.028
0.031
0.035
0.04
0.045
0.053
0.06
0.065
0.069
0.073
0.076
0.079
0.081
0.083
0.083
0.082
0.08
0.076
0.072
0.063
0.048
0.037
0.03
0.024
0.018
0.013
0.009
0.005
0.001
-0.002
-0.006
-0.011
-0.018
-0.023
-0.028
-0.032
-0.034
-0.037
-0.039
-0.042
-0.045
-0.049
-0.055
-0.064
-0.07
-0.073
-0.076
-0.078
-0.078
-0.076
-0.075
-0.075
-0.075
-0.074
-0.074
-0.074
-0.073
-0.073
-0.073
-0.072
-0.07
-0.069
-0.069
-0.068
-0.067
-0.067
-0.066
-0.064
-0.063
-0.062
-0.06
-0.058
-0.054
-0.051
-0.049
-0.05
-0.051
-0.053
-0.054
-0.056
-0.059
-0.061
-0.061
-0.059
-0.054
-0.049
-0.042
-0.033
-0.028
-0.025
-0.023
-0.021
-0.018
-0.016
-0.013
-0.011
-0.009
-0.007
-0.004
0.0
0.009
0.013
0.014
0.015
0.016
0.017
0.018
0.019
0.02
0.02
0.02
0.019
0.018
0.016
0.013
0.01
0.008
0.005
0.002
0.0
-0.002
-0.004
-0.007
-0.01
-0.013
-0.016
-0.018
-0.02
-0.021
-0.021
-0.021
-0.02
-0.018
-0.016
-0.012
-0.009
-0.005
0.0
0.012
0.024
0.034
0.041
0.046
0.049
0.051
0.052
0.054
0.055
0.056
0.056
0.057
0.058
0.059
0.06
0.061
0.064
0.073
0.095
0.129
0.179
0.247
0.339
0.455
0.592
0.739
0.877
0.978
1.011
0.957
0.821
0.633
0.434
0.268
0.158
0.104
0.082
0.068
0.042
0.008
-0.026
-0.042
-0.048
-0.05
-0.048
-0.042
-0.035
-0.027
-0.025
-0.023
-0.022
-0.022
-0.022
-0.025
-0.027
-0.029
-0.031
-0.033
-0.034
-0.035
-0.036
-0.036
-0.034
-0.031
-0.028
-0.025
-0.023
-0.021
-0.018
-0.016
-0.014
-0.012
-0.01
-0.009
-0.008
-0.006
-0.004
-0.002
0.0
0.004
0.012
0.019
0.027
0.035
0.043
0.054
0.064
0.068
0.07
0.071
0.072
0.073
0.074
0.074
0.074
0.074
0.073
0.073
0.072
0.071
0.069
0.067
0.064
0.059
0.046
0.038
0.034
0.03
0.027
0.023
0.019
0.014
0.006
-0.012
-0.021
-0.024
-0.026
-0.029
-0.031
-0.032
-0.033
-0.035
-0.037
-0.038
-0.039
-0.04
-0.04
-0.04
-0.04
-0.039
-0.038
-0.037
-0.036
-0.035
-0.034
-0.033
-0.032
-0.032
-0.032
-0.031
-0.03
-0.029
-0.028
-0.026
-0.025
-0.024
-0.023
-0.022
-0.02
-0.019
-0.017
-0.016
-0.015
-0.014
-0.013
-0.012
-0.01
-0.009
-0.007
-0.006
-0.004
-0.003
0.0
0.003
0.006
0.007
0.007
0.006
0.005
0.004
0.004
0.003
0.001
0.0
-0.001
0.0
0.005
0.009
0.013
0.015
0.018
0.02
0.021
0.021
0.02
0.017
0.014
0.01
0.007
0.002
-0.001
-0.004
-0.005
-0.003
0.0
0.003
0.008
0.017
0.023
0.027
0.03
0.032
0.032
0.028
0.022
0.016
0.009
0.001
-0.005
-0.014
-0.024
-0.027
-0.029
-0.031
-0.032
-0.028
-0.021
-0.011
-0.001
0.003
0.006
0.007
0.009
0.01
0.011
0.011
0.012
0.011
0.011
0.01
0.008
0.006
0.003
0.0
-0.002
-0.009
-0.012
-0.011
-0.006
0.007
0.032
0.069
0.123
0.197
0.293
0.415
0.559
0.718
0.866
0.965
0.987
0.917
0.764
0.565
0.367
0.203
0.088
0.024
-0.007
-0.034
-0.057
-0.064
-0.068
-0.071
-0.074
-0.077
-0.079
-0.081
-0.082
-0.083
-0.085
-0.086
-0.087
-0.088
-0.088
-0.088
-0.089
-0.089
-0.088
-0.086
-0.084
-0.082
-0.08
-0.077
-0.075
-0.07
-0.066
-0.061
-0.056
-0.053
-0.05
-0.048
-0.047
-0.046
-0.044
-0.043
-0.042
-0.04
-0.038
-0.037
-0.035
-0.033
-0.031
-0.029
-0.027
-0.024
-0.015
-0.002
0.004
0.008
0.011
0.014
0.017
0.02
0.022
0.025
0.026
0.028
0.029
0.03
0.032
0.033
0.035
0.037
0.039
0.04
0.04
0.04
0.039
0.037
0.034
0.029
0.02
0.002
-0.015
-0.031
-0.043
-0.052
-0.06
-0.066
-0.071
-0.073
-0.069
-0.063
-0.059
-0.056
-0.053
-0.051
-0.049
-0.048
-0.048
-0.049
-0.05
-0.05
-0.05
-0.051
-0.053
-0.055
-0.056
-0.056
-0.054
-0.05
-0.046
-0.039
-0.036
-0.033
-0.031
-0.029
-0.027
-0.025
-0.022
-0.018
-0.015
-0.013
-0.009
-0.006
-0.003
-0.001
-0.001
-0.001
-0.002
-0.003
-0.005
-0.006
-0.009
-0.011
-0.009
-0.005
-0.002
0.0
0.001
0.003
0.004
0.004
0.002
0.0
-0.002
-0.006
-0.012
-0.013
-0.009
-0.006
-0.005
-0.004
-0.003
-0.002
-0.001
0.0
0.001
0.002
0.004
0.005
0.007
0.009
0.015
0.025
0.042
0.07
0.113
0.177
0.267
0.387
0.534
0.693
0.837
0.934
0.957
0.898
0.764
0.578
0.384
0.227
0.132
0.084
0.062
0.049
0.037
0.022
-0.009
-0.048
-0.083
-0.107
-0.117
-0.117
-0.112
-0.098
-0.076
-0.049
-0.041
-0.04
-0.039
-0.037
-0.037
-0.037
-0.038
-0.04
-0.041
-0.043
-0.044
-0.045
-0.046
-0.048
-0.048
-0.047
-0.045
-0.041
-0.036
-0.03
-0.02
-0.013
-0.008
-0.004
0.0
0.002
0.005
0.007
0.01
0.012
0.015
0.017
0.02
0.022
0.025
0.029
0.035
0.036
0.034
0.032
0.03
0.038
0.045
0.05
0.054
0.058
0.062
0.066
0.072
0.08
0.08
0.071
0.059
0.041
0.026
0.017
0.01
0.005
-0.001
-0.01
-0.018
-0.023
-0.025
-0.028
-0.03
-0.032
-0.034
-0.035
-0.037
-0.039
-0.041
-0.044
-0.05
-0.052
-0.053
-0.055
-0.057
-0.057
-0.052
-0.045
-0.032
-0.022
-0.017
-0.013
-0.014
-0.018
-0.025
-0.031
-0.038
-0.042
-0.043
-0.044
-0.044
-0.045
-0.045
-0.043
-0.038
-0.031
-0.019
-0.012
-0.009
-0.006
-0.004
-0.003
-0.004
-0.007
-0.011
-0.015
-0.018
-0.022
-0.025
-0.028
-0.031
-0.033
-0.036
-0.038
-0.04
-0.042
-0.044
-0.046
-0.048
-0.049
-0.05
-0.051
-0.052
-0.052
-0.053
-0.054
-0.055
-0.055
-0.056
-0.057
-0.06
-0.058
-0.049
-0.042
-0.036
-0.031
-0.029
-0.029
-0.029
-0.029
-0.028
-0.027
-0.026
-0.026
-0.026
-0.026
-0.026
-0.027
-0.027
-0.027
-0.028
-0.03
-0.03
-0.03
-0.027
-0.024
-0.02
-0.017
-0.015
-0.011
-0.007
-0.003
0.001
0.005
0.009
0.014
0.02
0.023
0.025
0.027
0.03
0.033
0.033
0.027
0.023
0.018
0.015
0.017
0.022
0.027
0.032
0.039
0.047
0.06
0.072
0.076
0.079
0.082
0.083
0.083
0.081
0.079
0.076
0.073
0.069
0.065
0.06
0.054
0.049
0.045
0.042
0.039
0.036
0.034
0.033
0.033
0.033
0.033
0.033
0.031
0.032
0.039
0.045
0.05
0.055
0.059
0.062
0.065
0.07
0.072
0.069
0.063
0.059
0.054
0.051
0.048
0.048
0.051
0.055
0.061
0.081
0.129
0.2
0.301
0.436
0.6
0.779
0.944
1.039
1.044
0.978
0.82
0.622
0.428
0.267
0.163
0.098
0.047
0.007
-0.016
-0.023
-0.028
-0.03
-0.033
-0.035
-0.038
-0.041
-0.045
-0.048
-0.048
-0.045
-0.041
-0.039
-0.037
-0.036
-0.036
-0.035
-0.035
-0.034
-0.032
-0.031
-0.029
-0.029
-0.028
-0.027
-0.026
-0.025
-0.023
-0.021
-0.019
-0.016
-0.01
-0.004
0.0
0.004
0.011
0.022
0.028
0.031
0.034
0.039
0.044
0.05
0.054
0.058
0.062
0.066
0.071
0.075
0.078
0.08
0.082
0.084
0.086
0.088
0.09
0.091
0.091
0.092
0.092
0.092
0.091
0.09
0.088
0.086
0.084
0.081
0.078
0.074
0.063
0.056
0.05
0.045
0.038
0.031
0.025
0.018
0.011
0.004
-0.003
-0.011
-0.015
-0.016
-0.017
-0.018
-0.019
-0.02
-0.02
-0.021
-0.023
-0.026
-0.029
-0.033
-0.036
-0.038
-0.04
-0.043
-0.045
-0.047
-0.048
-0.049
-0.05
-0.049
-0.049
-0.048
-0.047
-0.046
-0.045
-0.044
-0.043
-0.042
-0.041
-0.04
-0.039
-0.038
-0.036
-0.035
-0.034
-0.034
-0.033
-0.033
-0.034
-0.034
-0.035
-0.035
-0.035
-0.035
-0.035
-0.035
-0.034
-0.034
-0.033
-0.032
-0.032
-0.032
-0.032
-0.033
-0.033
-0.033
-0.033
-0.033
-0.032
-0.032
-0.031
-0.029
-0.028
-0.026
-0.024
-0.022
-0.016
-0.01
-0.004
0.002
0.006
0.01
0.014
0.016
0.018
0.018
0.017
0.015
0.013
0.01
0.006
0.0
-0.009
-0.02
-0.026
-0.031
-0.035
-0.038
-0.04
-0.04
-0.038
-0.036
-0.033
-0.031
-0.029
-0.028
-0.027
-0.024
-0.022
-0.021
-0.02
-0.019
-0.018
-0.016
-0.016
-0.016
-0.017
-0.018
-0.02
-0.021
-0.021
-0.022
-0.022
-0.024
-0.025
-0.027
-0.028
-0.031
-0.037
-0.04
-0.038
-0.03
-0.006
0.03
0.093
0.184
0.3
0.436
0.585
0.73
0.842
0.887
0.841
0.708
0.515
0.308
0.137
0.028
-0.008
-0.02
-0.029
-0.035
-0.047
-0.067
-0.092
-0.107
-0.112
-0.116
-0.118
-0.115
-0.109
-0.104
-0.101
-0.098
-0.095
-0.095
-0.097
-0.1
-0.102
-0.105
-0.11
-0.113
-0.109
-0.101
-0.094
-0.087
-0.081
-0.076
-0.071
-0.068
-0.065
-0.063
-0.059
-0.056
-0.052
-0.048
-0.043
-0.036
-0.023
-0.015
-0.005
0.012
0.026
0.033
0.039
0.045
0.05
0.054
0.058
0.061
0.065
0.068
0.073
0.078
0.083
0.088
0.093
0.099
0.102
0.102
0.1
0.095
0.09
0.085
0.078
0.073
0.067
0.062
0.056
0.051
0.045
0.039
0.032
0.018
0.0
-0.01
-0.015
-0.02
-0.022
-0.024
-0.024
-0.023
-0.023
-0.022
-0.021
-0.019
-0.019
-0.023
-0.025
-0.026
-0.028
-0.029
-0.03
-0.031
-0.031
-0.032
-0.032
-0.032
-0.032
-0.032
-0.031
-0.031
-0.03
-0.03
-0.027
-0.018
-0.01
-0.003
0.0
0.003
0.004
0.004
0.005
0.006
0.006
0.007
0.007
0.007
0.006
0.005
0.004
0.002
0.0
-0.001
-0.004
-0.007
-0.011
-0.013
-0.011
-0.007
-0.002
0.001
0.006
0.01
0.011
0.01
0.008
0.005
0.004
0.001
0.0
-0.001
-0.001
0.0
0.004
0.009
0.019
0.03
0.035
0.038
0.04
0.041
0.039
0.035
0.029
0.019
0.004
-0.002
-0.006
-0.01
-0.012
-0.013
-0.012
-0.011
-0.009
-0.008
-0.007
-0.005
-0.004
-0.003
-0.001
-0.001
-0.002
-0.004
-0.005
-0.006
-0.007
-0.009
-0.01
-0.012
-0.013
-0.014
-0.012
-0.01
-0.007
-0.004
-0.003
0.0
0.002
0.005
0.007
0.008
0.008
0.007
0.006
0.005
0.004
0.002
0.0
0.0
0.007
0.017
0.032
0.06
0.106
0.177
0.275
0.397
0.536
0.683
0.816
0.887
0.887
0.815
0.66
0.469
0.289
0.159
0.086
0.053
0.037
0.014
-0.018
-0.056
-0.089
-0.107
-0.114
-0.107
-0.097
-0.086
-0.08
-0.076
-0.073
-0.072
-0.073
-0.074
-0.076
-0.077
-0.08
-0.078
-0.069
-0.063
-0.058
-0.054
-0.051
-0.048
-0.045
-0.042
-0.039
-0.036
-0.032
-0.028
-0.021
-0.014
-0.008
-0.001
0.004
0.008
0.01
0.011
0.012
0.014
0.015
0.017
0.019
0.022
0.026
0.03
0.039
0.052
0.061
0.068
0.076
0.085
0.092
0.094
0.096
0.097
0.098
0.098
0.098
0.098
0.096
0.093
0.09
0.088
0.085
0.082
0.079
0.076
0.073
0.069
0.063
0.054
0.044
0.03
0.015
0.006
0.001
-0.003
-0.007
-0.01
-0.013
-0.014
-0.016
-0.018
-0.019
-0.02
-0.021
-0.02
-0.018
-0.017
-0.015
-0.013
-0.011
-0.009
-0.007
-0.005
-0.004
-0.004
-0.003
-0.002
-0.001
0.0
0.0
0.0
0.0
0.0
0.0
0.0
0.001
0.001
0.001
0.0
0.0
0.001
0.001
0.002
0.002
0.002
0.002
0.002
0.004
0.005
0.006
0.007
0.007
0.007
0.007
0.007
0.007
0.006
0.005
0.003
0.002
0.001
0.0
-0.001
-0.003
-0.005
-0.007
-0.007
-0.003
0.001
0.005
0.008
0.01
0.013
0.015
0.018
0.02
0.022
0.022
0.021
0.02
0.018
0.015
0.012
0.009
0.006
0.003
0.0
-0.002
-0.005
-0.008
-0.01
-0.013
-0.016
-0.018
-0.02
-0.022
-0.023
-0.023
-0.022
-0.022
-0.021
-0.021
-0.021
-0.02
-0.02
-0.02
-0.02
-0.021
-0.021
-0.022
-0.021
-0.02
-0.017
-0.015
-0.012
-0.007
-0.007
-0.015
-0.021
-0.025
-0.029
-0.032
-0.033
-0.032
-0.029
-0.024
-0.017
-0.005
0.015
0.046
0.09
0.157
0.251
0.374
0.52
0.683
0.842
0.96
1.004
0.962
0.833
0.639
0.429
0.25
0.123
0.049
0.016
-0.001
-0.031
-0.069
-0.091
-0.098
-0.101
-0.1
-0.096
-0.091
-0.086
-0.081
-0.077
-0.073
-0.07
-0.068
-0.067
-0.066
-0.065
-0.065
-0.065
-0.065
-0.064
-0.063
-0.062
-0.06
-0.059
-0.059
-0.058
-0.057
-0.056
-0.055
-0.054
-0.052
-0.049
-0.044
-0.037
-0.031
-0.024
-0.018
-0.01
0.0
0.006
0.012
0.018
0.024
0.027
0.03
0.032
0.033
0.034
0.036
0.037
0.039
0.042
0.046
0.05
0.056
0.068
0.087
0.095
0.1
0.104
0.106
0.105
0.102
0.095
0.088
0.081
0.072
0.063
0.057
0.051
0.041
0.024
0.012
0.005
0.001
-0.001
-0.003
-0.004
-0.004
-0.005
-0.005
-0.006
-0.007
-0.008
-0.008
-0.009
-0.01
-0.01
-0.011
-0.011
-0.011
-0.011
-0.011
-0.011
-0.012
-0.012
-0.012
-0.013
-0.015
-0.016
-0.016
-0.016
-0.014
-0.013
-0.012
-0.012
-0.011
-0.011
-0.011
-0.01
-0.009
-0.009
-0.009
-0.009
-0.009
-0.008
-0.007
-0.005
-0.005
-0.004
-0.004
-0.004
-0.002
-0.001
0.0
0.001
0.002
