0.015
0.001
-0.009
-0.015
-0.018
-0.021
-0.023
-0.025
-0.026
-0.027
-0.028
-0.029
-0.032
-0.035
-0.039
-0.042
-0.047
-0.053
-0.058
-0.062
-0.066
-0.075
-0.084
-0.087
-0.089
-0.09
-0.091
-0.09
-0.087
-0.084
-0.079
-0.068
-0.054
-0.044
-0.039
-0.035
-0.033
-0.037
-0.044
-0.052
-0.061
-0.07
-0.079
-0.087
-0.081
-0.064
-0.016
0.069
0.196
0.359
0.549
0.694
0.748
0.67
0.468
0.198
-0.063
-0.249
-0.312
-0.314
-0.264
-0.203
-0.178
-0.169
-0.166
-0.169
-0.176
-0.183
-0.193
-0.201
-0.208
-0.213
-0.216
-0.217
-0.213
-0.208
-0.202
-0.195
-0.187
-0.178
-0.17
-0.163
-0.157
-0.152
-0.149
-0.143
-0.136
-0.13
-0.126
-0.124
-0.122
-0.12
-0.116
-0.112
-0.106
-0.098
-0.086
-0.077
-0.055
-0.022
0.011
0.032
0.04
0.049
0.059
0.074
0.09
0.107
0.121
0.132
0.14
0.152
0.17
0.193
0.204
0.206
0.208
0.208
0.203
0.2
0.198
0.197
0.195
0.193
0.191
0.189
0.187
0.184
0.179
0.171
0.164
0.159
0.155
0.149
0.142
0.131
0.117
0.107
0.102
0.099
0.095
0.093
0.09
0.086
0.081
0.089
0.103
0.119
0.128
0.132
0.135
0.137
0.139
0.14
0.143
0.144
0.145
0.147
0.149
0.152
0.159
0.172
0.194
0.225
0.275
0.354
0.469
0.616
0.789
0.938
1.012
0.967
0.788
0.511
0.214
-0.019
-0.159
-0.191
-0.14
-0.051
0.025
0.051
0.059
0.062
0.06
0.055
0.04
0.02
-0.003
-0.012
-0.016
-0.019
-0.011
-0.002
0.006
0.013
0.02
0.027
0.037
0.045
0.05
0.054
0.058
0.061
0.065
0.067
0.07
0.072
0.074
0.076
0.078
0.08
0.081
0.082
0.083
0.084
0.084
0.084
0.085
0.086
0.087
0.089
0.09
0.092
0.093
0.094
0.096
0.097
0.099
0.101
0.103
0.103
0.103
0.101
0.098
0.093
0.084
0.068
0.057
0.047
0.035
0.025
0.016
0.01
0.006
0.004
0.002
0.001
0.0
0.0
0.0
0.0
0.0
0.001
0.002
0.004
0.007
0.009
0.005
-0.001
-0.006
-0.009
-0.012
-0.015
-0.018
-0.02
-0.022
-0.024
-0.026
-0.028
-0.03
-0.035
-0.047
-0.058
-0.064
-0.068
-0.071
-0.074
-0.075
-0.077
-0.08
-0.084
-0.088
-0.092
-0.096
-0.101
-0.105
-0.107
-0.109
-0.112
-0.116
-0.12
-0.12
-0.116
-0.113
-0.111
-0.108
-0.105
-0.1
-0.096
-0.094
-0.091
-0.089
-0.087
-0.085
-0.083
-0.083
-0.083
-0.082
-0.082
-0.083
-0.085
-0.087
-0.09
-0.092
-0.094
-0.095
-0.098
-0.101
-0.104
-0.105
-0.105
-0.105
-0.105
-0.104
-0.104
-0.104
-0.102
-0.107
-0.114
-0.119
-0.112
-0.105
-0.101
-0.098
-0.095
-0.095
-0.096
-0.097
-0.099
-0.1
-0.102
-0.103
-0.105
-0.107
-0.109
-0.109
-0.109
-0.109
-0.109
-0.108
-0.106
-0.1
-0.075
-0.021
0.067
0.191
0.351
0.535
0.727
0.881
0.937
0.867
0.666
0.375
0.066
-0.173
-0.277
-0.285
-0.224
-0.142
-0.088
-0.082
-0.101
-0.128
-0.14
-0.145
-0.144
-0.134
-0.12
-0.103
-0.084
-0.074
-0.069
-0.072
-0.085
-0.097
-0.107
-0.114
-0.113
-0.106
-0.096
-0.082
-0.072
-0.067
-0.063
-0.06
-0.059
-0.056
-0.053
-0.056
-0.06
-0.064
-0.051
-0.029
-0.013
-0.007
-0.004
0.0
0.008
0.02
0.035
0.045
0.051
0.058
0.065
0.072
0.079
0.084
0.089
0.093
0.101
0.115
0.131
0.146
0.154
0.158
0.162
0.164
0.165
0.163
0.159
0.154
0.149
0.144
0.138
0.132
0.127
0.123
0.118
0.113
0.106
0.102
0.105
0.113
0.122
0.132
0.139
0.145
0.149
0.155
0.163
0.17
0.177
0.181
0.179
0.176
0.174
0.172
0.17
0.172
0.176
0.178
0.18
0.181
0.183
0.185
0.188
0.193
0.211
0.251
0.325
0.44
0.591
0.762
0.921
1.046
1.079
1.019
0.854
0.624
0.38
0.18
0.057
0.022
0.02
0.05
0.083
0.112
0.126
0.138
0.14
0.125
0.101
0.09
0.087
0.087
0.086
0.085
0.084
0.083
0.083
0.082
0.081
0.081
0.08
0.08
0.081
0.081
0.082
0.082
0.082
0.081
0.08
0.08
0.085
0.092
0.096
0.1
0.103
0.106
0.109
0.111
0.114
0.117
0.124
0.138
0.151
0.159
0.165
0.17
0.175
0.181
0.183
0.181
0.176
0.164
0.142
0.129
0.12
0.113
0.106
0.095
0.085
0.082
0.079
0.076
0.073
0.069
0.062
0.05
0.04
0.034
0.028
0.022
0.013
0.004
0.002
0.001
0.0
-0.001
-0.002
-0.003
-0.003
-0.004
-0.004
-0.005
-0.006
-0.008
-0.009
-0.01
-0.012
-0.017
-0.018
-0.013
-0.009
-0.007
-0.005
-0.004
-0.002
-0.001
0.0
0.001
0.004
0.01
0.023
0.05
0.099
0.17
0.267
0.399
0.558
0.733
0.873
0.943
0.892
0.708
0.425
0.127
-0.111
-0.245
-0.28
-0.24
-0.179
-0.125
-0.102
-0.094
-0.088
-0.083
-0.077
-0.07
-0.07
-0.076
-0.085
-0.097
-0.107
-0.114
-0.119
-0.123
-0.124
-0.126
-0.127
-0.128
-0.129
-0.129
-0.129
-0.128
-0.126
-0.124
-0.121
-0.117
-0.113
-0.106
-0.099
-0.093
-0.086
-0.078
-0.066
-0.051
-0.033
-0.025
-0.021
-0.018
-0.016
-0.014
-0.013
-0.011
-0.01
-0.009
-0.008
-0.007
-0.006
-0.005
-0.005
-0.004
-0.001
0.002
0.004
0.001
-0.004
-0.014
-0.029
-0.041
-0.051
-0.06
-0.071
-0.088
-0.101
-0.108
-0.113
-0.114
-0.116
-0.117
-0.117
-0.118
-0.118
-0.119
-0.119
-0.12
-0.121
-0.121
-0.122
-0.122
-0.123
-0.124
-0.124
-0.125
-0.127
-0.129
-0.129
-0.126
-0.121
-0.115
-0.106
-0.1
-0.091
-0.08
-0.071
-0.065
-0.062
-0.064
-0.067
-0.071
-0.075
-0.074
-0.061
-0.025
0.036
0.127
0.25
0.407
0.571
0.71
0.768
0.697
0.497
0.202
-0.109
-0.345
-0.442
-0.445
-0.367
-0.259
-0.206
-0.189
-0.199
-0.209
-0.218
-0.222
-0.22
-0.216
-0.208
-0.198
-0.19
-0.185
-0.186
-0.195
-0.208
-0.221
-0.227
-0.231
-0.232
-0.228
-0.219
-0.204
-0.185
-0.175
-0.17
-0.165
-0.16
-0.156
-0.147
-0.135
-0.123
-0.11
-0.097
-0.084
-0.06
-0.037
-0.028
-0.025
-0.022
-0.02
-0.016
-0.01
0.0
0.011
0.017
0.02
0.024
0.028
0.033
0.039
0.046
0.047
0.042
0.029
0.003
-0.004
-0.01
-0.015
-0.02
-0.025
-0.027
-0.024
-0.016
0.007
0.043
0.08
0.109
0.126
0.144
0.158
0.166
0.173
0.173
0.167
0.156
0.143
0.131
0.124
0.12
0.117
0.113
0.116
0.119
0.121
0.116
0.111
0.108
0.106
0.104
0.102
0.1
0.099
0.098
0.095
0.093
0.092
0.093
0.096
0.1
0.106
0.117
0.134
0.149
0.162
0.169
0.174
0.176
0.175
0.171
0.164
0.154
0.138
0.127
0.12
0.113
0.105
0.098
0.091
0.087
0.087
0.092
0.099
0.105
0.113
0.117
0.116
0.113
0.109
0.105
0.1
0.093
0.072
0.052
0.047
0.044
0.041
0.037
0.034
0.031
0.029
0.026
0.024
0.022
0.02
0.018
0.017
0.015
0.014
0.012
0.009
0.003
-0.008
-0.022
-0.037
-0.054
-0.066
-0.072
-0.077
-0.079
-0.078
-0.077
-0.075
-0.073
-0.072
-0.075
-0.082
-0.086
-0.089
-0.091
-0.093
-0.095
-0.097
-0.099
-0.101
-0.102
-0.103
-0.107
-0.113
-0.1
-0.059
0.025
0.158
0.332
0.537
0.721
0.822
0.822
0.722
0.491
0.208
-0.057
-0.245
-0.314
-0.317
-0.264
-0.182
-0.117
-0.075
-0.061
-0.059
-0.064
-0.076
-0.097
-0.115
-0.119
-0.122
-0.124
-0.124
-0.124
-0.123
-0.121
-0.119
-0.116
-0.113
-0.111
-0.107
-0.104
-0.103
-0.104
-0.106
-0.109
-0.113
-0.118
-0.127
-0.13
-0.133
-0.136
-0.129
-0.12
-0.112
-0.103
-0.095
-0.088
-0.082
-0.076
-0.072
-0.069
-0.067
-0.064
-0.062
-0.059
-0.056
-0.053
-0.05
-0.041
-0.028
-0.02
-0.015
-0.01
-0.006
-0.003
-0.001
0.0
0.002
0.004
0.003
0.001
-0.001
-0.006
-0.01
-0.014
-0.019
-0.025
-0.03
-0.035
-0.039
-0.042
-0.044
-0.046
-0.049
-0.051
-0.052
-0.051
-0.05
-0.049
-0.048
-0.047
-0.047
-0.047
-0.046
-0.045
-0.044
-0.044
-0.044
-0.043
-0.042
-0.041
-0.04
-0.04
-0.039
-0.039
-0.039
-0.038
-0.035
-0.032
-0.028
-0.011
0.017
0.068
0.143
0.253
0.402
0.582
0.748
0.81
0.797
0.672
0.447
0.19
-0.027
-0.149
-0.18
-0.14
-0.082
-0.051
-0.041
-0.053
-0.068
-0.08
-0.088
-0.094
-0.099
-0.102
-0.102
-0.097
-0.091
-0.084
-0.076
-0.069
-0.065
-0.06
-0.056
-0.054
-0.054
-0.055
-0.057
-0.058
-0.06
-0.061
-0.063
-0.063
-0.062
-0.059
-0.055
-0.051
-0.047
-0.04
-0.033
-0.028
-0.023
-0.014
0.0
0.017
0.033
0.045
0.055
0.067
0.082
0.099
0.107
0.113
0.117
0.116
0.112
0.104
0.093
0.073
0.057
0.047
0.039
0.035
0.026
0.011
-0.009
-0.025
-0.032
-0.037
-0.041
-0.046
-0.051
-0.059
-0.067
-0.057
-0.046
-0.037
-0.038
-0.048
-0.054
-0.059
-0.064
-0.067
-0.069
-0.068
-0.067
-0.064
-0.061
-0.058
-0.055
-0.051
-0.047
-0.043
-0.038
-0.034
-0.031
-0.028
-0.025
-0.023
-0.02
-0.018
-0.017
-0.016
-0.015
-0.012
-0.001
0.045
0.118
0.224
0.363
0.53
0.689
0.814
0.86
0.804
0.638
0.402
0.149
-0.062
-0.209
-0.262
-0.237
-0.167
-0.096
-0.049
-0.033
-0.04
-0.051
-0.064
-0.08
-0.092
-0.097
-0.1
-0.103
-0.104
-0.102
-0.099
-0.095
-0.093
-0.091
-0.089
-0.087
-0.085
-0.083
-0.081
-0.078
-0.077
-0.074
-0.072
-0.068
-0.059
-0.043
-0.036
-0.032
-0.029
-0.026
-0.023
-0.019
-0.014
-0.008
-0.002
0.002
0.011
0.023
0.034
0.043
0.05
0.059
0.069
