-0.131
-0.149
-0.169
-0.192
-0.21
-0.228
-0.246
-0.269
-0.285
-0.295
-0.303
-0.312
-0.319
-0.326
-0.333
-0.34
-0.348
-0.355
-0.362
-0.366
-0.37
-0.375
-0.381
-0.384
-0.384
-0.374
-0.358
-0.331
-0.291
-0.254
-0.222
-0.194
-0.165
-0.136
-0.109
-0.086
-0.06
-0.042
-0.034
-0.027
-0.018
-0.008
0.0
0.011
0.025
0.036
0.045
0.05
0.055
0.059
0.062
0.064
0.066
0.068
0.069
0.07
0.069
0.069
0.068
0.069
0.069
0.071
0.072
0.073
0.072
0.071
0.07
0.069
0.068
0.064
0.061
0.063
0.068
0.071
0.075
0.079
0.08
0.079
0.07
0.06
0.051
0.044
0.037
0.028
0.021
0.015
0.013
0.015
0.019
0.025
0.029
0.032
0.035
0.04
0.045
0.05
0.052
0.053
0.051
0.048
0.043
0.039
0.034
0.027
0.015
0.005
0.001
-0.002
-0.006
-0.013
-0.012
0.005
0.016
0.025
0.033
0.04
0.043
0.042
0.038
0.034
0.03
0.025
0.018
0.013
0.014
0.021
0.029
0.034
0.037
0.041
0.045
0.049
0.053
0.056
0.058
0.059
0.06
0.059
0.058
0.055
0.052
0.047
0.042
0.035
0.026
-0.016
-0.101
-0.238
-0.437
-0.678
-0.936
-1.193
-1.365
-1.423
-1.321
-1.092
-0.754
-0.393
-0.078
0.138
0.24
0.251
0.202
0.136
0.112
0.104
0.108
0.117
0.121
0.124
0.126
0.128
0.13
0.131
0.133
0.136
0.137
0.139
0.139
0.138
0.136
0.134
0.13
0.126
0.122
0.117
0.112
0.108
0.104
0.097
0.088
0.079
0.07
0.062
0.057
0.054
0.051
0.047
0.043
0.04
0.037
0.034
0.031
0.028
0.025
0.022
0.019
0.016
0.012
0.006
-0.007
-0.02
-0.032
-0.051
-0.08
-0.099
-0.11
-0.121
-0.133
-0.146
-0.159
-0.173
-0.187
-0.2
-0.212
-0.223
-0.233
-0.244
-0.255
-0.265
-0.274
-0.283
-0.291
-0.298
-0.305
-0.312
-0.321
-0.328
-0.331
-0.328
-0.318
-0.305
-0.282
-0.244
-0.202
-0.166
-0.11
-0.059
-0.025
0.007
0.029
0.037
0.041
0.044
0.046
0.049
0.051
0.054
0.058
0.064
0.07
0.078
0.084
0.089
0.093
0.097
0.103
0.108
0.114
0.118
0.121
0.122
0.122
0.122
0.122
0.122
0.121
0.12
0.118
0.117
0.116
0.116
0.116
0.115
0.112
0.106
0.099
0.093
0.089
0.085
0.081
0.077
0.073
0.072
0.071
0.071
0.071
0.072
0.074
0.076
0.077
0.078
0.08
0.081
0.084
0.088
0.092
0.093
0.088
0.08
0.074
0.069
0.065
0.06
0.055
0.051
0.048
0.045
0.045
0.047
0.05
0.055
0.061
0.067
0.073
0.078
0.083
0.09
0.095
0.099
0.1
0.1
0.097
0.092
0.087
0.082
0.077
0.073
0.067
0.062
0.057
0.055
0.055
0.056
0.06
0.065
0.071
0.081
0.099
0.113
0.125
0.136
0.134
0.12
0.081
0.01
-0.104
-0.267
-0.468
-0.707
-0.977
-1.214
-1.354
-1.357
-1.231
-0.913
-0.508
-0.107
0.186
0.328
0.347
0.3
0.203
0.13
0.099
0.091
0.085
0.082
0.08
0.08
0.081
0.081
0.082
0.084
0.085
0.085
0.087
0.088
0.089
0.09
0.091
0.091
0.09
0.087
0.084
0.08
0.075
0.069
0.062
0.053
0.038
0.025
0.013
0.008
0.004
0.0
-0.002
-0.004
-0.005
-0.007
-0.009
-0.011
-0.013
-0.015
-0.017
-0.018
-0.019
-0.021
-0.025
-0.029
-0.034
-0.046
-0.075
-0.099
-0.117
-0.137
-0.153
-0.165
-0.176
-0.186
-0.197
-0.212
-0.231
-0.249
-0.266
-0.284
-0.303
-0.321
-0.336
-0.344
-0.348
-0.351
-0.354
-0.356
-0.357
-0.358
-0.357
-0.353
-0.346
-0.336
-0.319
-0.286
-0.249
-0.216
-0.185
-0.158
-0.137
-0.108
-0.072
-0.037
-0.016
-0.005
0.003
0.014
0.025
0.035
0.041
0.047
0.052
0.058
0.063
0.066
0.068
0.07
0.071
0.073
0.074
0.074
0.074
0.074
0.075
0.078
0.081
0.081
0.071
0.06
0.054
0.05
0.046
0.043
0.04
0.037
0.033
0.03
0.028
0.026
0.026
0.025
0.024
0.024
0.023
0.023
0.023
0.023
0.023
0.022
0.02
0.019
0.018
0.017
0.015
0.013
0.011
0.008
0.006
0.005
0.003
0.001
-0.001
-0.004
-0.007
-0.011
-0.018
-0.025
-0.029
-0.026
-0.019
-0.011
-0.004
0.002
0.008
0.013
0.016
0.017
0.017
0.018
0.017
0.016
0.014
0.017
0.035
0.043
0.048
0.052
0.055
0.058
0.061
0.064
0.066
0.068
0.068
0.068
0.067
0.066
0.063
0.06
0.056
0.05
0.045
0.02
-0.027
-0.116
-0.252
-0.443
-0.681
-0.921
-1.152
-1.28
-1.286
-1.189
-0.952
-0.641
-0.302
-0.057
0.116
0.188
0.195
0.16
0.104
0.085
0.086
0.1
0.107
0.112
0.116
0.119
0.121
0.121
0.122
0.122
0.123
0.122
0.121
0.119
0.116
0.112
0.108
0.106
0.102
0.099
0.095
0.092
0.091
0.094
0.1
0.106
0.112
0.119
0.129
0.138
0.139
0.133
0.124
0.115
0.104
0.09
0.073
0.055
0.037
0.028
0.022
0.019
0.016
0.015
0.014
0.012
0.011
0.008
0.005
0.002
-0.002
-0.009
-0.018
-0.037
-0.071
-0.095
-0.114
-0.135
-0.162
-0.193
-0.214
-0.23
-0.237
-0.24
-0.243
-0.245
-0.246
-0.247
-0.248
-0.249
-0.248
-0.247
-0.244
-0.241
-0.236
-0.23
-0.218
-0.195
-0.172
-0.147
-0.12
-0.09
-0.057
-0.027
0.001
0.028
0.049
0.064
0.079
0.094
0.107
0.111
0.113
0.114
0.115
0.117
0.118
0.12
0.12
0.122
0.123
0.125
0.127
0.128
0.129
0.131
0.135
0.139
0.141
0.14
0.135
0.129
0.124
0.119
0.114
0.112
0.113
0.114
0.115
0.117
0.12
0.122
0.115
0.102
0.093
0.088
0.083
0.079
0.075
0.071
0.067
0.063
0.06
0.057
0.054
0.051
0.049
0.046
0.043
0.04
0.038
0.036
0.034
0.033
0.031
0.03
0.029
0.028
0.027
0.026
0.026
0.025
0.024
0.021
0.019
0.017
0.015
0.014
0.012
0.012
0.012
0.014
0.017
0.02
0.023
0.025
0.028
0.029
0.03
0.032
0.033
0.033
0.034
0.035
0.036
0.039
0.042
0.046
0.05
0.052
0.053
0.054
0.054
0.052
0.05
0.047
0.042
0.036
0.028
0.021
0.012
-0.029
-0.13
-0.289
-0.492
-0.743
-1.019
-1.252
-1.378
-1.377
-1.244
-0.956
-0.594
-0.246
0.014
0.168
0.2
0.195
0.134
0.091
0.078
0.071
0.067
0.062
0.056
0.056
0.072
0.096
0.115
0.122
0.128
0.131
0.124
0.111
0.102
0.096
0.092
0.088
0.085
0.082
0.079
0.077
0.075
0.073
0.071
0.068
0.065
0.061
0.057
0.052
0.048
0.044
0.039
0.034
0.03
0.026
0.023
0.021
0.018
0.015
0.013
0.011
0.009
0.007
0.004
0.001
-0.001
-0.005
-0.01
-0.015
-0.024
-0.036
-0.052
-0.07
-0.091
-0.107
-0.128
-0.153
-0.173
-0.188
-0.206
-0.219
-0.231
-0.239
-0.245
-0.248
-0.251
-0.253
-0.255
-0.257
-0.259
-0.259
-0.258
-0.256
-0.252
-0.246
-0.24
-0.226
-0.202
-0.181
-0.159
-0.133
-0.107
-0.079
-0.057
-0.04
-0.019
0.006
0.03
0.048
0.061
0.077
0.083
0.087
0.09
0.093
0.097
0.099
0.101
0.103
0.105
0.105
0.105
0.105
0.104
0.102
0.1
0.097
0.095
0.093
