0.25
0.3
0.352
0.407
0.432
0.444
0.451
0.456
0.463
0.471
0.5
0.557
0.63
0.705
0.769
0.789
0.799
0.792
0.746
0.678
0.599
0.522
0.453
0.391
0.343
0.326
0.327
0.344
0.351
0.353
0.355
0.358
0.36
0.362
0.363
0.365
0.367
0.369
0.371
0.372
0.373
0.373
0.373
0.373
0.374
0.374
0.375
0.376
0.376
0.377
0.377
0.378
0.379
0.379
0.38
0.38
0.38
0.381
0.38
0.38
0.38
0.379
0.378
0.377
0.376
0.374
0.372
0.371
0.369
0.367
0.365
0.363
0.361
0.359
0.357
0.355
0.353
0.352
0.35
0.349
0.347
0.346
0.344
0.342
0.341
0.339
0.337
0.335
0.333
0.331
0.329
0.327
0.325
0.323
0.321
0.318
0.316
0.313
0.311
0.308
0.304
0.3
0.296
0.29
0.285
0.28
0.275
0.27
0.266
0.262
0.258
0.255
0.251
0.246
0.242
0.237
0.233
0.23
0.227
0.225
0.223
0.222
0.22
0.219
0.218
0.217
0.217
0.216
0.216
0.217
0.217
0.219
0.22
0.221
0.223
0.224
0.224
0.224
0.224
0.224
0.223
0.222
0.221
0.22
0.218
0.216
0.213
0.208
0.196
0.183
0.167
0.154
0.141
0.129
0.115
0.103
0.095
0.089
0.085
0.081
0.077
0.074
0.071
0.069
0.068
0.066
0.066
0.065
0.065
0.064
0.064
0.063
0.062
0.06
0.059
0.065
0.082
0.129
0.187
0.256
0.327
0.395
0.437
0.451
0.438
0.401
0.335
0.256
0.175
0.097
0.029
-0.027
-0.042
-0.047
-0.05
-0.029
-0.02
-0.018
-0.015
-0.014
-0.012
-0.01
-0.008
-0.006
-0.003
-0.002
0.0
0.0
0.001
0.002
0.003
0.004
0.005
0.006
0.007
0.008
0.008
0.009
0.01
0.01
0.011
0.011
0.011
0.011
0.011
0.011
0.011
0.01
0.009
0.008
0.008
0.007
0.006
0.005
0.004
0.003
0.002
0.001
0.0
0.0
0.0
-0.001
-0.001
-0.002
-0.002
-0.002
-0.001
-0.001
-0.001
0.0
0.0
0.001
0.002
0.003
0.005
0.006
0.008
0.01
0.011
0.013
0.014
0.015
0.016
0.017
0.018
0.019
0.021
0.022
0.023
0.025
0.027
0.034
0.038
0.036
0.032
0.03
0.029
0.028
0.026
0.025
0.023
0.022
0.02
0.019
0.018
0.016
0.015
0.013
0.012
0.01
0.009
0.007
0.006
0.005
0.005
0.005
0.005
0.006
0.007
0.009
