-0.075
-0.08
-0.085
-0.089
-0.093
-0.097
-0.1
-0.104
-0.107
-0.112
-0.12
-0.126
-0.126
-0.12
-0.108
-0.077
-0.008
0.085
0.197
0.303
0.373
0.397
0.386
0.351
0.268
0.176
0.076
-0.02
-0.087
-0.114
-0.123
-0.128
-0.131
-0.135
-0.139
-0.143
-0.147
-0.152
-0.158
-0.163
-0.164
-0.16
-0.155
-0.153
-0.152
-0.151
-0.15
-0.149
-0.148
-0.147
-0.146
-0.145
-0.143
-0.142
-0.14
-0.138
-0.138
-0.137
-0.136
-0.135
-0.133
-0.132
-0.13
-0.128
-0.126
-0.123
-0.121
-0.118
-0.116
-0.114
-0.112
-0.11
-0.108
-0.105
-0.103
-0.101
-0.1
-0.098
-0.096
-0.093
-0.09
-0.085
-0.08
-0.074
-0.068
-0.063
-0.058
-0.053
-0.048
-0.044
-0.041
-0.038
-0.034
-0.03
-0.026
-0.022
-0.017
-0.011
-0.002
0.003
0.002
-0.004
-0.014
-0.022
-0.03
-0.036
-0.042
-0.048
-0.053
-0.056
-0.059
-0.061
-0.063
-0.065
-0.066
-0.068
-0.07
-0.071
-0.073
-0.074
-0.074
-0.074
-0.073
-0.072
-0.071
-0.069
-0.067
-0.065
-0.063
-0.061
-0.058
-0.056
-0.053
-0.048
-0.035
-0.022
-0.011
-0.003
0.003
0.009
0.013
0.015
0.017
0.019
0.02
0.021
0.022
0.024
0.026
0.028
0.029
0.031
0.033
0.035
0.037
0.039
0.042
0.046
0.053
0.06
0.063
0.062
0.059
0.056
0.054
0.052
0.05
0.049
0.052
0.058
0.063
0.067
0.07
0.073
0.076
0.078
0.08
0.082
0.082
0.082
0.08
0.078
0.076
0.073
0.07
0.068
0.065
0.062
0.059
0.056
0.053
0.051
0.048
0.046
0.043
0.04
0.036
0.03
0.025
0.023
0.023
0.024
0.025
0.026
0.028
0.03
0.031
0.028
0.024
0.022
0.021
0.02
0.019
0.017
0.015
0.012
0.01
0.007
0.005
0.002
-0.001
-0.005
-0.013
-0.021
-0.026
-0.031
-0.035
-0.039
-0.043
-0.047
-0.049
-0.052
-0.054
-0.056
-0.06
-0.06
-0.051
-0.026
0.005
0.058
0.135
0.225
0.317
0.401
0.466
0.499
0.502
0.481
0.414
0.306
0.19
0.093
0.012
-0.05
-0.068
-0.074
-0.064
-0.056
-0.052
-0.048
-0.046
-0.043
-0.04
-0.037
-0.035
-0.032
-0.027
-0.02
-0.009
-0.008
-0.008
-0.007
-0.005
-0.004
-0.003
-0.004
-0.005
-0.006
-0.008
-0.01
-0.013
-0.004
0.002
0.005
0.008
0.01
0.012
0.014
0.015
0.016
0.017
0.019
0.021
0.024
0.03
0.036
0.042
0.049
0.055
0.06
0.065
0.073
0.088
0.098
0.102
0.105
0.11
0.115
0.12
0.124
0.129
0.137
0.147
0.156
0.164
0.174
0.184
0.185
0.186
0.188
0.189
0.189
0.185
0.178
0.171
0.163
0.156
0.15
0.145
0.14
0.135
0.13
0.124
0.118
0.11
0.097
0.087
0.074
0.055
0.045
0.04
0.037
0.033
0.03
0.027
0.025
0.024
0.022
0.02
0.018
0.013
0.0
-0.008
-0.01
-0.013
-0.014
-0.016
-0.017
-0.019
-0.02
-0.021
-0.021
-0.022
-0.022
-0.022
-0.022
-0.022
-0.022
-0.022
-0.022
-0.022
-0.022
-0.022
-0.023
-0.024
-0.023
-0.021
-0.018
-0.014
-0.009
-0.005
0.0
0.005
0.008
0.008
0.006
0.002
0.0
-0.003
-0.006
-0.009
-0.011
-0.012
-0.013
-0.012
-0.012
-0.011
-0.009
-0.007
-0.01
-0.013
-0.016
-0.012
-0.006
-0.002
-0.002
-0.011
-0.016
-0.019
-0.023
-0.025
-0.027
-0.029
-0.031
-0.032
-0.034
-0.037
-0.041
-0.049
-0.057
-0.059
-0.061
-0.06
-0.05
-0.043
-0.038
-0.033
-0.03
-0.029
-0.031
-0.035
-0.038
-0.043
-0.05
-0.053
-0.055
-0.057
-0.049
-0.041
-0.036
-0.032
-0.031
-0.033
-0.036
-0.038
-0.04
-0.041
-0.042
-0.044
-0.045
-0.048
-0.05
-0.052
-0.054
-0.057
-0.061
-0.067
-0.077
-0.081
-0.082
-0.084
-0.085
-0.086
-0.086
-0.087
-0.087
-0.086
-0.084
-0.081
-0.078
-0.073
-0.064
-0.046
-0.015
0.033
0.096
0.174
0.265
0.354
0.406
0.41
0.377
0.286
0.166
0.058
0.003
-0.015
-0.023
-0.027
-0.041
-0.083
-0.134
-0.17
-0.181
-0.174
-0.152
-0.126
-0.116
-0.112
-0.11
-0.108
-0.107
-0.107
-0.107
-0.108
-0.109
-0.111
-0.113
-0.117
-0.123
-0.115
-0.108
-0.104
-0.099
-0.092
-0.085
-0.078
-0.069
-0.065
-0.068
-0.073
-0.076
-0.08
-0.083
-0.084
-0.084
-0.082
-0.078
-0.073
-0.066
-0.055
-0.043
-0.026
-0.009
-0.001
0.002
0.005
0.01
0.016
0.023
0.031
0.042
0.048
0.052
0.057
0.068
0.09
0.114
0.127
0.135
0.141
0.145
0.149
0.152
0.155
0.157
0.153
0.146
0.14
0.137
0.133
0.13
0.127
0.124
0.12
0.114
0.093
0.065
0.054
0.047
0.037
0.024
0.009
-0.005
-0.014
-0.018
-0.021
-0.023
-0.025
-0.026
-0.025
-0.024
-0.023
-0.022
-0.021
-0.02
-0.019
-0.017
-0.016
-0.015
-0.016
-0.018
-0.019
-0.021
-0.021
-0.022
-0.023
-0.025
-0.026
-0.027
-0.027
-0.028
-0.028
-0.029
-0.029
-0.028
-0.028
-0.027
-0.028
-0.029
-0.029
-0.03
-0.03
-0.031
-0.032
-0.033
-0.034
-0.035
-0.037
-0.038
-0.04
-0.042
-0.045
-0.054
-0.071
-0.079
-0.086
-0.089
-0.086
-0.079
-0.073
-0.065
-0.058
-0.05
-0.044
-0.037
-0.032
-0.031
-0.033
-0.036
-0.038
-0.04
-0.041
-0.042
-0.044
-0.044
-0.045
-0.046
-0.046
-0.045
-0.044
-0.043
-0.042
-0.041
-0.039
-0.037
-0.036
-0.035
-0.034
-0.034
-0.034
-0.034
-0.034
-0.035
-0.035
-0.034
-0.034
-0.033
-0.03
-0.028
-0.028
-0.028
-0.028
-0.028
-0.029
-0.03
-0.027
-0.021
-0.019
-0.017
-0.015
-0.014
-0.013
-0.012
-0.011
-0.011
-0.012
-0.014
-0.017
-0.021
-0.024
-0.028
-0.031
-0.034
-0.038
-0.042
-0.046
-0.05
-0.052
-0.053
-0.053
-0.052
-0.051
-0.049
-0.045
-0.042
-0.034
-0.017
0.012
0.06
0.124
0.201
0.292
0.383
0.443
0.45
0.424
0.332
0.216
0.103
0.019
-0.019
-0.031
-0.038
-0.044
-0.049
-0.053
-0.056
-0.058
-0.06
-0.062
-0.063
-0.065
-0.066
-0.068
-0.072
-0.078
-0.078
-0.073
-0.069
-0.066
-0.064
-0.063
-0.062
-0.061
-0.058
-0.055
-0.05
-0.046
-0.041
-0.036
-0.031
-0.026
-0.021
-0.018
-0.015
-0.013
-0.01
-0.007
-0.005
-0.003
-0.001
0.0
0.001
0.003
0.005
0.008
0.01
0.014
0.019
0.026
0.04
0.048
0.055
0.06
0.067
0.075
0.085
0.097
0.108
0.117
0.124
0.132
0.14
0.145
0.148
0.151
0.154
0.156
0.157
0.157
0.156
0.155
0.152
0.149
0.145
0.14
0.133
0.124
0.114
0.101
0.086
0.071
0.05
0.022
0.002
-0.007
-0.015
-0.022
-0.028
-0.033
-0.038
-0.044
-0.049
-0.053
-0.057
-0.06
-0.064
-0.069
-0.073
-0.071
-0.068
-0.065
-0.061
-0.059
-0.066
-0.078
-0.087
-0.095
-0.101
-0.105
-0.104
-0.101
-0.096
-0.091
-0.087
-0.081
-0.075
-0.068
-0.062
-0.056
-0.052
-0.049
-0.046
-0.043
-0.041
-0.038
-0.036
-0.033
-0.031
-0.029
-0.027
-0.025
-0.023
-0.022
-0.02
-0.019
-0.018
-0.017
-0.016
-0.015
-0.014
-0.014
-0.012
-0.011
-0.009
-0.008
-0.007
-0.007
-0.006
-0.005
-0.004
-0.002
0.0
0.0
0.002
0.003
0.006
0.008
0.009
0.008
0.005
0.002
-0.001
-0.005
-0.009
-0.013
-0.019
-0.023
-0.026
-0.026
-0.025
-0.023
-0.02
-0.016
-0.012
-0.005
0.0
0.001
-0.002
-0.007
-0.01
-0.012
-0.015
-0.017
-0.019
-0.02
-0.02
-0.018
-0.016
-0.014
-0.012
-0.01
-0.007
-0.004
-0.001
0.0
0.001
0.001
0.001
0.002
0.004
0.003
-0.007
-0.015
-0.021
-0.026
-0.03
-0.033
-0.037
-0.04
-0.044
-0.047
-0.05
-0.052
-0.054
-0.057
-0.059
-0.061
-0.063
-0.065
-0.066
-0.068
-0.071
-0.076
-0.08
-0.081
-0.077
-0.068
-0.042
-0.002
0.056
0.139
0.244
0.357
0.45
0.494
0.49
0.427
0.316
0.195
0.081
-0.009
-0.069
-0.091
-0.099
-0.105
-0.108
-0.107
-0.103
-0.096
-0.09
-0.106
-0.123
-0.136
-0.142
-0.143
-0.142
-0.142
-0.143
-0.144
-0.145
-0.146
-0.146
-0.146
-0.145
-0.145
-0.143
-0.14
-0.136
-0.132
-0.127
-0.122
-0.118
-0.112
-0.106
-0.099
-0.094
-0.09
-0.087
-0.084
-0.08
-0.076
-0.07
-0.064
-0.057
-0.049
-0.038
-0.021
-0.009
0.0
0.005
0.012
0.019
0.027
0.038
0.052
0.068
0.078
0.086
0.092
0.097
0.101
0.104
0.107
0.111
0.116
0.121
0.128
0.136
0.143
0.15
0.155
0.155
0.15
0.142
0.134
0.124
0.113
0.101
0.089
0.077
0.067
0.059
0.049
0.036
0.018
0.008
0.001
-0.004
-0.009
-0.013
-0.016
-0.018
-0.02
-0.021
-0.022
-0.023
-0.024
-0.025
-0.025
-0.026
-0.027
-0.028
-0.029
-0.03
-0.03
-0.031
-0.031
-0.031
-0.031
-0.03
-0.03
-0.03
-0.029
-0.028
-0.026
-0.025
-0.023
-0.022
-0.021
-0.019
-0.017
-0.015
-0.013
-0.011
-0.011
-0.01
-0.009
-0.007
-0.005
-0.002
0.001
0.003
0.005
0.007
0.009
0.011
0.011
0.012
0.012
0.012
0.012
0.013
0.015
0.016
0.016
0.017
0.018
0.021
0.023
0.026
0.028
0.03
0.031
0.031
0.032
0.032
0.033
0.034
0.035
0.037
0.038
0.041
0.044
0.047
0.049
0.049
0.046
0.043
0.039
0.035
0.029
0.026
0.028
0.034
0.038
0.044
0.048
0.042
0.03
0.023
0.017
0.011
0.007
0.005
0.005
0.008
0.011
0.014
0.017
0.02
0.023
0.027
0.03
0.032
0.034
0.037
0.04
0.044
0.047
0.05
0.052
0.054
0.057
0.059
0.062
0.065
0.067
0.067
0.068
0.068
0.068
0.067
0.066
0.063
0.06
0.057
0.054
0.053
0.051
0.05
0.047
0.044
0.042
0.04
0.038
0.037
0.037
0.036
0.037
0.039
0.042
0.046
0.051
0.057
0.063
0.077
0.105
0.147
0.202
0.278
0.37
0.461
0.514
0.532
0.514
0.462
0.378
0.28
0.187
0.117
0.088
0.074
0.065
0.054
0.039
0.031
0.026
0.021
0.016
0.013
0.011
0.01
0.01
0.011
0.012
0.014
0.015
0.017
0.02
0.023
0.025
0.027
0.028
0.029
0.03
0.03
0.031
0.032
0.033
0.034
0.036
0.037
0.037
0.037
0.036
0.036
0.037
0.038
0.039
0.041
0.043
0.045
0.048
0.052
0.057
0.061
0.066
0.072
0.086
0.098
0.105
0.112
0.117
0.121
0.125
0.128
0.132
0.135
0.139
0.143
0.147
0.151
0.154
0.158
0.162
0.165
0.168
0.17
0.171
0.17
0.168
0.165
0.162
0.158
0.151
0.138
0.125
0.108
0.085
0.069
0.059
0.052
0.044
0.037
0.024
0.002
-0.009
-0.014
-0.018
-0.021
-0.023
-0.026
-0.028
-0.03
-0.031
-0.032
-0.033
-0.035
-0.036
-0.037
-0.039
-0.04
-0.043
-0.045
-0.047
-0.049
-0.051
-0.051
-0.051
-0.052
-0.052
-0.051
-0.051
-0.05
-0.049
-0.049
-0.048
-0.049
-0.05
-0.051
-0.051
-0.052
-0.052
-0.052
-0.052
-0.051
-0.051
-0.05
-0.049
-0.047
-0.046
-0.044
-0.042
-0.041
-0.041
-0.04
-0.04
-0.039
-0.038
-0.037
-0.038
-0.042
-0.048
-0.054
-0.059
-0.062
-0.066
-0.07
-0.074
-0.077
-0.079
-0.08
-0.081
-0.082
-0.081
-0.08
-0.079
-0.077
-0.074
-0.072
-0.069
-0.067
-0.064
-0.062
-0.06
-0.057
-0.054
-0.051
-0.05
-0.049
-0.049
-0.049
-0.05
-0.052
-0.054
-0.056
-0.059
-0.062
-0.065
-0.067
-0.071
-0.075
-0.078
-0.076
-0.071
-0.065
-0.062
-0.059
-0.057
-0.055
-0.054
-0.052
-0.049
-0.047
-0.045
-0.043
-0.041
-0.041
-0.041
-0.041
-0.041
-0.041
-0.041
-0.041
-0.041
-0.04
-0.04
-0.038
-0.037
-0.037
-0.039
-0.043
-0.047
-0.052
-0.055
-0.058
-0.061
-0.064
-0.067
-0.07
-0.073
-0.074
-0.075
-0.076
-0.076
-0.077
-0.077
-0.077
-0.077
-0.077
-0.079
-0.082
-0.084
-0.08
-0.069
-0.037
0.002
0.055
0.126
0.21
0.301
0.392
0.455
0.476
0.46
0.41
0.304
0.179
0.056
-0.051
-0.1
-0.116
-0.101
-0.074
-0.056
-0.05
-0.045
-0.045
-0.051
-0.056
-0.06
-0.063
-0.064
-0.064
-0.061
-0.056
-0.053
-0.051
-0.049
-0.046
-0.043
-0.04
-0.038
-0.037
-0.038
-0.038
-0.04
-0.042
-0.043
-0.045
-0.05
-0.05
-0.04
-0.024
-0.004
0.005
0.011
0.016
0.018
0.018
0.017
0.014
0.011
0.006
-0.001
0.0
0.016
0.03
0.042
0.052
0.059
0.065
0.069
0.074
0.078
0.084
0.089
0.094
0.1
0.112
0.133
0.146
0.153
0.158
0.161
0.162
0.161
0.16
0.157
0.154
0.15
0.143
0.131
0.12
0.105
0.087
0.074
0.066
0.056
0.044
0.026
0.005
-0.005
-0.01
-0.016
-0.021
-0.027
-0.039
-0.054
-0.063
-0.07
-0.072
-0.067
-0.059
-0.054
-0.05
-0.046
-0.043
-0.041
-0.041
-0.041
-0.042
-0.044
-0.046
-0.048
-0.049
-0.051
-0.052
-0.052
-0.053
-0.053
-0.054
-0.054
-0.053
-0.051
-0.049
-0.047
-0.045
-0.043
-0.042
-0.04
-0.038
-0.037
-0.036
-0.035
-0.034
-0.034
-0.034
-0.035
-0.036
-0.038
-0.04
-0.042
-0.045
-0.05
-0.054
-0.05
-0.042
-0.035
-0.026
-0.021
-0.02
-0.018
-0.015
-0.026
-0.032
-0.033
-0.036
-0.037
-0.039
-0.041
-0.042
-0.042
-0.043
-0.045
-0.046
-0.047
-0.046
-0.046
-0.045
-0.044
-0.042
-0.041
-0.041
-0.04
-0.039
-0.038
-0.038
-0.038
-0.039
-0.038
-0.039
-0.039
-0.039
-0.039
-0.039
-0.039
-0.038
-0.038
-0.037
-0.037
-0.037
-0.037
-0.037
-0.038
-0.038
-0.039
-0.039
-0.04
-0.041
-0.041
-0.041
-0.041
-0.041
-0.042
-0.042
-0.043
-0.043
-0.044
-0.046
-0.045
-0.038
-0.032
-0.028
-0.025
-0.022
-0.02
-0.019
-0.017
-0.012
-0.007
-0.016
-0.022
-0.025
-0.028
-0.03
-0.031
-0.033
-0.034
-0.036
-0.038
-0.041
-0.043
-0.046
-0.048
-0.051
-0.055
-0.061
-0.067
-0.072
-0.076
-0.079
-0.083
-0.087
-0.09
-0.09
-0.087
-0.082
-0.077
-0.071
-0.063
-0.056
-0.052
-0.049
-0.043
-0.031
-0.007
0.043
0.123
0.225
0.337
0.437
0.491
0.495
0.462
0.378
0.275
0.173
0.086
0.022
-0.021
-0.055
-0.069
-0.08
-0.077
-0.055
-0.038
-0.029
-0.023
-0.02
-0.02
-0.024
-0.028
-0.033
-0.037
-0.039
-0.037
-0.032
-0.028
-0.026
-0.023
-0.02
-0.017
-0.014
-0.012
-0.009
-0.006
-0.003
0.001
0.009
0.015
0.019
0.022
0.025
0.028
0.03
0.033
0.034
0.036
0.038
0.04
0.042
0.043
0.044
0.044
0.046
0.05
0.058
0.073
0.086
0.101
0.118
0.133
0.141
0.146
0.149
0.151
0.151
0.151
0.151
0.15
0.15
0.149
0.148
0.148
0.152
0.158
0.168
0.182
0.192
0.199
0.198
0.188
0.173
0.155
0.141
0.124
0.106
0.087
0.067
0.048
0.039
0.034
0.031
0.029
0.026
0.024
0.021
0.018
0.016
0.013
0.011
0.006
-0.001
-0.014
-0.019
-0.023
-0.027
-0.028
-0.023
-0.012
-0.006
-0.001
0.003
0.007
0.009
0.007
0.004
0.0
-0.004
-0.013
-0.025
-0.027
-0.027
-0.028
-0.029
-0.03
-0.03
-0.029
-0.026
-0.021
-0.016
-0.013
-0.009
-0.005
-0.001
0.0
0.001
0.0
-0.003
-0.007
-0.012
-0.015
-0.016
-0.018
-0.02
-0.022
-0.024
-0.025
-0.027
-0.028
-0.029
-0.03
-0.03
-0.032
-0.032
-0.032
-0.031
-0.031
-0.03
-0.03
-0.03
-0.03
-0.031
-0.03
-0.03
-0.031
-0.032
-0.034
-0.036
-0.037
-0.038
-0.039
-0.042
-0.049
-0.046
-0.04
-0.044
-0.053
-0.057
-0.061
-0.064
-0.066
-0.067
-0.068
-0.066
-0.065
-0.065
-0.063
-0.06
-0.057
-0.054
-0.051
-0.049
-0.047
-0.043
-0.04
-0.037
-0.036
-0.035
-0.036
-0.037
-0.037
-0.037
-0.038
-0.04
-0.041
-0.042
-0.043
-0.044
-0.045
-0.046
-0.048
-0.049
-0.049
-0.049
-0.049
-0.048
-0.049
-0.049
-0.05
-0.051
-0.053
-0.057
-0.059
-0.054
-0.044
-0.037
-0.031
-0.026
-0.023
-0.021
-0.022
-0.024
-0.029
-0.036
-0.048
-0.071
-0.083
-0.088
-0.092
-0.096
-0.098
-0.099
-0.099
-0.097
-0.094
-0.091
-0.088
-0.085
-0.081
-0.077
-0.073
-0.07
-0.067
-0.065
-0.063
-0.06
-0.057
-0.052
-0.033
0.013
0.076
0.151
0.235
0.325
0.413
0.488
0.522
0.523
0.493
0.416
0.306
0.186
0.078
-0.009
-0.074
-0.095
-0.103
-0.087
-0.078
-0.074
-0.071
-0.069
-0.067
-0.065
-0.064
-0.062
-0.061
-0.058
-0.056
-0.054
-0.054
-0.054
-0.055
-0.054
-0.053
-0.052
-0.05
-0.049
-0.047
-0.044
-0.04
-0.035
-0.03
-0.025
-0.021
-0.018
-0.016
-0.013
-0.011
-0.009
-0.008
-0.006
-0.003
-0.001
0.001
0.005
0.01
0.015
0.03
0.052
0.065
0.076
0.089
0.099
0.108
0.117
0.126
0.135
0.145
0.155
0.165
0.181
0.199
0.211
0.221
0.235
0.242
0.247
0.251
0.255
0.257
0.258
0.257
0.255
0.251
0.247
0.243
0.238
0.231
0.222
0.213
0.203
0.191
0.175
0.158
0.145
0.136
0.127
0.12
0.115
0.112
0.11
0.108
0.107
0.106
0.104
0.102
0.1
0.097
0.094
0.09
0.087
0.084
0.08
0.077
0.074
0.071
0.068
0.065
0.061
0.058
0.054
0.05
0.047
0.045
0.043
0.04
0.038
0.036
0.034
0.033
0.03
0.027
0.023
0.018
0.013
0.01
0.009
0.008
0.007
0.007
0.006
0.006
0.006
0.005
0.003
0.001
-0.001
-0.004
-0.006
-0.009
-0.011
-0.013
-0.015
-0.017
-0.019
-0.02
-0.022
-0.025
-0.03
-0.035
-0.04
-0.044
-0.048
-0.051
-0.053
-0.055
-0.056
-0.056
-0.056
-0.056
-0.056
-0.056
-0.056
-0.056
-0.057
-0.059
-0.06
-0.061
-0.062
-0.062
-0.062
-0.061
-0.06
-0.059
-0.057
-0.055
-0.054
-0.053
-0.053
-0.052
-0.05
-0.047
-0.046
-0.046
-0.05
-0.055
-0.059
-0.061
-0.061
-0.063
-0.064
-0.066
-0.068
-0.069
-0.07
-0.072
-0.073
-0.073
-0.074
-0.074
-0.074
-0.073
-0.073
-0.073
-0.072
-0.07
-0.068
-0.067
-0.065
-0.063
-0.061
-0.059
-0.056
-0.054
-0.051
-0.049
-0.043
-0.03
-0.021
-0.015
-0.011
-0.007
-0.004
-0.002
-0.002
-0.007
-0.015
-0.024
-0.032
-0.039
-0.046
-0.051
-0.056
-0.059
-0.063
-0.066
-0.069
-0.071
-0.074
-0.077
-0.08
-0.082
-0.084
-0.086
-0.088
-0.088
-0.089
-0.09
-0.092
-0.093
-0.095
-0.1
-0.098
-0.078
-0.025
0.045
0.126
0.216
0.309
0.393
0.437
0.451
0.427
0.353
0.247
0.137
0.041
-0.032
-0.087
-0.106
-0.114
-0.119
-0.117
-0.102
-0.084
-0.067
-0.084
-0.113
-0.135
-0.15
-0.146
-0.118
-0.095
-0.084
-0.08
-0.077
-0.076
-0.074
-0.073
-0.072
-0.069
-0.065
-0.063
-0.06
-0.059
-0.058
-0.058
-0.057
-0.056
-0.055
-0.054
-0.052
-0.049
-0.045
-0.042
-0.039
-0.036
-0.033
-0.03
-0.026
-0.021
-0.015
-0.009
-0.002
0.01
0.022
0.033
0.042
0.051
0.059
0.067
0.075
0.082
0.089
0.097
0.105
0.114
0.122
0.131
0.138
0.145
0.151
0.157
0.162
0.167
0.171
0.175
0.178
0.182
0.185
0.188
0.189
0.189
0.188
0.185
0.182
0.178
0.174
0.17
0.166
0.162
0.158
0.154
0.152
0.149
0.148
0.146
0.144
0.141
0.139
0.138
0.138
0.14
0.146
0.152
0.158
0.162
0.168
0.174
0.179
0.181
0.181
0.179
0.176
0.173
0.17
0.168
0.164
0.16
0.156
0.156
0.158
0.162
0.168
0.175
0.183
0.195
0.206
0.215
0.231
0.252
0.273
0.292
0.325
0.376
0.446
0.531
0.619
0.697
0.76
0.812
0.83
0.84
0.833
0.781
0.707
0.629
0.556
0.495
0.446
0.402
0.361
0.334
0.318
0.309
0.302
0.298
0.297
0.299
0.303
0.309
0.317
0.332
0.363
0.399
0.43
0.452
0.467
0.473
0.482
0.478
0.44
0.38
0.307
0.231
0.162
0.102
0.051
0.011
-0.011
-0.021
-0.026
-0.029
-0.031
-0.033
-0.034
-0.037
-0.04
-0.043
-0.045
-0.048
-0.05
-0.052
-0.054
-0.057
-0.059
-0.062
-0.066
-0.07
-0.075
-0.079
-0.079
-0.078
-0.076
-0.073
-0.071
-0.069
-0.068
-0.066
-0.063
-0.06
-0.057
-0.054
-0.052
-0.051
-0.049
-0.048
-0.046
-0.044
-0.043
-0.041
-0.038
-0.035
-0.031
-0.03
-0.031
-0.036
-0.042
-0.049
-0.055
-0.065
-0.074
-0.08
-0.086
-0.092
-0.099
-0.108
-0.119
-0.133
-0.149
-0.158
-0.169
-0.186
-0.207
-0.227
-0.246
-0.265
-0.281
-0.292
-0.296
-0.3
-0.303
-0.295
-0.268
-0.227
-0.175
-0.11
-0.039
0.03
0.081
0.084
0.049
-0.048
-0.169
-0.287
-0.365
-0.396
-0.407
-0.414
-0.419
-0.427
-0.443
-0.465
-0.485
-0.499
-0.509
-0.513
-0.515
-0.517
-0.518
-0.519
-0.52
-0.519
-0.517
-0.513
-0.51
-0.508
-0.505
-0.502
-0.499
-0.498
-0.498
-0.501
-0.505
-0.509
-0.513
-0.519
-0.524
-0.527
-0.526
-0.522
-0.517
-0.509
-0.493
-0.478
-0.461
-0.448
-0.439
-0.431
-0.425
-0.417
-0.408
-0.399
-0.392
-0.387
-0.381
-0.374
-0.366
-0.352
-0.331
-0.312
-0.294
-0.276
-0.257
-0.236
-0.216
-0.201
-0.189
-0.179
-0.168
-0.158
-0.149
-0.14
-0.131
-0.121
-0.115
-0.111
-0.107
-0.104
-0.101
-0.099
-0.097
-0.093
-0.089
-0.086
-0.089
-0.096
-0.104
-0.115
-0.125
-0.139
-0.151
-0.156
-0.16
-0.16
-0.153
-0.148
-0.145
-0.141
-0.137
-0.133
-0.128
-0.122
-0.115
-0.108
-0.103
-0.096
-0.083
-0.06
-0.041
-0.035
-0.029
-0.022
-0.015
-0.009
-0.002
0.002
0.006
0.007
0.009
0.014
0.022
0.025
0.027
0.029
0.029
0.03
0.031
0.034
0.038
0.042
0.046
0.05
0.054
0.059
0.063
0.064
0.064
0.063
0.06
0.057
0.051
0.042
0.034
0.029
0.039
0.057
0.067
0.071
0.073
0.067
0.061
0.058
0.055
0.052
0.05
0.049
0.047
0.042
0.042
0.045
0.047
0.048
0.049
0.049
0.05
0.05
0.05
0.049
0.05
0.05
0.049
0.048
0.048
0.048
0.048
0.048
0.048
0.047
0.047
0.047
0.046
0.046
0.046
0.045
0.045
0.045
0.045
0.045
0.046
0.047
0.048
0.05
0.052
0.054
0.056
0.061
0.074
0.083
0.089
0.092
0.093
0.09
0.086
0.083
0.08
0.077
0.075
0.075
0.075
0.076
0.078
0.079
0.081
0.085
0.084
0.077
0.066
0.05
0.03
0.016
0.004
-0.004
-0.008
-0.012
-0.002
0.009
0.02
0.031
0.039
0.045
0.05
0.053
0.056
0.058
0.062
0.065
0.068
0.072
0.078
0.085
0.091
0.106
0.131
0.172
0.235
0.319
0.419
0.52
0.604
0.644
0.617
0.526
0.397
0.264
0.159
0.089
0.062
0.051
0.042
0.03
0.014
-0.004
-0.008
0.008
0.039
0.055
0.06
0.049
0.04
0.033
0.027
0.025
0.026
0.031
0.035
0.039
0.041
0.043
0.045
0.048
0.051
0.054
0.057
0.061
0.066
0.072
0.078
0.083
0.088
0.094
0.099
0.104
0.11
0.117
0.123
0.128
0.132
0.137
0.141
0.146
0.154
0.166
0.174
0.178
0.182
0.186
0.189
0.192
0.194
0.197
0.2
0.202
0.204
0.206
0.208
0.21
0.212
0.213
0.214
0.213
0.211
0.207
0.203
0.188
0.166
0.155
0.144
0.132
0.119
0.107
0.098
0.092
0.086
0.079
0.068
0.053
0.037
0.021
0.011
0.005
0.0
-0.003
-0.006
-0.009
-0.011
-0.013
-0.015
-0.019
-0.023
-0.028
-0.032
-0.037
-0.042
-0.044
-0.043
-0.04
-0.035
-0.03
-0.023
-0.018
-0.014
-0.009
-0.003
-0.009
-0.014
-0.018
-0.022
-0.023
-0.022
-0.018
-0.012
-0.006
0.0
0.005
0.008
0.014
0.01
-0.013
-0.027
-0.031
-0.033
-0.035
-0.037
-0.038
-0.037
-0.034
-0.031
-0.028
-0.026
-0.023
-0.021
-0.018
-0.017
-0.016
-0.016
-0.016
-0.017
-0.018
-0.018
-0.019
-0.02
-0.022
-0.023
-0.025
-0.026
-0.027
-0.028
-0.029
-0.03
-0.031
-0.032
-0.034
-0.036
-0.038
-0.042
-0.046
-0.047
-0.044
-0.04
-0.038
-0.036
-0.033
-0.032
-0.032
-0.035
-0.039
-0.043
-0.046
-0.049
-0.053
-0.056
-0.057
-0.057
-0.056
-0.054
-0.05
-0.046
-0.042
-0.034
-0.024
-0.013
-0.006
-0.001
0.002
0.006
0.009
0.012
0.015
0.017
0.018
0.02
0.024
0.029
0.038
0.044
0.046
0.048
0.05
0.051
0.051
0.052
0.052
0.052
0.052
0.052
0.053
0.053
0.053
0.053
0.054
0.055
0.056
0.056
0.056
0.056
0.056
0.056
0.057
0.058
0.058
0.059
0.061
0.063
0.065
0.067
0.069
0.071
0.075
0.087
0.122
0.182
0.267
0.371
0.476
