0.04
0.039
0.04
0.04
0.041
0.041
0.041
0.04
0.038
0.035
0.031
0.023
0.024
0.038
0.044
0.047
0.051
0.054
0.056
0.059
0.061
0.064
0.067
0.069
0.07
0.07
0.069
0.068
0.066
0.063
0.058
0.053
0.047
0.042
0.037
0.033
0.027
0.016
0.005
0.003
0.004
0.005
0.005
0.005
0.004
0.004
0.003
0.002
0.002
0.003
0.003
0.004
0.005
0.007
0.009
0.011
0.012
0.013
0.012
0.012
0.01
0.008
0.006
0.004
0.001
0.0
-0.002
-0.004
-0.006
-0.007
-0.009
-0.011
-0.013
-0.016
-0.02
-0.023
-0.026
-0.029
-0.03
-0.031
-0.03
-0.029
-0.026
-0.022
-0.018
-0.014
-0.011
-0.01
-0.008
-0.006
-0.003
-0.001
0.001
0.003
0.006
0.008
0.01
0.011
0.011
0.01
0.009
0.007
0.005
0.003
0.001
0.0
-0.001
-0.001
-0.002
-0.002
-0.001
-0.001
-0.001
-0.004
-0.007
-0.01
-0.012
-0.011
-0.009
-0.008
-0.007
-0.006
-0.005
-0.004
-0.003
-0.001
0.0
0.001
0.001
0.0
-0.001
-0.003
-0.006
-0.009
-0.013
-0.016
-0.02
-0.024
-0.027
-0.029
-0.031
-0.035
-0.039
-0.043
-0.046
-0.048
-0.051
-0.052
-0.054
-0.056
-0.057
-0.058
-0.058
-0.059
-0.064
-0.068
-0.068
-0.061
-0.051
-0.04
-0.026
-0.02
-0.018
-0.016
-0.013
-0.011
-0.009
-0.01
-0.013
-0.017
-0.018
-0.02
-0.021
-0.022
-0.024
-0.026
-0.027
-0.027
-0.028
-0.027
-0.025
-0.022
-0.019
-0.015
-0.011
-0.008
-0.006
-0.003
-0.001
0.001
0.004
0.006
0.007
0.008
0.009
0.009
0.008
0.008
0.006
0.003
0.0
-0.002
-0.005
-0.008
-0.011
-0.014
-0.016
-0.019
-0.021
-0.023
-0.025
-0.027
-0.031
-0.034
-0.037
-0.039
-0.041
-0.042
-0.041
-0.04
-0.038
-0.035
-0.031
-0.026
-0.021
-0.016
-0.013
-0.01
-0.007
-0.006
-0.004
-0.001
0.001
0.004
0.007
0.01
0.014
0.017
0.02
0.022
0.023
0.024
0.024
0.025
0.025
0.025
0.025
0.025
0.025
0.027
0.028
0.029
0.03
0.031
0.033
0.034
0.036
0.038
0.039
0.04
0.043
0.046
0.05
0.055
0.061
0.076
0.109
0.166
0.243
0.338
0.43
0.485
0.484
0.425
0.29
0.119
-0.048
-0.173
-0.222
-0.224
-0.183
-0.129
-0.082
-0.07
-0.063
-0.058
-0.053
-0.047
-0.041
-0.036
-0.031
-0.028
-0.025
-0.022
-0.02
-0.019
-0.018
-0.016
-0.015
-0.013
-0.011
-0.008
-0.005
-0.004
-0.003
-0.002
-0.001
-0.001
0.0
0.0
0.001
0.003
0.004
0.006
0.007
0.009
0.011
0.013
0.015
0.018
0.021
0.024
0.026
0.029
0.031
0.033
0.034
0.036
0.038
0.039
0.041
0.044
0.046
0.048
0.049
0.05
0.05
0.05
0.049
0.047
0.044
0.043
0.041
0.038
0.036
0.033
0.032
0.031
0.032
0.036
0.042
0.047
0.052
0.057
0.062
0.068
0.072
0.076
0.079
0.08
0.081
0.082
0.084
0.086
0.088
0.09
0.095
0.097
0.091
0.078
0.068
0.06
0.052
0.042
0.031
0.021
0.011
0.001
-0.008
-0.016
-0.022
-0.027
-0.033
-0.039
-0.047
-0.056
-0.064
-0.073
-0.081
-0.089
-0.096
-0.102
-0.107
-0.11
-0.113
-0.116
-0.118
-0.12
-0.122
-0.125
-0.128
-0.13
-0.131
-0.132
-0.133
-0.133
-0.134
-0.134
-0.135
-0.137
-0.139
-0.141
-0.144
-0.146
-0.148
-0.149
-0.15
-0.149
-0.148
-0.147
-0.145
-0.143
-0.139
-0.136
-0.133
-0.13
-0.126
-0.122
-0.113
-0.105
-0.096
-0.089
-0.084
-0.08
-0.076
-0.072
-0.069
-0.067
-0.068
-0.069
-0.072
-0.075
-0.077
-0.079
-0.083
-0.087
-0.09
-0.091
-0.088
-0.083
-0.078
-0.074
-0.071
-0.067
-0.063
-0.059
-0.054
-0.05
-0.045
-0.041
-0.037
-0.032
-0.025
-0.018
-0.014
-0.013
-0.015
-0.018
-0.021
-0.022
-0.023
-0.025
-0.027
-0.029
-0.031
-0.034
-0.036
-0.037
-0.038
-0.038
-0.038
-0.039
-0.039
-0.04
-0.04
-0.04
-0.04
-0.042
-0.043
-0.043
-0.042
-0.039
-0.035
-0.031
-0.026
-0.022
-0.017
-0.01
-0.003
0.002
0.006
0.009
0.011
0.013
0.016
0.019
0.021
0.024
0.026
0.029
0.032
0.035
0.038
0.039
0.04
0.041
0.043
0.046
0.049
0.053
0.056
0.06
0.063
0.067
0.071
0.074
0.077
0.079
0.081
0.084
0.087
0.092
0.095
0.097
0.096
0.092
0.086
0.08
0.074
0.07
0.065
0.06
0.055
0.052
0.048
0.046
0.046
0.045
0.045
0.045
0.046
0.048
0.05
0.052
0.054
0.056
0.058
0.059
0.061
0.063
0.065
0.066
0.068
0.069
0.07
0.071
0.072
0.072
0.073
0.075
0.077
0.08
0.082
0.082
0.081
0.079
0.077
0.074
0.071
0.069
0.065
0.061
0.058
0.055
0.055
0.056
0.059
0.062
0.066
0.07
0.074
0.078
0.082
0.086
0.089
0.091
0.092
0.093
0.093
0.093
0.091
0.088
0.085
0.082
0.078
0.075
0.071
0.067
0.062
0.057
0.053
0.052
0.051
0.05
0.049
0.048
0.047
0.047
0.047
0.047
0.046
0.045
0.044
0.045
0.045
0.046
0.047
0.049
0.051
0.054
0.057
0.061
0.063
0.064
0.065
0.065
0.065
0.065
0.065
0.065
0.065
0.065
0.065
0.066
0.066
0.066
0.066
0.065
0.065
0.064
0.064
0.063
0.063
0.062
0.062
0.061
0.061
0.061
0.06
0.059
0.058
0.057
0.057
0.056
0.054
0.052
0.05
0.047
0.045
0.041
0.032
0.021
0.01
-0.001
-0.007
-0.011
-0.015
-0.019
-0.021
-0.023
-0.024
-0.026
-0.028
-0.031
-0.034
-0.037
-0.04
-0.043
-0.045
-0.047
-0.048
-0.049
-0.05
-0.05
-0.051
-0.052
-0.053
-0.054
-0.056
-0.059
-0.062
-0.066
-0.07
-0.074
-0.076
-0.079
-0.081
-0.084
-0.086
-0.087
-0.089
-0.092
-0.094
-0.097
-0.101
-0.104
-0.106
-0.107
-0.109
-0.11
-0.11
-0.11
-0.109
-0.109
-0.108
-0.108
-0.107
-0.107
-0.105
-0.103
-0.101
-0.099
-0.099
-0.1
-0.102
-0.105
-0.107
-0.109
-0.111
-0.113
-0.116
-0.118
-0.12
-0.121
-0.122
-0.123
-0.124
-0.126
-0.128
-0.13
-0.131
-0.131
-0.129
-0.126
-0.123
-0.121
-0.119
-0.117
-0.114
-0.11
-0.107
-0.103
-0.099
-0.095
-0.09
-0.085
-0.08
-0.077
-0.074
-0.071
-0.068
-0.064
-0.06
-0.055
-0.052
-0.049
-0.047
-0.045
-0.044
-0.043
-0.042
-0.041
-0.04
-0.03
0.009
0.081
0.182
0.304
0.433
0.542
0.584
0.574
0.478
0.311
0.121
-0.034
-0.103
-0.126
-0.11
-0.064
-0.025
-0.011
0.0
0.007
0.014
0.018
0.018
0.011
0.001
-0.012
-0.028
-0.036
-0.039
-0.041
-0.043
-0.045
-0.046
-0.047
-0.047
-0.045
-0.042
-0.037
-0.032
-0.027
-0.023
-0.017
-0.012
-0.006
-0.001
0.004
0.01
0.015
0.023
0.034
0.042
0.046
0.048
0.05
0.054
0.056
0.051
0.044
0.04
0.037
0.034
0.031
0.029
0.027
0.026
0.025
0.025
0.026
0.027
0.03
0.035
0.041
0.046
0.051
0.054
0.058
0.063
0.068
0.073
0.076
0.079
0.081
0.083
0.085
0.087
0.089
0.09
0.091
0.091
0.092
0.092
0.093
0.094
0.094
0.094
0.095
0.096
0.097
0.098
0.099
0.1
0.101
0.101
0.102
0.103
0.103
0.102
0.102
0.102
0.102
0.101
0.101
0.101
0.101
0.102
0.102
0.101
0.1
0.098
0.096
0.094
0.092
0.09
0.087
0.084
0.08
0.077
0.074
0.068
0.06
0.052
0.045
0.039
0.036
0.034
0.033
0.031
0.03
0.029
0.028
0.027
0.027
0.026
0.025
0.024
0.023
0.021
0.019
0.018
0.017
0.015
0.014
0.012
0.01
0.007
0.004
0.0
-0.004
-0.011
-0.019
-0.028
-0.036
-0.045
-0.051
-0.055
-0.057
-0.06
-0.062
-0.064
-0.066
-0.067
-0.069
-0.071
-0.074
-0.076
-0.077
-0.078
-0.079
-0.079
-0.08
-0.08
-0.081
-0.08
-0.08
-0.081
-0.082
-0.083
-0.083
-0.084
-0.084
-0.084
-0.084
-0.084
-0.083
-0.082
-0.08
-0.078
-0.077
-0.075
-0.073
-0.07
-0.067
-0.064
-0.061
-0.055
-0.04
-0.024
-0.011
0.0
0.007
0.013
0.017
0.019
0.021
0.023
0.025
0.026
0.027
0.027
0.027
0.026
0.026
0.025
0.023
0.021
0.018
0.015
0.012
0.009
0.006
0.003
0.0
-0.003
-0.006
-0.008
-0.01
-0.01
-0.008
-0.003
0.003
0.01
0.017
0.023
0.027
0.03
0.033
0.036
0.039
0.041
0.043
0.045
0.047
0.05
0.053
0.055
0.056
0.057
0.057
0.058
0.059
0.06
0.06
0.06
0.06
0.059
0.06
0.06
0.061
0.061
0.06
0.06
0.059
0.059
0.058
0.058
0.057
0.056
0.054
0.052
0.05
0.049
0.047
0.045
0.043
0.042
0.04
0.038
0.035
0.031
0.025
0.019
0.013
0.008
0.004
0.0
-0.002
-0.005
-0.007
-0.008
-0.008
-0.009
-0.01
-0.011
-0.011
-0.012
-0.014
-0.016
-0.018
-0.02
-0.021
-0.021
-0.021
-0.021
-0.02
-0.02
-0.019
-0.018
-0.017
-0.016
-0.016
-0.015
-0.015
-0.015
-0.015
-0.013
-0.012
-0.01
-0.008
-0.006
-0.004
-0.001
0.0
0.002
0.004
0.006
0.007
0.012
0.018
0.022
0.022
0.018
0.012
0.007
0.005
0.003
0.001
0.0
-0.002
-0.003
-0.004
-0.005
-0.006
-0.005
-0.006
-0.006
-0.006
-0.007
-0.008
-0.008
-0.009
-0.011
-0.012
-0.014
-0.015
-0.017
-0.019
-0.021
-0.024
-0.031
-0.045
-0.049
-0.052
-0.053
-0.055
-0.057
-0.058
-0.059
-0.059
-0.056
-0.053
-0.048
-0.043
-0.036
-0.028
-0.014
-0.005
-0.004
-0.003
-0.003
-0.002
-0.001
-0.005
-0.012
-0.017
-0.021
-0.025
-0.027
-0.027
-0.027
-0.024
-0.018
-0.008
0.025
0.092
0.197
0.328
0.457
0.538
0.543
0.485
0.335
0.156
-0.006
-0.117
-0.157
-0.156
-0.112
-0.055
-0.008
0.008
0.013
0.009
-0.002
-0.021
-0.04
-0.045
-0.047
-0.048
-0.05
-0.051
-0.051
-0.053
-0.055
-0.057
-0.059
-0.061
-0.062
-0.063
-0.063
-0.064
-0.065
-0.067
-0.069
-0.071
-0.075
-0.079
-0.083
-0.086
-0.086
-0.083
-0.078
-0.072
-0.066
-0.061
-0.056
-0.051
-0.046
-0.041
-0.038
-0.036
-0.035
-0.034
-0.033
-0.032
-0.031
-0.031
-0.031
-0.03
-0.03
-0.029
-0.028
-0.026
-0.024
-0.021
-0.018
-0.014
-0.01
-0.006
-0.002
0.001
0.006
0.011
0.017
0.023
0.029
0.034
0.038
0.042
0.047
0.052
0.059
0.065
0.069
0.072
0.074
0.077
0.081
0.084
0.086
0.081
0.072
0.062
0.056
0.052
0.047
0.042
0.038
0.034
0.031
0.028
0.026
0.024
0.023
0.021
0.02
0.02
0.019
0.017
0.014
0.011
0.009
0.006
0.003
0.0
-0.003
-0.007
-0.01
-0.012
-0.013
-0.015
-0.017
-0.02
-0.023
-0.025
-0.027
-0.028
-0.03
-0.031
-0.03
-0.029
-0.026
-0.023
-0.019
-0.016
-0.012
-0.009
-0.006
-0.003
-0.001
0.002
0.006
0.01
0.012
0.013
0.012
0.01
0.006
0.002
-0.001
-0.003
-0.005
-0.008
-0.011
-0.014
-0.016
-0.018
-0.02
-0.022
-0.023
-0.024
-0.025
-0.025
-0.025
-0.025
-0.025
-0.025
-0.025
-0.024
-0.023
-0.022
-0.02
-0.019
-0.017
-0.015
-0.013
-0.01
-0.008
-0.006
-0.004
-0.002
0.0
0.001
0.003
0.004
0.006
0.007
0.007
0.007
0.006
0.006
0.006
0.005
0.003
0.002
0.0
-0.002
-0.005
-0.006
-0.003
0.002
0.007
0.01
0.013
0.016
0.018
0.021
0.024
0.025
0.027
0.028
0.029
0.029
0.029
0.028
0.026
0.024
0.022
0.019
0.016
0.013
0.009
0.004
0.0
-0.005
-0.016
-0.024
-0.025
-0.026
-0.027
-0.028
-0.028
-0.028
-0.029
-0.029
-0.029
-0.028
-0.026
-0.024
-0.021
-0.018
-0.016
-0.013
-0.011
-0.008
-0.006
-0.006
-0.005
-0.004
-0.003
-0.002
-0.001
0.0
0.001
0.002
0.003
0.005
0.007
0.008
0.009
0.01
0.011
0.012
0.012
0.012
0.012
0.012
0.013
0.014
0.015
0.017
0.018
0.018
0.019
0.02
0.021
0.021
0.02
0.02
0.02
0.02
0.02
0.021
0.022
0.023
0.026
0.028
0.028
0.024
0.016
0.005
-0.008
-0.025
-0.04
-0.053
-0.057
-0.059
-0.061
-0.063
-0.065
-0.064
-0.055
-0.044
-0.038
-0.033
-0.028
-0.024
-0.02
-0.016
-0.013
-0.01
-0.009
-0.008
-0.007
-0.007
-0.006
-0.006
-0.004
-0.003
-0.001
-0.001
-0.002
-0.004
-0.007
-0.01
-0.013
-0.015
-0.019
-0.023
-0.025
-0.027
-0.026
-0.024
-0.021
-0.018
-0.014
-0.011
-0.007
-0.003
0.0
0.002
0.004
0.006
0.008
0.009
0.009
0.01
0.011
0.012
0.014
0.02
0.023
0.017
0.007
0.002
0.0
-0.001
-0.004
-0.006
-0.008
-0.011
-0.013
-0.015
-0.017
-0.018
-0.018
-0.018
-0.018
-0.017
-0.016
-0.015
-0.014
-0.013
-0.012
-0.011
-0.01
-0.01
-0.01
-0.009
-0.004
0.0
0.003
0.005
0.006
0.007
0.008
0.008
0.009
0.01
0.011
0.011
0.011
0.011
0.012
0.011
0.011
0.011
0.011
0.01
0.01
0.011
0.011
0.012
0.014
0.026
0.074
0.149
0.252
0.377
0.508
0.603
0.615
0.579
0.451
0.285
0.124
0.0
-0.065
-0.087
-0.075
-0.053
-0.033
-0.024
-0.018
-0.015
-0.02
-0.03
-0.036
-0.041
-0.045
-0.048
-0.049
-0.048
-0.045
-0.04
-0.033
-0.027
-0.022
-0.016
-0.01
-0.004
0.0
0.003
0.005
0.006
0.007
0.007
0.007
0.007
0.007
0.008
0.009
0.01
0.01
0.007
0.003
0.0
-0.003
-0.008
-0.012
-0.015
-0.011
-0.001
0.008
0.015
0.022
0.028
0.034
0.039
0.045
0.049
0.053
0.057
0.06
0.062
0.064
0.066
0.069
0.073
0.076
0.077
0.076
0.074
0.071
0.068
0.066
0.064
0.062
0.059
0.057
0.055
0.054
0.053
0.053
0.054
0.056
0.059
0.063
0.067
0.072
0.076
0.079
0.082
0.086
0.089
0.092
0.094
0.096
0.098
0.1
0.101
0.102
0.102
0.101
0.099
0.097
0.094
0.092
0.089
0.085
0.08
0.075
0.071
0.066
0.055
0.043
0.032
0.019
0.001
-0.017
-0.017
-0.017
-0.017
-0.018
-0.018
-0.018
-0.016
-0.014
-0.01
-0.006
-0.003
-0.001
0.001
0.005
0.008
0.01
0.01
0.009
0.007
0.003
0.0
-0.004
-0.008
-0.011
-0.015
-0.018
-0.022
-0.026
-0.03
-0.034
-0.037
-0.039
-0.04
-0.039
-0.037
-0.035
-0.032
-0.028
-0.025
-0.022
-0.021
-0.019
-0.018
-0.017
-0.016
-0.014
-0.011
-0.007
-0.003
0.0
0.003
0.005
0.006
0.006
0.004
0.002
0.0
-0.002
-0.005
-0.007
-0.01
-0.012
-0.014
-0.014
-0.015
-0.018
-0.021
-0.025
-0.028
-0.029
-0.027
-0.025
-0.022
-0.021
-0.019
-0.017
-0.015
-0.012
-0.009
-0.007
-0.005
-0.005
-0.004
-0.005
-0.007
-0.011
-0.016
-0.021
-0.027
-0.032
-0.037
-0.041
-0.044
-0.046
-0.048
-0.05
-0.052
-0.054
-0.056
-0.058
-0.06
-0.062
-0.064
-0.065
-0.066
-0.067
-0.066
-0.065
-0.064
-0.063
-0.062
-0.062
-0.061
-0.06
-0.06
-0.06
-0.06
-0.06
-0.06
-0.059
-0.058
-0.057
-0.056
-0.056
-0.056
-0.056
-0.056
-0.056
-0.056
-0.056
-0.056
-0.055
-0.055
-0.054
-0.053
-0.052
-0.052
-0.052
-0.052
-0.052
-0.052
-0.052
-0.051
-0.05
-0.048
-0.046
-0.043
-0.04
-0.036
-0.034
-0.032
-0.031
-0.032
-0.033
-0.034
-0.036
-0.038
-0.041
-0.044
-0.046
-0.048
-0.05
-0.051
-0.052
-0.054
-0.058
-0.062
-0.065
-0.066
-0.066
-0.063
-0.06
-0.055
-0.051
-0.048
-0.044
-0.041
-0.038
-0.034
-0.03
-0.027
-0.023
-0.02
-0.017
-0.015
-0.013
-0.012
-0.011
-0.01
-0.009
-0.008
-0.005
-0.001
0.003
0.007
0.009
0.009
0.008
0.006
0.003
0.001
-0.001
-0.005
-0.007
-0.006
-0.001
0.006
0.012
0.017
0.02
0.024
0.027
0.031
0.034
0.037
0.039
0.041
0.042
0.043
0.042
0.04
0.038
0.035
0.031
0.028
0.024
0.021
0.017
0.013
0.01
0.007
0.003
-0.001
-0.007
-0.012
-0.014
-0.014
-0.013
-0.011
-0.009
-0.006
-0.004
-0.001
0.001
0.004
0.008
0.011
0.014
0.016
0.018
0.02
0.021
0.022
0.022
0.022
0.025
0.029
0.033
0.034
0.032
0.028
0.024
0.021
0.018
0.013
0.009
0.006
0.003
0.001
0.0
0.0
0.002
0.004
0.006
0.01
0.016
0.023
0.049
0.122
0.234
0.372
0.505
0.589
0.597
0.556
0.422
0.248
0.093
-0.007
-0.047
-0.061
-0.067
-0.058
-0.045
-0.039
-0.037
-0.034
-0.032
-0.03
-0.029
-0.028
-0.026
-0.024
-0.023
-0.021
-0.019
-0.017
-0.016
-0.015
-0.014
-0.013
-0.013
-0.012
-0.012
-0.01
-0.009
-0.007
-0.005
-0.003
-0.002
0.0
0.002
0.004
0.007
0.009
0.01
0.011
0.012
0.012
0.012
0.012
0.012
0.013
0.013
0.014
0.015
0.016
0.018
0.019
0.021
0.022
0.023
0.025
0.027
0.028
0.031
0.033
0.036
0.04
0.044
0.053
0.062
0.069
0.073
0.076
0.079
0.082
0.086
0.09
0.092
0.092
0.088
0.084
0.081
0.079
0.077
0.075
0.073
0.071
0.068
0.067
0.065
0.065
0.065
0.066
0.067
0.07
