0.001
0.004
0.007
0.009
0.011
0.012
0.011
0.008
0.002
-0.003
-0.01
-0.016
-0.021
-0.025
-0.028
-0.031
-0.034
-0.036
-0.039
-0.041
-0.044
-0.046
-0.046
-0.046
-0.045
-0.044
-0.042
-0.041
-0.04
-0.039
-0.036
-0.034
-0.031
-0.028
-0.024
-0.021
-0.018
-0.015
-0.012
-0.008
0.0
0.01
0.05
0.128
0.252
0.418
0.609
0.804
0.983
1.132
1.237
1.252
1.221
1.049
0.782
0.472
0.174
-0.046
-0.139
-0.169
-0.185
-0.192
-0.196
-0.199
-0.201
-0.203
-0.205
-0.208
-0.21
-0.211
-0.21
-0.209
-0.208
-0.209
-0.208
-0.205
-0.2
-0.195
-0.19
-0.187
-0.186
-0.185
-0.184
-0.182
-0.18
-0.179
-0.177
-0.176
-0.174
-0.171
-0.168
-0.165
-0.162
-0.16
-0.158
-0.155
-0.153
-0.15
-0.148
-0.145
-0.141
-0.127
-0.094
-0.077
-0.07
-0.065
-0.06
-0.056
-0.053
-0.05
-0.045
-0.042
-0.039
-0.036
-0.033
-0.03
-0.026
-0.022
-0.015
-0.007
0.001
0.01
0.018
0.025
0.032
0.039
0.046
0.053
0.06
0.066
0.072
0.076
0.081
0.086
0.089
0.092
0.094
0.095
0.094
0.093
0.09
0.087
0.082
0.077
0.07
0.054
0.018
-0.02
-0.047
-0.062
-0.073
-0.071
-0.054
-0.048
-0.045
-0.043
-0.04
-0.038
-0.036
-0.034
-0.033
-0.031
-0.029
-0.027
-0.025
-0.023
-0.023
-0.023
-0.024
-0.025
-0.027
-0.03
-0.033
-0.036
-0.037
-0.039
-0.039
-0.039
-0.039
-0.038
-0.038
-0.038
-0.038
-0.039
-0.041
-0.043
-0.045
-0.047
-0.049
-0.051
-0.053
-0.054
-0.055
-0.054
-0.054
-0.053
-0.052
-0.051
-0.05
-0.049
-0.048
-0.048
-0.047
-0.045
-0.043
-0.04
-0.036
-0.031
-0.026
-0.021
-0.017
-0.014
-0.01
-0.006
-0.001
0.004
0.008
0.011
0.011
0.008
0.002
-0.004
-0.011
-0.019
-0.026
-0.036
-0.047
-0.056
-0.061
-0.062
-0.058
-0.051
-0.044
-0.038
-0.035
-0.03
-0.026
-0.02
-0.015
-0.009
-0.004
0.0
0.003
0.006
0.01
0.013
0.016
0.019
0.023
0.027
0.031
0.035
0.038
0.041
0.043
0.045
0.046
0.048
0.048
0.047
0.046
0.045
0.044
0.043
0.043
0.042
0.04
0.038
0.036
0.034
0.031
0.025
0.02
0.027
0.038
0.045
0.05
0.055
0.058
0.061
0.059
0.053
0.044
0.033
0.025
0.02
0.016
0.011
0.007
0.002
-0.002
-0.006
-0.01
-0.014
-0.019
-0.022
-0.024
-0.025
-0.025
-0.024
-0.024
-0.024
-0.023
-0.022
-0.02
-0.018
-0.016
-0.014
-0.012
-0.009
-0.005
0.0
0.007
0.014
0.022
0.074
0.163
0.29
0.45
0.639
0.843
1.038
1.192
1.217
1.186
0.983
0.672
0.319
0.009
-0.203
-0.28
-0.285
-0.234
-0.184
-0.167
-0.171
-0.195
-0.231
-0.268
-0.284
-0.293
-0.3
-0.303
-0.303
-0.299
-0.291
-0.282
-0.272
-0.261
-0.244
-0.229
-0.217
-0.206
-0.199
-0.194
-0.19
-0.186
-0.181
-0.175
-0.17
-0.165
-0.162
-0.16
-0.159
-0.157
-0.155
-0.153
-0.15
-0.147
-0.142
-0.136
-0.13
-0.123
-0.115
-0.108
-0.101
-0.093
-0.082
-0.069
-0.058
-0.049
-0.043
-0.039
-0.034
-0.029
-0.024
-0.018
-0.013
-0.007
0.001
0.013
0.025
0.036
0.047
0.058
0.068
0.077
0.085
0.091
0.097
0.105
0.118
0.138
0.148
0.153
0.157
0.162
0.165
0.164
0.157
0.144
0.122
0.088
0.067
0.056
0.048
0.04
0.031
0.024
0.018
0.012
0.008
0.003
0.0
-0.002
-0.003
0.0
0.004
0.012
0.021
0.042
0.063
0.069
0.072
0.073
0.074
0.074
0.07
0.063
0.055
0.046
0.033
0.026
0.024
0.022
0.02
0.019
0.018
0.017
0.016
0.015
0.013
0.011
0.009
0.007
0.004
0.001
0.0
-0.002
-0.003
-0.004
-0.006
-0.007
-0.009
-0.012
-0.014
-0.016
-0.018
-0.02
-0.023
-0.024
-0.025
-0.025
-0.025
-0.025
-0.025
-0.025
-0.027
-0.028
-0.028
-0.029
-0.03
-0.036
-0.035
-0.025
-0.018
-0.013
-0.01
-0.007
-0.005
-0.004
-0.003
-0.001
0.0
0.003
0.005
0.005
0.0
-0.007
-0.012
-0.017
-0.022
-0.025
-0.026
-0.023
-0.018
-0.013
-0.008
-0.001
0.005
0.01
0.011
0.01
0.009
0.007
0.007
0.007
0.007
0.006
0.005
0.004
0.003
0.001
0.0
0.0
0.0
0.0
0.0
0.001
0.003
0.005
0.008
0.01
0.012
0.015
0.017
0.018
0.02
0.022
0.023
0.025
0.029
0.034
0.039
0.041
0.041
0.037
0.033
0.028
0.025
0.022
0.019
0.016
0.014
0.011
0.007
0.004
0.001
0.0
-0.002
-0.004
-0.007
-0.011
-0.017
-0.029
-0.043
-0.052
-0.059
-0.065
-0.07
-0.071
-0.07
-0.065
-0.057
-0.048
-0.03
0.0
0.017
0.027
0.037
0.046
0.055
0.088
0.139
0.22
0.335
0.486
0.667
0.862
1.044
1.173
1.19
1.141
0.944
0.663
0.351
0.081
-0.105
-0.159
-0.177
-0.159
-0.148
-0.143
-0.141
-0.137
-0.134
-0.13
-0.127
-0.124
-0.122
-0.118
-0.117
-0.116
-0.117
-0.118
-0.117
-0.115
-0.112
-0.109
-0.105
-0.101
-0.098
-0.095
-0.092
-0.089
-0.086
-0.084
-0.083
-0.082
-0.08
-0.079
-0.078
-0.076
-0.075
-0.073
-0.07
-0.068
-0.065
-0.063
-0.062
-0.062
-0.061
-0.06
-0.057
-0.054
-0.05
-0.042
-0.026
-0.007
0.011
0.031
0.051
0.066
0.078
0.087
0.087
0.081
0.074
0.066
0.057
0.053
0.063
0.083
0.098
0.112
0.124
0.133
0.14
0.145
0.149
0.153
0.157
0.16
0.163
0.164
0.162
0.156
0.147
0.137
0.128
0.12
0.11
0.1
0.09
0.082
0.075
0.069
0.064
0.058
0.053
0.047
0.042
0.037
0.033
0.03
0.027
0.025
0.023
0.021
0.017
0.013
0.007
-0.001
-0.007
-0.006
0.002
0.013
0.019
0.024
0.029
0.033
0.036
0.038
0.038
0.036
0.033
0.031
0.029
0.026
0.022
0.017
0.012
0.008
0.007
0.008
0.009
0.01
0.012
0.016
0.022
0.026
0.023
0.015
0.01
0.006
0.002
0.0
-0.003
-0.004
-0.004
-0.004
-0.003
-0.001
0.0
0.003
0.007
0.011
0.011
0.001
-0.01
-0.018
-0.025
-0.032
-0.038
-0.042
-0.044
-0.045
-0.045
-0.043
-0.039
-0.036
-0.031
-0.027
-0.022
-0.016
-0.009
-0.004
-0.003
-0.007
-0.014
-0.022
-0.03
-0.04
-0.05
-0.055
-0.051
-0.043
-0.034
-0.028
-0.021
-0.013
-0.007
-0.005
-0.006
-0.011
-0.017
-0.023
-0.027
-0.03
-0.034
-0.037
-0.041
-0.044
-0.046
-0.047
-0.046
-0.043
-0.038
-0.033
-0.026
-0.02
-0.014
-0.01
-0.006
-0.002
0.001
0.005
0.01
0.014
0.017
0.018
0.018
0.017
0.016
0.013
0.009
0.004
0.0
-0.005
-0.008
-0.011
-0.016
-0.021
-0.027
-0.032
-0.035
-0.037
-0.037
-0.036
-0.034
-0.032
-0.03
-0.025
-0.017
-0.019
-0.039
-0.05
-0.057
-0.064
-0.069
-0.072
-0.074
-0.075
-0.076
-0.075
-0.074
-0.07
-0.066
-0.06
-0.048
-0.019
0.013
0.048
0.11
0.182
0.28
0.419
0.604
0.818
1.028
1.187
1.254
1.203
1.039
0.781
0.466
0.162
-0.087
-0.243
-0.271
-0.261
-0.182
-0.1
-0.075
-0.064
-0.076
-0.123
-0.157
-0.178
-0.193
-0.192
-0.173
-0.159
-0.146
-0.136
-0.136
-0.141
-0.146
-0.15
-0.154
-0.157
-0.159
-0.158
-0.151
-0.143
-0.135
-0.131
-0.127
-0.124
-0.12
-0.115
-0.111
-0.107
-0.104
-0.1
-0.097
-0.094
-0.091
-0.089
-0.086
-0.082
-0.074
-0.055
-0.03
-0.015
-0.007
-0.001
0.002
0.007
0.013
0.019
0.024
0.03
0.035
0.041
0.048
0.055
0.063
0.071
0.08
0.089
0.099
0.111
0.122
0.132
0.14
0.148
0.165
0.191
0.202
0.208
0.212
0.213
0.213
0.21
0.205
0.198
0.19
0.174
0.141
0.124
0.118
0.112
0.109
0.106
0.103
0.1
0.097
0.092
0.089
0.087
0.086
0.086
0.085
0.085
0.084
0.082
0.079
0.076
0.071
0.066
0.059
0.053
0.046
0.039
0.031
0.024
0.015
0.007
0.002
0.003
0.008
0.016
0.024
0.034
0.051
0.059
0.065
0.07
0.074
0.076
0.069
0.055
0.041
0.033
0.027
0.02
0.014
0.009
0.004
0.001
0.0
-0.001
-0.001
-0.001
-0.001
0.0
0.001
0.002
0.004
0.006
0.009
0.015
0.02
0.022
0.018
0.014
0.011
0.009
0.007
0.005
0.004
0.002
0.001
0.0
-0.001
-0.002
-0.003
-0.003
-0.002
-0.001
0.0
0.002
0.005
0.007
0.009
0.011
0.013
0.015
0.017
0.019
0.02
0.023
0.028
0.034
0.039
0.042
0.042
0.041
0.039
0.038
0.037
0.036
0.035
0.033
0.032
0.031
0.03
0.03
0.032
0.034
0.038
0.043
0.049
0.058
0.074
0.096
0.107
0.114
0.119
0.123
0.126
0.128
0.13
0.131
0.131
0.13
0.128
0.125
0.121
0.116
0.109
0.101
0.089
0.063
0.042
0.022
0.001
-0.017
-0.031
-0.042
-0.053
-0.064
-0.076
-0.089
-0.103
-0.116
-0.129
-0.143
-0.161
-0.18
-0.2
-0.22
-0.242
-0.257
-0.266
-0.274
-0.279
-0.283
-0.285
-0.287
-0.288
-0.292
-0.299
-0.297
-0.277
-0.255
-0.23
-0.209
-0.197
-0.189
-0.183
-0.178
-0.172
-0.168
-0.163
-0.155
-0.129
-0.059
0.042
0.174
0.331
0.511
0.706
0.903
1.081
1.204
1.217
1.156
0.941
0.631
0.29
-0.007
-0.214
-0.275
-0.295
-0.271
-0.246
-0.227
-0.22
-0.226
-0.236
-0.242
-0.246
-0.25
-0.253
-0.253
-0.253
-0.253
-0.253
-0.251
-0.248
-0.243
-0.238
-0.232
-0.226
-0.22
-0.214
-0.208
-0.202
-0.195
-0.189
-0.182
-0.176
-0.17
-0.164
-0.159
-0.154
-0.149
-0.144
-0.14
-0.136
-0.133
-0.13
-0.128
-0.124
-0.12
-0.112
-0.097
-0.082
-0.071
-0.062
-0.055
-0.055
-0.058
-0.064
-0.069
-0.076
-0.074
-0.057
-0.037
-0.017
-0.004
0.001
0.004
0.007
0.01
0.013
0.018
0.022
0.026
0.032
0.04
0.058
0.091
0.116
0.134
0.15
0.159
0.165
0.17
0.174
0.176
0.177
0.174
0.167
0.159
0.15
0.14
0.129
0.113
0.098
0.088
0.079
0.073
0.067
0.061
0.056
0.051
0.048
0.047
0.048
0.051
0.055
0.06
0.066
0.072
0.077
0.083
0.09
0.096
0.101
0.105
0.108
0.11
0.11
0.11
0.109
0.107
0.104
0.1
0.096
0.09
0.084
0.071
0.039
0.004
-0.032
-0.064
-0.087
-0.103
-0.113
-0.12
-0.126
-0.128
-0.127
-0.12
-0.11
-0.099
-0.087
-0.069
-0.053
-0.038
-0.028
-0.021
-0.016
-0.01
-0.005
0.0
0.006
0.012
0.017
0.022
0.028
0.037
0.05
0.058
0.06
0.059
0.059
0.058
0.059
0.06
0.061
0.063
0.065
0.067
0.069
0.072
0.076
0.08
0.085
0.089
0.094
0.099
0.105
0.112
0.12
0.129
0.137
0.144
0.149
0.152
0.155
0.157
0.159
0.161
0.162
0.162
0.161
0.161
0.162
0.163
0.166
0.168
0.17
0.171
0.172
0.173
0.175
0.176
0.177
0.178
0.178
0.18
0.183
0.188
0.193
0.197
0.2
0.201
0.201
0.202
0.202
0.201
0.2
0.198
0.195
0.194
0.193
0.192
0.191
0.187
0.183
0.18
0.181
0.188
0.198
0.207
0.213
0.217
0.222
0.227
0.232
0.236
0.239
0.239
0.237
0.234
0.229
0.222
0.213
0.202
0.177
0.128
0.098
0.082
0.07
0.06
0.051
0.043
0.035
0.026
0.019
0.014
0.012
0.014
0.018
0.025
0.035
0.053
0.085
0.116
0.148
0.181
0.217
0.283
0.381
0.524
0.714
0.941
1.189
1.425
1.597
1.665
1.598
1.386
1.073
0.73
0.419
0.199
0.118
0.092
0.11
0.136
0.155
0.139
0.088
0.013
-0.019
-0.032
-0.039
-0.043
-0.045
-0.048
-0.053
-0.059
-0.064
-0.068
-0.072
-0.076
-0.081
-0.084
-0.086
-0.086
-0.084
-0.081
-0.076
-0.07
-0.063
-0.054
-0.041
-0.025
-0.009
0.008
0.033
0.062
0.076
0.085
0.093
0.098
0.095
0.083
0.064
0.036
-0.006
-0.035
-0.053
-0.068
-0.083
-0.108
-0.131
-0.137
-0.141
-0.143
-0.145
-0.147
-0.15
-0.154
-0.158
-0.162
-0.168
-0.175
-0.184
-0.202
-0.245
-0.292
-0.326
-0.341
-0.352
-0.357
-0.343
-0.321
-0.314
-0.311
-0.308
-0.305
-0.302
-0.3
-0.298
