-0.722
-0.86
-1.003
-1.145
-1.263
-1.32
-1.315
-1.288
-1.276
-1.267
-1.26
-1.255
-1.25
-1.247
-1.245
-1.243
-1.241
-1.241
-1.241
-1.24
-1.238
-1.236
-1.234
-1.231
-1.229
-1.227
-1.226
-1.223
-1.219
-1.213
-1.197
-1.167
-1.124
-1.078
-1.012
-0.924
-0.832
-0.748
-0.677
-0.627
-0.61
-0.609
-0.618
-0.641
-0.685
-0.732
-0.785
-0.844
-0.876
-0.892
-0.9
-0.906
-0.911
-0.914
-0.915
-0.915
-0.912
-0.908
-0.903
-0.897
-0.891
-0.885
-0.878
-0.871
-0.865
-0.858
-0.853
-0.848
-0.844
-0.84
-0.837
-0.835
-0.833
-0.831
-0.829
-0.827
-0.824
-0.821
-0.818
-0.816
-0.814
-0.812
-0.809
-0.806
-0.802
-0.79
-0.766
-0.743
-0.72
-0.695
-0.666
-0.632
-0.602
-0.554
-0.505
-0.455
-0.426
-0.396
-0.371
-0.355
-0.344
-0.361
-0.389
-0.425
-0.468
-0.497
-0.51
-0.521
-0.521
-0.505
-0.482
-0.448
-0.411
-0.378
-0.361
-0.354
-0.348
-0.342
-0.335
-0.329
-0.322
-0.312
-0.29
-0.255
-0.221
-0.19
-0.167
-0.15
-0.133
-0.116
-0.098
-0.084
-0.07
-0.056
-0.043
-0.025
-0.003
0.021
0.043
0.063
0.085
0.109
0.134
0.16
0.185
0.21
0.237
0.262
0.279
0.293
0.305
0.314
0.326
0.339
0.354
0.372
0.39
0.408
0.426
0.443
0.461
0.478
0.495
0.504
0.511
0.517
0.521
0.523
0.523
0.521
0.517
0.511
0.503
0.488
0.459
0.436
0.418
0.4
0.381
0.362
0.341
0.327
0.319
0.312
0.307
0.302
0.296
0.29
0.286
0.282
0.278
0.274
0.271
0.268
0.264
0.261
0.258
0.255
0.252
0.25
0.249
0.247
0.245
0.243
0.241
0.24
0.238
0.237
0.237
0.236
0.236
0.236
0.237
0.239
0.241
0.243
0.245
0.247
0.249
0.251
0.252
0.255
0.259
0.262
0.264
0.261
0.253
0.244
0.234
0.221
0.208
0.193
0.184
0.176
0.17
0.165
0.162
0.158
0.154
0.149
0.145
0.141
0.136
0.131
0.125
0.119
0.113
0.106
0.101
0.097
0.093
0.089
0.085
0.081
0.077
0.073
0.069
0.064
0.059
0.056
0.053
0.05
0.048
0.046
0.044
0.042
0.04
0.038
0.035
0.032
0.029
0.026
0.023
0.021
0.018
0.014
0.009
0.004
-0.002
-0.017
-0.028
-0.033
-0.036
-0.039
-0.041
-0.043
-0.045
-0.046
-0.047
-0.047
-0.047
-0.046
-0.045
-0.043
-0.042
-0.04
-0.038
-0.037
-0.035
-0.034
-0.032
-0.031
-0.03
-0.03
-0.029
-0.028
-0.027
-0.026
-0.027
-0.028
-0.029
-0.031
-0.033
-0.036
-0.04
-0.043
-0.047
-0.05
-0.053
-0.055
-0.058
-0.061
-0.064
-0.067
-0.069
-0.07
-0.07
-0.069
-0.066
-0.062
-0.057
-0.051
-0.045
-0.039
-0.034
-0.029
-0.023
-0.017
-0.009
-0.001
0.004
0.008
0.009
0.008
0.005
0.0
-0.006
-0.015
-0.028
-0.05
-0.068
-0.082
-0.094
-0.101
-0.102
-0.104
-0.105
-0.106
-0.107
-0.107
-0.107
-0.108
-0.108
-0.107
-0.105
-0.1
-0.094
-0.087
-0.075
-0.049
-0.022
0.009
0.049
0.085
0.122
0.143
0.152
0.158
0.138
0.106
0.073
0.02
-0.029
-0.061
-0.091
-0.112
-0.122
-0.127
-0.129
-0.13
-0.131
-0.132
-0.132
-0.133
-0.134
-0.134
-0.134
-0.134
-0.134
-0.135
-0.136
-0.137
-0.138
-0.139
-0.14
-0.141
-0.14
-0.14
-0.141
-0.141
-0.143
-0.146
-0.149
-0.149
-0.145
-0.137
-0.125
-0.105
-0.076
-0.052
-0.027
-0.001
0.024
0.035
0.038
0.04
0.042
0.043
0.044
0.046
0.046
0.047
0.047
0.047
0.047
0.046
0.045
0.044
0.044
0.043
0.043
0.043
0.043
0.042
0.041
0.04
0.039
0.039
0.038
0.036
0.034
0.031
0.028
0.025
0.019
0.001
-0.014
-0.032
-0.049
-0.065
-0.074
-0.08
-0.084
-0.088
-0.092
-0.097
-0.103
-0.108
-0.113
-0.119
-0.125
-0.135
-0.143
-0.147
-0.148
-0.149
-0.151
-0.152
-0.154
-0.155
-0.154
-0.148
-0.141
-0.134
-0.13
-0.127
-0.123
-0.12
-0.117
-0.114
-0.113
-0.111
-0.11
-0.109
-0.109
-0.109
-0.109
-0.11
-0.11
-0.111
-0.111
-0.112
-0.112
-0.113
-0.113
-0.113
-0.113
-0.112
-0.111
-0.11
-0.109
-0.108
-0.108
-0.107
-0.105
-0.104
-0.102
-0.1
-0.099
-0.097
-0.095
-0.093
-0.091
-0.09
-0.089
-0.088
-0.087
-0.087
-0.086
-0.085
-0.085
-0.084
-0.083
-0.083
-0.082
-0.08
-0.079
-0.077
-0.074
-0.071
-0.066
-0.059
-0.04
-0.02
-0.004
0.007
0.017
0.027
0.036
0.041
0.045
0.049
0.052
0.054
0.055
0.054
0.052
0.049
0.047
0.046
0.044
0.042
0.04
0.038
0.035
0.034
0.034
0.033
0.033
0.033
0.033
0.034
0.036
0.038
0.04
0.041
0.043
0.044
0.045
0.045
0.045
0.044
0.044
0.044
0.045
0.046
0.047
0.046
0.046
0.046
0.046
0.046
0.046
0.046
0.047
0.048
0.05
0.053
0.057
0.06
0.064
0.068
0.072
0.076
0.079
0.086
0.092
0.097
0.099
0.098
0.093
0.086
0.078
0.067
0.048
0.035
0.025
0.017
0.011
0.008
0.01
0.017
0.026
0.038
0.055
0.068
0.08
0.093
0.109
0.122
0.132
0.142
0.151
0.16
0.177
0.201
0.223
0.248
0.27
0.285
0.294
0.303
0.311
0.309
0.29
0.263
0.23
0.179
0.132
0.115
0.105
0.109
0.149
0.202
0.253
0.28
0.292
0.299
0.303
0.306
0.309
0.311
0.311
0.308
0.304
0.297
0.288
0.276
0.251
0.214
0.187
0.158
0.132
0.113
0.098
0.086
0.076
0.067
0.057
0.049
0.044
0.04
0.036
0.033
0.03
0.028
0.027
0.026
0.026
0.027
0.029
0.033
0.037
0.041
0.046
0.051
0.056
0.064
0.073
0.082
0.091
0.099
0.105
0.11
0.115
0.12
0.124
0.128
0.13
0.132
0.133
0.133
0.132
0.13
0.128
0.125
0.123
0.122
0.12
0.117
0.114
0.11
0.107
0.103
0.099
0.095
0.09
0.086
0.081
0.076
0.07
0.061
0.044
0.029
0.008
-0.017
-0.032
-0.042
-0.049
-0.049
-0.039
-0.025
-0.013
0.0
0.011
0.019
0.027
0.043
0.069
0.085
0.094
0.1
0.104
0.103
0.1
0.093
0.084
0.068
0.038
0.004
-0.026
-0.043
-0.052
-0.058
-0.064
-0.068
-0.072
-0.076
-0.079
-0.082
-0.086
-0.089
-0.09
-0.087
-0.082
-0.074
-0.064
-0.05
-0.029
-0.013
0.001
0.017
0.034
0.043
0.048
0.053
0.057
0.06
0.062
0.062
0.061
0.06
0.059
0.057
0.057
0.056
0.055
0.054
0.052
0.051
0.049
0.048
0.047
0.045
0.043
0.041
0.038
0.036
0.032
0.029
0.024
0.016
0.0
-0.008
-0.013
-0.016
-0.019
-0.022
-0.024
-0.026
-0.027
-0.026
-0.023
-0.018
-0.011
-0.003
0.008
0.03
0.048
0.065
0.084
0.103
0.123
0.142
0.156
0.164
0.17
0.174
0.178
0.182
0.187
0.191
0.196
0.203
0.213
0.231
0.247
0.261
0.273
0.279
0.272
0.257
0.239
0.216
0.2
0.188
0.178
0.171
0.172
0.182
0.195
0.205
0.218
0.227
0.227
0.217
0.201
0.175
0.136
0.096
0.057
0.034
0.019
0.01
0.008
0.014
0.025
0.041
0.074
0.115
0.151
0.186
0.206
0.214
0.219
0.204
0.159
0.079
-0.031
-0.146
-0.238
-0.285
-0.3
-0.288
-0.25
-0.203
-0.188
-0.18
-0.175
-0.171
-0.168
-0.166
-0.164
-0.162
-0.16
-0.158
-0.156
-0.154
-0.151
-0.148
-0.145
-0.142
-0.139
-0.136
-0.132
-0.128
-0.124
-0.12
-0.116
-0.112
-0.107
-0.101
-0.096
-0.091
-0.086
-0.08
-0.075
-0.068
-0.063
-0.058
-0.055
-0.05
-0.043
-0.028
-0.005
0.026
0.071
0.123
0.176
0.23
0.281
0.318
0.341
0.353
0.361
0.367
0.37
0.369
0.365
0.358
0.348
0.311
0.26
0.217
0.205
0.197
0.187
0.179
0.168
0.128
0.074
0.019
-0.008
-0.024
-0.033
-0.042
-0.052
-0.064
-0.08
-0.1
-0.118
-0.133
-0.145
-0.154
-0.16
-0.164
-0.167
-0.17
-0.172
-0.171
-0.165
-0.154
-0.141
-0.124
-0.097
-0.072
-0.058
-0.049
-0.043
-0.037
-0.032
-0.028
-0.022
-0.018
-0.014
-0.009
-0.003
0.005
0.026
0.064
0.098
0.127
0.152
0.183
0.212
0.229
0.243
0.254
0.262
0.267
0.272
0.276
0.279
0.281
0.284
0.287
0.29
0.292
0.294
0.296
0.298
0.301
0.304
0.308
0.311
0.312
0.314
0.315
0.316
0.315
0.313
0.311
0.306
0.302
0.297
0.293
0.285
0.264
0.239
0.212
0.197
0.191
0.186
0.183
0.18
0.176
0.171
0.166
0.162
0.158
0.154
0.148
0.138
0.119
0.102
0.092
0.084
0.079
0.075
0.074
0.075
0.077
0.079
0.082
0.085
0.089
0.091
0.09
0.086
0.078
0.067
0.048
0.018
-0.006
-0.032
-0.057
-0.087
-0.116
-0.136
-0.146
-0.152
-0.156
-0.159
-0.161
-0.163
-0.164
-0.164
-0.165
-0.164
-0.163
-0.161
-0.158
-0.153
-0.147
-0.142
-0.129
-0.104
-0.069
-0.023
0.028
0.082
0.127
0.145
0.147
0.134
0.095
0.019
-0.066
-0.145
-0.199
-0.218
-0.204
-0.181
-0.16
-0.154
-0.153
-0.152
-0.15
-0.149
-0.148
-0.147
-0.146
-0.145
-0.145
-0.144
-0.144
-0.144
-0.144
-0.144
-0.143
-0.142
-0.141
-0.139
-0.137
-0.136
-0.135
-0.133
-0.132
-0.131
-0.129
-0.128
-0.126
-0.124
-0.12
-0.114
-0.106
-0.099
-0.093
-0.085
-0.07
-0.045
-0.026
-0.014
-0.002
0.009
0.017
0.024
0.031
0.037
0.042
0.047
0.052
0.057
0.063
0.068
0.074
0.081
0.088
0.094
0.1
0.106
0.11
0.11
0.106
0.1
0.091
0.076
0.049
0.02
-0.004
-0.02
-0.031
-0.043
-0.054
-0.067
-0.082
-0.098
-0.109
-0.118
-0.125
-0.131
-0.138
-0.142
-0.145
-0.148
-0.15
-0.152
-0.154
-0.156
-0.157
-0.159
-0.16
-0.16
-0.16
-0.16
-0.159
-0.157
-0.155
-0.152
-0.15
-0.147
-0.144
-0.141
-0.137
-0.13
-0.116
-0.111
-0.109
-0.106
-0.104
-0.103
-0.102
-0.102
-0.103
-0.104
-0.105
-0.106
-0.107
-0.109
-0.11
-0.11
-0.105
-0.098
-0.092
-0.088
-0.085
-0.082
-0.079
-0.076
-0.073
-0.07
-0.068
-0.066
-0.064
-0.063
-0.062
-0.061
-0.06
-0.059
-0.058
-0.057
-0.056
-0.054
-0.051
-0.048
-0.045
-0.04
-0.035
-0.03
-0.025
-0.021
-0.018
-0.015
-0.013
-0.011
-0.009
-0.007
-0.005
-0.003
0.0
0.002
0.004
0.006
0.008
0.01
0.011
0.013
0.015
0.018
0.021
0.024
0.029
0.034
0.04
0.044
0.048
0.051
0.053
0.056
0.059
0.063
0.068
0.074
0.083
0.092
0.098
0.104
0.109
0.114
0.116
0.117
0.115
0.11
0.104
0.098
0.093
0.09
0.086
0.082
0.077
0.073
0.069
0.067
0.065
0.064
0.063
0.063
0.064
0.065
0.069
0.073
0.077
0.082
0.091
0.11
0.141
0.182
0.237
0.299
0.354
0.387
0.399
0.398
0.38
0.327
0.255
0.173
0.096
0.038
0.006
-0.005
0.005
0.038
0.079
0.094
0.102
0.108
0.107
0.092
0.084
0.079
0.075
0.071
0.067
0.065
0.063
0.062
0.061
0.06
0.061
0.062
0.064
0.066
0.069
0.073
0.077
0.086
0.111
0.14
0.17
0.202
0.232
0.261
0.289
0.309
0.324
0.343
0.354
0.361
0.367
0.371
0.374
0.374
0.372
0.368
0.364
0.358
0.35
0.335
0.323
0.312
0.303
0.293
0.283
0.271
0.258
0.244
0.236
0.23
0.224
0.217
0.208
0.198
0.183
0.164
0.151
0.14
0.127
0.106
0.089
0.078
0.069
0.062
0.058
0.054
0.046
0.026
0.0
-0.023
-0.039
-0.052
-0.063
-0.075
-0.086
-0.088
-0.09
-0.091
-0.091
-0.093
-0.095
-0.098
-0.101
-0.105
-0.108
-0.112
-0.116
-0.12
-0.125
-0.131
-0.136
-0.139
-0.142
-0.144
-0.146
-0.148
-0.149
-0.15
-0.151
-0.153
-0.154
-0.155
-0.156
-0.157
-0.157
-0.157
-0.156
-0.156
-0.155
-0.154
-0.153
-0.152
-0.152
-0.152
-0.153
-0.154
-0.156
-0.157
-0.159
-0.161
-0.163
-0.166
-0.169
-0.171
-0.173
-0.175
-0.177
-0.179
-0.181
-0.184
-0.187
-0.189
-0.191
-0.192
-0.192
-0.192
-0.192
-0.191
-0.19
-0.189
-0.187
-0.186
-0.184
-0.183
-0.182
-0.182
-0.183
-0.183
-0.183
-0.182
-0.181
-0.18
-0.18
-0.179
-0.178
-0.176
-0.174
-0.171
-0.168
-0.165
-0.162
-0.159
-0.153
-0.146
-0.141
-0.138
-0.135
-0.132
-0.128
-0.125
-0.125
-0.131
-0.139
-0.146
-0.155
-0.162
-0.168
-0.173
-0.178
-0.183
-0.187
-0.19
-0.191
-0.19
-0.187
-0.181
-0.176
-0.169
-0.159
-0.149
-0.138
-0.122
-0.098
-0.083
-0.074
-0.067
-0.061
-0.055
-0.051
-0.048
-0.046
-0.043
-0.042
-0.04
-0.04
-0.042
-0.044
-0.048
-0.052
-0.056
-0.06
-0.066
-0.073
-0.08
-0.086
-0.092
-0.096
-0.1
-0.105
-0.109
-0.114
-0.118
-0.123
-0.128
-0.135
-0.139
-0.136
-0.128
-0.105
-0.068
-0.013
0.055
0.135
0.211
0.274
0.31
0.323
0.31
0.272
0.203
0.115
0.024
-0.054
-0.102
-0.118
-0.111
-0.091
-0.059
-0.026
-0.014
-0.01
-0.013
-0.018
-0.022
-0.026
-0.028
-0.03
-0.029
-0.025
-0.019
-0.013
-0.008
-0.004
0.0
0.005
0.01
0.014
0.018
0.023
0.027
0.033
0.039
0.044
0.05
0.054
0.059
0.063
0.068
0.072
0.078
0.084
0.091
0.1
0.112
0.122
0.131
0.145
0.168
0.187
0.199
0.209
0.219
0.228
0.237
0.246
0.256
0.263
0.271
0.277
0.28
0.282
0.283
0.286
0.289
0.287
0.275
0.266
0.258
0.25
0.239
0.228
0.218
0.206
0.197
0.192
0.189
0.183
0.164
0.146
0.138
0.131
0.122
0.114
0.106
0.095
0.079
0.063
0.05
0.039
0.024
0.007
-0.003
-0.01
-0.017
-0.023
-0.028
-0.032
-0.035
-0.038
-0.041
-0.044
-0.046
-0.048
-0.049
-0.05
-0.051
-0.052
-0.053
-0.054
-0.055
-0.056
-0.058
-0.059
-0.06
-0.061
-0.061
-0.062
-0.062
-0.063
-0.063
-0.063
-0.064
-0.064
-0.064
-0.064
-0.065
-0.064
-0.064
-0.063
-0.062
-0.06
-0.059
-0.057
-0.055
-0.054
-0.052
-0.05
-0.049
-0.048
-0.046
-0.045
-0.043
-0.038
-0.033
-0.031
-0.035
-0.043
-0.052
-0.058
-0.065
-0.072
-0.077
-0.078
-0.075
-0.069
-0.062
-0.057
-0.054
-0.052
-0.05
-0.048
-0.046
-0.045
-0.044
-0.042
-0.041
-0.039
-0.038
-0.038
-0.038
-0.039
-0.039
-0.039
-0.04
-0.04
-0.041
-0.042
-0.043
-0.044
-0.044
-0.045
-0.045
-0.046
-0.047
-0.047
-0.047
-0.047
-0.046
-0.045
-0.044
-0.043
-0.043
-0.042
-0.041
-0.041
-0.04
-0.04
-0.039
-0.038
-0.037
-0.036
-0.034
-0.032
-0.031
-0.03
-0.029
-0.029
-0.03
-0.029
-0.029
-0.029
-0.028
-0.028
-0.027
-0.026
-0.023
-0.021
-0.019
-0.017
-0.015
-0.014
-0.012
-0.009
-0.007
-0.004
0.0
0.004
0.016
0.027
0.036
0.045
0.055
0.069
0.087
0.101
0.112
0.12
0.125
0.128
0.131
0.133
0.136
0.137
0.137
0.133
0.124
0.114
0.099
0.078
0.066
0.061
0.056
0.052
0.048
0.046
0.045
0.044
0.043
0.043
0.044
0.046
0.049
0.053
0.059
0.065
0.077
0.102
0.148
0.195
0.252
0.308
0.355
0.402
0.42
0.43
0.438
0.418
0.356
0.269
0.169
0.077
0.007
-0.015
-0.007
0.019
0.064
0.077
0.079
0.081
0.082
0.08
0.072
0.064
0.061
0.059
0.057
0.055
0.053
0.051
0.048
0.045
0.043
0.042
0.042
0.041
0.042
0.043
0.045
0.048
0.051
0.055
0.059
0.063
0.067
0.071
0.075
0.079
0.085
0.093
0.099
0.104
0.108
0.113
0.116
0.12
0.124
0.129
0.133
0.137
0.143
0.149
0.155
0.161
0.165
0.17
0.175
0.18
0.183
0.186
0.188
0.188
0.188
0.185
0.182
0.178
0.173
0.167
0.159
0.145
0.131
0.118
0.097
0.067
0.042
0.024
0.006
-0.01
-0.027
-0.044
-0.053
-0.059
-0.064
-0.069
-0.075
-0.081
-0.088
-0.094
-0.099
-0.103
-0.106
-0.109
-0.112
-0.115
-0.117
-0.119
-0.122
-0.125
-0.128
-0.13
-0.132
-0.135
-0.137
-0.139
-0.14
-0.14
-0.141
-0.142
-0.142
-0.143
-0.144
-0.145
-0.146
-0.147
-0.148
-0.15
-0.151
-0.151
-0.152
-0.153
-0.154
-0.154
-0.154
-0.153
-0.153
-0.153
-0.153
-0.152
-0.151
-0.15
-0.15
-0.149
-0.149
-0.148
-0.148
-0.148
-0.149
-0.149
-0.149
-0.148
-0.148
-0.147
-0.146
-0.145
-0.145
-0.144
-0.144
-0.144
-0.144
-0.144
-0.145
-0.146
-0.146
-0.146
-0.145
-0.145
-0.144
-0.144
-0.144
-0.143
-0.143
-0.143
-0.143
-0.144
-0.145
-0.146
-0.146
-0.145
-0.145
-0.144
-0.143
-0.141
-0.14
-0.137
-0.132
-0.125
-0.118
-0.113
-0.11
-0.108
-0.105
-0.103
-0.1
-0.098
-0.096
-0.094
-0.092
-0.09
-0.088
-0.086
-0.084
-0.083
-0.082
-0.081
-0.081
-0.08
-0.078
-0.075
-0.072
-0.069
-0.064
-0.059
-0.051
-0.041
-0.031
-0.022
-0.013
-0.007
-0.001
0.003
0.008
0.012
0.016
0.017
0.017
0.015
0.012
0.007
0.002
-0.003
-0.01
-0.018
-0.03
-0.042
-0.051
-0.059
-0.067
-0.075
-0.081
-0.084
-0.081
-0.073
-0.062
-0.052
-0.042
-0.03
-0.02
-0.011
0.0
0.018
0.037
0.086
0.142
0.208
0.276
0.341
0.357
0.361
0.347
0.269
0.159
0.038
-0.069
-0.138
-0.161
-0.151
-0.123
-0.068
-0.025
-0.017
-0.01
-0.006
-0.002
0.0
0.002
0.006
0.009
0.012
0.015
0.017
0.02
0.022
0.026
0.033
0.042
0.051
0.06
0.066
0.069
0.072
0.076
0.079
0.082
0.085
0.088
0.092
0.095
0.098
0.101
0.105
0.109
0.113
0.117
0.123
0.129
0.135
0.141
0.147
0.153
0.159
0.165
0.171
0.179
0.186
0.192
0.196
0.199
0.201
0.202
0.204
0.206
0.207
0.208
0.21
0.211
0.212
0.213
0.213
0.21
0.206
0.201
0.194
0.187
0.179
0.167
0.154
0.143
0.133
0.119
0.101
0.083
0.071
0.062
0.054
0.046
0.038
0.031
0.023
0.015
0.007
0.003
0.0
-0.002
-0.003
-0.004
-0.006
-0.007
-0.008
-0.008
-0.009
-0.009
-0.009
-0.009
-0.009
-0.008
-0.007
-0.005
-0.004
-0.002
-0.001
0.0
0.001
0.002
0.003
0.005
0.006
0.007
0.007
0.008
0.009
0.009
0.01
0.01
0.011
0.012
0.013
0.015
0.017
0.019
0.02
0.021
0.022
0.023
0.023
0.021
0.019
0.016
0.012
0.009
0.006
0.003
0.001
0.0
-0.002
-0.005
-0.006
-0.008
-0.009
-0.01
-0.012
-0.014
-0.015
-0.016
-0.016
-0.016
-0.015
-0.014
-0.013
-0.012
-0.011
-0.01
-0.009
-0.008
-0.007
-0.007
-0.006
-0.006
-0.005
-0.005
-0.004
-0.004
-0.005
-0.006
-0.007
-0.009
-0.01
-0.011
-0.012
-0.013
-0.013
-0.014
-0.014
-0.014
-0.014
-0.014
-0.014
-0.015
-0.016
-0.016
-0.016
-0.016
-0.016
-0.015
-0.015
-0.015
-0.014
-0.013
-0.012
-0.011
-0.009
-0.008
-0.006
-0.004
-0.001
0.006
0.014
0.023
0.029
0.035
0.04
0.045
0.051
0.057
0.064
0.073
0.084
0.09
0.092
0.094
0.096
0.098
0.097
0.089
0.078
0.066
0.053
0.041
0.03
0.023
0.017
0.012
0.007
0.003
0.0
-0.004
-0.008
-0.011
-0.015
-0.02
-0.025
-0.028
-0.03
-0.029
-0.026
-0.021
-0.013
0.012
0.048
0.094
0.145
0.202
0.261
0.311
0.33
0.342
0.34
0.303
0.219
0.121
0.032
-0.03
-0.061
-0.072
-0.061
-0.041
-0.02
-0.009
-0.001
0.003
0.003
-0.002
-0.009
-0.015
-0.02
-0.024
-0.027
-0.029
-0.028
-0.026
-0.023
-0.02
-0.018
-0.016
-0.015
-0.012
-0.01
-0.008
-0.006
-0.003
-0.001
0.0
0.003
0.005
0.008
0.011
0.015
0.022
0.03
0.04
0.05
0.058
0.065
0.072
0.078
0.084
0.09
0.095
0.101
0.107
0.114
0.12
0.127
0.133
0.141
0.151
0.157
0.16
0.163
0.166
0.168
0.169
0.169
0.167
0.163
0.157
0.15
0.142
0.129
0.118
0.109
0.097
0.084
0.071
0.058
0.045
0.031
0.017
0.004
-0.008
-0.021
-0.034
-0.045
-0.054
-0.061
-0.067
-0.072
-0.075
-0.077
-0.079
-0.081
-0.083
-0.085
-0.085
-0.085
-0.084
-0.083
-0.082
-0.081
-0.079
-0.077
-0.074
-0.072
-0.071
-0.07
-0.07
-0.07
-0.07
-0.07
-0.07
-0.071
-0.071
-0.072
-0.072
-0.072
-0.072
-0.072
-0.072
-0.072
-0.071
-0.07
-0.069
-0.068
-0.068
-0.068
-0.067
-0.066
-0.065
-0.065
-0.066
-0.066
-0.067
-0.068
-0.068
-0.07
-0.071
-0.073
-0.074
-0.075
-0.075
-0.075
-0.075
-0.076
-0.077
-0.078
-0.079
-0.08
-0.08
-0.081
-0.082
-0.082
-0.081
-0.08
-0.078
-0.077
-0.075
-0.073
-0.072
-0.071
-0.07
-0.069
-0.068
-0.067
-0.066
-0.064
-0.063
-0.062
-0.061
-0.06
-0.06
-0.059
-0.06
-0.061
-0.063
-0.065
-0.067
-0.07
-0.072
-0.075
-0.08
-0.086
-0.092
-0.1
-0.111
-0.124
-0.137
-0.15
-0.162
-0.173
-0.18
-0.187
-0.191
-0.191
-0.187
-0.179
-0.167
-0.145
-0.123
-0.108
-0.097
-0.087
-0.077
-0.064
-0.047
-0.031
-0.022
-0.018
-0.013
-0.005
0.005
0.018
0.034
0.046
0.056
0.064
0.074
0.084
0.101
0.119
0.126
0.13
0.133
0.135
0.136
0.134
0.131
0.126
0.119
0.106
0.084
0.064
0.042
0.02
-0.003
-0.029
-0.053
-0.075
-0.096
-0.107
-0.112
-0.116
-0.119
-0.121
-0.122
-0.122
-0.12
-0.116
-0.112
-0.105
-0.082
-0.049
-0.005
0.052
0.118
0.183
0.235
0.252
0.259
0.254
0.213
0.142
0.043
-0.065
-0.161
-0.198
-0.21
-0.195
-0.151
-0.108
-0.067
-0.046
-0.029
-0.009
0.013
0.026
0.031
0.036
0.024
0.003
-0.014
-0.023
-0.029
-0.032
-0.032
-0.024
-0.013
-0.003
0.009
0.018
0.025
0.032
0.039
0.048
0.058
0.066
0.074
0.082
0.09
0.098
0.108
0.12
0.129
0.136
0.143
0.151
0.158
0.167
0.173
0.179
0.184
0.19
0.195
0.201
0.208
0.215
0.222
0.23
0.237
0.245
0.253
0.259
0.263
0.266
0.268
0.271
0.274
0.275
0.275
0.272
0.266
0.258
0.243
0.222
0.207
0.189
0.173
0.161
0.147
0.138
0.133
0.129
0.126
0.122
0.118
0.115
0.11
0.105
0.096
0.082
0.067
0.055
0.046
0.038
0.03
0.023
0.016
0.009
0.003
-0.003
-0.01
-0.018
-0.029
-0.043
-0.055
-0.067
-0.079
-0.094
-0.101
-0.105
-0.109
-0.113
-0.116
-0.119
-0.121
-0.123
-0.125
-0.125
-0.125
-0.124
-0.123
-0.122
-0.121
-0.12
-0.119
-0.118
-0.116
-0.115
-0.114
-0.113
-0.109
-0.106
-0.106
-0.111
-0.118
-0.125
-0.133
-0.143
-0.155
-0.162
-0.168
-0.174
-0.178
-0.18
-0.181
-0.18
-0.177
-0.174
-0.172
-0.17
-0.169
-0.168
-0.166
-0.165
-0.164
-0.163
-0.162
-0.16
-0.159
-0.158
-0.157
-0.156
-0.156
-0.156
-0.156
-0.156
-0.156
-0.157
-0.156
-0.156
-0.155
-0.153
-0.152
-0.15
-0.148
-0.147
-0.146
-0.145
-0.143
-0.136
-0.116
-0.093
-0.077
-0.069
-0.063
-0.064
-0.072
-0.079
-0.085
-0.089
-0.089
-0.082
-0.07
-0.051
-0.023
0.018
0.065
0.105
0.121
0.135
0.142
0.146
0.149
0.153
0.155
0.157
0.159
0.16
0.16
0.16
0.159
0.158
0.156
0.153
0.15
0.146
0.142
0.137
0.13
0.117
0.105
0.093
0.079
0.063
0.044
0.024
0.005
-0.007
-0.02
-0.032
-0.046
-0.064
-0.087
-0.107
-0.122
-0.137
-0.157
-0.184
-0.206
-0.223
-0.236
-0.244
-0.249
-0.253
-0.257
-0.261
-0.265
-0.268
-0.271
-0.278
-0.288
-0.289
-0.279
-0.253
-0.208
-0.156
-0.103
-0.05
-0.029
-0.014
-0.017
-0.058
-0.127
-0.208
-0.292
-0.375
-0.442
-0.471
-0.48
-0.463
-0.436
-0.406
-0.388
-0.379
-0.373
-0.366
-0.359
-0.353
-0.349
-0.345
-0.341
-0.337
-0.334
-0.331
-0.328
-0.325
-0.321
-0.316
-0.309
-0.303
-0.296
-0.287
-0.278
-0.271
-0.266
-0.262
-0.258
-0.255
-0.252
-0.249
-0.247
-0.244
-0.242
-0.24
-0.238
-0.237
-0.234
-0.23
-0.226
-0.215
-0.194
-0.174
-0.153
-0.135
-0.121
-0.103
-0.091
-0.084
-0.077
-0.072
-0.066
-0.061
-0.057
-0.052
-0.048
-0.043
-0.039
-0.035
-0.032
-0.031
-0.033
-0.035
-0.04
-0.046
-0.053
-0.064
-0.084
-0.098
-0.111
-0.125
-0.138
-0.15
-0.163
-0.179
-0.193
-0.205
-0.216
-0.227
-0.244
-0.268
-0.309
-0.356
-0.411
-0.469
-0.529
-0.554
-0.574
-0.571
-0.522
-0.441
-0.354
-0.277
-0.244
-0.224
