0.038
0.031
0.023
0.009
-0.009
0.035
0.065
0.079
0.089
0.099
0.108
0.119
0.132
0.145
0.16
0.174
0.186
0.198
0.21
0.223
0.237
0.25
0.262
0.271
0.277
0.282
0.288
0.295
0.304
0.31
0.318
0.329
0.338
0.336
0.319
0.293
0.262
0.219
0.166
0.127
0.101
0.078
0.058
0.043
0.031
0.015
-0.004
-0.025
-0.049
-0.067
-0.084
-0.098
-0.106
-0.108
-0.107
-0.104
-0.1
-0.094
-0.086
-0.077
-0.073
-0.076
-0.087
-0.098
-0.103
-0.108
-0.115
-0.122
-0.129
-0.133
-0.136
-0.137
-0.136
-0.134
-0.132
-0.128
-0.122
-0.116
-0.111
-0.105
-0.099
-0.091
-0.083
-0.076
-0.073
-0.074
-0.077
-0.081
-0.086
-0.092
-0.105
-0.109
-0.103
-0.099
-0.095
-0.092
-0.089
-0.085
-0.081
-0.074
-0.063
-0.048
-0.035
-0.024
-0.013
0.005
0.023
0.031
0.026
0.012
-0.005
-0.031
-0.063
-0.073
-0.075
-0.077
-0.081
-0.085
-0.088
-0.09
-0.09
-0.09
-0.088
-0.087
-0.085
-0.082
-0.079
-0.076
-0.073
-0.069
-0.067
-0.065
-0.064
-0.063
-0.062
-0.06
-0.058
-0.056
-0.056
-0.057
-0.058
-0.058
-0.057
-0.056
-0.054
-0.053
-0.053
-0.053
-0.051
-0.049
-0.047
-0.046
-0.046
-0.045
-0.042
-0.038
-0.034
-0.033
-0.035
-0.038
-0.043
-0.047
-0.053
-0.064
-0.064
-0.046
-0.033
-0.021
-0.01
-0.002
0.0
-0.004
-0.009
-0.014
-0.015
-0.019
-0.023
-0.028
-0.031
-0.034
-0.035
-0.035
-0.033
-0.031
-0.028
-0.023
-0.017
-0.012
-0.008
-0.004
0.001
0.009
0.015
0.019
0.019
0.016
0.011
0.005
0.0
-0.01
-0.02
-0.022
-0.016
-0.008
-0.004
0.0
0.003
0.008
0.013
0.017
0.02
0.022
0.022
0.02
0.018
0.015
0.012
0.009
0.004
-0.001
-0.006
-0.012
-0.02
-0.038
-0.049
-0.039
-0.019
-0.004
0.009
0.02
0.024
0.016
-0.002
-0.023
-0.046
-0.08
-0.081
-0.044
0.054
0.192
0.368
0.57
0.779
0.973
1.081
1.116
1.061
0.895
0.643
0.371
0.144
0.004
-0.064
-0.095
-0.112
-0.124
-0.133
-0.137
-0.133
-0.123
-0.11
-0.099
-0.088
-0.075
-0.061
-0.048
-0.04
-0.039
-0.04
-0.044
-0.049
-0.055
-0.064
-0.081
-0.084
-0.072
-0.066
-0.063
-0.059
-0.055
-0.051
-0.047
-0.043
-0.039
-0.036
-0.035
-0.036
-0.037
-0.037
-0.036
-0.033
-0.03
-0.027
-0.023
-0.018
-0.011
-0.003
0.003
0.009
0.014
