-0.085
-0.099
-0.113
-0.128
-0.139
-0.147
-0.153
-0.16
-0.166
-0.172
-0.179
-0.186
-0.194
-0.205
-0.216
-0.227
-0.236
-0.243
-0.248
-0.253
-0.257
-0.26
-0.263
-0.267
-0.27
-0.273
-0.277
-0.281
-0.286
-0.293
-0.308
-0.327
-0.34
-0.351
-0.358
-0.361
-0.357
-0.346
-0.329
-0.276
-0.187
-0.074
0.046
0.163
0.262
0.318
0.337
0.322
0.274
0.17
0.029
-0.126
-0.281
-0.42
-0.533
-0.616
-0.665
-0.683
-0.689
-0.684
-0.671
-0.658
-0.64
-0.62
-0.605
-0.593
-0.584
-0.574
-0.566
-0.56
-0.555
-0.551
-0.548
-0.546
-0.543
-0.54
-0.536
-0.533
-0.53
-0.526
-0.523
-0.518
-0.511
-0.499
-0.486
-0.473
-0.466
-0.461
-0.457
-0.453
-0.45
-0.447
-0.443
-0.44
-0.436
-0.433
-0.429
-0.424
-0.416
-0.403
-0.39
-0.379
-0.371
-0.365
-0.358
-0.352
-0.346
-0.341
-0.334
-0.325
-0.313
-0.301
-0.288
-0.276
-0.263
-0.248
-0.231
-0.221
-0.215
-0.21
-0.205
-0.202
-0.198
-0.195
-0.192
-0.19
-0.188
-0.185
-0.183
-0.181
-0.179
-0.177
-0.175
-0.173
-0.17
-0.167
-0.164
-0.16
-0.156
-0.15
-0.145
-0.139
-0.134
-0.128
-0.122
-0.116
-0.11
-0.105
-0.102
-0.099
-0.095
-0.091
-0.086
-0.076
-0.065
-0.049
-0.039
-0.031
-0.024
-0.018
-0.013
-0.009
-0.007
-0.004
-0.002
-0.001
0.0
0.0
0.0
0.001
0.001
0.002
0.003
0.003
0.003
0.002
0.001
0.0
0.0
-0.002
-0.004
-0.006
-0.008
-0.009
-0.011
-0.013
-0.014
-0.016
-0.016
-0.015
-0.012
-0.005
0.003
0.017
0.046
0.068
0.082
0.095
0.108
0.124
0.142
0.16
0.178
0.196
0.214
0.232
0.25
0.264
0.271
0.276
0.28
0.284
0.287
0.288
0.289
0.289
0.288
0.285
0.282
0.277
0.271
0.265
0.259
0.253
0.248
0.242
0.235
0.229
0.225
0.222
0.222
0.223
0.227
0.232
0.238
0.244
0.249
0.255
0.262
0.267
0.272
0.275
0.276
0.274
0.271
0.265
0.258
0.25
0.237
0.214
0.198
0.179
0.15
0.123
0.105
0.103
0.11
0.13
0.194
0.29
0.397
0.507
0.599
0.65
0.666
0.646
0.585
0.47
0.329
0.17
0.004
-0.148
-0.275
-0.361
-0.398
-0.411
-0.397
-0.371
-0.341
-0.315
-0.297
-0.291
-0.286
-0.28
-0.282
-0.299
-0.323
-0.356
-0.377
-0.389
-0.399
-0.407
-0.415
-0.423
-0.429
-0.434
-0.439
-0.444
-0.451
-0.457
-0.463
-0.468
-0.473
-0.477
-0.481
-0.486
-0.49
-0.494
-0.498
-0.502
-0.506
-0.509
-0.513
-0.516
-0.519
-0.523
-0.526
-0.528
-0.53
-0.529
-0.526
-0.522
-0.516
-0.511
-0.505
-0.498
-0.492
-0.485
-0.478
-0.471
-0.465
-0.46
-0.455
-0.451
-0.448
-0.445
-0.442
-0.439
-0.436
-0.432
-0.428
-0.424
-0.42
-0.416
-0.41
-0.401
-0.383
-0.363
-0.353
-0.346
-0.341
-0.337
-0.334
-0.332
-0.332
-0.333
-0.334
-0.336
-0.338
-0.341
-0.343
-0.346
-0.35
-0.354
-0.358
-0.36
-0.358
-0.352
-0.344
-0.336
-0.328
-0.32
-0.312
-0.304
-0.296
-0.289
-0.283
-0.276
-0.267
-0.253
-0.242
-0.231
-0.225
-0.22
-0.216
-0.212
-0.208
-0.204
-0.2
-0.197
-0.194
-0.191
-0.189
-0.185
-0.18
-0.176
-0.174
-0.175
-0.182
-0.192
-0.202
-0.21
-0.222
-0.233
-0.237
-0.238
-0.238
-0.239
-0.239
-0.239
-0.24
-0.232
-0.217
-0.205
-0.192
-0.181
-0.171
-0.163
-0.154
-0.144
-0.135
-0.126
-0.118
-0.106
-0.09
-0.072
-0.047
-0.018
0.0
0.009
0.018
0.028
0.038
0.047
0.056
0.065
0.071
0.077
0.081
0.085
0.088
0.09
0.092
0.093
0.094
0.094
0.094
0.093
0.091
0.09
0.087
0.085
0.082
0.078
0.073
0.068
0.065
0.068
0.076
0.087
0.1
0.121
0.137
0.15
0.162
0.175
0.189
0.203
0.216
0.229
0.242
0.253
0.264
0.273
0.28
0.287
0.302
0.324
0.36
0.426
0.523
0.653
0.809
0.984
1.162
1.308
1.377
1.374
1.287
1.098
0.86
0.625
0.42
0.263
0.161
0.116
0.099
0.098
0.112
0.133
0.163
0.196
0.224
0.241
0.252
0.263
0.275
0.288
0.304
0.326
0.335
0.339
0.343
0.346
0.348
0.35
0.352
0.354
0.355
0.356
0.357
0.358
0.359
0.36
0.36
0.36
0.36
0.361
0.361
0.363
0.364
0.366
0.367
0.368
0.369
0.37
0.371
0.371
0.371
0.371
0.372
0.373
0.374
0.375
0.376
0.377
0.378
0.378
0.378
0.377
0.375
0.372
0.369
0.366
0.363
0.36
0.356
0.352
0.347
0.335
0.325
0.316
0.311
0.308
0.304
0.301
0.298
0.295
0.292
0.288
0.285
0.281
0.278
0.275
0.271
0.266
0.259
0.252
0.248
0.249
0.254
0.262
0.274
0.295
0.331
0.369
0.4
0.418
0.43
0.43
0.416
0.378
0.323
0.255
0.184
0.113
0.053
0.006
-0.01
-0.016
-0.012
0.0
0.018
0.048
0.082
0.115
0.168
0.234
0.309
0.389
0.459
0.506
0.522
0.511
0.48
0.427
0.369
0.316
0.28
0.241
0.209
0.164
0.115
0.064
0.015
-0.035
-0.07
-0.101
-0.124
-0.141
-0.153
-0.165
-0.178
-0.191
-0.208
-0.226
-0.243
-0.25
-0.252
-0.255
-0.258
-0.261
-0.265
-0.27
-0.275
-0.279
-0.284
-0.288
-0.293
-0.299
-0.305
-0.312
-0.318
-0.324
-0.329
-0.333
-0.338
-0.341
-0.341
-0.341
-0.338
-0.335
-0.331
-0.327
-0.323
-0.319
-0.314
-0.305
-0.284
-0.264
-0.242
-0.224
-0.21
-0.194
-0.179
-0.162
-0.14
-0.111
-0.082
-0.056
-0.03
-0.006
0.015
0.041
0.072
0.101
0.125
0.149
0.173
0.2
0.232
0.26
0.29
0.319
0.346
0.374
0.394
0.408
0.418
0.426
0.436
0.442
0.465
0.505
0.567
0.658
0.792
0.961
1.161
1.377
1.58
1.739
1.791
1.779
1.656
1.442
1.192
0.956
0.769
0.633
0.549
0.524
0.516
0.52
0.538
0.565
0.596
0.62
0.638
0.649
0.657
0.662
0.666
0.668
0.668
0.659
0.651
0.635
0.612
0.589
0.564
0.542
0.521
0.498
0.479
0.461
0.441
0.421
0.406
0.397
0.388
0.379
0.364
0.344
0.319
0.293
0.274
0.263
0.255
0.24
0.218
0.2
0.186
0.177
0.172
0.167
0.163
0.153
0.136
0.12
0.109
0.104
0.095
0.086
0.077
0.064
0.054
0.041
0.032
0.029
0.023
0.018
0.013
0.01
0.009
0.006
0.005
0.004
0.004
0.005
0.002
0.002
0.004
0.005
0.007
0.008
0.01
0.011
0.011
0.012
0.01
0.01
0.01
0.011
0.013
0.012
0.012
0.009
0.007
0.008
0.008
0.011
0.012
0.011
0.009
0.005
0.002
0.0
-0.002
-0.01
-0.024
-0.032
-0.036
-0.04
-0.042
-0.046
-0.048
-0.05
-0.051
-0.051
-0.054
-0.057
-0.064
-0.073
-0.081
-0.091
-0.097
-0.104
-0.11
-0.114
-0.119
-0.125
-0.13
-0.134
-0.138
-0.14
-0.143
-0.145
-0.147
-0.151
-0.155
-0.162
-0.168
-0.172
-0.177
-0.179
-0.182
-0.184
-0.186
-0.188
-0.191
-0.195
-0.197
-0.198
-0.198
-0.199
-0.203
-0.205
-0.208
-0.213
-0.216
-0.221
-0.223
-0.224
-0.224
-0.222
-0.223
-0.223
-0.221
-0.217
-0.212
-0.205
-0.194
-0.186
-0.182
-0.179
-0.177
-0.177
-0.179
-0.182
-0.182
-0.184
-0.185
-0.187
-0.189
-0.188
-0.188
-0.189
-0.191
-0.196
-0.2
-0.204
-0.21
-0.223
-0.234
-0.242
-0.255
-0.272
-0.291
-0.301
-0.305
-0.308
-0.307
-0.304
-0.303
-0.3
-0.299
-0.297
-0.294
-0.292
-0.289
-0.288
-0.286
-0.284
-0.283
-0.281
-0.281
-0.283
-0.285
-0.288
-0.288
-0.285
-0.261
-0.207
-0.124
-0.009
0.14
0.319
0.511
0.695
0.834
0.895
0.856
0.72
0.505
0.251
0.003
-0.213
-0.381
-0.488
-0.538
-0.555
-0.544
-0.514
-0.467
-0.425
-0.39
-0.365
-0.35
-0.336
-0.322
-0.309
-0.295
-0.28
-0.267
-0.252
-0.238
-0.222
-0.209
-0.198
-0.189
-0.181
-0.172
-0.164
-0.157
-0.151
-0.145
-0.139
-0.134
-0.124
-0.105
-0.087
-0.076
-0.068
-0.061
-0.052
-0.042
-0.033
-0.024
-0.017
-0.011
-0.005
0.004
0.017
0.036
0.058
0.074
0.086
0.094
0.102
0.109
0.115
0.122
0.131
0.142
0.151
0.161
0.175
0.192
0.209
0.227
0.243
0.249
0.252
0.253
0.254
0.255
0.256
0.258
0.258
0.258
0.255
0.251
0.248
0.245
0.244
0.242
0.242
0.243
0.242
0.24
0.237
0.235
0.234
0.233
0.231
0.227
0.222
0.214
0.199
0.187
0.175
0.165
0.158
0.153
0.151
0.15
0.15
0.15
0.149
0.149
0.149
0.15
0.149
0.146
0.144
0.141
0.14
0.138
0.136
0.135
0.133
0.133
0.131
0.128
0.125
0.124
0.125
0.125
0.125
0.126
0.126
0.127
0.127
0.128
0.131
0.133
0.136
0.138
0.139
0.14
0.14
0.139
0.137
0.137
0.138
0.138
0.137
0.133
0.127
0.122
0.116
0.112
0.109
0.108
0.108
0.108
0.106
0.104
0.102
0.1
0.097
0.095
0.095
0.096
0.095
0.094
0.094
0.093
0.092
0.092
0.091
0.092
0.094
0.097
0.101
0.104
0.107
0.11
0.115
0.121
0.128
0.134
0.138
0.139
0.137
0.134
0.13
0.126
0.119
0.108
0.095
0.078
0.055
0.035
0.024
0.017
0.012
0.008
0.004
0.003
0.001
0.002
0.006
0.011
0.017
0.022
0.027
0.031
0.032
0.034
0.035
0.032
0.026
0.017
0.002
-0.022
-0.04
-0.053
-0.06
-0.056
-0.043
-0.001
0.077
0.196
0.351
0.535
0.734
0.925
1.079
1.15
1.148
1.058
0.865
0.611
0.336
0.088
-0.11
-0.25
-0.319
-0.342
-0.338
-0.321
-0.285
-0.245
-0.22
-0.193
-0.166
-0.141
-0.118
-0.095
-0.074
-0.065
-0.062
-0.058
-0.053
-0.05
-0.048
-0.047
-0.049
-0.05
-0.051
-0.052
-0.054
-0.056
-0.057
-0.059
-0.062
-0.064
-0.067
-0.068
-0.069
-0.068
-0.067
-0.069
-0.07
-0.07
-0.066
-0.058
-0.05
-0.043
-0.038
-0.034
-0.03
-0.026
-0.023
-0.022
-0.02
-0.017
-0.012
-0.007
-0.002
0.003
0.007
0.009
0.012
0.015
0.017
0.019
0.022
0.026
0.028
0.029
0.029
0.028
0.029
0.029
0.03
0.03
0.028
0.026
0.022
0.018
0.013
0.007
0.004
0.001
-0.001
-0.004
-0.007
-0.01
-0.014
-0.018
-0.021
-0.026
-0.03
-0.033
-0.036
-0.039
-0.043
-0.046
-0.05
-0.054
-0.056
-0.06
-0.063
-0.065
-0.064
-0.062
-0.063
-0.063
-0.064
-0.063
-0.063
-0.063
-0.062
-0.063
-0.062
-0.061
-0.06
-0.06
-0.061
-0.06
-0.059
-0.057
-0.054
-0.052
-0.05
-0.047
-0.048
-0.047
-0.046
-0.044
-0.042
-0.04
-0.039
-0.037
-0.036
-0.036
-0.035
-0.036
-0.036
-0.036
-0.035
-0.034
-0.033
-0.031
-0.029
-0.028
-0.026
-0.026
-0.026
-0.026
-0.025
-0.025
-0.025
-0.024
-0.023
-0.021
-0.02
-0.019
-0.018
-0.017
-0.016
-0.015
-0.014
-0.013
-0.011
-0.01
-0.009
-0.008
-0.006
-0.004
-0.002
-0.001
0.0
0.0
-0.002
-0.004
-0.007
-0.012
-0.016
-0.02
-0.025
-0.032
-0.04
-0.048
-0.057
-0.071
-0.089
-0.107
-0.121
-0.133
-0.142
-0.149
-0.154
-0.156
-0.158
-0.16
-0.161
-0.161
-0.16
-0.159
-0.159
-0.159
-0.159
-0.16
-0.161
-0.162
-0.162
-0.163
-0.165
-0.166
-0.168
-0.169
-0.172
-0.177
-0.161
-0.115
-0.041
0.062
0.201
0.367
0.546
0.722
0.863
0.924
0.918
0.822
0.62
0.366
0.118
-0.092
-0.248
-0.343
-0.372
-0.384
-0.385
-0.372
-0.353
-0.323
-0.289
-0.259
-0.232
-0.201
-0.184
-0.176
-0.17
-0.166
-0.163
-0.161
-0.158
-0.156
-0.153
-0.151
-0.149
-0.147
-0.145
-0.141
-0.135
-0.129
-0.123
-0.117
-0.11
-0.101
-0.092
-0.082
-0.073
-0.064
-0.051
-0.036
-0.023
-0.01
0.001
0.017
0.029
0.038
0.046
0.054
0.062
0.07
0.079
0.089
0.101
0.111
0.119
0.127
0.134
0.141
0.147
0.152
0.158
0.164
0.169
0.174
0.177
0.18
0.183
0.187
0.19
0.192
0.192
0.19
0.186
0.18
0.173
0.166
0.159
0.15
0.143
0.137
0.132
0.128
0.122
0.116
0.11
0.104
0.098
0.092
0.083
0.071
0.062
0.049
0.032
0.014
-0.002
-0.02
-0.039
-0.056
-0.075
-0.095
-0.114
-0.133
-0.153
-0.169
-0.183
-0.197
-0.208
-0.217
-0.224
-0.229
-0.231
-0.233
-0.233
-0.232
-0.232
-0.232
-0.231
-0.231
-0.231
-0.232
-0.233
-0.234
-0.235
-0.235
-0.237
-0.238
-0.239
-0.241
-0.244
-0.247
-0.249
-0.251
-0.254
-0.255
-0.257
-0.257
-0.258
-0.259
-0.259
-0.26
-0.261
-0.262
-0.263
-0.264
-0.265
-0.267
-0.269
-0.271
-0.274
-0.278
-0.285
-0.292
-0.296
-0.298
-0.3
-0.301
-0.302
-0.303
-0.304
-0.304
-0.305
-0.305
-0.305
-0.304
-0.304
-0.302
-0.299
-0.296
-0.292
-0.289
-0.285
-0.281
-0.278
-0.273
-0.269
-0.265
-0.264
-0.265
-0.268
-0.272
-0.277
-0.283
-0.294
-0.303
-0.308
-0.311
-0.314
-0.316
-0.319
-0.322
-0.325
-0.329
-0.333
-0.339
-0.351
-0.373
-0.394
-0.413
-0.43
-0.447
-0.464
-0.482
-0.502
-0.521
-0.541
-0.56
-0.59
-0.62
-0.655
-0.67
-0.682
-0.681
-0.657
-0.601
-0.517
-0.4
-0.256
-0.099
0.059
0.187
0.25
0.217
0.083
-0.133
-0.397
-0.655
-0.878
-1.041
-1.128
-1.148
-1.155
-1.147
-1.12
-1.082
-1.051
-1.019
-0.999
-0.984
-0.975
-0.969
-0.963
-0.96
-0.955
-0.933
-0.906
-0.873
-0.841
-0.806
-0.762
-0.714
-0.662
-0.607
-0.543
-0.466
-0.384
-0.291
-0.191
-0.086
0.014
0.105
0.193
0.276
0.349
0.409
0.455
0.496
0.528
0.548
0.571
0.595
0.622
0.646
0.67
0.691
0.723
0.757
0.79
0.824
0.865
0.9
0.921
0.943
0.963
0.98
0.997
1.014
1.032
1.05
1.068
1.083
1.094
1.106
1.122
1.133
1.135
1.137
1.138
1.14
1.141
1.142
1.142
1.143
1.142
1.141
1.139
1.138
1.135
1.132
1.128
1.124
1.12
1.111
1.094
1.079
1.066
1.055
1.044
1.034
1.028
1.024
1.02
1.018
1.014
1.012
1.01
1.008
1.006
1.002
0.999
0.989
0.968
0.945
0.924
0.889
0.852
0.816
0.773
0.723
0.676
0.63
0.587
0.545
0.506
0.478
0.461
0.452
0.446
0.441
0.437
0.433
0.431
0.428
0.425
0.419
0.409
0.396
0.382
0.367
0.355
0.343
0.33
0.315
0.302
0.293
0.282
0.271
0.259
0.244
0.23
0.212
0.192
0.173
0.153
0.134
0.114
0.092
0.07
0.048
0.026
0.008
-0.004
-0.014
-0.019
-0.021
-0.023
-0.025
-0.027
-0.029
-0.029
-0.029
-0.028
-0.026
-0.021
-0.016
-0.011
-0.005
0.0
0.007
0.012
0.017
0.021
0.026
0.03
0.03
0.024
0.014
-0.003
-0.028
-0.052
-0.078
-0.104
-0.129
-0.149
-0.163
-0.178
-0.189
-0.198
-0.207
-0.215
-0.223
-0.231
-0.241
-0.253
-0.266
-0.283
-0.298
-0.314
-0.33
-0.346
-0.358
-0.368
-0.372
-0.367
-0.354
-0.318
-0.251
-0.156
-0.035
0.11
0.264
0.409
0.507
0.52
0.485
0.345
0.151
-0.065
-0.27
-0.435
-0.551
-0.616
-0.649
-0.662
-0.668
-0.672
-0.675
-0.677
-0.678
-0.679
-0.68
-0.68
-0.679
-0.677
-0.674
-0.67
-0.666
-0.662
-0.657
-0.649
-0.634
-0.621
-0.609
-0.599
-0.587
-0.573
-0.562
-0.552
-0.544
-0.54
-0.538
-0.538
-0.537
-0.536
-0.539
-0.552
-0.566
-0.579
-0.588
-0.594
-0.598
-0.602
-0.605
-0.606
-0.605
-0.602
-0.597
-0.592
-0.586
-0.579
-0.572
-0.565
-0.558
-0.548
-0.531
-0.503
-0.472
-0.446
-0.409
-0.369
-0.345
-0.318
-0.294
-0.28
-0.271
-0.265
-0.262
-0.264
-0.27
-0.278
-0.293
-0.315
-0.337
-0.36
-0.385
-0.407
-0.416
-0.421
-0.426
-0.429
-0.431
-0.432
-0.433
-0.434
-0.432
-0.43
-0.424
-0.418
-0.41
-0.398
-0.374
-0.351
-0.323
-0.3
-0.285
-0.279
-0.282
-0.29
-0.315
-0.368
-0.438
-0.515
-0.592
-0.667
-0.736
-0.801
-0.86
-0.915
-0.972
-1.023
-1.072
-1.119
-1.167
-1.188
-1.198
-1.206
-1.209
-1.202
-1.188
-1.178
-1.17
-1.163
-1.154
-1.146
-1.139
-1.132
-1.123
-1.111
-1.098
-1.084
-1.069
-1.05
-1.033
-1.018
-1.005
-0.993
-0.982
-0.971
-0.963
-0.955
-0.947
-0.938
-0.924
-0.907
-0.887
-0.868
-0.849
-0.831
-0.813
-0.795
-0.777
-0.759
-0.741
-0.722
-0.706
-0.694
-0.682
-0.671
-0.657
-0.64
-0.625
-0.609
-0.593
-0.578
-0.558
-0.535
-0.512
-0.488
-0.467
-0.45
-0.432
-0.414
-0.396
-0.377
-0.362
-0.349
-0.335
-0.322
-0.307
-0.29
-0.272
-0.256
-0.243
-0.232
-0.222
-0.212
-0.202
-0.189
-0.175
-0.133
-0.086
-0.028
0.033
0.089
0.137
0.181
0.222
0.26
0.274
0.275
0.264
0.248
0.221
0.198
0.181
0.178
0.192
0.232
0.31
0.43
0.588
0.777
0.976
1.161
1.299
1.357
1.318
1.185
0.984
0.75
0.526
0.347
0.215
0.125
0.074
0.057
0.057
0.068
0.097
0.141
0.181
0.202
0.223
0.244
0.263
0.287
0.33
0.379
0.428
0.476
0.518
0.531
0.537
0.541
0.529
0.509
0.486
0.467
0.453
0.436
0.424
0.414
0.406
0.399
0.394
0.392
0.389
0.387
0.383
0.379
0.374
0.369
0.364
0.36
0.357
0.355
0.354
0.353
0.352
0.35
0.349
0.347
0.344
0.342
0.339
0.337
0.334
0.331
0.329
0.326
0.324
0.32
0.317
0.315
0.312
0.309
0.306
0.303
0.301
0.297
0.293
0.289
0.286
0.281
0.276
0.271
0.267
0.265
0.265
0.265
0.266
0.266
0.265
0.265
0.263
0.262
0.257
0.251
0.242
0.232
0.225
0.218
0.214
0.209
0.202
0.195
0.186
0.177
0.168
0.158
0.149
0.139
0.129
0.121
0.115
0.113
0.111
0.108
0.106
0.101
0.094
0.083
0.074
0.064
0.053
0.044
0.032
0.015
0.002
-0.006
-0.012
-0.017
-0.023
-0.031
-0.042
-0.049
-0.056
-0.06
-0.061
-0.066
-0.071
-0.078
-0.086
-0.093
-0.099
-0.101
-0.106
-0.112
-0.118
-0.124
-0.126
-0.126
-0.126
-0.129
-0.136
-0.141
-0.144
-0.145
-0.143
-0.144
-0.148
-0.155
-0.158
-0.156
-0.155
-0.153
-0.156
-0.159
-0.161
-0.163
-0.161
-0.161
-0.162
-0.165
-0.168
-0.166
-0.168
-0.171
-0.172
-0.173
-0.172
-0.173
-0.172
-0.172
-0.175
-0.175
-0.176
-0.176
-0.176
-0.179
-0.185
-0.2
-0.213
-0.222
-0.231
-0.236
-0.242
-0.25
-0.259
-0.273
-0.283
-0.294
-0.303
-0.315
-0.334
-0.347
-0.356
-0.359
-0.359
-0.359
-0.358
-0.364
-0.377
-0.395
-0.418
-0.433
-0.447
-0.455
-0.457
-0.449
-0.401
-0.32
-0.201
-0.049
0.118
0.289
0.441
0.548
0.58
0.519
0.37
0.153
-0.099
-0.34
-0.53
-0.648
-0.691
-0.707
-0.7
-0.676
-0.642
-0.613
-0.596
-0.586
-0.579
-0.567
-0.555
-0.545
-0.537
-0.534
-0.528
-0.524
-0.518
-0.512
-0.51
-0.507
-0.505
-0.498
-0.49
-0.488
-0.486
-0.486
-0.486
-0.48
-0.466
-0.448
-0.44
-0.434
-0.425
-0.412
-0.394
-0.378
-0.361
-0.346
-0.336
-0.327
-0.318
-0.309
-0.301
-0.296
-0.29
-0.287
-0.282
-0.274
-0.267
-0.257
-0.248
-0.242
-0.236
-0.226
-0.197
-0.162
-0.122
-0.078
-0.032
0.015
0.059
0.103
0.144
0.155
0.157
0.154
0.152
0.146
0.131
0.121
0.11
0.101
0.094
0.086
0.078
0.067
0.055
0.045
0.041
0.054
0.076
0.105
0.146
0.178
0.21
0.247
0.287
0.33
0.355
0.372
0.379
0.386
0.396
0.408
0.423
0.43
0.434
0.438
0.44
0.444
0.444
0.444
0.443
0.438
0.434
0.429
0.424
0.42
0.414
0.412
0.411
0.414
0.419
0.421
0.423
0.423
0.426
0.429
0.428
0.427
0.423
0.419
0.417
0.414
0.406
0.402
0.398
0.395
0.393
0.39
0.391
0.391
0.39
0.389
0.388
0.389
0.387
0.382
0.379
0.376
0.376
0.371
0.358
0.348
0.339
0.33
0.318
0.305
0.297
0.285
0.274
0.262
0.252
0.244
0.236
0.234
0.237
0.244
0.258
0.273
0.292
0.308
0.318
0.328
0.334
0.339
0.343
0.349
0.358
0.363
0.368
0.369
0.368
0.364
0.357
0.353
0.346
0.327
0.307
0.282
0.256
0.233
0.213
0.196
0.173
0.149
0.13
0.119
0.112
0.097
0.076
0.055
0.038
0.03
0.022
0.019
0.012
-0.005
-0.029
-0.056
-0.078
-0.114
-0.154
-0.199
-0.238
-0.256
-0.259
-0.242
-0.184
-0.098
0.027
0.192
0.393
0.612
0.798
0.912
0.922
0.861
0.677
0.421
0.152
-0.085
-0.269
-0.384
-0.442
-0.46
-0.47
-0.481
-0.482
-0.471
-0.456
-0.444
-0.442
-0.451
-0.467
-0.479
-0.488
-0.492
-0.487
-0.481
-0.474
-0.467
-0.463
-0.46
-0.463
-0.466
-0.469
-0.475
-0.481
-0.486
-0.488
-0.492
-0.499
-0.502
-0.503
-0.501
-0.502
-0.504
-0.505
-0.507
-0.504
-0.501
-0.498
-0.492
-0.486
-0.478
-0.473
-0.472
-0.468
-0.468
-0.467
-0.468
-0.468
-0.465
-0.463
-0.462
-0.458
-0.452
-0.445
-0.441
-0.439
-0.439
-0.435
-0.423
-0.398
-0.353
-0.299
-0.239
-0.17
-0.101
-0.027
0.041
0.094
0.134
0.159
0.177
0.201
0.226
0.247
0.256
0.262
0.267
0.272
0.278
0.279
0.28
0.28
0.28
0.281
0.275
0.269
0.264
0.259
0.254
0.244
0.23
0.218
0.208
0.201
0.193
0.189
0.186
0.18
0.172
0.162
0.155
0.143
0.127
0.114
0.1
0.088
0.077
0.064
0.052
0.039
0.03
0.02
0.01
0.0
-0.013
-0.022
-0.031
-0.041
-0.047
-0.051
-0.055
-0.057
-0.06
-0.064
-0.066
-0.07
-0.072
-0.072
-0.076
-0.082
-0.09
-0.091
-0.089
-0.091
-0.094
-0.105
-0.126
-0.141
-0.16
-0.179
-0.202
-0.229
-0.254
-0.271
-0.282
-0.29
-0.297
-0.303
-0.308
-0.307
-0.303
-0.295
-0.283
-0.267
-0.24
-0.218
-0.199
-0.182
-0.172
-0.163
-0.16
-0.159
-0.159
-0.159
-0.155
-0.155
-0.152
-0.145
-0.129
-0.099
-0.074
-0.056
-0.047
-0.043
-0.034
-0.03
-0.031
-0.044
-0.064
-0.079
-0.093
-0.104
-0.111
-0.116
-0.113
-0.108
-0.099
-0.08
-0.054
-0.033
-0.02
0.0
0.018
0.03
0.042
0.054
0.063
0.069
0.072
0.079
0.084
0.089
0.093
0.092
0.087
0.078
0.078
0.1
0.15
0.232
0.355
0.52
0.72
0.937
1.138
1.275
1.318
1.258
1.099
0.859
0.58
0.32
0.113
-0.026
-0.077
-0.086
-0.091
-0.097
-0.102
-0.101
-0.101
-0.1
-0.1
-0.104
-0.108
-0.112
-0.113
-0.116
-0.121
-0.122
-0.121
-0.108
-0.09
-0.074
-0.052
-0.043
-0.04
-0.034
-0.03
-0.029
-0.04
-0.059
-0.079
-0.105
-0.121
-0.134
-0.146
-0.155
-0.151
-0.134
-0.11
-0.075
-0.036
0.0
0.037
0.071
0.111
0.146
0.177
0.208
0.232
0.249
0.264
0.276
0.288
0.296
0.304
0.313
0.321
0.334
0.349
0.359
0.368
0.373
0.377
0.381
0.384
0.386
0.386
0.389
0.389
0.39
0.389
0.386
0.386
0.383
0.378
0.372
0.364
0.36
0.356
0.348
0.338
0.325
0.311
0.299
0.291
0.285
0.275
0.266
0.258
0.25
0.242
0.231
0.219
0.192
0.156
0.119
0.081
0.067
0.061
0.056
0.054
0.053
0.058
0.063
0.068
0.072
0.074
0.077
0.075
0.073
0.07
0.067
0.068
0.067
0.064
0.061
0.056
0.053
0.049
0.046
0.041
0.03
0.012
-0.003
-0.019
-0.036
-0.059
-0.086
-0.115
-0.139
-0.147
-0.15
-0.152
-0.153
-0.154
-0.146
-0.129
-0.104
-0.07
-0.042
-0.021
0.006
0.023
0.033
0.039
0.041
0.044
0.05
0.054
0.055
0.058
0.061
0.064
0.067
0.075
0.085
0.09
0.093
0.097
0.1
0.103
0.104
0.108
0.111
0.112
0.115
0.117
0.121
0.122
0.126
0.132
0.134
0.135
0.132
0.128
0.124
0.117
0.109
0.097
0.085
0.076
0.064
0.053
0.043
0.035
0.03
0.026
0.026
0.025
0.023
0.022
0.02
0.019
0.018
0.018
0.018
0.013
0.007
0.001
-0.004
-0.007
-0.01
-0.014
-0.024
-0.041
-0.054
-0.058
-0.051
-0.027
0.027
0.113
0.238
0.408
0.608
0.813
0.991
1.097
1.109
1.051
0.872
0.626
0.355
0.101
-0.102
-0.247
-0.335
-0.36
-0.364
-0.365
-0.345
-0.313
-0.279
-0.263
-0.257
-0.253
-0.248
-0.243
-0.239
-0.238
-0.241
-0.244
-0.25
-0.254
-0.257
-0.261
-0.265
-0.268
-0.269
-0.269
-0.268
-0.265
-0.26
-0.257
-0.257
-0.257
-0.257
-0.258
