-0.041
-0.079
-0.124
-0.174
-0.201
-0.22
-0.232
-0.206
-0.126
0.023
0.238
0.502
0.786
1.055
1.278
1.394
1.4
1.313
1.116
0.86
0.583
0.324
0.121
-0.017
-0.098
-0.151
-0.175
-0.185
-0.189
-0.193
-0.196
-0.198
-0.199
-0.2
-0.2
-0.198
-0.196
-0.191
-0.186
-0.179
-0.173
-0.167
-0.16
-0.153
-0.148
-0.145
-0.143
-0.141
-0.14
-0.138
-0.137
-0.136
-0.135
-0.133
-0.131
-0.129
-0.127
-0.125
-0.122
-0.119
-0.116
-0.112
-0.108
-0.103
-0.095
-0.086
-0.078
-0.071
-0.064
-0.057
-0.047
-0.034
-0.022
-0.012
0.0
0.013
0.031
0.047
0.06
0.073
0.087
0.103
0.121
0.133
0.138
0.143
0.146
0.148
0.15
0.151
0.152
0.151
0.149
0.145
0.14
0.132
0.124
0.111
0.088
0.07
0.051
0.032
0.009
-0.007
-0.019
-0.029
-0.038
-0.046
-0.053
-0.062
-0.073
-0.079
-0.081
-0.083
-0.084
-0.085
-0.085
-0.086
-0.086
-0.087
-0.087
-0.086
-0.086
-0.084
-0.081
-0.077
-0.074
-0.071
-0.068
-0.064
-0.061
-0.059
-0.056
-0.054
-0.051
-0.048
-0.045
-0.042
-0.039
-0.037
-0.034
-0.032
-0.03
-0.028
-0.026
-0.024
-0.022
-0.02
-0.017
-0.014
-0.011
-0.008
-0.006
-0.004
-0.003
-0.003
-0.003
-0.004
-0.005
-0.007
-0.007
-0.008
-0.009
-0.009
-0.01
-0.01
-0.011
-0.011
-0.012
-0.012
-0.012
-0.013
-0.014
-0.014
-0.014
-0.014
-0.013
-0.012
-0.011
-0.009
-0.007
-0.006
-0.005
-0.004
-0.004
-0.004
-0.005
-0.006
-0.006
-0.007
-0.007
-0.007
-0.008
-0.008
-0.007
-0.007
-0.007
-0.007
-0.006
-0.005
-0.004
-0.002
0.0
0.002
0.005
0.008
0.012
0.015
0.02
0.024
0.029
0.033
0.037
0.041
0.045
0.05
0.055
0.062
0.072
0.082
0.091
0.1
0.11
0.121
0.131
0.142
0.152
0.158
0.163
0.168
0.172
0.175
0.177
0.177
0.176
0.173
0.17
0.166
0.16
0.154
0.142
0.116
0.089
0.057
0.042
0.036
0.031
0.027
0.023
0.021
0.02
0.02
0.02
0.02
0.019
0.018
0.016
0.015
0.015
0.014
0.014
0.014
0.014
0.013
0.012
0.009
0.006
-0.004
-0.024
-0.037
-0.046
-0.024
0.041
0.173
0.366
0.62
0.917
1.213
1.453
1.575
1.583
1.502
1.294
1.024
0.745
0.495
0.3
0.163
0.064
0.002
-0.026
-0.044
-0.056
-0.062
-0.066
-0.068
-0.07
-0.071
-0.072
-0.073
-0.074
-0.074
-0.075
-0.075
-0.075
-0.074
-0.072
-0.068
-0.065
-0.061
-0.058
-0.054
-0.049
-0.043
-0.036
-0.03
-0.024
-0.019
-0.014
-0.009
-0.004
0.0
0.005
0.01
0.016
0.022
0.028
0.033
0.038
0.042
0.046
0.05
0.055
0.059
0.064
0.069
0.077
0.09
0.102
0.114
0.126
0.138
0.151
0.165
0.19
0.219
0.238
0.252
0.265
0.275
0.282
0.287
0.287
0.277
0.265
0.254
0.243
0.233
0.225
0.218
0.211
0.203
0.194
0.185
0.176
0.166
0.147
0.12
0.097
0.081
0.063
0.048
0.035
0.023
0.01
0.001
-0.006
-0.012
-0.018
-0.022
-0.027
-0.03
-0.032
-0.034
-0.036
-0.038
-0.039
-0.04
-0.042
-0.043
-0.045
-0.046
-0.048
-0.048
-0.049
-0.048
-0.048
-0.047
-0.046
-0.044
-0.043
-0.041
-0.04
-0.038
-0.037
-0.036
-0.035
-0.033
-0.031
-0.03
-0.029
-0.027
-0.026
-0.024
-0.022
-0.021
-0.02
-0.019
-0.019
-0.018
-0.018
-0.018
-0.018
-0.019
-0.019
-0.019
-0.02
-0.02
-0.021
-0.021
-0.022
-0.022
-0.022
-0.021
-0.021
-0.021
-0.021
-0.021
-0.02
-0.02
-0.019
-0.019
-0.019
-0.019
-0.019
-0.018
-0.016
-0.015
-0.013
-0.012
-0.01
-0.008
-0.006
-0.004
-0.002
-0.001
0.0
0.0
0.001
0.002
0.003
0.005
0.006
0.007
0.008
0.009
0.01
0.01
0.01
0.01
0.011
0.011
0.012
0.012
0.013
0.013
0.014
0.016
0.017
0.019
0.02
0.022
0.024
0.026
0.028
0.031
0.035
0.041
0.049
0.057
0.063
0.069
0.073
0.078
0.081
0.084
0.087
0.09
0.093
0.094
0.094
0.093
0.091
0.088
0.084
0.078
0.071
0.06
0.039
0.022
0.008
-0.003
-0.014
-0.025
-0.03
-0.033
-0.036
-0.037
-0.038
-0.038
-0.039
-0.041
-0.043
-0.044
-0.047
-0.049
-0.051
-0.053
-0.054
-0.056
-0.057
-0.06
-0.063
-0.071
-0.089
-0.103
-0.119
-0.132
-0.123
-0.093
-0.006
0.144
0.364
0.647
0.959
1.256
1.474
1.563
1.515
1.344
1.083
0.789
0.517
0.305
0.161
0.069
0.006
-0.036
-0.051
-0.063
-0.072
-0.082
-0.093
-0.102
-0.111
-0.115
-0.119
-0.122
-0.125
-0.127
-0.128
-0.128
-0.128
-0.126
-0.123
-0.119
-0.114
-0.11
-0.105
-0.101
-0.096
-0.091
-0.086
-0.082
-0.079
-0.076
-0.073
-0.071
-0.069
-0.066
-0.063
-0.059
-0.052
-0.042
-0.03
-0.018
-0.006
0.005
0.018
0.027
0.033
0.038
0.043
0.048
0.053
0.058
0.064
0.072
0.084
0.104
0.115
0.129
0.151
0.169
0.179
0.186
0.19
0.195
0.198
0.201
0.204
0.206
0.207
0.206
0.202
0.197
0.189
0.175
0.151
0.128
0.105
0.08
0.054
0.03
0.012
0.0
-0.009
-0.017
-0.027
-0.038
-0.045
-0.049
-0.053
-0.057
-0.061
-0.065
-0.067
-0.07
-0.072
-0.075
-0.078
-0.084
-0.095
-0.1
-0.102
-0.104
-0.105
-0.106
-0.107
-0.107
-0.106
-0.105
-0.102
-0.099
-0.095
-0.092
-0.089
-0.087
-0.084
-0.082
-0.08
-0.077
-0.075
-0.073
-0.07
-0.068
-0.066
-0.064
-0.063
-0.062
-0.06
-0.059
-0.057
-0.056
-0.053
-0.051
-0.048
-0.046
-0.045
-0.045
-0.047
-0.05
-0.053
-0.056
-0.058
-0.06
-0.062
-0.065
-0.067
-0.069
-0.071
-0.072
-0.072
-0.071
-0.071
-0.07
-0.069
-0.067
-0.066
-0.065
-0.064
-0.063
-0.062
-0.062
-0.061
-0.06
-0.059
-0.057
-0.056
-0.054
-0.053
-0.051
-0.049
-0.048
-0.047
-0.046
-0.046
-0.045
-0.044
-0.043
-0.042
-0.041
-0.04
-0.039
-0.038
-0.037
-0.035
-0.033
-0.032
-0.031
-0.03
-0.029
-0.029
-0.028
-0.027
-0.026
-0.024
-0.021
-0.018
-0.015
-0.01
0.0
0.01
0.022
0.032
0.039
0.045
0.05
0.053
0.056
0.058
0.061
0.064
0.067
0.069
0.069
0.065
0.059
0.051
0.04
0.023
0.007
-0.007
-0.023
-0.036
-0.048
-0.061
-0.074
-0.081
-0.085
-0.089
-0.092
-0.093
-0.094
-0.093
-0.091
-0.089
-0.087
-0.085
-0.083
-0.08
-0.077
-0.075
-0.073
-0.074
-0.078
-0.084
-0.092
-0.109
-0.133
-0.151
-0.162
-0.15
-0.113
-0.018
0.139
0.364
0.645
0.946
1.224
1.412
1.457
1.362
1.158
0.885
0.597
0.345
0.146
0.006
-0.072
-0.116
-0.139
-0.15
-0.157
-0.162
-0.163
-0.16
-0.151
-0.142
-0.136
-0.13
-0.125
-0.121
-0.117
-0.114
-0.112
-0.11
-0.108
-0.106
-0.105
-0.103
-0.101
-0.099
-0.096
-0.09
-0.082
-0.074
-0.068
-0.062
-0.056
-0.05
-0.045
-0.042
-0.04
-0.037
-0.034
-0.03
-0.025
-0.019
-0.011
-0.001
0.008
0.018
0.027
0.033
0.038
0.045
0.052
0.062
0.073
0.085
0.097
0.108
0.119
0.131
0.146
0.167
0.183
0.196
0.204
0.206
0.207
0.207
0.207
0.208
0.208
0.208
0.202
0.195
0.188
0.181
0.173
0.165
0.156
0.14
0.116
0.091
0.068
0.048
0.025
0.0
-0.028
-0.045
-0.053
-0.06
-0.065
-0.068
-0.071
-0.074
-0.076
-0.078
-0.079
-0.081
-0.082
-0.084
-0.086
-0.087
-0.089
-0.089
-0.089
-0.086
-0.083
-0.079
-0.074
-0.07
-0.066
-0.061
-0.057
-0.052
-0.048
-0.045
-0.042
-0.039
-0.036
-0.035
-0.034
-0.033
-0.031
-0.03
-0.029
-0.027
-0.026
-0.024
-0.023
-0.022
-0.022
-0.021
-0.021
-0.022
-0.022
-0.022
-0.023
-0.024
-0.025
-0.026
-0.027
-0.029
-0.031
-0.033
-0.035
-0.038
-0.04
-0.042
-0.044
-0.046
-0.048
-0.05
-0.051
-0.054
-0.059
-0.063
-0.066
-0.067
-0.066
-0.063
-0.06
-0.056
-0.052
-0.05
-0.048
-0.046
-0.044
-0.042
-0.041
-0.04
-0.039
-0.039
-0.038
-0.037
-0.036
-0.035
-0.034
-0.034
-0.033
-0.032
-0.032
-0.032
-0.032
-0.033
-0.032
-0.032
-0.032
-0.031
-0.03
-0.029
-0.028
-0.026
-0.023
-0.021
-0.019
-0.017
-0.014
-0.011
-0.008
-0.003
0.003
0.017
0.031
0.042
0.051
0.059
0.066
0.072
0.075
0.079
0.082
0.085
0.086
0.088
0.089
0.088
0.087
0.084
0.081
0.076
0.07
0.063
0.048
0.021
0.0
-0.025
-0.039
-0.047
-0.053
-0.058
-0.06
-0.059
-0.058
-0.056
-0.053
-0.051
-0.049
-0.046
-0.044
-0.043
-0.044
-0.048
-0.054
-0.059
-0.065
-0.071
-0.079
-0.086
-0.092
-0.099
-0.108
-0.118
-0.118
-0.106
-0.073
0.013
0.154
0.354
0.605
0.888
1.169
1.391
1.48
1.476
1.364
1.159
0.901
0.63
0.388
0.204
0.08
0.0
-0.05
-0.074
-0.083
-0.087
-0.09
-0.092
-0.093
-0.095
-0.096
-0.097
-0.097
-0.098
-0.099
-0.099
-0.099
-0.098
-0.098
-0.097
-0.095
-0.093
-0.091
-0.088
-0.086
-0.083
-0.08
-0.078
-0.075
-0.072
-0.068
-0.06
-0.051
-0.042
-0.034
-0.028
-0.023
-0.019
-0.015
-0.012
-0.007
-0.003
0.001
0.006
0.011
0.018
0.027
0.038
0.049
0.061
0.075
0.091
0.102
0.11
0.119
0.128
0.138
0.148
0.159
0.17
0.18
0.19
0.201
0.214
0.222
0.228
0.234
0.236
0.231
0.219
0.207
0.195
0.184
0.174
0.157
0.133
0.112
0.096
0.081
0.068
0.053
0.034
0.02
0.011
0.003
-0.003
-0.01
-0.016
-0.023
-0.031
-0.041
-0.049
-0.054
-0.059
-0.061
-0.062
-0.063
-0.065
-0.066
-0.067
-0.067
-0.068
-0.068
-0.068
-0.068
-0.068
-0.067
-0.065
-0.062
-0.059
-0.056
-0.052
-0.049
-0.045
-0.041
-0.038
-0.034
-0.031
-0.029
-0.026
-0.024
-0.021
-0.019
-0.017
-0.015
-0.013
-0.012
-0.011
-0.01
-0.01
-0.01
-0.011
-0.012
-0.013
-0.013
-0.014
-0.015
-0.016
-0.016
-0.017
-0.017
-0.017
-0.017
-0.017
-0.017
-0.018
-0.019
-0.019
-0.02
-0.02
-0.02
-0.02
-0.019
-0.018
-0.018
-0.017
-0.016
-0.018
-0.021
-0.026
-0.031
-0.034
-0.037
-0.04
-0.043
-0.046
-0.048
-0.048
-0.048
-0.047
-0.045
-0.043
-0.042
-0.04
-0.038
-0.036
-0.034
-0.032
-0.031
-0.03
-0.03
-0.03
-0.03
-0.031
-0.034
-0.037
-0.04
-0.044
-0.048
-0.052
-0.057
-0.062
-0.065
-0.065
-0.061
-0.054
-0.045
-0.034
-0.016
0.0
0.01
0.017
0.024
0.031
0.038
0.046
0.053
0.058
0.063
0.069
0.073
0.077
0.079
0.081
0.082
0.082
0.081
0.079
0.076
0.072
0.067
0.061
0.055
0.044
0.022
0.004
-0.011
-0.024
-0.035
-0.045
-0.051
-0.056
-0.061
-0.065
-0.069
-0.072
-0.076
-0.08
-0.084
-0.088
-0.093
-0.097
-0.102
-0.106
-0.11
-0.114
-0.118
-0.122
-0.125
-0.129
-0.134
-0.14
-0.152
-0.151
-0.126
-0.06
0.086
0.299
0.569
0.874
1.169
1.389
1.477
1.471
1.352
1.119
0.835
0.553
0.312
0.134
0.023
-0.034
-0.064
-0.083
-0.099
-0.115
-0.136
-0.16
-0.174
-0.183
-0.189
-0.189
-0.181
-0.171
-0.165
-0.161
-0.156
-0.152
-0.148
-0.145
-0.141
-0.136
-0.132
-0.127
-0.123
-0.119
-0.115
-0.112
-0.108
-0.103
-0.1
-0.095
-0.091
-0.087
-0.083
-0.08
-0.076
-0.072
-0.067
-0.061
-0.05
-0.038
-0.027
-0.018
-0.01
-0.003
0.003
0.01
0.017
0.027
0.038
0.049
0.06
0.072
0.087
0.102
0.118
0.133
0.149
0.165
0.179
0.191
0.197
0.202
0.205
0.208
0.21
0.21
0.207
0.203
0.197
0.189
0.178
0.159
0.143
0.123
0.095
0.071
0.052
0.033
0.019
0.007
-0.001
-0.01
-0.018
-0.026
-0.035
-0.043
-0.052
-0.06
-0.064
-0.067
-0.071
-0.074
-0.076
-0.078
-0.08
-0.081
-0.081
-0.081
-0.081
-0.078
-0.075
-0.071
-0.066
-0.062
-0.058
-0.055
-0.052
-0.049
-0.046
-0.044
-0.041
-0.039
-0.037
-0.034
-0.031
-0.029
-0.027
-0.025
-0.025
-0.024
-0.024
-0.023
-0.022
-0.021
-0.02
-0.018
-0.017
-0.015
-0.014
-0.012
-0.011
-0.01
-0.009
-0.009
-0.009
-0.009
-0.009
-0.009
-0.009
-0.01
-0.01
-0.01
-0.009
-0.009
-0.009
-0.009
-0.01
-0.011
-0.012
-0.013
-0.014
-0.016
-0.017
-0.017
-0.018
-0.018
-0.018
-0.017
-0.016
-0.016
-0.015
-0.015
-0.015
-0.014
-0.014
-0.014
-0.013
-0.013
-0.013
-0.012
-0.011
-0.01
-0.009
-0.007
-0.006
-0.005
-0.003
-0.002
0.0
0.0
0.0
0.0
0.0
0.0
0.001
0.002
0.004
0.006
0.01
0.013
0.017
0.021
0.026
0.031
0.036
0.042
0.048
0.053
0.058
0.063
0.069
0.074
0.08
0.086
0.091
0.096
0.099
0.102
0.104
0.106
0.107
0.108
0.11
0.112
0.114
0.117
0.118
0.117
0.114
0.108
0.101
0.092
0.083
0.067
0.05
0.031
0.017
0.004
-0.004
-0.011
-0.012
-0.013
-0.014
-0.014
-0.014
-0.014
-0.014
-0.014
-0.014
-0.015
-0.016
-0.017
-0.019
-0.021
-0.025
-0.029
-0.035
-0.041
-0.048
-0.058
-0.077
-0.087
-0.082
-0.064
-0.014
0.115
0.319
0.586
0.888
1.183
1.423
1.543
1.548
1.453
1.223
0.93
0.632
0.378
0.197
0.087
0.03
0.0
-0.022
-0.04
-0.055
-0.061
-0.064
-0.066
-0.068
-0.07
-0.072
-0.074
-0.075
-0.076
-0.077
-0.077
-0.077
-0.076
-0.074
-0.071
-0.068
-0.064
-0.061
-0.058
-0.055
-0.052
-0.05
-0.047
-0.045
-0.042
-0.04
-0.037
-0.034
-0.03
-0.027
-0.024
-0.021
-0.018
-0.016
-0.013
-0.01
-0.007
-0.002
0.003
0.017
0.029
0.042
0.055
0.068
0.081
0.095
0.108
0.122
0.136
0.152
0.164
0.174
0.182
0.186
0.187
0.188
0.189
0.19
0.191
0.192
0.192
0.193
0.193
0.192
0.189
0.185
0.179
0.172
0.163
0.149
0.135
0.12
0.103
0.084
0.064
0.046
0.027
0.007
-0.006
-0.017
-0.026
-0.033
-0.039
-0.043
-0.045
-0.048
-0.051
-0.053
-0.055
-0.057
-0.058
-0.059
-0.06
-0.06
-0.061
-0.061
-0.059
-0.057
-0.055
-0.053
-0.05
-0.047
-0.044
-0.041
-0.038
-0.036
-0.034
-0.031
-0.028
-0.024
-0.021
-0.018
-0.015
-0.012
-0.009
-0.007
-0.005
-0.003
-0.002
-0.002
-0.002
-0.001
0.0
0.0
0.0
0.0
0.001
0.001
0.002
0.004
0.004
0.004
0.002
0.0
-0.004
-0.008
-0.011
-0.012
-0.013
-0.014
-0.015
-0.016
-0.016
-0.016
-0.017
-0.017
-0.017
-0.017
-0.016
-0.015
-0.013
-0.012
-0.01
-0.01
-0.009
-0.008
-0.008
-0.008
-0.009
-0.01
-0.012
-0.013
-0.014
-0.014
-0.015
-0.016
-0.018
-0.019
-0.02
-0.021
-0.023
-0.024
-0.025
-0.027
-0.029
-0.03
-0.03
-0.031
-0.031
-0.032
-0.032
-0.031
-0.03
-0.029
-0.029
-0.029
-0.03
-0.031
-0.031
-0.029
-0.023
-0.016
-0.008
-0.002
0.003
0.01
0.017
0.023
0.029
0.035
0.039
0.043
0.047
0.051
0.054
0.057
0.059
0.06
0.06
0.06
0.059
0.056
0.052
0.047
0.041
0.034
0.024
0.002
-0.017
-0.03
-0.04
-0.047
-0.053
-0.059
-0.064
-0.069
-0.072
-0.075
-0.077
-0.079
-0.081
-0.083
-0.085
-0.088
-0.091
-0.094
-0.096
-0.097
-0.099
-0.101
-0.104
-0.108
-0.119
-0.139
-0.15
-0.158
-0.155
-0.129
-0.056
0.078
0.278
0.542
0.845
1.138
1.361
1.435
1.417
1.258
0.997
0.715
0.458
0.253
0.108
0.005
-0.072
-0.13
-0.165
-0.179
-0.183
-0.175
-0.162
-0.155
-0.151
-0.148
-0.145
-0.143
-0.141
-0.14
-0.138
-0.136
-0.133
-0.13
-0.128
-0.126
-0.125
-0.124
-0.122
-0.121
-0.119
-0.117
-0.114
-0.111
-0.106
-0.096
-0.086
-0.079
-0.072
-0.067
-0.062
-0.059
-0.055
-0.051
-0.046
-0.04
-0.033
-0.027
-0.02
-0.013
-0.006
0.0
0.006
0.012
0.018
0.025
0.035
0.052
0.067
0.087
0.11
0.133
0.153
0.162
0.166
0.169
0.172
0.174
0.176
0.176
0.177
0.177
0.176
0.175
0.173
0.17
0.165
0.16
0.154
0.147
0.136
0.113
0.099
0.08
0.056
0.037
0.022
0.007
-0.005
-0.016
-0.029
-0.043
-0.053
-0.061
-0.068
-0.072
-0.072
-0.072
-0.071
-0.069
-0.068
-0.068
-0.067
-0.067
-0.067
-0.067
-0.066
-0.064
-0.062
-0.059
-0.056
-0.052
-0.049
-0.045
-0.042
-0.039
-0.036
-0.033
-0.03
-0.028
-0.027
-0.026
-0.025
-0.025
-0.025
-0.024
-0.024
-0.023
-0.021
-0.02
-0.018
-0.017
-0.016
-0.016
-0.016
-0.016
-0.016
-0.016
-0.017
-0.017
-0.019
-0.02
-0.021
-0.021
-0.022
-0.022
-0.023
-0.023
-0.023
-0.023
-0.023
-0.023
-0.023
-0.023
-0.023
-0.023
-0.024
-0.025
-0.027
-0.029
-0.029
-0.027
-0.025
-0.024
-0.023
-0.023
-0.023
-0.023
-0.023
-0.023
-0.023
-0.023
-0.022
-0.022
-0.022
-0.022
-0.022
-0.021
-0.02
-0.019
-0.019
-0.018
-0.018
-0.018
-0.017
-0.017
-0.016
-0.015
-0.014
-0.014
-0.013
-0.011
-0.009
-0.007
-0.005
-0.004
-0.003
-0.002
-0.002
-0.001
0.0
0.002
0.004
0.008
0.015
0.031
0.045
0.059
0.073
0.089
0.099
0.105
0.11
0.115
0.118
0.119
0.119
0.118
0.116
0.113
0.109
0.105
0.1
0.09
0.081
0.07
0.058
0.044
0.028
0.014
0.003
-0.007
-0.02
-0.026
-0.03
-0.033
-0.035
-0.037
-0.038
-0.039
-0.04
-0.041
-0.043
-0.045
-0.046
-0.047
-0.048
-0.049
-0.05
-0.051
-0.052
-0.054
-0.057
-0.064
-0.085
-0.111
-0.127
-0.136
-0.13
-0.083
0.019
0.182
0.402
0.673
0.97
1.249
1.455
1.545
1.492
1.313
1.047
0.749
0.473
0.259
0.124
0.043
-0.009
-0.048
-0.072
-0.093
-0.107
-0.123
-0.132
-0.138
-0.143
-0.147
-0.149
-0.147
-0.144
-0.139
-0.135
-0.132
-0.13
-0.129
-0.127
-0.125
-0.123
-0.122
-0.121
-0.119
-0.118
-0.116
-0.115
-0.114
-0.113
-0.112
-0.112
-0.11
-0.108
-0.106
-0.103
-0.099
-0.092
-0.076
-0.064
-0.055
-0.05
-0.044
-0.037
-0.03
-0.022
-0.011
0.005
0.019
0.032
0.042
0.052
0.06
0.067
0.073
0.078
0.083
0.09
0.097
0.106
0.12
0.14
0.155
0.164
0.17
0.175
0.178
0.18
0.179
0.176
0.172
0.166
0.158
0.144
0.129
0.113
0.098
0.085
0.069
0.046
0.027
0.012
-0.011
-0.022
-0.028
-0.034
-0.038
-0.042
-0.044
-0.047
-0.049
-0.051
-0.053
-0.055
-0.057
-0.058
-0.059
-0.059
-0.059
-0.06
-0.06
-0.061
-0.062
-0.064
-0.065
-0.066
-0.067
-0.066
-0.064
-0.061
-0.056
-0.051
-0.046
-0.042
-0.036
-0.03
-0.026
-0.022
-0.019
-0.016
-0.014
-0.012
-0.01
-0.008
-0.007
-0.005
-0.004
-0.003
-0.002
-0.002
-0.002
-0.003
-0.004
-0.005
-0.006
-0.007
-0.008
-0.008
-0.009
-0.009
-0.01
-0.01
-0.01
-0.011
-0.012
-0.013
-0.014
-0.015
-0.016
-0.017
-0.018
-0.019
-0.02
-0.022
-0.023
-0.025
-0.026
-0.028
-0.029
-0.03
-0.031
-0.032
-0.033
-0.034
-0.036
-0.037
-0.038
-0.04
-0.041
-0.043
-0.044
-0.044
-0.043
-0.043
-0.041
-0.04
-0.039
-0.038
-0.036
-0.035
-0.033
-0.031
-0.03
-0.03
-0.029
-0.027
-0.024
-0.022
-0.02
-0.019
-0.018
-0.016
-0.015
-0.013
-0.011
-0.011
-0.01
-0.009
-0.007
-0.003
0.0
0.004
0.009
0.014
0.02
0.029
0.039
0.047
0.054
0.06
0.065
0.07
0.075
0.079
0.083
0.086
0.088
0.09
0.092
0.096
0.099
0.101
0.097
0.089
0.078
0.064
0.044
0.03
0.012
-0.013
-0.033
-0.045
-0.052
-0.056
-0.058
-0.059
-0.059
-0.059
-0.059
-0.059
-0.059
-0.06
-0.062
-0.063
-0.065
-0.066
-0.067
-0.069
-0.072
-0.075
-0.08
-0.092
-0.116
-0.136
-0.148
-0.138
-0.108
-0.014
0.145
0.37
0.643
0.94
1.227
1.442
1.537
1.499
1.339
1.098
0.826
0.562
0.34
0.174
0.066
0.001
-0.029
-0.044
-0.053
-0.059
-0.066
-0.073
-0.079
-0.083
-0.087
-0.09
-0.094
-0.096
-0.097
-0.098
-0.098
-0.098
-0.096
-0.094
-0.09
-0.085
-0.081
-0.076
-0.072
-0.069
-0.066
-0.063
-0.059
-0.056
-0.052
-0.049
-0.045
-0.041
-0.038
-0.035
-0.032
-0.029
-0.026
-0.022
-0.017
-0.009
0.0
0.008
0.016
0.025
0.037
0.051
0.063
0.073
0.085
0.099
0.114
0.126
0.137
0.147
0.156
0.166
0.175
0.183
0.19
0.193
0.196
0.199
0.201
0.202
0.204
0.204
0.203
0.202
0.199
0.196
0.191
0.185
0.177
0.16
0.144
0.124
0.097
0.073
0.055
0.039
0.024
0.009
-0.01
-0.019
-0.023
-0.028
-0.032
-0.035
-0.039
-0.042
-0.044
-0.045
-0.046
-0.047
-0.047
-0.047
-0.046
-0.044
-0.042
-0.04
-0.037
-0.034
-0.032
-0.029
-0.027
-0.024
-0.022
-0.02
-0.018
-0.015
-0.013
-0.01
-0.007
-0.005
-0.003
-0.001
0.0
0.0
0.001
0.002
0.003
0.004
0.004
0.005
0.005
0.006
0.007
0.008
0.009
0.01
0.011
0.012
0.013
0.013
0.013
0.014
0.015
0.016
0.016
0.016
0.017
0.019
0.021
0.022
0.023
0.022
0.019
0.015
0.01
0.006
0.003
0.002
0.0
-0.001
-0.003
-0.004
-0.005
-0.005
-0.007
-0.009
-0.01
-0.012
-0.012
-0.013
-0.013
-0.013
-0.013
-0.013
-0.013
-0.012
-0.012
-0.011
-0.012
-0.013
-0.013
-0.014
-0.014
-0.014
-0.015
-0.016
-0.017
-0.018
-0.018
-0.018
-0.018
-0.019
-0.018
-0.017
-0.016
-0.015
-0.013
-0.011
-0.01
-0.009
-0.007
-0.005
-0.003
0.0
0.004
0.021
0.037
0.045
0.051
0.056
0.06
0.064
0.068
0.072
0.075
0.078
0.08
0.082
0.084
0.086
0.089
0.094
0.098
0.101
0.1
0.097
0.09
0.082
0.067
0.041
0.017
-0.01
-0.029
-0.039
-0.046
-0.052
-0.057
-0.062
-0.065
-0.067
-0.068
-0.069
-0.07
-0.071
-0.073
-0.075
-0.076
-0.078
-0.081
-0.083
-0.085
-0.088
-0.09
-0.094
-0.098
-0.104
-0.114
-0.136
-0.147
-0.163
-0.164
-0.133
-0.051
0.096
0.317
0.599
0.91
1.202
1.42
1.514
1.469
1.308
1.066
0.786
0.516
0.29
0.131
0.029
-0.04
-0.09
-0.12
-0.133
-0.139
-0.144
-0.148
-0.151
-0.153
-0.154
-0.155
-0.155
-0.154
-0.153
-0.151
-0.148
-0.144
-0.14
-0.137
-0.134
-0.131
-0.128
-0.124
-0.119
-0.115
-0.11
-0.106
-0.102
-0.098
-0.095
-0.092
-0.089
-0.085
-0.081
-0.077
-0.071
-0.066
-0.06
-0.055
-0.049
-0.043
-0.038
-0.033
-0.028
-0.022
-0.017
-0.013
-0.009
-0.005
0.0
0.01
0.026
0.042
0.057
0.072
0.088
0.104
0.121
0.142
0.153
0.161
0.167
0.172
0.175
0.177
0.177
0.175
0.172
0.167
0.162
0.155
0.144
0.124
0.107
0.091
0.075
0.06
0.045
0.03
0.016
0.007
0.001
-0.004
-0.01
-0.018
-0.026
-0.033
-0.04
-0.047
-0.054
-0.062
-0.069
-0.073
-0.077
-0.08
-0.084
-0.086
-0.088
-0.09
-0.091
-0.091
-0.091
-0.09
-0.088
-0.086
-0.083
-0.079
-0.075
-0.071
-0.067
-0.063
-0.058
-0.053
-0.048
-0.044
-0.041
-0.039
-0.038
-0.038
-0.038
-0.037
-0.036
-0.035
-0.033
-0.03
-0.029
-0.029
-0.031
-0.034
-0.036
-0.039
-0.042
-0.042
-0.039
-0.035
-0.032
-0.028
-0.024
-0.021
-0.021
-0.023
-0.027
-0.031
-0.034
-0.036
-0.039
-0.041
-0.044
-0.046
-0.047
-0.047
-0.046
-0.043
-0.04
-0.037
-0.033
-0.03
-0.027
-0.026
-0.025
-0.024
-0.023
-0.023
-0.023
-0.023
-0.022
-0.022
-0.021
-0.021
-0.021
-0.021
-0.021
-0.02
-0.02
-0.02
-0.021
-0.021
-0.02
-0.02
-0.02
-0.02
-0.02
-0.02
-0.019
-0.019
-0.018
-0.017
-0.017
-0.016
-0.015
-0.014
-0.012
-0.011
-0.01
-0.009
-0.007
-0.005
0.0
0.013
0.029
0.044
0.056
0.068
0.08
0.091
0.101
0.109
0.114
0.118
0.12
0.123
0.126
0.127
0.128
0.128
0.125
0.12
0.113
0.105
0.092
0.072
0.055
0.037
0.02
0.004
-0.002
-0.006
-0.009
-0.012
-0.013
-0.015
-0.016
-0.017
-0.019
-0.02
-0.022
-0.023
-0.024
-0.025
-0.026
-0.027
-0.028
-0.03
-0.032
-0.039
-0.058
-0.08
-0.098
-0.111
-0.12
-0.109
-0.076
0.008
0.154
0.371
0.646
0.944
1.22
1.418
1.488
1.416
1.23
0.973
0.701
0.46
0.272
0.132
0.023
-0.058
-0.089
-0.096
-0.102
-0.106
-0.108
-0.109
-0.11
-0.11
-0.108
-0.106
-0.103
-0.1
-0.096
-0.091
-0.087
-0.083
-0.079
-0.075
-0.071
-0.067
