0.021
0.025
0.036
0.051
0.063
0.072
0.078
0.086
0.094
0.104
0.111
0.115
0.118
0.121
0.123
0.124
0.126
0.128
0.131
0.135
0.14
0.147
0.157
0.17
0.194
0.215
0.227
0.235
0.241
0.247
0.253
0.26
0.266
0.271
0.277
0.286
0.299
0.311
0.32
0.326
0.331
0.335
0.338
0.341
0.342
0.344
0.344
0.343
0.342
0.339
0.336
0.331
0.325
0.318
0.307
0.286
0.267
0.248
0.23
0.214
0.206
0.203
0.2
0.198
0.196
0.195
0.195
0.193
0.191
0.188
0.184
0.181
0.178
0.175
0.173
0.171
0.169
0.166
0.163
0.16
0.155
0.15
0.146
0.144
0.143
0.142
0.142
0.142
0.142
0.144
0.146
0.148
0.15
0.152
0.153
0.152
0.148
0.142
0.136
0.13
0.124
0.118
0.113
0.107
0.1
0.093
0.088
0.085
0.081
0.077
0.073
0.07
0.067
0.063
0.06
0.057
0.054
0.052
0.049
0.047
0.044
0.041
0.036
0.031
0.025
0.02
0.014
0.009
0.003
0.0
-0.004
-0.008
-0.01
-0.012
-0.014
-0.016
-0.019
-0.023
-0.027
-0.031
-0.035
-0.039
-0.043
-0.046
-0.049
-0.052
-0.056
-0.059
-0.063
-0.068
-0.073
-0.078
-0.083
-0.087
-0.09
-0.092
-0.092
-0.092
-0.091
-0.089
-0.088
-0.087
-0.086
-0.084
-0.082
-0.08
-0.077
-0.071
-0.066
-0.068
-0.071
-0.075
-0.079
-0.077
-0.062
-0.048
-0.032
-0.015
-0.004
0.005
0.012
0.015
0.013
0.005
-0.004
-0.012
-0.021
-0.029
-0.038
-0.046
-0.055
-0.063
-0.07
-0.078
-0.085
-0.093
-0.1
-0.106
-0.11
-0.115
-0.119
-0.123
-0.126
-0.129
-0.131
-0.132
-0.133
-0.134
-0.134
-0.133
-0.132
-0.131
-0.131
-0.131
-0.131
-0.13
-0.129
-0.129
-0.128
-0.126
-0.124
-0.121
-0.119
-0.116
-0.114
-0.109
-0.102
-0.081
-0.03
0.063
0.216
0.423
0.662
0.906
1.127
1.261
1.271
1.191
0.97
0.697
0.444
0.259
0.142
0.085
0.066
0.055
0.045
0.037
0.032
0.028
0.024
0.02
0.015
0.009
0.003
0.0
-0.003
-0.006
-0.01
-0.014
-0.019
-0.023
-0.027
-0.031
-0.034
-0.036
-0.036
-0.034
-0.032
-0.029
-0.026
-0.022
-0.018
-0.015
-0.012
-0.008
-0.003
0.006
0.016
0.024
0.032
0.039
0.044
0.049
0.053
0.058
0.062
0.066
0.07
0.074
0.078
0.082
0.085
0.089
0.093
0.097
0.102
0.106
0.11
0.115
0.121
0.129
0.142
0.165
0.183
0.195
0.204
0.212
0.217
0.22
0.224
0.228
0.232
0.235
0.234
0.226
0.215
0.201
0.183
0.169
0.15
0.121
0.098
0.087
0.078
0.069
0.061
0.054
0.046
0.038
0.031
0.024
0.018
0.012
0.005
-0.008
-0.03
-0.038
-0.041
-0.044
-0.047
-0.05
-0.053
-0.054
-0.055
-0.056
-0.056
-0.056
-0.055
-0.053
-0.051
-0.049
-0.047
-0.045
-0.044
-0.043
-0.042
-0.041
-0.04
-0.039
-0.037
-0.034
-0.03
-0.026
-0.022
-0.019
-0.017
-0.015
-0.012
-0.01
-0.008
-0.006
-0.005
-0.002
0.0
0.001
0.001
-0.001
-0.007
-0.013
-0.019
-0.022
-0.025
-0.028
-0.031
-0.033
-0.036
-0.038
-0.04
-0.041
-0.043
-0.046
-0.048
-0.05
-0.052
-0.052
-0.052
-0.053
-0.054
-0.055
-0.056
-0.058
-0.06
-0.063
-0.071
-0.079
-0.079
-0.07
-0.059
-0.052
-0.045
-0.039
-0.033
-0.029
-0.027
-0.028
-0.029
-0.031
-0.034
-0.036
-0.04
-0.043
-0.043
-0.039
-0.034
-0.033
-0.032
-0.031
-0.031
-0.031
-0.031
-0.03
-0.028
-0.026
-0.024
-0.021
-0.019
-0.017
-0.014
-0.012
-0.009
-0.006
-0.004
-0.002
0.0
0.003
0.007
0.012
0.016
0.02
0.022
0.025
0.026
0.026
0.025
0.023
0.019
0.014
0.009
0.003
-0.003
-0.014
-0.026
-0.039
-0.052
-0.06
-0.067
-0.073
-0.078
-0.082
-0.085
-0.086
-0.086
-0.084
-0.08
-0.076
-0.072
-0.066
-0.061
-0.053
-0.04
-0.031
-0.029
-0.028
-0.026
-0.025
-0.023
-0.022
-0.024
-0.028
-0.033
-0.038
-0.043
-0.047
-0.048
-0.045
-0.035
-0.015
0.045
0.188
0.406
0.688
0.993
1.259
1.4
1.4
1.26
0.971
0.653
0.384
0.197
0.089
0.032
0.0
-0.022
-0.036
-0.051
-0.066
-0.071
-0.075
-0.077
-0.079
-0.081
-0.082
-0.083
-0.084
-0.086
-0.087
-0.089
-0.09
-0.092
-0.092
-0.093
-0.092
-0.091
-0.089
-0.087
-0.084
-0.082
-0.081
-0.08
-0.08
-0.079
-0.079
-0.079
-0.079
-0.079
-0.078
-0.076
-0.074
-0.07
-0.067
-0.063
-0.058
-0.053
-0.047
-0.042
-0.038
-0.034
-0.031
-0.027
-0.023
-0.018
-0.013
-0.008
-0.004
0.0
0.003
0.008
0.013
0.022
0.038
0.056
0.064
0.07
0.074
0.078
0.082
0.084
0.086
0.087
0.086
0.084
0.082
0.079
0.075
0.07
0.064
0.05
0.032
0.02
0.013
0.007
0.002
-0.001
-0.005
-0.008
-0.011
-0.014
-0.016
-0.019
-0.023
-0.028
-0.031
-0.033
-0.032
-0.031
-0.028
-0.026
-0.024
-0.021
-0.018
-0.016
-0.015
-0.018
-0.022
-0.026
-0.029
-0.031
-0.034
-0.038
-0.041
-0.045
-0.047
-0.05
-0.052
-0.054
-0.055
-0.056
-0.057
-0.058
-0.06
-0.063
-0.068
-0.071
-0.073
-0.07
-0.066
-0.061
-0.056
-0.049
-0.043
-0.04
-0.041
-0.045
-0.05
-0.055
-0.059
-0.064
-0.068
-0.07
-0.068
-0.064
-0.059
-0.054
-0.051
-0.048
-0.046
-0.043
-0.042
-0.041
-0.04
-0.039
-0.039
-0.038
-0.037
-0.035
-0.034
-0.032
-0.031
-0.029
-0.028
-0.027
-0.026
-0.025
-0.025
-0.026
-0.026
-0.026
-0.026
-0.026
-0.025
-0.023
-0.021
-0.018
-0.016
-0.014
-0.012
-0.011
-0.01
-0.01
-0.01
-0.01
-0.011
-0.01
-0.009
-0.008
-0.007
-0.005
-0.003
-0.002
0.0
0.002
0.004
0.007
0.01
0.013
0.016
0.024
0.032
0.04
0.048
0.052
0.057
0.06
0.064
0.067
0.07
0.072
0.072
0.072
0.072
0.07
0.067
0.064
0.06
0.056
0.051
0.046
0.04
0.033
0.022
0.011
0.005
0.0
-0.004
-0.008
-0.012
-0.015
-0.018
-0.02
-0.022
-0.023
-0.024
-0.025
-0.025
-0.026
-0.026
-0.028
-0.029
-0.031
-0.033
-0.035
-0.036
-0.038
-0.04
-0.043
-0.046
-0.05
-0.054
-0.061
-0.064
-0.058
-0.042
0.004
0.088
0.229
0.439
0.702
0.981
1.219
1.322
1.312
1.157
0.871
0.561
0.293
0.115
0.057
0.04
0.027
0.015
0.003
-0.02
-0.052
-0.065
-0.071
-0.076
-0.079
-0.082
-0.082
-0.082
-0.082
-0.082
-0.079
-0.075
-0.07
-0.064
-0.058
-0.053
-0.049
-0.045
-0.042
-0.039
-0.036
-0.033
-0.031
-0.028
-0.024
-0.021
-0.019
-0.017
-0.016
-0.015
-0.014
-0.012
-0.01
-0.009
-0.007
-0.005
-0.001
0.002
0.007
0.012
0.016
0.021
0.026
0.032
0.038
0.046
0.053
0.061
0.071
0.085
0.105
0.12
0.131
0.139
0.146
0.155
0.163
0.174
0.186
0.195
0.202
0.206
0.21
0.214
0.217
0.218
0.216
0.212
0.206
0.198
0.188
0.17
0.158
0.143
0.124
0.108
0.089
0.067
0.046
0.031
0.02
0.014
0.011
0.008
0.005
0.003
0.002
0.005
0.008
0.011
0.014
0.017
0.019
0.019
0.017
0.015
0.012
0.011
0.009
0.008
0.006
0.005
0.005
0.005
0.006
0.006
0.007
0.008
0.01
0.012
0.014
0.015
0.016
0.016
0.016
0.016
0.016
0.016
0.016
0.016
0.015
0.015
0.015
0.016
0.017
0.017
0.017
0.017
0.017
0.017
0.018
0.019
0.02
0.021
0.022
0.027
0.031
0.03
0.025
0.018
0.013
0.008
0.004
0.001
0.0
0.001
0.002
0.004
0.006
0.008
0.011
0.015
0.016
0.015
0.01
0.006
0.002
-0.002
-0.007
-0.008
-0.005
0.0
0.005
0.009
0.013
0.017
0.02
0.022
0.022
0.02
0.016
0.012
0.007
0.002
-0.005
-0.011
-0.011
-0.007
0.0
0.004
0.009
0.016
0.024
0.033
0.041
0.051
0.058
0.059
0.057
0.054
0.049
0.043
0.054
0.064
0.07
0.075
0.078
0.075
0.069
0.062
0.057
0.054
0.051
0.048
0.045
0.042
0.039
0.037
0.035
0.033
0.029
0.022
0.005
-0.014
-0.033
-0.046
-0.052
-0.057
-0.061
-0.066
-0.07
-0.075
-0.079
-0.081
-0.08
-0.077
-0.074
-0.07
-0.066
-0.062
-0.062
-0.067
-0.073
-0.084
-0.098
-0.105
-0.109
-0.111
-0.108
-0.101
-0.093
-0.082
-0.07
-0.039
0.042
0.186
0.401
0.665
0.934
1.144
1.226
1.149
0.935
0.645
0.36
0.141
0.01
-0.056
-0.074
-0.077
-0.08
-0.082
-0.082
-0.08
-0.076
-0.071
-0.066
-0.076
-0.084
-0.091
-0.095
-0.094
-0.086
-0.077
-0.072
-0.068
-0.065
-0.062
-0.059
-0.056
-0.053
-0.051
-0.05
-0.049
-0.049
-0.049
-0.049
-0.049
-0.05
-0.05
-0.05
-0.05
-0.049
-0.049
-0.048
-0.047
-0.046
-0.045
-0.044
-0.042
-0.041
-0.039
-0.036
-0.029
-0.013
0.001
0.012
0.022
0.029
0.035
0.041
0.048
0.057
0.073
0.095
0.11
0.122
0.134
0.15
0.172
0.186
0.195
0.2
0.203
0.204
0.205
0.206
0.207
0.208
0.21
0.209
0.203
0.193
0.182
0.166
0.15
0.129
0.106
0.089
0.075
0.063
0.051
0.039
0.022
0.006
-0.007
-0.019
-0.03
-0.037
-0.043
-0.047
-0.05
-0.052
-0.053
-0.054
-0.055
-0.056
-0.057
-0.059
-0.061
-0.06
-0.056
-0.054
-0.053
-0.051
-0.05
-0.05
-0.05
-0.053
-0.057
-0.061
-0.065
-0.07
-0.075
-0.08
-0.084
-0.086
-0.085
-0.081
-0.075
-0.067
-0.056
-0.039
-0.029
-0.022
-0.016
-0.011
-0.011
-0.017
-0.027
-0.038
-0.051
-0.058
-0.062
-0.065
-0.069
-0.071
-0.067
-0.059
-0.053
-0.045
-0.039
-0.037
-0.036
-0.036
-0.035
-0.034
-0.032
-0.03
-0.03
-0.032
-0.036
-0.041
-0.046
-0.051
-0.059
-0.064
-0.061
-0.054
-0.047
-0.04
-0.034
-0.029
-0.026
-0.024
-0.021
-0.019
-0.016
-0.014
-0.013
-0.013
-0.013
-0.013
-0.012
-0.012
-0.011
-0.011
-0.012
-0.012
-0.011
-0.009
-0.006
-0.004
-0.001
0.0
0.003
0.006
0.011
0.02
0.027
0.032
0.036
0.039
0.041
0.044
0.046
0.048
0.049
0.051
0.052
0.053
0.053
0.053
0.052
0.051
0.049
0.048
0.047
0.044
0.041
0.038
0.035
0.031
0.028
0.023
0.016
0.009
0.002
-0.005
-0.011
-0.019
-0.026
-0.034
-0.039
-0.041
-0.042
-0.043
-0.044
-0.048
-0.05
-0.043
-0.03
-0.021
-0.013
-0.006
-0.001
-0.001
-0.004
-0.009
-0.016
-0.029
-0.05
-0.066
-0.076
-0.076
-0.058
-0.01
0.101
0.276
0.512
0.774
1.019
1.2
1.261
1.171
0.954
0.676
0.402
0.182
0.04
-0.011
-0.028
-0.04
-0.049
-0.061
-0.074
-0.081
-0.086
-0.092
-0.093
-0.087
-0.083
-0.08
-0.078
-0.077
-0.076
-0.074
-0.071
-0.066
-0.06
-0.054
-0.049
-0.043
-0.037
-0.03
-0.023
-0.018
-0.014
-0.01
-0.006
0.0
0.006
0.013
0.022
0.031
0.036
0.04
0.044
0.048
0.052
0.055
0.058
0.061
0.063
0.066
0.071
0.079
0.093
0.103
0.108
0.111
0.113
0.116
0.121
0.126
0.133
0.141
0.153
0.172
0.189
0.212
0.236
0.246
0.252
0.256
0.259
0.262
0.263
0.264
0.263
0.262
0.26
0.257
0.253
0.246
0.239
0.227
0.207
0.188
0.174
0.164
0.156
0.151
0.147
0.145
0.144
0.142
0.141
0.14
0.14
0.139
0.137
0.136
0.134
0.133
0.132
0.132
0.134
0.137
0.14
0.144
0.149
0.154
0.16
0.164
0.168
0.172
0.174
0.176
0.177
0.179
0.181
0.183
0.185
0.188
0.191
0.194
0.197
0.2
0.202
0.204
0.204
0.205
0.205
0.205
0.204
0.203
0.201
0.199
0.198
0.197
0.196
0.195
0.193
0.192
0.19
0.189
0.188
0.187
0.185
0.182
0.18
0.178
0.175
0.171
0.165
0.159
0.152
0.146
0.139
0.132
0.123
0.112
0.101
0.091
0.081
0.073
0.066
0.058
0.052
0.047
0.042
0.038
0.034
0.029
0.024
0.017
0.01
0.0
-0.02
-0.052
-0.084
-0.111
-0.135
-0.163
-0.197
-0.232
-0.254
-0.266
-0.275
-0.279
-0.281
-0.282
-0.283
-0.284
-0.285
-0.286
-0.287
-0.288
-0.289
-0.291
-0.292
-0.294
-0.297
-0.299
-0.301
-0.302
-0.302
-0.303
-0.305
-0.306
-0.307
-0.308
-0.309
-0.31
-0.31
-0.311
-0.312
-0.313
-0.315
-0.317
-0.319
-0.321
-0.324
-0.327
-0.331
-0.335
-0.338
-0.341
-0.345
-0.348
-0.352
-0.358
-0.364
-0.369
-0.373
-0.375
-0.375
-0.373
-0.37
-0.366
-0.36
-0.355
-0.35
-0.346
-0.343
-0.34
-0.338
-0.336
-0.334
-0.332
-0.329
-0.326
-0.323
-0.321
-0.319
-0.318
-0.316
-0.314
-0.311
-0.307
-0.301
-0.268
-0.191
-0.077
0.075
0.279
0.535
0.804
1.019
1.123
1.076
0.883
0.596
0.283
0.02
-0.143
-0.19
-0.204
-0.212
-0.22
-0.227
-0.232
-0.237
-0.24
-0.244
-0.247
-0.248
-0.249
-0.248
-0.246
-0.242
-0.237
-0.231
-0.224
-0.218
-0.213
-0.208
-0.203
-0.198
-0.194
-0.189
-0.184
-0.18
-0.176
-0.172
-0.169
-0.166
-0.163
-0.16
-0.155
-0.146
-0.137
-0.128
-0.12
-0.113
-0.108
-0.103
-0.098
-0.093
-0.088
-0.083
-0.078
-0.073
-0.069
-0.065
-0.061
-0.057
-0.053
-0.05
-0.047
-0.046
-0.045
-0.046
-0.049
-0.053
-0.058
-0.064
-0.07
-0.075
-0.08
-0.084
-0.088
-0.092
-0.097
-0.102
-0.107
-0.111
-0.114
-0.117
-0.119
-0.121
-0.122
-0.122
-0.121
-0.12
-0.119
-0.119
-0.122
-0.124
-0.125
-0.122
-0.114
-0.107
-0.103
-0.098
-0.093
-0.089
-0.086
-0.084
-0.085
-0.087
-0.091
-0.097
-0.106
-0.122
-0.154
-0.18
-0.199
-0.217
-0.239
-0.267
-0.291
-0.308
-0.319
-0.324
-0.328
-0.331
-0.333
-0.335
-0.335
-0.335
-0.333
-0.33
-0.326
-0.322
-0.318
-0.311
-0.305
-0.306
-0.314
-0.327
-0.343
-0.364
-0.38
-0.396
-0.41
-0.421
-0.428
-0.433
-0.438
-0.441
-0.443
-0.442
-0.439
-0.435
-0.431
-0.428
-0.426
-0.423
-0.42
-0.416
-0.412
-0.408
-0.404
-0.399
-0.394
-0.384
-0.367
-0.345
-0.335
-0.329
-0.324
-0.319
-0.316
-0.312
-0.309
-0.307
-0.305
-0.304
-0.303
-0.302
-0.301
-0.301
-0.3
-0.3
-0.298
-0.296
-0.293
-0.286
-0.277
-0.264
-0.244
-0.214
-0.186
-0.166
-0.149
-0.132
-0.115
-0.099
-0.083
-0.066
-0.05
-0.034
-0.018
0.0
0.017
0.035
0.05
0.062
0.072
0.083
0.094
0.107
0.123
0.139
0.16
0.186
0.212
0.237
0.258
0.274
0.288
0.301
0.311
0.32
0.33
0.341
0.354
0.364
0.369
0.374
0.378
0.38
0.381
0.378
0.374
0.371
0.369
0.367
0.365
0.362
0.36
0.358
0.356
0.355
0.355
0.356
0.357
0.358
0.359
0.361
0.364
0.366
0.367
0.368
0.369
0.372
0.375
0.377
0.373
0.365
0.355
0.341
0.324
0.321
0.318
0.314
0.329
0.376
0.459
0.599
0.805
1.064
1.336
1.565
1.684
1.688
1.586
1.348
1.06
0.794
0.594
0.472
0.414
0.392
0.379
0.364
0.335
0.297
0.261
0.234
0.216
0.21
0.207
0.206
0.206
0.205
0.204
0.204
0.203
0.202
0.202
0.201
0.201
0.2
0.2
0.2
0.2
0.2
0.199
0.199
0.198
0.197
0.196
0.196
0.195
0.194
0.193
0.192
0.192
0.191
0.191
0.19
0.189
0.189
0.189
0.194
0.202
0.21
0.217
0.224
0.232
0.239
0.245
0.252
0.259
0.268
0.276
0.285
0.294
0.304
0.313
0.323
0.332
0.339
0.345
0.349
0.354
0.358
0.361
0.363
0.363
0.361
0.357
0.351
0.343
0.328
0.299
0.279
0.266
0.252
0.236
0.219
0.202
0.186
0.17
0.157
0.147
0.137
0.126
0.112
0.1
0.095
0.092
0.089
0.087
0.085
0.082
0.08
0.078
0.076
0.074
0.072
0.069
0.068
0.067
0.066
0.067
0.067
0.067
0.067
0.068
0.068
0.068
0.067
0.066
0.063
0.061
0.058
0.056
0.054
0.053
0.052
0.051
0.05
0.049
0.046
0.042
0.037
0.033
0.031
0.031
0.032
0.035
0.038
0.041
0.043
0.047
0.051
0.054
0.055
0.051
0.043
0.035
0.026
0.013
0.004
0.001
0.0
-0.003
-0.006
-0.008
-0.01
-0.011
-0.011
-0.012
-0.012
-0.012
-0.013
-0.013
-0.013
-0.012
-0.013
-0.015
-0.017
-0.017
-0.01
-0.002
0.0
0.001
0.002
0.004
0.005
0.006
0.008
0.009
0.011
0.012
0.013
0.015
0.016
0.018
0.02
0.022
0.023
0.025
0.026
0.027
0.028
0.03
0.031
0.033
0.036
0.038
0.041
0.045
0.05
0.055
0.06
0.065
0.069
0.073
0.077
0.082
0.086
0.091
0.095
0.101
0.107
0.112
0.117
0.121
0.121
0.119
0.114
0.107
0.1
0.092
0.085
0.076
0.066
0.057
0.048
0.04
0.033
0.027
0.022
0.018
0.015
0.013
0.011
0.01
0.008
0.007
0.005
0.004
0.003
0.003
0.002
0.002
0.001
0.0
0.0
-0.002
-0.004
-0.005
-0.006
-0.009
-0.012
-0.016
-0.02
-0.025
-0.035
-0.059
-0.063
-0.049
-0.013
0.113
0.32
0.595
0.894
1.147
1.257
1.249
1.106
0.836
0.524
0.245
0.053
-0.022
-0.046
-0.058
-0.067
-0.073
-0.08
-0.084
-0.088
-0.091
-0.094
-0.097
-0.098
-0.099
-0.099
-0.098
-0.098
-0.098
-0.097
-0.095
-0.092
-0.09
-0.088
-0.087
-0.085
-0.084
-0.082
-0.081
-0.078
-0.075
-0.071
-0.067
-0.063
-0.06
-0.057
-0.054
-0.052
-0.05
-0.048
-0.047
-0.046
-0.045
-0.043
-0.04
-0.037
-0.034
-0.03
-0.026
-0.022
-0.019
-0.015
-0.011
-0.006
-0.001
0.005
0.019
0.033
0.044
0.055
0.071
0.091
0.107
0.116
0.122
0.126
0.13
0.132
0.134
0.135
0.135
0.134
0.131
0.128
0.124
0.119
0.112
0.102
0.083
0.064
0.044
0.024
0.006
-0.011
-0.029
-0.052
-0.07
-0.086
-0.095
-0.099
-0.101
-0.103
-0.105
-0.106
-0.108
-0.109
-0.11
-0.11
-0.11
-0.109
-0.108
-0.107
-0.105
-0.103
-0.1
-0.098
-0.096
-0.095
-0.094
-0.093
-0.089
-0.084
-0.079
-0.077
-0.077
-0.078
-0.08
-0.081
-0.083
-0.085
-0.088
-0.09
-0.088
-0.081
-0.071
-0.059
-0.042
-0.035
-0.031
-0.029
-0.027
-0.025
-0.023
-0.021
-0.019
-0.017
-0.014
-0.009
-0.004
0.0
0.005
0.008
0.012
0.016
0.02
0.024
0.029
0.033
0.036
0.04
0.043
0.047
0.051
0.054
0.057
0.06
0.062
0.063
0.064
0.066
0.067
0.069
0.07
0.07
0.07
0.07
0.071
0.071
0.071
0.072
0.072
0.071
0.071
0.071
0.072
0.073
0.074
0.074
0.074
0.073
0.074
0.074
0.076
0.077
0.078
0.079
0.081
0.083
0.085
0.088
0.091
0.093
0.096
0.098
0.101
0.106
0.11
0.113
0.116
0.119
0.121
0.122
0.123
0.122
0.12
0.116
0.112
0.107
0.102
0.097
0.091
0.082
0.073
0.063
0.055
0.046
0.038
0.032
0.027
0.021
0.016
0.011
0.007
0.002
-0.001
-0.005
-0.009
-0.012
-0.015
-0.016
-0.018
-0.018
-0.019
-0.02
-0.021
-0.023
-0.025
-0.029
-0.033
-0.035
-0.038
-0.039
-0.041
-0.043
-0.045
-0.048
-0.053
-0.065
-0.063
-0.034
0.044
0.206
0.432
0.69
0.934
1.109
1.172
1.09
0.881
0.611
0.351
0.143
0.002
-0.069
-0.097
-0.115
-0.132
-0.15
-0.167
-0.181
-0.194
-0.201
-0.206
-0.208
-0.21
-0.211
-0.212
-0.212
-0.213
-0.213
-0.213
-0.213
-0.212
-0.21
-0.208
-0.207
-0.205
-0.203
-0.201
-0.2
-0.199
-0.198
-0.198
-0.198
-0.198
-0.197
-0.196
-0.195
-0.193
-0.192
-0.19
-0.188
-0.185
-0.182
-0.178
-0.173
-0.168
-0.156
-0.144
-0.133
-0.122
-0.109
-0.095
-0.083
-0.073
-0.062
-0.051
-0.039
-0.024
-0.011
0.0
0.011
0.021
0.029
0.045
0.072
0.095
0.113
0.134
0.154
0.171
0.178
0.18
0.182
0.185
0.183
0.169
0.155
0.143
0.132
0.121
0.104
0.081
0.065
0.051
0.034
0.02
0.008
0.003
0.001
0.0
0.0
-0.002
-0.002
-0.003
0.0
0.009
0.018
0.024
0.029
0.034
0.039
0.044
0.048
0.052
0.054
0.057
0.059
0.06
0.062
0.064
0.066
0.069
0.071
0.073
0.076
0.079
0.082
0.085
0.088
0.091
0.094
0.097
0.101
0.109
0.114
0.115
0.116
0.117
0.118
0.12
0.122
0.123
0.121
0.117
0.111
0.106
0.102
0.098
0.094
0.09
0.086
0.083
0.081
0.08
0.078
0.077
0.075
0.073
0.071
0.07
0.068
0.067
0.064
0.061
0.058
0.055
0.052
0.051
0.049
0.047
0.045
0.043
0.041
0.04
0.038
0.037
0.034
0.032
0.03
0.029
0.028
0.026
0.025
0.023
0.021
0.019
0.017
0.015
0.011
0.004
-0.009
-0.017
-0.021
-0.024
-0.026
-0.028
-0.03
-0.031
-0.029
-0.026
-0.021
-0.017
-0.012
-0.009
-0.006
-0.002
0.0
0.004
0.006
0.008
0.009
0.009
0.009
0.008
0.007
0.006
0.006
0.006
0.005
0.005
0.004
0.003
0.001
0.0
-0.001
-0.004
-0.006
-0.008
-0.011
-0.014
-0.016
-0.02
-0.025
-0.034
-0.056
-0.076
-0.091
-0.104
-0.111
-0.116
-0.12
-0.123
-0.125
-0.127
-0.127
-0.126
-0.125
-0.122
-0.119
-0.115
-0.11
-0.105
-0.1
-0.089
-0.081
-0.08
-0.085
-0.093
-0.106
-0.128
-0.163
-0.195
-0.205
-0.193
-0.158
-0.063
0.097
0.327
0.61
0.907
1.164
1.292
1.289
1.149
0.857
0.516
0.217
0.027
-0.021
-0.038
-0.048
-0.053
-0.073
-0.119
-0.165
-0.195
-0.213
-0.223
-0.23
-0.235
-0.237
-0.239
-0.241
-0.243
-0.245
-0.247
-0.25
-0.251
-0.252
-0.252
-0.251
-0.249
-0.247
-0.244
-0.24
-0.236
-0.236
-0.239
-0.243
-0.245
-0.246
-0.248
-0.25
-0.251
-0.253
-0.255
-0.256
-0.256
-0.256
-0.254
-0.253
-0.25
-0.246
-0.242
-0.239
-0.233
-0.22
-0.206
-0.191
-0.177
-0.166
-0.155
-0.144
-0.132
-0.117
-0.095
-0.069
-0.047
-0.03
-0.01
0.008
0.034
0.067
0.095
0.121
0.143
0.154
0.161
0.166
0.167
0.164
0.158
0.148
0.137
0.12
0.104
0.087
0.071
0.053
0.037
0.024
0.012
0.0
-0.006
-0.012
-0.018
-0.021
-0.024
-0.024
-0.022
-0.019
-0.014
-0.008
0.0
0.009
0.027
0.043
0.054
0.062
0.068
0.071
0.068
0.061
0.053
0.047
0.04
0.033
0.029
0.029
0.034
0.04
0.047
0.051
0.055
0.06
0.064
0.066
0.066
0.064
0.062
0.059
0.058
0.058
0.058
0.057
0.057
0.056
0.056
0.055
0.054
0.053
0.052
0.051
0.051
0.051
0.051
0.051
0.052
0.053
0.053
0.052
0.052
0.05
0.048
0.046
0.044
0.041
0.038
0.034
0.03
0.026
0.023
0.016
0.009
0.002
0.0
-0.002
-0.003
-0.004
-0.005
-0.005
-0.006
-0.006
-0.007
-0.007
-0.007
-0.007
-0.007
-0.008
-0.009
-0.01
-0.01
-0.01
-0.01
-0.01
-0.009
-0.008
-0.007
-0.005
-0.004
-0.002
0.0
0.0
0.002
0.003
0.005
0.008
0.012
0.02
0.031
0.043
0.055
0.065
0.075
0.084
0.093
0.102
0.111
0.119
0.125
0.132
0.139
0.145
0.149
0.153
0.154
0.156
0.157
0.158
0.159
0.16
0.161
0.161
0.162
0.163
0.163
0.163
0.162
0.161
0.159
0.156
0.152
0.147
0.142
0.137
0.133
0.13
0.127
0.123
0.12
0.116
0.113
0.11
0.107
0.104
0.101
0.099
0.097
0.095
0.094
0.093
0.092
0.09
0.087
0.082
0.073
0.068
0.073
0.087
0.129
0.222
0.374
0.592
0.861
1.139
1.371
1.492
1.493
1.377
1.113
0.805
0.532
0.326
0.193
0.128
0.106
0.093
0.084
0.075
0.067
0.061
0.054
0.047
0.038
0.026
0.009
-0.011
-0.022
-0.029
-0.034
-0.038
-0.041
-0.042
-0.042
-0.041
-0.039
-0.036
-0.034
-0.033
-0.033
-0.032
-0.031
-0.03
-0.028
-0.026
-0.024
-0.021
-0.018
-0.014
-0.01
-0.007
-0.003
0.0
0.001
0.004
0.007
0.011
0.015
0.019
0.024
0.029
0.033
0.038
0.042
0.045
0.048
0.05
0.052
0.055
0.061
0.074
0.092
0.11
0.127
0.144
0.157
0.167
0.177
0.186
0.195
0.204
0.214
0.22
0.215
0.205
0.19
0.162
0.139
0.125
0.11
0.092
0.079
0.068
0.059
0.05
0.041
0.032
0.024
0.018
0.011
0.005
0.0
-0.005
-0.008
-0.01
-0.011
-0.011
-0.011
-0.012
-0.013
-0.014
-0.014
-0.013
-0.012
-0.011
-0.011
-0.01
