-0.067
-0.078
-0.084
-0.089
-0.093
-0.097
-0.1
-0.103
-0.105
-0.107
-0.11
-0.113
-0.116
-0.119
-0.121
-0.124
-0.126
-0.128
-0.131
-0.134
-0.136
-0.139
-0.141
-0.143
-0.145
-0.147
-0.15
-0.153
-0.155
-0.157
-0.158
-0.159
-0.161
-0.162
-0.164
-0.166
-0.169
-0.175
-0.187
-0.188
-0.169
-0.119
-0.005
0.168
0.384
0.61
0.804
0.904
0.908
0.829
0.65
0.427
0.208
0.035
-0.078
-0.143
-0.167
-0.181
-0.188
-0.193
-0.197
-0.199
-0.201
-0.202
-0.203
-0.203
-0.202
-0.199
-0.195
-0.191
-0.187
-0.182
-0.179
-0.176
-0.172
-0.168
-0.164
-0.161
-0.157
-0.154
-0.151
-0.149
-0.147
-0.146
-0.144
-0.141
-0.137
-0.133
-0.125
-0.109
-0.095
-0.083
-0.074
-0.065
-0.055
-0.048
-0.044
-0.041
-0.037
-0.032
-0.027
-0.02
-0.013
-0.005
0.003
0.013
0.023
0.03
0.035
0.039
0.044
0.048
0.052
0.056
0.061
0.065
0.07
0.075
0.08
0.084
0.089
0.094
0.099
0.102
0.101
0.098
0.093
0.086
0.078
0.068
0.051
0.035
0.019
0.007
-0.003
-0.012
-0.018
-0.023
-0.028
-0.031
-0.033
-0.035
-0.036
-0.037
-0.038
-0.039
-0.039
-0.04
-0.041
-0.041
-0.04
-0.039
-0.038
-0.036
-0.034
-0.031
-0.029
-0.026
-0.023
-0.021
-0.018
-0.017
-0.015
-0.014
-0.013
-0.012
-0.011
-0.009
-0.007
-0.005
-0.002
0.0
0.0
0.0
0.0
0.0
-0.002
-0.005
-0.008
-0.012
-0.015
-0.018
-0.02
-0.021
-0.023
-0.024
-0.025
-0.027
-0.029
-0.031
-0.034
-0.037
-0.04
-0.043
-0.045
-0.046
-0.045
-0.044
-0.042
-0.039
-0.036
-0.034
-0.031
-0.028
-0.026
-0.025
-0.024
-0.023
-0.022
-0.021
-0.02
-0.019
-0.018
-0.018
-0.018
-0.018
-0.019
-0.02
-0.023
-0.025
-0.028
-0.031
-0.034
-0.037
-0.04
-0.043
-0.047
-0.051
-0.054
-0.058
-0.061
-0.063
-0.066
-0.069
-0.072
-0.076
-0.085
-0.098
-0.087
-0.055
0.022
0.144
0.31
0.513
0.722
0.889
0.954
0.947
0.846
0.662
0.434
0.205
0.028
-0.039
-0.063
-0.072
-0.071
-0.068
-0.064
-0.061
-0.075
-0.084
-0.089
-0.093
-0.096
-0.098
-0.098
-0.099
-0.099
-0.1
-0.099
-0.096
-0.093
-0.089
-0.084
-0.079
-0.075
-0.071
-0.066
-0.062
-0.058
-0.056
-0.054
-0.053
-0.052
-0.051
-0.05
-0.049
-0.047
-0.046
-0.044
-0.042
-0.04
-0.037
-0.034
-0.03
-0.025
-0.019
-0.013
-0.008
-0.003
0.001
0.006
0.011
0.016
0.021
0.026
0.031
0.037
0.045
0.056
0.068
0.08
0.087
0.092
0.096
0.1
0.102
0.105
0.106
0.107
0.107
0.105
0.103
0.1
0.097
0.092
0.087
0.081
0.069
0.058
0.047
0.04
0.035
0.031
0.028
0.025
0.023
0.02
0.017
0.015
0.012
0.01
0.008
0.007
0.004
0.001
0.0
-0.001
0.0
0.002
0.006
0.01
0.013
0.015
0.015
0.017
0.018
0.02
0.022
0.023
0.025
0.027
0.029
0.03
0.031
0.032
0.032
0.032
0.031
0.031
0.03
0.03
0.029
0.029
0.028
0.028
0.029
0.029
0.029
0.029
0.029
0.029
0.028
0.027
0.026
0.026
0.025
0.024
0.024
0.024
0.024
0.025
0.027
0.028
0.03
0.032
0.034
0.037
0.039
0.041
0.043
0.046
0.056
0.062
0.063
0.065
0.066
0.067
0.069
0.07
0.071
0.068
0.063
0.057
0.052
0.048
0.043
0.038
0.034
0.03
0.025
0.021
0.018
0.015
0.011
0.008
0.005
0.002
0.001
0.0
0.0
0.001
0.002
0.004
0.007
0.011
0.028
0.085
0.185
0.332
0.521
0.725
0.911
1.036
1.074
1.014
0.859
0.63
0.38
0.168
0.022
-0.031
-0.045
-0.055
-0.061
-0.064
-0.064
-0.063
-0.06
-0.058
-0.056
-0.055
-0.054
-0.052
-0.05
-0.048
-0.048
-0.048
-0.048
-0.047
-0.046
-0.044
-0.043
-0.042
-0.041
-0.04
-0.039
-0.038
-0.037
-0.036
-0.034
-0.032
-0.03
-0.027
-0.025
-0.023
-0.02
-0.017
-0.014
-0.011
-0.008
-0.005
-0.003
-0.001
0.0
0.001
0.003
0.004
0.005
0.008
0.011
0.016
0.025
0.035
0.044
0.054
0.067
0.079
0.092
0.104
0.11
0.113
0.116
0.119
0.12
0.117
0.11
0.104
0.099
0.095
0.091
0.087
0.083
0.08
0.078
0.076
0.074
0.072
0.067
0.059
0.046
0.038
0.032
0.028
0.025
0.021
0.019
0.016
0.014
0.012
0.01
0.008
0.006
0.005
0.007
0.009
0.011
0.014
0.016
0.018
0.02
0.023
0.026
0.029
0.032
0.034
0.037
0.039
0.042
0.045
0.047
0.048
0.047
0.046
0.043
0.042
0.04
0.04
0.039
0.038
0.037
0.036
0.036
0.035
0.035
0.034
0.032
0.031
0.03
0.03
0.029
0.029
0.028
0.028
0.028
0.028
0.028
0.028
0.027
0.026
0.024
0.022
0.022
0.022
0.023
0.025
0.028
0.031
0.035
0.041
0.049
0.058
0.067
0.076
0.08
0.082
0.083
0.084
0.085
0.085
0.083
0.077
0.069
0.054
0.045
0.041
0.038
0.035
0.031
0.027
0.024
0.02
0.017
0.014
0.01
0.007
0.005
0.003
0.002
0.001
0.0
0.0
-0.001
-0.003
-0.007
-0.006
0.011
0.059
0.17
0.344
0.572
0.816
1.024
1.139
1.146
1.068
0.859
0.6
0.349
0.144
0.007
-0.07
-0.086
-0.092
-0.087
-0.085
-0.085
-0.085
-0.084
-0.083
-0.082
-0.081
-0.08
-0.078
-0.076
-0.074
-0.072
-0.071
-0.069
-0.067
-0.065
-0.062
-0.06
-0.057
-0.054
-0.052
-0.049
-0.047
-0.045
-0.043
-0.042
-0.041
-0.04
-0.038
-0.037
-0.035
-0.033
-0.032
-0.03
-0.027
-0.025
-0.022
-0.019
-0.015
-0.012
-0.009
-0.004
0.0
0.004
0.008
0.01
0.013
0.016
0.022
0.03
0.038
0.049
0.064
0.076
0.086
0.093
0.097
0.101
0.104
0.105
0.105
0.103
0.099
0.095
0.091
0.088
0.084
0.081
0.078
0.074
0.07
0.065
0.057
0.047
0.034
0.022
0.013
0.001
-0.011
-0.025
-0.031
-0.035
-0.037
-0.039
-0.04
-0.04
-0.038
-0.036
-0.034
-0.031
-0.028
-0.025
-0.021
-0.019
-0.019
-0.021
-0.025
-0.029
-0.032
-0.037
-0.041
-0.042
-0.041
-0.037
-0.032
-0.027
-0.02
-0.014
-0.009
-0.006
-0.004
-0.001
0.0
0.001
0.001
0.001
0.0
-0.002
-0.004
-0.006
-0.009
-0.013
-0.017
-0.02
-0.022
-0.025
-0.027
-0.028
-0.03
-0.031
-0.033
-0.034
-0.035
-0.036
-0.036
-0.036
-0.035
-0.035
-0.034
-0.033
-0.032
-0.03
-0.028
-0.025
-0.02
-0.009
0.001
0.014
0.024
0.031
0.035
0.038
0.04
0.044
0.047
0.038
0.026
0.016
0.007
0.0
-0.005
-0.01
-0.015
-0.019
-0.022
-0.026
-0.029
-0.032
-0.036
-0.041
-0.044
-0.048
-0.05
-0.052
-0.055
-0.057
-0.059
-0.061
-0.064
-0.067
-0.073
-0.082
-0.077
-0.065
-0.005
0.104
0.272
0.49
0.729
0.936
1.045
1.05
0.967
0.765
0.511
0.262
0.067
-0.048
-0.093
-0.111
-0.118
-0.122
-0.125
-0.128
-0.13
-0.131
-0.133
-0.133
-0.134
-0.135
-0.135
-0.136
-0.136
-0.135
-0.133
-0.13
-0.126
-0.123
-0.121
-0.119
-0.116
-0.113
-0.111
-0.109
-0.106
-0.104
-0.103
-0.102
-0.1
-0.099
-0.097
-0.093
-0.085
-0.08
-0.077
-0.075
-0.074
-0.073
-0.072
-0.07
-0.068
-0.065
-0.062
-0.058
-0.049
-0.036
-0.027
-0.016
-0.003
0.012
0.025
0.032
0.038
0.042
0.046
0.051
0.056
0.06
0.064
0.067
0.069
0.071
0.073
0.074
0.075
0.076
0.078
0.08
0.079
0.071
0.061
0.05
0.042
0.033
0.02
0.008
-0.005
-0.017
-0.024
-0.03
-0.036
-0.042
-0.048
-0.052
-0.054
-0.055
-0.056
-0.057
-0.058
-0.059
-0.059
-0.059
-0.059
-0.06
-0.06
-0.061
-0.061
-0.061
-0.061
-0.061
-0.06
-0.06
-0.059
-0.058
-0.057
-0.056
-0.054
-0.052
-0.05
-0.048
-0.046
-0.043
-0.041
-0.038
-0.035
-0.032
-0.03
-0.028
-0.027
-0.026
-0.026
-0.025
-0.023
-0.02
-0.018
-0.019
-0.023
-0.028
-0.03
-0.032
-0.034
-0.036
-0.038
-0.04
-0.041
-0.042
-0.042
-0.042
-0.042
-0.041
-0.04
-0.037
-0.034
-0.03
-0.026
-0.023
-0.018
-0.007
0.001
0.008
0.016
0.023
0.027
0.029
0.031
0.034
0.033
0.023
0.012
0.001
-0.008
-0.016
-0.023
-0.026
-0.028
-0.029
-0.03
-0.031
-0.032
-0.033
-0.033
-0.035
-0.036
-0.037
-0.038
-0.04
-0.042
-0.045
-0.053
-0.065
-0.072
-0.076
-0.061
-0.014
0.083
0.235
0.428
0.638
0.832
0.967
1.008
0.935
0.758
0.519
0.287
0.103
-0.019
-0.074
-0.093
-0.102
-0.108
-0.112
-0.115
-0.118
-0.121
-0.121
-0.12
-0.118
-0.114
-0.11
-0.106
-0.1
-0.095
-0.09
-0.085
-0.081
-0.078
-0.075
-0.072
-0.07
-0.068
-0.067
-0.066
-0.065
-0.064
-0.063
-0.062
-0.062
-0.061
-0.061
-0.06
-0.059
-0.057
-0.056
-0.055
-0.054
-0.052
-0.05
-0.047
-0.042
-0.03
-0.019
-0.009
-0.001
0.005
0.01
0.019
0.032
0.041
0.045
0.048
0.052
0.056
0.062
0.068
0.074
0.081
0.087
0.089
0.09
0.091
0.092
0.093
0.095
0.094
0.091
0.086
0.083
0.08
0.077
0.075
0.072
0.07
0.067
0.064
0.06
0.054
0.044
0.035
0.024
0.011
-0.002
-0.016
-0.026
-0.032
-0.037
-0.04
-0.042
-0.044
-0.046
-0.046
-0.046
-0.044
-0.04
-0.036
-0.031
-0.024
-0.019
-0.016
-0.014
-0.012
-0.011
-0.009
-0.008
-0.008
-0.007
-0.007
-0.006
-0.006
-0.005
-0.005
-0.005
-0.005
-0.004
-0.003
-0.002
-0.001
0.0
0.0
0.0
0.0
0.0
0.0
0.0
-0.001
-0.002
-0.004
-0.005
-0.007
-0.008
-0.009
-0.01
-0.012
-0.014
-0.017
-0.018
-0.018
-0.016
-0.012
-0.008
-0.003
0.001
0.007
0.013
0.017
0.02
0.022
0.023
0.025
0.027
0.029
0.03
0.029
0.024
0.019
0.012
0.003
-0.006
-0.011
-0.014
-0.017
-0.019
-0.021
-0.023
-0.025
-0.026
-0.028
-0.029
-0.031
-0.034
-0.038
-0.045
-0.052
-0.059
-0.067
-0.075
-0.081
-0.087
-0.087
-0.075
-0.039
0.036
0.162
0.341
0.553
0.766
0.936
1.006
0.999
0.891
0.682
0.437
0.207
0.034
-0.068
-0.095
-0.104
-0.108
-0.111
-0.113
-0.114
-0.115
-0.116
-0.118
-0.119
-0.118
-0.112
-0.105
-0.101
-0.099
-0.097
-0.096
-0.094
-0.092
-0.09
-0.089
-0.087
-0.086
-0.085
-0.084
-0.083
-0.082
-0.081
-0.08
-0.078
-0.076
-0.072
-0.065
-0.051
-0.044
-0.041
-0.038
-0.035
-0.033
-0.031
-0.03
-0.028
-0.027
-0.026
-0.024
-0.023
-0.022
-0.02
-0.016
-0.008
-0.001
0.009
0.022
0.034
0.043
0.054
0.065
0.076
0.084
0.087
0.089
0.091
0.093
0.094
0.095
0.095
0.095
0.095
0.094
0.093
0.092
0.09
0.087
0.083
0.07
0.06
0.055
0.052
0.048
0.043
0.039
0.036
0.032
0.027
0.023
0.02
0.018
0.017
0.015
0.013
0.012
0.011
0.01
0.011
0.014
0.017
0.02
0.023
0.026
0.03
0.034
0.038
0.042
0.044
0.046
0.048
0.05
0.051
0.053
0.054
0.056
0.057
0.059
0.06
0.062
0.063
0.065
0.067
0.069
0.072
0.075
0.077
0.079
0.082
0.086
0.091
0.101
0.108
0.112
0.115
0.117
0.118
0.117
0.113
0.108
0.103
0.097
0.093
0.092
0.092
0.09
0.089
0.094
0.099
0.102
0.106
0.111
0.118
0.126
0.135
0.141
0.146
0.152
0.159
0.168
0.173
0.177
0.18
0.182
0.183
0.182
0.179
0.176
0.171
0.163
0.151
0.142
0.137
0.133
0.13
0.128
0.127
0.126
0.125
0.124
0.122
0.121
0.12
0.118
0.116
0.114
0.111
0.106
0.096
0.08
0.067
0.067
0.087
0.15
0.256
0.406
0.599
0.814
1.018
1.163
1.216
1.16
1.006
0.782
0.524
0.289
0.128
0.045
0.011
0.0
-0.001
-0.002
-0.002
-0.002
-0.002
-0.002
-0.002
-0.002
-0.003
-0.003
-0.003
-0.004
-0.003
-0.003
-0.002
-0.002
-0.002
-0.002
-0.001
-0.001
0.0
0.0
0.0
0.001
0.002
0.003
0.004
0.005
0.007
0.008
0.01
0.013
0.016
0.02
0.024
0.028
0.031
0.034
0.036
0.039
0.041
0.043
0.045
0.046
0.048
0.05
0.054
0.061
0.069
0.079
0.091
0.103
0.119
0.129
0.133
0.137
0.14
0.142
0.143
0.143
0.142
0.141
0.139
0.137
0.134
0.131
0.127
0.122
0.117
0.111
0.1
0.085
0.072
0.057
0.039
0.024
0.015
0.007
-0.001
-0.009
-0.015
-0.019
-0.023
-0.026
-0.031
-0.037
-0.048
-0.056
-0.061
-0.065
-0.067
-0.068
-0.068
-0.069
-0.069
-0.07
-0.071
-0.071
-0.069
-0.067
-0.065
-0.064
-0.063
-0.062
-0.061
-0.061
-0.06
-0.06
-0.061
-0.063
-0.065
-0.067
-0.07
-0.072
-0.074
-0.076
-0.078
-0.08
-0.082
-0.084
-0.086
-0.088
-0.09
-0.091
-0.093
-0.095
-0.097
-0.099
-0.101
-0.104
-0.106
-0.108
-0.11
-0.112
-0.114
-0.116
-0.119
-0.122
-0.124
-0.125
-0.124
-0.12
-0.115
-0.109
-0.1
-0.092
-0.088
-0.085
-0.083
-0.081
-0.08
-0.078
-0.078
-0.078
-0.078
-0.079
-0.08
-0.083
-0.085
-0.089
-0.096
-0.11
-0.121
-0.134
-0.143
-0.148
-0.152
-0.154
-0.156
-0.157
-0.159
-0.159
-0.16
-0.162
-0.164
-0.166
-0.17
-0.177
-0.187
-0.195
-0.199
-0.183
-0.137
-0.039
0.113
0.318
0.545
0.742
0.866
0.892
0.812
0.639
0.413
0.176
-0.024
-0.159
-0.233
-0.254
-0.261
-0.264
-0.265
-0.264
-0.264
-0.264
-0.264
-0.264
-0.264
-0.264
-0.264
-0.264
-0.263
-0.262
-0.262
-0.261
-0.261
-0.26
-0.259
-0.257
-0.256
-0.253
-0.249
-0.243
-0.237
-0.231
-0.223
-0.211
-0.205
-0.201
-0.198
-0.196
-0.194
-0.192
-0.19
-0.189
-0.188
-0.187
-0.185
-0.183
-0.177
-0.165
-0.156
-0.151
-0.147
-0.143
-0.14
-0.133
-0.122
-0.112
-0.104
-0.098
-0.089
-0.077
-0.065
-0.057
-0.046
-0.038
-0.032
-0.027
-0.022
-0.019
-0.016
-0.014
-0.012
-0.01
-0.008
-0.008
-0.008
-0.01
-0.012
-0.014
-0.017
-0.021
-0.029
-0.036
-0.044
-0.056
-0.069
-0.082
-0.093
-0.1
-0.107
-0.111
-0.114
-0.116
-0.117
-0.116
-0.112
-0.106
-0.101
-0.098
-0.095
-0.091
-0.088
-0.085
-0.083
-0.08
-0.078
-0.076
-0.074
-0.072
-0.07
-0.068
-0.062
-0.047
-0.035
-0.028
-0.024
-0.023
-0.023
-0.023
-0.022
-0.021
-0.021
-0.023
-0.023
-0.024
-0.024
-0.025
-0.025
-0.025
-0.026
-0.026
-0.026
-0.026
-0.025
-0.024
-0.023
-0.021
-0.02
-0.019
-0.019
-0.02
-0.022
-0.024
-0.027
-0.03
-0.032
-0.029
-0.022
-0.013
-0.003
0.002
0.008
0.015
0.023
0.028
0.033
0.036
0.036
0.033
0.028
0.022
0.013
0.005
-0.002
-0.009
-0.017
-0.021
-0.023
-0.025
-0.027
-0.028
-0.029
-0.031
-0.033
-0.035
-0.036
-0.038
-0.039
-0.04
-0.041
-0.044
-0.048
-0.049
-0.047
-0.04
-0.028
0.01
0.102
0.238
0.422
0.642
0.859
1.024
1.089
1.033
0.875
0.646
0.396
0.178
0.035
-0.032
-0.059
-0.074
-0.085
-0.092
-0.095
-0.091
-0.082
-0.072
-0.06
-0.053
-0.049
-0.047
-0.046
-0.044
-0.042
-0.04
-0.038
-0.037
-0.035
-0.034
-0.033
-0.032
-0.031
-0.029
-0.028
-0.026
-0.025
-0.023
-0.02
-0.018
-0.014
-0.008
-0.003
0.001
0.004
0.006
0.007
0.008
0.01
0.011
0.013
0.015
0.016
0.018
0.02
0.024
0.032
0.046
0.056
0.064
0.072
0.08
0.088
0.101
0.11
0.115
0.119
0.123
0.127
0.13
0.132
0.135
0.139
0.143
0.147
0.149
0.149
0.149
0.149
0.149
0.148
0.139
0.127
0.112
0.1
0.091
0.081
0.07
0.06
0.049
0.04
0.032
0.025
0.019
0.016
0.014
0.012
0.01
0.008
0.006
0.005
0.004
0.004
0.003
0.003
0.004
0.004
0.005
0.007
0.008
0.01
0.011
0.013
0.015
0.018
0.022
0.026
0.031
0.035
0.039
0.041
0.044
0.046
0.048
0.049
0.05
0.052
0.053
0.053
0.054
0.054
0.054
0.053
0.052
0.051
0.05
0.049
0.048
0.047
0.046
0.045
0.044
0.043
0.042
0.041
0.039
0.038
0.037
0.036
0.037
0.039
0.042
0.045
0.049
0.053
0.057
0.061
0.065
0.069
0.072
0.075
0.077
0.079
0.082
0.085
0.088
0.09
0.091
0.089
0.087
0.083
0.079
0.073
0.063
0.051
0.043
0.037
0.033
0.03
0.027
0.025
0.023
0.021
0.019
0.017
0.016
0.014
0.013
0.011
0.009
0.007
0.004
-0.002
-0.01
-0.005
0.007
0.074
0.188
0.351
0.552
0.77
0.968
1.103
1.137
1.06
0.889
0.659
0.404
0.169
0.006
-0.05
-0.068
-0.064
-0.06
-0.056
-0.055
-0.057
-0.062
-0.065
-0.068
-0.071
-0.072
-0.071
-0.068
-0.063
-0.059
-0.057
-0.055
-0.053
-0.05
-0.048
-0.045
-0.043
-0.042
-0.041
-0.04
-0.039
-0.037
-0.036
-0.035
-0.034
-0.032
-0.03
-0.027
-0.025
-0.022
-0.018
-0.015
-0.01
-0.006
-0.001
0.003
0.008
0.013
0.019
0.026
0.032
0.037
0.042
0.05
0.063
0.072
0.078
0.085
0.093
0.101
0.109
0.115
0.121
0.128
0.134
0.139
0.143
0.146
0.149
0.151
0.153
0.153
0.15
0.146
0.141
0.135
0.125
0.117
0.112
0.107
0.103
0.098
0.092
0.085
0.076
0.07
0.064
0.058
0.05
0.041
0.033
0.027
0.024
0.022
0.021
0.02
0.019
0.018
0.018
0.017
0.018
0.018
0.019
0.019
0.02
0.022
0.023
0.026
0.028
0.034
0.045
0.05
0.052
0.053
0.055
0.056
0.056
0.057
0.058
0.06
0.061
0.062
0.064
0.065
0.065
0.066
0.067
0.068
0.069
0.07
0.071
0.072
0.072
0.072
0.073
0.073
0.073
0.074
0.074
0.074
0.075
0.076
0.077
0.079
0.08
0.081
0.082
0.084
0.086
0.088
0.094
0.105
0.107
0.108
0.109
0.11
0.11
0.108
0.104
0.097
0.086
0.076
0.069
0.062
0.055
0.049
0.042
0.033
0.023
0.019
0.018
0.016
0.015
0.014
0.013
0.011
0.009
0.007
0.004
0.0
-0.008
-0.022
-0.033
-0.033
-0.014
0.037
0.129
0.275
0.473
0.693
0.892
1.025
1.063
0.986
0.807
0.571
0.334
0.144
0.024
-0.032
-0.054
-0.062
-0.07
-0.076
-0.081
-0.086
-0.092
-0.1
-0.108
-0.11
-0.111
-0.112
-0.112
-0.112
-0.109
-0.103
-0.098
-0.095
-0.093
-0.091
-0.089
-0.087
-0.086
-0.084
-0.083
-0.082
-0.082
-0.08
-0.079
-0.078
-0.078
-0.077
-0.077
-0.076
-0.075
-0.074
-0.073
-0.072
-0.071
-0.068
-0.062
-0.056
-0.047
-0.038
-0.027
-0.019
-0.008
0.004
0.014
0.02
0.025
0.03
0.035
0.041
0.047
0.053
0.058
0.062
0.066
0.07
0.073
0.077
0.081
0.086
0.09
0.09
0.087
0.082
0.076
0.068
0.06
0.049
0.038
0.028
0.017
0.006
-0.004
-0.015
-0.028
-0.04
-0.05
-0.058
-0.066
-0.073
-0.081
-0.086
-0.089
-0.092
-0.093
-0.094
-0.095
-0.095
-0.096
-0.096
-0.097
-0.098
-0.098
-0.098
-0.099
-0.099
-0.1
-0.101
-0.101
-0.101
-0.101
-0.101
-0.1
-0.101
-0.101
-0.101
-0.102
-0.102
-0.103
-0.104
-0.105
-0.106
-0.106
-0.107
-0.107
-0.108
-0.109
-0.11
-0.111
-0.113
-0.116
-0.119
-0.121
-0.12
-0.116
-0.113
-0.109
-0.106
-0.103
-0.101
-0.103
-0.107
-0.112
-0.114
-0.117
-0.12
-0.123
-0.124
-0.124
-0.122
-0.12
-0.117
-0.113
-0.107
-0.097
-0.092
-0.089
-0.086
-0.084
-0.083
-0.082
-0.083
-0.085
-0.087
-0.091
-0.094
-0.1
-0.106
-0.111
-0.115
-0.119
-0.122
-0.125
-0.126
-0.125
-0.124
-0.122
-0.12
-0.118
-0.114
-0.112
-0.115
-0.122
-0.132
-0.145
-0.154
-0.161
-0.153
-0.131
-0.065
0.05
0.218
0.426
0.646
0.83
0.921
0.921
0.834
0.645
0.414
0.185
0.004
-0.1
-0.134
-0.142
-0.148
-0.152
-0.155
-0.157
-0.157
-0.156
-0.155
-0.153
-0.152
-0.15
-0.149
-0.147
-0.145
-0.144
-0.142
-0.141
-0.139
-0.137
-0.135
-0.132
-0.13
-0.127
-0.124
-0.121
-0.114
-0.108
-0.103
-0.1
-0.097
-0.095
-0.093
-0.091
-0.089
-0.086
-0.085
-0.083
-0.081
-0.079
-0.076
-0.074
-0.071
-0.068
-0.064
-0.06
-0.054
-0.044
-0.035
-0.024
-0.01
0.004
0.02
0.031
0.037
0.043
0.049
0.055
0.064
0.074
0.081
0.085
0.088
0.09
0.092
0.093
0.093
0.093
0.093
0.092
0.091
0.089
0.086
0.084
0.079
0.07
0.057
0.049
0.044
0.039
0.035
0.032
0.028
0.026
0.023
0.02
0.017
0.011
0.007
0.005
0.003
0.002
0.001
0.0
-0.001
-0.001
0.0
0.003
0.007
0.013
0.018
0.027
0.033
0.035
0.037
0.039
0.039
0.039
0.04
0.04
0.04
0.041
0.041
0.041
0.041
0.042
0.042
0.042
0.043
0.043
0.043
0.042
0.041
0.041
0.039
0.038
0.036
0.034
0.032
0.03
0.028
0.025
0.019
0.013
0.01
0.008
0.006
0.003
0.001
0.0
0.002
0.006
0.011
0.017
0.025
0.032
0.038
0.042
0.046
0.049
0.051
0.051
0.049
0.045
0.041
0.036
0.029
0.022
0.014
0.004
-0.006
-0.016
-0.021
-0.024
-0.026
-0.029
-0.03
-0.032
-0.034
-0.037
-0.039
-0.041
-0.044
-0.048
-0.055
-0.066
-0.071
-0.076
-0.072
-0.041
0.024
0.133
0.299
0.508
0.725
0.905
1.02
1.047
0.969
0.787
0.546
0.303
0.11
-0.012
-0.058
-0.074
-0.076
-0.074
-0.072
-0.07
-0.079
-0.092
-0.105
-0.112
-0.117
-0.12
-0.119
-0.116
-0.11
-0.102
-0.087
-0.08
-0.077
-0.075
-0.073
-0.071
-0.07
-0.068
-0.066
-0.064
-0.062
-0.061
-0.059
-0.057
-0.056
-0.054
-0.053
-0.051
-0.049
-0.046
-0.044
-0.041
-0.039
-0.037
-0.034
-0.032
-0.029
-0.027
-0.023
-0.017
-0.011
-0.007
-0.003
0.002
0.01
0.019
0.03
0.044
0.056
0.065
0.074
0.086
0.098
0.102
0.104
0.106
0.108
0.109
0.11
0.111
0.111
0.111
0.111
0.11
0.109
0.108
0.106
0.104
0.102
0.098
0.086
0.072
0.063
0.055
0.048
0.04
0.03
0.025
0.022
0.018
0.015
0.013
0.012
0.012
0.012
0.012
0.013
0.015
0.017
0.019
0.022
0.024
0.026
0.027
0.029
0.032
0.035
0.038
0.041
0.044
0.047
0.05
0.053
0.056
0.058
0.06
0.061
0.062
0.062
0.063
0.064
0.064
0.065
0.066
0.067
0.068
0.069
0.071
0.071
0.072
0.073
0.073
0.073
0.073
0.073
0.072
0.072
0.072
0.073
0.073
0.074
0.075
0.076
0.078
0.08
0.082
0.083
0.085
0.087
0.089
0.092
0.096
0.104
0.115
0.127
0.138
0.143
0.146
0.148
0.15
0.151
0.151
0.148
0.144
0.139
0.133
0.123
0.112
0.103
0.096
0.092
0.09
0.089
0.088
0.086
0.086
0.091
0.095
0.099
0.101
0.099
0.092
0.083
0.069
0.052
0.039
0.026
0.026
0.044
0.096
0.185
0.324
0.516
0.739
0.952
1.111
1.171
1.116
0.953
0.725
0.485
0.272
0.119
0.035
0.007
0.0
-0.004
-0.007
-0.009
-0.011
-0.013
-0.015
-0.016
-0.019
-0.021
-0.023
-0.023
-0.023
-0.022
-0.021
-0.019
-0.018
-0.016
-0.015
-0.012
-0.01
-0.007
-0.005
-0.002
0.001
0.007
0.015
0.016
0.017
0.017
0.017
0.018
0.018
0.019
0.02
0.021
0.023
0.025
0.028
0.03
0.033
0.036
0.04
0.043
0.046
0.049
0.052
0.057
0.066
0.075
0.086
0.1
0.111
0.12
0.129
0.134
0.137
0.14
0.142
0.143
0.144
0.145
0.145
0.145
0.143
0.142
0.139
0.137
0.135
0.132
0.129
0.124
0.119
0.115
0.109
0.097
0.081
0.069
0.057
0.044
0.028
0.013
0.004
-0.001
-0.006
-0.011
-0.014
-0.017
-0.021
-0.024
-0.028
-0.031
-0.034
-0.036
-0.034
-0.03
-0.026
-0.023
-0.02
-0.017
-0.015
-0.014
-0.013
-0.013
-0.015
-0.017
-0.02
-0.022
-0.027
-0.03
-0.027
-0.022
-0.018
-0.015
-0.012
-0.01
-0.009
-0.01
-0.012
-0.016
-0.02
-0.026
-0.035
-0.041
-0.046
-0.052
-0.052
-0.048
-0.045
-0.043
-0.041
-0.039
-0.039
-0.04
-0.041
-0.044
-0.048
-0.056
-0.066
-0.072
-0.075
-0.066
-0.054
-0.044
-0.033
-0.028
-0.024
-0.02
-0.017
-0.016
-0.015
-0.015
-0.017
-0.019
-0.022
-0.025
-0.032
-0.046
-0.057
-0.066
-0.072
-0.076
-0.078
-0.079
