0.067
0.039
0.011
-0.005
-0.022
-0.039
-0.047
-0.051
-0.054
-0.056
-0.058
-0.059
-0.058
-0.057
-0.055
-0.053
-0.051
-0.048
-0.042
-0.032
-0.022
-0.017
-0.014
-0.012
-0.01
-0.008
-0.005
-0.003
-0.001
-0.001
0.0
0.001
0.003
0.009
0.022
0.028
0.03
0.032
0.034
0.035
0.038
0.039
0.041
0.043
0.046
0.053
0.067
0.09
0.114
0.127
0.137
0.145
0.152
0.157
0.161
0.168
0.176
0.187
0.196
0.19
0.172
0.133
0.098
0.078
0.072
0.068
0.066
0.063
0.054
0.023
-0.006
-0.022
-0.03
-0.035
-0.039
-0.045
-0.05
-0.056
-0.063
-0.068
-0.071
-0.073
-0.075
-0.077
-0.078
-0.079
-0.082
-0.085
-0.09
-0.098
-0.109
-0.113
-0.115
-0.116
-0.116
-0.116
-0.113
-0.108
-0.102
-0.096
-0.088
-0.079
-0.07
-0.065
-0.061
-0.057
-0.055
-0.053
-0.052
-0.053
-0.055
-0.059
-0.063
-0.066
-0.069
-0.073
-0.077
-0.081
-0.083
-0.083
-0.081
-0.077
-0.072
-0.061
-0.053
-0.052
-0.051
-0.05
-0.049
-0.049
-0.05
-0.052
-0.054
-0.057
-0.061
-0.06
-0.053
-0.043
-0.03
-0.02
-0.012
-0.003
0.007
0.019
0.026
0.031
0.033
0.032
0.03
0.027
0.024
0.024
0.03
0.038
0.05
0.064
0.075
0.081
0.085
0.087
0.084
0.079
0.069
0.056
0.05
0.048
0.046
0.045
0.043
0.042
0.04
0.038
0.037
0.035
0.033
0.032
0.029
0.026
0.02
0.017
0.02
0.026
0.035
0.049
0.075
0.104
0.132
0.159
0.185
0.199
0.221
0.245
0.273
0.3
0.327
0.338
0.346
0.341
0.304
0.24
0.174
0.121
0.09
0.067
0.059
0.054
0.058
0.072
0.088
0.108
0.127
0.146
0.156
0.161
0.158
0.142
0.129
0.105
0.08
0.053
0.025
0.001
-0.021
-0.032
-0.039
-0.044
-0.043
-0.035
-0.023
-0.007
0.004
0.012
0.018
0.022
0.024
0.026
0.028
0.029
0.03
0.03
0.03
0.03
0.028
0.026
0.023
0.021
0.017
0.009
0.009
0.015
0.025
0.037
0.049
0.062
0.074
0.083
0.089
0.095
0.101
0.108
0.114
0.119
0.125
0.132
0.137
0.141
0.144
0.147
0.15
0.153
0.156
0.16
0.17
0.186
0.2
0.213
0.223
0.229
0.223
0.205
0.177
0.154
0.127
0.092
0.054
0.037
0.032
0.029
0.026
0.023
0.012
-0.015
-0.042
-0.058
-0.063
-0.065
-0.068
-0.072
-0.075
-0.078
-0.083
-0.088
-0.093
-0.095
-0.093
-0.09
-0.086
-0.079
-0.069
-0.063
-0.06
-0.058
-0.056
-0.055
-0.056
-0.058
-0.063
-0.069
-0.082
-0.094
-0.098
-0.101
-0.094
-0.086
-0.08
-0.073
-0.068
-0.059
-0.05
-0.044
-0.04
-0.039
-0.039
-0.04
-0.04
-0.04
-0.041
-0.041
-0.039
-0.036
-0.033
-0.031
-0.029
-0.026
-0.022
-0.018
-0.014
-0.007
0.005
0.013
0.017
0.02
0.022
0.025
0.027
0.029
0.032
0.035
0.038
0.038
0.037
0.036
0.035
0.034
0.034
0.033
0.035
0.04
0.046
0.057
0.072
0.085
0.096
0.103
0.107
0.109
0.11
0.109
0.105
0.099
0.089
0.071
0.057
0.048
0.044
0.046
0.051
0.056
0.062
0.064
0.065
0.065
0.067
0.067
0.065
0.062
0.059
0.055
0.055
0.064
0.077
0.092
0.106
0.12
0.142
0.166
0.197
0.235
0.272
0.307
0.342
0.366
0.375
0.375
0.365
0.339
0.302
0.253
0.197
0.147
0.118
0.108
0.104
0.107
0.112
0.12
0.134
0.158
0.185
0.197
0.208
0.209
0.193
0.165
0.134
0.103
0.072
0.043
0.019
0.011
0.009
0.007
0.006
0.01
0.018
0.03
0.05
0.06
0.064
0.067
0.07
0.073
0.075
0.076
0.077
0.078
0.078
0.078
0.078
0.079
0.078
0.078
0.078
0.078
0.078
0.079
0.08
0.081
0.086
0.093
0.098
0.103
0.107
0.111
0.115
0.118
0.121
0.126
0.135
0.142
0.152
0.166
0.184
0.196
0.2
0.202
0.204
0.206
0.209
0.212
0.217
0.236
0.254
0.26
0.251
0.225
0.195
0.171
0.146
0.131
0.108
0.079
0.045
0.034
0.031
0.028
0.025
0.022
0.018
0.012
-0.002
-0.021
-0.039
-0.059
-0.075
-0.083
-0.089
-0.091
-0.089
-0.085
-0.081
-0.077
-0.073
-0.073
-0.077
-0.083
-0.094
-0.103
-0.106
-0.108
-0.098
-0.088
-0.081
-0.077
-0.075
-0.074
-0.073
-0.071
-0.072
-0.08
-0.093
-0.107
-0.112
-0.115
-0.116
-0.118
-0.118
-0.118
-0.115
-0.112
-0.107
-0.1
-0.089
-0.084
-0.082
-0.08
-0.079
-0.078
-0.076
-0.074
-0.072
-0.07
-0.068
-0.065
-0.062
-0.059
-0.057
-0.055
-0.054
-0.051
-0.049
-0.046
-0.043
-0.041
-0.04
-0.039
-0.038
-0.037
-0.036
-0.036
-0.036
-0.036
-0.035
-0.033
-0.031
-0.028
-0.025
-0.02
-0.002
0.017
0.03
0.042
0.05
0.055
0.059
0.062
0.063
0.059
0.051
0.044
0.037
0.03
0.023
0.017
0.013
0.009
0.006
0.002
0.0
-0.001
-0.001
-0.001
-0.001
0.0
0.0
0.001
0.003
0.006
0.012
0.025
0.04
0.057
0.074
0.09
0.101
0.109
0.117
0.127
0.141
0.169
0.21
0.261
0.31
0.34
0.35
0.335
0.29
0.22
0.161
0.122
0.103
0.097
0.095
0.096
0.099
0.102
0.103
0.105
0.107
0.11
0.113
0.118
0.124
0.115
0.099
0.083
0.067
0.052
0.039
0.024
0.016
0.012
0.009
0.007
0.006
0.005
0.005
0.005
0.005
0.007
0.009
0.011
0.014
0.016
0.019
0.022
0.025
0.028
0.031
0.034
0.037
0.04
0.042
0.044
0.046
0.047
0.049
0.05
0.052
0.053
0.055
0.056
0.059
0.064
0.076
0.09
0.106
0.116
0.121
0.126
0.129
0.132
0.134
0.136
0.138
0.145
0.157
0.17
0.187
0.196
0.201
0.204
0.207
0.209
0.21
0.21
0.209
0.208
0.206
0.202
0.197
0.178
0.145
0.099
0.05
0.014
-0.001
-0.011
-0.025
-0.045
-0.06
-0.067
-0.073
-0.075
-0.072
-0.066
-0.058
-0.042
-0.031
-0.024
-0.02
-0.02
-0.023
-0.028
-0.034
-0.042
-0.05
-0.057
-0.061
-0.065
-0.068
-0.071
-0.077
-0.088
-0.097
-0.103
-0.102
-0.095
-0.084
-0.068
-0.06
-0.056
-0.053
-0.05
-0.048
-0.046
-0.045
-0.045
-0.045
-0.045
-0.045
-0.046
-0.047
-0.048
-0.05
-0.052
-0.054
-0.056
-0.058
-0.061
-0.062
-0.061
-0.057
-0.054
-0.05
-0.047
-0.044
-0.04
-0.036
-0.031
-0.025
-0.02
-0.015
-0.011
-0.008
-0.005
-0.004
-0.006
-0.011
-0.017
-0.022
-0.029
-0.034
-0.034
-0.03
-0.023
-0.012
0.004
0.019
0.035
0.05
0.063
0.07
0.075
0.077
0.078
0.075
0.07
0.062
0.049
0.036
0.021
0.008
-0.001
-0.007
-0.011
-0.014
-0.016
-0.017
-0.017
-0.015
-0.011
-0.006
0.0
0.009
0.016
0.023
0.03
0.035
0.039
0.042
0.045
0.048
0.052
0.058
0.077
0.11
0.152
0.196
0.238
0.276
0.311
0.326
0.331
0.322
0.295
0.259
0.224
0.192
0.167
0.144
0.123
0.111
0.102
0.094
0.084
0.072
0.062
0.066
0.079
0.106
0.121
0.126
0.119
0.096
0.069
0.046
0.026
0.001
-0.006
-0.009
-0.011
-0.009
-0.007
-0.005
-0.006
-0.011
-0.018
-0.023
-0.018
-0.015
-0.013
-0.011
-0.01
-0.009
-0.008
-0.007
-0.006
-0.004
-0.002
0.0
0.002
0.005
0.014
0.029
0.036
0.04
0.044
0.049
0.056
0.066
0.077
0.085
0.089
0.092
0.094
0.095
0.097
0.099
0.1
0.102
0.105
0.108
0.115
0.13
0.147
0.164
0.181
0.195
0.206
0.218
0.225
0.229
0.231
0.232
0.233
0.233
0.231
0.227
0.215
0.181
0.134
0.082
0.057
0.05
0.046
0.04
0.035
0.029
0.002
-0.032
-0.061
-0.071
-0.067
-0.053
-0.034
-0.028
-0.024
-0.023
-0.023
-0.025
-0.026
-0.029
-0.033
-0.04
-0.052
-0.064
-0.072
-0.076
-0.079
-0.08
-0.076
-0.067
-0.059
-0.051
-0.045
-0.039
-0.035
-0.031
-0.028
-0.027
-0.029
-0.034
-0.039
-0.042
-0.046
-0.05
-0.053
-0.055
-0.056
-0.055
-0.052
-0.047
-0.041
-0.029
-0.018
-0.013
-0.014
-0.022
-0.027
-0.027
-0.023
-0.019
-0.017
-0.014
-0.011
-0.007
-0.001
0.008
0.017
0.019
0.02
0.021
0.021
0.021
0.021
0.022
0.023
0.025
0.026
0.027
0.028
0.029
0.03
0.032
0.034
0.036
0.037
0.039
0.041
0.043
0.046
0.048
0.051
0.054
0.058
0.062
0.064
0.066
0.067
0.07
0.074
0.067
0.056
0.042
0.03
0.024
0.017
0.01
0.007
0.004
0.001
0.0
-0.002
-0.004
-0.004
-0.005
-0.005
-0.004
-0.004
-0.002
0.0
0.001
0.005
0.009
0.017
0.033
0.059
0.09
0.126
0.166
0.2
0.226
0.246
0.269
0.295
0.33
0.368
0.388
0.367
0.305
0.22
0.137
0.064
0.027
0.024
0.044
0.077
0.104
0.12
0.131
0.139
0.14
0.134
0.126
0.114
0.101
0.086
0.069
0.052
0.036
0.02
0.003
-0.013
-0.031
-0.047
-0.058
-0.065
-0.069
-0.071
-0.073
-0.075
-0.075
-0.074
-0.071
-0.067
-0.062
-0.054
-0.046
-0.039
-0.033
-0.027
-0.022
-0.013
-0.001
0.006
0.01
0.013
0.016
0.019
0.021
0.024
0.027
0.03
0.03
0.027
0.022
0.018
0.012
0.01
0.012
0.017
0.034
0.056
0.081
0.1
0.106
0.111
0.117
0.126
0.138
0.158
0.182
0.19
0.196
0.2
0.209
0.218
0.226
0.224
0.196
0.166
0.143
0.116
0.086
0.06
0.044
0.032
0.023
0.014
0.001
-0.012
-0.026
-0.039
-0.052
-0.067
-0.079
-0.087
-0.092
-0.095
-0.097
-0.099
-0.101
-0.102
-0.104
-0.105
-0.107
-0.108
-0.11
-0.113
-0.116
-0.119
-0.119
-0.116
-0.112
-0.105
-0.095
-0.09
-0.088
-0.086
-0.085
-0.086
-0.089
-0.092
-0.095
-0.098
-0.101
-0.103
-0.102
-0.1
-0.096
-0.092
-0.087
-0.083
-0.078
-0.072
-0.064
-0.055
-0.049
-0.043
-0.037
-0.032
-0.029
-0.029
-0.031
-0.033
-0.037
-0.04
-0.044
-0.05
-0.053
-0.052
-0.047
-0.039
-0.026
-0.015
-0.009
-0.005
-0.004
-0.003
-0.001
0.001
-0.002
-0.007
-0.012
-0.012
-0.006
0.002
0.015
0.028
0.041
0.048
0.052
0.055
0.055
0.051
0.045
0.038
0.028
0.019
0.013
0.009
0.006
0.004
0.004
0.004
0.004
0.004
0.005
0.006
0.006
0.003
-0.002
-0.008
-0.014
-0.019
-0.023
-0.028
-0.032
-0.035
-0.032
-0.024
-0.012
0.004
0.029
0.055
0.083
0.113
0.148
0.181
0.209
0.226
0.245
0.258
0.265
0.269
0.258
0.224
0.163
0.089
0.009
-0.054
-0.076
-0.052
-0.011
0.031
0.064
0.075
0.081
0.086
0.093
0.1
0.104
0.108
0.111
0.103
0.091
0.076
0.06
0.044
0.029
0.014
0.003
-0.004
-0.013
-0.019
-0.022
-0.025
-0.027
-0.028
-0.028
-0.025
-0.022
-0.017
-0.011
-0.001
0.007
0.011
0.013
0.014
0.015
0.016
0.017
0.019
0.02
0.022
0.023
0.025
0.027
0.029
0.031
0.034
0.038
0.046
0.053
0.058
0.068
0.084
0.094
0.099
0.103
0.106
0.11
0.114
0.117
0.122
0.132
0.148
0.156
0.16
0.163
0.165
0.166
0.166
0.165
0.163
0.16
0.157
0.153
0.144
0.137
0.127
0.115
0.103
0.088
0.07
0.054
0.037
0.021
0.006
-0.009
-0.019
-0.026
-0.034
-0.045
-0.052
-0.059
-0.064
-0.067
-0.071
-0.074
-0.077
-0.08
-0.085
-0.088
-0.088
-0.082
-0.075
-0.072
-0.07
-0.068
-0.066
-0.064
-0.063
-0.062
-0.061
-0.059
-0.058
-0.056
-0.055
-0.054
-0.054
-0.053
-0.052
-0.051
-0.05
-0.05
-0.05
-0.05
-0.05
-0.049
-0.048
-0.046
-0.045
-0.044
-0.042
-0.04
-0.038
-0.036
-0.033
-0.031
-0.029
-0.026
-0.02
-0.015
-0.014
-0.014
-0.014
-0.013
-0.012
-0.018
-0.023
-0.027
-0.03
-0.032
-0.031
-0.027
-0.022
-0.016
-0.006
-0.001
0.002
0.005
0.008
0.013
0.017
0.022
0.032
0.048
0.057
0.061
0.065
0.066
0.065
0.064
0.062
0.06
0.051
0.026
0.009
-0.001
-0.007
-0.011
-0.013
-0.013
-0.012
-0.011
-0.011
-0.01
-0.01
-0.009
-0.008
-0.007
-0.006
-0.004
-0.003
0.0
0.002
0.006
0.013
0.031
0.049
0.065
0.087
0.113
0.141
0.167
0.193
0.218
0.243
0.271
0.279
0.281
0.275
0.24
0.199
0.162
0.122
0.079
0.044
0.027
0.016
0.009
0.008
0.018
0.044
0.096
0.144
0.17
0.179
0.182
0.179
0.17
0.145
0.112
0.078
0.049
0.033
0.026
0.022
0.019
0.017
0.015
0.014
0.013
0.013
0.013
0.013
0.014
0.016
0.018
0.02
0.022
0.025
0.028
0.031
0.035
0.038
0.04
0.042
0.045
0.05
0.057
0.064
0.071
0.076
0.08
0.083
0.087
0.091
0.094
0.097
0.1
0.104
0.108
0.113
0.12
0.131
0.151
0.165
0.173
0.178
0.183
0.187
0.19
0.195
0.202
0.205
0.207
0.208
0.209
0.21
0.21
0.208
0.204
0.198
0.189
0.172
0.158
0.147
0.137
0.124
0.106
0.089
0.07
0.05
0.027
0.007
-0.007
-0.016
-0.026
-0.035
-0.046
-0.055
-0.062
-0.068
-0.074
-0.079
-0.084
-0.091
-0.094
-0.089
-0.079
-0.067
-0.053
-0.044
-0.035
-0.027
-0.02
-0.014
-0.009
-0.009
-0.02
-0.032
-0.044
-0.056
-0.063
-0.067
-0.07
-0.072
-0.074
-0.076
-0.077
-0.077
-0.076
-0.074
-0.071
-0.068
-0.064
-0.06
-0.054
-0.043
-0.037
-0.034
-0.03
-0.026
-0.024
-0.028
-0.036
-0.048
-0.064
-0.073
-0.077
-0.081
-0.083
-0.084
-0.081
-0.077
-0.071
-0.063
-0.051
-0.037
-0.03
-0.025
-0.022
-0.019
-0.016
-0.013
-0.01
-0.007
-0.004
-0.001
0.002
0.006
0.01
0.014
0.018
0.022
0.025
0.028
0.031
0.034
0.038
0.042
0.044
0.042
0.035
0.025
0.006
-0.017
-0.027
-0.034
-0.038
-0.041
-0.04
-0.037
-0.034
-0.031
-0.027
-0.024
-0.024
-0.031
-0.041
-0.05
-0.06
-0.066
-0.062
-0.054
-0.043
-0.024
-0.004
0.017
0.039
0.063
0.089
0.112
0.146
0.184
0.225
0.266
0.287
0.294
0.28
0.241
0.185
0.139
0.103
0.072
0.045
0.037
0.031
0.029
0.029
0.032
0.037
0.045
0.06
0.077
0.083
0.088
0.087
0.078
0.052
0.022
-0.008
-0.026
-0.041
-0.052
-0.057
-0.058
-0.06
-0.061
-0.063
-0.064
-0.064
-0.064
-0.063
-0.061
-0.06
-0.057
-0.055
-0.053
-0.05
-0.047
-0.043
-0.04
-0.036
-0.03
-0.018
0.004
0.02
0.029
0.035
0.034
0.03
0.025
0.021
0.017
0.013
0.011
0.011
0.014
0.02
0.028
0.042
0.065
0.081
0.094
0.106
0.12
0.139
0.15
0.157
0.162
0.167
0.171
0.174
0.176
0.179
0.182
0.184
0.184
0.184
0.183
0.18
0.176
0.17
0.149
0.113
0.071
0.031
0.006
-0.008
-0.014
-0.019
-0.023
-0.028
-0.035
-0.041
-0.047
-0.053
-0.059
-0.066
-0.071
-0.075
-0.078
-0.081
-0.083
-0.085
-0.087
-0.09
-0.093
-0.095
-0.097
-0.097
-0.097
-0.097
-0.096
-0.096
-0.096
-0.096
-0.095
-0.094
-0.094
-0.094
-0.093
-0.092
-0.091
-0.089
-0.086
-0.083
-0.082
-0.083
-0.084
-0.086
-0.088
-0.092
-0.094
-0.09
-0.083
-0.081
-0.079
-0.078
-0.077
-0.076
-0.076
-0.074
-0.072
-0.07
-0.067
-0.064
-0.062
-0.061
-0.06
-0.058
-0.056
-0.053
-0.051
-0.048
-0.043
-0.036
-0.031
-0.027
-0.025
-0.023
-0.022
-0.021
-0.019
-0.016
-0.007
0.002
0.011
0.021
0.026
0.029
0.032
0.034
0.037
0.04
0.044
0.049
0.054
0.059
0.063
0.067
0.072
0.075
0.078
0.08
0.08
0.079
0.076
0.073
0.07
0.066
0.059
0.046
0.036
0.027
0.019
0.017
0.015
0.014
0.013
0.011
0.011
0.011
0.014
0.019
0.025
0.036
0.053
0.078
0.105
0.136
0.167
0.199
0.23
0.258
0.288
0.328
0.375
0.412
0.424
0.417
0.394
0.339
0.266
0.188
0.117
0.063
0.044
0.038
0.05
0.087
0.115
0.123
0.128
0.132
0.135
0.137
0.139
0.144
0.151
0.143
0.12
0.089
0.054
0.019
-0.015
-0.051
-0.063
-0.068
-0.072
-0.06
-0.046
-0.036
-0.028
-0.022
-0.014
-0.004
0.006
0.014
0.018
0.023
0.027
0.032
0.037
0.043
0.052
0.065
0.074
0.081
0.086
0.09
0.096
0.103
0.11
0.117
0.124
0.129
0.134
0.141
0.151
0.163
0.176
0.189
0.199
0.204
0.207
0.21
0.212
0.214
0.217
0.219
0.221
0.223
0.226
0.23
0.233
0.235
0.233
0.229
0.224
0.217
0.206
0.197
0.178
0.15
0.121
0.107
0.097
0.084
0.068
0.05
0.032
0.021
0.017
0.014
0.011
0.007
0.0
-0.012
-0.028
-0.04
-0.047
-0.052
-0.057
-0.06
-0.063
-0.065
-0.067
-0.068
-0.07
-0.07
-0.07
-0.068
-0.067
-0.064
-0.061
-0.054
-0.043
-0.038
-0.033
-0.034
-0.043
-0.055
-0.073
-0.084
-0.09
-0.095
-0.097
-0.099
-0.1
-0.101
-0.103
-0.106
-0.095
-0.086
-0.081
-0.076
-0.073
-0.072
-0.072
-0.071
-0.07
-0.07
-0.069
-0.079
-0.089
-0.098
-0.099
-0.089
-0.073
-0.063
-0.061
-0.061
-0.06
-0.06
-0.06
-0.059
-0.057
-0.056
-0.055
-0.053
-0.05
-0.047
-0.038
-0.027
-0.019
-0.014
-0.023
-0.03
-0.035
-0.038
-0.04
-0.039
-0.038
-0.036
-0.033
-0.024
-0.003
0.02
0.033
0.041
0.047
0.05
0.051
0.048
0.042
0.035
0.021
0.005
-0.01
-0.021
-0.028
-0.034
-0.04
-0.043
-0.046
-0.048
-0.05
-0.052
-0.052
-0.051
-0.05
-0.048
-0.045
-0.041
-0.037
-0.03
-0.024
-0.02
-0.012
0.0
0.019
0.043
0.073
0.104
0.134
0.163
0.192
0.219
0.242
0.269
0.311
0.347
0.346
0.303
0.222
0.142
0.08
0.035
0.011
0.01
0.027
0.058
0.07
0.076
0.084
0.092
0.097
0.1
0.099
0.091
0.08
0.065
0.047
0.029
0.011
-0.006
-0.022
-0.033
-0.043
-0.049
-0.053
-0.056
-0.058
-0.06
-0.062
-0.063
-0.064
-0.066
-0.067
-0.068
-0.069
-0.068
-0.065
-0.061
-0.056
-0.048
-0.033
-0.022
-0.015
-0.008
-0.001
0.004
0.01
0.014
0.015
0.016
0.016
0.017
0.018
0.018
0.016
0.014
0.01
0.013
0.031
0.045
0.058
0.069
0.084
0.105
0.126
0.15
0.165
0.175
0.181
0.185
0.188
0.19
0.192
0.197
0.195
0.181
0.169
0.159
0.152
0.144
0.134
0.119
0.102
0.083
0.067
0.054
0.042
0.025
0.003
-0.017
-0.031
-0.039
-0.045
-0.05
-0.057
-0.065
-0.07
-0.074
-0.078
-0.082
-0.085
-0.088
-0.09
-0.095
-0.101
-0.091
-0.085
-0.081
-0.078
-0.075
-0.073
-0.072
-0.073
-0.075
-0.078
-0.081
-0.083
-0.085
-0.088
-0.091
-0.094
-0.096
-0.096
-0.095
-0.091
-0.086
-0.081
-0.077
-0.072
-0.065
-0.058
-0.053
-0.051
-0.05
-0.049
-0.048
-0.046
-0.043
-0.041
-0.039
-0.039
-0.04
-0.04
-0.041
-0.042
-0.044
-0.044
-0.036
-0.032
-0.03
-0.028
-0.026
-0.024
-0.022
-0.019
-0.016
-0.013
-0.011
-0.01
-0.008
-0.006
-0.004
-0.002
0.0
0.0
0.0
-0.004
-0.008
-0.012
-0.016
-0.024
-0.029
-0.024
-0.015
-0.006
0.003
0.012
0.023
0.042
0.057
0.062
0.067
0.066
0.053
0.034
0.013
0.004
0.0
-0.002
-0.005
-0.007
-0.008
-0.01
-0.011
-0.011
-0.01
-0.009
-0.008
-0.006
-0.004
-0.002
0.001
0.008
0.025
0.038
0.046
0.053
0.059
0.065
0.074
0.084
0.108
0.145
0.193
0.243
0.287
0.322
0.334
0.339
0.342
0.333
0.304
0.262
0.199
0.125
0.062
0.044
0.038
0.05
0.086
0.116
0.133
0.144
0.151
0.155
0.154
0.148
0.139
0.126
0.104
0.082
0.06
0.038
0.015
0.003
-0.001
-0.005
-0.008
-0.01
-0.012
-0.013
-0.013
-0.013
-0.012
-0.011
-0.009
-0.008
-0.006
-0.003
0.0
0.005
0.014
0.018
0.019
0.02
0.021
0.022
0.023
0.024
0.025
0.027
0.028
0.03
0.033
0.037
0.04
0.046
0.059
0.069
0.083
0.098
0.112
0.13
0.144
0.152
0.158
0.164
0.17
0.174
0.179
0.184
0.189
0.194
0.197
0.202
0.212
0.22
0.222
0.224
0.225
0.222
0.216
0.21
0.201
0.185
0.163
0.138
0.113
0.091
0.073
0.053
0.032
0.008
-0.008
-0.017
-0.024
-0.03
-0.035
-0.04
-0.043
-0.046
-0.049
-0.052
-0.055
-0.058
-0.061
-0.064
-0.067
-0.071
-0.075
-0.078
-0.081
-0.083
-0.084
-0.086
-0.087
-0.088
-0.088
-0.088
-0.089
-0.09
-0.092
-0.094
-0.094
-0.091
-0.088
-0.085
-0.083
-0.082
-0.08
-0.079
-0.077
-0.075
-0.074
-0.074
-0.073
-0.072
-0.071
-0.07
-0.07
-0.069
-0.069
-0.069
-0.068
-0.067
-0.066
-0.065
-0.064
-0.063
-0.061
-0.06
-0.059
-0.057
-0.056
-0.055
-0.054
-0.053
-0.051
-0.05
-0.049
-0.047
-0.047
-0.046
-0.046
-0.045
-0.043
-0.042
-0.041
-0.039
-0.038
-0.036
-0.033
-0.03
-0.026
-0.023
-0.02
-0.017
-0.011
-0.001
0.02
0.04
0.053
0.055
0.056
0.057
0.058
0.059
0.058
0.053
0.045
0.035
0.024
0.008
-0.001
-0.007
-0.016
-0.026
-0.034
-0.04
-0.045
-0.048
-0.043
-0.032
-0.019
-0.003
0.01
0.02
0.027
0.033
0.038
0.043
0.048
0.054
0.064
0.076
0.107
0.144
0.18
0.212
0.249
0.266
0.277
0.284
0.271
0.233
0.188
0.137
0.087
0.04
0.029
0.027
0.026
0.039
0.056
0.071
0.085
0.097
0.107
0.111
0.114
0.117
0.121
0.108
0.086
0.061
0.033
0.005
-0.006
-0.012
-0.018
-0.022
-0.026
-0.029
-0.031
-0.032
-0.032
-0.031
-0.03
-0.028
-0.026
-0.023
-0.02
-0.017
-0.014
-0.01
-0.001
0.005
0.01
0.014
0.019
0.022
0.023
0.023
0.021
0.019
0.016
0.013
0.017
0.027
0.041
0.062
0.075
0.08
0.084
0.088
0.092
0.097
0.102
0.107
0.113
0.12
0.13
0.14
0.148
0.156
0.164
0.173
0.182
0.188
0.194
0.199
0.204
0.208
0.21
0.208
0.201
0.191
0.174
0.143
0.114
0.094
0.08
0.067
0.057
0.045
0.032
0.016
0.0
-0.014
-0.032
-0.055
-0.078
-0.097
-0.106
-0.11
-0.114
-0.116
-0.117
-0.116
-0.112
-0.107
-0.102
-0.099
-0.094
-0.09
-0.085
-0.082
-0.081
-0.081
-0.081
-0.082
-0.084
-0.085
-0.087
-0.089
-0.091
-0.093
-0.091
-0.087
-0.081
-0.074
-0.068
-0.062
-0.056
-0.051
-0.046
-0.043
-0.04
-0.038
-0.037
-0.037
-0.037
-0.037
-0.036
-0.036
-0.036
-0.036
-0.037
-0.037
-0.037
-0.037
-0.038
-0.039
-0.041
-0.042
-0.043
-0.043
-0.043
-0.043
-0.043
-0.044
-0.043
-0.043
-0.041
-0.04
-0.039
-0.039
-0.038
-0.037
-0.036
-0.034
-0.032
-0.031
-0.03
-0.029
-0.027
-0.026
-0.024
-0.023
-0.022
-0.021
-0.016
-0.011
-0.011
-0.017
-0.026
-0.036
-0.047
-0.055
-0.06
-0.064
-0.068
-0.072
-0.074
-0.073
-0.07
-0.066
-0.064
-0.061
-0.057
-0.055
-0.053
-0.052
-0.053
-0.054
-0.057
-0.061
-0.065
-0.072
-0.075
-0.07
-0.057
-0.038
-0.012
0.009
0.033
0.06
0.087
0.114
0.14
0.16
0.173
0.173
0.159
0.119
0.065
0.035
0.013
-0.001
-0.006
-0.009
-0.011
-0.014
-0.016
-0.008
0.005
0.014
0.022
0.028
0.032
0.035
0.035
0.034
0.033
0.029
0.024
0.017
0.003
-0.019
-0.028
-0.032
-0.035
-0.038
-0.041
-0.042
-0.043
-0.043
-0.042
-0.041
-0.04
-0.039
-0.037
-0.035
-0.032
-0.03
-0.028
-0.025
-0.021
-0.018
-0.017
-0.018
-0.019
-0.021
-0.023
-0.025
-0.027
-0.029
-0.031
-0.028
-0.022
-0.013
-0.002
0.014
0.028
0.042
0.056
0.073
0.087
0.099
0.111
0.122
0.13
0.138
0.145
0.154
0.163
0.173
0.18
0.187
0.194
0.199
0.202
0.202
0.2
0.195
0.189
0.182
0.171
0.153
0.134
0.116
0.097
0.075
0.057
0.044
0.032
0.02
0.009
-0.001
-0.012
-0.023
-0.037
-0.049
-0.055
-0.059
-0.063
-0.066
-0.069
-0.072
-0.074
-0.075
-0.076
-0.077
-0.077
-0.078
-0.078
-0.079
-0.08
-0.08
-0.08
-0.081
-0.081
-0.081
-0.08
-0.078
-0.075
-0.073
-0.071
-0.069
-0.067
-0.065
-0.063
-0.062
-0.061
-0.061
-0.061
-0.06
-0.058
-0.056
-0.052
-0.048
-0.043
-0.038
-0.032
-0.025
-0.018
-0.011
-0.003
0.006
0.022
0.034
0.038
0.042
0.043
0.045
0.046
0.047
0.048
0.048
