-0.087
-0.089
-0.091
-0.094
-0.096
-0.097
-0.097
-0.096
-0.094
-0.091
-0.088
-0.085
-0.083
-0.081
-0.08
-0.08
-0.081
-0.082
-0.083
-0.084
-0.084
-0.085
-0.085
-0.084
-0.083
-0.082
-0.08
-0.079
-0.078
-0.078
-0.078
-0.079
-0.08
-0.081
-0.081
-0.082
-0.083
-0.084
-0.084
-0.084
-0.084
-0.083
-0.083
-0.085
-0.086
-0.088
-0.089
-0.09
-0.092
-0.094
-0.096
-0.099
-0.101
-0.104
-0.107
-0.116
-0.126
-0.135
-0.142
-0.151
-0.167
-0.199
-0.226
-0.243
-0.259
-0.273
-0.29
-0.308
-0.33
-0.354
-0.378
-0.394
-0.404
-0.412
-0.418
-0.421
-0.418
-0.41
-0.399
-0.387
-0.368
-0.34
-0.31
-0.282
-0.26
-0.241
-0.225
-0.211
-0.199
-0.18
-0.149
-0.122
-0.105
-0.09
-0.075
-0.052
-0.017
0.012
0.033
0.05
0.056
0.058
0.061
0.064
0.066
0.069
0.071
0.073
0.075
0.076
0.076
0.076
0.075
0.073
0.072
0.071
0.07
0.069
0.069
0.069
0.069
0.069
0.068
0.067
0.066
0.064
0.062
0.06
0.058
0.056
0.055
0.054
0.053
0.054
0.055
0.057
0.058
0.059
0.059
0.059
0.059
0.058
0.056
0.054
0.051
0.05
0.049
0.048
0.048
0.048
0.046
0.044
0.042
0.041
0.04
0.038
0.035
0.03
0.026
0.023
0.024
0.027
0.031
0.035
0.038
0.041
0.047
0.053
0.059
0.062
0.059
0.053
0.045
0.038
0.033
0.026
0.017
0.01
0.006
0.008
0.013
0.02
0.026
0.03
0.032
0.034
0.037
0.041
0.044
0.047
0.049
0.051
0.051
0.053
0.054
0.054
0.055
0.055
0.054
0.053
0.052
0.05
0.048
0.046
0.044
0.042
0.04
0.038
0.037
0.036
0.035
0.035
0.034
0.034
0.033
0.032
0.03
0.029
0.028
0.027
0.026
0.028
0.03
0.034
0.038
0.042
0.046
0.049
0.054
0.059
0.063
0.066
0.067
0.066
0.062
0.058
0.054
0.049
0.041
0.035
0.035
0.044
0.054
0.058
0.06
0.062
0.065
0.068
0.07
0.073
0.075
0.078
0.08
0.082
0.083
0.083
0.083
0.082
0.082
0.082
0.082
0.082
0.082
0.083
0.083
0.084
0.085
0.085
0.084
0.083
0.08
0.079
0.078
0.077
0.077
0.076
0.075
0.074
0.074
0.073
0.073
0.072
0.07
0.068
0.066
0.065
0.064
0.066
0.069
0.074
0.078
0.081
0.084
0.088
0.092
0.095
0.097
0.099
0.099
0.099
0.099
0.098
0.097
0.095
0.093
0.089
0.085
0.081
0.077
0.073
0.069
0.064
0.058
0.053
0.048
0.045
0.042
0.04
0.038
0.037
0.036
0.035
0.035
0.035
0.033
0.031
0.028
0.026
0.024
0.023
0.023
0.023
0.023
0.024
0.026
0.03
0.035
0.042
0.051
0.059
0.095
0.161
0.265
0.417
0.631
0.909
1.224
1.519
1.681
1.677
1.494
1.089
0.59
0.115
-0.225
-0.371
-0.39
-0.336
-0.232
-0.142
-0.106
-0.095
-0.089
-0.09
-0.095
-0.101
-0.104
-0.105
-0.106
-0.108
-0.109
-0.109
-0.11
-0.11
-0.109
-0.107
-0.103
-0.099
-0.094
-0.089
-0.085
-0.082
-0.08
-0.079
-0.078
-0.078
-0.078
-0.079
-0.078
-0.077
-0.076
-0.074
-0.073
-0.071
-0.069
-0.067
-0.064
-0.061
-0.059
-0.057
-0.055
-0.053
-0.05
-0.046
-0.042
-0.038
-0.034
-0.031
-0.029
-0.027
-0.027
-0.027
-0.028
-0.03
-0.033
-0.036
-0.038
-0.04
-0.042
-0.044
-0.046
-0.048
-0.05
-0.052
-0.054
-0.056
-0.058
-0.061
-0.063
-0.064
-0.066
-0.068
-0.072
-0.077
-0.083
-0.095
-0.121
-0.147
-0.175
-0.202
-0.226
-0.245
-0.26
-0.274
-0.288
-0.301
-0.315
-0.329
-0.342
-0.35
-0.356
-0.361
-0.367
-0.371
-0.374
-0.376
-0.374
-0.368
-0.359
-0.348
-0.333
-0.308
-0.286
-0.263
-0.24
-0.218
-0.191
-0.151
-0.113
-0.087
-0.066
-0.046
-0.026
0.002
0.022
0.035
0.046
0.055
0.065
0.075
0.082
0.085
0.087
0.089
0.092
0.095
0.097
0.099
0.101
0.103
0.104
0.106
0.107
0.108
0.107
0.106
0.104
0.103
0.101
0.1
0.099
0.098
0.099
0.099
0.1
0.101
0.102
0.102
0.101
0.099
0.097
0.094
0.091
0.088
0.086
0.085
0.084
0.084
0.084
0.084
0.083
0.082
0.077
0.069
0.064
0.063
0.065
0.068
0.07
0.07
0.071
0.072
0.073
0.073
0.074
0.075
0.076
0.076
0.076
0.075
0.073
0.072
0.071
0.071
0.071
0.071
0.07
0.07
0.069
0.068
0.068
0.068
0.068
0.067
0.065
0.065
0.065
0.066
0.068
0.069
0.07
0.071
0.071
0.073
0.074
0.075
0.076
0.076
0.076
0.077
0.077
0.078
0.078
0.078
0.077
0.076
0.075
0.075
0.074
0.074
0.072
0.07
0.069
0.069
0.07
0.07
0.07
0.07
0.069
0.068
0.068
0.067
0.067
0.066
0.065
0.065
0.065
0.067
0.069
0.071
0.073
0.075
0.076
0.077
0.078
0.077
0.074
0.072
0.069
0.067
0.066
0.065
0.064
0.062
0.06
0.058
0.056
0.055
0.054
0.053
0.051
0.05
0.048
0.047
0.046
0.048
0.05
0.054
0.058
0.061
0.063
0.064
0.066
0.067
0.068
0.068
0.068
0.068
0.069
0.07
0.072
0.074
0.075
0.075
0.075
0.075
0.075
0.076
0.076
0.075
0.074
0.073
0.072
0.071
0.069
0.068
0.065
0.062
0.06
0.057
0.055
0.053
0.051
0.048
0.04
0.029
0.021
0.017
0.02
0.025
0.032
0.038
0.042
0.045
0.05
0.055
0.06
0.064
0.067
0.069
0.069
0.069
0.067
0.063
0.058
0.051
0.043
0.036
0.03
0.026
0.023
0.019
0.015
0.01
0.006
0.001
-0.002
-0.007
-0.012
-0.017
-0.021
-0.024
-0.026
-0.027
-0.027
-0.027
-0.027
-0.027
-0.025
-0.023
-0.02
-0.018
-0.017
-0.015
-0.012
-0.008
-0.004
0.0
0.006
0.017
0.044
0.064
0.111
0.182
0.309
0.513
0.791
1.123
1.444
1.673
1.737
1.594
1.247
0.758
0.233
-0.196
-0.447
-0.483
-0.468
-0.348
-0.238
-0.178
-0.156
-0.149
-0.154
-0.163
-0.169
-0.175
-0.179
-0.179
-0.177
-0.168
-0.155
-0.144
-0.139
-0.135
-0.131
-0.127
-0.123
-0.12
-0.118
-0.116
-0.114
-0.113
-0.111
-0.11
-0.108
-0.106
-0.103
-0.099
-0.096
-0.093
-0.09
-0.087
-0.085
-0.082
-0.08
-0.078
-0.077
-0.076
-0.074
-0.072
-0.069
-0.065
-0.061
-0.057
-0.052
-0.048
-0.044
-0.041
-0.038
-0.037
-0.036
-0.036
-0.037
-0.038
-0.039
-0.04
-0.041
-0.042
-0.042
-0.042
-0.042
-0.043
-0.044
-0.045
-0.047
-0.05
-0.052
-0.055
-0.058
-0.062
-0.068
-0.083
-0.097
-0.11
-0.121
-0.132
-0.142
-0.154
-0.168
-0.183
-0.199
-0.214
-0.229
-0.246
-0.266
-0.289
-0.313
-0.335
-0.349
-0.356
-0.361
-0.365
-0.369
-0.37
-0.371
-0.37
-0.366
-0.36
-0.353
-0.344
-0.33
-0.305
-0.282
-0.259
-0.236
-0.215
-0.188
-0.154
-0.12
-0.087
-0.061
-0.04
-0.013
0.014
0.04
0.056
0.062
0.065
0.067
0.068
0.069
0.07
0.071
0.073
0.075
0.078
0.082
0.085
0.088
0.09
0.092
0.094
0.095
0.096
0.096
0.097
0.1
0.103
0.107
0.111
0.114
0.117
0.119
0.12
0.119
0.118
0.116
0.112
0.108
0.103
0.098
0.095
0.093
0.092
0.091
0.091
0.091
0.091
0.09
0.089
0.088
0.086
0.084
0.082
0.08
0.079
0.078
0.078
0.077
0.077
0.076
0.075
0.074
0.073
0.071
0.068
0.066
0.063
0.061
0.059
0.058
0.057
0.056
0.055
0.054
0.053
0.054
0.055
0.056
0.057
0.057
0.057
0.058
0.059
0.06
0.061
0.061
0.062
0.062
0.063
0.064
0.064
0.064
0.063
0.061
0.06
0.06
0.059
0.059
0.058
0.058
0.058
0.058
0.059
0.059
0.059
0.059
0.059
0.059
0.059
0.06
0.061
0.062
0.062
0.062
0.061
0.061
0.061
0.061
0.061
0.061
0.06
0.06
0.06
0.059
0.055
0.049
0.045
0.041
0.038
0.035
0.033
0.033
0.033
0.035
0.038
0.04
0.043
0.045
0.047
0.049
0.051
0.053
0.054
0.054
0.053
0.052
0.051
0.049
0.047
0.045
0.043
0.042
0.041
0.04
0.038
0.032
0.027
0.027
0.034
0.044
0.05
0.055
0.06
0.063
0.066
0.067
0.067
0.064
0.06
0.054
0.048
0.043
0.038
0.032
0.027
0.023
0.02
0.019
0.02
0.024
0.029
0.036
0.042
0.047
0.05
0.054
0.057
0.06
0.063
0.065
0.067
0.069
0.071
0.074
0.076
0.079
0.081
0.083
0.084
0.085
0.085
0.084
0.082
0.08
0.077
0.074
0.071
0.068
0.065
0.062
0.059
0.057
0.055
0.053
0.05
0.047
0.043
0.039
0.035
0.031
0.027
0.023
0.019
0.015
0.012
0.01
0.008
0.006
0.003
0.001
-0.001
-0.002
-0.004
-0.006
-0.01
-0.016
-0.024
-0.029
-0.031
-0.03
-0.026
-0.019
-0.007
0.033
0.103
0.206
0.347
0.538
0.787
1.084
1.38
1.602
1.672
1.548
1.239
0.795
0.312
-0.098
-0.358
-0.413
-0.406
-0.313
-0.228
-0.17
-0.154
-0.145
-0.138
-0.133
-0.127
-0.122
-0.118
-0.113
-0.108
-0.102
-0.097
-0.092
-0.088
-0.084
-0.081
-0.081
-0.08
-0.079
-0.078
-0.077
-0.076
-0.074
-0.073
-0.072
-0.071
-0.07
-0.07
-0.071
-0.072
-0.072
-0.073
-0.073
-0.073
-0.072
-0.07
-0.068
-0.066
-0.063
-0.06
-0.058
-0.055
-0.054
-0.052
-0.051
-0.051
-0.05
-0.05
-0.049
-0.049
-0.048
-0.046
-0.044
-0.042
-0.039
-0.037
-0.036
-0.035
-0.034
-0.034
-0.036
-0.038
-0.04
-0.042
-0.045
-0.047
-0.05
-0.053
-0.057
-0.061
-0.066
-0.07
-0.081
-0.108
-0.127
-0.14
-0.149
-0.158
-0.167
-0.177
-0.188
-0.202
-0.219
-0.236
-0.252
-0.269
-0.285
-0.301
-0.316
-0.325
-0.332
-0.339
-0.344
-0.348
-0.35
-0.35
-0.347
-0.343
-0.338
-0.331
-0.322
-0.308
-0.283
-0.259
-0.234
-0.209
-0.188
-0.162
-0.128
-0.093
-0.055
-0.028
-0.014
-0.004
0.006
0.015
0.023
0.036
0.053
0.071
0.084
0.095
0.103
0.107
0.11
0.113
0.118
0.122
0.124
0.122
0.12
0.119
0.118
0.117
0.117
0.116
0.114
0.112
0.11
0.108
0.107
0.105
0.104
0.103
0.101
0.099
0.097
0.096
0.095
0.094
0.093
0.091
0.088
0.085
0.083
0.081
0.08
0.079
0.078
0.077
0.077
0.077
0.078
0.078
0.078
0.077
0.076
0.074
0.073
0.073
0.072
0.071
0.07
0.069
0.069
0.069
0.07
0.071
0.072
0.073
0.072
0.072
0.071
0.07
0.07
0.07
0.069
0.069
0.069
0.069
0.07
0.072
0.073
0.074
0.074
0.073
0.073
0.073
0.072
0.071
0.069
0.067
0.066
0.065
0.064
0.063
0.063
0.061
0.058
0.056
0.055
0.053
0.051
0.047
0.044
0.04
0.037
0.036
0.037
0.039
0.04
0.04
0.041
0.041
0.042
0.044
0.046
0.047
0.048
0.048
0.048
0.048
0.048
0.047
0.046
0.045
0.045
0.044
0.044
0.044
0.044
0.043
0.043
0.042
0.041
0.04
0.04
0.039
0.039
0.038
0.039
0.04
0.041
0.042
0.043
0.043
0.044
0.044
0.044
0.043
0.043
0.044
0.044
0.045
0.047
0.047
0.045
0.043
0.043
0.043
0.043
0.042
0.041
0.04
0.04
0.041
0.044
0.048
0.052
0.054
0.058
0.061
0.065
0.067
0.069
0.068
0.065
0.061
0.058
0.054
0.05
0.045
0.039
0.034
0.032
0.034
0.039
0.044
0.049
0.052
0.055
0.058
0.061
0.065
0.067
0.069
0.069
0.069
0.068
0.067
0.065
0.062
0.058
0.055
0.051
0.048
0.043
0.033
0.027
0.036
0.054
0.072
0.093
0.103
0.108
0.112
0.116
0.119
0.122
0.117
0.105
0.092
0.082
0.072
0.063
0.053
0.044
0.036
0.028
0.021
0.015
0.011
0.008
0.005
0.002
0.0
-0.002
-0.005
-0.008
-0.011
-0.014
-0.016
-0.016
-0.016
-0.015
-0.014
-0.012
-0.009
-0.005
0.0
0.004
0.009
0.015
0.03
0.066
0.132
0.222
0.357
0.557
0.833
1.165
1.498
1.749
1.83
1.686
1.321
0.807
0.265
-0.172
-0.434
-0.489
-0.481
-0.385
-0.291
