0.015
0.017
0.018
0.02
0.021
0.022
0.022
0.02
0.019
0.017
0.015
0.014
0.013
0.014
0.016
0.019
0.021
0.025
0.028
0.026
0.02
0.012
-0.001
-0.011
-0.015
-0.019
-0.021
-0.023
-0.025
-0.026
-0.028
-0.029
-0.03
-0.032
-0.033
-0.034
-0.035
-0.036
-0.037
-0.038
-0.038
-0.039
-0.04
-0.041
-0.042
-0.043
-0.046
-0.045
-0.037
-0.026
-0.012
0.001
0.013
0.021
0.027
0.031
0.034
0.037
0.038
0.036
0.033
0.03
0.028
0.026
0.024
0.023
0.022
0.021
0.019
0.015
0.016
0.022
0.028
0.034
0.038
0.042
0.046
0.05
0.038
0.003
-0.063
-0.155
-0.274
-0.411
-0.555
-0.688
-0.782
-0.809
-0.807
-0.772
-0.71
-0.618
-0.501
-0.379
-0.257
-0.128
0.006
0.133
0.232
0.293
0.317
0.324
0.311
0.273
0.224
0.179
0.139
0.107
0.083
0.069
0.064
0.062
0.06
0.058
0.057
0.056
0.055
0.054
0.053
0.052
0.051
0.05
0.049
0.048
0.048
0.046
0.044
0.041
0.037
0.033
0.03
0.026
0.022
0.018
0.013
0.008
0.004
0.0
-0.006
-0.012
-0.017
-0.024
-0.032
-0.041
-0.047
-0.051
-0.055
-0.059
-0.064
-0.069
-0.074
-0.081
-0.088
-0.096
-0.101
-0.106
-0.11
-0.112
-0.11
-0.107
-0.102
-0.097
-0.091
-0.083
-0.075
-0.068
-0.061
-0.055
-0.05
-0.046
-0.037
-0.025
-0.013
0.001
0.013
0.02
0.025
0.029
0.031
0.033
0.035
0.036
0.037
0.038
0.039
0.039
0.04
0.04
0.04
0.039
0.038
0.036
0.034
0.031
0.029
0.025
0.02
0.009
-0.001
-0.01
-0.016
-0.021
-0.027
-0.033
-0.039
-0.042
-0.044
-0.046
-0.047
-0.049
-0.051
-0.052
-0.053
-0.054
-0.055
-0.056
-0.056
-0.056
-0.056
-0.055
-0.054
-0.054
-0.052
-0.05
-0.048
-0.046
-0.044
-0.041
-0.039
-0.036
-0.03
-0.022
-0.014
-0.01
-0.008
-0.007
-0.006
-0.005
-0.005
-0.004
-0.004
-0.003
-0.002
0.0
0.0
0.002
0.002
0.003
0.003
0.004
0.005
0.007
0.009
0.013
0.022
0.022
0.013
-0.011
-0.071
-0.158
-0.27
-0.397
-0.523
-0.635
-0.724
-0.774
-0.79
-0.78
-0.748
-0.672
-0.567
-0.446
-0.33
-0.223
-0.116
-0.011
0.09
0.183
0.26
0.303
0.317
0.305
0.268
0.228
0.192
0.161
0.132
0.112
0.101
0.096
0.092
0.089
0.087
0.085
0.083
0.082
0.08
0.079
0.078
0.076
0.075
0.072
0.068
0.054
0.04
0.03
0.018
0.012
0.008
0.004
0.001
-0.001
-0.003
-0.006
-0.008
-0.011
-0.016
-0.024
-0.033
-0.04
-0.045
-0.05
-0.055
-0.06
-0.065
-0.069
-0.074
-0.078
-0.083
-0.087
-0.091
-0.094
-0.098
-0.102
-0.105
-0.107
-0.106
-0.105
-0.101
-0.097
-0.092
-0.085
-0.073
-0.061
-0.049
-0.037
-0.024
-0.011
0.001
0.01
0.02
0.029
0.039
0.05
0.059
0.066
0.07
0.073
0.075
0.077
0.081
0.085
0.089
0.095
0.102
0.107
0.11
0.113
0.115
0.117
0.118
0.118
0.118
0.116
0.114
0.112
0.11
0.108
0.106
0.104
0.103
0.104
0.106
0.109
0.113
0.121
0.138
0.154
0.164
0.17
0.174
0.179
0.185
0.192
0.198
0.201
0.204
0.207
0.211
0.215
0.221
0.228
0.237
0.244
0.249
0.255
0.262
0.271
0.281
0.291
0.299
0.305
0.311
0.314
0.313
0.309
0.304
0.298
0.289
0.277
0.268
0.261
0.256
0.254
0.253
0.253
0.252
0.251
0.25
0.251
0.254
0.257
0.261
0.256
0.239
0.208
0.157
0.082
-0.016
-0.13
-0.253
-0.374
-0.483
-0.569
-0.623
-0.637
-0.631
-0.586
-0.492
-0.356
-0.197
-0.05
0.072
0.177
0.264
0.338
0.395
0.415
0.414
0.388
0.355
0.318
0.282
0.248
0.218
0.191
0.167
0.144
0.131
0.107
0.084
0.07
0.055
0.042
0.032
0.02
0.005
-0.007
-0.015
-0.02
-0.024
-0.028
-0.032
-0.038
-0.045
-0.054
-0.063
-0.072
-0.082
-0.096
-0.111
-0.124
-0.133
-0.141
-0.149
-0.155
-0.161
-0.167
-0.174
-0.18
-0.187
-0.194
-0.202
-0.211
-0.22
-0.226
-0.232
-0.236
-0.24
-0.242
-0.244
-0.245
-0.247
-0.248
-0.249
-0.249
-0.249
-0.248
-0.247
-0.245
-0.242
-0.239
-0.234
-0.224
-0.215
-0.194
-0.169
-0.156
-0.135
-0.111
-0.094
-0.084
-0.078
-0.073
-0.071
-0.072
-0.073
-0.074
-0.075
-0.076
-0.077
-0.079
-0.08
-0.081
-0.08
-0.077
-0.073
-0.07
-0.067
-0.064
-0.06
-0.057
-0.054
-0.054
-0.055
-0.057
-0.059
-0.061
-0.063
-0.065
-0.068
-0.07
-0.073
-0.076
-0.078
-0.08
-0.082
-0.084
-0.087
-0.09
-0.092
-0.094
-0.095
-0.094
-0.091
-0.088
-0.083
-0.077
-0.066
-0.057
-0.051
-0.047
-0.043
-0.039
-0.036
-0.033
-0.026
-0.013
0.0
0.007
0.016
0.022
0.026
0.03
0.032
0.032
0.03
0.028
0.025
0.023
0.018
0.019
0.027
0.035
0.044
0.051
0.057
0.062
0.066
0.07
0.074
0.08
0.079
0.069
0.043
0.003
-0.059
-0.147
-0.256
-0.378
-0.502
-0.616
-0.709
-0.771
-0.78
-0.765
-0.709
-0.62
-0.497
-0.354
-0.215
-0.085
0.033
0.146
0.248
0.329
0.377
0.392
0.38
0.345
0.282
0.223
0.175
0.142
0.126
0.115
0.106
0.099
0.091
0.083
0.074
0.065
0.056
0.051
0.047
0.044
0.044
0.05
0.054
0.057
0.06
0.059
0.054
0.047
0.039
0.027
0.017
0.002
-0.014
-0.027
-0.037
-0.044
-0.049
-0.052
-0.055
-0.059
-0.065
-0.072
-0.075
-0.078
-0.081
-0.083
-0.085
-0.087
-0.088
-0.089
-0.09
-0.091
-0.092
-0.092
-0.092
-0.091
-0.09
-0.09
-0.089
-0.088
-0.087
-0.085
-0.083
-0.081
-0.078
-0.072
-0.065
-0.057
-0.033
-0.007
0.016
0.038
0.059
0.066
0.07
0.072
0.07
0.066
0.062
0.057
0.051
0.047
0.047
0.054
0.062
0.066
0.068
0.071
0.074
0.076
0.078
0.081
0.082
0.084
0.084
0.084
0.083
0.082
0.08
0.077
0.074
0.071
0.067
0.064
0.058
0.048
0.04
0.035
0.029
0.022
0.018
0.015
0.011
0.009
0.01
0.013
0.015
0.017
0.018
0.02
0.021
0.022
0.024
0.027
0.03
0.032
0.035
0.039
0.044
0.055
0.063
0.071
0.078
0.082
0.086
0.089
0.091
0.088
0.08
0.075
0.071
0.067
0.064
0.063
0.064
0.067
0.071
0.076
0.083
0.095
0.101
0.106
0.111
0.113
0.11
0.099
0.069
0.017
-0.054
-0.145
-0.256
-0.378
-0.499
-0.605
-0.688
-0.747
-0.76
-0.751
-0.696
-0.603
-0.481
-0.34
-0.196
-0.062
0.056
0.159
0.24
0.302
0.349
0.369
0.369
0.349
0.303
0.248
0.192
0.144
0.108
0.095
0.091
0.089
0.088
0.087
0.086
0.084
0.083
0.08
0.078
0.075
0.072
0.069
0.064
0.058
0.051
0.039
0.023
0.015
0.012
0.009
0.007
0.005
0.003
0.001
0.0
-0.002
-0.004
-0.007
-0.012
-0.021
-0.039
-0.055
-0.073
-0.087
-0.096
-0.103
-0.109
-0.114
-0.118
-0.121
-0.123
-0.125
-0.127
-0.129
-0.13
-0.132
-0.134
-0.135
-0.136
-0.135
-0.133
-0.13
-0.125
-0.117
-0.103
-0.089
-0.075
-0.06
-0.043
-0.023
-0.004
0.011
0.023
0.029
0.033
0.035
0.033
0.028
0.024
0.02
0.017
0.017
0.021
0.027
0.037
0.048
0.053
0.057
0.058
0.055
0.046
0.033
0.016
0.001
-0.012
-0.021
-0.025
-0.029
-0.03
-0.029
-0.025
-0.018
-0.007
0.007
0.014
0.018
0.021
0.021
0.017
0.012
0.005
-0.003
-0.012
-0.023
-0.036
-0.042
-0.045
-0.047
-0.049
-0.051
-0.053
-0.055
-0.056
-0.057
-0.06
-0.064
-0.064
-0.058
-0.053
-0.048
-0.04
-0.03
-0.019
-0.006
0.0
0.006
0.011
0.015
0.021
0.027
0.03
0.034
0.037
0.041
0.043
0.045
0.046
0.046
0.046
0.046
0.046
0.045
0.043
0.041
0.037
0.034
0.02
-0.025
-0.094
-0.188
-0.302
-0.427
-0.549
-0.653
-0.726
-0.753
-0.762
-0.747
-0.7
-0.619
-0.507
-0.376
-0.241
-0.115
0.0
0.108
0.203
0.278
0.317
0.33
0.32
0.291
0.249
0.207
0.17
0.137
0.121
0.114
0.112
0.11
0.108
0.107
0.105
0.104
0.102
0.1
0.098
0.095
0.093
0.09
0.086
0.079
0.065
0.057
0.051
0.045
0.041
0.038
0.035
0.031
0.031
0.037
0.043
0.049
0.041
0.028
0.014
0.002
-0.006
-0.014
-0.025
-0.039
-0.054
-0.064
-0.07
-0.074
-0.074
-0.066
-0.061
-0.056
-0.053
-0.051
-0.052
-0.055
-0.061
-0.069
-0.081
-0.088
-0.093
-0.095
-0.092
-0.083
-0.069
-0.052
-0.027
-0.001
0.014
0.027
0.037
0.047
0.057
0.067
0.075
0.086
0.098
0.104
0.108
0.11
0.11
0.106
0.1
0.095
0.09
0.085
0.084
0.086
0.091
0.097
0.103
0.111
0.115
0.111
0.103
0.09
0.073
0.06
0.051
0.042
0.036
0.031
0.027
0.026
0.026
0.026
0.026
0.027
0.027
0.028
0.028
0.027
0.026
0.025
0.025
0.024
0.023
0.022
0.02
0.02
0.02
0.023
0.026
0.029
0.033
0.038
0.045
0.053
0.06
0.069
0.078
0.081
0.083
0.084
0.085
0.086
0.086
0.086
0.086
0.086
0.086
0.085
0.084
0.082
0.08
0.077
0.075
0.072
0.07
0.067
0.064
0.061
0.058
0.056
0.052
0.046
0.024
-0.027
-0.108
-0.218
-0.351
-0.493
-0.631
-0.751
-0.843
-0.887
-0.89
-0.86
-0.787
-0.671
-0.519
-0.357
-0.202
-0.063
0.052
0.142
0.214
0.269
0.288
0.287
0.257
0.202
0.146
0.097
0.06
0.039
0.025
0.017
0.011
0.007
0.003
-0.004
-0.018
-0.037
-0.052
-0.066
-0.076
-0.08
-0.083
-0.084
-0.084
-0.08
-0.076
-0.072
-0.068
-0.065
-0.063
-0.063
-0.066
-0.071
-0.077
-0.084
-0.094
-0.102
-0.109
-0.116
-0.124
-0.131
-0.136
-0.141
-0.146
-0.15
-0.154
-0.159
-0.164
-0.17
-0.178
-0.184
-0.188
-0.192
-0.195
-0.197
-0.198
-0.198
-0.196
-0.192
-0.187
-0.182
-0.174
-0.166
-0.159
-0.149
-0.138
-0.128
-0.116
-0.101
-0.085
-0.069
-0.053
-0.036
-0.02
-0.003
0.005
0.01
0.014
0.017
0.021
0.025
0.029
0.033
0.037
0.042
0.047
0.05
0.052
0.051
0.048
0.044
0.039
0.032
0.021
0.012
0.006
0.003
0.0
-0.001
-0.004
-0.006
-0.009
-0.011
-0.014
-0.017
-0.02
-0.022
-0.025
-0.027
-0.03
-0.032
-0.035
-0.037
-0.038
-0.038
-0.037
-0.036
-0.034
-0.031
-0.028
-0.024
-0.019
-0.013
-0.005
0.0
0.005
0.012
0.022
0.034
0.048
0.067
0.079
0.086
0.09
0.094
0.095
0.093
0.089
0.083
0.077
0.072
0.065
0.059
0.055
0.056
0.059
0.063
0.067
0.073
0.079
0.086
0.093
0.101
0.1
0.089
0.055
0.0
-0.08
-0.19
-0.322
-0.462
-0.592
-0.695
-0.764
-0.783
-0.79
-0.773
-0.723
-0.629
-0.501
-0.35
-0.19
-0.037
0.096
0.201
0.275
0.322
0.336
0.342
0.338
0.306
0.265
0.225
0.19
0.16
0.144
0.136
0.132
0.129
0.126
0.121
0.118
0.113
0.105
0.093
0.08
0.073
0.069
0.065
0.063
0.061
0.058
0.056
0.054
0.053
0.052
0.05
0.047
0.041
0.027
0.01
-0.005
-0.012
-0.015
-0.018
-0.02
-0.022
-0.024
-0.026
-0.029
-0.031
-0.035
-0.044
-0.061
-0.076
-0.087
-0.099
-0.108
-0.115
-0.12
-0.123
-0.125
-0.127
-0.129
-0.131
-0.133
-0.132
-0.129
-0.123
-0.115
-0.1
-0.08
-0.064
-0.049
-0.035
-0.019
-0.002
0.008
0.016
0.021
0.025
0.029
0.035
0.041
0.046
0.05
0.054
0.057
0.058
0.057
0.054
0.051
0.048
0.046
0.045
0.044
0.041
0.039
0.037
0.034
0.031
0.028
0.025
0.023
0.02
0.018
0.017
0.015
0.014
0.013
0.011
0.009
0.007
0.004
0.002
0.0
-0.001
-0.001
-0.002
-0.001
-0.001
0.0
0.003
0.006
0.009
0.012
0.016
0.021
0.027
0.042
0.055
0.06
0.063
0.065
0.067
0.069
0.071
0.072
0.072
0.073
0.074
0.074
0.075
0.076
0.076
0.077
0.077
0.078
0.078
0.078
0.078
0.078
0.079
0.08
0.081
0.082
0.085
0.089
0.089
0.079
0.054
0.009
-0.054
-0.138
-0.242
-0.356
-0.469
-0.568
-0.649
-0.693
-0.707
-0.691
-0.643
-0.551
-0.426
-0.278
-0.124
0.021
0.143
0.233
0.298
0.334
0.346
0.347
0.338
0.317
0.284
0.248
0.209
0.167
0.123
0.085
0.059
0.054
0.05
0.046
0.044
0.043
0.041
0.04
0.039
0.037
0.036
0.035
0.034
0.034
0.034
0.033
0.031
0.027
0.018
0.006
-0.005
-0.018
-0.032
-0.042
-0.048
-0.052
-0.057
-0.061
-0.066
-0.07
-0.074
-0.078
-0.081
-0.085
-0.088
-0.092
-0.095
-0.098
-0.101
-0.105
-0.11
-0.119
-0.128
-0.135
-0.141
-0.146
-0.15
-0.153
-0.151
-0.146
-0.14
-0.132
-0.12
-0.109
-0.096
-0.084
-0.074
-0.064
-0.053
-0.042
-0.028
-0.012
0.001
0.015
0.027
0.034
0.039
0.043
0.045
0.047
0.048
0.05
0.051
0.053
0.055
0.057
0.058
0.06
0.063
0.066
0.069
0.069
0.067
0.062
0.056
0.05
0.041
0.037
0.035
0.034
0.032
0.031
0.03
0.029
0.027
0.025
0.023
0.02
0.018
0.015
0.012
0.01
0.006
0.002
0.0
-0.001
0.0
0.0
0.003
0.007
0.014
0.03
0.039
0.044
0.048
0.052
0.056
0.06
0.065
0.069
0.074
0.078
0.081
0.084
0.087
0.09
0.094
0.097
0.098
0.096
0.094
0.092
0.09
0.089
0.087
0.086
0.085
0.084
0.083
0.082
0.081
0.079
0.07
0.036
-0.012
-0.077
-0.156
-0.25
-0.353
-0.457
-0.556
-0.64
-0.699
-0.719
-0.714
-0.671
-0.586
-0.468
-0.334
-0.204
-0.084
0.022
0.116
0.199
0.262
0.312
0.341
0.35
0.339
0.304
0.253
0.205
0.158
0.116
0.082
0.057
0.044
0.035
0.03
0.024
0.018
0.016
0.014
0.013
0.011
0.01
0.008
0.007
0.005
0.003
0.001
0.0
-0.003
-0.005
-0.008
-0.011
-0.015
-0.021
-0.025
-0.029
-0.032
-0.036
-0.039
-0.044
-0.049
-0.054
-0.058
-0.063
-0.071
-0.08
-0.088
-0.095
-0.103
-0.115
-0.125
-0.135
-0.138
-0.14
-0.143
-0.145
-0.144
-0.137
-0.13
-0.124
-0.117
-0.11
-0.104
-0.099
-0.095
-0.091
-0.088
-0.085
-0.079
-0.067
-0.052
-0.034
-0.012
0.004
0.015
0.023
0.028
0.032
0.036
0.038
0.036
0.032
0.029
0.025
0.022
0.022
0.026
0.031
0.035
0.038
0.041
0.042
0.042
0.04
0.037
0.032
0.023
0.006
-0.003
-0.01
-0.014
-0.014
-0.014
-0.014
-0.015
-0.006
0.004
0.012
0.015
0.015
0.016
0.016
0.017
0.017
0.017
0.016
0.015
0.014
0.013
0.012
0.01
0.009
0.008
0.008
0.009
0.011
0.014
0.018
0.022
0.028
0.033
0.038
0.042
0.05
0.066
0.075
0.08
0.084
0.087
0.088
0.088
0.087
0.085
0.082
0.078
0.069
0.058
0.051
0.047
0.054
0.067
0.079
0.088
0.094
0.087
0.069
0.025
-0.048
-0.152
-0.274
-0.402
-0.52
-0.616
-0.686
-0.719
-0.72
-0.692
-0.629
-0.542
-0.429
-0.305
-0.177
-0.051
0.061
0.158
0.238
0.305
0.342
0.354
0.346
0.322
0.286
0.246
0.208
0.177
0.156
0.15
0.147
0.144
0.141
0.139
0.136
0.131
0.12
0.107
0.092
0.078
0.068
0.06
0.056
0.054
0.052
0.049
0.047
0.045
0.043
0.041
0.039
0.035
0.03
0.025
0.018
0.01
0.002
-0.004
-0.011
-0.022
-0.033
-0.044
-0.055
-0.068
-0.077
-0.082
-0.087
-0.092
-0.096
-0.1
-0.105
-0.108
-0.108
-0.107
-0.106
-0.104
-0.102
-0.106
-0.111
-0.115
-0.107
-0.093
-0.077
-0.066
-0.059
-0.052
-0.046
-0.038
-0.029
-0.022
-0.016
-0.012
-0.008
-0.003
0.003
0.015
0.028
0.032
0.034
0.036
0.037
0.038
0.039
0.04
0.041
0.042
0.042
0.042
0.04
0.038
0.036
0.033
0.03
0.027
0.024
0.021
0.019
0.017
0.016
0.014
0.012
0.01
0.007
0.005
0.002
0.0
-0.001
-0.002
-0.003
-0.004
-0.004
-0.004
-0.003
-0.003
-0.003
-0.003
-0.003
-0.003
-0.002
-0.002
-0.002
-0.003
-0.004
0.003
0.013
0.022
0.033
0.042
0.049
0.053
0.056
0.057
0.059
0.06
0.06
0.061
0.061
0.062
0.062
0.063
0.064
0.065
0.066
0.067
0.068
0.07
0.071
0.074
0.078
0.084
0.088
0.086
0.08
0.06
0.023
-0.034
-0.112
-0.211
-0.324
-0.438
-0.545
-0.637
-0.707
-0.75
-0.755
-0.742
-0.687
-0.603
-0.487
-0.354
-0.22
-0.089
0.031
0.137
0.22
0.282
0.304
0.312
0.304
0.28
0.251
0.221
0.195
0.171
0.143
0.125
0.113
0.106
0.1
0.095
0.091
0.088
0.085
0.082
0.079
0.075
0.071
0.068
0.065
0.062
0.059
0.056
0.051
0.045
0.04
0.036
0.032
0.028
0.025
0.022
0.02
0.018
0.017
0.015
0.013
0.01
0.003
-0.011
-0.029
-0.045
-0.061
-0.076
-0.089
-0.098
-0.109
-0.12
-0.13
-0.132
-0.134
-0.136
-0.137
-0.137
-0.132
-0.125
-0.119
-0.114
-0.109
-0.105
-0.102
-0.099
-0.095
-0.091
-0.085
-0.076
-0.066
-0.054
-0.042
-0.025
-0.006
0.008
0.019
0.025
0.028
0.031
0.033
0.034
0.034
0.032
0.031
0.029
0.028
0.027
0.026
0.025
0.024
0.024
0.022
0.021
0.02
0.018
0.017
0.016
0.015
0.013
0.011
0.007
0.0
-0.009
-0.022
-0.034
-0.041
-0.046
-0.049
-0.046
-0.041
-0.037
-0.033
-0.03
-0.028
-0.028
-0.029
-0.031
-0.033
-0.035
-0.038
-0.041
-0.04
-0.035
-0.028
-0.021
-0.012
-0.005
0.0
0.005
0.01
0.016
0.022
0.026
0.03
0.033
0.034
0.034
0.03
0.024
0.019
0.015
0.011
0.007
0.004
0.002
0.0
0.001
0.002
0.004
0.007
0.01
0.014
0.021
0.025
0.024
0.018
0.003
-0.037
-0.101
-0.189
-0.297
-0.419
-0.543
-0.659
-0.753
-0.818
-0.844
-0.844
-0.818
-0.743
-0.623
-0.474
-0.321
-0.174
-0.038
0.073
0.155
0.208
0.239
0.25
0.245
0.229
0.194
0.156
0.12
0.092
0.068
0.051
0.043
0.04
0.038
0.036
0.034
0.033
0.032
0.031
0.03
0.029
0.028
0.027
0.027
0.027
0.026
0.025
0.024
0.023
0.02
0.014
0.007
0.0
-0.007
-0.014
-0.018
-0.021
-0.022
-0.024
-0.025
-0.026
-0.028
-0.029
-0.031
-0.032
-0.034
-0.037
-0.04
-0.048
-0.065
-0.081
-0.096
-0.108
-0.117
-0.124
-0.13
-0.135
-0.138
-0.135
-0.129
-0.12
-0.106
-0.095
-0.087
-0.08
-0.07
-0.058
-0.036
-0.01
0.012
0.023
0.032
0.043
0.052
0.057
0.06
0.06
0.058
0.056
0.052
0.048
0.049
0.057
0.065
0.073
0.082
0.088
0.093
0.096
0.098
0.097
0.094
0.091
0.083
0.075
0.073
0.071
0.07
0.069
0.069
0.07
0.071
0.073
0.074
0.077
0.076
0.068
0.045
0.021
0.012
0.009
0.007
0.005
0.004
0.006
0.009
0.014
0.023
0.035
0.042
0.047
0.041
0.036
0.033
0.03
0.03
0.031
0.034
0.039
0.044
0.051
0.059
0.07
0.081
0.085
0.088
0.09
0.091
0.091
0.091
0.089
0.087
0.083
0.08
0.077
0.073
0.068
0.065
0.064
0.064
0.063
0.062
0.061
0.066
0.072
0.077
0.077
0.068
0.046
0.001
-0.065
-0.16
-0.277
-0.408
-0.536
-0.646
-0.732
-0.785
-0.791
-0.772
-0.712
-0.629
-0.51
-0.37
-0.225
-0.082
0.05
0.166
0.258
0.323
0.352
0.353
0.333
0.296
0.253
0.206
0.163
0.128
0.1
0.078
0.065
0.057
0.053
0.051
0.048
0.046
0.043
0.04
0.038
0.036
0.033
0.03
0.025
0.019
0.013
0.009
0.005
0.002
-0.001
-0.003
-0.006
-0.007
-0.008
-0.01
-0.011
-0.014
-0.019
-0.023
-0.028
-0.037
-0.051
-0.065
-0.075
-0.085
-0.095
-0.104
-0.112
-0.121
-0.133
-0.139
-0.142
-0.144
-0.146
-0.147
-0.147
-0.147
-0.146
-0.144
-0.141
-0.139
-0.136
-0.132
-0.127
-0.122
-0.117
-0.11
-0.101
-0.093
-0.082
-0.068
-0.053
-0.036
-0.017
0.001
0.015
0.024
0.027
0.029
0.029
0.03
0.03
0.03
0.03
0.03
0.031
0.032
0.032
0.033
0.034
0.034
0.033
0.033
0.033
0.032
0.032
0.031
0.03
0.029
0.028
0.027
0.026
0.024
0.023
0.022
0.02
0.015
0.01
0.006
0.004
0.002
0.001
0.0
-0.002
-0.003
-0.004
-0.005
-0.007
-0.008
-0.009
-0.01
-0.011
-0.013
-0.015
-0.019
-0.021
-0.021
-0.016
-0.009
0.001
0.017
0.031
0.047
0.062
0.073
0.077
0.079
0.081
0.082
0.083
0.082
0.079
0.075
0.071
0.066
0.063
0.067
0.075
0.079
0.084
0.087
0.09
0.091
0.091
0.089
0.087
0.084
0.071
0.048
0.012
-0.037
-0.101
-0.183
-0.279
-0.384
-0.491
-0.591
-0.67
-0.705
-0.717
-0.7
-0.649
-0.552
-0.425
-0.287
-0.158
-0.048
0.046
0.129
0.203
0.264
0.306
0.32
0.314
0.299
0.261
0.229
0.199
0.182
0.165
0.15
0.139
0.131
0.122
0.109
0.093
0.077
0.061
0.054
0.051
0.049
0.047
0.046
0.045
0.044
0.042
0.04
0.039
0.037
0.035
0.033
0.031
0.027
0.023
0.019
0.014
0.009
0.003
-0.007
-0.017
-0.028
-0.038
-0.046
-0.057
-0.071
-0.083
-0.09
-0.097
-0.103
-0.107
-0.109
-0.111
-0.113
-0.114
-0.116
-0.117
-0.119
-0.12
-0.121
-0.123
-0.126
-0.129
-0.129
-0.124
-0.117
-0.105
-0.087
-0.074
-0.063
-0.053
-0.039
-0.024
-0.014
-0.007
0.001
0.006
0.008
0.01
0.012
0.013
0.015
0.017
0.019
0.021
0.023
0.026
0.028
0.031
0.036
0.046
0.049
0.05
0.051
0.052
0.052
0.049
0.041
0.032
0.021
0.011
0.007
0.004
0.002
0.0
0.0
-0.001
-0.002
-0.002
-0.002
-0.003
-0.004
-0.004
-0.005
-0.006
-0.006
-0.007
-0.007
-0.007
-0.007
-0.007
-0.008
-0.008
-0.009
-0.01
-0.011
-0.012
-0.012
-0.01
-0.006
0.0
0.009
0.027
0.044
0.056
0.06
0.062
0.064
0.065
0.065
0.064
0.062
0.059
0.055
0.053
0.05
0.047
0.045
0.043
0.043
0.044
0.046
0.048
0.051
0.058
0.071
0.082
0.089
0.089
0.079
0.053
-0.001
-0.08
-0.182
-0.304
-0.434
-0.556
-0.653
-0.713
-0.735
-0.742
-0.726
-0.675
-0.565
-0.41
-0.237
-0.068
0.08
0.201
0.28
0.316
0.329
0.331
0.325
0.309
0.279
0.243
0.208
0.179
0.153
0.127
0.103
0.086
0.074
0.068
0.063
0.06
0.056
0.053
0.05
0.047
0.044
0.039
0.034
0.029
0.022
0.018
0.016
0.014
0.013
0.011
0.008
0.004
0.0
-0.004
-0.009
-0.014
-0.02
-0.025
-0.03
-0.035
-0.04
-0.043
-0.046
-0.05
-0.056
-0.064
-0.072
-0.08
-0.087
-0.094
-0.102
-0.109
-0.117
-0.124
-0.127
-0.129
-0.131
-0.132
-0.133
-0.131
-0.127
-0.122
-0.112
-0.098
-0.086
-0.075
-0.064
-0.052
-0.039
-0.023
-0.011
-0.006
-0.002
0.0
0.003
0.005
0.008
0.01
0.012
0.015
0.019
0.024
0.031
0.035
0.039
0.043
0.045
0.046
0.045
0.043
0.04
0.037
0.035
0.033
0.031
0.029
0.027
0.026
0.024
0.022
0.02
0.019
0.017
0.016
0.015
0.013
0.01
0.007
0.003
0.0
-0.004
-0.007
-0.011
-0.014
-0.017
-0.018
-0.019
-0.016
-0.013
-0.008
-0.004
0.0
0.004
0.009
0.013
0.017
0.019
0.021
0.023
0.028
0.04
0.048
0.052
0.055
0.057
0.058
0.059
0.06
0.062
0.067
0.066
0.057
0.051
0.046
0.043
0.041
0.04
0.041
0.043
0.046
0.051
0.059
0.078
0.093
0.104
0.108
0.105
0.095
0.069
0.025
-0.034
-0.113
-0.212
-0.328
-0.449
-0.563
-0.662
-0.741
-0.783
-0.784
-0.75
-0.658
-0.53
-0.395
-0.269
-0.144
-0.024
0.081
0.171
0.245
0.305
0.341
0.353
0.344
0.317
0.272
0.228
0.191
0.159
0.131
0.106
0.091
0.081
0.076
0.071
0.063
0.056
0.052
0.05
0.048
0.045
0.044
0.042
0.04
0.039
0.037
0.036
0.034
0.033
0.032
0.03
0.029
0.027
0.024
0.02
0.016
0.011
0.007
0.001
-0.006
-0.013
-0.019
-0.026
-0.035
-0.046
-0.057
-0.065
-0.073
-0.082
-0.091
-0.1
-0.105
-0.109
-0.111
-0.113
-0.114
-0.116
