-0.021
-0.024
-0.027
-0.03
-0.034
-0.04
-0.046
-0.055
-0.069
-0.07
-0.06
-0.032
0.058
0.209
0.43
0.707
0.996
1.255
1.429
1.464
1.34
1.075
0.74
0.417
0.172
0.03
-0.019
-0.037
-0.045
-0.049
-0.053
-0.056
-0.059
-0.063
-0.069
-0.076
-0.082
-0.088
-0.093
-0.097
-0.098
-0.098
-0.095
-0.092
-0.089
-0.087
-0.085
-0.082
-0.079
-0.076
-0.072
-0.068
-0.063
-0.057
-0.048
-0.035
-0.031
-0.03
-0.029
-0.028
-0.027
-0.026
-0.025
-0.024
-0.022
-0.019
-0.017
-0.013
-0.009
-0.004
0.008
0.035
0.057
0.071
0.077
0.08
0.082
0.084
0.086
0.09
0.093
0.097
0.102
0.114
0.133
0.152
0.165
0.171
0.176
0.176
0.167
0.163
0.161
0.159
0.158
0.156
0.154
0.152
0.15
0.148
0.147
0.146
0.145
0.143
0.14
0.124
0.094
0.078
0.07
0.066
0.064
0.061
0.059
0.055
0.051
0.048
0.045
0.04
0.029
0.005
-0.017
-0.033
-0.042
-0.048
-0.052
-0.055
-0.058
-0.061
-0.065
-0.069
-0.073
-0.078
-0.086
-0.09
-0.085
-0.074
-0.065
-0.056
-0.049
-0.043
-0.037
-0.03
-0.023
-0.014
-0.004
0.002
0.009
0.015
0.018
0.017
0.014
0.01
0.005
-0.001
-0.011
-0.021
-0.028
-0.034
-0.038
-0.038
-0.033
-0.026
-0.015
-0.001
0.004
0.008
0.011
0.012
0.011
0.008
0.003
-0.011
-0.042
-0.081
-0.112
-0.123
-0.123
-0.112
-0.103
-0.094
-0.084
-0.075
-0.068
-0.061
-0.056
-0.053
-0.053
-0.056
-0.059
-0.063
-0.068
-0.067
-0.055
-0.048
-0.044
-0.041
-0.039
-0.037
-0.034
-0.03
-0.027
-0.023
-0.02
-0.016
-0.012
-0.006
0.005
0.013
0.019
0.025
0.033
0.033
0.023
0.013
0.001
-0.005
-0.013
-0.02
-0.01
-0.003
0.001
0.005
0.007
0.008
0.007
0.004
0.0
-0.004
-0.014
-0.028
-0.033
-0.036
-0.038
-0.04
-0.041
-0.041
-0.042
-0.042
-0.042
-0.041
-0.041
-0.04
-0.037
-0.035
-0.035
-0.039
-0.047
-0.059
-0.079
-0.103
-0.116
-0.122
-0.116
-0.072
0.012
0.137
0.308
0.531
0.788
1.031
1.235
1.376
1.428
1.373
1.214
0.976
0.704
0.452
0.25
0.11
0.028
-0.015
-0.048
-0.082
-0.093
-0.096
-0.097
-0.098
-0.099
-0.1
-0.101
-0.102
-0.104
-0.105
-0.107
-0.111
-0.116
-0.114
-0.101
-0.087
-0.073
-0.062
-0.047
-0.032
-0.023
-0.017
-0.015
-0.02
-0.032
-0.051
-0.076
-0.09
-0.1
-0.104
-0.101
-0.093
-0.069
-0.036
-0.015
0.0
0.008
0.014
0.014
0.007
-0.002
-0.012
-0.023
-0.029
-0.026
-0.017
-0.004
0.017
0.037
0.051
0.06
0.064
0.067
0.069
0.071
0.074
0.078
0.08
0.082
0.084
0.087
0.091
0.097
0.103
0.11
0.118
0.124
0.13
0.136
0.141
0.142
0.14
0.136
0.13
0.122
0.107
0.086
0.077
0.072
0.069
0.067
0.066
0.063
0.059
0.054
0.049
0.043
0.037
0.028
0.015
0.004
-0.004
-0.015
-0.027
-0.033
-0.036
-0.038
-0.041
-0.043
-0.044
-0.045
-0.045
-0.044
-0.042
-0.041
-0.038
-0.034
-0.028
-0.023
-0.015
-0.001
0.002
0.004
0.005
0.007
0.008
0.008
0.006
0.001
-0.002
-0.007
-0.014
-0.018
-0.014
-0.007
-0.001
0.004
0.01
0.015
0.02
0.025
0.03
0.036
0.043
0.051
0.061
0.072
0.085
0.102
0.113
0.12
0.125
0.129
0.132
0.134
0.135
0.135
0.133
0.128
0.123
0.115
0.103
0.091
0.075
0.051
0.024
0.0
-0.038
-0.081
-0.099
-0.114
-0.11
-0.062
0.044
0.212
0.433
0.684
0.935
1.158
1.317
1.386
1.345
1.197
0.965
0.693
0.422
0.195
0.042
-0.019
-0.039
-0.028
-0.017
-0.008
-0.004
-0.008
-0.014
-0.017
-0.021
-0.023
-0.025
-0.026
-0.026
-0.027
-0.028
-0.03
-0.032
-0.034
-0.036
-0.037
-0.038
-0.04
-0.043
-0.046
-0.049
-0.052
-0.054
-0.057
-0.061
-0.065
-0.067
-0.068
-0.065
-0.06
-0.054
-0.049
-0.045
-0.041
-0.036
-0.031
-0.027
-0.023
-0.019
-0.017
-0.014
-0.01
-0.004
0.008
0.025
0.03
0.032
0.035
0.037
0.039
0.042
0.044
0.047
0.05
0.054
0.059
0.071
0.091
0.1
0.106
0.111
0.114
0.114
0.11
0.103
0.094
0.077
0.053
0.04
0.033
0.026
0.017
0.008
0.0
-0.009
-0.019
-0.03
-0.043
-0.055
-0.061
-0.065
-0.069
-0.073
-0.077
-0.08
-0.083
-0.084
-0.085
-0.086
-0.086
-0.086
-0.084
-0.082
-0.078
-0.075
-0.071
-0.069
-0.066
-0.064
-0.061
-0.058
-0.055
-0.052
-0.049
-0.045
-0.041
-0.038
-0.036
-0.033
-0.031
-0.03
-0.029
-0.029
-0.028
-0.028
-0.027
-0.024
-0.02
-0.018
-0.018
-0.022
-0.027
-0.033
-0.037
-0.042
-0.046
-0.051
-0.054
-0.056
-0.055
-0.053
-0.051
-0.049
-0.048
-0.047
-0.045
-0.044
-0.043
-0.041
-0.04
-0.04
-0.039
-0.037
-0.035
-0.033
-0.031
-0.03
-0.028
-0.025
-0.022
-0.018
-0.014
-0.008
0.0
0.009
0.009
0.004
0.0
-0.003
-0.007
-0.011
-0.013
-0.015
-0.015
-0.013
-0.011
-0.009
-0.007
-0.006
-0.003
0.0
0.002
0.002
-0.002
-0.009
-0.016
-0.022
-0.029
-0.035
-0.039
-0.038
-0.032
-0.023
-0.011
0.006
0.03
0.044
0.054
0.061
0.068
0.075
0.08
0.084
0.089
0.097
0.109
0.123
0.136
0.15
0.165
0.176
0.187
0.193
0.184
0.169
0.159
0.152
0.146
0.141
0.135
0.131
0.127
0.125
0.123
0.12
0.116
0.107
0.084
0.054
0.028
0.012
0.0
0.003
0.021
0.07
0.158
0.292
0.471
0.686
0.922
1.171
1.41
1.57
1.584
1.489
1.231
0.908
0.577
0.295
0.103
0.031
0.007
0.021
0.037
0.05
0.048
0.033
0.012
-0.023
-0.052
-0.07
-0.079
-0.073
-0.061
-0.05
-0.039
-0.027
-0.015
-0.004
0.007
0.013
0.011
0.008
0.004
0.0
0.0
0.008
0.016
0.024
0.022
0.006
-0.002
-0.009
-0.015
-0.019
-0.022
-0.022
-0.02
-0.016
-0.01
-0.004
0.001
0.004
0.008
0.011
0.014
0.017
0.02
0.023
0.027
0.03
0.033
0.036
0.038
0.04
0.041
0.042
0.045
0.048
0.057
0.079
0.102
0.122
0.131
0.135
0.138
0.142
0.146
0.151
0.157
0.163
0.169
0.175
0.184
0.191
0.195
0.194
0.188
0.179
0.168
0.153
0.129
0.109
0.097
0.09
0.084
0.079
0.073
0.066
0.059
0.053
0.046
0.041
0.034
0.027
0.021
0.019
0.018
0.018
0.018
0.018
0.017
0.016
0.016
0.016
0.016
0.017
0.017
0.019
0.021
0.024
0.028
0.032
0.036
0.039
0.042
0.046
0.049
0.052
0.053
0.052
0.05
0.047
0.044
0.041
0.038
0.033
0.027
0.023
0.021
0.022
0.023
0.026
0.029
0.033
0.04
0.044
0.038
0.026
0.014
0.0
-0.009
-0.016
-0.023
-0.03
-0.036
-0.039
-0.038
-0.035
-0.031
-0.028
-0.023
-0.019
-0.016
-0.016
-0.018
-0.022
-0.027
-0.031
-0.036
-0.042
-0.045
-0.043
-0.038
-0.032
-0.028
-0.023
-0.018
-0.014
-0.015
-0.022
-0.032
-0.044
-0.056
-0.072
-0.086
-0.095
-0.103
-0.118
-0.142
-0.152
-0.155
-0.159
-0.162
-0.164
-0.166
-0.167
-0.169
-0.17
-0.172
-0.173
-0.174
-0.174
-0.173
-0.17
-0.167
-0.164
-0.161
-0.158
-0.154
-0.15
-0.146
-0.142
-0.139
-0.135
-0.129
-0.122
-0.115
-0.11
-0.109
-0.108
-0.107
-0.106
-0.106
-0.105
-0.104
-0.103
-0.103
-0.102
-0.102
-0.101
-0.101
-0.099
-0.096
-0.092
-0.089
-0.085
-0.08
-0.072
-0.058
-0.05
-0.055
-0.067
-0.085
-0.115
-0.148
-0.176
-0.199
-0.213
-0.195
-0.142
-0.027
0.137
0.363
0.644
0.939
1.197
1.382
1.463
1.414
1.23
0.946
0.638
0.368
0.158
0.014
-0.064
-0.091
-0.105
-0.115
-0.124
-0.131
-0.139
-0.147
-0.157
-0.168
-0.182
-0.188
-0.19
-0.19
-0.191
-0.193
-0.195
-0.196
-0.197
-0.197
-0.196
-0.196
-0.197
-0.197
-0.196
-0.195
-0.193
-0.191
-0.19
-0.19
-0.191
-0.193
-0.194
-0.195
-0.197
-0.193
-0.169
-0.151
-0.136
-0.123
-0.115
-0.11
-0.105
-0.1
-0.094
-0.089
-0.088
-0.09
-0.092
-0.095
-0.1
-0.086
-0.074
-0.067
-0.06
-0.052
-0.042
-0.031
-0.013
0.01
0.024
0.035
0.042
0.049
0.06
0.073
0.087
0.104
0.114
0.12
0.123
0.125
0.127
0.129
0.131
0.133
0.135
0.136
0.136
0.135
0.134
0.132
0.129
0.124
0.118
0.112
0.105
0.099
0.093
0.084
0.074
0.066
0.058
0.052
0.047
0.044
0.042
0.04
0.039
0.038
0.037
0.037
0.036
0.036
0.035
0.035
0.034
0.034
0.033
0.032
0.032
0.032
0.033
0.033
0.033
0.033
0.032
0.032
0.031
0.031
0.029
0.026
0.024
0.022
0.021
0.02
0.019
0.019
0.018
0.017
0.017
0.018
0.019
0.019
0.019
0.018
0.018
0.018
0.018
0.019
0.021
0.023
0.025
0.028
0.032
0.037
0.042
0.049
0.056
0.06
0.058
0.053
0.047
0.042
0.036
0.029
0.024
0.022
0.025
0.031
0.039
0.048
0.062
0.069
0.06
0.043
0.032
0.023
0.013
0.006
0.003
0.003
0.003
0.004
0.005
0.007
0.008
0.009
0.012
0.014
0.017
0.018
0.019
0.019
0.017
0.016
0.013
0.011
0.008
0.004
0.001
-0.002
-0.005
-0.007
-0.008
-0.011
-0.015
-0.02
-0.025
-0.028
-0.028
-0.024
-0.017
-0.006
0.004
0.021
0.047
0.062
0.071
0.078
0.083
0.084
0.078
0.065
0.053
0.048
0.045
0.042
0.039
0.036
0.033
0.031
0.03
0.029
0.028
0.027
0.026
0.026
0.027
0.029
0.031
0.031
0.031
0.03
0.028
0.026
0.024
0.021
0.017
0.012
0.009
0.006
0.003
0.001
-0.001
-0.005
-0.009
-0.014
-0.018
-0.023
-0.027
-0.033
-0.039
-0.044
-0.049
-0.051
-0.053
-0.053
-0.052
-0.051
-0.048
-0.044
-0.039
-0.034
-0.029
-0.024
-0.02
-0.016
-0.012
-0.008
-0.004
0.0
0.006
0.014
0.022
0.03
0.034
0.035
0.034
0.031
0.027
0.021
0.015
0.006
-0.009
-0.023
-0.035
-0.052
-0.067
-0.041
0.038
0.184
0.386
0.639
0.921
1.19
1.399
1.488
1.484
1.374
1.134
0.821
0.502
0.25
0.086
-0.01
-0.058
-0.074
-0.081
-0.088
-0.094
-0.098
-0.101
-0.104
-0.106
-0.107
-0.108
-0.109
-0.109
-0.109
-0.109
-0.109
-0.109
-0.11
-0.11
-0.109
-0.108
-0.107
-0.105
-0.102
-0.099
-0.095
-0.09
-0.086
-0.082
-0.079
-0.076
-0.072
-0.065
-0.056
-0.05
-0.048
-0.047
-0.046
-0.045
-0.043
-0.041
-0.039
-0.038
-0.037
-0.036
-0.034
-0.032
-0.031
-0.028
-0.025
-0.022
-0.018
-0.013
-0.005
0.008
0.025
0.047
0.074
0.101
0.117
0.123
0.127
0.13
0.133
0.136
0.138
0.141
0.143
0.144
0.145
0.145
0.145
0.144
0.143
0.141
0.138
0.134
0.129
0.124
0.119
0.114
0.109
0.099
0.076
0.05
0.039
0.032
0.025
0.019
0.014
0.009
0.005
0.002
0.0
-0.002
-0.003
-0.003
-0.002
0.0
0.003
0.008
0.013
0.018
0.022
0.027
0.03
0.033
0.036
0.038
0.042
0.046
0.05
0.055
0.059
0.063
0.067
0.07
0.071
0.07
0.067
0.062
0.058
0.053
0.048
0.044
0.039
0.036
0.033
0.031
0.028
0.026
0.022
0.019
0.015
0.012
0.009
0.008
0.006
0.005
0.004
0.003
0.003
0.003
0.003
0.0
-0.003
-0.005
-0.002
0.006
0.017
0.03
0.048
0.055
0.057
0.06
0.065
0.068
0.062
0.046
0.031
0.014
0.004
0.0
-0.004
-0.007
-0.011
-0.015
-0.016
-0.013
-0.007
-0.001
0.002
0.005
0.008
0.012
0.017
0.022
0.026
0.03
0.031
0.031
0.03
0.028
0.024
0.02
0.015
0.009
0.002
-0.003
-0.008
-0.014
-0.021
-0.034
-0.048
-0.055
-0.053
-0.045
-0.035
-0.001
0.069
0.188
0.363
0.593
0.859
1.131
1.363
1.505
1.518
1.438
1.197
0.886
0.579
0.321
0.127
0.004
-0.034
-0.041
-0.046
-0.051
-0.055
-0.058
-0.06
-0.062
-0.064
-0.066
-0.068
-0.07
-0.07
-0.069
-0.069
-0.069
-0.068
-0.067
-0.067
-0.067
-0.067
-0.067
-0.068
-0.07
-0.072
-0.073
-0.075
-0.077
-0.079
-0.079
-0.079
-0.078
-0.077
-0.075
-0.074
-0.072
-0.07
-0.068
-0.066
-0.064
-0.062
-0.059
-0.056
-0.051
-0.046
-0.035
-0.023
-0.014
-0.005
0.003
0.011
0.02
0.027
0.034
0.04
0.045
0.053
0.065
0.084
0.104
0.116
0.123
0.129
0.133
0.137
0.141
0.143
0.145
0.147
0.149
0.151
0.155
0.16
0.165
0.164
0.156
0.143
0.129
0.11
0.097
0.089
0.083
0.077
0.07
0.063
0.056
0.046
0.029
-0.001
-0.018
-0.028
-0.034
-0.037
-0.036
-0.03
-0.023
-0.017
-0.013
-0.008
-0.002
0.001
0.004
0.004
0.0
-0.006
-0.014
-0.023
-0.034
-0.052
-0.062
-0.057
-0.045
-0.034
-0.021
-0.011
-0.004
0.002
0.01
0.014
0.007
-0.006
-0.017
-0.029
-0.038
-0.039
-0.033
-0.022
-0.01
0.003
0.008
0.01
0.012
0.014
0.014
0.008
0.006
0.005
0.004
0.002
0.001
0.0
0.0
0.0
0.0
0.0
0.0
0.001
0.003
0.006
0.008
0.009
0.011
0.013
0.015
0.02
0.025
0.024
0.014
0.003
-0.002
-0.006
-0.009
-0.012
-0.016
-0.02
-0.024
-0.029
-0.033
-0.036
-0.037
-0.039
-0.042
-0.044
-0.048
-0.055
-0.069
-0.073
-0.075
-0.078
-0.081
-0.081
-0.075
-0.064
-0.053
-0.037
-0.031
-0.028
-0.026
-0.023
-0.024
-0.041
-0.051
-0.059
-0.066
-0.071
-0.074
-0.071
-0.064
-0.055
-0.048
-0.043
-0.038
-0.033
-0.028
-0.023
-0.018
-0.015
-0.014
-0.013
-0.013
-0.013
-0.013
-0.014
-0.016
-0.018
-0.021
-0.023
-0.024
-0.025
-0.027
-0.032
-0.038
-0.039
-0.034
-0.025
-0.018
-0.009
-0.002
0.0
-0.001
-0.008
-0.015
-0.02
-0.025
-0.031
-0.035
-0.037
-0.036
-0.032
-0.027
-0.022
-0.019
-0.016
-0.013
-0.009
-0.005
-0.001
0.001
0.004
0.006
0.007
0.008
0.008
0.009
0.009
0.009
0.01
0.012
0.015
0.022
0.021
0.008
-0.011
-0.038
-0.058
-0.072
-0.072
-0.054
-0.006
0.092
0.23
0.411
0.627
0.855
1.064
1.238
1.359
1.402
1.35
1.206
0.992
0.735
0.467
0.23
0.055
-0.048
-0.095
-0.114
-0.127
-0.134
-0.139
-0.143
-0.145
-0.146
-0.146
-0.144
-0.141
-0.137
-0.133
-0.128
-0.119
-0.103
-0.092
-0.088
-0.086
-0.085
-0.085
-0.083
-0.081
-0.079
-0.077
-0.075
-0.074
-0.072
-0.071
-0.07
-0.069
-0.068
-0.068
-0.068
-0.067
-0.064
-0.06
-0.056
-0.053
-0.051
-0.052
-0.056
-0.06
-0.065
-0.071
-0.08
-0.088
-0.088
-0.081
-0.07
-0.061
-0.052
-0.044
-0.038
-0.032
-0.024
-0.013
0.003
0.023
0.043
0.062
0.074
0.086
0.098
0.115
0.128
0.14
0.145
0.143
0.14
0.137
0.133
0.132
0.137
0.142
0.148
0.147
0.132
0.119
0.109
0.099
0.09
0.082
0.073
0.061
0.055
0.057
0.063
0.068
0.076
0.073
0.05
0.03
0.014
0.002
-0.005
-0.01
-0.014
-0.017
-0.02
-0.022
-0.023
-0.024
-0.024
-0.022
-0.019
-0.015
-0.01
-0.005
0.0
0.003
0.009
0.014
0.018
0.021
0.024
0.025
0.026
0.026
0.026
0.025
0.024
0.022
0.02
0.018
0.016
0.014
0.012
0.012
0.013
0.016
0.021
0.028
0.041
0.061
0.074
0.083
0.083
0.07
0.05
0.025
0.005
-0.007
0.008
0.056
0.18
0.365
0.59
0.822
1.031
1.19
1.246
1.23
1.092
0.841
0.546
0.275
0.073
-0.058
-0.116
-0.137
-0.146
-0.139
-0.123
-0.095
-0.066
-0.053
-0.042
-0.043
-0.056
-0.063
-0.068
-0.071
-0.074
-0.077
-0.078
-0.078
-0.078
-0.077
-0.075
-0.071
-0.066
-0.06
-0.053
-0.041
-0.021
-0.013
-0.009
-0.005
-0.002
-0.001
-0.005
-0.014
-0.026
-0.038
-0.054
-0.063
-0.051
-0.03
-0.016
-0.006
0.002
0.01
0.016
0.02
0.024
0.027
0.03
0.034
0.039
0.045
0.052
0.067
0.082
0.09
0.098
0.106
0.113
0.119
0.123
0.126
0.128
0.128
0.128
0.127
0.124
0.12
0.114
0.108
0.102
0.091
0.07
0.052
0.035
0.017
-0.001
-0.013
-0.022
-0.03
-0.037
-0.042
-0.045
-0.048
-0.053
-0.063
-0.078
-0.097
-0.113
-0.118
-0.121
-0.123
-0.125
-0.127
-0.127
-0.128
-0.128
-0.128
-0.128
-0.128
-0.128
-0.128
-0.128
-0.127
-0.127
-0.128
-0.123
-0.114
-0.105
-0.096
-0.088
-0.08
-0.074
-0.068
-0.061
-0.055
-0.048
-0.042
-0.036
-0.032
-0.027
-0.024
-0.02
-0.017
-0.015
-0.015
-0.016
-0.018
-0.019
-0.021
-0.024
-0.029
-0.033
-0.03
-0.025
-0.02
-0.016
-0.013
-0.012
-0.015
-0.022
-0.029
-0.034
-0.039
-0.044
-0.048
-0.048
-0.046
-0.041
-0.034
-0.022
0.0
0.021
0.035
0.039
0.042
0.045
0.046
0.047
0.045
0.039
0.033
0.03
0.027
0.023
0.02
0.017
0.015
0.014
0.014
0.014
0.014
0.015
0.016
0.02
0.026
0.031
0.04
0.056
0.064
0.067
