0.037
0.04
0.044
0.048
0.052
0.057
0.06
0.063
0.065
0.068
0.072
0.083
0.102
0.111
0.114
0.117
0.119
0.122
0.126
0.13
0.133
0.136
0.14
0.147
0.157
0.163
0.165
0.167
0.17
0.171
0.169
0.164
0.159
0.153
0.153
0.158
0.164
0.17
0.158
0.139
0.117
0.099
0.086
0.072
0.052
0.037
0.031
0.026
0.037
0.049
0.059
0.06
0.048
0.03
0.01
-0.004
-0.016
-0.026
-0.034
-0.041
-0.044
-0.041
-0.033
-0.029
-0.025
-0.022
-0.019
-0.015
-0.012
-0.008
-0.003
0.001
0.007
0.013
0.017
0.018
0.015
0.012
0.008
0.005
0.0
-0.002
-0.002
0.001
0.007
0.012
0.019
0.024
0.025
0.019
0.012
0.008
0.004
0.001
-0.002
-0.005
-0.009
-0.013
-0.017
-0.021
-0.024
-0.026
-0.028
-0.03
-0.032
-0.035
-0.038
-0.04
-0.043
-0.045
-0.047
-0.049
-0.05
-0.05
-0.05
-0.05
-0.05
-0.051
-0.055
-0.057
-0.053
-0.046
-0.042
-0.039
-0.037
-0.035
-0.032
-0.03
-0.026
-0.023
-0.02
-0.017
-0.013
-0.01
-0.007
-0.001
0.003
0.005
0.002
-0.005
-0.017
-0.037
-0.065
-0.082
-0.094
-0.102
-0.109
-0.116
-0.123
-0.132
-0.141
-0.153
-0.167
-0.176
-0.182
-0.188
-0.191
-0.191
-0.186
-0.179
-0.174
-0.169
-0.163
-0.157
-0.152
-0.145
-0.119
-0.062
0.03
0.161
0.331
0.529
0.711
0.799
0.794
0.678
0.425
0.125
-0.14
-0.31
-0.366
-0.327
-0.244
-0.165
-0.133
-0.122
-0.123
-0.139
-0.163
-0.189
-0.204
-0.215
-0.215
-0.204
-0.187
-0.162
-0.147
-0.139
-0.132
-0.129
-0.129
-0.132
-0.135
-0.14
-0.147
-0.147
-0.136
-0.123
-0.11
-0.104
-0.101
-0.1
-0.099
-0.097
-0.095
-0.091
-0.088
-0.083
-0.078
-0.072
-0.065
-0.053
-0.044
-0.039
-0.035
-0.031
-0.028
-0.025
-0.021
-0.015
-0.008
-0.001
0.002
0.006
0.01
0.014
0.018
0.02
0.022
0.024
0.025
0.025
0.024
0.023
0.02
0.017
0.014
0.01
0.006
-0.002
-0.025
-0.045
-0.059
-0.066
-0.07
-0.073
-0.075
-0.077
-0.079
-0.082
-0.084
-0.086
-0.089
-0.092
-0.096
-0.101
-0.107
-0.109
-0.108
-0.104
-0.099
-0.097
-0.094
-0.092
-0.09
-0.088
-0.086
-0.083
-0.082
-0.08
-0.078
-0.077
-0.075
-0.073
-0.071
-0.069
-0.067
-0.064
-0.06
-0.054
-0.048
-0.043
-0.037
-0.031
-0.023
-0.017
-0.017
-0.024
-0.034
-0.042
-0.05
-0.057
-0.062
-0.064
-0.063
-0.063
-0.062
-0.061
-0.06
-0.058
-0.056
-0.055
-0.053
-0.051
-0.049
-0.047
-0.045
-0.042
-0.04
-0.038
-0.035
-0.032
-0.029
-0.027
-0.024
-0.02
-0.017
-0.015
-0.012
-0.01
-0.007
-0.005
-0.003
0.0
0.002
0.005
0.008
0.012
0.015
0.018
0.021
0.024
0.029
0.038
0.045
0.045
0.036
0.026
0.021
0.018
0.016
0.013
0.009
0.006
0.004
0.001
0.0
-0.001
-0.002
-0.004
-0.005
-0.006
-0.005
-0.004
-0.003
-0.002
-0.001
0.0
0.001
0.004
0.008
0.013
0.018
0.024
0.057
0.138
0.255
0.402
0.575
0.755
0.906
0.97
0.962
0.852
0.641
0.386
0.141
-0.033
-0.094
-0.114
-0.086
-0.037
-0.004
0.007
0.015
0.016
0.006
-0.002
-0.011
-0.016
-0.01
0.0
0.005
0.01
0.013
0.016
0.019
0.022
0.025
0.028
0.03
0.031
0.032
0.033
0.034
0.035
0.036
0.039
0.041
0.042
0.042
0.041
0.04
0.039
0.035
0.031
0.049
0.069
0.083
0.094
0.103
0.109
0.114
0.118
0.121
0.125
0.13
0.135
0.141
0.148
0.154
0.161
0.167
0.173
0.179
0.184
0.188
0.191
0.194
0.196
0.199
0.202
0.208
0.212
0.212
0.205
0.193
0.173
0.143
0.122
0.11
0.101
0.093
0.086
0.077
0.066
0.052
0.04
0.029
0.019
0.009
-0.001
-0.013
-0.013
0.002
0.026
0.048
0.06
0.068
0.068
0.053
0.037
0.019
0.007
0.0
-0.007
-0.011
-0.011
-0.007
0.0
0.005
0.012
0.017
0.014
0.007
0.001
-0.004
-0.008
-0.004
0.004
0.011
0.018
0.022
0.016
0.006
-0.001
-0.008
-0.014
-0.016
-0.014
-0.009
-0.003
0.001
0.008
0.013
0.016
0.014
0.01
0.005
0.0
-0.005
-0.008
-0.005
0.0
0.004
0.01
0.012
0.008
0.0
-0.005
-0.012
-0.017
-0.019
-0.017
-0.011
-0.004
0.009
0.024
0.032
0.038
0.038
0.031
0.025
0.02
0.017
0.017
0.023
0.031
0.043
0.056
0.06
0.065
0.07
0.058
0.038
0.02
0.013
0.01
0.008
0.006
0.004
0.003
0.0
-0.001
-0.003
-0.005
-0.008
-0.011
-0.014
-0.021
-0.024
-0.018
-0.007
0.003
0.013
0.024
0.032
0.042
0.055
0.069
0.106
0.174
0.293
0.458
0.65
0.824
0.902
0.896
0.788
0.57
0.311
0.078
-0.077
-0.128
-0.146
-0.131
-0.084
-0.044
-0.027
-0.017
-0.009
-0.01
-0.025
-0.05
-0.071
-0.078
-0.084
-0.087
-0.082
-0.071
-0.065
-0.061
-0.057
-0.053
-0.049
-0.044
-0.041
-0.037
-0.034
-0.03
-0.025
-0.014
-0.01
-0.008
-0.006
-0.006
-0.005
-0.005
-0.003
0.0
0.006
0.012
0.018
0.025
0.034
0.042
0.046
0.049
0.052
0.055
0.057
0.06
0.065
0.07
0.077
0.09
0.109
0.121
0.129
0.133
0.129
0.12
0.114
0.11
0.107
0.105
0.102
0.098
0.095
0.092
0.089
0.086
0.084
0.079
0.067
0.043
0.031
0.026
0.021
0.018
0.014
0.01
0.006
0.001
-0.001
-0.004
-0.006
-0.009
-0.012
-0.014
-0.017
-0.019
-0.022
-0.023
-0.025
-0.025
-0.024
-0.022
-0.02
-0.017
-0.013
-0.009
-0.005
0.002
0.015
0.02
0.023
0.024
0.025
0.026
0.027
0.028
0.028
0.029
0.028
0.027
0.027
0.026
0.026
0.026
0.027
0.028
0.023
0.013
0.01
0.008
0.007
0.005
0.004
0.003
0.002
0.001
0.001
0.0
0.0
0.0
0.0
0.0
0.0
-0.001
-0.003
-0.004
-0.005
-0.007
-0.008
-0.009
-0.011
-0.013
-0.016
-0.018
-0.021
-0.025
-0.029
-0.033
-0.037
-0.039
-0.04
-0.04
-0.038
-0.034
-0.03
-0.024
-0.016
-0.001
0.031
0.067
0.101
0.122
0.135
0.143
0.144
0.139
0.13
0.115
0.088
0.066
0.052
0.04
0.031
0.019
0.005
-0.013
-0.039
-0.067
-0.091
-0.116
-0.134
-0.146
-0.145
-0.136
-0.109
-0.061
0.0
0.073
0.157
0.25
0.343
0.411
0.434
0.409
0.333
0.183
0.007
-0.159
-0.273
-0.302
-0.298
-0.277
-0.264
-0.264
-0.274
-0.285
-0.295
-0.295
-0.277
-0.248
-0.225
-0.215
-0.209
-0.206
-0.206
-0.21
-0.215
-0.22
-0.226
-0.23
-0.223
-0.212
-0.207
-0.204
-0.201
-0.198
-0.196
-0.193
-0.191
-0.188
-0.185
-0.183
-0.181
-0.18
-0.179
-0.178
-0.176
-0.174
-0.171
-0.168
-0.164
-0.155
-0.145
-0.134
-0.114
-0.091
-0.081
-0.076
-0.073
-0.07
-0.068
-0.067
-0.065
-0.063
-0.062
-0.061
-0.06
-0.058
-0.056
-0.053
-0.047
-0.043
-0.043
-0.048
-0.056
-0.06
-0.063
-0.067
-0.071
-0.076
-0.081
-0.088
-0.095
-0.103
-0.116
-0.138
-0.159
-0.17
-0.176
-0.182
-0.187
-0.191
-0.195
-0.197
-0.198
-0.198
-0.196
-0.194
-0.192
-0.19
-0.186
-0.182
-0.177
-0.166
-0.142
-0.13
-0.123
-0.118
-0.113
-0.111
-0.11
-0.11
-0.11
-0.111
-0.113
-0.116
-0.12
-0.119
-0.109
-0.104
-0.101
-0.098
-0.095
-0.093
-0.09
-0.087
-0.083
-0.08
-0.076
-0.072
-0.069
-0.067
-0.065
-0.063
-0.061
-0.06
-0.058
-0.056
-0.055
-0.055
-0.053
-0.051
-0.048
-0.046
-0.043
-0.041
-0.038
-0.035
-0.032
-0.029
-0.026
-0.023
-0.02
-0.015
-0.005
0.005
0.013
0.015
0.013
0.009
0.006
0.002
-0.003
-0.008
-0.008
-0.002
0.005
0.009
0.013
0.017
0.02
0.022
0.024
0.025
0.026
0.026
0.024
0.02
0.017
0.013
0.008
0.004
-0.001
-0.009
-0.016
-0.021
-0.02
-0.012
0.0
0.013
0.027
0.043
0.058
0.067
0.076
0.092
0.123
0.19
0.289
0.421
0.569
0.691
0.745
0.7
0.556
0.347
0.126
-0.05
-0.133
-0.16
-0.139
-0.106
-0.063
-0.04
-0.03
-0.021
-0.015
-0.01
-0.006
-0.002
0.0
0.002
0.004
0.005
0.005
0.006
0.006
0.008
0.01
0.012
0.015
0.017
0.019
0.021
0.022
0.024
0.024
0.025
0.025
0.026
0.027
0.029
0.032
0.035
0.039
0.042
0.047
0.052
0.057
0.062
0.067
0.071
0.076
0.082
0.088
0.094
0.1
0.105
0.11
0.115
0.121
0.131
0.146
0.15
0.151
0.151
0.151
0.152
0.153
0.153
0.153
0.154
0.155
0.154
0.153
0.15
0.146
0.141
0.134
0.127
0.112
0.081
0.059
0.044
0.036
0.031
0.028
0.025
0.022
0.018
0.014
0.009
0.002
-0.008
-0.024
-0.03
-0.036
-0.041
-0.041
-0.035
-0.031
-0.027
-0.024
-0.022
-0.022
-0.023
-0.024
-0.027
-0.029
-0.032
-0.034
-0.031
-0.025
-0.02
-0.014
-0.009
-0.009
-0.013
-0.018
-0.025
-0.033
-0.032
-0.019
0.0
0.023
0.036
0.045
0.049
0.05
0.043
0.033
0.015
-0.01
-0.025
-0.036
-0.04
-0.034
-0.021
-0.014
-0.009
-0.003
0.0
0.003
0.005
0.006
0.006
0.007
0.007
0.008
0.009
0.01
0.011
0.012
0.013
0.014
0.015
0.016
0.019
0.022
0.025
0.028
0.031
0.035
0.039
0.042
0.044
0.043
0.04
0.037
0.033
0.03
0.027
0.022
0.017
0.012
0.005
-0.003
-0.021
-0.046
-0.057
-0.065
-0.07
-0.072
-0.07
-0.067
-0.062
-0.059
-0.057
-0.054
-0.05
-0.046
-0.042
-0.037
-0.029
0.0
0.071
0.173
0.299
0.436
0.568
0.657
0.662
0.6
0.437
0.234
0.033
-0.121
-0.184
-0.205
-0.189
-0.14
-0.097
-0.075
-0.065
-0.06
-0.057
-0.055
-0.053
-0.051
-0.049
-0.047
-0.045
-0.042
-0.038
-0.035
-0.038
-0.045
-0.05
-0.056
-0.061
-0.061
-0.055
-0.046
-0.034
-0.018
-0.012
-0.008
-0.006
-0.003
-0.001
0.001
0.005
0.009
0.013
0.017
0.022
0.03
0.037
0.04
0.043
0.045
0.047
0.049
0.053
0.057
0.063
0.071
0.086
0.108
0.116
0.121
0.124
0.127
0.13
0.131
0.132
0.134
0.135
0.135
0.134
0.133
0.132
0.13
0.128
0.125
0.122
0.118
0.108
0.088
0.077
0.072
0.068
0.064
0.058
0.053
0.046
0.039
0.03
0.017
0.01
0.007
0.003
0.0
0.0
0.012
0.019
0.024
0.029
0.034
0.036
0.035
0.033
0.03
0.027
0.024
0.018
0.015
0.017
0.019
0.02
0.021
0.022
0.023
0.023
0.024
0.025
0.026
0.028
0.03
0.032
0.035
0.038
0.044
0.047
0.044
0.038
0.033
0.027
0.024
0.027
0.033
0.037
0.042
0.046
0.046
0.043
0.036
0.025
0.004
-0.013
-0.026
-0.026
-0.018
-0.005
0.007
0.011
0.014
0.016
0.017
0.019
0.021
0.023
0.026
0.03
0.033
0.038
0.043
0.05
0.062
0.069
0.065
0.057
0.047
0.036
0.035
0.035
0.035
0.035
0.034
0.033
0.032
0.03
0.027
0.024
0.02
0.017
0.015
0.013
0.011
0.008
0.005
0.002
0.0
-0.002
-0.005
-0.008
-0.011
-0.014
-0.019
-0.026
-0.028
-0.024
-0.013
0.015
0.069
0.14
0.231
0.343
0.466
0.581
0.67
0.696
0.682
0.582
0.414
0.234
0.083
-0.025
-0.071
-0.086
-0.077
-0.071
-0.068
-0.066
-0.064
-0.063
-0.062
-0.062
-0.062
-0.063
-0.064
-0.065
-0.066
-0.07
-0.075
-0.079
-0.075
-0.064
-0.046
-0.031
-0.028
-0.026
-0.024
-0.022
-0.021
-0.02
-0.018
-0.018
-0.017
-0.017
-0.016
-0.015
-0.014
-0.014
-0.013
-0.011
-0.009
-0.007
-0.003
0.0
0.005
0.011
0.02
0.034
0.048
0.054
0.058
0.061
0.064
0.068
0.072
0.076
0.081
0.085
0.088
0.093
0.098
0.106
0.113
0.115
0.113
0.107
0.1
0.093
0.084
0.077
0.07
0.063
0.055
0.048
0.04
0.028
0.009
-0.008
-0.02
-0.025
-0.027
-0.029
-0.031
-0.032
-0.034
-0.037
-0.041
-0.047
-0.052
-0.057
-0.065
-0.072
-0.076
-0.073
-0.068
-0.061
-0.056
-0.05
-0.045
-0.045
-0.049
-0.053
-0.056
-0.061
-0.064
-0.063
-0.056
-0.047
-0.039
-0.03
-0.023
-0.023
-0.029
-0.037
-0.048
-0.061
-0.063
-0.065
-0.068
-0.069
-0.063
-0.053
-0.049
-0.046
-0.044
-0.042
-0.041
-0.04
-0.038
-0.038
-0.037
-0.037
-0.037
-0.037
-0.037
-0.036
-0.036
-0.036
-0.035
-0.035
-0.034
-0.033
-0.033
-0.032
-0.031
-0.029
-0.028
-0.026
-0.024
-0.02
-0.016
-0.012
-0.007
-0.003
0.0
0.003
0.007
0.011
0.016
0.022
0.028
0.032
0.033
0.031
0.028
0.026
0.024
0.022
0.02
0.019
0.017
0.015
0.013
0.012
0.01
0.008
0.005
0.002
-0.002
-0.012
-0.011
0.002
0.012
0.02
0.027
0.029
0.027
0.025
0.021
0.014
0.019
0.06
0.136
0.247
0.387
0.536
0.671
0.773
0.815
0.768
0.624
0.413
0.182
-0.007
-0.096
-0.125
-0.107
-0.053
-0.004
0.012
0.004
-0.02
-0.057
-0.075
-0.085
-0.092
-0.091
-0.077
-0.055
-0.038
-0.032
-0.028
-0.026
-0.029
-0.035
-0.039
-0.043
-0.046
-0.048
-0.045
-0.039
-0.03
-0.019
-0.004
0.005
0.009
0.012
0.014
0.015
0.016
0.018
0.019
0.02
0.022
0.024
0.025
0.027
0.028
0.03
0.033
0.036
0.041
0.048
0.063
0.079
0.092
0.102
0.11
0.115
0.119
0.122
0.124
0.127
0.129
0.13
0.13
0.13
0.129
0.126
0.123
0.117
0.111
0.097
0.069
0.05
0.04
0.033
0.027
0.021
0.016
0.011
0.005
0.0
-0.008
-0.017
-0.032
-0.059
-0.077
-0.088
-0.094
-0.095
-0.091
-0.086
-0.082
-0.079
-0.076
-0.074
-0.072
-0.07
-0.067
-0.064
-0.061
-0.059
-0.056
-0.053
-0.048
-0.043
-0.04
-0.041
-0.045
-0.051
-0.061
-0.075
-0.083
-0.088
-0.091
-0.089
-0.086
-0.084
-0.082
-0.08
-0.079
-0.077
-0.076
-0.073
-0.071
-0.068
-0.064
-0.06
-0.055
-0.046
-0.042
-0.045
-0.054
-0.067
-0.085
-0.095
-0.102
-0.105
-0.1
-0.089
-0.071
-0.054
-0.048
-0.043
-0.041
-0.045
-0.055
-0.063
-0.072
-0.076
-0.071
-0.061
-0.053
-0.045
-0.039
-0.038
-0.043
-0.05
-0.063
-0.082
-0.095
-0.103
-0.108
-0.108
-0.107
-0.104
-0.1
-0.095
-0.106
-0.119
-0.131
-0.137
-0.141
-0.145
-0.147
-0.146
-0.144
-0.14
-0.135
-0.129
-0.129
-0.14
-0.156
-0.173
-0.182
-0.189
-0.187
-0.173
-0.164
-0.158
-0.152
-0.147
-0.143
-0.139
-0.134
-0.111
-0.038
0.085
0.253
0.432
0.577
0.635
0.628
0.536
0.368
0.164
-0.029
-0.162
-0.203
-0.202
-0.158
-0.1
-0.048
-0.008
0.011
0.018
0.021
0.022
0.023
0.023
0.024
0.025
0.026
0.028
0.03
0.032
0.034
0.035
0.037
0.04
0.043
0.046
0.051
0.064
0.09
0.113
0.132
0.144
0.152
0.155
0.152
0.143
0.133
0.12
0.114
0.107
0.102
0.103
0.114
0.132
0.149
0.157
0.163
0.163
0.153
0.146
0.14
0.136
0.136
0.141
0.149
0.158
0.171
0.181
0.187
0.194
0.198
0.197
0.189
0.179
0.171
0.165
0.159
0.153
0.147
0.142
0.137
0.131
0.12
0.103
0.091
0.076
0.055
0.036
0.022
0.007
-0.005
-0.016
-0.026
-0.035
-0.047
-0.06
-0.075
-0.082
-0.087
-0.091
-0.095
-0.097
-0.099
-0.1
-0.1
-0.1
-0.1
-0.1
-0.1
-0.1
-0.101
-0.103
-0.107
-0.1
-0.095
-0.093
-0.091
-0.09
-0.088
-0.087
-0.086
-0.084
-0.082
-0.08
-0.079
-0.077
-0.075
-0.072
-0.064
-0.064
-0.071
-0.076
-0.08
-0.083
-0.085
-0.084
-0.081
-0.076
-0.072
-0.069
-0.067
-0.064
-0.061
-0.058
-0.056
-0.055
-0.055
-0.055
-0.056
-0.059
-0.062
-0.066
-0.071
-0.076
-0.081
-0.086
-0.094
-0.102
-0.105
-0.102
-0.096
-0.089
-0.083
-0.076
-0.07
-0.067
-0.067
-0.07
-0.075
-0.081
-0.088
-0.097
-0.102
-0.099
-0.094
-0.09
-0.085
-0.083
-0.088
-0.1
-0.114
-0.13
-0.139
-0.147
-0.154
-0.153
-0.139
-0.128
-0.117
-0.11
-0.11
-0.117
-0.126
-0.134
-0.143
-0.149
-0.149
-0.142
-0.132
-0.115
-0.093
-0.06
-0.019
0.034
0.106
0.197
0.3
0.398
0.454
0.473
0.45
0.378
0.247
0.104
-0.026
-0.123
-0.167
-0.182
-0.188
-0.183
-0.173
-0.158
-0.133
-0.102
-0.075
-0.059
-0.048
-0.042
-0.042
-0.047
-0.054
-0.061
-0.067
-0.073
-0.076
-0.073
-0.067
-0.061
-0.056
-0.052
-0.048
-0.044
-0.04
-0.035
-0.03
-0.025
-0.019
-0.015
-0.01
-0.006
-0.002
0.001
0.005
0.009
0.013
0.017
0.021
0.025
0.031
0.039
0.048
0.055
0.062
0.067
0.071
0.075
0.079
0.083
0.09
0.097
0.105
0.112
0.117
0.122
0.128
0.133
0.137
0.14
0.142
0.143
0.144
0.145
0.144
0.142
0.139
0.135
0.131
0.126
0.115
0.091
0.069
0.038
0.016
0.004
-0.003
-0.009
-0.015
-0.02
-0.024
-0.026
-0.028
-0.031
-0.033
-0.036
-0.036
-0.032
-0.023
-0.013
-0.005
-0.001
0.002
0.005
0.009
0.013
0.016
0.019
0.022
0.024
0.025
0.027
0.028
0.029
0.029
0.029
0.029
0.029
0.029
0.029
0.029
0.029
0.03
0.03
0.031
0.031
0.033
0.037
0.041
0.045
0.046
0.046
0.044
0.042
0.041
0.039
0.038
0.036
0.034
0.032
0.031
0.03
0.029
0.028
0.027
0.026
0.026
0.025
0.024
0.022
0.021
0.02
0.02
0.02
0.021
0.023
0.026
0.03
0.035
0.04
0.044
0.048
0.052
0.056
0.061
0.067
0.071
0.075
0.076
0.075
0.074
0.071
0.067
0.062
0.056
0.049
0.041
0.032
0.022
0.011
-0.002
-0.02
-0.027
-0.03
-0.032
-0.032
-0.033
-0.033
-0.034
-0.036
-0.037
-0.039
-0.04
-0.042
-0.044
-0.047
-0.05
-0.037
0.0
0.053
0.123
0.2
0.282
0.371
0.473
0.576
0.645
0.668
0.638
0.551
0.396
0.229
0.087
-0.009
-0.045
-0.051
-0.056
-0.061
-0.066
-0.071
-0.075
-0.078
-0.079
-0.079
-0.078
-0.077
-0.074
-0.071
-0.067
-0.063
-0.059
-0.055
-0.051
-0.047
-0.042
-0.033
-0.024
-0.017
-0.017
-0.021
-0.027
-0.033
-0.04
-0.05
-0.056
-0.048
-0.034
-0.025
-0.016
-0.008
-0.004
-0.004
-0.007
-0.011
-0.017
-0.023
-0.034
-0.034
-0.017
0.007
0.042
0.061
0.07
0.076
0.081
0.085
0.09
0.095
0.1
0.104
0.107
0.112
0.118
0.128
0.136
0.135
0.122
0.106
0.095
0.085
0.077
0.07
0.065
0.06
0.056
0.053
0.048
0.039
0.018
-0.007
-0.034
-0.058
-0.073
-0.076
-0.077
-0.078
-0.079
-0.08
-0.081
-0.081
-0.081
-0.081
-0.081
-0.081
-0.081
-0.079
-0.077
-0.075
-0.072
-0.07
-0.068
-0.065
-0.063
-0.061
-0.058
-0.055
-0.052
-0.05
-0.048
-0.046
-0.044
-0.041
-0.038
-0.033
-0.029
-0.028
-0.031
-0.035
-0.039
-0.043
-0.047
-0.048
-0.046
-0.043
-0.042
-0.04
-0.039
-0.037
-0.034
-0.032
-0.03
-0.027
-0.025
-0.023
-0.022
-0.02
-0.018
-0.014
-0.011
-0.008
-0.007
-0.008
-0.009
-0.01
-0.01
-0.01
-0.011
-0.012
-0.013
-0.013
-0.014
-0.014
-0.013
-0.012
-0.01
-0.007
-0.003
0.0
0.003
0.007
0.011
0.017
0.023
0.028
0.03
0.03
0.028
0.026
0.024
0.021
0.016
0.015
0.02
0.023
0.027
0.029
0.024
0.011
-0.008
-0.033
-0.045
-0.053
-0.058
-0.057
-0.051
-0.043
-0.037
-0.028
-0.022
-0.021
-0.025
-0.03
-0.042
-0.042
-0.014
0.042
0.126
0.238
0.368
0.505
0.638
0.754
0.803
0.796
0.71
0.539
0.345
0.161
0.028
-0.024
-0.043
-0.045
-0.042
-0.038
-0.034
-0.042
-0.05
-0.056
-0.059
-0.055
-0.043
-0.023
-0.003
0.003
0.005
0.007
0.009
0.011
0.013
0.016
0.019
0.022
0.026
0.029
0.033
0.036
0.039
0.042
0.045
0.049
0.053
0.056
0.06
0.065
0.07
0.075
0.082
0.089
0.093
0.093
0.093
0.093
0.092
0.091
0.089
0.091
0.106
0.124
0.142
0.15
0.155
0.157
0.159
0.161
0.163
0.166
0.169
0.172
0.175
0.179
0.183
0.189
0.194
0.194
0.187
0.177
0.16
0.138
0.119
0.1
0.084
0.072
0.06
0.044
0.026
0.009
-0.008
-0.023
-0.035
-0.042
-0.047
-0.05
-0.052
-0.054
-0.056
-0.058
-0.062
-0.065
-0.068
-0.069
-0.072
-0.074
-0.077
-0.079
-0.082
-0.084
-0.085
-0.086
-0.087
-0.086
-0.085
-0.082
-0.079
-0.076
-0.073
-0.068
-0.064
-0.057
-0.042
-0.038
-0.035
-0.032
-0.031
-0.034
-0.042
-0.052
-0.063
-0.066
-0.07
-0.074
-0.073
-0.062
-0.057
-0.055
-0.052
-0.048
-0.046
-0.044
-0.043
-0.041
-0.04
-0.04
-0.041
-0.041
-0.041
-0.042
-0.043
-0.044
-0.045
-0.046
-0.047
-0.047
-0.048
-0.048
-0.049
-0.05
-0.051
-0.052
-0.053
-0.053
-0.051
-0.049
-0.047
-0.044
-0.039
-0.034
-0.027
-0.013
-0.003
0.004
0.009
0.013
0.015
0.012
0.006
0.0
-0.005
-0.012
-0.019
-0.026
-0.033
-0.04
-0.045
-0.05
-0.055
-0.059
-0.062
-0.062
-0.06
-0.057
-0.052
-0.048
-0.042
-0.033
-0.028
-0.032
-0.041
-0.056
-0.072
-0.082
-0.088
-0.073
-0.031
0.056
0.178
0.328
0.488
0.634
0.734
0.745
0.7
0.552
0.355
0.152
-0.005
-0.099
-0.119
-0.111
-0.087
-0.074
-0.066
-0.066
-0.069
-0.072
-0.077
-0.082
-0.081
-0.067
-0.056
-0.048
-0.04
-0.036
-0.036
-0.037
-0.041
-0.044
-0.049
-0.056
-0.056
-0.046
-0.041
-0.038
-0.036
-0.034
-0.032
-0.029
-0.026
-0.024
-0.021
-0.019
-0.015
-0.01
0.001
0.019
0.024
0.027
0.03
0.031
0.03
0.028
0.025
0.021
0.016
0.018
0.03
0.05
0.072
0.084
0.09
0.095
0.102
0.11
0.117
0.123
0.129
0.134
0.138
0.14
0.14
0.138
0.135
0.131
0.125
0.113
0.09
0.077
0.07
0.064
0.057
0.051
0.045
0.037
0.027
