-0.083
-0.116
-0.14
-0.156
-0.155
-0.125
-0.043
0.125
0.336
0.552
0.735
0.814
0.807
0.695
0.493
0.274
0.093
-0.024
-0.079
-0.096
-0.107
-0.116
-0.123
-0.13
-0.136
-0.14
-0.141
-0.137
-0.132
-0.127
-0.124
-0.123
-0.121
-0.12
-0.118
-0.116
-0.114
-0.112
-0.111
-0.11
-0.109
-0.107
-0.106
-0.105
-0.104
-0.104
-0.102
-0.099
-0.096
-0.093
-0.089
-0.085
-0.08
-0.074
-0.063
-0.051
-0.043
-0.037
-0.032
-0.027
-0.023
-0.019
-0.016
-0.012
-0.009
-0.006
-0.001
0.003
0.009
0.015
0.021
0.027
0.036
0.046
0.053
0.059
0.063
0.068
0.074
0.081
0.087
0.087
0.081
0.072
0.06
0.045
0.028
0.005
-0.027
-0.054
-0.069
-0.082
-0.093
-0.102
-0.112
-0.123
-0.137
-0.153
-0.166
-0.177
-0.186
-0.195
-0.202
-0.209
-0.216
-0.224
-0.231
-0.239
-0.246
-0.254
-0.261
-0.269
-0.275
-0.279
-0.278
-0.272
-0.262
-0.251
-0.24
-0.226
-0.211
-0.196
-0.181
-0.169
-0.158
-0.148
-0.139
-0.132
-0.125
-0.119
-0.115
-0.111
-0.107
-0.104
-0.1
-0.098
-0.098
-0.099
-0.103
-0.108
-0.114
-0.12
-0.127
-0.134
-0.143
-0.153
-0.161
-0.167
-0.173
-0.177
-0.18
-0.184
-0.188
-0.191
-0.194
-0.196
-0.197
-0.198
-0.199
-0.198
-0.196
-0.193
-0.189
-0.183
-0.177
-0.171
-0.166
-0.16
-0.155
-0.15
-0.144
-0.138
-0.132
-0.127
-0.122
-0.117
-0.112
-0.107
-0.103
-0.099
-0.096
-0.094
-0.092
-0.091
-0.089
-0.088
-0.086
-0.085
-0.083
-0.081
-0.079
-0.076
-0.073
-0.07
-0.067
-0.065
-0.063
-0.061
-0.059
-0.055
-0.052
-0.047
-0.041
-0.035
-0.028
-0.021
-0.014
-0.008
-0.001
0.005
0.012
0.021
0.03
0.04
0.052
0.063
0.068
0.072
0.075
0.078
0.081
0.084
0.087
0.089
0.092
0.094
0.097
0.1
0.103
0.104
0.106
0.107
0.11
0.114
0.119
0.127
0.136
0.143
0.151
0.159
0.165
0.171
0.176
0.179
0.181
0.181
0.181
0.179
0.175
0.169
0.163
0.156
0.151
0.147
0.144
0.14
0.136
0.131
0.126
0.121
0.117
0.113
0.109
0.106
0.102
0.099
0.097
0.094
0.091
0.086
0.076
0.065
0.055
0.046
0.035
0.021
0.013
0.022
0.051
0.133
0.285
0.493
0.725
0.93
1.022
1.014
0.886
0.648
0.395
0.191
0.069
0.024
0.01
0.001
-0.004
-0.009
-0.016
-0.022
-0.026
-0.03
-0.034
-0.039
-0.042
-0.044
-0.044
-0.04
-0.035
-0.03
-0.025
-0.022
-0.019
-0.016
-0.012
-0.01
-0.007
-0.006
-0.004
-0.003
-0.001
0.0
0.003
0.005
0.006
0.008
0.01
0.012
0.015
0.018
0.021
0.026
0.032
0.039
0.054
0.069
0.079
0.087
0.1
0.118
0.138
0.153
0.163
0.173
0.183
0.194
0.205
0.217
0.228
0.24
0.25
0.259
0.267
0.273
0.279
0.285
0.29
0.294
0.296
0.296
0.294
0.29
0.285
0.279
0.273
0.265
0.25
0.234
0.215
0.185
0.146
0.116
0.094
0.073
0.047
0.014
-0.012
-0.03
-0.045
-0.051
-0.054
-0.057
-0.06
-0.063
-0.065
-0.066
-0.067
-0.067
-0.068
-0.068
-0.068
-0.067
-0.067
-0.068
-0.069
-0.07
-0.072
-0.074
-0.076
-0.078
-0.08
-0.081
-0.083
-0.084
-0.084
-0.084
-0.084
-0.084
-0.084
-0.085
-0.087
-0.089
-0.091
-0.092
-0.093
-0.094
-0.093
-0.09
-0.086
-0.08
-0.074
-0.067
-0.061
-0.055
-0.05
-0.045
-0.039
-0.035
-0.031
-0.029
-0.03
-0.031
-0.034
-0.036
-0.039
-0.041
-0.043
-0.045
-0.047
-0.048
-0.049
-0.049
-0.051
-0.054
-0.057
-0.06
-0.064
-0.066
-0.068
-0.068
-0.067
-0.065
-0.061
-0.056
-0.05
-0.044
-0.038
-0.033
-0.029
-0.026
-0.023
-0.021
-0.019
-0.017
-0.016
-0.015
-0.013
-0.012
-0.01
-0.009
-0.008
-0.008
-0.007
-0.007
-0.007
-0.008
-0.008
-0.009
-0.01
-0.01
-0.009
-0.009
-0.008
-0.009
-0.009
-0.009
-0.008
-0.007
-0.006
-0.005
-0.004
-0.002
0.0
0.002
0.005
0.007
0.008
0.007
0.005
0.002
0.0
-0.003
-0.006
-0.01
-0.014
-0.017
-0.02
-0.021
-0.02
-0.017
-0.012
-0.005
0.002
0.012
0.025
0.046
0.061
0.073
0.08
0.085
0.089
0.093
0.096
0.098
0.098
0.096
0.092
0.087
0.081
0.073
0.064
0.048
0.02
0.008
0.002
-0.001
-0.004
-0.007
-0.009
-0.011
-0.015
-0.018
-0.021
-0.024
-0.028
-0.033
-0.038
-0.048
-0.068
-0.084
-0.103
-0.118
-0.108
-0.076
0.025
0.188
0.398
0.618
0.801
0.879
0.868
0.735
0.494
0.237
0.02
-0.124
-0.163
-0.177
-0.174
-0.156
-0.147
-0.144
-0.142
-0.14
-0.138
-0.137
-0.136
-0.135
-0.133
-0.131
-0.131
-0.13
-0.129
-0.128
-0.126
-0.125
-0.124
-0.124
-0.123
-0.123
-0.122
-0.12
-0.117
-0.114
-0.11
-0.101
-0.079
-0.057
-0.036
-0.014
0.012
0.03
0.041
0.051
0.06
0.068
0.074
0.079
0.084
0.091
0.099
0.107
0.113
0.119
0.123
0.127
0.13
0.134
0.138
0.143
0.149
0.157
0.166
0.18
0.203
0.225
0.244
0.26
0.276
0.292
0.302
0.309
0.315
0.32
0.324
0.327
0.328
0.327
0.325
0.321
0.316
0.31
0.303
0.292
0.27
0.254
0.234
0.206
0.176
0.142
0.115
0.097
0.082
0.068
0.06
0.054
0.049
0.045
0.041
0.037
0.032
0.028
0.025
0.022
0.02
0.017
0.013
0.009
0.005
0.001
-0.002
-0.005
-0.009
-0.013
-0.017
-0.02
-0.022
-0.024
-0.025
-0.025
-0.026
-0.027
-0.028
-0.029
-0.03
-0.032
-0.033
-0.035
-0.037
-0.038
-0.038
-0.038
-0.039
-0.039
-0.04
-0.041
-0.042
-0.042
-0.043
-0.044
-0.046
-0.048
-0.05
-0.051
-0.052
-0.053
-0.054
-0.057
-0.059
-0.062
-0.065
-0.067
-0.069
-0.071
-0.073
-0.075
-0.077
-0.078
-0.079
-0.083
-0.087
-0.091
-0.093
-0.091
-0.087
-0.082
-0.078
-0.075
-0.073
-0.071
-0.068
-0.064
-0.061
-0.059
-0.057
-0.056
-0.055
-0.055
-0.056
-0.058
-0.061
-0.064
-0.067
-0.07
-0.072
-0.074
-0.075
-0.077
-0.078
-0.08
-0.081
-0.083
-0.086
-0.088
-0.09
-0.091
-0.091
-0.09
-0.089
-0.086
-0.082
-0.077
-0.072
-0.066
-0.061
-0.056
-0.053
-0.049
-0.044
-0.039
-0.033
-0.028
-0.023
-0.018
-0.013
-0.008
-0.004
0.0
0.003
0.006
0.01
0.014
0.018
0.022
0.026
0.029
0.032
0.035
0.038
0.04
0.041
0.04
0.039
0.037
0.036
0.035
0.034
0.034
0.033
0.032
0.032
0.03
0.029
0.028
0.026
0.024
0.023
0.021
0.019
0.017
0.014
0.01
0.007
0.005
0.003
0.0
-0.002
-0.006
-0.012
-0.022
-0.032
-0.033
-0.027
-0.014
0.023
0.142
0.316
0.514
0.686
0.768
0.766
0.675
0.481
0.247
0.03
-0.12
-0.165
-0.182
-0.182
-0.166
-0.153
-0.142
-0.133
-0.125
-0.118
-0.113
-0.109
-0.106
-0.101
-0.096
-0.09
-0.084
-0.077
-0.068
-0.056
-0.038
-0.023
-0.01
-0.001
0.004
0.01
0.016
0.021
0.025
0.029
0.032
0.034
0.037
0.039
0.041
0.042
0.043
0.042
0.042
0.042
0.041
0.041
0.04
0.038
0.037
0.035
0.035
0.034
0.034
0.032
0.029
0.026
0.024
0.025
0.03
0.036
0.043
0.049
0.056
0.063
0.071
0.079
0.086
0.093
0.1
0.109
0.122
0.131
0.136
0.139
0.142
0.147
0.149
0.142
0.126
0.107
0.085
0.068
0.046
0.018
-0.01
-0.04
-0.063
-0.082
-0.098
-0.114
-0.131
-0.153
-0.169
-0.18
-0.188
-0.197
-0.204
-0.211
-0.216
-0.221
-0.224
-0.228
-0.231
-0.236
-0.24
-0.243
-0.246
-0.25
-0.255
-0.263
-0.279
-0.31
-0.343
-0.365
-0.373
-0.379
-0.384
-0.387
-0.388
-0.383
-0.375
-0.368
-0.363
-0.36
-0.356
-0.351
-0.346
-0.341
-0.335
-0.33
-0.325
-0.321
-0.315
-0.311
-0.308
-0.306
-0.304
-0.302
-0.298
-0.294
-0.289
-0.284
-0.28
-0.277
-0.274
-0.271
-0.268
-0.265
-0.263
-0.262
-0.261
-0.258
-0.252
-0.245
-0.238
-0.23
-0.222
-0.214
-0.205
-0.196
-0.187
-0.179
-0.169
-0.157
-0.139
-0.12
-0.11
-0.104
-0.099
-0.096
-0.092
-0.088
-0.083
-0.078
-0.074
-0.069
-0.064
-0.056
-0.041
-0.032
-0.027
-0.024
-0.021
-0.02
-0.019
-0.018
-0.017
-0.015
-0.012
-0.01
-0.008
-0.006
-0.004
-0.001
0.001
0.005
0.009
0.015
0.021
0.028
0.036
0.043
0.05
0.057
0.063
0.07
0.077
0.082
0.085
0.088
0.089
0.091
0.093
0.095
0.097
0.1
0.103
0.105
0.108
0.112
0.117
0.124
0.134
0.152
0.171
0.18
0.186
0.192
0.197
0.202
0.205
0.208
0.209
0.209
0.209
0.209
0.207
0.204
0.2
0.196
0.193
0.19
0.187
0.183
0.178
0.172
0.167
0.164
0.163
0.162
0.161
0.161
0.161
0.161
0.163
0.164
0.157
0.141
0.114
0.088
0.074
0.066
0.097
0.187
0.337
0.528
0.727
0.897
0.968
0.957
0.821
0.593
0.357
0.169
0.08
0.047
0.045
0.061
0.067
0.07
0.071
0.073
0.075
0.076
0.077
0.078
0.08
0.082
0.083
0.084
0.083
0.083
0.083
0.084
0.086
0.087
0.089
0.09
0.093
0.095
0.098
0.099
0.101
0.102
0.103
0.106
0.108
0.112
0.116
0.121
0.127
0.132
0.138
0.142
0.146
0.149
0.153
0.158
0.163
0.17
0.177
0.188
0.198
0.209
0.22
0.231
0.24
0.246
0.251
0.256
0.26
0.265
0.272
0.279
0.288
0.297
0.308
0.323
0.337
0.349
0.358
0.367
0.374
0.377
0.374
0.368
0.359
0.344
0.317
0.294
0.277
0.256
0.229
0.192
0.159
0.134
0.109
0.084
0.06
0.039
0.022
0.006
-0.009
-0.027
-0.039
-0.05
-0.058
-0.063
-0.064
-0.065
-0.065
-0.064
-0.063
-0.062
-0.062
-0.062
-0.061
-0.061
-0.061
-0.06
-0.06
-0.06
-0.06
-0.059
-0.058
-0.057
-0.056
-0.055
-0.056
-0.056
-0.056
-0.057
-0.058
-0.061
-0.065
-0.069
-0.073
-0.077
-0.08
-0.081
-0.083
-0.085
-0.087
-0.088
-0.088
-0.088
-0.088
-0.087
-0.087
-0.086
-0.085
-0.084
-0.083
-0.082
-0.082
-0.081
-0.08
-0.078
-0.078
-0.077
-0.078
-0.08
-0.082
-0.083
-0.085
-0.086
-0.088
-0.09
-0.092
-0.094
-0.094
-0.094
-0.095
-0.095
-0.097
-0.098
-0.099
-0.1
-0.101
-0.101
-0.101
-0.101
-0.101
-0.099
-0.097
-0.095
-0.093
-0.092
-0.09
-0.088
-0.085
-0.082
-0.08
-0.077
-0.074
-0.071
-0.066
-0.06
-0.054
-0.048
-0.043
-0.039
-0.035
-0.032
-0.029
-0.026
-0.024
-0.024
-0.023
-0.022
-0.022
-0.021
-0.02
-0.02
-0.02
-0.021
-0.021
-0.021
-0.02
-0.019
-0.018
-0.017
-0.016
-0.015
-0.014
-0.012
-0.011
-0.009
-0.007
-0.005
-0.002
0.0
0.005
0.01
0.015
0.02
0.024
0.028
0.031
0.033
0.034
0.034
0.032
0.03
0.028
0.025
0.021
0.017
0.013
0.008
0.0
-0.019
-0.043
-0.056
-0.064
-0.07
-0.077
-0.082
-0.087
-0.092
-0.097
-0.1
-0.104
-0.107
-0.112
-0.116
-0.121
-0.126
-0.13
-0.135
-0.138
-0.14
-0.146
-0.155
-0.167
-0.151
-0.099
0.007
0.171
0.376
0.573
0.708
0.728
0.696
0.554
0.375
0.201
0.064
0.004
-0.005
-0.013
-0.021
-0.028
-0.034
-0.04
-0.044
-0.047
-0.049
-0.052
-0.053
-0.054
-0.053
-0.051
-0.049
-0.048
-0.046
-0.045
-0.044
-0.042
-0.04
-0.038
-0.036
-0.034
-0.033
-0.031
-0.028
-0.025
-0.02
-0.016
-0.011
-0.006
-0.001
0.003
0.009
0.015
0.021
0.028
0.034
0.042
0.05
0.059
0.068
0.076
0.084
0.091
0.099
0.106
0.111
0.116
0.119
0.123
0.126
0.13
0.134
0.138
0.142
0.146
0.15
0.155
0.159
0.164
0.168
0.174
0.184
0.195
0.203
0.209
0.215
0.222
0.23
0.238
0.241
0.239
0.232
0.221
0.202
0.172
0.146
0.117
0.086
0.054
0.028
0.008
-0.017
-0.036
-0.051
-0.062
-0.071
-0.078
-0.082
-0.085
-0.087
-0.09
-0.092
-0.094
-0.096
-0.098
-0.099
-0.099
-0.099
-0.1
-0.1
-0.101
-0.101
-0.101
-0.1
-0.1
-0.099
-0.098
-0.096
-0.095
-0.093
-0.091
-0.089
-0.088
-0.087
-0.086
-0.086
-0.084
-0.081
-0.077
-0.074
-0.075
-0.078
-0.083
-0.087
-0.089
-0.09
-0.093
-0.095
-0.097
-0.099
-0.102
-0.104
-0.105
-0.106
-0.107
-0.106
-0.105
-0.103
-0.1
-0.097
-0.093
-0.09
-0.086
-0.082
-0.078
-0.075
-0.071
-0.063
-0.054
-0.049
-0.046
-0.043
-0.039
-0.035
-0.031
-0.031
-0.039
-0.051
-0.062
-0.075
-0.087
-0.098
-0.108
-0.114
-0.119
-0.125
-0.13
-0.135
-0.138
-0.14
-0.14
-0.141
-0.141
-0.141
-0.14
-0.138
-0.136
-0.134
-0.132
-0.13
-0.129
-0.127
-0.124
-0.12
-0.117
-0.113
-0.11
-0.106
-0.102
-0.098
-0.094
-0.09
-0.088
-0.087
-0.086
-0.085
-0.083
-0.08
-0.078
-0.077
-0.075
-0.074
-0.072
-0.07
-0.067
-0.065
-0.064
-0.063
-0.063
-0.062
-0.06
-0.058
-0.057
-0.055
-0.052
-0.049
-0.045
-0.04
-0.035
-0.03
-0.026
-0.022
-0.018
-0.014
-0.01
-0.007
-0.004
-0.001
0.001
0.005
0.009
0.013
0.016
0.018
0.018
0.017
0.014
0.012
0.008
0.006
0.003
0.0
-0.002
-0.005
-0.009
-0.012
-0.014
-0.017
-0.019
-0.02
-0.019
-0.019
-0.017
-0.016
-0.013
-0.011
-0.006
-0.002
0.001
0.007
0.013
0.049
0.148
0.303
0.504
0.725
0.92
1.01
1.004
0.881
0.654
0.406
0.201
0.067
0.036
0.026
0.04
0.052
0.06
0.065
0.065
0.061
0.052
0.041
0.031
0.017
0.009
0.006
0.004
0.002
0.001
0.0
0.0
-0.001
-0.002
-0.001
0.0
0.003
0.005
0.007
0.008
0.009
0.01
0.012
0.013
0.015
0.016
0.017
0.019
0.021
0.023
0.025
0.028
0.03
0.033
0.037
0.042
0.05
0.06
0.068
0.077
0.086
0.096
0.107
0.119
0.132
0.144
0.157
0.172
0.187
0.202
0.215
0.227
0.239
0.251
0.262
0.271
0.279
0.286
0.292
0.296
0.298
0.3
0.302
0.305
0.309
0.313
0.313
0.308
0.299
0.286
0.263
0.238
0.215
0.193
0.17
0.148
0.124
0.101
0.078
0.056
0.037
0.019
0.0
-0.019
-0.035
-0.042
-0.046
-0.049
-0.048
-0.043
-0.037
-0.033
-0.03
-0.027
-0.024
-0.021
-0.02
-0.021
-0.023
-0.026
-0.029
-0.032
-0.035
-0.037
-0.039
-0.041
-0.043
-0.045
-0.046
-0.047
-0.047
-0.047
-0.046
-0.046
-0.045
-0.045
-0.045
-0.045
-0.044
-0.043
-0.04
-0.042
-0.056
-0.063
-0.067
-0.071
-0.074
-0.077
-0.078
-0.079
-0.08
-0.08
-0.079
-0.079
-0.078
-0.077
-0.076
-0.075
-0.074
-0.072
-0.071
-0.069
-0.068
-0.067
-0.068
-0.069
-0.071
-0.073
-0.075
-0.076
-0.078
-0.079
-0.081
-0.083
-0.084
-0.084
-0.084
-0.083
-0.082
-0.081
-0.08
-0.079
-0.078
-0.077
-0.076
-0.075
-0.075
-0.074
-0.073
-0.072
-0.07
-0.069
-0.068
-0.068
-0.067
-0.066
-0.065
-0.063
-0.062
-0.06
-0.056
-0.053
-0.054
-0.058
-0.064
-0.068
-0.072
-0.076
-0.079
-0.08
-0.077
-0.071
-0.064
-0.057
-0.053
-0.048
-0.042
-0.037
-0.032
-0.03
-0.029
-0.03
-0.032
-0.033
-0.035
-0.036
-0.039
-0.042
-0.045
-0.048
-0.049
-0.047
-0.04
-0.032
-0.023
-0.014
-0.003
0.006
0.015
0.021
0.025
0.03
0.038
0.049
0.059
0.066
0.07
0.074
0.076
0.076
0.074
0.069
0.061
0.052
0.042
0.028
0.017
0.008
0.0
-0.008
-0.014
-0.017
-0.02
-0.024
-0.028
-0.031
-0.025
-0.013
0.001
0.017
0.023
0.028
0.032
0.021
0.009
0.0
0.0
0.021
0.078
0.203
0.387
0.614
0.835
0.994
1.051
0.979
0.795
0.545
0.299
0.111
0.026
-0.002
0.01
0.051
0.084
0.096
0.096
0.083
0.073
0.065
0.058
0.055
0.058
0.061
0.064
0.066
0.068
0.07
0.072
0.073
0.073
0.073
0.072
0.071
0.071
0.07
0.069
0.067
0.065
0.064
0.064
0.065
0.068
0.07
0.072
0.073
0.075
0.078
0.08
0.081
0.083
0.084
0.086
0.087
0.089
0.09
0.092
0.093
0.095
0.099
0.108
0.129
0.153
0.174
0.187
0.195
0.204
0.216
0.228
0.237
0.244
0.252
0.259
0.266
0.273
0.279
0.285
0.291
0.297
0.302
0.304
0.304
0.301
0.296
0.289
0.28
0.262
0.229
0.203
0.182
0.162
0.136
0.105
0.073
0.044
0.022
0.005
-0.019
-0.037
-0.051
-0.061
-0.065
-0.067
-0.069
-0.07
-0.071
-0.072
-0.073
-0.074
-0.075
-0.076
-0.076
-0.074
-0.072
-0.069
-0.066
-0.062
-0.059
-0.055
-0.051
-0.048
-0.045
-0.042
-0.039
-0.035
-0.032
-0.028
-0.025
-0.023
-0.021
-0.019
-0.018
-0.016
-0.014
-0.012
-0.011
-0.01
-0.009
-0.008
-0.008
-0.008
-0.008
-0.008
-0.009
-0.009
-0.009
-0.01
-0.01
-0.01
-0.01
-0.01
-0.01
-0.011
-0.012
-0.014
-0.015
-0.016
-0.018
-0.02
-0.021
-0.022
-0.023
-0.024
-0.024
-0.023
-0.023
-0.023
-0.024
-0.025
-0.026
-0.029
-0.031
-0.034
-0.036
-0.037
-0.038
-0.037
-0.036
-0.033
-0.03
-0.027
-0.023
-0.019
-0.016
-0.014
-0.012
-0.01
-0.008
-0.006
-0.003
0.0
0.002
0.004
0.006
0.006
0.006
0.005
0.002
0.0
-0.005
-0.011
-0.016
-0.022
-0.027
-0.036
-0.045
-0.053
-0.058
-0.063
-0.068
-0.073
-0.076
-0.08
-0.085
-0.09
-0.097
-0.104
-0.11
-0.116
-0.122
-0.127
-0.132
-0.135
-0.137
-0.139
-0.14
-0.141
-0.144
-0.146
-0.15
-0.151
-0.146
-0.134
-0.117
-0.092
-0.064
-0.037
-0.01
0.019
0.036
0.044
0.051
0.055
0.057
0.057
0.056
0.053
0.048
0.041
0.034
0.024
0.007
-0.005
-0.011
-0.015
-0.019
-0.022
-0.024
-0.027
-0.03
-0.034
-0.036
-0.038
-0.04
-0.042
-0.046
-0.055
-0.079
-0.103
-0.118
-0.119
-0.11
-0.088
-0.006
0.113
0.267
0.442
0.604
0.673
0.662
0.533
0.307
0.06
-0.146
-0.257
-0.293
-0.275
-0.263
-0.256
-0.25
-0.247
-0.244
-0.243
-0.243
-0.245
-0.248
-0.251
-0.254
-0.258
-0.268
-0.292
-0.321
-0.354
-0.374
-0.384
-0.391
-0.396
-0.398
-0.396
-0.39
-0.381
-0.372
-0.362
-0.351
-0.34
-0.332
-0.326
-0.319
-0.311
-0.302
-0.29
-0.275
-0.262
-0.25
-0.239
-0.228
-0.215
-0.201
-0.185
-0.172
-0.161
-0.15
-0.138
-0.126
-0.11
-0.097
-0.085
-0.073
-0.064
-0.055
-0.043
-0.027
-0.011
0.004
0.021
0.043
0.066
0.088
0.105
0.118
0.13
0.142
0.153
0.167
0.184
0.2
0.211
0.22
0.226
0.225
0.215
0.2
0.176
0.138
0.1
0.054
0.025
0.01
-0.001
-0.009
-0.013
-0.016
-0.018
-0.019
-0.019
-0.019
-0.019
-0.02
-0.022
-0.023
-0.023
-0.02
-0.014
-0.007
0.0
0.005
0.01
0.016
0.022
0.028
0.033
0.037
0.041
0.045
0.048
0.052
0.055
0.06
0.065
0.071
0.075
0.077
0.076
0.071
0.063
0.054
0.043
0.028
0.012
-0.003
-0.013
-0.022
-0.029
-0.035
-0.041
-0.046
-0.053
-0.06
-0.068
-0.076
-0.083
-0.087
-0.092
-0.097
-0.102
-0.108
-0.113
-0.118
-0.122
-0.124
-0.126
-0.127
-0.127
-0.125
-0.122
-0.118
-0.113
-0.108
-0.104
-0.1
-0.097
-0.094
-0.09
-0.087
-0.084
-0.08
-0.076
-0.071
-0.066
-0.061
-0.055
-0.05
-0.046
-0.042
-0.039
-0.036
-0.033
-0.03
-0.027
-0.024
-0.021
-0.019
-0.016
-0.013
-0.01
-0.006
-0.002
0.0
0.002
0.004
0.006
0.008
0.011
0.014
0.016
0.019
0.023
0.029
0.039
0.05
0.059
0.067
0.073
0.077
0.08
0.083
0.085
0.087
0.088
0.089
0.091
0.093
0.096
0.098
0.101
0.104
0.108
0.112
0.117
0.121
0.124
0.127
0.13
0.133
0.137
0.14
0.143
0.146
0.149
0.152
0.155
0.158
0.16
0.161
0.161
0.16
0.158
0.156
0.153
0.151
0.148
0.146
0.144
0.143
0.143
0.143
0.143
0.142
0.141
0.14
0.138
0.136
0.133
0.129
0.125
0.122
0.118
0.115
0.111
0.106
0.1
0.088
0.064
0.053
0.039
0.027
0.046
0.1
0.194
0.323
0.488
0.683
0.876
1.012
1.027
0.967
0.776
0.546
0.338
0.194
0.154
0.159
0.188
0.206
0.204
0.178
0.145
0.115
0.11
0.107
0.104
0.101
0.102
0.108
0.113
0.114
0.114
0.116
0.117
0.119
0.121
0.123
0.124
0.125
0.125
0.125
0.125
0.124
0.122
0.121
0.12
0.12
0.122
0.123
0.125
0.126
0.127
0.129
0.131
0.133
0.135
0.136
0.138
0.141
0.144
0.147
0.151
0.155
0.161
0.176
0.189
0.196
0.202
0.206
0.211
0.216
0.218
0.218
0.215
0.211
0.208
0.206
0.205
0.205
0.204
0.202
0.2
0.197
0.194
0.19
0.186
0.183
0.179
0.175
0.171
0.165
0.157
0.14
0.105
0.077
0.05
0.021
-0.01
-0.035
-0.055
-0.073
-0.091
-0.106
-0.112
-0.115
-0.118
-0.121
-0.123
-0.126
-0.128
-0.13
-0.132
-0.134
-0.137
-0.139
-0.14
-0.141
-0.141
-0.141
-0.14
-0.139
-0.137
-0.136
-0.134
-0.132
-0.13
-0.128
-0.126
-0.123
-0.119
-0.115
-0.111
-0.107
-0.103
-0.099
-0.095
-0.092
-0.089
-0.087
-0.085
-0.082
-0.08
-0.077
-0.074
-0.07
-0.067
-0.065
-0.062
-0.06
-0.058
-0.056
-0.056
-0.055
-0.055
-0.055
-0.055
-0.055
-0.055
-0.055
-0.055
-0.055
-0.055
-0.055
-0.055
-0.054
-0.054
-0.053
-0.053
-0.052
-0.052
-0.052
-0.052
-0.052
-0.052
-0.052
-0.053
-0.054
-0.055
-0.055
-0.054
-0.053
-0.052
-0.051
-0.05
-0.048
-0.047
-0.046
-0.044
-0.043
-0.043
-0.041
-0.04
-0.038
-0.034
-0.03
-0.027
-0.023
-0.019
-0.015
-0.011
-0.008
-0.006
-0.003
-0.001
0.0
0.002
0.004
0.006
0.007
0.008
0.009
0.009
0.009
0.009
0.008
0.007
0.005
0.004
0.002
0.001
0.0
-0.002
-0.003
-0.005
-0.006
-0.007
-0.009
-0.011
-0.012
-0.014
-0.015
-0.016
-0.017
-0.018
-0.019
-0.02
-0.02
-0.021
-0.021
-0.022
-0.023
-0.024
-0.025
-0.026
-0.027
-0.028
-0.03
-0.031
-0.034
-0.036
-0.039
-0.042
-0.045
-0.052
-0.062
-0.072
-0.08
-0.09
-0.099
-0.107
-0.114
-0.12
-0.126
-0.132
-0.137
-0.142
-0.147
-0.152
-0.156
-0.16
-0.163
-0.166
-0.17
-0.174
-0.179
-0.188
-0.197
-0.197
-0.186
-0.164
-0.1
0.024
0.195
0.393
0.59
0.707
0.746
0.701
0.567
0.373
0.181
0.028
-0.042
-0.057
-0.069
-0.08
-0.089
-0.097
-0.104
-0.108
-0.109
-0.109
-0.107
-0.104
-0.098
-0.09
-0.081
-0.074
-0.067
-0.061
-0.057
-0.054
-0.051
-0.048
-0.045
-0.041
-0.036
-0.031
-0.025
-0.019
-0.014
-0.009
-0.006
-0.004
-0.002
-0.002
-0.002
-0.001
0.0
0.0
0.003
0.007
0.011
0.016
0.023
0.03
0.039
0.049
0.06
0.07
0.079
0.088
0.096
0.105
0.114
0.122
0.129
0.137
0.145
0.153
0.161
0.169
0.177
0.184
0.19
0.195
0.198
0.201
0.202
0.203
0.205
0.206
0.209
0.213
0.216
0.218
0.214
0.205
0.192
0.172
0.14
0.11
0.077
0.05
0.028
0.006
-0.009
-0.02
-0.03
-0.04
-0.05
-0.061
-0.07
-0.081
-0.09
-0.096
-0.099
-0.101
-0.102
-0.103
-0.103
-0.103
-0.104
-0.104
-0.105
-0.105
-0.106
-0.106
-0.107
-0.107
-0.107
-0.106
-0.106
-0.106
-0.106
-0.106
-0.106
-0.106
-0.106
-0.106
-0.105
-0.105
-0.105
-0.105
-0.104
-0.103
-0.102
-0.101
-0.1
-0.099
-0.099
-0.098
-0.098
-0.097
-0.097
-0.097
-0.097
-0.098
-0.098
-0.098
-0.097
-0.097
-0.098
-0.098
-0.099
-0.098
-0.098
-0.097
-0.096
-0.096
-0.095
-0.095
-0.094
-0.093
-0.092
-0.09
-0.089
-0.088
-0.087
-0.084
-0.08
-0.077
-0.073
-0.07
-0.066
-0.062
-0.059
-0.056
-0.054
-0.053
-0.053
-0.053
-0.052
-0.052
-0.051
-0.05
-0.05
-0.049
-0.047
-0.045
-0.041
-0.038
-0.036
-0.035
-0.034
-0.032
-0.031
-0.03
-0.029
-0.028
-0.028
-0.028
-0.027
-0.026
-0.024
-0.022
-0.02
-0.019
-0.018
-0.016
-0.015
-0.014
-0.014
-0.014
-0.014
-0.014
-0.015
-0.014
-0.014
-0.014
-0.014
-0.013
-0.013
-0.012
-0.011
-0.011
-0.01
-0.009
-0.009
-0.008
-0.007
-0.006
-0.004
-0.003
-0.001
0.0
0.003
0.007
0.012
0.021
0.032
0.043
0.052
0.061
0.069
0.076
0.084
0.091
0.096
0.1
0.101
0.099
0.093
