0.117
0.117
0.118
0.118
0.119
0.119
0.12
0.12
0.121
0.122
0.123
0.124
0.126
0.127
0.129
0.13
0.131
0.132
0.137
0.143
0.149
0.159
0.169
0.173
0.177
0.176
0.164
0.146
0.128
0.112
0.097
0.087
0.081
0.078
0.077
0.08
0.085
0.092
0.1
0.092
0.078
0.062
0.045
0.031
0.024
0.021
0.019
0.017
0.014
0.012
0.009
0.005
-0.01
-0.038
-0.066
-0.098
-0.117
-0.113
-0.07
0.027
0.169
0.331
0.468
0.522
0.47
0.337
0.178
0.046
-0.039
-0.076
-0.09
-0.093
-0.097
-0.101
-0.093
-0.079
-0.062
-0.042
-0.029
-0.023
-0.019
-0.02
-0.028
-0.041
-0.051
-0.054
-0.056
-0.057
-0.057
-0.055
-0.051
-0.047
-0.042
-0.036
-0.03
-0.024
-0.015
0.0
0.012
0.02
0.023
0.019
0.011
0.0
-0.016
-0.029
-0.042
-0.055
-0.066
-0.074
-0.079
-0.078
-0.067
-0.051
-0.034
-0.024
-0.018
-0.012
-0.006
0.0
0.009
0.014
0.018
0.022
0.012
0.002
-0.004
-0.009
-0.013
-0.015
-0.017
-0.02
-0.022
-0.022
-0.018
-0.012
-0.006
0.001
0.005
0.008
0.011
0.013
0.015
0.016
0.015
0.012
0.007
-0.002
-0.017
-0.031
-0.045
-0.058
-0.067
-0.072
-0.075
-0.072
-0.07
-0.067
-0.066
-0.066
-0.071
-0.076
-0.08
-0.085
-0.089
-0.09
-0.089
-0.086
-0.082
-0.078
-0.073
-0.068
-0.066
-0.064
-0.061
-0.059
-0.056
-0.05
-0.042
-0.031
-0.02
-0.015
-0.012
-0.01
-0.007
-0.006
-0.007
-0.01
-0.014
-0.018
-0.021
-0.025
-0.028
-0.031
-0.032
-0.032
-0.032
-0.031
-0.031
-0.031
-0.032
-0.032
-0.031
-0.03
-0.026
-0.023
-0.021
-0.019
-0.017
-0.015
-0.014
-0.014
-0.016
-0.018
-0.02
-0.022
-0.023
-0.025
-0.027
-0.029
-0.03
-0.029
-0.027
-0.025
-0.022
-0.018
-0.016
-0.012
-0.008
-0.004
-0.002
0.0
0.002
0.007
0.012
0.004
-0.007
-0.022
-0.032
-0.039
-0.043
-0.045
-0.046
-0.049
-0.052
-0.044
-0.029
-0.013
-0.001
0.007
0.007
0.0
-0.004
-0.007
-0.009
-0.012
-0.015
-0.019
-0.022
-0.023
-0.025
-0.026
-0.027
-0.028
-0.029
-0.03
-0.032
-0.033
-0.035
-0.036
-0.037
-0.038
-0.038
-0.039
-0.04
-0.041
-0.042
-0.044
-0.048
-0.051
-0.051
-0.047
-0.042
-0.036
-0.029
-0.022
-0.014
-0.003
0.014
0.034
0.051
0.061
0.069
0.08
0.089
0.095
0.1
0.1
0.097
0.092
0.086
0.077
0.07
0.061
0.048
0.031
0.018
0.01
0.006
0.0
-0.007
-0.015
-0.025
-0.034
-0.041
-0.049
-0.058
-0.07
-0.084
-0.095
-0.103
-0.111
-0.119
-0.126
-0.126
-0.114
-0.084
-0.015
0.084
0.206
0.327
0.422
0.459
0.426
0.33
0.192
0.047
-0.07
-0.141
-0.177
-0.196
-0.202
-0.197
-0.181
-0.156
-0.147
-0.14
-0.141
-0.159
-0.181
-0.19
-0.195
-0.198
-0.197
-0.189
-0.178
-0.162
-0.15
-0.144
-0.14
-0.135
-0.131
-0.127
-0.123
-0.117
-0.112
-0.109
-0.106
-0.101
-0.091
-0.077
-0.065
-0.057
-0.051
-0.044
-0.039
-0.036
-0.033
-0.032
-0.032
-0.034
-0.036
-0.04
-0.044
-0.044
-0.036
-0.032
-0.029
-0.026
-0.024
-0.023
-0.022
-0.021
-0.021
-0.021
-0.022
-0.023
-0.025
-0.027
-0.018
-0.011
-0.008
-0.006
-0.005
-0.003
0.0
0.001
0.003
0.005
0.007
0.011
0.017
0.031
0.043
0.052
0.059
0.062
0.065
0.067
0.068
0.069
0.069
0.067
0.064
0.061
0.058
0.056
0.054
0.053
0.051
0.05
0.048
0.046
0.045
0.043
0.042
0.041
0.04
0.039
0.039
0.039
0.039
0.04
0.04
0.041
0.042
0.042
0.042
0.042
0.042
0.042
0.043
0.044
0.045
0.046
0.048
0.049
0.051
0.052
0.054
0.057
0.066
0.072
0.076
0.081
0.079
0.067
0.055
0.043
0.038
0.036
0.033
0.03
0.031
0.04
0.055
0.07
0.076
0.079
0.081
0.084
0.087
0.09
0.094
0.098
0.108
0.124
0.137
0.147
0.153
0.158
0.161
0.164
0.164
0.161
0.157
0.155
0.153
0.15
0.148
0.145
0.142
0.138
0.133
0.123
0.106
0.092
0.081
0.066
0.057
0.05
0.044
0.04
0.038
0.036
0.035
0.034
0.032
0.029
0.028
0.031
0.039
0.05
0.072
0.116
0.192
0.295
0.408
0.504
0.541
0.488
0.357
0.183
0.005
-0.138
-0.209
-0.219
-0.201
-0.169
-0.141
-0.114
-0.087
-0.073
-0.062
-0.054
-0.044
-0.029
-0.017
-0.014
-0.012
-0.01
-0.01
-0.013
-0.021
-0.03
-0.038
-0.046
-0.053
-0.058
-0.062
-0.066
-0.073
-0.081
-0.085
-0.089
-0.093
-0.089
-0.087
-0.084
-0.082
-0.081
-0.081
-0.082
-0.084
-0.088
-0.091
-0.094
-0.097
-0.1
-0.104
-0.107
-0.109
-0.109
-0.107
-0.103
-0.098
-0.094
-0.089
-0.082
-0.075
-0.07
-0.065
-0.06
-0.055
-0.05
-0.045
-0.04
-0.036
-0.032
-0.029
-0.025
-0.022
-0.02
-0.02
-0.024
-0.029
-0.035
-0.042
-0.052
-0.061
-0.07
-0.08
-0.091
-0.106
-0.118
-0.126
-0.134
-0.143
-0.15
-0.157
-0.164
-0.169
-0.168
-0.163
-0.155
-0.146
-0.133
-0.122
-0.107
-0.083
-0.07
-0.066
-0.062
-0.058
-0.055
-0.053
-0.051
-0.05
-0.049
-0.049
-0.049
-0.048
-0.047
-0.047
-0.047
-0.048
-0.048
-0.048
-0.047
-0.046
-0.046
-0.045
-0.044
-0.043
-0.039
-0.036
-0.031
-0.022
-0.012
-0.002
0.008
0.018
0.026
0.033
0.043
0.055
0.07
0.078
0.084
0.089
0.092
0.094
0.094
0.093
0.091
0.088
0.085
0.08
0.071
0.052
0.042
0.037
0.034
0.032
0.029
0.026
0.023
0.019
0.016
0.013
0.009
0.006
0.001
-0.008
-0.014
-0.01
-0.001
0.024
0.088
0.19
0.313
0.43
0.496
0.497
0.436
0.296
0.132
-0.002
-0.057
-0.073
-0.083
-0.087
-0.087
-0.084
-0.078
-0.071
-0.056
-0.031
-0.01
0.003
0.01
0.015
0.019
0.021
0.02
0.016
0.01
0.007
0.004
0.001
0.0
-0.002
-0.003
-0.003
-0.002
0.0
0.003
0.008
0.014
0.024
0.042
0.058
0.067
0.074
0.079
0.083
0.086
0.087
0.088
0.088
0.088
0.089
0.089
0.09
0.091
0.092
0.09
0.084
0.076
0.072
0.07
0.068
0.066
0.065
0.064
0.063
0.062
0.061
0.061
0.06
0.06
0.059
0.058
0.057
0.056
0.055
0.054
0.052
0.051
0.048
0.046
0.044
0.041
0.038
0.03
0.022
0.016
0.012
0.011
0.009
0.008
0.006
0.005
0.004
0.004
0.004
0.004
0.004
0.003
0.003
0.003
0.004
0.004
0.005
0.005
0.005
0.006
0.006
0.007
0.007
0.007
0.006
0.006
0.006
0.005
0.005
0.005
0.005
0.003
0.002
0.001
0.001
0.001
0.001
0.001
0.001
0.0
0.0
0.0
0.0
0.0
-0.002
-0.003
-0.004
-0.003
-0.001
0.002
0.008
0.014
0.022
0.034
0.044
0.052
0.057
0.061
0.065
0.067
0.068
0.066
0.064
0.06
0.054
0.045
0.028
0.011
-0.005
-0.02
-0.03
-0.036
-0.039
-0.041
-0.043
-0.045
-0.047
-0.047
-0.048
-0.048
-0.048
-0.047
-0.046
-0.042
-0.039
-0.035
-0.031
-0.022
0.001
0.052
0.143
0.268
0.397
0.488
0.499
0.46
0.324
0.164
0.034
-0.026
-0.045
-0.054
-0.058
-0.06
-0.074
-0.114
-0.141
-0.149
-0.14
-0.112
-0.079
-0.065
-0.059
-0.056
-0.055
-0.054
-0.054
-0.053
-0.053
-0.053
-0.053
-0.054
-0.056
-0.059
-0.062
-0.065
-0.069
-0.076
-0.08
-0.075
-0.065
-0.056
-0.047
-0.04
-0.038
-0.037
-0.036
-0.034
-0.032
-0.031
-0.033
-0.035
-0.038
-0.036
-0.024
-0.019
-0.016
-0.013
-0.011
-0.009
-0.007
-0.005
-0.003
-0.002
-0.001
-0.001
-0.001
-0.002
-0.003
-0.005
-0.006
-0.008
-0.01
-0.012
-0.014
-0.015
-0.015
-0.016
-0.017
-0.019
-0.021
-0.022
-0.021
-0.02
-0.017
-0.014
-0.011
-0.008
-0.004
0.0
0.003
0.003
0.001
-0.001
-0.005
-0.011
-0.019
-0.021
-0.023
-0.025
-0.026
-0.02
-0.014
-0.007
-0.001
0.002
0.007
0.006
-0.002
-0.008
-0.011
-0.015
-0.018
-0.02
-0.02
-0.019
-0.018
-0.016
-0.013
-0.01
-0.004
-0.004
-0.008
-0.012
-0.016
-0.016
-0.008
0.002
0.016
0.029
0.045
0.065
0.075
0.076
0.078
0.079
0.08
0.08
0.08
0.079
0.076
0.072
0.068
0.064
0.058
0.052
0.046
0.04
0.028
0.012
0.004
0.0
-0.004
-0.007
-0.007
-0.005
-0.001
0.003
0.009
0.018
0.025
0.03
0.034
0.041
0.054
0.09
0.181
0.3
0.42
0.505
0.527
0.468
0.345
0.2
0.075
-0.003
-0.026
-0.039
-0.056
-0.079
-0.087
-0.087
-0.08
-0.061
-0.037
-0.026
-0.021
-0.017
-0.015
-0.02
-0.029
-0.036
-0.042
-0.047
-0.052
-0.055
-0.058
-0.061
-0.065
-0.068
-0.072
-0.075
-0.078
-0.082
-0.088
-0.087
-0.079
-0.066
-0.052
-0.039
-0.027
-0.019
-0.013
-0.011
-0.014
-0.02
-0.031
-0.04
-0.043
-0.045
-0.039
-0.033
-0.028
-0.023
-0.018
-0.003
0.019
0.044
0.068
0.085
0.105
0.125
0.141
0.152
0.153
0.148
0.134
0.106
0.076
0.051
0.037
0.029
0.024
0.021
0.021
0.025
0.032
0.04
0.05
0.056
0.064
0.075
0.09
0.098
0.102
0.104
0.096
0.083
0.069
0.057
0.043
0.029
0.013
-0.003
-0.013
-0.017
-0.02
-0.018
-0.011
-0.007
-0.004
-0.001
0.001
0.002
0.002
0.0
-0.002
-0.006
-0.011
-0.017
-0.028
-0.029
-0.025
-0.023
-0.022
-0.021
-0.019
-0.019
-0.018
-0.018
-0.019
-0.019
-0.019
-0.019
-0.02
-0.021
-0.022
-0.024
-0.025
-0.026
-0.027
-0.028
-0.029
-0.03
-0.031
-0.03
-0.029
-0.026
-0.024
-0.021
-0.017
-0.011
-0.006
-0.002
0.001
0.004
0.007
0.009
0.011
0.011
0.01
0.007
0.003
-0.001
-0.004
-0.008
-0.012
-0.014
-0.016
-0.015
-0.013
-0.01
-0.006
0.0
0.009
0.014
0.016
0.018
0.02
0.021
0.022
0.024
0.025
0.026
0.028
0.029
0.031
0.035
0.034
0.025
0.013
-0.003
-0.02
-0.032
-0.038
-0.042
-0.044
-0.041
-0.033
-0.021
-0.005
0.005
0.013
0.013
0.005
-0.005
-0.018
-0.025
-0.03
-0.032
-0.029
-0.024
-0.021
-0.019
-0.017
-0.016
-0.015
-0.012
-0.01
-0.008
-0.006
-0.004
-0.001
0.002
0.007
0.012
0.012
0.007
0.0
-0.003
-0.007
-0.011
-0.014
-0.014
-0.011
-0.008
-0.003
0.003
0.013
0.016
0.018
0.02
0.022
0.023
0.024
0.022
0.018
0.014
0.005
-0.008
-0.019
-0.027
-0.038
-0.047
-0.055
-0.062
-0.069
-0.077
-0.084
-0.09
-0.096
-0.103
-0.11
-0.112
-0.115
-0.117
-0.107
-0.076
-0.026
0.047
0.151
0.275
0.388
0.439
0.434
0.36
0.224
0.069
-0.067
-0.152
-0.163
-0.166
-0.168
-0.169
-0.169
-0.167
-0.164
-0.158
-0.148
-0.13
-0.119
-0.113
-0.107
-0.104
-0.101
-0.099
-0.097
-0.094
-0.09
-0.086
-0.082
-0.078
-0.075
-0.073
-0.072
-0.07
-0.069
-0.067
-0.065
-0.063
-0.062
-0.059
-0.056
-0.048
-0.034
-0.02
-0.004
0.006
0.013
0.018
0.022
0.025
0.027
0.029
0.03
0.032
0.033
0.034
0.035
0.035
0.035
0.035
0.035
0.034
0.033
0.031
0.03
0.028
0.026
0.024
0.018
0.005
-0.003
-0.01
-0.01
-0.002
0.004
0.01
0.014
0.017
0.02
0.023
0.026
0.026
0.022
0.017
0.012
0.007
0.004
0.004
0.008
0.012
0.014
0.016
0.018
0.02
0.021
0.021
0.021
0.018
0.015
0.011
0.008
0.005
0.002
0.0
-0.002
-0.005
-0.007
-0.008
-0.008
-0.008
-0.008
-0.009
-0.009
-0.009
-0.008
-0.008
-0.008
-0.008
-0.009
-0.01
-0.012
-0.014
-0.016
-0.019
-0.022
-0.026
-0.031
-0.037
-0.044
-0.05
-0.058
-0.064
-0.065
-0.062
-0.057
-0.05
-0.035
-0.016
0.002
0.012
0.017
0.021
0.025
0.028
0.029
0.028
0.027
0.025
0.023
0.021
0.019
0.017
0.014
0.011
0.008
0.005
0.001
-0.001
-0.006
-0.011
-0.017
-0.025
-0.039
-0.051
-0.056
-0.06
-0.059
-0.051
-0.045
-0.039
-0.035
-0.033
-0.035
-0.039
-0.043
-0.048
-0.056
-0.056
-0.047
-0.022
0.031
0.118
0.232
0.343
0.415
0.418
0.364
0.234
0.088
-0.042
-0.128
-0.142
-0.141
-0.129
-0.132
-0.154
-0.168
-0.175
-0.181
-0.18
-0.17
-0.142
-0.115
-0.087
-0.077
-0.073
-0.07
-0.068
-0.067
-0.066
-0.069
-0.071
-0.073
-0.074
-0.076
-0.077
-0.079
-0.08
-0.081
-0.081
-0.081
-0.081
-0.08
-0.078
-0.076
-0.073
-0.069
-0.066
-0.059
-0.041
-0.02
-0.008
-0.004
-0.002
0.0
-0.001
-0.007
-0.015
-0.03
-0.044
-0.051
-0.056
-0.049
-0.037
-0.02
-0.004
0.007
0.013
0.016
0.018
0.019
0.021
0.022
0.023
0.024
0.024
0.025
0.027
0.022
0.004
-0.006
-0.012
-0.015
-0.019
-0.021
-0.021
-0.019
-0.014
-0.009
-0.002
0.006
0.007
0.0
-0.006
-0.012
-0.018
-0.024
-0.03
-0.035
-0.038
-0.033
-0.027
-0.022
-0.017
-0.013
-0.009
-0.005
-0.002
0.0
0.002
0.004
0.006
0.008
0.009
0.009
0.008
0.008
0.007
0.006
0.006
0.005
0.003
0.002
0.006
0.016
0.027
0.041
0.049
0.056
0.064
0.071
0.075
0.079
0.081
0.083
0.085
0.087
0.088
0.089
0.09
0.091
0.093
0.094
0.095
0.095
0.094
0.09
0.085
0.079
0.074
0.067
0.061
0.057
0.053
0.046
0.032
0.014
0.004
0.002
0.0
0.0
0.0
-0.001
-0.002
-0.004
-0.008
-0.013
-0.018
-0.026
-0.038
-0.039
-0.028
0.0
0.056
0.15
0.272
0.407
0.51
0.545
0.476
0.309
0.097
-0.095
-0.226
-0.261
-0.261
-0.222
-0.194
-0.175
-0.156
-0.14
-0.117
-0.091
-0.073
-0.057
-0.046
-0.042
-0.04
-0.038
-0.037
-0.036
-0.035
-0.032
-0.028
-0.023
-0.013
0.002
0.017
0.024
0.025
0.026
0.027
0.028
0.026
0.023
0.021
0.019
0.018
0.017
0.019
0.023
0.027
0.029
0.032
0.035
0.038
0.041
0.043
0.046
0.049
0.051
0.053
0.055
0.056
0.058
0.06
0.063
0.066
0.07
0.079
0.09
0.095
0.098
0.1
0.102
0.105
0.107
0.11
0.112
0.11
0.105
0.101
0.097
0.094
0.092
0.091
0.092
0.094
0.095
0.097
0.099
0.103
0.106
0.106
0.101
0.096
0.092
0.088
0.086
0.084
0.083
0.081
0.079
0.078
0.076
0.075
0.072
0.068
0.068
0.075
0.08
0.086
0.089
0.086
0.078
0.066
0.048
0.032
0.016
0.001
-0.012
-0.019
-0.023
-0.025
-0.028
-0.03
-0.033
-0.035
-0.037
-0.041
-0.048
-0.048
-0.042
-0.024
0.012
0.072
0.151
0.232
0.293
0.301
0.285
0.186
0.034
-0.134
-0.276
-0.353
-0.366
-0.352
-0.316
-0.285
-0.267
-0.247
-0.229
-0.216
-0.206
-0.194
-0.181
-0.17
-0.165
-0.163
-0.161
-0.158
-0.154
-0.147
-0.136
-0.119
-0.108
-0.101
-0.092
-0.082
-0.076
-0.07
-0.066
-0.061
-0.057
-0.053
-0.049
-0.044
-0.038
-0.031
-0.025
-0.019
-0.014
-0.01
-0.007
-0.003
0.0
0.001
0.003
0.005
0.008
0.01
0.013
0.017
0.022
0.028
0.041
0.061
0.067
0.07
0.072
0.074
0.076
0.077
0.078
0.079
0.079
0.079
0.079
0.078
0.077
0.075
0.074
0.071
0.069
0.065
0.056
0.047
0.036
0.02
0.006
-0.004
-0.012
-0.02
-0.028
-0.035
-0.038
-0.04
-0.042
-0.044
-0.045
-0.045
-0.045
-0.043
-0.041
-0.039
-0.036
-0.031
-0.032
-0.045
-0.057
-0.069
-0.075
-0.078
-0.08
-0.083
-0.083
-0.078
-0.07
-0.064
-0.058
-0.054
-0.05
-0.048
-0.047
-0.046
-0.044
-0.042
-0.04
-0.043
-0.049
-0.06
-0.075
-0.09
-0.108
-0.124
-0.134
-0.135
-0.126
-0.117
-0.107
-0.099
-0.095
-0.092
-0.089
-0.087
-0.084
-0.081
-0.076
-0.072
-0.067
-0.06
-0.055
-0.055
-0.059
-0.064
-0.071
-0.081
-0.087
-0.091
-0.094
-0.097
-0.096
-0.091
-0.081
-0.066
-0.046
-0.031
-0.015
-0.004
0.001
0.005
0.009
0.012
0.014
0.016
0.017
0.018
0.019
0.021
0.024
0.026
0.028
0.03
0.032
0.035
0.037
0.039
0.041
0.044
0.048
0.053
0.053
0.046
0.04
0.035
0.03
0.028
0.027
0.027
0.026
0.024
0.022
0.022
0.023
0.024
0.025
0.026
0.026
0.025
0.021
0.017
0.015
0.013
0.011
0.009
0.006
0.003
0.0
-0.002
-0.004
-0.008
-0.013
-0.019
-0.021
-0.02
-0.018
-0.016
-0.014
-0.013
-0.012
-0.011
-0.009
-0.007
-0.004
-0.002
0.0
0.002
0.006
0.015
0.033
0.045
0.051
0.055
0.055
0.051
0.044
0.036
0.025
0.015
0.005
-0.004
-0.014
-0.021
-0.026
-0.031
-0.035
-0.039
-0.043
-0.049
-0.057
-0.065
-0.071
-0.076
-0.079
-0.077
-0.073
-0.06
-0.031
0.005
0.055
0.12
0.205
0.31
0.423
0.509
0.539
0.493
0.383
0.236
0.082
-0.033
-0.066
-0.077
-0.084
-0.089
-0.106
-0.131
-0.14
-0.136
-0.123
-0.099
-0.074
-0.058
-0.047
-0.043
-0.04
-0.038
-0.034
-0.03
-0.027
-0.023
-0.018
-0.013
-0.008
-0.007
-0.01
-0.015
-0.019
-0.022
-0.025
-0.027
-0.026
-0.022
-0.016
-0.01
-0.003
0.004
0.011
0.016
0.019
0.022
0.026
0.03
0.034
0.035
0.036
0.037
0.037
0.036
0.036
0.036
0.036
0.036
0.035
0.034
0.032
0.03
0.028
0.025
0.02
0.016
0.013
0.01
0.007
0.003
0.004
0.013
0.019
0.023
0.027
0.03
0.033
0.034
0.035
0.036
0.038
0.04
0.041
0.042
0.04
0.037
0.032
0.028
0.025
0.022
0.019
0.015
0.011
0.007
0.005
0.003
0.001
0.0
-0.001
-0.003
-0.008
-0.017
-0.02
-0.021
-0.023
-0.024
-0.025
-0.026
-0.027
-0.028
-0.028
-0.028
-0.027
-0.026
-0.025
-0.023
-0.02
-0.017
-0.014
-0.005
0.003
0.003
0.003
0.004
0.005
0.006
0.007
0.008
0.01
0.011
0.013
0.015
0.017
0.018
0.02
0.026
0.03
0.03
0.025
0.018
0.013
0.006
0.001
0.0
0.002
0.007
0.013
0.021
0.033
0.044
0.051
0.055
0.059
0.063
0.067
0.071
0.076
0.087
0.102
0.112
0.118
0.118
0.11
0.099
0.081
0.062
0.04
0.025
0.018
0.013
0.008
0.004
0.0
-0.003
-0.005
-0.008
-0.011
-0.014
-0.017
-0.018
-0.017
-0.016
-0.013
-0.008
-0.001
0.023
0.078
0.167
0.287
0.419
0.512
0.524
0.495
0.392
0.25
0.109
0.008
-0.051
-0.083
-0.095
-0.102
-0.109
-0.115
-0.105
-0.088
-0.065
-0.047
-0.035
-0.03
-0.035
-0.045
-0.053
-0.062
-0.068
-0.069
-0.065
-0.058
-0.052
-0.043
-0.038
-0.036
-0.035
-0.034
-0.033
-0.031
-0.029
-0.024
-0.019
-0.014
-0.011
-0.008
-0.005
-0.002
0.0
0.001
0.003
0.005
0.007
0.009
0.011
0.013
0.014
0.016
0.018
0.02
0.022
0.024
0.025
0.026
0.027
0.027
0.027
0.025
0.024
0.022
0.019
0.017
0.014
0.011
0.004
-0.011
-0.02
-0.025
-0.029
-0.031
-0.033
-0.034
-0.033
-0.032
-0.032
-0.03
-0.029
-0.026
-0.024
-0.027
-0.034
-0.042
-0.052
-0.062
-0.067
-0.07
-0.073
-0.075
-0.077
-0.079
-0.081
-0.083
-0.085
-0.087
-0.09
-0.093
-0.095
-0.098
-0.102
-0.106
-0.109
-0.111
-0.112
-0.113
-0.113
-0.114
-0.115
-0.117
-0.118
-0.118
-0.115
-0.11
-0.105
-0.101
-0.095
-0.09
-0.089
-0.092
-0.097
-0.1
-0.105
-0.109
-0.111
-0.11
-0.106
-0.101
-0.091
-0.076
-0.07
-0.067
-0.065
-0.063
-0.061
-0.059
-0.056
-0.053
-0.05
-0.046
-0.041
-0.03
-0.011
0.015
0.044
0.056
0.066
0.063
0.045
0.026
0.004
-0.014
-0.033
-0.05
-0.062
-0.07
-0.07
-0.061
-0.048
-0.033
-0.024
-0.019
-0.016
-0.019
-0.027
-0.039
-0.055
-0.064
-0.07
-0.073
-0.069
-0.059
-0.032
0.02
0.1
0.206
0.323
0.428
0.465
0.456
0.37
0.236
0.099
-0.013
-0.074
-0.095
-0.088
-0.084
-0.081
-0.079
-0.079
-0.079
-0.078
-0.078
-0.077
-0.078
-0.078
-0.079
-0.08
-0.082
-0.085
-0.087
-0.088
-0.089
-0.091
-0.094
-0.095
-0.095
-0.095
-0.094
-0.092
-0.09
-0.087
-0.085
-0.082
-0.078
-0.074
-0.071
-0.068
-0.065
-0.063
-0.061
-0.059
-0.057
-0.055
-0.053
-0.051
-0.048
-0.045
-0.042
-0.039
-0.035
-0.03
-0.023
-0.017
-0.012
-0.007
-0.001
0.002
0.004
0.004
0.001
-0.002
-0.007
-0.011
-0.017
-0.025
-0.032
-0.033
-0.028
-0.021
-0.014
-0.006
0.002
0.01
0.021
0.033
0.044
0.051
0.057
0.061
0.063
0.062
0.059
0.054
0.048
0.039
0.025
0.014
0.003
-0.006
-0.01
-0.013
-0.016
-0.016
-0.008
-0.002
0.001
0.005
0.011
0.02
0.027
0.032
0.037
0.042
0.046
0.049
0.052
0.054
0.056
0.057
0.059
0.059
0.059
0.059
0.059
0.059
0.06
0.061
0.062
0.064
0.065
0.067
0.069
0.072
0.075
0.078
0.081
0.085
0.093
0.1
0.106
0.11
0.113
0.115
0.118
0.12
0.122
0.124
0.124
0.124
0.123
0.121
0.119
0.117
0.114
0.11
0.105
0.096
0.083
0.068
0.056
0.051
0.048
0.046
0.044
0.042
0.041
0.041
0.041
0.041
0.043
0.046
0.051
0.058
0.083
0.138
0.226
0.335
0.444
0.527
0.555
0.512
0.4
0.241
0.079
-0.045
-0.114
-0.132
-0.137
-0.14
-0.132
-0.107
-0.074
-0.04
-0.008
0.005
0.011
0.015
0.018
0.018
0.017
0.015
0.014
0.012
0.011
0.01
0.011
0.014
0.019
0.024
0.028
0.033
0.038
0.043
0.047
0.05
0.053
0.056
0.06
0.065
0.074
0.085
0.09
0.093
0.096
0.098
0.1
0.101
0.102
0.103
0.104
0.106
0.107
0.109
0.11
0.111
0.111
0.112
0.113
0.114
0.114
0.114
0.115
0.116
0.117
0.119
0.12
0.122
0.123
0.125
0.126
0.127
0.129
0.131
0.133
0.137
0.143
0.142
0.129
0.109
0.086
0.065
0.047
0.039
0.036
0.033
0.031
0.028
0.026
0.024
0.021
0.018
0.011
0.002
-0.02
-0.044
-0.057
-0.063
-0.066
-0.068
-0.07
-0.073
-0.076
-0.08
-0.087
-0.095
-0.099
-0.102
-0.105
-0.107
-0.107
-0.104
-0.099
-0.093
-0.085
-0.082
-0.08
-0.077
-0.077
-0.083
-0.086
-0.089
-0.091
-0.093
-0.093
-0.093
-0.091
-0.089
-0.086
-0.083
-0.08
-0.075
-0.069
-0.063
-0.057
-0.05
-0.041
-0.04
-0.049
-0.061
-0.075
-0.084
-0.09
-0.097
-0.106
-0.112
-0.117
-0.121
-0.126
-0.129
-0.132
-0.134
-0.137
-0.14
-0.146
-0.151
-0.155
-0.16
-0.165
-0.163
-0.149
-0.109
-0.026
0.09
0.216
0.317
0.359
0.331
0.238
0.101
-0.05
-0.185
-0.27
-0.287
-0.293
-0.284
-0.269
-0.253
-0.228
-0.2
-0.186
-0.177
-0.172
-0.169
-0.169
-0.17
-0.172
-0.175
-0.178
-0.181
-0.182
-0.18
-0.177
-0.171
-0.161
-0.151
-0.148
-0.147
-0.145
-0.143
-0.141
-0.138
-0.136
-0.135
-0.134
-0.133
-0.131
-0.13
-0.13
-0.129
-0.128
-0.126
-0.123
-0.121
-0.118
-0.111
-0.097
-0.088
-0.083
-0.079
-0.074
-0.07
-0.065
-0.06
-0.056
-0.052
-0.05
-0.048
-0.045
-0.043
-0.046
-0.051
-0.054
-0.058
-0.061
-0.063
-0.063
-0.059
-0.054
-0.049
-0.044
-0.037
-0.031
-0.031
-0.033
-0.037
-0.041
-0.045
-0.05
-0.056
-0.063
-0.071
-0.081
-0.083
-0.08
-0.077
-0.076
-0.074
-0.071
-0.066
-0.061
-0.051
-0.037
-0.028
-0.023
-0.018
-0.013
-0.008
-0.004
-0.001
0.002
0.004
0.007
0.009
0.01
0.011
0.012
0.014
0.017
0.018
0.02
0.021
0.023
0.026
0.03
0.034
0.038
0.043
0.047
0.054
0.061
0.066
0.067
0.065
0.062
0.059
0.055
0.05
0.047
0.046
0.042
0.043
0.05
0.054
0.056
0.057
0.057
0.055
0.051
0.046
0.036
0.02
0.005
-0.009
-0.019
-0.026
-0.028
-0.027
-0.023
-0.011
0.01
0.034
0.043
0.049
0.052
0.054
0.057
0.058
0.057
0.053
0.049
0.045
0.04
0.036
0.033
0.031
0.028
0.025
0.025
0.033
0.055
0.08
0.089
0.092
0.095
0.097
0.099
0.101
0.099
0.093
0.085
0.076
0.073
0.072
0.07
0.07
0.069
0.067
0.066
0.064
0.063
0.061
0.059
0.057
0.051
0.039
0.024
0.017
0.015
0.014
0.013
0.013
0.012
0.012
0.012
0.014
0.015
0.018
0.022
0.036
0.073
0.144
0.252
0.381
0.496
0.563
0.564
0.501
0.354
0.173
0.011
