-0.013
-0.013
-0.011
-0.01
-0.008
-0.006
-0.003
0.0
0.004
0.013
0.043
0.132
0.27
0.456
0.669
0.864
0.998
1.047
0.99
0.817
0.556
0.274
0.038
-0.117
-0.179
-0.199
-0.18
-0.149
-0.112
-0.08
-0.057
-0.039
-0.033
-0.031
-0.029
-0.027
-0.025
-0.023
-0.021
-0.02
-0.019
-0.017
-0.016
-0.016
-0.015
-0.014
-0.014
-0.013
-0.012
-0.012
-0.012
-0.012
-0.011
-0.01
-0.009
-0.008
-0.007
-0.005
-0.003
-0.001
0.0
0.001
0.003
0.005
0.01
0.017
0.024
0.031
0.038
0.046
0.055
0.064
0.073
0.082
0.092
0.101
0.111
0.12
0.128
0.136
0.144
0.152
0.161
0.172
0.183
0.195
0.203
0.205
0.206
0.208
0.21
0.208
0.196
0.182
0.167
0.151
0.136
0.121
0.103
0.09
0.081
0.073
0.063
0.051
0.039
0.028
0.017
0.007
0.0
-0.004
-0.007
-0.011
-0.017
-0.026
-0.038
-0.046
-0.051
-0.055
-0.058
-0.059
-0.06
-0.06
-0.061
-0.061
-0.062
-0.063
-0.063
-0.063
-0.062
-0.062
-0.061
-0.06
-0.058
-0.055
-0.052
-0.048
-0.045
-0.043
-0.043
-0.042
-0.041
-0.04
-0.039
-0.039
-0.039
-0.039
-0.039
-0.039
-0.038
-0.038
-0.038
-0.037
-0.037
-0.037
-0.036
-0.036
-0.035
-0.036
-0.035
-0.034
-0.033
-0.031
-0.028
-0.026
-0.023
-0.02
-0.016
-0.012
-0.008
-0.004
0.0
0.003
0.007
0.011
0.015
0.018
0.021
0.024
0.026
0.028
0.031
0.034
0.036
0.038
0.04
0.043
0.046
0.048
0.05
0.049
0.047
0.043
0.038
0.033
0.027
0.02
0.013
0.007
0.002
-0.001
-0.005
-0.008
-0.01
-0.011
-0.009
-0.005
0.001
0.007
0.012
0.018
0.025
0.03
0.031
0.027
0.02
0.011
-0.006
-0.031
-0.042
-0.049
-0.053
-0.057
-0.058
-0.058
-0.056
-0.05
-0.042
-0.013
0.056
0.176
0.346
0.544
0.753
0.946
1.083
1.125
1.048
0.874
0.641
0.393
0.167
-0.008
-0.087
-0.115
-0.117
-0.103
-0.081
-0.062
-0.057
-0.055
-0.054
-0.053
-0.052
-0.052
-0.051
-0.049
-0.047
-0.045
-0.044
-0.042
-0.041
-0.039
-0.036
-0.033
-0.028
-0.024
-0.018
-0.008
0.002
0.008
0.014
0.02
0.026
0.03
0.03
0.024
0.018
0.013
0.007
0.002
-0.001
-0.001
0.002
0.008
0.015
0.027
0.048
0.062
0.069
0.077
0.088
0.098
0.105
0.11
0.114
0.118
0.122
0.125
0.129
0.132
0.134
0.136
0.139
0.144
0.154
0.181
0.205
0.219
0.228
0.229
0.224
0.216
0.206
0.192
0.179
0.16
0.14
0.109
0.069
0.043
0.021
0.008
-0.004
-0.016
-0.028
-0.04
-0.052
-0.063
-0.069
-0.073
-0.077
-0.081
-0.084
-0.087
-0.09
-0.093
-0.096
-0.099
-0.101
-0.104
-0.107
-0.11
-0.114
-0.118
-0.121
-0.122
-0.121
-0.118
-0.113
-0.107
-0.101
-0.094
-0.083
-0.077
-0.077
-0.077
-0.076
-0.075
-0.075
-0.074
-0.073
-0.073
-0.071
-0.069
-0.066
-0.063
-0.06
-0.058
-0.054
-0.049
-0.047
-0.047
-0.05
-0.055
-0.061
-0.07
-0.082
-0.086
-0.089
-0.093
-0.092
-0.082
-0.077
-0.074
-0.071
-0.069
-0.067
-0.065
-0.062
-0.059
-0.057
-0.055
-0.053
-0.049
-0.045
-0.034
-0.011
0.003
0.01
0.015
0.019
0.022
0.024
0.026
0.028
0.03
0.032
0.034
0.036
0.036
0.033
0.027
0.019
0.005
-0.018
-0.031
-0.038
-0.044
-0.047
-0.05
-0.052
-0.054
-0.055
-0.057
-0.061
-0.063
-0.063
-0.058
-0.05
-0.04
-0.026
-0.012
-0.003
0.003
0.009
0.012
0.012
0.01
0.008
0.006
0.003
0.001
0.001
0.007
0.019
0.052
0.109
0.187
0.298
0.449
0.646
0.866
1.048
1.136
1.089
0.905
0.624
0.315
0.061
-0.1
-0.167
-0.175
-0.148
-0.107
-0.084
-0.071
-0.065
-0.06
-0.055
-0.05
-0.047
-0.043
-0.036
-0.026
-0.014
0.001
0.022
0.04
0.052
0.052
0.052
0.053
0.054
0.053
0.048
0.043
0.038
0.031
0.028
0.034
0.045
0.052
0.057
0.063
0.067
0.07
0.072
0.074
0.077
0.082
0.082
0.073
0.068
0.064
0.06
0.057
0.056
0.056
0.058
0.062
0.067
0.074
0.086
0.108
0.127
0.148
0.172
0.197
0.225
0.252
0.269
0.279
0.286
0.286
0.28
0.271
0.26
0.245
0.233
0.22
0.208
0.197
0.186
0.174
0.161
0.145
0.12
0.09
0.06
0.027
0.0
-0.015
-0.027
-0.033
-0.037
-0.039
-0.042
-0.044
-0.046
-0.049
-0.054
-0.06
-0.066
-0.075
-0.087
-0.095
-0.099
-0.103
-0.107
-0.11
-0.11
-0.102
-0.089
-0.073
-0.054
-0.052
-0.051
-0.051
-0.05
-0.05
-0.048
-0.047
-0.047
-0.049
-0.051
-0.054
-0.057
-0.06
-0.064
-0.068
-0.073
-0.077
-0.08
-0.082
-0.084
-0.088
-0.093
-0.081
-0.071
-0.065
-0.06
-0.055
-0.05
-0.046
-0.042
-0.036
-0.028
-0.022
-0.025
-0.031
-0.035
-0.039
-0.043
-0.045
-0.045
-0.046
-0.047
-0.05
-0.052
-0.047
-0.035
-0.027
-0.021
-0.015
-0.01
-0.007
-0.007
-0.007
-0.007
-0.009
-0.011
-0.014
-0.019
-0.018
-0.007
0.0
0.008
0.013
0.013
0.007
-0.002
-0.016
-0.041
-0.069
-0.087
-0.094
-0.098
-0.1
-0.092
-0.08
-0.075
-0.071
-0.068
-0.065
-0.063
-0.062
-0.06
-0.058
-0.057
-0.057
-0.056
-0.056
-0.056
-0.054
-0.054
-0.053
-0.053
-0.053
-0.053
-0.053
-0.052
-0.05
-0.047
-0.043
-0.02
0.049
0.147
0.277
0.445
0.641
0.832
0.981
1.042
0.972
0.786
0.524
0.242
0.009
-0.136
-0.182
-0.197
-0.177
-0.157
-0.144
-0.133
-0.123
-0.115
-0.108
-0.103
-0.098
-0.094
-0.09
-0.088
-0.087
-0.087
-0.086
-0.085
-0.083
-0.081
-0.078
-0.076
-0.076
-0.077
-0.079
-0.081
-0.082
-0.085
-0.086
-0.079
-0.064
-0.042
-0.014
0.003
0.014
0.024
0.033
0.039
0.043
0.046
0.049
0.051
0.053
0.053
0.052
0.05
0.047
0.044
0.041
0.035
0.026
0.027
0.04
0.053
0.069
0.087
0.111
0.14
0.156
0.166
0.172
0.178
0.183
0.187
0.19
0.193
0.198
0.204
0.209
0.209
0.202
0.193
0.178
0.151
0.125
0.106
0.088
0.064
0.03
0.008
-0.002
-0.01
-0.019
-0.03
-0.039
-0.048
-0.058
-0.069
-0.079
-0.086
-0.092
-0.097
-0.101
-0.106
-0.11
-0.114
-0.115
-0.113
-0.108
-0.102
-0.097
-0.092
-0.089
-0.086
-0.082
-0.078
-0.074
-0.07
-0.067
-0.064
-0.061
-0.057
-0.053
-0.049
-0.047
-0.048
-0.053
-0.058
-0.064
-0.07
-0.079
-0.086
-0.085
-0.076
-0.065
-0.06
-0.056
-0.053
-0.049
-0.046
-0.043
-0.041
-0.039
-0.038
-0.038
-0.037
-0.037
-0.037
-0.038
-0.038
-0.039
-0.04
-0.042
-0.043
-0.047
-0.045
-0.033
-0.027
-0.023
-0.02
-0.016
-0.013
-0.01
-0.007
-0.005
-0.003
-0.002
-0.001
-0.001
-0.001
-0.002
-0.004
-0.006
-0.009
-0.012
-0.015
-0.018
-0.021
-0.024
-0.026
-0.027
-0.029
-0.032
-0.035
-0.038
-0.041
-0.045
-0.049
-0.052
-0.055
-0.056
-0.056
-0.056
-0.054
-0.051
-0.047
-0.043
-0.038
-0.034
-0.031
-0.028
-0.025
-0.022
-0.018
-0.013
-0.008
-0.003
0.0
0.005
0.008
0.012
0.015
0.02
0.026
0.053
0.128
0.255
0.431
0.633
0.811
0.919
0.93
0.882
0.704
0.477
0.262
0.092
-0.033
-0.12
-0.175
-0.195
-0.196
-0.181
-0.161
-0.13
-0.107
-0.095
-0.085
-0.077
-0.069
-0.059
-0.046
-0.038
-0.032
-0.027
-0.021
-0.018
-0.02
-0.023
-0.025
-0.028
-0.031
-0.033
-0.035
-0.034
-0.031
-0.027
-0.023
-0.021
-0.019
-0.016
-0.012
-0.009
-0.006
-0.003
0.0
0.002
0.006
0.009
0.013
0.017
0.026
0.044
0.059
0.068
0.074
0.077
0.08
0.083
0.087
0.092
0.097
0.101
0.106
0.112
0.119
0.13
0.149
0.166
0.18
0.187
0.193
0.199
0.203
0.207
0.21
0.211
0.211
0.209
0.206
0.202
0.197
0.191
0.178
0.152
0.127
0.102
0.078
0.05
0.028
0.017
0.007
-0.002
-0.012
-0.019
-0.023
-0.026
-0.029
-0.032
-0.035
-0.038
-0.04
-0.043
-0.044
-0.045
-0.045
-0.045
-0.044
-0.041
-0.038
-0.034
-0.03
-0.026
-0.022
-0.019
-0.017
-0.014
-0.008
-0.002
0.002
0.004
0.004
0.003
0.001
0.0
0.0
-0.001
-0.003
-0.004
-0.006
-0.007
-0.007
-0.008
-0.008
-0.009
-0.009
-0.009
-0.008
-0.007
-0.006
-0.006
-0.006
-0.005
-0.005
-0.004
-0.004
-0.007
-0.012
-0.015
-0.019
-0.022
-0.023
-0.023
-0.019
-0.015
-0.011
-0.01
-0.008
-0.007
-0.005
-0.003
-0.001
0.0
0.002
0.004
0.006
0.007
0.008
0.008
0.008
0.007
0.006
0.005
0.004
0.002
0.0
0.0
-0.002
-0.004
-0.006
-0.007
-0.008
-0.009
-0.011
-0.012
-0.013
-0.014
-0.016
-0.019
-0.022
-0.025
-0.028
-0.031
-0.033
-0.034
-0.035
-0.036
-0.036
-0.037
-0.038
-0.04
-0.04
-0.039
-0.038
-0.037
-0.036
-0.034
-0.032
-0.029
-0.025
-0.021
-0.015
-0.008
0.032
0.126
0.243
0.399
0.596
0.793
0.942
0.999
0.935
0.762
0.521
0.271
0.07
-0.061
-0.109
-0.127
-0.125
-0.11
-0.099
-0.091
-0.084
-0.079
-0.076
-0.074
-0.071
-0.067
-0.062
-0.057
-0.057
-0.063
-0.071
-0.076
-0.081
-0.086
-0.089
-0.09
-0.086
-0.079
-0.068
-0.05
-0.019
-0.003
0.004
0.01
0.014
0.017
0.016
0.011
0.004
-0.003
-0.012
-0.028
-0.031
-0.032
-0.034
-0.035
-0.036
-0.037
-0.033
-0.027
-0.019
-0.013
-0.008
-0.002
0.003
0.01
0.016
0.024
0.038
0.064
0.084
0.098
0.111
0.122
0.136
0.152
0.168
0.177
0.184
0.19
0.193
0.195
0.194
0.19
0.185
0.179
0.167
0.145
0.122
0.099
0.076
0.052
0.028
0.005
-0.012
-0.025
-0.038
-0.046
