-0.141
-0.161
-0.178
-0.185
-0.19
-0.195
-0.198
-0.2
-0.202
-0.203
-0.204
-0.204
-0.205
-0.206
-0.207
-0.206
-0.204
-0.202
-0.202
-0.202
-0.201
-0.199
-0.197
-0.196
-0.194
-0.193
-0.191
-0.187
-0.18
-0.198
-0.22
-0.239
-0.259
-0.28
-0.298
-0.306
-0.313
-0.321
-0.32
-0.3
-0.281
-0.262
-0.252
-0.246
-0.242
-0.238
-0.234
-0.231
-0.229
-0.229
-0.231
-0.233
-0.238
-0.242
-0.248
-0.251
-0.244
-0.231
-0.22
-0.211
-0.202
-0.191
-0.18
-0.169
-0.16
-0.153
-0.146
-0.14
-0.136
-0.134
-0.135
-0.137
-0.139
-0.142
-0.145
-0.149
-0.157
-0.162
-0.156
-0.144
-0.136
-0.128
-0.121
-0.119
-0.123
-0.131
-0.142
-0.157
-0.177
-0.189
-0.195
-0.199
-0.204
-0.207
-0.21
-0.212
-0.214
-0.216
-0.217
-0.217
-0.218
-0.22
-0.223
-0.231
-0.23
-0.217
-0.211
-0.207
-0.204
-0.202
-0.2
-0.197
-0.193
-0.19
-0.187
-0.183
-0.179
-0.171
-0.139
-0.075
-0.002
0.074
0.153
0.225
0.29
0.347
0.405
0.428
0.441
0.448
0.435
0.414
0.384
0.348
0.316
0.293
0.275
0.258
0.217
0.138
0.069
0.022
-0.01
-0.035
-0.05
-0.06
-0.066
-0.071
-0.075
-0.079
-0.082
-0.084
-0.085
-0.082
-0.076
-0.068
-0.059
-0.046
-0.023
-0.009
0.001
0.01
0.017
0.017
0.01
0.001
-0.005
-0.014
-0.02
-0.019
-0.011
0.0
0.01
0.022
0.037
0.054
0.062
0.067
0.071
0.075
0.077
0.079
0.081
0.083
0.086
0.089
0.092
0.095
0.096
0.097
0.098
0.1
0.102
0.107
0.116
0.134
0.137
0.141
0.145
0.124
0.105
0.093
0.084
0.077
0.07
0.064
0.058
0.052
0.046
0.042
0.039
0.037
0.036
0.035
0.034
0.033
0.031
0.031
0.031
0.031
0.031
0.029
0.028
0.026
0.026
0.026
0.028
0.03
0.032
0.034
0.036
0.038
0.039
0.04
0.041
0.042
0.043
0.046
0.048
0.05
0.051
0.05
0.047
0.042
0.037
0.031
0.026
0.02
0.014
0.009
0.005
0.002
0.0
-0.001
-0.003
-0.005
-0.005
-0.006
-0.01
-0.014
-0.013
-0.006
0.004
0.014
0.027
0.035
0.036
0.037
0.04
0.044
0.047
0.044
0.039
0.036
0.033
0.029
0.027
0.026
0.024
0.021
0.018
0.016
0.015
0.014
0.013
0.012
0.011
0.007
0.004
0.002
0.007
0.018
0.03
0.037
0.044
0.051
0.058
0.065
0.07
0.074
0.078
0.081
0.085
0.09
0.099
0.104
0.107
0.11
0.114
0.117
0.117
0.109
0.101
0.096
0.093
0.09
0.087
0.084
0.079
0.075
0.071
0.067
0.064
0.061
0.057
0.054
0.05
0.046
0.042
0.038
0.034
0.03
0.027
0.023
0.02
0.018
0.016
0.013
0.011
0.009
0.008
0.006
0.005
0.003
0.001
-0.002
-0.006
-0.007
-0.002
0.003
0.008
0.012
0.017
0.02
0.02
0.015
0.009
0.003
-0.001
-0.005
-0.01
-0.014
-0.018
-0.022
-0.023
-0.023
-0.024
-0.024
-0.024
-0.023
-0.022
-0.021
-0.019
-0.016
-0.014
-0.012
-0.01
-0.008
-0.005
-0.002
0.001
0.003
0.005
0.006
0.007
0.008
0.009
0.011
0.013
0.014
0.015
0.016
0.016
0.018
0.018
0.018
0.017
0.015
0.014
0.012
0.01
0.007
0.004
0.001
-0.001
-0.004
-0.007
-0.01
-0.015
-0.03
-0.047
-0.06
-0.072
-0.077
-0.072
-0.058
-0.018
0.039
0.108
0.185
0.257
0.313
0.34
0.377
0.425
0.484
0.524
0.537
0.522
0.476
0.412
0.341
0.268
0.215
0.185
0.159
0.132
0.083
0.02
-0.041
-0.091
-0.114
-0.122
-0.126
-0.129
-0.131
-0.132
-0.133
-0.133
-0.131
-0.129
-0.126
-0.122
-0.118
-0.114
-0.111
-0.107
-0.103
-0.1
-0.097
-0.095
-0.093
-0.093
-0.093
-0.093
-0.094
-0.095
-0.096
-0.098
-0.1
-0.102
-0.105
-0.109
-0.112
-0.112
-0.108
-0.101
-0.091
-0.076
-0.055
-0.047
-0.041
-0.036
-0.033
-0.034
-0.044
-0.055
-0.06
-0.064
-0.066
-0.069
-0.072
-0.075
-0.079
-0.083
-0.088
-0.093
-0.097
-0.101
-0.105
-0.108
-0.112
-0.115
-0.118
-0.121
-0.125
-0.129
-0.133
-0.136
-0.14
-0.143
-0.145
-0.145
-0.145
-0.144
-0.142
-0.14
-0.137
-0.133
-0.128
-0.123
-0.119
-0.114
-0.108
-0.102
-0.096
-0.091
-0.087
-0.084
-0.081
-0.079
-0.076
-0.073
-0.07
-0.068
-0.066
-0.064
-0.061
-0.057
-0.052
-0.048
-0.043
-0.038
-0.033
-0.027
-0.018
-0.002
0.013
0.029
0.036
0.042
0.048
0.054
0.06
0.065
0.069
0.072
0.074
0.075
0.076
0.076
0.075
0.073
0.07
0.068
0.065
0.063
0.061
0.057
0.053
0.049
0.046
0.041
0.035
0.03
0.024
0.021
0.019
0.02
0.021
0.025
0.031
0.038
0.053
0.083
0.134
0.196
0.263
0.333
0.402
0.461
0.496
0.53
0.565
0.593
0.615
0.638
0.656
0.673
0.68
0.674
0.657
0.609
0.543
0.464
0.393
0.326
0.286
0.246
0.206
0.165
0.125
0.092
0.068
0.046
0.037
0.031
0.027
0.022
0.018
0.014
0.01
0.007
0.004
0.002
0.001
0.001
0.002
0.004
0.007
0.01
0.014
0.018
0.021
0.025
0.028
0.032
0.035
0.038
0.043
0.048
0.053
0.059
0.065
0.071
0.076
0.081
0.085
0.089
0.092
0.094
0.096
0.098
0.1
0.102
0.105
0.108
0.112
0.116
0.118
0.119
0.118
0.114
0.109
0.103
0.096
0.089
0.082
0.07
0.059
0.049
0.04
0.035
0.029
0.024
0.02
0.017
0.015
0.015
0.016
0.018
0.02
0.022
0.024
0.027
0.029
0.031
0.032
0.033
0.033
0.032
0.031
0.031
0.031
0.03
0.028
0.028
0.027
0.027
0.026
0.025
0.024
0.022
0.02
0.019
0.02
0.021
0.022
0.024
0.026
0.028
0.028
0.024
0.02
0.017
0.015
0.012
0.009
0.007
0.005
0.003
0.002
0.0
0.0
0.0
0.0
0.0
0.0
-0.001
-0.005
-0.008
-0.002
0.01
0.021
0.033
0.041
0.045
0.048
0.052
0.056
0.053
0.033
0.022
0.016
0.01
0.005
0.001
-0.001
-0.003
-0.003
-0.003
-0.002
-0.001
0.0
0.002
0.005
0.01
0.019
0.041
0.059
0.069
0.075
0.076
0.071
0.066
0.063
0.062
0.06
0.059
0.058
0.057
0.055
0.054
0.052
0.051
0.049
0.048
0.046
0.045
0.042
0.04
0.037
0.035
0.032
0.029
0.026
0.023
0.02
0.017
0.014
0.011
0.008
0.005
0.002
0.0
-0.002
-0.005
-0.007
-0.009
-0.012
-0.014
-0.017
-0.02
-0.026
-0.04
-0.054
-0.062
-0.067
-0.071
-0.074
-0.073
-0.067
-0.059
-0.051
-0.045
-0.039
-0.033
-0.028
-0.023
-0.019
-0.017
-0.015
-0.014
-0.012
-0.011
-0.01
-0.009
-0.008
-0.006
-0.005
-0.004
-0.002
0.0
0.002
0.005
0.008
0.011
0.014
0.018
0.023
0.034
0.041
0.043
0.044
0.046
0.049
0.051
0.05
0.048
0.045
0.043
0.04
0.039
0.039
0.04
0.042
0.045
0.047
0.052
0.054
0.052
0.048
0.046
0.044
0.042
0.039
0.036
0.033
0.029
0.024
0.016
0.003
-0.022
-0.051
-0.069
-0.079
-0.084
-0.071
-0.033
0.024
0.096
0.177
0.267
0.363
0.455
0.535
0.598
0.63
0.642
0.645
0.64
0.625
0.583
0.54
0.482
0.416
0.352
0.3
0.26
0.215
0.157
0.104
0.058
0.004
-0.051
-0.074
-0.082
-0.086
-0.089
-0.091
-0.091
-0.09
-0.085
-0.077
-0.068
-0.054
-0.033
-0.02
-0.014
-0.011
-0.009
-0.007
-0.005
-0.004
-0.003
-0.001
-0.001
0.0
0.0
0.001
0.003
0.004
0.005
0.006
0.007
0.008
0.009
0.01
0.012
0.014
0.016
0.018
0.021
0.023
0.026
0.028
0.031
0.033
0.035
0.036
0.038
0.039
0.041
0.042
0.044
0.049
0.053
0.052
0.044
0.034
0.025
0.016
0.007
-0.001
-0.009
-0.016
-0.021
-0.024
-0.028
-0.031
-0.036
-0.039
-0.042
-0.044
-0.044
-0.044
-0.043
-0.042
-0.039
-0.035
-0.03
-0.025
-0.02
-0.015
-0.009
0.002
0.014
0.025
0.034
0.038
0.041
0.044
0.047
0.05
0.053
0.055
0.056
0.057
0.06
0.062
0.065
0.068
0.071
0.072
0.074
0.076
0.078
0.082
0.086
0.09
0.095
0.099
0.102
0.102
0.1
0.096
0.091
0.085
0.081
0.078
0.074
0.07
0.065
0.061
0.057
0.053
0.05
0.047
0.044
0.041
0.038
0.035
0.032
0.029
0.022
0.016
0.01
0.005
-0.001
-0.007
-0.016
-0.021
-0.022
-0.017
-0.005
0.028
0.091
0.179
0.279
0.383
0.477
0.552
0.594
0.628
0.653
0.671
0.686
0.701
0.701
0.69
0.659
0.607
0.533
0.467
0.43
0.394
0.361
0.31
0.245
0.179
0.12
0.087
0.07
0.061
0.056
0.051
0.045
0.038
0.031
0.025
0.021
0.018
0.014
0.009
0.006
0.003
0.0
-0.003
-0.006
-0.009
-0.01
-0.011
-0.01
-0.009
-0.007
-0.005
-0.004
-0.004
-0.005
-0.009
-0.012
-0.004
0.01
0.016
0.02
0.024
0.029
0.033
0.036
0.038
0.039
0.04
0.04
0.04
0.041
0.04
0.039
0.038
0.037
0.036
0.035
0.035
0.034
0.032
0.031
0.031
0.03
0.029
0.025
0.021
0.016
0.01
0.004
-0.001
-0.011
-0.021
-0.027
-0.028
-0.03
-0.03
-0.032
-0.033
-0.034
-0.033
-0.028
-0.022
-0.015
-0.015
-0.026
-0.032
-0.037
-0.041
-0.045
-0.047
-0.047
-0.046
-0.046
-0.046
-0.046
-0.045
-0.044
-0.041
-0.039
-0.038
-0.037
-0.039
-0.041
-0.043
-0.046
-0.049
-0.053
-0.055
-0.056
-0.054
-0.053
-0.052
-0.049
-0.048
-0.053
-0.063
-0.071
-0.078
-0.084
-0.09
-0.097
-0.102
-0.105
-0.107
-0.11
-0.112
-0.113
-0.114
-0.114
-0.114
-0.114
-0.114
-0.114
-0.115
-0.115
-0.115
-0.116
-0.118
-0.119
-0.12
-0.122
-0.123
-0.124
-0.125
-0.127
-0.13
-0.132
-0.134
-0.139
-0.144
-0.149
-0.151
-0.15
-0.148
-0.145
-0.14
-0.13
-0.11
-0.098
-0.09
-0.085
-0.083
-0.083
-0.085
-0.089
-0.095
-0.107
-0.13
-0.146
-0.154
-0.161
-0.163
-0.163
-0.159
-0.151
-0.141
-0.122
-0.093
-0.066
-0.043
-0.021
-0.001
0.007
0.01
0.013
0.017
0.019
0.02
0.021
0.022
0.023
0.023
0.023
0.024
0.023
0.023
0.023
0.023
0.024
0.024
0.025
0.025
0.026
0.025
0.025
0.025
0.025
0.025
0.025
0.026
0.027
0.029
0.031
0.033
0.037
0.044
0.051
0.062
0.079
0.093
0.101
0.107
0.113
0.117
0.121
0.124
0.126
0.129
0.132
0.134
0.136
0.137
0.137
0.135
0.131
0.128
0.124
0.12
0.11
0.11
0.121
0.129
0.136
0.141
0.146
0.151
0.155
0.16
0.165
0.17
0.173
0.17
0.163
0.153
0.141
0.123
0.101
0.08
0.062
0.051
0.043
0.037
0.033
0.029
0.026
0.021
0.017
0.011
0.005
-0.001
-0.01
-0.017
-0.017
-0.01
0.002
0.043
0.089
0.147
0.216
0.283
0.349
0.416
0.48
0.542
0.598
0.645
0.685
0.7
0.701
0.692
0.667
0.623
0.573
0.515
0.454
0.394
0.321
0.248
0.193
0.159
0.123
0.089
0.064
0.045
0.03
0.018
0.009
0.0
-0.01
-0.019
-0.029
-0.04
-0.052
-0.058
-0.063
-0.068
-0.072
-0.074
-0.077
-0.078
-0.078
-0.078
-0.076
-0.074
-0.071
-0.067
-0.061
-0.055
-0.042
-0.017
-0.004
0.002
0.008
0.012
0.014
0.013
0.01
0.005
0.001
0.0
-0.002
-0.004
-0.006
-0.009
-0.012
-0.015
-0.019
-0.022
-0.024
-0.027
-0.031
-0.034
-0.037
-0.041
-0.05
-0.058
-0.058
-0.052
-0.045
-0.04
-0.035
-0.031
-0.028
-0.027
-0.028
-0.032
-0.038
-0.047
-0.057
-0.072
-0.095
-0.105
-0.11
-0.113
-0.115
-0.117
-0.119
-0.121
-0.122
-0.12
-0.117
-0.112
-0.106
-0.1
-0.094
-0.088
-0.081
-0.074
-0.067
-0.06
-0.053
-0.046
-0.039
-0.03
-0.016
-0.003
0.006
0.013
0.02
0.025
0.026
0.022
0.013
0.003
-0.006
-0.017
-0.026
-0.03
-0.031
-0.031
-0.033
-0.036
-0.038
-0.035
-0.028
-0.025
-0.022
-0.019
-0.017
-0.014
-0.011
-0.008
-0.006
-0.005
-0.005
-0.006
-0.008
-0.011
-0.014
-0.018
-0.022
-0.026
-0.031
-0.036
-0.041
-0.048
-0.061
-0.073
-0.074
-0.069
-0.057
-0.024
0.031
0.105
0.19
0.288
0.396
0.503
0.602
0.678
0.721
0.737
0.737
0.726
0.695
0.633
0.561
0.497
0.464
0.44
0.42
0.398
0.369
0.33
0.261
0.179
0.108
0.057
0.023
0.008
0.003
0.0
-0.004
-0.008
-0.01
-0.012
-0.013
-0.014
-0.015
-0.016
-0.017
-0.018
-0.018
-0.018
-0.018
-0.017
-0.016
-0.015
-0.013
-0.011
-0.009
-0.006
-0.002
0.001
0.005
0.009
0.013
0.016
0.023
0.043
0.065
0.079
0.089
0.097
0.103
0.107
0.107
0.105
0.102
0.099
0.097
0.095
0.093
0.091
0.088
0.085
0.082
0.079
0.077
0.075
0.073
0.072
0.071
0.07
0.07
0.069
0.068
0.066
0.063
0.06
0.058
0.058
0.059
0.061
0.064
0.068
0.072
0.077
0.083
0.086
0.084
0.079
0.073
0.068
0.062
0.057
0.054
0.057
0.063
0.072
0.084
0.1
0.103
0.106
0.108
0.11
0.111
0.109
0.103
0.096
0.093
0.09
0.087
0.085
0.082
0.079
0.075
0.072
0.07
0.068
0.067
0.066
0.065
0.064
0.063
0.062
0.059
0.053
0.048
0.047
0.049
0.051
0.053
0.057
0.055
0.042
0.027
0.011
0.001
-0.01
-0.03
-0.044
-0.052
-0.057
-0.06
-0.057
-0.052
-0.045
-0.038
-0.031
-0.023
-0.014
-0.004
0.002
0.009
0.016
0.021
0.023
0.021
0.016
0.007
-0.001
-0.016
-0.038
-0.044
-0.05
-0.056
-0.044
-0.008
0.039
0.103
0.176
0.249
0.313
0.368
0.406
0.421
0.433
0.447
0.47
0.52
0.572
0.589
0.582
0.559
0.5
0.429
0.359
0.316
0.295
0.266
0.229
0.188
0.143
0.097
0.056
0.032
0.017
0.009
0.003
-0.004
-0.012
-0.02
-0.024
-0.029
-0.033
-0.037
-0.04
-0.043
-0.044
-0.044
-0.044
-0.043
-0.043
-0.042
-0.041
-0.039
-0.037
-0.036
-0.034
-0.031
-0.027
-0.025
-0.024
-0.026
-0.03
-0.037
-0.044
-0.052
-0.066
-0.067
-0.057
-0.046
-0.033
-0.019
-0.006
0.003
0.013
0.022
0.028
0.033
0.037
0.041
0.042
0.042
0.04
0.037
0.034
0.032
0.031
0.03
0.028
0.026
0.024
0.022
0.02
0.018
0.016
0.014
0.011
0.009
0.007
0.006
0.004
0.001
-0.001
-0.005
-0.009
-0.013
-0.017
-0.023
-0.03
-0.04
-0.052
-0.065
-0.086
-0.109
-0.12
-0.128
-0.133
-0.133
-0.129
-0.122
-0.114
-0.103
-0.09
-0.083
-0.077
-0.073
-0.07
-0.069
-0.072
-0.076
-0.083
-0.091
-0.102
-0.11
-0.115
-0.119
-0.122
-0.125
-0.126
-0.123
-0.117
-0.108
-0.1
-0.092
-0.084
-0.075
-0.069
-0.067
-0.066
-0.065
-0.065
-0.065
-0.064
-0.064
-0.063
-0.062
-0.059
-0.054
-0.049
-0.045
-0.041
-0.037
-0.034
-0.032
-0.03
-0.028
-0.026
-0.024
-0.022
-0.021
-0.019
-0.018
-0.016
-0.014
-0.012
-0.01
-0.008
-0.006
-0.004
-0.002
0.0
0.006
0.012
0.012
0.007
0.0
-0.007
-0.016
-0.021
-0.023
-0.024
-0.026
-0.028
-0.03
-0.03
-0.025
-0.02
-0.016
-0.014
-0.011
-0.008
-0.006
-0.004
-0.003
-0.002
-0.002
-0.002
-0.003
-0.004
-0.006
-0.008
-0.011
-0.013
-0.016
-0.019
-0.021
-0.025
-0.028
-0.031
-0.032
-0.034
-0.035
-0.036
-0.037
-0.038
-0.039
-0.04
-0.04
-0.04
-0.04
-0.039
-0.036
-0.032
-0.028
-0.023
-0.016
-0.008
0.0
0.008
0.014
0.021
0.026
0.03
0.032
0.034
0.035
0.036
0.036
0.037
0.039
0.04
0.041
0.042
0.043
0.045
0.046
0.048
0.049
0.05
0.051
0.052
0.053
0.056
0.059
0.062
0.063
0.061
0.058
0.053
0.048
0.042
0.034
0.027
0.027
0.031
0.04
0.069
0.109
0.157
0.217
0.29
0.371
0.455
0.53
0.595
0.656
0.718
0.754
0.768
0.768
0.758
0.731
0.669
0.573
0.473
0.387
0.329
0.295
0.273
0.246
0.222
0.189
0.146
0.102
0.063
0.04
0.019
-0.002
-0.014
-0.021
-0.026
-0.029
-0.03
-0.029
-0.025
-0.02
-0.016
-0.011
-0.006
0.0
0.006
0.013
0.02
0.026
0.034
0.041
0.047
0.053
0.058
0.061
0.063
0.065
0.067
0.067
0.068
0.068
0.068
0.068
0.068
0.068
0.069
0.07
0.071
0.072
0.072
0.073
0.073
0.073
0.074
0.075
0.078
0.08
0.082
0.09
0.103
0.108
0.112
0.111
0.1
0.089
0.076
0.062
0.05
0.04
0.031
0.024
0.01
-0.008
-0.016
-0.02
-0.022
-0.025
-0.026
-0.027
-0.029
-0.03
-0.03
-0.03
-0.029
-0.028
-0.027
-0.026
-0.026
-0.026
-0.026
-0.025
-0.024
-0.023
-0.023
-0.022
-0.021
-0.02
-0.019
-0.016
-0.012
-0.008
-0.005
-0.001
0.001
0.004
0.005
0.007
0.009
0.011
0.014
0.017
0.021
0.024
0.027
0.03
0.034
0.038
0.041
0.045
0.048
0.051
0.052
0.053
0.054
0.057
0.061
0.067
0.071
0.067
0.055
0.036
0.008
-0.006
-0.013
-0.018
-0.021
-0.024
-0.028
-0.033
-0.036
-0.039
-0.042
-0.046
-0.052
-0.066
-0.083
-0.093
-0.091
-0.063
-0.017
0.05
0.135
0.222
0.313
0.406
0.491
0.567
0.629
0.68
0.725
0.759
0.771
0.762
0.736
0.662
0.579
0.488
0.407
0.357
0.315
0.274
0.251
0.216
0.171
0.112
0.055
0.008
-0.021
-0.037
-0.045
-0.05
-0.054
-0.057
-0.058
-0.058
-0.057
-0.055
-0.051
-0.047
-0.043
-0.039
-0.03
-0.023
-0.022
-0.024
-0.028
-0.03
-0.032
-0.033
-0.034
-0.034
-0.035
-0.036
-0.036
-0.035
-0.034
-0.033
-0.031
-0.029
-0.026
-0.024
-0.022
-0.018
-0.012
-0.008
-0.006
-0.007
-0.009
-0.011
-0.013
-0.015
-0.017
-0.018
-0.021
-0.023
-0.024
-0.025
-0.026
-0.026
-0.026
-0.027
-0.028
-0.029
-0.029
-0.03
-0.031
-0.034
-0.037
-0.041
-0.046
-0.051
-0.055
-0.06
-0.065
-0.068
-0.068
-0.065
-0.061
-0.055
-0.049
-0.04
-0.034
-0.029
-0.024
-0.021
-0.023
-0.027
-0.03
-0.035
-0.038
-0.035
-0.027
-0.016
0.0
0.012
0.021
0.023
0.025
0.027
0.029
0.027
0.02
0.009
0.0
-0.003
-0.006
-0.007
-0.005
0.0
0.004
0.01
0.01
0.002
-0.005
-0.012
-0.02
-0.029
-0.035
-0.04
-0.044
-0.047
-0.052
-0.057
-0.063
-0.068
-0.072
-0.078
-0.084
-0.088
-0.089
-0.086
-0.082
-0.077
-0.069
-0.053
-0.035
-0.021
-0.015
-0.011
-0.008
-0.006
-0.006
-0.006
-0.007
-0.009
-0.011
-0.017
-0.015
0.013
0.051
0.102
0.163
0.232
0.309
0.386
0.45
0.497
0.526
0.546
0.563
0.575
0.579
0.58
0.582
0.585
0.584
0.572
0.54
0.477
0.405
0.334
0.266
0.217
0.198
0.19
0.182
0.17
0.155
0.134
0.112
0.091
0.071
0.052
0.033
0.022
0.019
0.016
0.014
0.017
0.026
0.035
0.046
0.053
0.058
0.063
0.065
0.061
0.056
0.054
0.051
0.049
0.046
0.045
0.044
0.043
0.042
0.042
0.041
0.042
0.043
0.044
0.046
0.047
0.049
0.051
0.052
0.054
0.057
0.059
0.061
0.063
0.063
0.063
0.062
0.059
0.055
0.05
0.04
0.023
0.007
-0.007
-0.017
-0.024
-0.028
-0.028
-0.024
-0.018
-0.013
-0.006
-0.002
-0.006
-0.013
-0.019
-0.023
-0.028
-0.03
-0.03
-0.027
-0.024
-0.021
-0.018
-0.015
-0.013
-0.011
-0.007
-0.004
0.0
0.002
0.007
0.013
0.018
0.018
0.012
0.002
-0.014
-0.031
-0.037
-0.042
-0.044
-0.041
-0.035
-0.025
-0.012
-0.002
0.004
0.007
0.01
0.012
0.012
0.006
-0.004
-0.015
-0.02
-0.023
-0.025
-0.023
-0.016
-0.006
0.008
0.021
0.029
0.033
0.03
0.024
0.014
0.0
-0.006
-0.009
-0.011
-0.013
-0.015
-0.016
-0.017
-0.018
-0.018
-0.017
-0.016
-0.015
-0.013
-0.01
-0.007
-0.003
0.0
0.006
0.011
0.016
0.021
0.026
0.032
0.038
0.044
0.049
0.055
0.059
0.058
0.053
0.047
0.043
0.04
0.037
0.035
0.033
0.032
0.031
0.032
0.032
0.034
0.036
0.038
0.042
0.05
0.067
0.078
0.086
0.09
0.087
0.081
0.075
0.068
0.062
0.057
0.049
0.039
0.033
0.029
0.032
0.035
0.038
0.039
0.036
0.029
0.023
0.018
0.013
0.007
0.003
-0.001
-0.006
-0.01
-0.01
-0.007
-0.001
0.002
0.006
0.012
0.019
0.027
0.033
0.04
0.047
0.05
0.048
0.044
0.037
0.026
0.01
-0.014
-0.047
-0.06
-0.065
-0.065
-0.058
-0.047
-0.033
-0.009
0.016
0.033
0.054
0.066
0.071
0.074
0.076
0.072
0.065
0.06
0.055
0.051
0.048
0.045
0.043
0.041
0.039
0.037
0.036
0.034
0.032
0.029
0.026
0.021
0.015
0.005
0.005
0.014
0.021
0.027
0.031
0.034
0.035
0.037
0.041
0.045
0.039
0.021
-0.003
-0.011
-0.018
-0.024
-0.03
-0.037
-0.04
-0.038
-0.031
-0.012
0.031
0.094
0.172
0.263
0.351
0.413
0.444
0.459
0.473
0.49
0.512
0.517
0.502
0.448
0.387
0.332
0.289
0.261
0.248
0.233
0.198
0.14
0.081
0.034
0.0
-0.014
-0.02
-0.023
-0.025
-0.027
-0.029
-0.031
-0.033
-0.035
-0.038
-0.042
-0.048
-0.053
-0.057
-0.061
-0.065
-0.064
-0.056
-0.052
-0.048
-0.045
-0.043
-0.041
-0.042
-0.045
-0.048
-0.052
-0.055
-0.061
-0.066
-0.067
-0.064
-0.061
-0.059
-0.058
-0.056
-0.055
-0.054
-0.053
-0.053
-0.052
-0.053
-0.054
-0.055
-0.058
-0.061
-0.065
-0.069
-0.074
-0.084
-0.09
-0.093
-0.096
-0.099
-0.098
-0.089
-0.08
-0.071
-0.067
-0.066
-0.064
-0.062
-0.061
-0.065
-0.072
-0.08
-0.089
-0.098
-0.108
-0.126
-0.142
-0.152
-0.157
-0.158
-0.158
-0.158
-0.159
-0.159
-0.154
-0.145
-0.138
-0.132
-0.127
-0.122
-0.117
-0.113
-0.109
-0.106
-0.104
-0.102
-0.101
-0.099
-0.097
-0.095
-0.093
-0.092
-0.09
-0.088
-0.086
-0.083
-0.077
-0.066
-0.054
-0.048
-0.045
-0.042
-0.039
-0.037
-0.036
-0.035
-0.035
-0.036
-0.037
-0.037
-0.038
-0.039
-0.04
-0.041
-0.042
-0.042
-0.043
-0.043
-0.044
-0.045
-0.046
-0.047
-0.049
-0.05
-0.05
-0.05
-0.049
-0.049
-0.047
-0.046
-0.044
-0.043
-0.041
-0.039
-0.037
-0.033
-0.014
0.032
0.1
0.182
0.267
0.341
0.4
0.435
0.468
0.506
0.543
0.556
0.557
0.55
0.531
0.493
0.474
0.445
0.415
0.38
0.346
0.301
0.247
0.204
0.183
0.154
0.121
0.098
0.078
0.065
0.056
0.05
0.046
0.043
0.04
0.036
0.032
0.028
0.025
0.022
0.02
0.018
0.016
0.015
0.013
0.012
0.011
0.011
0.011
0.012
0.013
0.015
0.017
0.021
0.025
0.029
0.035
0.047
0.056
0.066
0.081
0.098
0.116
0.131
0.141
0.15
0.156
0.161
0.165
0.166
0.162
0.158
0.157
0.156
0.154
0.153
0.152
0.151
0.149
0.148
0.147
0.145
0.144
0.142
0.141
0.14
0.139
0.138
0.136
0.135
0.133
0.13
0.127
0.124
0.123
0.122
0.122
0.123
0.124
0.127
0.129
0.134
0.141
0.144
0.146
0.148
0.15
0.151
0.149
0.146
0.144
0.142
0.139
0.14
0.145
0.152
0.157
0.162
0.166
0.168
0.167
0.163
0.159
0.156
0.154
0.151
0.148
0.145
0.142
0.139
0.136
0.132
0.127
0.119
0.109
0.102
0.098
0.093
0.09
0.086
0.084
0.082
0.079
0.076
0.072
0.066
0.059
0.051
0.048
0.045
0.044
0.042
0.04
0.039
0.037
0.035
0.033
0.031
0.029
0.027
0.026
0.023
0.02
0.012
-0.005
-0.024
-0.043
-0.058
-0.069
-0.069
-0.057
-0.023
0.026
0.092
0.177
0.268
0.349
0.419
0.473
0.507
0.523
0.534
0.546
0.564
0.594
0.623
0.633
0.624
0.596
0.544
0.492
0.436
0.375
0.321
0.276
0.229
0.173
0.117
0.065
0.025
0.007
0.0
-0.005
-0.009
-0.013
-0.019
-0.028
-0.043
-0.059
-0.072
-0.078
-0.083
-0.085
-0.083
-0.078
-0.072
-0.065
-0.052
-0.042
-0.035
-0.03
-0.026
-0.023
-0.021
-0.019
-0.018
-0.017
-0.017
-0.015
-0.014
-0.012
-0.012
-0.011
-0.01
-0.008
-0.006
-0.003
0.002
0.013
0.019
0.023
0.025
0.023
0.019
0.014
0.01
0.006
0.002
-0.001
-0.007
