-0.022
-0.024
-0.025
-0.026
-0.027
-0.028
-0.03
-0.031
-0.032
-0.033
-0.034
-0.035
-0.037
-0.038
-0.038
-0.038
-0.037
-0.036
-0.035
-0.035
-0.036
-0.036
-0.036
-0.036
-0.036
-0.036
-0.036
-0.037
-0.038
-0.039
-0.039
-0.039
-0.04
-0.041
-0.042
-0.042
-0.042
-0.042
-0.043
-0.044
-0.046
-0.048
-0.049
-0.051
-0.052
-0.055
-0.059
-0.063
-0.068
-0.071
-0.074
-0.076
-0.076
-0.076
-0.074
-0.071
-0.067
-0.062
-0.057
-0.052
-0.048
-0.044
-0.04
-0.035
-0.03
-0.026
-0.024
-0.025
-0.029
-0.036
-0.044
-0.052
-0.058
-0.065
-0.073
-0.08
-0.087
-0.093
-0.099
-0.103
-0.107
-0.111
-0.114
-0.119
-0.123
-0.13
-0.136
-0.138
-0.134
-0.125
-0.111
-0.067
0.019
0.157
0.348
0.596
0.863
1.095
1.219
1.219
1.091
0.837
0.551
0.293
0.108
0.005
-0.033
-0.074
-0.123
-0.188
-0.212
-0.219
-0.223
-0.225
-0.227
-0.229
-0.231
-0.233
-0.234
-0.237
-0.243
-0.252
-0.251
-0.234
-0.215
-0.196
-0.185
-0.18
-0.177
-0.175
-0.173
-0.17
-0.167
-0.163
-0.16
-0.156
-0.152
-0.145
-0.131
-0.106
-0.096
-0.093
-0.09
-0.088
-0.086
-0.082
-0.077
-0.071
-0.065
-0.057
-0.048
-0.038
-0.02
0.009
0.025
0.037
0.048
0.061
0.077
0.089
0.098
0.106
0.114
0.121
0.127
0.133
0.14
0.146
0.155
0.163
0.168
0.167
0.162
0.153
0.142
0.123
0.091
0.063
0.033
0.002
-0.03
-0.048
-0.056
-0.062
-0.068
-0.072
-0.075
-0.077
-0.08
-0.082
-0.083
-0.085
-0.087
-0.089
-0.091
-0.094
-0.097
-0.101
-0.105
-0.109
-0.112
-0.115
-0.119
-0.123
-0.128
-0.136
-0.148
-0.154
-0.145
-0.128
-0.116
-0.102
-0.092
-0.092
-0.099
-0.107
-0.114
-0.123
-0.131
-0.137
-0.143
-0.151
-0.16
-0.145
-0.119
-0.1
-0.092
-0.086
-0.086
-0.092
-0.096
-0.098
-0.1
-0.102
-0.103
-0.101
-0.095
-0.088
-0.083
-0.079
-0.076
-0.072
-0.067
-0.063
-0.059
-0.056
-0.054
-0.052
-0.051
-0.049
-0.048
-0.048
-0.048
-0.049
-0.05
-0.05
-0.049
-0.047
-0.045
-0.043
-0.041
-0.039
-0.036
-0.034
-0.032
-0.03
-0.028
-0.027
-0.027
-0.026
-0.025
-0.024
-0.023
-0.021
-0.02
-0.018
-0.016
-0.014
-0.011
-0.008
-0.005
-0.003
0.0
0.002
0.005
0.008
0.011
0.015
0.021
0.031
0.042
0.047
0.044
0.036
0.025
0.014
-0.001
-0.009
-0.013
-0.018
-0.023
-0.004
0.025
0.061
0.09
0.11
0.113
0.117
0.121
0.107
0.089
0.073
0.063
0.057
0.05
0.045
0.043
0.043
0.045
0.047
0.051
0.057
0.041
0.017
-0.015
-0.039
-0.053
-0.061
-0.06
-0.053
-0.044
-0.029
-0.001
0.059
0.176
0.388
0.699
1.037
1.321
1.442
1.433
1.259
0.96
0.649
0.387
0.203
0.094
0.042
0.028
0.019
0.013
0.005
0.0
-0.002
-0.005
-0.012
-0.022
-0.039
-0.055
-0.069
-0.073
-0.074
-0.075
-0.077
-0.079
-0.079
-0.071
-0.062
-0.056
-0.052
-0.048
-0.045
-0.042
-0.037
-0.031
-0.026
-0.022
-0.019
-0.016
-0.012
-0.005
0.011
0.048
0.065
0.072
0.077
0.081
0.085
0.089
0.094
0.098
0.101
0.103
0.105
0.109
0.115
0.127
0.156
0.174
0.183
0.19
0.196
0.201
0.205
0.209
0.212
0.218
0.227
0.226
0.209
0.197
0.187
0.177
0.169
0.162
0.155
0.148
0.142
0.135
0.127
0.118
0.107
0.095
0.08
0.06
0.042
0.027
0.014
0.002
-0.006
-0.015
-0.022
-0.026
-0.03
-0.034
-0.037
-0.04
-0.043
-0.046
-0.049
-0.052
-0.055
-0.057
-0.059
-0.061
-0.063
-0.065
-0.068
-0.072
-0.075
-0.076
-0.073
-0.066
-0.058
-0.05
-0.045
-0.041
-0.036
-0.03
-0.023
-0.017
-0.01
-0.005
0.0
0.003
0.006
0.009
0.012
0.015
0.018
0.021
0.025
0.029
0.033
0.035
0.034
0.032
0.028
0.024
0.021
0.019
0.016
0.011
0.006
0.001
-0.002
-0.004
-0.004
-0.002
0.0
0.001
0.002
0.006
0.013
0.012
-0.001
-0.01
-0.017
-0.023
-0.027
-0.03
-0.028
-0.023
-0.015
-0.006
0.001
0.01
0.022
0.034
0.042
0.045
0.047
0.048
0.049
0.05
0.051
0.052
0.052
0.052
0.052
0.052
0.052
0.053
0.054
0.054
0.053
0.053
0.053
0.054
0.055
0.057
0.059
0.06
0.062
0.064
0.065
0.067
0.068
0.068
0.068
0.067
0.065
0.063
0.061
0.059
0.056
0.054
0.053
0.051
0.049
0.047
0.046
0.042
0.036
0.027
0.019
0.015
0.015
0.017
0.021
0.025
0.032
0.043
0.042
0.027
0.012
-0.003
-0.002
0.017
0.071
0.178
0.335
0.543
0.784
1.004
1.108
1.108
1.006
0.791
0.526
0.28
0.101
0.001
-0.028
-0.034
-0.037
-0.039
-0.041
-0.044
-0.045
-0.047
-0.048
-0.05
-0.053
-0.056
-0.058
-0.058
-0.059
-0.06
-0.062
-0.064
-0.067
-0.07
-0.073
-0.076
-0.08
-0.087
-0.091
-0.083
-0.069
-0.062
-0.057
-0.053
-0.049
-0.046
-0.042
-0.039
-0.034
-0.031
-0.027
-0.024
-0.021
-0.017
-0.014
-0.009
-0.003
0.003
0.01
0.017
0.025
0.034
0.044
0.058
0.077
0.095
0.111
0.131
0.153
0.171
0.182
0.19
0.197
0.202
0.204
0.203
0.2
0.194
0.185
0.174
0.158
0.132
0.111
0.091
0.07
0.049
0.031
0.016
0.0
-0.017
-0.031
-0.044
-0.057
-0.07
-0.082
-0.095
-0.109
-0.123
-0.136
-0.141
-0.145
-0.148
-0.15
-0.151
-0.153
-0.154
-0.156
-0.158
-0.158
-0.158
-0.157
-0.157
-0.157
-0.158
-0.159
-0.158
-0.158
-0.158
-0.159
-0.161
-0.162
-0.163
-0.165
-0.165
-0.166
-0.168
-0.171
-0.174
-0.183
-0.202
-0.215
-0.225
-0.225
-0.208
-0.193
-0.181
-0.169
-0.156
-0.143
-0.131
-0.12
-0.109
-0.1
-0.091
-0.083
-0.07
-0.052
-0.029
-0.012
0.0
0.01
0.019
0.027
0.036
0.049
0.067
0.087
0.099
0.108
0.115
0.12
0.122
0.121
0.115
0.108
0.101
0.098
0.094
0.091
0.087
0.083
0.079
0.075
0.072
0.069
0.068
0.066
0.066
0.067
0.069
0.072
0.074
0.077
0.079
0.082
0.084
0.086
0.089
0.091
0.093
0.095
0.097
0.101
0.104
0.108
0.111
0.115
0.117
0.12
0.122
0.124
0.125
0.125
0.124
0.122
0.119
0.116
0.112
0.108
0.104
0.1
0.096
0.092
0.088
0.082
0.068
0.054
0.046
0.041
0.036
0.031
0.026
0.022
0.017
0.011
0.004
-0.003
-0.01
-0.019
-0.032
-0.041
-0.04
-0.034
-0.023
0.01
0.075
0.182
0.351
0.586
0.861
1.107
1.235
1.243
1.154
0.953
0.694
0.431
0.219
0.078
-0.009
-0.069
-0.087
-0.093
-0.098
-0.083
-0.074
-0.071
-0.068
-0.067
-0.065
-0.063
-0.062
-0.061
-0.06
-0.059
-0.058
-0.057
-0.057
-0.056
-0.055
-0.054
-0.054
-0.054
-0.052
-0.05
-0.047
-0.043
-0.038
-0.034
-0.025
-0.005
0.008
0.027
0.046
0.054
0.06
0.065
0.068
0.07
0.069
0.066
0.06
0.054
0.048
0.039
0.033
0.038
0.051
0.072
0.104
0.127
0.142
0.152
0.159
0.164
0.168
0.172
0.175
0.177
0.179
0.179
0.178
0.175
0.17
0.163
0.155
0.139
0.106
0.07
0.032
-0.009
-0.053
-0.082
-0.1
-0.112
-0.115
-0.114
-0.111
-0.108
-0.104
-0.101
