0.035
0.04
0.043
0.046
0.049
0.054
0.063
0.072
0.076
0.069
0.055
0.04
0.028
0.014
0.002
-0.001
0.003
0.013
0.026
0.043
0.069
0.097
0.113
0.125
0.134
0.141
0.146
0.149
0.15
0.151
0.153
0.157
0.163
0.161
0.136
0.108
0.08
0.065
0.055
0.045
0.038
0.037
0.043
0.05
0.058
0.068
0.076
0.078
0.072
0.065
0.058
0.051
0.044
0.043
0.052
0.064
0.074
0.085
0.094
0.094
0.081
0.065
0.055
0.045
0.035
0.028
0.024
0.023
0.026
0.031
0.039
0.048
0.059
0.077
0.098
0.124
0.166
0.214
0.279
0.34
0.401
0.465
0.542
0.627
0.711
0.782
0.855
0.879
0.861
0.808
0.733
0.705
0.684
0.635
0.55
0.447
0.332
0.208
0.083
-0.026
-0.073
-0.091
-0.09
-0.075
-0.065
-0.059
-0.054
-0.051
-0.048
-0.044
-0.039
-0.036
-0.031
-0.024
-0.018
-0.011
0.0
0.008
0.009
0.001
-0.009
-0.017
-0.026
-0.034
-0.038
-0.034
-0.025
-0.012
0.013
0.036
0.042
0.045
0.048
0.05
0.051
0.047
0.041
0.033
0.024
0.012
0.007
0.015
0.032
0.059
0.097
0.121
0.135
0.147
0.163
0.176
0.184
0.19
0.196
0.201
0.206
0.21
0.214
0.216
0.217
0.217
0.217
0.216
0.213
0.209
0.203
0.196
0.188
0.18
0.171
0.156
0.121
0.092
0.073
0.06
0.05
0.041
0.03
0.019
0.008
-0.003
-0.018
-0.039
-0.057
-0.073
-0.082
-0.09
-0.096
-0.101
-0.104
-0.105
-0.104
-0.101
-0.095
-0.089
-0.082
-0.075
-0.068
-0.058
-0.047
-0.039
-0.038
-0.046
-0.06
-0.074
-0.086
-0.1
-0.114
-0.124
-0.124
-0.115
-0.102
-0.089
-0.08
-0.07
-0.061
-0.053
-0.048
-0.047
-0.048
-0.05
-0.052
-0.053
-0.054
-0.055
-0.057
-0.059
-0.062
-0.066
-0.07
-0.073
-0.075
-0.075
-0.074
-0.071
-0.067
-0.062
-0.056
-0.051
-0.045
-0.04
-0.037
-0.035
-0.034
-0.033
-0.031
-0.029
-0.027
-0.025
-0.022
-0.019
-0.015
-0.01
-0.006
-0.003
-0.002
-0.001
0.0
0.0
0.001
0.002
0.003
0.003
0.002
0.0
0.0
-0.001
-0.004
-0.008
-0.013
-0.018
-0.022
-0.026
-0.031
-0.035
-0.042
-0.058
-0.074
-0.081
-0.078
-0.066
-0.049
-0.019
0.015
0.032
0.044
0.041
0.011
-0.02
-0.055
-0.081
-0.115
-0.152
-0.176
-0.193
-0.193
-0.169
-0.134
-0.089
-0.046
-0.003
0.044
0.078
0.095
0.107
0.105
0.072
-0.02
-0.11
-0.198
-0.226
-0.209
-0.16
-0.01
0.178
0.366
0.526
0.65
0.748
0.84
0.926
0.954
0.94
0.898
0.768
0.633
0.504
0.393
0.304
0.22
0.162
0.094
0.02
-0.028
-0.054
-0.072
-0.085
-0.095
-0.103
-0.111
-0.119
-0.131
-0.148
-0.159
-0.167
-0.172
-0.176
-0.181
-0.184
-0.185
-0.18
-0.17
-0.157
-0.143
-0.131
-0.12
-0.107
-0.094
-0.084
-0.077
-0.071
-0.067
-0.063
-0.061
-0.06
-0.058
-0.056
-0.055
-0.052
-0.049
-0.045
-0.041
-0.037
-0.034
-0.032
-0.029
-0.026
-0.021
-0.014
-0.005
0.009
0.025
0.041
0.058
0.077
0.1
0.123
0.147
0.16
0.17
0.178
0.185
0.191
0.194
0.194
0.191
0.185
0.176
0.167
0.157
0.146
0.131
0.114
0.096
0.077
0.057
0.038
0.019
0.002
-0.01
-0.021
-0.029
-0.035
-0.04
-0.045
-0.05
-0.055
-0.061
-0.065
-0.069
-0.073
-0.075
-0.077
-0.079
-0.08
-0.081
-0.082
-0.083
-0.085
-0.088
-0.093
-0.096
-0.096
-0.09
-0.081
-0.07
-0.061
-0.055
-0.049
-0.044
-0.039
-0.035
-0.031
-0.03
-0.029
-0.029
-0.028
-0.027
-0.025
-0.024
-0.022
-0.02
-0.018
-0.015
-0.011
-0.009
-0.007
-0.006
-0.005
-0.004
-0.003
-0.003
-0.003
-0.002
-0.001
0.0
0.002
0.005
0.007
0.008
0.008
0.009
0.009
0.01
0.009
0.009
0.009
0.008
0.009
0.01
0.013
0.015
0.017
0.019
0.022
0.025
0.028
0.032
0.035
0.039
0.042
0.046
0.051
0.055
0.058
0.061
0.064
0.067
0.069
0.071
0.073
0.074
0.073
0.071
0.069
0.068
0.065
0.062
0.058
0.053
0.049
0.045
0.042
0.04
0.039
0.037
0.035
0.033
0.032
0.029
0.026
0.023
0.019
0.016
0.013
0.011
0.01
0.01
0.01
0.01
0.01
0.01
0.01
0.01
0.01
0.009
0.007
0.005
0.002
0.0
-0.001
-0.003
-0.004
-0.006
-0.011
-0.021
0.012
0.065
0.127
0.234
0.365
0.51
0.656
0.789
0.902
0.995
1.044
1.077
1.101
1.102
1.077
1.012
0.902
0.758
0.592
0.419
0.272
0.172
0.115
0.076
0.051
0.028
0.008
-0.01
-0.027
-0.039
-0.044
-0.047
-0.05
-0.055
-0.058
-0.06
-0.053
-0.039
-0.024
-0.014
-0.005
0.003
0.011
0.018
0.021
0.021
0.016
0.009
0.0
-0.009
-0.019
-0.036
-0.051
-0.053
-0.039
