0.071
0.078
0.088
0.102
0.12
0.135
0.145
0.155
0.165
0.175
0.185
0.195
0.205
0.213
0.221
0.228
0.237
0.244
0.249
0.254
0.258
0.263
0.267
0.269
0.266
0.26
0.25
0.234
0.209
0.186
0.159
0.135
0.117
0.101
0.081
0.055
0.034
0.019
0.0
-0.016
-0.028
-0.037
-0.046
-0.053
-0.058
-0.062
-0.065
-0.069
-0.072
-0.074
-0.075
-0.077
-0.078
-0.079
-0.079
-0.08
-0.081
-0.081
-0.083
-0.085
-0.087
-0.088
-0.085
-0.076
-0.066
-0.058
-0.051
-0.043
-0.037
-0.032
-0.028
-0.025
-0.023
-0.023
-0.022
-0.022
-0.021
-0.021
-0.02
-0.02
-0.019
-0.018
-0.017
-0.016
-0.015
-0.015
-0.014
-0.014
-0.013
-0.013
-0.012
-0.012
-0.011
-0.01
-0.009
-0.007
-0.006
-0.004
-0.003
-0.002
-0.001
0.0
0.0
0.0
0.0
-0.001
-0.002
-0.002
-0.002
-0.002
-0.002
-0.003
-0.007
-0.013
-0.02
-0.027
-0.032
-0.037
-0.041
-0.045
-0.049
-0.051
-0.052
-0.052
-0.051
-0.05
-0.047
-0.045
-0.042
-0.039
-0.036
-0.034
-0.032
-0.03
-0.028
-0.026
-0.025
-0.023
-0.022
-0.02
-0.019
-0.019
-0.019
-0.02
-0.02
-0.021
-0.021
-0.022
-0.022
-0.022
-0.022
-0.023
-0.023
-0.023
-0.024
-0.025
-0.026
-0.027
-0.029
-0.031
-0.032
-0.033
-0.034
-0.035
-0.035
-0.036
-0.038
-0.039
-0.04
-0.041
-0.042
-0.042
-0.044
-0.045
-0.046
-0.047
-0.047
-0.048
-0.047
-0.047
-0.048
-0.049
-0.049
-0.049
-0.05
-0.051
-0.052
-0.054
-0.055
-0.055
-0.056
-0.056
-0.056
-0.057
-0.058
-0.059
-0.059
-0.059
-0.058
-0.058
-0.059
-0.059
-0.059
-0.059
-0.058
-0.058
-0.057
-0.057
-0.056
-0.055
-0.054
-0.052
-0.05
-0.048
-0.046
-0.044
-0.041
-0.037
-0.032
-0.027
-0.022
-0.018
-0.014
-0.009
-0.005
0.0
0.002
0.006
0.009
0.012
0.015
0.019
0.022
0.025
0.028
0.031
0.034
0.036
0.037
0.036
0.033
0.027
0.02
0.013
0.006
-0.002
-0.015
-0.028
-0.035
-0.04
-0.044
-0.046
-0.047
-0.048
-0.05
-0.051
-0.052
-0.052
-0.051
-0.05
-0.049
-0.048
-0.048
-0.049
-0.049
-0.05
-0.05
-0.051
-0.051
-0.051
-0.051
-0.051
-0.05
-0.05
-0.051
-0.052
-0.053
-0.054
-0.055
-0.056
-0.059
-0.062
-0.07
-0.096
-0.134
-0.16
-0.18
-0.176
-0.118
0.007
0.2
0.447
0.723
0.976
1.146
1.193
1.104
0.893
0.607
0.325
0.112
-0.006
-0.031
-0.037
-0.041
-0.045
-0.051
-0.058
-0.064
-0.069
-0.073
-0.077
-0.082
-0.085
-0.088
-0.09
-0.093
-0.095
-0.098
-0.099
-0.1
-0.1
-0.1
-0.099
-0.1
-0.101
-0.102
-0.104
-0.105
-0.107
-0.108
-0.11
-0.111
-0.112
-0.112
-0.111
-0.11
-0.108
-0.106
-0.104
-0.102
-0.1
-0.098
-0.095
-0.092
-0.09
-0.087
-0.083
-0.075
-0.065
-0.058
-0.051
-0.044
-0.039
-0.035
-0.031
-0.027
-0.023
-0.019
-0.016
-0.013
-0.009
-0.004
0.0
0.007
0.017
0.028
0.037
0.047
0.065
0.093
0.114
0.126
0.139
0.152
0.165
0.178
0.191
0.204
0.215
0.226
0.234
0.24
0.245
0.249
0.254
0.258
0.257
0.249
0.236
0.221
0.201
0.182
0.158
0.128
0.106
0.092
0.079
0.067
0.052
0.034
0.014
0.0
-0.012
-0.023
-0.036
-0.049
-0.063
-0.078
-0.087
-0.088
-0.089
-0.089
-0.089
-0.089
-0.089
-0.089
-0.089
-0.089
-0.09
-0.09
-0.091
-0.091
-0.091
-0.091
-0.09
-0.089
-0.089
-0.088
-0.086
-0.085
-0.084
-0.083
-0.082
-0.081
-0.08
-0.079
-0.078
-0.077
-0.076
-0.075
-0.074
-0.072
-0.07
-0.068
-0.065
-0.063
-0.061
-0.058
-0.056
-0.055
-0.054
-0.053
-0.053
-0.053
-0.053
-0.054
-0.054
-0.054
-0.054
-0.053
-0.052
-0.051
-0.049
-0.047
-0.045
-0.043
-0.042
-0.04
-0.039
-0.037
-0.037
-0.036
-0.034
-0.033
-0.032
-0.031
-0.029
-0.028
-0.026
-0.025
-0.024
-0.022
-0.021
-0.019
-0.018
-0.018
-0.018
-0.018
-0.018
-0.018
-0.018
-0.018
-0.017
-0.017
-0.017
-0.016
-0.015
-0.014
-0.012
-0.011
-0.009
-0.006
-0.004
-0.002
0.0
0.002
0.004
0.006
0.007
0.009
0.01
0.013
0.015
0.018
0.021
0.024
0.026
0.028
0.03
0.032
0.033
0.033
0.034
0.034
0.034
0.035
0.036
0.037
0.037
0.036
0.036
0.035
0.035
0.035
0.034
0.033
0.033
0.032
0.033
0.034
0.036
0.036
0.034
0.03
0.027
0.026
0.025
0.024
0.022
0.019
0.017
0.014
0.013
0.012
0.012
0.012
0.011
0.011
0.011
0.011
0.011
0.011
0.01
0.008
0.006
0.004
0.003
0.002
0.002
0.001
0.001
0.001
0.001
0.002
0.003
0.003
0.002
0.0
-0.002
-0.003
-0.001
0.002
0.007
0.011
0.012
0.014
0.017
0.02
0.023
0.025
0.027
0.028
0.029
0.03
0.031
0.03
0.03
0.028
0.027
0.026
0.026
0.026
0.026
0.026
0.026
0.026
0.027
0.027
0.027
0.027
0.027
0.027
0.026
0.026
0.027
0.027
0.028
0.028
0.028
0.028
0.028
0.028
0.028
0.028
0.028
0.029
0.029
0.031
0.032
0.033
0.035
0.036
0.037
0.038
0.04
0.041
0.043
0.043
0.044
0.046
0.049
0.054
0.06
0.065
0.068
0.068
0.066
0.063
0.058
0.051
0.043
0.03
0.007
-0.013
-0.02
-0.024
-0.027
-0.031
-0.034
-0.037
-0.039
-0.04
-0.041
-0.042
-0.043
-0.044
-0.045
-0.045
-0.044
-0.043
-0.043
-0.042
-0.042
-0.041
-0.041
-0.041
-0.042
-0.043
-0.044
-0.045
-0.047
-0.048
-0.049
-0.05
-0.052
-0.054
-0.058
-0.069
-0.099
-0.122
-0.138
-0.139
-0.127
-0.09
-0.013
0.099
0.257
0.462
0.695
0.918
1.081
1.14
1.069
0.882
0.625
0.359
0.143
0.013
-0.016
-0.028
-0.029
-0.023
-0.017
-0.012
-0.009
-0.018
-0.033
-0.039
-0.043
-0.046
-0.048
-0.05
-0.053
-0.056
-0.059
-0.061
-0.063
-0.064
-0.065
-0.065
-0.064
-0.062
-0.06
-0.056
-0.053
-0.05
-0.047
-0.045
-0.043
-0.041
-0.039
-0.038
-0.038
-0.038
-0.038
-0.037
-0.036
-0.034
-0.032
-0.029
-0.027
-0.024
-0.021
-0.018
-0.015
-0.012
-0.01
-0.007
-0.004
0.0
0.003
0.007
0.012
0.018
0.023
0.029
0.034
0.039
0.043
0.047
0.051
0.055
0.063
0.075
0.087
0.098
0.112
0.128
0.146
0.16
0.169
0.178
0.187
0.196
0.205
0.216
0.229
0.241
0.252
0.26
0.268
0.274
0.277
0.277
0.271
0.261
0.25
0.237
0.218
0.202
0.188
0.171
0.151
0.131
0.104
0.072
0.051
0.037
0.023
0.008
-0.008
-0.027
-0.046
-0.052
-0.054
-0.057
-0.059
-0.061
-0.064
-0.067
-0.069
-0.071
-0.073
-0.074
-0.076
-0.076
-0.076
-0.075
-0.074
-0.073
-0.072
-0.071
-0.071
-0.071
-0.072
-0.073
-0.074
-0.075
-0.075
-0.075
-0.073
-0.071
-0.068
-0.065
-0.063
-0.061
-0.061
-0.06
-0.06
-0.059
-0.059
-0.059
-0.059
-0.058
-0.056
-0.053
-0.049
-0.045
-0.042
-0.039
-0.036
-0.033
-0.031
-0.028
-0.027
-0.027
-0.027
-0.027
-0.027
-0.026
-0.025
-0.024
-0.023
-0.022
-0.021
-0.02
-0.02
-0.02
-0.021
-0.022
-0.022
-0.022
-0.022
-0.022
-0.022
-0.023
-0.023
-0.023
-0.023
-0.023
-0.022
-0.022
-0.022
-0.021
-0.021
-0.02
-0.02
-0.02
-0.02
-0.02
-0.02
-0.019
-0.019
-0.019
-0.018
-0.018
-0.017
-0.016
-0.015
-0.014
-0.014
-0.013
-0.013
-0.013
-0.012
-0.012
-0.011
-0.01
-0.01
-0.009
-0.008
-0.007
-0.006
-0.006
-0.006
-0.006
-0.007
-0.007
-0.008
-0.008
-0.008
-0.008
-0.007
-0.006
-0.005
-0.003
-0.002
-0.001
0.0
0.0
0.0
0.0
0.0
0.0
0.0
0.0
0.0
0.001
0.002
0.003
0.003
0.004
0.003
0.001
-0.001
-0.003
-0.006
-0.009
-0.011
-0.013
-0.014
-0.015
-0.016
-0.016
-0.017
-0.017
-0.018
-0.018
-0.018
-0.017
-0.017
-0.017
-0.017
-0.016
-0.016
-0.016
-0.016
-0.016
-0.017
-0.017
-0.019
-0.019
-0.02
-0.02
-0.02
-0.02
-0.02
-0.019
-0.018
-0.016
-0.015
-0.013
-0.011
-0.009
-0.007
-0.005
-0.002
0.0
0.003
0.006
0.013
0.022
0.03
0.038
0.044
0.049
0.053
0.057
0.061
0.065
0.068
0.07
0.071
0.068
0.062
0.054
0.045
0.036
0.026
0.011
-0.002
-0.012
-0.02
-0.024
-0.027
-0.029
-0.031
-0.034
-0.035
-0.036
-0.037
-0.037
-0.036
-0.036
-0.035
-0.035
-0.035
-0.034
-0.033
-0.033
-0.033
-0.032
-0.032
-0.031
-0.03
-0.03
-0.03
-0.03
-0.031
-0.033
-0.034
-0.036
-0.037
-0.04
-0.043
-0.046
-0.051
-0.06
-0.079
-0.086
-0.094
-0.101
-0.082
-0.022
0.075
0.215
0.4
0.624
0.855
1.048
1.123
1.113
0.984
0.764
0.514
0.292
0.135
0.058
0.034
0.021
0.012
0.006
0.0
-0.008
-0.021
-0.036
-0.045
-0.051
-0.056
-0.059
-0.06
-0.059
-0.056
-0.052
-0.047
-0.043
-0.041
-0.039
-0.037
-0.035
-0.033
-0.032
-0.031
-0.031
-0.031
-0.031
-0.031
-0.031
-0.031
-0.03
-0.029
-0.029
-0.028
-0.027
-0.027
-0.026
-0.026
-0.026
-0.026
-0.025
-0.024
-0.023
-0.02
-0.018
-0.015
-0.013
-0.011
-0.009
-0.006
-0.003
0.0
0.001
0.004
0.009
0.016
0.024
0.031
0.037
0.042
0.046
0.051
0.058
0.067
0.08
0.094
0.11
0.128
0.149
0.167
0.18
0.189
0.197
0.205
0.214
0.221
0.226
0.231
0.235
0.239
0.242
0.244
0.245
0.245
0.243
0.241
0.237
0.233
0.227
0.215
0.189
0.163
0.132
0.102
0.079
0.062
0.041
0.014
-0.012
-0.039
-0.063
-0.08
-0.095
-0.1
-0.102
-0.105
-0.107
-0.109
-0.111
-0.112
-0.113
-0.113
-0.114
-0.115
-0.116
-0.117
-0.117
-0.118
-0.118
-0.118
-0.117
-0.116
-0.115
-0.113
-0.111
-0.109
-0.107
-0.104
-0.102
-0.099
-0.097
-0.094
-0.092
-0.091
-0.089
-0.087
-0.085
-0.083
-0.081
-0.078
-0.076
-0.073
-0.07
-0.068
-0.066
-0.065
-0.064
-0.064
-0.064
-0.063
-0.062
-0.061
-0.059
-0.057
-0.055
-0.052
-0.05
-0.048
-0.046
-0.045
-0.044
-0.043
-0.042
-0.04
-0.039
-0.038
-0.036
-0.034
-0.032
-0.03
-0.027
-0.025
-0.024
-0.023
-0.022
-0.021
-0.022
-0.023
-0.024
-0.025
-0.026
-0.027
-0.026
-0.026
-0.025
-0.025
-0.025
-0.025
-0.024
-0.024
-0.024
-0.024
-0.025
-0.026
-0.025
-0.025
-0.023
-0.022
-0.022
-0.021
-0.02
-0.018
-0.017
-0.015
-0.014
-0.013
-0.012
-0.012
-0.011
-0.011
-0.011
-0.011
-0.012
-0.013
-0.013
-0.014
-0.014
-0.015
-0.016
-0.016
-0.016
-0.016
-0.016
-0.016
-0.016
-0.016
-0.016
-0.015
-0.015
-0.014
-0.013
-0.012
-0.012
-0.012
-0.011
-0.011
-0.01
-0.01
-0.009
-0.008
-0.007
-0.007
-0.006
-0.006
-0.006
-0.006
-0.007
-0.007
-0.008
-0.01
-0.011
-0.013
-0.014
-0.014
-0.015
-0.015
-0.014
-0.014
-0.013
-0.012
-0.011
-0.009
-0.008
-0.007
-0.006
-0.004
-0.003
-0.002
-0.001
0.0
0.002
0.004
0.006
0.008
0.01
0.011
0.013
0.014
0.015
0.017
0.019
0.021
0.023
0.025
0.026
0.028
0.03
0.032
0.034
0.037
0.04
0.044
0.048
0.056
0.073
0.085
0.094
0.099
0.103
0.107
0.11
0.112
0.113
0.113
0.113
0.111
0.109
0.105
0.101
0.096
0.09
0.085
0.079
0.073
0.066
0.058
0.051
0.044
0.037
0.031
0.026
0.022
0.019
0.016
0.013
0.012
0.01
0.009
0.007
0.005
0.004
0.002
0.001
0.0
0.0
0.0
0.0
0.0
0.0
0.0
0.0
0.0
-0.001
-0.002
-0.003
-0.005
-0.007
-0.013
-0.034
-0.062
-0.087
-0.109
-0.122
-0.113
-0.085
-0.006
0.117
0.287
0.495
0.724
0.947
1.117
1.18
1.113
0.934
0.692
0.447
0.246
0.112
0.043
0.007
-0.009
-0.018
-0.025
-0.031
-0.034
-0.037
-0.038
-0.04
-0.042
-0.043
-0.044
-0.045
-0.045
-0.046
-0.046
-0.047
-0.047
-0.047
-0.047
-0.047
-0.046
-0.045
-0.044
-0.043
-0.042
-0.041
-0.04
-0.04
-0.039
-0.038
-0.036
-0.034
-0.031
-0.029
-0.027
-0.025
-0.023
-0.021
-0.019
-0.017
-0.016
-0.015
-0.014
-0.012
-0.009
-0.006
-0.003
0.0
0.002
0.005
0.008
0.012
0.015
0.019
0.022
0.026
0.03
0.034
0.039
0.043
0.048
0.051
0.055
0.059
0.063
0.069
0.079
0.096
0.112
0.129
0.145
0.161
0.175
0.187
0.198
0.21
0.217
0.222
0.226
0.23
0.233
0.234
0.235
0.235
0.233
0.231
0.228
0.224
0.219
0.207
0.183
0.158
0.134
0.11
0.083
0.054
0.023
-0.01
-0.043
-0.059
-0.067
-0.073
-0.078
-0.082
-0.085
-0.087
-0.09
-0.092
-0.094
-0.096
-0.097
-0.098
-0.099
-0.099
-0.1
-0.101
-0.102
-0.103
-0.104
-0.105
-0.105
-0.105
-0.106
-0.105
-0.104
-0.102
-0.1
-0.098
-0.096
-0.095
-0.093
-0.093
-0.092
-0.091
-0.09
-0.088
-0.085
-0.081
-0.078
-0.077
-0.077
-0.077
-0.077
-0.078
-0.079
-0.08
-0.081
-0.083
-0.083
-0.082
-0.08
-0.078
-0.076
-0.075
-0.073
-0.071
-0.069
-0.067
-0.066
-0.065
-0.065
-0.064
-0.063
-0.063
-0.063
-0.063
-0.063
-0.062
-0.061
-0.06
-0.058
-0.056
-0.055
-0.053
-0.052
-0.05
-0.049
-0.048
-0.049
-0.049
-0.049
-0.049
-0.049
-0.049
-0.049
-0.049
-0.048
-0.048
-0.048
-0.047
-0.046
-0.046
-0.046
-0.046
-0.046
-0.045
-0.044
-0.044
-0.043
-0.042
-0.04
-0.039
-0.038
-0.036
-0.035
-0.034
-0.034
-0.034
-0.034
-0.034
-0.034
-0.033
-0.033
-0.033
-0.033
-0.033
-0.032
-0.032
-0.032
-0.032
-0.033
-0.033
-0.033
-0.033
-0.033
-0.032
-0.031
-0.031
-0.03
-0.028
-0.027
-0.025
-0.023
-0.021
-0.019
-0.018
-0.016
-0.016
-0.015
-0.014
-0.014
-0.013
-0.012
-0.012
-0.011
-0.01
-0.009
-0.008
-0.007
-0.006
-0.005
-0.004
-0.003
-0.003
-0.003
-0.003
-0.003
-0.004
-0.004
-0.004
-0.003
-0.003
-0.001
0.0
0.001
0.002
0.003
0.005
0.006
0.006
0.007
0.007
0.007
0.007
0.008
0.009
0.011
0.014
0.017
0.02
0.024
0.028
0.032
0.035
0.039
0.042
0.045
0.048
0.051
0.055
0.061
0.068
0.075
0.081
0.086
0.091
0.095
0.1
0.105
0.11
0.114
0.116
0.118
0.12
0.122
0.124
0.127
0.127
0.125
0.119
0.11
0.097
0.069
0.052
0.045
0.038
0.032
0.028
0.026
0.024
0.023
0.023
0.022
0.021
0.021
0.02
0.021
0.021
0.021
0.022
0.022
0.024
0.025
0.025
0.025
0.025
0.024
0.023
0.022
0.021
0.019
0.016
0.013
0.009
0.005
-0.005
-0.033
-0.064
-0.089
-0.108
-0.12
-0.106
-0.064
0.032
0.178
0.371
0.606
0.848
1.047
1.131
1.124
1.004
0.773
0.513
0.287
0.134
0.057
0.027
0.014
0.005
-0.005
-0.02
-0.028
-0.033
-0.037
-0.041
-0.044
-0.048
-0.05
-0.052
-0.054
-0.056
-0.058
-0.059
-0.06
-0.061
-0.062
-0.064
-0.066
-0.068
-0.07
-0.07
-0.07
-0.068
-0.066
-0.064
-0.062
-0.061
-0.06
-0.059
-0.058
-0.056
-0.055
-0.055
-0.054
-0.052
-0.051
-0.049
-0.048
-0.047
-0.046
-0.045
-0.043
-0.041
-0.038
-0.034
-0.029
-0.017
-0.006
0.003
0.01
0.016
0.02
0.024
0.028
0.032
0.036
0.04
0.045
0.052
0.063
0.075
0.088
0.103
0.121
0.133
0.143
0.151
0.161
0.173
0.185
0.197
0.208
0.22
0.232
0.243
0.254
0.266
0.275
0.282
0.288
0.292
0.294
0.292
0.286
0.279
0.269
0.255
0.234
0.215
0.191
0.161
0.132
0.102
0.076
0.057
0.039
0.023
0.006
-0.018
-0.031
-0.038
-0.045
-0.05
-0.054
-0.058
-0.061
-0.062
-0.063
-0.064
-0.066
-0.067
-0.068
-0.068
-0.069
-0.069
-0.069
-0.07
-0.07
-0.07
-0.07
-0.07
-0.07
-0.07
-0.069
-0.069
-0.069
-0.068
-0.068
-0.067
-0.066
-0.065
-0.064
-0.063
-0.062
-0.06
-0.059
-0.057
-0.055
-0.053
-0.051
-0.048
-0.047
-0.045
-0.044
-0.042
-0.041
-0.041
-0.04
-0.04
-0.039
-0.038
-0.038
-0.037
-0.036
-0.035
-0.035
-0.034
-0.034
-0.033
-0.032
-0.032
-0.032
-0.032
-0.031
-0.031
-0.031
-0.03
-0.03
-0.029
-0.029
-0.028
-0.028
-0.027
-0.026
-0.026
-0.026
-0.027
-0.027
-0.027
-0.027
-0.026
-0.026
-0.026
-0.025
-0.025
-0.024
-0.023
-0.022
-0.021
-0.021
-0.021
-0.02
-0.019
-0.018
-0.018
-0.017
-0.017
-0.016
-0.015
-0.014
-0.014
-0.013
-0.013
-0.014
-0.014
-0.014
-0.014
-0.014
-0.015
-0.015
-0.016
-0.016
-0.016
-0.016
-0.016
-0.017
-0.018
-0.019
-0.02
-0.021
-0.021
-0.021
-0.021
-0.021
-0.02
-0.018
-0.017
-0.016
-0.016
-0.016
-0.016
-0.016
-0.017
-0.018
-0.02
-0.021
-0.023
-0.024
-0.025
-0.025
-0.026
-0.027
-0.028
-0.03
-0.031
-0.032
-0.033
-0.035
-0.036
-0.037
-0.037
-0.038
-0.038
-0.038
-0.038
-0.039
-0.038
-0.038
-0.038
-0.038
-0.038
-0.038
-0.038
-0.038
-0.038
-0.037
-0.035
-0.034
-0.033
-0.032
-0.03
-0.029
-0.028
-0.026
-0.025
-0.025
-0.024
-0.022
-0.021
-0.019
-0.017
-0.013
-0.009
-0.004
0.0
0.005
0.01
0.015
0.021
0.027
0.033
0.038
0.043
0.049
0.054
0.058
0.06
0.06
0.057
0.054
0.049
0.044
0.039
0.034
0.029
0.023
0.017
0.011
0.006
0.0
-0.005
-0.01
-0.015
-0.019
-0.022
-0.025
-0.028
-0.031
-0.033
-0.034
-0.035
-0.035
-0.035
-0.034
-0.034
-0.032
-0.031
-0.029
-0.026
-0.024
-0.022
-0.019
-0.016
-0.012
-0.007
-0.004
-0.002
-0.004
-0.009
-0.017
-0.028
-0.049
-0.085
-0.117
-0.144
-0.163
-0.175
-0.156
-0.101
0.012
0.178
0.398
0.657
0.916
1.115
1.198
1.144
0.966
0.712
0.442
0.218
0.075
0.031
0.018
0.009
0.0
-0.011
-0.034
-0.059
-0.066
-0.069
-0.072
-0.075
-0.078
-0.079
-0.08
-0.082
-0.082
-0.082
-0.081
-0.079
-0.076
-0.073
-0.07
-0.067
-0.065
-0.063
-0.062
-0.061
-0.061
-0.061
-0.06
-0.059
-0.058
-0.057
-0.055
-0.053
-0.051
-0.049
-0.048
-0.046
-0.045
-0.044
-0.042
-0.041
-0.04
-0.038
-0.037
-0.035
-0.032
-0.03
-0.027
-0.023
-0.019
-0.013
-0.007
-0.002
0.003
0.008
0.013
0.019
0.028
0.041
0.054
0.068
0.077
0.084
0.09
0.095
0.1
0.105
0.108
0.112
0.117
0.126
0.14
0.159
0.178
0.197
0.216
0.235
0.253
0.264
0.271
0.276
0.28
0.283
0.284
0.282
0.277
0.268
0.257
0.242
0.218
0.197
0.175
0.153
0.134
0.115
0.095
0.072
0.049
0.026
0.005
-0.015
-0.036
-0.051
-0.056
-0.058
-0.06
-0.062
-0.064
-0.065
-0.067
-0.068
-0.069
-0.07
-0.072
-0.073
-0.074
-0.075
-0.075
-0.075
-0.075
-0.075
-0.074
-0.074
-0.073
-0.073
-0.072
-0.072
-0.071
-0.071
-0.07
-0.07
-0.07
-0.071
-0.071
-0.071
-0.07
-0.07
-0.069
-0.069
-0.069
-0.068
-0.067
-0.066
-0.065
-0.064
-0.063
-0.063
-0.062
-0.061
-0.06
-0.059
-0.058
-0.057
-0.056
-0.055
-0.054
-0.054
-0.053
-0.053
-0.053
-0.053
-0.053
-0.053
-0.053
-0.052
-0.052
-0.052
-0.051
-0.051
-0.051
-0.051
-0.051
-0.052
-0.053
-0.053
-0.053
-0.053
-0.053
-0.052
-0.047
-0.036
-0.038
-0.038
-0.038
-0.037
-0.038
-0.038
-0.039
-0.04
-0.042
-0.043
-0.043
-0.043
-0.043
-0.043
-0.042
-0.04
-0.038
-0.036
-0.034
-0.033
-0.031
-0.03
-0.029
-0.027
-0.025
-0.024
-0.023
-0.021
-0.019
-0.017
-0.014
-0.012
-0.01
-0.01
-0.01
-0.011
-0.012
-0.013
-0.014
-0.016
-0.017
-0.019
-0.021
-0.022
-0.023
-0.027
-0.031
-0.03
-0.023
-0.015
-0.01
-0.006
-0.002
0.0
0.003
0.005
0.007
0.008
0.007
0.005
0.002
-0.001
-0.004
-0.007
-0.01
-0.012
-0.014
-0.017
-0.02
-0.022
-0.024
-0.025
-0.026
-0.027
-0.028
-0.028
-0.029
-0.029
-0.029
-0.029
-0.028
-0.027
-0.026
-0.024
-0.022
-0.02
-0.018
-0.016
-0.014
-0.011
-0.009
-0.006
-0.004
-0.002
0.0
0.001
0.004
0.008
0.011
0.015
0.019
0.023
0.027
0.03
0.034
0.038
0.042
0.046
0.05
0.056
0.065
0.074
0.079
0.08
0.082
0.083
0.084
0.084
0.084
0.084
0.084
0.084
0.082
0.077
0.071
0.064
0.057
0.052
0.046
0.041
0.036
0.031
0.027
0.024
0.021
0.019
0.017
0.015
0.014
0.013
0.013
0.013
0.012
0.012
0.012
0.012
0.012
0.012
0.012
0.012
0.012
0.011
0.01
0.01
0.009
0.007
0.007
0.006
0.004
0.002
0.0
-0.004
-0.013
-0.039
-0.072
-0.095
-0.108
-0.117
-0.096
-0.031
0.082
0.242
0.446
0.685
0.93
1.129
1.217
1.161
0.98
0.717
0.436
0.2
0.053
0.024
0.016
0.011
0.006
0.0
-0.006
-0.014
-0.028
-0.047
-0.053
-0.057
-0.06
-0.061
-0.061
-0.059
-0.056
-0.053
-0.052
-0.051
-0.051
-0.05
-0.049
-0.047
-0.045
-0.044
-0.043
-0.043
-0.043
-0.044
-0.046
-0.046
-0.047
-0.048
-0.048
-0.049
-0.049
-0.048
-0.046
-0.045
-0.044
-0.042
-0.041
-0.04
-0.038
-0.037
-0.035
-0.034
-0.033
-0.031
-0.029
-0.025
-0.022
-0.019
-0.015
-0.008
0.0
0.008
0.014
0.019
0.023
0.026
0.03
0.034
0.039
0.044
0.05
0.057
0.065
0.077
0.096
0.112
0.129
0.146
0.166
0.179
0.187
0.194
0.2
0.206
0.211
0.216
0.221
0.226
0.232
0.238
0.243
0.245
0.243
0.238
0.23
0.22
0.207
0.186
0.166
0.146
0.126
0.106
0.085
0.065
0.044
0.023
0.002
-0.028
-0.047
-0.06
-0.07
-0.078
-0.084
-0.088
-0.09
-0.092
-0.094
-0.095
-0.096
-0.098
-0.099
-0.1
-0.101
-0.101
-0.102
-0.103
-0.104
-0.104
-0.104
-0.103
-0.101
-0.099
-0.097
-0.094
-0.091
-0.087
-0.083
-0.079
-0.077
-0.075
-0.073
-0.071
-0.069
-0.067
-0.065
-0.063
-0.062
-0.06
-0.058
-0.055
-0.053
-0.051
-0.05
-0.048
-0.047
