-0.045
-0.039
-0.033
-0.026
-0.02
-0.015
-0.01
-0.007
-0.005
-0.003
-0.001
0.0
0.0
0.0
0.0
0.0
0.0
0.0
0.0
0.0
0.0
0.0
0.0
0.0
0.0
-0.001
0.0
0.0
0.001
0.002
0.004
0.006
0.008
0.009
0.009
0.008
0.006
0.004
0.002
0.0
0.0
0.0
0.003
0.008
0.017
0.032
0.043
0.05
0.055
0.059
0.063
0.066
0.068
0.069
0.069
0.067
0.064
0.059
0.055
0.049
0.043
0.038
0.032
0.026
0.027
0.033
0.038
0.041
0.044
0.046
0.047
0.048
0.049
0.049
0.05
0.051
0.053
0.055
0.057
0.067
0.092
0.122
0.166
0.22
0.283
0.357
0.434
0.502
0.565
0.613
0.641
0.65
0.646
0.632
0.604
0.568
0.531
0.501
0.471
0.442
0.433
0.43
0.428
0.425
0.421
0.413
0.391
0.32
0.227
0.13
0.043
-0.017
-0.048
-0.056
-0.062
-0.066
-0.069
-0.071
-0.072
-0.072
-0.072
-0.072
-0.072
-0.073
-0.072
-0.072
-0.071
-0.071
-0.071
-0.07
-0.066
-0.06
-0.054
-0.044
-0.033
-0.025
-0.018
-0.013
-0.011
-0.009
-0.008
-0.008
-0.007
-0.006
-0.005
-0.004
-0.004
-0.004
-0.004
-0.005
-0.005
-0.007
-0.008
-0.01
-0.012
-0.015
-0.021
-0.027
-0.032
-0.036
-0.039
-0.042
-0.043
-0.043
-0.042
-0.04
-0.037
-0.033
-0.027
-0.016
-0.009
-0.004
0.005
0.015
0.022
0.027
0.031
0.034
0.035
0.037
0.038
0.039
0.04
0.041
0.042
0.043
0.044
0.045
0.046
0.048
0.051
0.057
0.057
0.049
0.041
0.034
0.029
0.027
0.025
0.022
0.02
0.02
0.024
0.03
0.038
0.047
0.049
0.049
0.049
0.049
0.05
0.051
0.051
0.052
0.052
0.053
0.053
0.053
0.053
0.053
0.052
0.052
0.052
0.052
0.052
0.052
0.053
0.053
0.051
0.046
0.041
0.037
0.031
0.027
0.024
0.026
0.028
0.03
0.032
0.032
0.033
0.034
0.035
0.036
0.037
0.039
0.041
0.042
0.044
0.046
0.049
0.053
0.073
0.119
0.17
0.229
0.3
0.379
0.46
0.537
0.6
0.645
0.662
0.669
0.668
0.66
0.635
0.596
0.548
0.5
0.457
0.438
0.431
0.432
0.442
0.459
0.461
0.434
0.39
0.315
0.226
0.122
0.034
-0.03
-0.073
-0.099
-0.114
-0.123
-0.129
-0.133
-0.134
-0.135
-0.135
-0.136
-0.136
-0.135
-0.13
-0.126
-0.124
-0.122
-0.119
-0.117
-0.114
-0.111
-0.108
-0.104
-0.1
-0.095
-0.088
-0.08
-0.074
-0.07
-0.065
-0.061
-0.058
-0.056
-0.054
-0.053
-0.052
-0.051
-0.049
-0.048
-0.047
-0.047
-0.047
-0.047
-0.048
-0.049
-0.051
-0.053
-0.056
-0.058
-0.062
-0.065
-0.067
-0.066
-0.063
-0.059
-0.052
-0.037
-0.025
-0.017
-0.011
-0.006
-0.002
0.0
0.002
0.005
0.007
0.009
0.011
0.014
0.016
0.019
0.022
0.025
0.027
0.027
0.025
0.023
0.021
0.019
0.017
0.015
0.013
0.012
0.012
0.013
0.015
0.016
0.017
0.017
0.018
0.019
0.021
0.022
0.023
0.025
0.026
0.028
0.03
0.032
0.034
0.036
0.038
0.041
0.044
0.047
0.05
0.052
0.055
0.057
0.06
0.064
0.07
0.074
0.074
0.069
0.063
0.059
0.054
0.05
0.047
0.045
0.043
0.04
0.036
0.034
0.035
0.037
0.038
0.039
0.04
0.041
0.041
0.041
0.041
0.041
0.04
0.039
0.037
0.034
0.041
0.064
0.095
0.134
0.188
0.252
0.325
0.409
0.496
0.576
0.641
0.688
0.708
0.714
0.705
0.676
0.641
0.6
0.552
0.515
0.488
0.459
0.449
0.444
0.438
0.429
0.412
0.386
0.355
0.305
0.24
0.173
0.098
0.027
-0.033
-0.079
-0.095
-0.099
-0.102
-0.104
-0.106
-0.106
-0.107
-0.106
-0.105
-0.104
-0.103
-0.101
-0.098
-0.094
-0.086
-0.079
-0.069
-0.057
-0.051
-0.049
-0.047
-0.046
-0.044
-0.043
-0.042
-0.041
-0.04
-0.039
-0.039
-0.038
-0.038
-0.038
-0.038
-0.038
-0.038
-0.039
-0.04
-0.041
-0.041
-0.042
-0.042
-0.043
-0.043
-0.044
-0.044
-0.045
-0.046
-0.047
-0.049
-0.05
-0.049
-0.046
-0.042
-0.037
-0.031
-0.023
-0.015
-0.009
-0.005
-0.002
0.0
0.002
0.003
0.003
0.002
0.0
-0.001
-0.004
-0.006
-0.008
-0.012
-0.014
-0.014
-0.012
-0.009
-0.006
-0.004
-0.002
0.0
0.0
0.002
0.002
0.003
0.003
0.002
0.001
0.0
-0.002
-0.004
-0.006
-0.009
-0.013
-0.017
-0.02
-0.02
-0.017
-0.012
-0.007
-0.003
0.0
0.004
0.007
0.01
0.013
0.015
0.016
0.017
0.017
0.018
0.018
0.019
0.02
0.022
0.022
0.019
0.013
0.007
0.005
0.002
0.0
-0.001
-0.003
-0.005
-0.007
-0.008
-0.009
-0.009
-0.009
-0.008
-0.007
-0.006
-0.004
-0.001
0.0
0.003
0.007
0.016
0.023
0.04
0.067
0.103
0.152
0.216
0.29
0.369
0.449
0.52
0.58
0.624
0.65
0.653
0.639
0.598
0.547
0.493
0.443
0.399
0.38
0.374
0.371
0.373
0.378
0.385
0.385
0.368
0.322
0.265
0.198
0.123
0.056
0.004
-0.035
-0.061
-0.073
-0.079
-0.082
-0.084
-0.085
-0.085
-0.085
-0.083
-0.081
-0.077
-0.073
-0.068
-0.057
-0.048
-0.043
-0.041
-0.039
-0.037
-0.036
-0.034
-0.032
-0.029
-0.027
-0.026
-0.024
-0.022
-0.019
-0.017
-0.012
-0.004
-0.001
0.0
0.001
0.003
0.004
0.004
0.0
-0.005
-0.014
-0.024
-0.027
-0.028
-0.029
-0.03
-0.031
-0.032
-0.031
-0.03
-0.029
-0.027
-0.025
-0.022
-0.018
-0.014
-0.005
0.002
0.006
0.008
0.01
0.011
0.013
0.014
0.015
0.017
0.018
0.02
0.022
0.023
0.025
0.026
0.03
0.036
0.039
0.041
0.041
0.042
0.043
0.043
0.044
0.045
0.045
0.045
0.045
0.045
0.045
0.044
0.044
0.043
0.042
0.041
0.041
0.04
0.039
0.038
0.038
0.042
0.047
0.051
0.054
0.057
0.059
0.061
0.063
0.064
0.066
0.066
0.067
0.067
0.068
0.069
0.07
0.071
0.071
0.068
0.064
0.059
0.053
0.045
0.039
0.034
0.031
0.028
0.025
0.023
0.022
0.022
0.024
0.026
0.03
0.033
0.036
0.04
0.044
0.048
0.051
0.054
0.059
0.077
0.106
0.144
0.199
0.267
0.345
0.431
0.515
0.589
0.637
0.65
0.655
0.646
0.62
0.571
0.53
0.483
0.436
0.403
0.368
0.352
0.347
0.357
0.371
0.381
0.373
0.347
0.294
0.223
0.142
0.064
-0.004
-0.054
-0.087
-0.097
-0.101
-0.104
-0.095
-0.087
-0.083
-0.079
-0.076
-0.074
-0.071
-0.069
-0.066
-0.061
-0.057
-0.053
-0.049
-0.046
-0.043
-0.04
-0.038
-0.035
-0.032
-0.03
-0.028
-0.026
-0.025
-0.024
-0.022
-0.021
-0.02
-0.019
-0.018
-0.017
-0.017
-0.017
-0.017
-0.018
-0.019
-0.02
-0.021
-0.023
-0.025
-0.026
-0.027
-0.028
-0.029
-0.03
-0.033
-0.036
-0.038
-0.039
-0.037
-0.034
-0.03
-0.026
-0.02
-0.013
-0.006
-0.002
0.0
0.003
0.006
0.007
0.009
0.01
0.01
0.01
0.01
0.009
0.008
0.007
0.006
0.006
0.006
0.005
0.005
0.004
0.003
0.003
0.003
0.004
0.006
0.008
0.009
0.01
0.011
0.012
0.013
0.014
0.015
0.017
0.018
0.02
0.021
0.023
0.024
0.025
0.026
0.027
0.029
0.033
0.041
0.047
0.05
0.053
0.055
0.057
0.058
0.057
0.054
0.05
0.045
0.039
0.028
0.021
0.018
0.016
0.014
0.013
0.011
0.01
0.01
0.01
0.01
0.01
0.011
0.013
0.014
0.017
0.02
0.026
0.038
0.057
0.084
0.117
0.16
0.217
0.281
0.345
0.415
0.485
0.544
0.589
0.616
0.626
0.621
0.605
0.568
0.524
0.483
0.451
0.426
0.419
0.417
0.416
0.415
0.412
0.404
0.384
0.342
0.29
0.233
0.164
0.089
0.019
-0.037
-0.072
-0.091
-0.096
-0.101
-0.106
-0.11
-0.116
-0.122
-0.124
-0.124
-0.125
-0.125
-0.124
-0.118
-0.11
-0.097
-0.085
-0.076
-0.068
-0.059
-0.047
-0.038
-0.032
-0.026
-0.024
-0.023
-0.022
-0.021
-0.02
-0.02
-0.02
-0.019
-0.019
-0.019
-0.02
-0.021
-0.022
-0.024
-0.025
-0.026
-0.027
-0.028
-0.029
-0.029
-0.03
-0.03
-0.029
-0.029
-0.028
-0.027
-0.026
-0.024
-0.023
-0.021
-0.018
-0.012
-0.01
-0.009
-0.008
-0.007
-0.006
-0.005
-0.005
-0.004
-0.003
-0.002
0.0
0.0
0.001
0.001
0.002
0.002
0.003
0.004
0.005
0.006
0.007
0.007
0.008
0.008
0.008
0.008
0.007
0.006
0.006
0.005
0.005
0.004
0.003
0.002
0.001
0.0
0.0
-0.002
-0.004
0.0
0.006
0.013
0.023
0.032
0.04
0.048
0.056
0.062
0.066
0.07
0.072
0.074
0.075
0.075
0.076
0.077
0.078
0.079
0.079
0.078
0.075
0.072
0.067
0.062
0.054
0.048
0.043
0.037
0.027
0.022
0.018
0.015
0.012
0.011
0.011
0.012
0.013
0.016
0.018
0.021
0.024
0.029
0.032
0.035
0.046
0.067
0.1
0.144
0.202
0.269
0.342
0.42
0.496
0.561
0.613
0.649
0.661
0.668
0.664
0.634
0.587
0.527
0.467
0.429
0.412
0.406
0.413
0.422
0.429
0.419
0.388
0.346
0.294
0.232
0.162
0.089
0.026
-0.028
-0.07
-0.105
-0.12
-0.125
-0.128
-0.131
-0.132
-0.133
-0.134
-0.133
-0.131
-0.129
-0.126
-0.123
-0.118
-0.108
-0.099
-0.09
-0.081
-0.067
-0.059
-0.055
-0.052
-0.049
-0.047
-0.045
-0.044
-0.042
-0.042
-0.041
-0.04
-0.04
-0.039
-0.039
-0.038
-0.038
-0.038
-0.037
-0.037
-0.037
-0.036
-0.035
-0.035
-0.035
-0.035
-0.035
-0.035
-0.035
-0.036
-0.036
-0.037
-0.038
-0.032
-0.022
-0.011
-0.001
0.004
0.009
0.012
0.013
0.014
0.014
0.015
0.015
0.015
0.016
0.017
0.018
0.019
0.02
0.021
0.021
0.021
0.021
0.022
0.023
0.024
0.026
0.028
0.033
0.037
0.037
0.035
0.033
0.032
0.032
0.031
0.03
0.029
0.029
0.028
0.028
0.028
0.029
0.03
0.031
0.032
0.034
0.036
0.037
0.038
0.04
0.042
0.045
0.048
0.051
0.054
0.058
0.062
0.065
0.069
0.074
0.079
0.082
0.082
0.082
0.082
0.082
0.083
0.078
0.062
0.053
0.047
0.044
0.042
0.04
0.038
0.036
0.035
0.035
0.034
0.034
0.034
0.035
0.036
0.038
0.04
0.042
0.045
0.049
0.059
0.068
0.091
0.127
0.171
0.23
0.299
0.373
0.451
0.53
0.605
0.665
0.695
0.705
0.696
0.669
0.628
0.583
0.541
0.507
0.484
0.471
0.456
0.449
0.446
0.446
0.448
0.44
0.393
0.328
0.248
0.157
0.068
-0.002
-0.05
-0.079
-0.095
-0.103
-0.107
-0.11
-0.112
-0.114
-0.114
-0.114
-0.112
-0.109
-0.106
-0.102
-0.096
-0.086
-0.078
-0.073
-0.069
-0.065
-0.062
-0.06
-0.057
-0.056
-0.054
-0.052
-0.05
-0.047
-0.044
-0.041
-0.038
-0.035
-0.032
-0.029
-0.027
-0.026
-0.026
-0.028
-0.031
-0.033
-0.036
-0.038
-0.04
-0.042
-0.044
-0.045
-0.046
-0.047
-0.048
-0.048
-0.048
-0.048
-0.047
-0.045
-0.043
-0.04
-0.033
-0.019
-0.012
-0.009
-0.007
-0.005
-0.002
-0.001
0.0
0.001
0.002
0.003
0.004
0.007
0.012
0.019
0.021
0.022
0.023
0.024
0.024
0.023
0.02
0.015
0.011
0.008
0.006
0.003
0.001
-0.001
-0.002
-0.002
0.0
0.001
0.004
0.007
0.009
0.01
0.013
0.016
0.018
0.021
0.022
0.022
0.022
0.021
0.021
0.021
0.021
0.02
0.019
0.017
0.017
0.018
0.023
0.029
0.035
0.044
0.046
0.045
0.045
0.046
0.046
0.043
0.038
0.032
0.025
0.022
0.02
0.017
0.016
0.019
0.026
0.03
0.034
0.037
0.04
0.042
0.045
0.047
0.049
0.052
0.058
0.073
0.102
0.138
0.187
0.248
0.316
0.39
0.465
0.533
0.589
0.633
0.651
0.649
0.621
0.576
0.525
0.473
0.423
0.383
0.368
0.371
0.391
0.404
0.413
0.418
0.405
0.367
0.306
0.242
0.179
0.118
0.063
0.016
-0.018
-0.045
-0.06
-0.067
-0.071
-0.073
-0.075
-0.076
-0.077
-0.077
-0.077
-0.077
-0.076
-0.074
-0.072
-0.07
-0.067
-0.061
-0.048
-0.037
-0.029
-0.021
-0.017
-0.014
-0.011
-0.009
-0.007
-0.005
-0.004
-0.003
-0.001
0.0
0.0
0.002
0.004
0.006
0.008
0.008
0.007
0.005
0.003
0.001
0.0
0.0
-0.002
-0.003
-0.005
-0.006
-0.007
-0.007
-0.006
-0.005
-0.003
-0.001
0.001
0.005
0.01
0.019
0.027
0.032
0.035
0.037
0.039
0.04
0.04
0.039
0.037
0.033
0.029
0.019
0.006
0.001
-0.001
-0.004
-0.003
0.001
0.007
0.01
0.013
0.016
0.019
0.021
0.022
0.021
0.018
0.015
0.012
0.009
0.006
0.003
0.0
-0.004
-0.006
-0.006
-0.006
-0.004
-0.001
0.002
0.009
0.024
0.033
0.038
0.041
0.044
0.045
0.047
0.048
0.049
0.051
0.052
0.053
0.054
0.054
0.054
0.051
0.049
0.045
0.042
0.039
0.035
0.031
0.027
0.024
0.02
0.016
0.012
0.008
0.005
0.005
0.008
0.012
0.016
0.019
0.023
0.026
0.029
0.031
0.032
0.034
0.035
0.044
0.067
0.099
0.144
0.203
0.274
0.353
0.431
0.501
0.559
0.602
0.616
0.62
0.613
0.589
0.559
0.522
0.484
0.445
0.411
0.385
0.376
0.375
0.38
0.386
0.392
0.381
0.348
0.284
0.201
0.111
0.031
-0.033
-0.079
-0.108
-0.118
-0.124
-0.128
-0.132
-0.134
-0.133
-0.129
-0.123
-0.112
-0.098
-0.088
-0.081
-0.077
-0.075
-0.073
-0.072
-0.071
-0.07
-0.068
-0.066
-0.064
-0.062
-0.059
-0.056
-0.05
-0.046
-0.041
-0.036
-0.031
-0.029
-0.027
-0.026
-0.025
-0.024
-0.028
-0.035
-0.041
-0.046
-0.051
-0.054
-0.056
-0.057
-0.058
-0.06
-0.061
-0.062
-0.063
-0.062
-0.061
-0.057
-0.053
-0.049
-0.041
-0.03
-0.022
-0.015
-0.009
-0.003
0.003
0.008
0.012
0.015
0.018
0.019
0.02
0.021
0.022
0.023
0.023
0.024
0.025
0.025
0.026
0.027
0.027
0.027
0.027
0.027
0.026
0.025
0.025
0.024
0.023
0.023
0.023
0.022
0.022
0.021
0.019
0.017
0.021
0.028
0.035
0.042
0.047
0.05
0.052
0.054
0.055
0.057
0.059
0.059
0.06
0.06
0.059
0.059
0.057
0.056
0.053
0.051
0.048
0.046
0.045
0.043
0.04
0.038
0.037
0.037
0.038
0.04
0.042
0.044
0.046
0.048
0.052
0.054
0.054
0.053
0.05
0.045
0.037
0.027
0.022
0.018
0.016
0.017
0.021
0.034
0.056
0.085
0.112
0.166
0.244
0.333
0.436
0.524
0.584
0.609
0.619
0.627
0.622
0.58
0.553
0.528
0.465
0.408
0.362
0.345
0.349
0.365
0.375
0.374
0.363
0.332
0.282
0.218
0.141
0.075
0.016
-0.042
-0.086
-0.121
-0.137
-0.143
-0.145
-0.143
-0.136
-0.13
-0.124
-0.117
-0.112
-0.108
-0.105
-0.103
-0.101
-0.098
-0.094
-0.091
-0.088
-0.084
-0.078
-0.07
-0.065
-0.063
-0.058
-0.05
-0.042
-0.037
-0.035
-0.037
-0.042
-0.045
-0.047
-0.048
-0.05
-0.052
-0.053
-0.054
-0.056
-0.058
-0.059
-0.06
-0.061
-0.062
-0.064
-0.065
-0.065
-0.067
-0.069
-0.071
-0.072
-0.073
-0.072
-0.071
-0.067
-0.063
-0.057
-0.046
-0.028
-0.014
0.001
0.01
0.015
0.019
0.022
0.023
0.024
0.024
0.023
0.021
0.019
0.017
0.016
0.013
0.011
0.01
0.008
0.007
0.006
0.005
0.005
0.005
0.004
0.004
0.003
0.002
0.0
0.0
0.001
0.003
0.005
0.006
0.007
0.009
0.01
0.012
0.014
0.016
0.019
0.021
0.024
0.027
0.033
0.038
0.042
0.046
0.054
0.067
0.076
0.081
0.084
0.087
0.088
0.087
0.085
0.082
0.078
0.071
0.059
0.053
0.05
0.047
0.046
0.045
0.045
0.045
0.047
0.048
0.05
0.053
0.056
0.06
0.06
0.058
0.054
0.049
0.043
0.05
0.07
0.095
0.134
0.188
0.258
0.336
0.417
0.497
0.566
0.615
0.644
0.654
0.655
0.646
0.623
0.59
0.552
0.508
0.457
0.41
0.391
0.385
0.394
0.41
0.421
0.429
0.423
0.383
0.308
0.219
0.134
0.066
0.012
-0.024
-0.053
-0.076
-0.091
-0.102
-0.108
-0.111
-0.114
-0.114
-0.111
-0.106
-0.101
-0.096
-0.089
-0.083
-0.08
-0.077
-0.071
-0.059
-0.047
-0.039
-0.033
-0.028
-0.023
-0.019
-0.015
-0.011
-0.007
0.0
0.012
0.019
0.022
0.025
0.027
0.028
0.027
0.023
0.019
0.014
0.01
0.005
0.0
-0.004
-0.007
-0.011
-0.014
-0.018
-0.023
-0.027
-0.029
-0.03
-0.031
-0.031
-0.032
-0.033
-0.03
-0.023
-0.012
0.002
0.014
0.028
0.037
0.042
0.046
0.047
0.046
0.044
0.04
0.035
0.027
0.02
0.013
0.006
0.007
0.014
0.017
0.018
0.019
0.02
0.021
0.021
0.022
0.022
0.023
0.024
0.025
0.026
0.027
0.028
0.028
0.029
0.029
0.029
0.029
0.029
0.029
0.029
0.031
0.033
0.035
0.037
0.039
0.042
0.044
0.047
0.049
0.052
0.054
0.056
0.059
0.062
0.065
0.068
0.069
0.068
0.066
0.063
0.06
0.059
0.057
0.055
0.053
0.051
0.049
0.048
0.048
0.048
0.048
0.048
0.049
0.049
0.05
0.052
0.053
0.052
0.049
0.045
0.046
0.062
0.096
0.144
0.213
0.297
0.394
0.489
0.572
0.625
0.645
0.652
0.644
0.62
0.579
0.53
0.488
0.452
0.411
0.385
0.373
0.367
0.363
0.36
0.357
0.353
0.341
0.298
0.24
0.174
0.103
0.041
-0.008
-0.046
-0.075
-0.094
-0.1
-0.105
-0.107
-0.108
-0.11
-0.112
-0.113
-0.113
-0.111
-0.109
-0.106
-0.1
-0.087
-0.072
-0.062
-0.056
-0.049
-0.037
-0.026
-0.019
-0.014
-0.01
-0.008
-0.007
-0.005
-0.004
-0.003
-0.003
-0.002
-0.002
-0.003
-0.004
-0.006
-0.008
-0.011
-0.014
-0.017
-0.022
-0.026
-0.031
-0.035
-0.037
-0.039
-0.041
-0.042
-0.043
-0.044
-0.045
-0.045
-0.044
-0.042
-0.04
-0.038
-0.035
-0.031
-0.027
-0.021
-0.011
-0.006
-0.005
-0.004
-0.004
-0.003
-0.002
-0.001
0.0
0.0
0.0
0.0
0.0
0.0
0.0
-0.001
-0.002
-0.003
-0.003
-0.003
-0.003
-0.003
-0.003
-0.003
-0.003
-0.004
-0.005
-0.007
-0.008
-0.008
-0.007
-0.006
-0.004
-0.002
0.0
0.002
0.0
-0.001
-0.003
-0.005
-0.007
-0.004
0.002
0.009
0.018
0.025
0.029
0.033
0.035
0.037
0.037
0.035
0.033
0.031
0.029
0.026
0.021
0.014
0.006
-0.002
-0.007
-0.01
-0.012
-0.014
-0.015
-0.016
-0.016
-0.017
-0.017
-0.017
-0.016
-0.015
-0.014
-0.012
-0.009
-0.006
0.0
0.016
0.048
0.09
0.141
0.206
0.287
0.375
0.456
0.524
0.572
0.59
0.597
0.589
0.566
0.534
0.497
0.472
0.444
0.413
0.403
0.4
0.398
0.394
0.388
0.378
0.362
0.329
0.276
0.213
0.145
0.077
0.014
-0.036
-0.074
-0.104
-0.115
-0.119
-0.121
-0.122
-0.123
-0.123
-0.123
-0.121
-0.117
-0.113
-0.109
-0.106
-0.103
-0.099
-0.095
-0.092
-0.089
-0.087
-0.086
-0.085
-0.084
-0.082
-0.079
-0.074
-0.07
-0.066
-0.059
-0.045
-0.036
-0.031
-0.027
-0.024
-0.023
-0.023
-0.023
-0.023
-0.023
-0.023
-0.023
-0.022
-0.023
-0.027
-0.033
-0.039
-0.047
-0.05
-0.05
-0.051
-0.051
-0.052
-0.052
-0.048
-0.042
-0.036
-0.027
-0.017
-0.009
-0.001
0.003
0.008
0.011
0.014
0.017
0.018
0.018
0.015
0.011
0.008
0.004
0.001
-0.001
-0.004
-0.009
-0.014
-0.019
-0.023
-0.027
-0.03
-0.032
-0.035
-0.037
-0.039
-0.04
-0.041
-0.041
-0.042
-0.043
-0.043
-0.043
-0.043
-0.043
-0.044
-0.044
-0.045
-0.046
-0.046
-0.046
-0.044
-0.042
-0.039
-0.036
-0.033
-0.03
-0.027
-0.024
-0.021
-0.019
-0.018
-0.02
-0.022
-0.025
-0.028
-0.031
-0.034
-0.037
-0.042
-0.046
-0.05
-0.054
-0.059
-0.064
-0.069
-0.072
-0.075
-0.077
-0.079
-0.081
-0.083
-0.084
-0.085
-0.085
-0.084
-0.082
-0.079
-0.068
-0.047
-0.012
0.034
0.09
0.158
0.24
0.328
0.414
0.489
0.546
0.577
0.587
0.58
0.557
0.515
0.459
0.408
0.369
0.359
0.357
0.355
0.359
0.363
0.366
0.358
0.334
0.28
0.21
0.135
0.06
-0.017
-0.085
-0.137
-0.171
-0.185
-0.191
-0.196
-0.198
-0.197
-0.195
-0.194
-0.194
-0.193
-0.193
-0.192
-0.191
-0.189
-0.187
-0.184
-0.181
-0.177
-0.171
-0.159
-0.149
-0.142
-0.137
-0.133
-0.13
-0.128
-0.126
-0.124
-0.122
-0.121
-0.119
-0.118
-0.117
-0.116
-0.114
-0.114
-0.113
-0.113
-0.112
-0.111
-0.111
-0.11
-0.108
-0.107
-0.106
-0.104
-0.102
-0.1
-0.098
-0.095
-0.094
-0.092
-0.089
-0.085
-0.08
-0.076
-0.073
-0.071
-0.069
-0.068
-0.066
-0.064
-0.062
-0.061
-0.059
-0.059
-0.058
-0.057
-0.056
-0.054
-0.053
-0.042
-0.014
0.009
0.021
0.038
0.067
0.101
0.131
0.156
0.17
0.183
0.197
0.212
0.226
0.248
0.273
0.286
0.308
0.328
0.354
0.384
0.417
0.447
0.471
0.495
0.525
0.553
0.578
0.593
0.61
0.628
0.647
0.662
0.674
0.684
0.69
0.693
0.695
0.695
0.692
0.687
0.679
0.667
0.654
0.642
0.622
0.595
0.583
0.573
0.56
0.546
0.536
0.531
0.524
0.514
0.501
0.487
0.474
0.46
0.434
0.407
0.39
0.371
0.361
0.357
0.355
0.363
0.385
0.417
0.46
0.51
0.569
0.633
0.695
0.749
0.787
0.799
0.803
0.792
0.758
0.717
0.682
0.631
0.584
0.545
0.504
0.473
0.462
0.455
0.448
0.437
0.418
0.365
0.283
0.196
0.114
0.037
-0.026
-0.066
-0.086
-0.093
-0.099
-0.104
-0.11
-0.117
-0.123
-0.127
-0.13
-0.133
-0.133
-0.129
-0.123
-0.12
-0.117
-0.114
-0.112
-0.109
-0.106
-0.104
-0.101
-0.098
-0.095
-0.09
-0.081
-0.076
-0.072
-0.069
-0.067
-0.066
-0.067
-0.07
-0.074
-0.079
-0.083
-0.088
-0.092
-0.096
-0.099
-0.101
-0.104
-0.107
-0.111
-0.115
-0.121
-0.128
-0.133
-0.138
-0.141
-0.144
-0.145
-0.145
-0.146
-0.147
-0.147
-0.148
-0.149
-0.15
-0.15
-0.15
-0.151
-0.151
-0.15
-0.149
-0.147
-0.145
-0.143
-0.141
-0.139
-0.137
-0.134
-0.131
-0.128
-0.126
-0.126
-0.129
-0.132
-0.135
-0.137
-0.139
-0.142
-0.144
-0.145
-0.145
-0.143
-0.141
-0.139
-0.137
-0.134
-0.131
-0.128
-0.124
-0.12
-0.117
-0.114
-0.111
-0.108
-0.105
-0.102
-0.099
-0.097
-0.094
-0.091
-0.086
-0.08
-0.076
-0.074
-0.072
-0.07
-0.066
-0.067
-0.078
-0.088
-0.097
-0.101
-0.103
-0.105
-0.105
-0.106
-0.106
-0.107
-0.108
-0.108
-0.107
-0.105
-0.103
-0.099
-0.096
-0.091
-0.085
-0.079
-0.075
-0.071
-0.057
-0.028
0.006
0.05
0.11
0.184
0.268
0.358
0.443
0.511
0.561
0.583
0.59
0.58
0.551
0.507
0.464
0.432
0.408
0.393
0.384
0.379
0.374
0.369
0.364
0.355
0.336
0.289
0.216
0.139
0.065
0.0
-0.052
-0.093
-0.125
-0.135
-0.136
-0.137
-0.137
-0.138
-0.138
-0.138
-0.138
-0.137
-0.136
-0.133
-0.129
-0.125
-0.121
-0.114
-0.107
-0.102
-0.096
-0.091
-0.086
-0.081
-0.075
-0.069
-0.059
-0.048
-0.042
-0.038
-0.036
-0.034
-0.033
-0.032
-0.032
-0.032
-0.032
-0.032
-0.033
-0.034
-0.036
-0.037
-0.039
-0.041
-0.043
-0.045
-0.048
-0.05
-0.052
-0.052
-0.049
-0.046
-0.043
-0.04
-0.038
-0.035
-0.033
-0.029
-0.025
-0.021
-0.016
-0.011
-0.006
0.0
0.005
0.009
0.01
0.011
0.013
0.016
0.018
0.015
0.011
0.008
0.005
0.003
0.0
0.0
-0.001
0.0
0.001
0.003
0.005
0.007
0.01
0.014
0.016
0.017
0.017
0.016
0.015
0.015
0.015
0.015
0.015
0.014
0.013
0.013
0.012
0.013
0.013
0.015
0.016
0.018
0.021
0.025
0.031
0.045
0.056
0.062
0.067
0.071
0.074
0.077
0.08
0.08
0.08
0.078
0.074
0.07
0.065
0.056
0.049
0.041
0.034
0.03
0.029
0.027
0.025
0.024
0.023
0.024
0.026
0.03
0.034
0.037
0.04
0.044
0.048
0.052
0.056
0.061
0.071
0.089
0.117
0.16
0.217
0.289
0.371
0.455
0.538
