0.036
0.038
0.039
0.041
0.043
0.045
0.046
0.049
0.052
0.057
0.063
0.069
0.074
0.078
0.082
0.087
0.091
0.096
0.1
0.105
0.109
0.116
0.124
0.134
0.144
0.153
0.159
0.165
0.17
0.175
0.18
0.183
0.185
0.187
0.188
0.19
0.192
0.194
0.196
0.197
0.197
0.197
0.195
0.193
0.189
0.183
0.174
0.163
0.142
0.094
0.05
0.02
-0.001
-0.018
-0.032
-0.05
-0.07
-0.08
-0.087
-0.092
-0.096
-0.101
-0.105
-0.11
-0.114
-0.119
-0.123
-0.127
-0.13
-0.132
-0.134
-0.136
-0.138
-0.142
-0.147
-0.153
-0.158
-0.162
-0.166
-0.169
-0.171
-0.171
-0.169
-0.165
-0.158
-0.151
-0.144
-0.137
-0.131
-0.126
-0.122
-0.117
-0.112
-0.107
-0.102
-0.097
-0.092
-0.088
-0.085
-0.084
-0.085
-0.086
-0.088
-0.089
-0.09
-0.092
-0.094
-0.097
-0.099
-0.101
-0.101
-0.103
-0.107
-0.111
-0.11
-0.1
-0.088
-0.081
-0.075
-0.069
-0.065
-0.061
-0.059
-0.057
-0.056
-0.055
-0.055
-0.056
-0.057
-0.059
-0.061
-0.063
-0.065
-0.068
-0.073
-0.079
-0.082
-0.08
-0.074
-0.068
-0.065
-0.062
-0.06
-0.057
-0.054
-0.051
-0.049
-0.049
-0.05
-0.052
-0.054
-0.056
-0.057
-0.059
-0.06
-0.062
-0.063
-0.063
-0.064
-0.064
-0.065
-0.066
-0.067
-0.069
-0.07
-0.07
-0.068
-0.066
-0.063
-0.06
-0.056
-0.053
-0.05
-0.048
-0.047
-0.047
-0.048
-0.049
-0.05
-0.05
-0.049
-0.049
-0.048
-0.046
-0.045
-0.044
-0.043
-0.042
-0.042
-0.043
-0.044
-0.044
-0.045
-0.044
-0.043
-0.041
-0.038
-0.036
-0.033
-0.029
-0.027
-0.024
-0.023
-0.022
-0.022
-0.021
-0.019
-0.017
-0.015
-0.012
-0.009
-0.006
-0.002
0.001
0.005
0.009
0.013
0.016
0.019
0.022
0.024
0.026
0.028
0.031
0.035
0.041
0.048
0.061
0.086
0.103
0.11
0.115
0.119
0.122
0.124
0.125
0.125
0.123
0.12
0.115
0.11
0.102
0.093
0.083
0.068
0.039
0.013
0.0
-0.009
-0.019
-0.027
-0.033
-0.036
-0.036
-0.034
-0.032
-0.029
-0.026
-0.023
-0.02
-0.015
-0.009
-0.001
0.008
0.026
0.083
0.222
0.43
0.691
0.962
1.168
1.241
1.144
0.891
0.544
0.186
-0.099
-0.246
-0.295
-0.275
-0.212
-0.143
-0.126
-0.114
-0.106
-0.099
-0.092
-0.084
-0.077
-0.069
-0.062
-0.055
-0.051
-0.047
-0.045
-0.044
-0.043
-0.041
-0.039
-0.037
-0.035
-0.033
-0.031
-0.03
-0.028
-0.027
-0.025
-0.023
-0.023
-0.022
-0.022
-0.022
-0.02
-0.019
-0.017
-0.014
-0.011
-0.007
-0.002
0.004
0.011
0.017
0.021
0.024
0.027
0.03
0.034
0.039
0.044
0.05
0.056
0.055
0.046
0.036
0.026
0.015
0.007
0.007
0.017
0.032
0.047
0.065
0.086
0.112
0.139
0.166
0.184
0.196
0.204
0.211
0.217
0.22
0.22
0.213
0.202
0.19
0.181
0.172
0.163
0.155
0.148
0.141
0.134
0.128
0.121
0.115
0.109
0.103
0.098
0.093
0.088
0.082
0.076
0.067
0.053
0.038
0.024
0.002
-0.036
-0.065
-0.081
-0.092
-0.098
-0.102
-0.105
-0.11
-0.116
-0.116
-0.107
-0.101
-0.097
-0.094
-0.09
-0.087
-0.085
-0.084
-0.083
-0.082
-0.08
-0.079
-0.079
-0.079
-0.08
-0.081
-0.081
-0.081
-0.079
-0.077
-0.075
-0.074
-0.072
-0.071
-0.069
-0.067
-0.066
-0.064
-0.062
-0.057
-0.053
-0.053
-0.058
-0.064
-0.068
-0.072
-0.076
-0.079
-0.081
-0.081
-0.08
-0.076
-0.071
-0.065
-0.059
-0.052
-0.044
-0.036
-0.03
-0.026
-0.022
-0.018
-0.013
-0.007
-0.002
-0.003
-0.01
-0.019
-0.024
-0.028
-0.032
-0.036
-0.04
-0.044
-0.047
-0.049
-0.05
-0.052
-0.055
-0.058
-0.059
-0.057
-0.046
-0.032
-0.018
-0.009
-0.001
0.006
0.014
0.021
0.025
0.025
0.021
0.015
0.008
0.001
-0.005
-0.012
-0.022
-0.033
-0.041
-0.045
-0.043
-0.039
-0.033
-0.024
-0.009
0.025
0.05
0.066
0.075
0.074
0.066
0.054
0.033
0.0
-0.018
-0.03
-0.039
-0.043
-0.042
-0.034
-0.024
-0.012
-0.003
0.006
0.017
0.024
0.028
0.031
0.033
0.035
0.038
0.042
0.045
0.047
0.044
0.038
0.03
0.023
0.018
0.013
0.006
0.001
-0.002
-0.003
0.0
0.005
0.012
0.018
0.022
0.026
0.031
0.036
0.041
0.047
0.052
0.057
0.061
0.066
0.072
0.079
0.087
0.098
0.109
0.118
0.125
0.132
0.144
0.161
0.17
0.178
0.185
0.189
0.18
0.161
0.142
0.123
0.105
0.089
0.078
0.07
0.063
0.058
0.053
0.048
0.043
0.038
0.033
0.027
0.022
0.017
0.012
0.006
0.0
-0.006
-0.014
-0.025
-0.052
-0.085
-0.106
-0.103
-0.051
0.076
0.277
0.524
0.774
0.978
1.06
1.053
0.938
0.742
0.501
0.225
-0.036
-0.23
-0.303
-0.326
-0.305
-0.243
-0.185
-0.147
-0.106
-0.065
-0.041
-0.027
-0.017
-0.011
-0.01
-0.014
-0.024
-0.034
-0.043
-0.054
-0.062
-0.065
-0.061
-0.055
-0.047
-0.039
-0.031
-0.021
-0.01
0.0
0.007
0.014
0.021
0.027
0.031
0.031
0.028
0.024
0.018
0.011
-0.002
-0.022
-0.037
-0.048
-0.032
-0.006
0.025
0.049
0.063
0.07
0.071
0.072
0.074
0.077
0.075
0.054
0.037
0.021
0.011
0.011
0.02
0.031
0.04
0.047
0.055
0.063
0.07
0.076
0.085
0.102
0.135
0.159
0.174
0.182
0.185
0.187
0.189
0.193
0.196
0.195
0.183
0.168
0.158
0.15
0.143
0.137
0.13
0.122
0.115
0.107
0.099
0.09
0.078
0.061
0.045
0.031
0.014
-0.006
-0.031
-0.044
-0.051
-0.057
-0.062
-0.067
-0.071
-0.075
-0.08
-0.085
-0.089
-0.093
-0.097
-0.1
-0.102
-0.104
-0.105
-0.107
-0.109
-0.111
-0.113
-0.114
-0.115
-0.115
-0.116
-0.117
-0.118
-0.119
-0.119
-0.118
-0.117
-0.116
-0.116
-0.116
-0.116
-0.115
-0.113
-0.11
-0.107
-0.104
-0.103
-0.101
-0.099
-0.096
-0.093
-0.09
-0.088
-0.086
-0.084
-0.079
-0.074
-0.068
-0.063
-0.059
-0.059
-0.061
-0.063
-0.067
-0.072
-0.076
-0.081
-0.087
-0.093
-0.097
-0.1
-0.1
-0.096
-0.088
-0.078
-0.067
-0.057
-0.041
-0.027
-0.02
-0.024
-0.033
-0.044
-0.056
-0.072
-0.086
-0.099
-0.11
-0.123
-0.129
-0.117
-0.096
-0.085
-0.077
-0.07
-0.063
-0.057
-0.054
-0.052
-0.051
-0.05
-0.051
-0.052
-0.053
-0.055
-0.057
-0.06
-0.061
-0.062
-0.064
-0.066
-0.069
-0.072
-0.075
-0.077
-0.079
-0.079
-0.079
-0.078
-0.076
-0.073
-0.07
-0.068
-0.066
-0.064
-0.063
-0.062
-0.061
-0.061
-0.059
-0.058
-0.056
-0.053
-0.051
-0.049
-0.049
-0.049
-0.051
-0.053
-0.057
-0.062
-0.067
-0.073
-0.078
-0.083
-0.088
-0.092
-0.099
-0.107
-0.112
-0.112
-0.105
-0.094
-0.083
-0.072
-0.055
-0.043
-0.037
-0.032
-0.026
-0.017
-0.018
-0.031
-0.04
-0.047
-0.053
-0.058
-0.059
-0.056
-0.049
-0.039
-0.028
-0.016
0.003
0.02
0.035
0.051
0.067
0.081
0.093
0.102
0.113
0.12
0.119
0.107
0.088
0.064
0.035
0.014
0.006
0.002
-0.001
-0.004
-0.007
-0.009
-0.01
-0.011
-0.012
-0.014
-0.017
-0.019
-0.019
-0.018
-0.018
-0.017
-0.017
-0.017
-0.017
-0.017
-0.019
-0.025
-0.035
-0.004
0.089
0.266
0.525
0.823
1.078
1.185
1.176
1.027
0.748
0.43
0.138
-0.085
-0.202
-0.245
-0.246
-0.22
-0.184
-0.138
-0.092
-0.048
-0.025
-0.012
-0.002
0.003
0.006
0.006
0.003
0.0
-0.003
-0.006
-0.01
-0.014
-0.016
-0.017
-0.014
-0.006
0.003
0.011
0.017
0.021
0.024
0.028
0.031
0.033
0.035
0.035
0.036
0.037
0.039
0.042
0.045
0.049
0.052
0.056
0.059
0.062
0.064
0.066
0.068
0.07
0.071
0.073
0.077
0.081
0.087
0.093
0.099
0.106
0.113
0.119
0.125
0.131
0.137
0.143
0.149
0.158
0.175
0.188
0.199
0.203
0.205
0.208
0.212
0.217
0.222
0.227
0.23
0.233
0.235
0.237
0.238
0.238
0.236
0.234
0.231
0.227
0.223
0.219
0.215
0.212
0.207
0.202
0.196
0.183
0.152
0.126
0.107
0.093
0.079
0.062
0.042
0.026
0.019
0.015
0.012
0.009
0.007
0.004
0.002
0.0
-0.003
-0.005
-0.008
-0.009
-0.011
-0.012
-0.013
-0.014
-0.014
-0.014
-0.014
-0.013
-0.011
-0.01
-0.009
-0.009
-0.009
-0.009
-0.008
-0.007
-0.006
-0.005
-0.004
-0.003
-0.002
-0.001
0.0
0.0
0.0
-0.001
-0.003
-0.006
-0.007
-0.008
-0.008
-0.007
-0.007
-0.006
-0.006
-0.006
-0.005
-0.005
-0.006
-0.007
-0.008
-0.009
-0.01
-0.011
-0.012
-0.013
-0.014
-0.014
-0.013
-0.011
-0.009
-0.008
-0.008
-0.01
-0.011
-0.012
-0.014
-0.016
-0.018
-0.02
-0.021
-0.022
-0.025
-0.028
-0.031
-0.034
-0.038
-0.043
-0.048
-0.053
-0.052
-0.045
-0.037
-0.033
-0.029
-0.025
-0.023
-0.021
-0.022
-0.025
-0.029
-0.033
-0.038
-0.042
-0.044
-0.047
-0.05
-0.052
-0.054
-0.054
-0.054
-0.054
-0.055
-0.055
-0.054
-0.052
-0.051
-0.049
-0.049
-0.047
-0.045
-0.043
-0.039
-0.035
-0.031
-0.027
-0.024
-0.022
-0.02
-0.02
-0.02
-0.02
-0.02
-0.021
-0.019
-0.017
-0.014
-0.013
-0.012
-0.012
-0.013
-0.015
-0.018
-0.022
-0.025
-0.029
-0.033
-0.037
-0.042
-0.046
-0.051
-0.054
-0.057
-0.057
-0.055
-0.051
-0.045
-0.037
-0.029
-0.02
-0.012
-0.003
0.003
0.011
0.019
0.027
0.039
0.053
0.066
0.079
0.088
0.092
0.092
0.088
0.082
0.075
0.065
0.055
0.044
0.028
0.011
0.0
-0.009
-0.017
-0.024
-0.03
-0.036
-0.041
-0.046
-0.052
-0.06
-0.07
-0.081
-0.092
-0.103
-0.113
-0.127
-0.141
-0.151
-0.154
-0.152
-0.148
-0.141
-0.129
-0.084
0.043
0.241
0.493
0.767
0.993
1.072
1.057
0.897
0.629
0.325
0.032
-0.205
-0.328
-0.373
-0.374
-0.339
-0.288
-0.216
-0.18
-0.166
-0.155
-0.146
-0.139
-0.132
-0.124
-0.116
-0.108
-0.102
-0.097
-0.092
-0.088
-0.086
-0.084
-0.084
-0.085
-0.085
-0.083
-0.081
-0.079
-0.076
-0.074
-0.072
-0.07
-0.068
-0.065
-0.063
-0.062
-0.061
-0.06
-0.06
-0.058
-0.056
-0.054
-0.051
-0.049
-0.046
-0.043
-0.038
-0.033
-0.027
-0.021
-0.016
-0.009
0.001
0.015
0.027
0.035
0.041
0.046
0.05
0.055
0.059
0.063
0.066
0.07
0.073
0.078
0.082
0.088
0.095
0.104
0.115
0.132
0.165
0.19
0.209
0.224
0.235
0.243
0.248
0.251
0.257
0.265
0.264
0.246
0.229
0.213
0.195
0.173
0.149
0.121
0.096
0.081
0.071
0.063
0.058
0.054
0.049
0.043
0.037
0.03
0.022
0.014
0.006
-0.003
-0.014
-0.023
-0.033
-0.042
-0.048
-0.05
-0.051
-0.054
-0.058
-0.061
-0.064
-0.065
-0.066
-0.067
-0.069
-0.071
-0.073
-0.075
-0.076
-0.076
-0.077
-0.078
-0.079
-0.08
-0.081
-0.081
-0.079
-0.077
-0.074
-0.072
-0.07
-0.067
-0.065
-0.063
-0.06
-0.058
-0.056
-0.055
-0.051
-0.045
-0.038
-0.031
-0.026
-0.023
-0.021
-0.019
-0.018
-0.018
-0.019
-0.022
-0.028
-0.034
-0.036
-0.034
-0.032
-0.031
-0.029
-0.028
-0.026
-0.023
-0.02
-0.018
-0.017
-0.017
-0.018
-0.021
-0.024
-0.028
-0.033
-0.023
-0.015
-0.011
-0.007
-0.003
-0.001
0.0
-0.001
-0.004
-0.008
-0.012
-0.017
-0.025
-0.033
-0.038
-0.035
-0.029
-0.021
-0.015
-0.009
-0.004
0.0
0.001
-0.002
-0.01
-0.021
-0.033
-0.042
-0.052
-0.064
-0.073
-0.079
-0.079
-0.074
-0.066
-0.058
-0.052
-0.047
-0.041
-0.034
-0.028
-0.022
-0.018
-0.015
-0.014
-0.015
-0.018
-0.021
-0.026
-0.033
-0.041
-0.049
-0.057
-0.072
-0.084
-0.085
-0.076
-0.066
-0.059
-0.053
-0.046
-0.04
-0.037
-0.036
-0.037
-0.037
-0.038
-0.038
-0.04
-0.043
-0.047
-0.049
-0.047
-0.041
-0.033
-0.027
-0.021
-0.016
-0.017
-0.025
-0.034
-0.04
-0.046
-0.052
-0.058
-0.061
-0.061
-0.055
-0.046
-0.035
-0.023
-0.011
0.003
0.019
0.031
0.042
0.05
0.056
0.062
0.068
0.073
0.077
0.079
0.078
0.075
0.073
0.069
0.065
0.058
0.05
0.033
-0.005
-0.028
-0.04
-0.049
-0.055
-0.058
-0.059
-0.057
-0.054
-0.05
-0.047
-0.042
-0.034
-0.03
-0.04
-0.063
-0.089
-0.12
-0.142
-0.162
-0.182
-0.181
-0.15
-0.065
0.122
0.384
0.678
0.938
1.081
1.091
0.995
0.775
0.516
0.261
0.034
-0.151
-0.289
-0.346
-0.365
-0.341
-0.27
-0.192
-0.159
-0.146
-0.139
-0.135
-0.13
-0.123
-0.115
-0.107
-0.101
-0.096
-0.092
-0.089
-0.087
-0.085
-0.083
-0.08
-0.076
-0.072
-0.069
-0.066
-0.064
-0.062
-0.06
-0.057
-0.055
-0.051
-0.047
-0.038
-0.029
-0.02
-0.014
-0.009
-0.005
-0.002
0.0
0.003
0.006
0.009
0.012
0.013
0.015
0.017
0.02
0.023
0.027
0.03
0.033
0.037
0.043
0.05
0.06
0.072
0.086
0.099
0.109
0.119
0.128
0.136
0.143
0.148
0.154
0.159
0.164
0.17
0.175
0.179
0.183
0.187
0.191
0.197
0.202
0.207
0.211
0.214
0.216
0.217
0.217
0.216
0.215
0.213
0.21
0.206
0.203
0.198
0.193
0.187
0.179
0.166
0.137
0.109
0.08
0.052
0.023
0.013
0.008
0.004
0.0
-0.002
-0.004
-0.006
-0.008
-0.011
-0.014
-0.017
-0.019
-0.021
-0.023
-0.024
-0.024
-0.024
-0.024
-0.024
-0.024
-0.024
-0.024
-0.023
-0.023
-0.024
-0.024
-0.025
-0.027
-0.027
-0.027
-0.026
-0.026
-0.025
-0.024
-0.022
-0.02
-0.018
-0.015
-0.011
-0.008
-0.005
-0.002
0.0
0.001
0.003
0.003
0.003
0.004
0.004
0.004
0.004
0.003
0.003
0.003
0.004
0.006
0.009
0.012
0.015
0.017
0.02
0.022
0.023
0.025
0.026
0.028
0.029
0.031
0.035
0.044
0.054
0.059
0.055
0.043
0.025
0.0
-0.03
-0.036
-0.041
-0.047
-0.042
-0.011
0.012
0.032
0.047
0.052
0.054
0.054
0.056
0.061
0.057
0.028
0.005
-0.014
-0.028
-0.032
-0.033
-0.033
-0.034
-0.035
-0.036
-0.038
-0.038
-0.038
-0.036
-0.032
-0.029
-0.025
-0.022
-0.02
-0.016
-0.012
-0.009
-0.007
-0.006
-0.008
-0.012
-0.017
-0.022
-0.026
-0.029
-0.031
-0.034
-0.036
-0.039
-0.043
-0.047
-0.05
-0.053
-0.054
-0.055
-0.055
-0.055
-0.053
-0.052
-0.05
-0.047
-0.045
-0.044
-0.044
-0.045
-0.046
-0.046
-0.047
-0.047
-0.048
-0.049
-0.049
-0.047
-0.045
-0.043
-0.044
-0.049
-0.058
-0.066
-0.073
-0.08
-0.087
-0.093
-0.096
-0.093
-0.084
-0.071
-0.055
-0.036
-0.009
0.008
0.021
0.03
0.038
0.045
0.05
0.052
0.051
0.044
0.033
0.021
0.007
-0.008
-0.032
-0.056
-0.079
-0.09
-0.097
-0.103
-0.109
-0.113
-0.117
-0.121
-0.125
-0.128
-0.132
-0.135
-0.137
-0.138
-0.138
-0.137
-0.137
-0.136
-0.136
-0.139
-0.145
-0.157
-0.155
-0.117
-0.011
0.188
0.46
0.742
0.929
0.95
0.87
0.613
0.283
-0.027
-0.253
-0.357
-0.395
-0.395
-0.367
-0.326
-0.274
-0.24
-0.218
-0.2
-0.184
-0.177
-0.172
-0.166
-0.161
-0.157
-0.154
-0.152
-0.15
-0.148
-0.147
-0.146
-0.144
-0.142
-0.14
-0.137
-0.134
-0.132
-0.129
-0.128
-0.126
-0.124
-0.121
-0.118
-0.116
-0.115
-0.113
-0.111
-0.108
-0.104
-0.1
-0.096
-0.092
-0.089
-0.086
-0.083
-0.08
-0.078
-0.075
-0.071
-0.067
-0.061
-0.054
-0.046
-0.039
-0.033
-0.025
-0.016
-0.007
0.0
0.008
0.014
0.019
0.024
0.029
0.036
0.043
0.051
0.059
0.067
0.074
0.082
0.091
0.101
0.113
0.125
0.136
0.142
0.145
0.147
0.148
0.15
0.152
0.154
0.156
0.158
0.159
0.158
0.153
0.145
0.135
0.124
0.108
0.08
0.049
0.022
-0.001
-0.017
-0.028
-0.036
-0.042
-0.047
-0.051
-0.053
-0.055
-0.056
-0.058
-0.06
-0.064
-0.068
-0.071
-0.074
-0.078
-0.083
-0.088
-0.093
-0.097
-0.101
-0.103
-0.105
-0.106
-0.108
-0.109
-0.11
-0.111
-0.11
-0.109
-0.106
-0.103
-0.098
-0.092
-0.086
-0.078
-0.067
-0.057
-0.05
-0.044
-0.04
-0.034
-0.026
-0.02
-0.021
-0.032
-0.047
-0.056
-0.065
-0.072
-0.077
-0.078
-0.075
-0.067
-0.058
-0.05
-0.045
-0.04
-0.034
-0.028
-0.023
-0.018
-0.013
-0.009
-0.007
-0.005
-0.005
-0.007
-0.01
-0.016
-0.022
-0.029
-0.036
-0.042
-0.047
-0.051
-0.056
-0.064
-0.073
-0.081
-0.084
-0.081
-0.073
-0.065
-0.057
-0.053
-0.048
-0.043
-0.038
-0.033
-0.029
-0.026
-0.023
-0.022
-0.022
-0.023
-0.025
-0.028
-0.032
-0.036
-0.039
-0.042
-0.044
-0.045
-0.047
-0.049
-0.05
-0.051
-0.051
-0.051
-0.051
-0.05
-0.046
-0.041
-0.035
-0.029
-0.023
-0.019
-0.017
-0.014
-0.012
-0.01
-0.008
-0.006
-0.004
-0.002
-0.001
-0.001
0.0
0.0
0.0
0.0
0.0
0.0
0.001
0.002
0.002
0.002
0.002
0.002
0.002
0.002
0.002
0.002
0.002
0.002
0.002
0.002
0.003
0.003
0.004
0.005
