-0.053
-0.051
-0.049
-0.049
-0.049
-0.05
-0.052
-0.054
-0.056
-0.057
-0.06
-0.062
-0.063
-0.063
-0.063
-0.063
-0.063
-0.064
-0.066
-0.071
-0.079
-0.088
-0.095
-0.097
-0.088
-0.074
-0.061
-0.052
-0.043
-0.033
-0.024
-0.015
-0.008
-0.002
0.0
0.001
0.0
0.0
-0.002
-0.006
-0.009
-0.011
-0.013
-0.016
-0.018
-0.021
-0.028
-0.036
-0.039
-0.033
-0.02
-0.009
-0.005
-0.002
0.0
0.003
0.007
0.012
0.018
0.021
0.023
0.024
0.024
0.024
0.022
0.019
0.015
0.01
0.004
-0.001
-0.005
-0.007
-0.008
-0.009
-0.01
-0.011
-0.012
-0.013
-0.012
-0.012
-0.014
-0.016
-0.018
-0.02
-0.02
-0.019
-0.018
-0.016
-0.014
-0.011
-0.008
-0.003
0.001
0.006
0.009
0.011
0.013
0.016
0.019
0.024
0.03
0.034
0.03
0.018
0.003
-0.01
-0.018
-0.026
-0.034
-0.042
-0.048
-0.054
-0.058
-0.059
-0.058
-0.057
-0.055
-0.052
-0.047
-0.042
-0.036
-0.031
-0.026
-0.02
-0.016
-0.014
-0.013
-0.012
-0.011
-0.013
-0.016
-0.02
-0.025
-0.03
-0.035
-0.041
-0.048
-0.06
-0.073
-0.08
-0.076
-0.064
-0.048
-0.035
-0.018
-0.004
0.001
-0.001
-0.007
-0.013
-0.016
-0.019
-0.022
-0.026
-0.029
-0.033
-0.037
-0.04
-0.043
-0.044
-0.043
-0.039
-0.032
-0.024
-0.015
-0.007
0.0
0.008
0.016
0.028
0.041
0.051
0.061
0.07
0.079
0.092
0.103
0.109
0.1
0.081
0.062
0.052
0.044
0.037
0.03
0.022
0.014
0.006
-0.001
-0.007
-0.01
-0.012
-0.012
-0.009
-0.007
-0.005
-0.004
-0.004
-0.004
-0.005
-0.008
-0.011
-0.013
-0.015
-0.016
-0.016
-0.016
-0.017
-0.019
-0.021
-0.023
-0.025
-0.029
-0.032
-0.025
-0.011
0.0
0.012
0.02
0.007
-0.019
-0.043
-0.068
-0.08
-0.07
-0.044
0.025
0.123
0.23
0.354
0.5
0.653
0.798
0.847
0.873
0.859
0.742
0.602
0.462
0.329
0.221
0.166
0.121
0.062
0.002
-0.038
-0.061
-0.075
-0.086
-0.096
-0.101
-0.097
-0.085
-0.073
-0.066
-0.061
-0.055
-0.049
-0.042
-0.037
-0.033
-0.03
-0.029
-0.03
-0.032
-0.035
-0.038
-0.041
-0.045
-0.049
-0.053
-0.056
-0.057
-0.058
-0.06
-0.063
-0.066
-0.068
-0.064
-0.053
-0.041
-0.029
-0.023
-0.016
-0.009
-0.002
0.004
0.011
0.017
0.024
0.03
0.036
0.041
0.046
0.051
0.054
0.058
0.061
0.065
0.069
0.075
0.083
0.091
0.1
0.109
0.118
0.128
0.137
0.147
0.156
0.164
0.17
0.175
0.18
0.186
0.193
0.201
0.208
0.215
0.221
0.225
0.227
0.227
0.225
0.22
0.214
0.205
0.195
0.185
0.174
0.164
0.15
0.134
0.117
0.099
0.082
0.064
0.046
0.028
0.01
-0.004
-0.018
-0.029
-0.039
-0.047
-0.056
-0.066
-0.076
-0.082
-0.085
-0.085
-0.084
-0.082
-0.08
-0.077
-0.072
-0.063
-0.054
-0.054
-0.066
-0.079
-0.087
-0.093
-0.099
-0.105
-0.11
-0.114
-0.116
-0.114
-0.107
-0.098
-0.088
-0.078
-0.069
-0.064
-0.06
-0.055
-0.051
-0.049
-0.047
-0.044
-0.041
-0.036
-0.033
-0.031
-0.028
-0.026
-0.025
-0.023
-0.022
-0.022
-0.023
-0.024
-0.024
-0.023
-0.02
-0.018
-0.015
-0.013
-0.013
-0.014
-0.014
-0.015
-0.018
-0.023
-0.028
-0.032
-0.036
-0.039
-0.041
-0.042
-0.043
-0.045
-0.047
-0.05
-0.053
-0.058
-0.064
-0.07
-0.074
-0.075
-0.074
-0.07
-0.064
-0.057
-0.051
-0.046
-0.041
-0.035
-0.03
-0.027
-0.025
-0.023
-0.022
-0.021
-0.022
-0.022
-0.022
-0.022
-0.022
-0.021
-0.02
-0.02
-0.019
-0.018
-0.017
-0.015
-0.014
-0.014
-0.014
-0.015
-0.016
-0.016
-0.014
-0.012
-0.01
-0.009
-0.007
-0.006
-0.004
-0.003
-0.003
-0.004
-0.005
-0.006
-0.006
-0.004
0.001
0.008
0.013
0.015
0.012
0.005
-0.001
-0.011
-0.025
-0.038
-0.04
-0.033
-0.024
-0.02
-0.016
-0.013
-0.01
-0.007
-0.003
0.0
0.004
0.006
0.005
0.004
0.002
0.0
-0.003
-0.006
-0.009
-0.011
-0.012
-0.013
-0.012
-0.009
-0.006
-0.002
0.0
0.003
0.006
0.01
0.015
0.019
0.023
0.028
0.033
0.039
0.046
0.054
0.063
0.072
0.08
0.086
0.092
0.098
0.102
0.103
0.101
0.099
0.095
0.091
0.086
0.081
0.075
0.07
0.065
0.061
0.057
0.055
0.053
0.051
0.049
0.046
0.043
0.042
0.041
0.04
0.037
0.035
0.034
0.033
0.031
0.03
0.029
0.029
0.029
0.029
0.029
0.031
0.032
0.033
0.032
0.031
0.03
0.027
0.024
0.022
0.02
0.019
0.019
0.018
0.018
0.017
0.016
0.014
0.005
-0.018
-0.018
0.022
0.135
0.324
0.542
0.76
0.955
1.049
1.048
0.947
0.784
0.632
0.493
0.357
0.243
0.198
0.156
0.125
0.101
0.079
0.053
0.031
0.016
0.004
-0.007
-0.017
-0.025
