-0.052
-0.069
-0.086
-0.103
-0.12
-0.128
-0.133
-0.137
-0.141
-0.144
-0.147
-0.149
-0.153
-0.156
-0.158
-0.161
-0.164
-0.167
-0.171
-0.179
-0.194
-0.197
-0.188
-0.163
-0.097
0.013
0.172
0.37
0.588
0.799
0.963
1.037
0.992
0.825
0.57
0.261
-0.057
-0.326
-0.496
-0.547
-0.504
-0.418
-0.33
-0.254
-0.202
-0.175
-0.159
-0.15
-0.142
-0.131
-0.119
-0.114
-0.11
-0.105
-0.101
-0.098
-0.094
-0.092
-0.09
-0.089
-0.088
-0.09
-0.092
-0.096
-0.099
-0.103
-0.107
-0.11
-0.113
-0.115
-0.117
-0.118
-0.119
-0.121
-0.124
-0.127
-0.13
-0.132
-0.135
-0.136
-0.135
-0.134
-0.132
-0.129
-0.127
-0.123
-0.12
-0.116
-0.112
-0.108
-0.104
-0.1
-0.093
-0.085
-0.077
-0.07
-0.064
-0.059
-0.053
-0.043
-0.029
-0.012
0.003
0.019
0.036
0.045
0.05
0.054
0.057
0.06
0.064
0.069
0.073
0.077
0.081
0.086
0.092
0.101
0.115
0.123
0.126
0.129
0.131
0.134
0.136
0.137
0.138
0.135
0.13
0.123
0.115
0.104
0.085
0.067
0.05
0.032
0.014
0.005
0.001
-0.001
-0.005
-0.008
-0.01
-0.013
-0.015
-0.016
-0.017
-0.018
-0.019
-0.019
-0.021
-0.022
-0.023
-0.024
-0.025
-0.024
-0.024
-0.025
-0.025
-0.025
-0.024
-0.026
-0.027
-0.026
-0.02
-0.013
-0.008
-0.004
0.0
0.003
0.005
0.006
0.006
0.007
0.007
0.006
0.006
0.005
0.004
0.003
0.002
0.001
0.0
0.0
0.0
0.0
0.001
0.005
0.009
0.014
0.019
0.024
0.029
0.034
0.044
0.053
0.058
0.061
0.064
0.067
0.071
0.074
0.076
0.077
0.072
0.065
0.055
0.044
0.03
0.016
0.003
-0.007
-0.017
-0.025
-0.031
-0.037
-0.04
-0.042
-0.043
-0.044
-0.045
-0.045
-0.046
-0.047
-0.047
-0.048
-0.049
-0.049
-0.05
-0.05
-0.05
-0.051
-0.051
-0.051
-0.051
-0.051
-0.051
-0.052
-0.052
-0.052
-0.052
-0.053
-0.053
-0.053
-0.053
-0.052
-0.051
-0.049
-0.048
-0.046
-0.044
-0.042
-0.039
-0.037
-0.034
-0.031
-0.029
-0.026
-0.021
-0.015
-0.009
-0.005
-0.005
-0.008
-0.013
-0.02
-0.028
-0.037
-0.053
-0.066
-0.075
-0.087
-0.1
-0.091
-0.064
0.022
0.17
0.371
0.609
0.853
1.059
1.148
1.14
1.008
0.756
0.451
0.137
-0.153
-0.376
-0.486
-0.502
-0.473
-0.403
-0.328
-0.259
-0.199
-0.163
-0.137
-0.12
-0.106
-0.095
-0.083
-0.072
-0.06
-0.048
-0.038
-0.028
-0.021
-0.016
-0.013
-0.009
-0.003
-0.001
-0.008
-0.02
-0.026
-0.031
-0.035
-0.038
-0.041
-0.043
-0.045
-0.046
-0.047
-0.047
-0.046
-0.045
-0.043
-0.041
-0.039
-0.036
-0.034
-0.031
-0.029
-0.026
-0.023
-0.021
-0.019
-0.016
-0.014
-0.011
-0.006
-0.001
0.004
0.015
0.036
0.051
0.064
0.076
0.088
0.101
0.115
0.132
0.151
0.161
0.167
0.172
0.177
0.18
0.182
0.184
0.185
0.186
0.187
0.188
0.189
0.189
0.19
0.191
0.191
0.192
0.192
0.191
0.189
0.188
0.186
0.184
0.182
0.179
0.176
0.17
0.162
0.155
0.147
0.136
0.122
0.109
0.094
0.073
0.054
0.042
0.034
0.03
0.027
0.025
0.023
0.023
0.023
0.025
0.03
0.036
0.042
0.046
0.049
0.052
0.056
0.059
0.062
0.065
0.068
0.071
0.074
0.077
0.079
0.08
0.081
0.081
0.079
0.078
0.075
0.073
0.07
0.067
0.064
0.061
0.058
0.056
0.054
0.051
0.047
0.041
0.035
0.029
0.024
0.02
0.016
0.013
0.011
0.007
0.001
-0.009
-0.021
-0.03
-0.036
-0.04
-0.042
-0.04
-0.036
-0.032
-0.03
-0.027
-0.025
-0.023
-0.021
-0.02
-0.02
-0.02
-0.022
-0.024
-0.027
-0.032
-0.037
-0.044
-0.056
-0.068
-0.072
-0.074
-0.076
-0.078
-0.078
-0.078
-0.078
-0.078
-0.078
-0.079
-0.08
-0.082
-0.083
-0.083
-0.083
-0.084
-0.084
-0.085
-0.087
-0.089
-0.091
-0.096
-0.107
-0.118
-0.13
-0.143
-0.158
-0.172
-0.182
-0.191
-0.197
-0.199
-0.2
-0.201
-0.201
-0.201
-0.202
-0.202
-0.202
-0.202
-0.199
-0.195
-0.189
-0.182
-0.173
-0.157
-0.143
-0.132
-0.122
-0.114
-0.108
-0.103
-0.098
-0.094
-0.094
-0.097
-0.103
-0.109
-0.116
-0.116
-0.103
-0.07
0.019
0.168
0.366
0.597
0.826
1.012
1.108
1.075
0.909
0.642
0.329
0.027
-0.215
-0.374
-0.424
-0.424
-0.376
-0.313
-0.255
-0.209
-0.175
-0.163
-0.154
-0.149
-0.144
-0.141
-0.14
-0.145
-0.153
-0.164
-0.177
-0.184
-0.188
-0.193
-0.196
-0.198
-0.197
-0.195
-0.192
-0.19
-0.188
-0.186
-0.185
-0.182
-0.179
-0.176
-0.172
-0.168
-0.158
-0.141
-0.125
-0.108
-0.091
-0.071
-0.056
-0.049
-0.043
-0.036
-0.029
-0.023
-0.017
-0.009
-0.003
0.001
0.006
0.012
0.021
0.035
0.045
0.051
0.056
0.062
0.068
0.073
0.079
0.086
0.094
0.103
0.109
0.115
0.127
0.145
0.164
0.184
0.199
0.208
0.219
0.232
0.243
0.253
0.261
0.269
0.276
0.285
0.295
0.301
0.304
0.307
0.31
0.312
0.312
0.305
0.296
0.285
0.271
0.256
0.243
0.232
0.22
0.204
0.195
0.188
0.182
0.178
0.174
0.172
0.17
0.169
0.168
0.168
0.167
0.165
0.163
0.161
0.157
0.151
0.145
0.138
0.132
0.125
0.117
0.106
0.097
0.091
0.086
0.082
0.078
0.075
0.073
0.071
0.068
0.065
0.062
0.059
0.056
0.053
0.051
0.049
0.047
0.045
0.042
0.039
0.036
0.033
0.03
0.027
0.025
0.024
0.024
0.025
0.028
0.03
0.034
0.038
0.042
0.046
0.049
0.053
0.056
0.061
0.065
0.069
0.072
0.075
0.076
0.076
0.076
0.075
0.074
0.072
0.07
0.066
0.063
0.059
0.055
0.05
0.044
0.036
0.028
0.019
0.01
0.001
-0.006
-0.016
-0.026
-0.031
-0.032
-0.031
-0.03
-0.028
-0.027
-0.026
-0.026
-0.026
-0.026
-0.026
-0.025
-0.024
-0.024
-0.022
-0.02
-0.018
-0.014
-0.011
-0.009
-0.011
-0.013
-0.014
-0.016
-0.018
-0.019
-0.02
-0.019
-0.019
-0.018
-0.017
-0.015
-0.013
-0.011
-0.009
-0.009
-0.012
-0.019
-0.026
-0.033
-0.041
-0.05
-0.057
-0.062
-0.068
-0.075
-0.083
-0.092
-0.1
-0.109
-0.12
-0.118
-0.095
-0.031
0.104
0.288
0.502
0.728
0.928
1.032
1.032
0.929
0.696
0.413
0.111
-0.165
-0.374
-0.458
-0.462
-0.399
-0.312
-0.236
-0.176
-0.147
-0.139
-0.134
-0.13
-0.128
-0.125
-0.121
-0.117
-0.115
-0.112
-0.11
-0.107
-0.103
-0.099
-0.097
-0.097
-0.103
-0.11
-0.116
-0.121
-0.125
-0.129
-0.134
-0.137
-0.14
-0.14
-0.138
-0.134
-0.129
-0.124
-0.119
-0.113
-0.102
-0.094
-0.089
-0.086
-0.085
-0.084
-0.083
-0.082
-0.08
-0.079
-0.077
-0.076
-0.074
-0.072
-0.069
-0.066
-0.062
-0.058
-0.052
-0.039
-0.029
-0.021
-0.01
0.001
0.014
0.03
0.05
0.073
0.095
0.11
0.12
0.126
0.128
0.13
0.132
0.133
0.132
0.123
0.111
0.101
0.09
0.081
0.077
0.076
0.074
0.072
0.071
0.07
0.069
0.068
0.067
0.066
0.063
0.059
0.054
0.049
0.043
0.034
0.019
0.006
-0.003
-0.012
-0.021
-0.03
-0.041
-0.053
-0.067
-0.082
-0.096
-0.109
-0.122
-0.134
-0.145
-0.155
-0.161
-0.166
-0.169
-0.173
-0.175
-0.177
-0.177
-0.176
-0.174
-0.171
-0.168
-0.164
-0.16
-0.157
-0.154
-0.15
-0.146
-0.142
-0.137
-0.133
-0.129
-0.124
-0.119
-0.112
-0.104
-0.094
-0.085
-0.078
-0.07
-0.062
-0.053
-0.043
-0.034
-0.024
-0.013
-0.002
0.009
0.021
0.031
0.04
0.045
0.049
0.053
0.056
0.059
0.062
0.063
0.063
0.062
0.061
0.058
0.054
0.05
0.043
0.036
0.026
0.008
-0.005
-0.016
-0.03
-0.046
-0.062
-0.079
-0.093
-0.1
-0.103
-0.104
-0.105
-0.107
-0.108
-0.109
-0.11
-0.111
-0.112
-0.113
-0.114
-0.113
-0.112
-0.111
-0.108
-0.106
-0.103
-0.099
-0.096
-0.093
-0.091
-0.089
-0.088
-0.086
-0.085
-0.083
-0.08
-0.077
-0.074
-0.071
-0.068
-0.064
-0.061
-0.059
-0.056
-0.055
-0.053
-0.052
-0.051
-0.05
-0.049
-0.048
-0.047
-0.045
-0.043
-0.041
-0.039
-0.037
-0.034
-0.032
-0.03
-0.028
-0.027
-0.025
-0.022
-0.018
-0.013
0.011
0.069
0.171
0.324
0.517
0.732
0.944
1.117
1.176
1.16
1.023
0.783
0.489
0.186
-0.078
-0.263
-0.333
-0.339
-0.299
-0.242
-0.184
-0.156
-0.145
-0.14
-0.136
-0.132
-0.13
-0.127
-0.124
-0.121
-0.119
-0.117
-0.114
-0.113
-0.112
-0.112
-0.111
-0.11
-0.107
-0.104
-0.101
-0.098
-0.096
-0.092
-0.089
-0.085
-0.08
-0.076
-0.072
-0.067
-0.061
-0.049
-0.038
-0.031
-0.027
-0.024
-0.023
-0.021
-0.02
-0.019
-0.018
-0.018
-0.018
-0.018
-0.017
-0.015
-0.014
-0.011
-0.009
-0.007
-0.005
-0.002
0.0
0.002
0.003
0.005
0.006
0.008
0.01
0.013
0.016
0.02
0.023
0.027
0.03
0.033
0.036
0.038
0.04
0.042
0.043
0.046
0.049
0.053
0.059
0.07
0.083
0.094
0.105
0.117
0.132
0.143
0.151
0.157
0.162
0.167
0.168
0.164
0.154
0.142
0.129
0.111
0.094
0.079
0.065
0.052
0.04
0.031
0.023
0.017
0.013
0.009
0.006
0.004
0.003
0.003
0.006
0.01
0.013
0.017
0.018
0.02
0.022
0.024
0.027
0.03
0.032
0.033
0.034
0.034
0.034
0.034
0.035
0.035
0.035
0.035
0.034
0.035
0.035
0.035
0.036
0.035
0.035
0.034
0.034
0.034
0.035
0.035
0.035
0.035
0.036
0.037
0.038
0.039
0.041
0.041
0.042
0.044
0.046
0.049
0.052
0.055
0.057
0.06
0.062
0.065
0.068
0.071
0.072
0.073
0.074
0.076
0.077
0.078
0.079
0.08
0.08
0.08
0.08
0.08
0.08
0.08
0.079
0.079
0.079
0.079
0.079
0.079
0.079
0.078
0.078
0.078
0.078
0.079
0.08
0.082
0.085
0.086
0.085
0.081
0.074
0.067
0.061
0.054
0.047
0.039
0.03
0.022
0.014
0.005
-0.003
-0.013
-0.023
-0.031
-0.039
-0.045
-0.049
-0.053
-0.057
-0.061
-0.064
-0.066
-0.067
-0.067
-0.067
-0.067
-0.067
-0.066
-0.066
-0.064
-0.061
-0.058
-0.056
-0.054
-0.051
-0.045
-0.042
-0.045
-0.055
-0.073
-0.07
-0.014
0.108
0.284
0.49
0.703
0.894
1.014
1.026
0.97
0.788
0.534
0.233
-0.077
-0.342
-0.474
-0.518
-0.494
-0.426
-0.342
-0.269
-0.207
-0.18
-0.17
-0.165
-0.162
-0.159
-0.156
-0.154
-0.154
-0.157
-0.163
-0.169
-0.176
-0.181
-0.185
-0.189
-0.193
-0.198
-0.202
-0.206
-0.209
-0.211
-0.214
-0.216
-0.218
-0.219
-0.22
-0.22
-0.22
-0.219
-0.219
-0.219
-0.219
-0.218
-0.217
-0.215
-0.214
-0.213
-0.211
-0.209
-0.207
-0.205
-0.202
-0.2
-0.197
-0.193
-0.19
-0.184
-0.169
-0.154
-0.135
-0.108
-0.085
-0.068
-0.047
-0.028
-0.013
0.0
0.012
0.022
0.029
0.035
0.042
0.049
0.057
0.067
0.08
0.098
0.101
0.101
0.101
0.101
0.101
0.101
0.101
0.101
0.101
0.1
0.098
0.095
0.091
0.087
0.081
0.072
0.061
0.047
0.033
0.02
0.007
-0.004
-0.013
-0.022
-0.029
-0.031
-0.032
-0.032
-0.032
-0.032
-0.031
-0.029
-0.015
-0.001
0.014
0.026
0.04
0.062
0.088
0.114
0.135
0.149
0.162
0.176
0.187
0.197
0.205
0.21
0.213
0.216
0.219
0.221
0.224
0.226
0.227
0.227
0.225
0.22
0.214
0.208
0.2
0.188
0.175
0.163
0.151
0.139
0.127
0.116
0.106
0.095
0.084
0.074
0.068
0.064
0.06
0.057
0.055
0.055
0.055
0.058
0.061
0.065
0.069
0.071
0.073
0.074
0.076
0.078
0.08
0.081
0.082
0.083
0.085
0.085
0.086
0.086
0.085
0.085
0.084
0.083
0.083
0.083
0.083
0.083
0.083
0.083
0.084
0.085
0.085
0.085
0.085
0.085
0.084
0.084
0.083
0.083
0.082
0.081
0.08
0.079
0.078
0.076
0.074
0.072
0.066
0.052
0.034
0.017
0.0
-0.018
-0.031
-0.04
-0.047
-0.051
-0.051
-0.046
-0.038
-0.03
-0.025
-0.019
-0.014
-0.009
-0.004
0.0
0.003
0.007
0.01
0.013
0.02
0.032
0.049
0.065
0.078
0.086
0.091
0.095
0.099
0.103
0.108
0.114
0.135
0.208
0.333
0.503
0.702
0.916
1.115
1.257
1.31
1.25
1.077
0.818
0.515
0.221
-0.014
-0.159
-0.183
-0.175
-0.109
-0.042
0.013
0.046
0.056
0.062
0.061
0.054
0.043
0.029
0.012
0.002
-0.001
-0.004
-0.007
-0.01
-0.012
-0.014
-0.015
-0.016
-0.016
-0.015
-0.014
-0.012
-0.009
-0.005
-0.001
0.003
0.01
0.025
0.04
0.053
0.064
0.074
0.083
0.094
0.106
0.119
0.132
0.145
0.158
0.169
0.179
0.187
0.194
0.197
0.2
0.203
0.205
0.207
0.208
0.208
0.206
0.203
0.2
0.195
0.19
0.183
0.171
0.159
0.146
0.13
0.114
0.1
0.09
0.082
0.075
0.068
0.061
0.055
0.048
0.043
0.039
0.04
0.043
0.048
0.055
0.067
0.089
0.111
0.137
0.159
0.172
0.18
0.185
0.187
0.189
0.191
0.193
0.194
0.195
0.195
0.195
0.192
0.187
0.182
0.175
0.167
0.153
0.141
0.129
0.115
0.099
0.084
0.07
0.056
0.04
0.025
0.014
0.003
-0.009
-0.024
-0.041
-0.059
-0.076
-0.093
-0.11
-0.127
-0.145
-0.167
-0.183
-0.194
-0.204
-0.211
-0.218
-0.223
-0.228
-0.231
-0.235
-0.238
-0.24
-0.242
-0.243
-0.242
-0.239
-0.236
-0.232
-0.226
-0.22
-0.211
-0.192
-0.179
-0.169
-0.16
-0.149
-0.135
-0.124
-0.116
-0.109
-0.101
-0.093
-0.086
-0.077
-0.064
-0.044
-0.028
-0.018
-0.011
-0.006
-0.002
-0.001
-0.002
-0.006
-0.012
-0.02
-0.032
-0.05
-0.066
-0.082
-0.099
-0.114
-0.129
-0.144
-0.159
-0.172
-0.182
-0.193
-0.205
-0.22
-0.238
-0.256
-0.281
-0.309
-0.329
-0.341
-0.352
-0.364
-0.372
-0.379
-0.385
-0.39
-0.395
-0.4
-0.404
-0.41
-0.416
-0.422
-0.424
-0.422
-0.416
-0.407
-0.391
-0.368
-0.348
-0.328
-0.306
-0.284
-0.262
-0.235
-0.213
-0.2
-0.191
-0.183
-0.177
-0.173
-0.169
-0.165
-0.162
-0.16
-0.16
-0.162
-0.166
-0.171
-0.176
-0.182
-0.192
-0.196
-0.192
-0.181
-0.147
-0.075
0.04
0.198
0.38
0.565
0.726
0.815
0.814
0.714
0.487
0.206
-0.095
-0.381
-0.607
-0.721
-0.736
-0.703
-0.631
-0.56
-0.497
-0.442
-0.411
-0.387
-0.369
-0.353
-0.333
-0.308
-0.285
-0.259
-0.24
-0.228
-0.216
-0.206
-0.197
-0.19
-0.183
-0.177
-0.169
-0.162
-0.152
-0.141
-0.127
-0.11
-0.095
-0.081
-0.07
-0.063
-0.057
-0.054
-0.051
-0.049
-0.047
-0.044
-0.042
-0.041
-0.041
-0.041
-0.042
-0.044
-0.047
-0.05
-0.054
-0.058
-0.062
-0.067
-0.071
-0.076
-0.082
-0.089
-0.095
-0.1
-0.1
-0.099
-0.095
-0.09
-0.083
-0.07
-0.044
-0.024
-0.012
-0.002
0.006
0.02
0.041
0.062
0.084
0.108
0.133
0.155
0.172
0.194
0.217
0.24
0.262
0.279
0.292
0.301
0.305
0.307
0.308
0.309
0.31
0.311
0.312
0.312
0.313
0.311
0.308
0.302
0.294
0.285
0.274
0.256
0.24
0.227
0.211
0.192
0.174
0.15
0.119
0.093
0.073
0.049
0.024
0.0
-0.025
-0.037
-0.043
-0.049
-0.054
-0.059
-0.063
-0.066
-0.068
-0.069
-0.069
-0.069
-0.069
-0.068
-0.066
-0.064
-0.061
-0.059
-0.056
-0.052
-0.049
-0.045
-0.041
-0.035
-0.027
-0.019
-0.011
-0.002
0.006
0.016
0.029
0.046
0.062
0.075
0.081
0.085
0.089
0.092
0.095
0.097
0.099
0.101
0.102
0.103
0.104
0.105
0.105
0.104
0.102
0.1
0.096
0.093
0.089
0.085
0.08
0.075
0.069
0.061
0.044
0.027
0.011
-0.013
-0.048
-0.073
-0.09
-0.096
-0.098
-0.1
-0.101
-0.102
-0.103
-0.103
-0.103
-0.103
-0.1
-0.096
-0.089
-0.081
-0.073
-0.065
-0.054
-0.043
-0.033
-0.023
-0.014
-0.007
-0.002
0.002
0.007
0.011
0.015
0.019
0.022
0.024
0.026
0.028
0.029
0.03
0.031
0.033
0.034
0.037
0.041
0.045
0.046
0.043
0.035
0.024
0.01
-0.01
-0.028
-0.046
-0.065
-0.085
-0.114
-0.145
-0.195
-0.249
-0.306
-0.325
-0.313
-0.277
-0.147
0.043
0.271
0.499
0.696
0.819
0.832
0.776
0.588
0.328
0.041
-0.231
-0.452
-0.565
-0.602
-0.577
-0.501
-0.406
-0.316
-0.239
-0.176
-0.141
-0.113
-0.091
-0.07
-0.051
-0.035
-0.019
-0.003
0.007
0.015
0.022
0.028
0.031
0.033
0.034
0.035
0.036
0.036
0.036
0.037
0.037
0.038
0.037
0.036
0.031
0.025
0.018
0.012
0.008
0.003
-0.001
-0.005
-0.009
-0.013
-0.016
-0.017
-0.018
-0.019
-0.019
-0.018
-0.015
-0.012
-0.008
-0.004
0.001
0.007
0.014
0.025
0.05
0.074
0.094
0.11
0.126
0.141
0.155
0.167
0.177
0.187
0.195
0.203
0.212
0.222
0.235
0.248
0.258
0.267
0.275
0.283
0.291
0.299
0.306
0.313
0.319
0.325
0.332
0.338
0.343
0.344
0.342
0.338
0.332
0.323
0.313
0.297
0.269
0.242
0.214
0.186
0.154
0.121
0.089
0.062
0.039
0.019
0.005
-0.003
-0.008
-0.012
-0.015
-0.018
-0.02
-0.021
-0.023
-0.024
-0.024
-0.024
-0.023
-0.021
-0.017
-0.011
-0.004
0.003
0.011
0.02
0.029
0.039
0.055
0.071
0.078
0.079
0.079
0.079
0.079
0.079
0.078
0.078
0.078
0.077
0.078
0.078
0.078
0.078
0.078
0.076
0.074
0.071
0.067
0.063
0.059
0.054
0.048
0.043
0.038
0.033
0.027
0.016
0.004
-0.005
-0.011
-0.017
-0.022
-0.025
-0.028
-0.032
-0.035
-0.038
-0.04
-0.041
-0.043
-0.045
-0.047
-0.048
-0.049
-0.049
-0.048
-0.047
-0.045
-0.043
-0.041
-0.038
-0.036
-0.032
-0.029
-0.026
-0.023
-0.02
-0.017
-0.014
-0.01
-0.007
-0.003
0.0
0.003
0.006
0.009
0.011
0.011
0.011
0.008
0.004
0.0
-0.003
-0.008
-0.013
-0.018
-0.023
-0.028
-0.033
-0.038
-0.043
-0.049
-0.056
-0.063
-0.069
-0.075
-0.08
-0.084
-0.088
-0.092
-0.096
-0.1
-0.106
-0.112
-0.119
-0.127
-0.134
-0.142
-0.148
-0.154
-0.16
-0.167
-0.175
-0.186
-0.204
-0.214
-0.206
-0.185
-0.129
-0.003
0.172
0.38
0.597
0.8
0.944
0.963
0.92
0.747
0.501
0.207
-0.086
-0.321
-0.417
-0.448
-0.418
-0.331
-0.245
-0.169
-0.101
-0.065
-0.05
-0.042
-0.036
-0.032
-0.028
-0.024
-0.023
-0.023
-0.025
-0.03
-0.036
-0.044
-0.053
-0.063
-0.074
-0.091
-0.109
-0.127
-0.142
-0.151
-0.158
-0.163
-0.169
-0.173
-0.177
-0.18
-0.181
-0.182
-0.182
-0.181
-0.178
-0.174
-0.169
-0.163
-0.156
-0.148
-0.14
-0.131
-0.116
-0.099
-0.087
-0.079
-0.069
-0.056
-0.036
-0.013
0.007
0.023
0.04
0.057
0.074
0.091
0.109
0.127
0.144
0.161
0.179
0.198
0.213
0.227
0.239
0.245
0.249
0.252
0.254
0.256
0.258
0.259
0.261
0.262
0.263
0.263
0.262
0.26
0.256
0.251
0.244
0.235
0.226
0.212
0.183
0.158
0.138
0.123
0.109
0.094
0.078
0.062
0.043
0.026
0.012
-0.003
-0.019
-0.028
-0.034
-0.038
-0.041
-0.045
-0.047
-0.048
-0.044
-0.036
-0.025
-0.015
-0.006
0.004
0.016
0.025
0.032
0.038
0.042
0.044
0.047
0.049
0.052
0.054
0.055
0.056
0.056
0.056
0.056
0.054
0.051
0.047
0.042
0.037
0.032
0.027
0.023
0.019
0.016
0.012
0.008
0.003
0.0
-0.004
-0.008
-0.011
-0.012
-0.013
-0.011
-0.008
-0.003
0.002
0.009
0.016
0.023
0.029
0.035
0.04
0.046
0.051
0.056
0.061
0.065
0.069
0.072
0.074
0.075
0.074
0.072
0.069
0.066
0.062
0.057
0.052
0.047
0.042
0.038
0.033
0.029
0.025
0.022
0.019
0.016
0.013
0.01
0.006
0.003
0.0
-0.003
-0.006
-0.01
-0.014
-0.018
-0.024
-0.029
-0.034
-0.039
-0.044
-0.048
-0.053
-0.058
-0.064
-0.069
-0.074
-0.081
-0.087
-0.095
-0.101
-0.107
-0.111
-0.115
-0.118
-0.12
-0.121
-0.123
-0.125
-0.127
-0.13
-0.133
-0.135
-0.138
-0.14
-0.142
-0.143
-0.145
-0.146
-0.148
-0.15
-0.152
-0.16
-0.172
-0.155
-0.104
0.009
0.181
0.394
0.621
0.837
1.01
1.069
1.052
0.91
0.658
0.359
0.064
-0.184
-0.358
-0.417
-0.437
-0.417
-0.357
-0.296
-0.267
-0.253
-0.243
-0.237
-0.237
-0.249
-0.267
-0.281
-0.298
-0.312
-0.322
-0.331
-0.339
-0.349
-0.358
-0.365
-0.372
-0.378
-0.383
-0.389
-0.394
-0.398
-0.4
-0.397
-0.391
-0.382
-0.371
-0.356
-0.331
-0.312
-0.294
-0.275
-0.252
-0.23
-0.207
-0.181
-0.157
-0.137
-0.119
-0.103
-0.091
-0.081
-0.073
-0.066
-0.058
-0.05
-0.042
-0.036
-0.031
-0.026
-0.021
-0.017
-0.012
-0.009
-0.006
-0.005
-0.005
-0.007
-0.01
-0.014
-0.019
-0.025
-0.032
-0.039
-0.045
-0.052
-0.06
-0.07
-0.078
-0.083
-0.083
-0.08
-0.074
-0.066
-0.059
-0.051
-0.043
-0.033
-0.025
-0.017
-0.01
-0.003
0.001
0.005
0.009
0.012
0.015
0.018
0.02
0.022
0.025
0.027
0.03
0.034
0.038
0.042
0.047
0.053
0.06
0.067
0.073
0.079
0.085
0.089
0.094
0.099
0.103
0.105
0.106
0.105
0.101
0.095
0.088
0.078
0.064
0.039
0.018
-0.002
-0.023
-0.046
-0.067
-0.085
-0.099
-0.112
-0.118
-0.123
-0.127
-0.131
-0.134
-0.136
-0.138
-0.139
-0.139
-0.139
-0.138
-0.136
-0.134
-0.131
-0.128
-0.123
-0.118
-0.112
-0.104
-0.087
-0.072
-0.06
-0.041
-0.011
0.016
0.037
0.061
0.084
0.108
0.132
0.153
0.172
0.182
0.188
0.191
0.194
0.197
0.199
0.201
0.201
0.201
0.199
0.194
0.189
0.181
0.173
0.164
0.15
0.136
0.124
0.112
0.099
0.087
0.074
0.062
0.05
0.038
0.028
0.018
0.009
0.0
-0.009
-0.014
-0.019
-0.023
-0.027
-0.03
-0.033
-0.035
-0.036
-0.036
-0.035
-0.033
-0.03
-0.025
-0.02
-0.013
-0.006
0.002
0.015
0.03
0.043
0.058
0.072
0.088
0.099
0.105
0.108
0.111
0.113
0.116
0.118
0.119
0.12
0.119
0.117
0.113
0.107
0.101
0.089
0.073
0.086
0.124
0.222
0.372
0.558
0.755
0.942
1.094
1.163
1.154
1.04
0.801
0.494
0.161
-0.146
-0.372
-0.456
-0.46
-0.404
-0.33
-0.267
-0.215
-0.181
-0.166
-0.161
-0.157
-0.154
-0.152
-0.15
-0.148
-0.146
-0.144
-0.142
-0.139
-0.137
-0.135
-0.134
-0.133
-0.132
-0.13
-0.128
-0.126
-0.123
-0.119
-0.11
-0.099
-0.087
-0.073
-0.059
-0.045
-0.03
-0.017
-0.005
0.006
0.014
0.019
0.022
0.024
0.026
0.028
0.029
0.03
0.03
0.03
0.03
0.03
0.03
0.03
0.03
0.03
0.03
0.03
0.03
0.03
0.031
0.032
0.032
0.033
0.033
0.034
0.036
0.039
0.042
0.045
0.048
0.053
0.06
0.07
0.081
0.091
0.102
0.113
0.124
0.136
0.149
0.162
0.17
0.174
0.177
0.18
0.182
0.185
0.187
0.189
0.19
0.19
0.189
0.186
0.18
0.172
0.163
0.154
0.146
0.14
0.134
0.129
0.124
0.119
0.113
0.108
0.103
0.098
0.094
0.091
0.088
0.085
0.082
0.079
0.076
0.071
0.064
0.056
0.046
0.035
0.022
0.009
-0.003
-0.017
-0.03
-0.041
-0.049
-0.055
-0.06
-0.064
-0.067
-0.071
-0.075
-0.078
-0.08
-0.081
-0.082
-0.083
-0.083
-0.082
-0.081
-0.078
-0.075
-0.07
-0.064
-0.058
-0.051
-0.043
-0.034
-0.021
0.005
0.026
0.043
0.057
0.069
0.081
0.094
0.108
0.121
0.135
0.149
0.161
0.17
0.175
0.18
0.185
0.191
0.196
0.199
0.194
0.182
0.167
0.15
0.129
0.11
0.092
0.071
0.045
0.021
-0.002
-0.025
-0.052
-0.076
-0.096
-0.116
-0.136
-0.146
-0.154
-0.16
-0.166
-0.17
-0.174
-0.176
-0.178
-0.177
-0.176
-0.174
-0.171
-0.167
-0.161
-0.155
-0.148
-0.138
-0.12
-0.1
-0.081
-0.063
-0.048
-0.031
-0.012
0.006
0.022
0.038
0.051
0.058
0.06
0.062
0.063
0.064
0.065
0.065
0.066
0.067
0.066
0.062
0.054
0.043
0.029
0.008
-0.022
