-0.097
-0.13
-0.164
-0.194
-0.21
-0.22
-0.226
-0.229
-0.225
-0.216
-0.207
-0.203
-0.2
-0.197
-0.194
-0.191
-0.188
-0.185
-0.182
-0.179
-0.176
-0.173
-0.172
-0.173
-0.173
-0.174
-0.174
-0.175
-0.174
-0.171
-0.166
-0.16
-0.159
-0.163
-0.168
-0.171
-0.174
-0.176
-0.179
-0.181
-0.184
-0.186
-0.188
-0.188
-0.186
-0.184
-0.18
-0.176
-0.172
-0.167
-0.162
-0.158
-0.154
-0.151
-0.147
-0.142
-0.138
-0.134
-0.13
-0.127
-0.124
-0.121
-0.117
-0.115
-0.113
-0.112
-0.111
-0.109
-0.106
-0.105
-0.104
-0.103
-0.103
-0.102
-0.101
-0.1
-0.099
-0.099
-0.098
-0.097
-0.094
-0.092
-0.09
-0.089
-0.089
-0.089
-0.089
-0.088
-0.087
-0.087
-0.088
-0.088
-0.088
-0.088
-0.089
-0.09
-0.092
-0.094
-0.096
-0.098
-0.1
-0.103
-0.106
-0.11
-0.113
-0.116
-0.121
-0.128
-0.136
-0.144
-0.15
-0.156
-0.161
-0.167
-0.175
-0.187
-0.198
-0.208
-0.215
-0.221
-0.227
-0.23
-0.23
-0.225
-0.218
-0.21
-0.203
-0.197
-0.191
-0.185
-0.18
-0.175
-0.171
-0.167
-0.161
-0.15
-0.124
-0.073
-0.003
0.092
0.222
0.381
0.556
0.735
0.889
0.994
1.026
1.016
0.938
0.795
0.612
0.411
0.209
0.027
-0.119
-0.219
-0.253
-0.266
-0.25
-0.221
-0.193
-0.181
-0.175
-0.171
-0.167
-0.163
-0.157
-0.149
-0.142
-0.136
-0.131
-0.128
-0.124
-0.121
-0.118
-0.114
-0.11
-0.106
-0.102
-0.098
-0.095
-0.092
-0.089
-0.086
-0.081
-0.076
-0.07
-0.064
-0.059
-0.054
-0.048
-0.043
-0.038
-0.034
-0.03
-0.027
-0.024
-0.02
-0.016
-0.012
-0.008
-0.004
0.0
0.004
0.009
0.014
0.02
0.024
0.029
0.033
0.037
0.041
0.044
0.047
0.05
0.053
0.058
0.062
0.066
0.072
0.079
0.091
0.112
0.127
0.143
0.159
0.177
0.191
0.201
0.211
0.221
0.231
0.245
0.262
0.272
0.277
0.282
0.286
0.287
0.284
0.276
0.265
0.25
0.23
0.214
0.201
0.189
0.177
0.166
0.153
0.136
0.119
0.096
0.067
0.035
0.003
-0.018
-0.032
-0.045
-0.058
-0.063
-0.066
-0.069
-0.072
-0.075
-0.077
-0.079
-0.081
-0.083
-0.084
-0.085
-0.086
-0.086
-0.087
-0.087
-0.087
-0.087
-0.087
-0.086
-0.086
-0.084
-0.083
-0.082
-0.08
-0.078
-0.075
-0.072
-0.07
-0.068
-0.067
-0.066
-0.065
-0.063
-0.062
-0.06
-0.059
-0.058
-0.057
-0.054
-0.052
-0.05
-0.048
-0.046
-0.046
-0.045
-0.045
-0.044
-0.044
-0.043
-0.042
-0.041
-0.039
-0.037
-0.036
-0.035
-0.033
-0.032
-0.031
-0.031
-0.03
-0.03
-0.029
-0.029
-0.028
-0.027
-0.026
-0.025
-0.024
-0.023
-0.022
-0.022
-0.022
-0.022
-0.022
-0.023
-0.024
-0.026
-0.028
-0.031
-0.033
-0.036
-0.038
-0.039
-0.041
-0.041
-0.042
-0.043
-0.043
-0.044
-0.045
-0.046
-0.047
-0.048
-0.049
-0.05
-0.049
-0.049
-0.048
-0.047
-0.046
-0.045
-0.046
-0.047
-0.048
-0.05
-0.05
-0.051
-0.051
-0.052
-0.052
-0.053
-0.053
-0.052
-0.052
-0.052
-0.053
-0.054
-0.056
-0.056
-0.056
-0.056
-0.056
-0.056
-0.056
-0.056
-0.056
-0.056
-0.057
-0.058
-0.059
-0.06
-0.061
-0.062
-0.063
-0.063
-0.064
-0.065
-0.066
-0.067
-0.067
-0.068
-0.068
-0.068
-0.069
-0.07
-0.07
-0.071
-0.072
-0.073
-0.075
-0.076
-0.079
-0.081
-0.083
-0.084
-0.086
-0.088
-0.09
-0.091
-0.093
-0.095
-0.098
-0.101
-0.105
-0.107
-0.11
-0.112
-0.114
-0.117
-0.119
-0.12
-0.12
-0.119
-0.118
-0.117
-0.116
-0.114
-0.112
-0.11
-0.106
-0.103
-0.101
-0.097
-0.094
-0.089
-0.084
-0.076
-0.067
-0.059
-0.052
-0.047
-0.042
-0.038
-0.033
-0.029
-0.024
-0.021
-0.019
-0.021
-0.026
-0.034
-0.04
-0.046
-0.052
-0.06
-0.067
-0.075
-0.083
-0.09
-0.097
-0.105
-0.114
-0.122
-0.126
-0.126
-0.125
-0.123
-0.122
-0.122
-0.121
-0.121
-0.121
-0.121
-0.121
-0.12
-0.12
-0.119
-0.118
-0.117
-0.117
-0.116
-0.115
-0.113
-0.113
-0.112
-0.11
-0.109
-0.108
-0.107
-0.105
-0.103
-0.101
-0.093
-0.069
-0.042
-0.008
0.055
0.144
0.264
0.417
0.602
0.814
1.034
1.234
1.366
1.379
1.31
1.078
0.742
0.352
-0.006
-0.269
-0.397
-0.417
-0.388
-0.299
-0.211
-0.159
-0.14
-0.134
-0.135
-0.137
-0.139
-0.139
-0.139
-0.139
-0.139
-0.138
-0.136
-0.132
-0.126
-0.12
-0.113
-0.103
-0.094
-0.088
-0.084
-0.082
-0.079
-0.077
-0.075
-0.073
-0.071
-0.068
-0.063
-0.059
-0.054
-0.049
-0.046
-0.043
-0.04
-0.036
-0.032
-0.028
-0.024
-0.02
-0.016
-0.013
-0.009
-0.005
-0.001
0.003
0.012
0.021
0.029
0.036
0.043
0.05
0.055
0.061
0.068
0.075
0.082
0.091
0.105
0.126
0.144
0.159
0.172
0.183
0.194
0.208
0.225
0.24
0.256
0.271
0.291
0.308
0.323
0.335
0.346
0.353
0.358
0.362
0.365
0.368
0.369
0.369
0.367
0.364
0.359
0.352
0.345
0.334
0.313
0.291
0.262
0.225
0.188
0.154
0.122
0.093
0.07
0.044
0.017
-0.006
-0.02
-0.028
-0.036
-0.049
-0.063
-0.074
-0.084
-0.093
-0.099
-0.103
-0.106
-0.107
-0.108
-0.108
-0.11
-0.111
-0.112
-0.112
-0.113
-0.113
-0.114
-0.114
-0.114
-0.114
-0.114
-0.112
-0.111
-0.109
-0.107
-0.106
-0.104
-0.102
-0.1
-0.098
-0.096
-0.095
-0.094
-0.093
-0.091
-0.089
-0.086
-0.084
-0.082
-0.083
-0.084
-0.086
-0.088
-0.089
-0.091
-0.093
-0.096
-0.098
-0.101
-0.102
-0.103
-0.103
-0.103
-0.103
-0.101
-0.098
-0.094
-0.089
-0.085
-0.081
-0.079
-0.078
-0.076
-0.075
-0.075
-0.074
-0.074
-0.073
-0.071
-0.069
-0.067
-0.065
-0.063
-0.062
-0.061
-0.061
-0.059
-0.057
-0.055
-0.052
-0.045
-0.03
-0.018
-0.012
-0.008
-0.004
-0.001
0.001
0.003
0.006
0.01
0.015
0.02
0.025
0.029
0.033
0.036
0.038
0.04
0.042
0.044
0.046
0.049
0.051
0.054
0.056
0.058
0.059
0.06
0.061
0.062
0.063
0.064
0.065
0.065
0.066
0.067
0.067
0.067
0.067
0.068
0.068
0.069
0.069
0.069
0.069
0.07
0.07
0.071
0.072
0.072
0.072
0.072
0.072
0.072
0.073
0.073
0.072
0.072
0.072
0.069
0.056
0.046
0.04
0.034
0.028
0.022
0.016
0.011
0.008
0.006
0.003
0.001
0.0
-0.002
-0.004
-0.006
-0.007
-0.009
-0.009
-0.01
-0.01
-0.01
-0.011
-0.013
-0.014
-0.014
-0.015
-0.015
-0.017
-0.018
-0.019
-0.019
-0.019
-0.018
-0.017
-0.016
-0.015
-0.014
-0.012
-0.009
-0.007
-0.005
-0.003
0.0
0.001
0.005
0.012
0.02
0.026
0.032
0.035
0.039
0.042
0.045
0.047
0.049
0.05
0.05
0.051
0.05
0.047
0.044
0.04
0.036
0.032
0.027
0.021
0.01
0.0
-0.011
-0.015
-0.018
-0.021
-0.024
-0.026
-0.029
-0.031
-0.032
-0.034
-0.035
-0.037
-0.038
-0.037
-0.036
-0.035
-0.035
-0.035
-0.035
-0.036
-0.035
-0.036
-0.038
-0.04
-0.04
-0.035
-0.027
-0.02
-0.012
-0.004
0.003
0.015
0.054
0.101
0.17
0.27
0.399
0.553
0.734
0.93
1.122
1.283
1.356
1.347
1.225
0.966
0.617
0.234
-0.11
-0.35
-0.43
-0.433
-0.369
-0.28
-0.209
-0.172
-0.163
-0.157
-0.153
-0.148
-0.142
-0.136
-0.13
-0.123
-0.117
-0.111
-0.104
-0.099
-0.096
-0.094
-0.092
-0.091
-0.089
-0.088
-0.087
-0.087
-0.087
-0.086
-0.085
-0.083
-0.082
-0.08
-0.078
-0.077
-0.075
-0.072
-0.069
-0.066
-0.062
-0.057
-0.049
-0.041
-0.033
-0.024
-0.015
-0.007
0.0
0.006
0.012
0.018
0.023
0.028
0.031
0.035
0.039
0.043
0.049
0.057
0.066
0.077
0.089
0.102
0.118
0.128
0.136
0.145
0.153
0.163
0.177
0.19
0.204
0.217
0.229
0.247
0.276
0.299
0.313
0.327
0.341
0.35
0.357
0.364
0.368
0.371
0.372
0.372
0.369
0.365
0.358
0.35
0.335
0.301
0.271
0.249
0.229
0.204
0.171
0.144
0.123
0.103
0.089
0.08
0.072
0.064
0.054
0.044
0.035
0.028
0.02
0.013
0.006
0.0
-0.003
-0.006
-0.009
-0.011
-0.012
-0.013
-0.012
-0.012
-0.012
-0.011
-0.011
-0.011
-0.01
-0.01
-0.009
-0.009
-0.01
-0.01
-0.011
-0.01
-0.009
-0.007
-0.004
-0.001
0.002
0.006
0.011
0.015
0.019
0.024
0.03
0.043
0.051
0.057
0.059
0.061
0.063
0.065
0.066
0.067
0.068
0.069
0.069
0.068
0.067
0.064
0.061
0.058
0.054
0.05
0.046
0.042
0.039
0.037
0.035
0.033
0.03
0.028
0.026
0.024
0.021
0.019
0.018
0.016
0.015
0.015
0.015
0.014
0.014
0.013
0.013
0.013
0.013
0.013
0.014
0.015
0.016
0.018
0.02
0.021
0.023
0.023
0.023
0.023
0.023
0.022
0.022
0.023
0.023
0.024
0.024
0.025
0.026
0.026
0.026
0.023
0.02
0.018
0.018
0.02
0.022
0.023
0.023
0.025
0.026
0.029
0.031
0.033
0.034
0.035
0.035
0.035
0.034
0.033
0.032
0.031
0.031
0.031
0.03
0.029
0.028
0.027
0.025
0.023
0.021
0.018
0.015
0.012
0.01
0.009
0.007
0.006
0.004
0.003
0.002
0.001
0.0
0.0
-0.003
-0.006
-0.008
-0.01
-0.012
-0.014
-0.015
-0.017
-0.018
-0.018
-0.018
-0.018
-0.019
-0.02
-0.02
-0.019
-0.018
-0.018
-0.018
-0.02
-0.021
-0.022
-0.021
-0.021
-0.021
-0.021
-0.021
-0.02
-0.018
-0.015
-0.012
-0.01
-0.009
-0.008
-0.007
-0.006
-0.005
-0.004
-0.004
-0.003
0.0
0.007
0.012
0.013
0.007
-0.003
-0.013
-0.022
-0.031
-0.041
-0.05
-0.058
-0.066
-0.073
-0.08
-0.086
-0.093
-0.102
-0.115
-0.129
-0.141
-0.152
-0.163
-0.173
-0.183
-0.192
-0.199
-0.206
-0.213
-0.22
-0.226
-0.231
-0.233
-0.232
-0.232
-0.231
-0.231
-0.231
-0.23
-0.229
-0.229
-0.229
-0.23
-0.231
-0.231
-0.23
-0.227
-0.223
-0.219
-0.214
-0.21
-0.206
-0.201
-0.196
-0.191
-0.186
-0.179
-0.165
-0.12
-0.056
0.04
0.171
0.333
0.517
0.719
0.932
1.128
1.251
1.26
1.181
0.932
0.584
0.202
-0.137
-0.371
-0.436
-0.458
-0.435
-0.363
-0.303
-0.277
-0.269
-0.265
-0.263
-0.261
-0.26
-0.258
-0.254
-0.251
-0.248
-0.244
-0.24
-0.236
-0.232
-0.227
-0.221
-0.211
-0.192
-0.179
-0.17
-0.165
-0.16
-0.156
-0.153
-0.15
-0.147
-0.144
-0.142
-0.139
-0.137
-0.134
-0.132
-0.13
-0.127
-0.124
-0.121
-0.117
-0.113
-0.109
-0.103
-0.097
-0.091
-0.084
-0.078
-0.072
-0.067
-0.061
-0.055
-0.048
-0.042
-0.037
-0.032
-0.027
-0.023
-0.019
-0.015
-0.011
-0.005
0.0
0.008
0.017
0.028
0.04
0.055
0.073
0.09
0.106
0.122
0.138
0.155
0.171
0.184
0.194
0.202
0.209
0.216
0.221
0.226
0.232
0.238
0.244
0.248
0.25
0.247
0.24
0.23
0.218
0.201
0.173
0.149
0.126
0.103
0.082
0.06
0.038
0.01
-0.014
-0.035
-0.052
-0.066
-0.077
-0.087
-0.094
-0.101
-0.107
-0.111
-0.116
-0.121
-0.127
-0.133
-0.137
-0.138
-0.136
-0.131
-0.125
-0.119
-0.114
-0.109
-0.105
-0.1
-0.095
-0.09
-0.085
-0.079
-0.072
-0.066
-0.059
-0.054
-0.05
-0.046
-0.042
-0.038
-0.034
-0.031
-0.028
-0.025
-0.022
-0.019
-0.016
-0.013
-0.011
-0.01
-0.009
-0.009
-0.009
-0.01
-0.012
-0.015
-0.018
-0.022
-0.026
-0.031
-0.036
-0.042
-0.046
-0.049
-0.053
-0.055
-0.057
-0.06
-0.062
-0.065
-0.068
-0.071
-0.075
-0.079
-0.082
-0.086
-0.089
-0.091
-0.093
-0.095
-0.095
-0.094
-0.092
-0.088
-0.085
-0.081
-0.078
-0.074
-0.069
-0.065
-0.061
-0.058
-0.056
-0.053
-0.051
-0.049
-0.047
-0.044
-0.041
-0.038
-0.035
-0.032
-0.028
-0.025
-0.022
-0.02
-0.017
-0.016
-0.014
-0.013
-0.012
-0.012
-0.012
-0.012
-0.012
-0.012
-0.012
-0.012
-0.012
-0.012
-0.012
-0.012
-0.013
-0.013
-0.013
-0.013
-0.013
-0.013
-0.013
-0.013
-0.013
-0.012
-0.012
-0.012
-0.012
-0.012
-0.012
-0.012
-0.013
-0.014
-0.015
-0.016
-0.016
-0.016
-0.016
-0.017
-0.017
-0.019
-0.02
-0.022
-0.025
-0.028
-0.031
-0.036
-0.041
-0.047
-0.052
-0.058
-0.062
-0.066
-0.068
-0.071
-0.073
-0.075
-0.078
-0.081
-0.085
-0.089
-0.094
-0.097
-0.101
-0.103
-0.105
-0.107
-0.108
-0.108
-0.106
-0.105
-0.103
-0.103
-0.104
-0.105
-0.107
-0.109
-0.11
-0.111
-0.112
-0.112
-0.109
-0.104
-0.097
-0.088
-0.077
-0.066
-0.055
-0.036
-0.021
-0.011
-0.004
-0.001
0.0
0.002
0.003
0.005
0.008
0.01
0.012
0.013
0.014
0.014
0.013
0.012
0.009
0.005
0.0
-0.004
-0.01
-0.015
-0.019
-0.023
-0.028
-0.035
-0.044
-0.052
-0.057
-0.061
-0.065
-0.068
-0.071
-0.073
-0.076
-0.077
-0.078
-0.08
-0.081
-0.081
-0.082
-0.083
-0.085
-0.086
-0.087
-0.089
-0.09
-0.09
-0.089
-0.088
-0.086
-0.084
-0.082
-0.08
-0.076
-0.073
-0.068
-0.062
-0.055
-0.016
0.059
0.166
0.307
0.479
0.672
0.883
1.102
1.299
1.429
1.444
1.382
1.147
0.801
0.403
0.035
-0.238
-0.361
-0.372
-0.307
-0.199
-0.111
-0.069
-0.053
-0.047
-0.042
-0.038
-0.035
-0.033
-0.029
-0.025
-0.021
-0.017
-0.013
-0.009
-0.004
0.001
0.007
0.016
0.033
0.049
0.063
0.07
0.075
0.079
0.082
0.085
0.088
0.091
0.095
0.098
0.101
0.104
0.108
0.113
0.12
0.132
0.155
0.181
0.208
0.235
0.258
0.279
0.296
0.307
0.314
0.316
0.317
0.317
0.317
0.317
0.317
0.317
0.317
0.318
0.318
0.319
0.32
0.32
0.321
0.321
0.322
0.322
0.324
0.326
0.329
0.334
0.339
0.344
0.351
0.36
0.37
0.379
0.385
0.389
0.393
0.396
0.398
0.401
0.404
0.407
0.408
0.409
0.407
0.404
0.397
0.389
0.378
0.363
0.336
0.315
0.293
0.271
0.249
0.219
0.182
0.15
0.126
0.107
0.089
0.07
0.044
0.026
0.015
0.005
-0.002
-0.011
-0.019
-0.025
-0.029
-0.032
-0.035
-0.037
-0.039
-0.04
-0.042
-0.043
-0.045
-0.047
-0.049
-0.051
-0.054
-0.056
-0.059
-0.063
-0.066
-0.069
-0.072
-0.074
-0.076
-0.078
-0.08
-0.081
-0.082
-0.084
-0.085
-0.086
-0.088
-0.09
-0.091
-0.092
-0.093
-0.094
-0.095
-0.096
-0.097
-0.097
-0.097
-0.097
-0.097
-0.098
-0.099
-0.1
-0.102
-0.104
-0.106
-0.108
-0.11
-0.112
-0.113
-0.115
-0.117
-0.118
-0.12
-0.122
-0.124
-0.127
-0.129
-0.131
-0.133
-0.135
-0.136
-0.137
-0.137
-0.138
-0.138
-0.139
-0.139
-0.14
-0.141
-0.142
-0.144
-0.145
-0.145
-0.146
-0.146
-0.146
-0.145
-0.144
-0.143
-0.141
-0.14
-0.139
-0.138
-0.139
-0.139
-0.14
-0.141
-0.142
-0.142
-0.141
-0.14
-0.139
-0.138
-0.135
-0.133
-0.13
-0.128
-0.126
-0.125
-0.125
-0.123
-0.121
-0.119
-0.116
-0.114
-0.111
-0.108
-0.104
-0.1
-0.096
-0.093
-0.091
-0.088
-0.086
-0.083
-0.081
-0.08
-0.079
-0.078
-0.076
-0.075
-0.073
-0.071
-0.07
-0.07
-0.069
-0.067
-0.065
-0.062
-0.06
-0.057
-0.054
-0.051
-0.048
-0.046
-0.044
-0.043
-0.041
-0.04
-0.039
-0.038
-0.036
-0.034
-0.032
-0.03
-0.027
-0.024
-0.021
-0.019
-0.017
-0.015
-0.013
-0.012
-0.011
-0.009
-0.007
-0.005
-0.003
-0.001
0.0
0.003
0.006
0.01
0.013
0.017
0.021
0.024
0.028
0.033
0.037
0.041
0.046
0.051
0.056
0.061
0.067
0.073
0.08
0.088
0.1
0.112
0.119
0.125
0.13
0.134
0.138
0.142
0.145
0.146
0.143
0.135
0.124
0.112
0.1
0.086
0.071
0.057
0.04
0.027
0.02
0.015
0.011
0.007
0.004
0.001
-0.001
-0.004
-0.007
-0.009
-0.011
-0.014
-0.015
-0.016
-0.016
-0.017
-0.016
-0.016
-0.015
-0.014
-0.014
-0.014
-0.014
-0.012
-0.011
-0.008
-0.006
-0.003
0.0
0.002
0.006
0.011
0.016
0.021
0.027
0.047
0.096
0.177
0.285
0.428
0.604
0.803
1.016
1.216
1.369
1.43
1.367
1.17
0.867
0.512
0.161
-0.119
-0.295
-0.339
-0.335
-0.273
-0.194
-0.138
-0.13
-0.123
-0.118
-0.114
-0.111
-0.108
-0.106
-0.104
-0.103
-0.102
-0.101
-0.101
-0.101
-0.101
-0.101
-0.101
-0.101
-0.101
-0.1
-0.1
-0.1
-0.099
-0.098
-0.097
-0.095
-0.093
-0.091
-0.088
-0.084
-0.08
-0.076
-0.072
-0.068
-0.063
-0.057
-0.05
-0.042
-0.033
-0.025
-0.015
-0.003
0.009
0.022
0.033
0.043
0.053
0.061
0.068
0.075
0.081
0.087
0.093
0.097
0.101
0.105
0.11
0.118
0.131
0.154
0.177
0.195
0.207
0.218
0.23
0.24
0.251
0.266
0.287
0.309
0.333
0.355
0.367
0.373
0.376
0.379
0.381
0.383
0.384
0.385
0.384
0.381
0.377
0.372
0.364
0.355
0.341
0.315
0.293
0.271
0.249
0.228
0.201
0.168
0.143
0.123
0.102
0.074
0.039
0.01
-0.01
-0.033
-0.045
-0.053
-0.059
-0.064
-0.068
-0.07
-0.071
-0.071
-0.07
-0.067
-0.062
-0.056
-0.048
-0.039
-0.027
-0.006
0.008
0.018
0.029
0.038
0.048
0.06
0.074
0.085
0.095
0.104
0.112
0.118
0.124
0.128
0.132
0.137
0.141
0.145
0.148
0.149
0.148
0.144
0.138
0.13
0.123
0.116
0.109
0.1
0.092
0.085
0.079
0.072
0.065
0.059
0.054
0.049
0.045
0.041
0.037
0.032
0.027
0.021
0.016
0.01
0.003
-0.004
-0.014
-0.025
-0.035
-0.042
-0.048
-0.054
-0.061
-0.068
-0.075
-0.083
-0.09
-0.097
-0.101
-0.103
-0.106
-0.109
-0.111
-0.113
-0.116
-0.119
-0.122
-0.125
-0.129
-0.131
-0.134
-0.136
-0.138
-0.14
-0.142
-0.143
-0.144
-0.145
-0.147
-0.149
-0.15
-0.152
-0.154
-0.155
-0.157
-0.159
-0.159
-0.16
-0.16
-0.161
-0.161
-0.162
-0.163
-0.163
-0.163
-0.164
-0.165
-0.166
-0.166
-0.165
-0.164
-0.164
-0.163
-0.163
-0.164
-0.164
-0.164
-0.164
-0.164
-0.165
-0.165
-0.165
-0.164
-0.162
-0.161
-0.16
-0.162
-0.164
-0.167
-0.17
-0.173
-0.175
-0.179
-0.182
-0.185
-0.186
-0.186
-0.185
-0.183
-0.178
-0.171
-0.164
-0.156
-0.15
-0.144
-0.141
-0.137
-0.133
-0.129
-0.126
-0.124
-0.122
-0.12
-0.118
-0.116
-0.114
-0.113
-0.114
-0.114
-0.115
-0.115
-0.115
-0.115
-0.115
-0.115
-0.115
-0.115
-0.114
-0.113
-0.112
-0.111
-0.11
-0.108
-0.105
-0.102
-0.099
-0.095
-0.088
-0.071
-0.061
-0.054
-0.051
-0.049
-0.047
-0.045
-0.043
-0.041
-0.039
-0.036
-0.034
-0.03
-0.027
-0.025
-0.024
-0.023
-0.022
-0.02
-0.019
-0.018
-0.016
-0.014
-0.011
-0.008
-0.004
-0.001
0.0
0.0
-0.001
-0.002
-0.003
-0.004
-0.005
-0.007
-0.008
-0.009
-0.009
-0.009
-0.009
-0.009
-0.008
-0.008
-0.008
-0.008
-0.009
-0.008
-0.006
-0.003
0.0
0.003
0.007
0.011
0.015
0.019
0.023
0.027
0.031
0.039
0.051
0.095
0.163
0.263
0.4
0.572
0.768
0.98
1.191
1.364
1.434
1.423
1.293
1.017
0.653
0.271
-0.051
-0.258
-0.32
-0.323
-0.271
-0.201
-0.14
-0.109
-0.099
-0.095
-0.091
-0.088
-0.086
-0.083
-0.081
-0.08
-0.078
-0.077
-0.076
-0.075
-0.075
-0.075
-0.075
-0.075
-0.073
-0.072
-0.07
-0.069
-0.067
-0.065
-0.063
-0.062
-0.061
-0.061
-0.061
-0.061
-0.062
-0.061
-0.061
-0.061
-0.061
-0.061
-0.059
-0.058
-0.057
-0.055
-0.054
-0.052
-0.051
-0.049
-0.048
-0.046
-0.045
-0.043
-0.042
-0.04
-0.039
-0.036
-0.033
-0.029
-0.025
-0.021
-0.016
-0.008
0.0
0.008
0.016
0.023
0.031
0.04
0.051
0.062
0.072
0.082
0.096
0.114
0.135
0.148
0.158
0.165
0.171
0.175
0.177
0.179
0.181
0.183
0.186
0.189
0.191
0.192
0.19
0.183
0.172
0.159
0.14
0.109
0.085
0.061
0.037
0.012
-0.02
-0.061
-0.094
-0.119
-0.147
-0.161
-0.169
-0.177
-0.183
-0.188
-0.193
-0.197
-0.199
-0.2
-0.201
-0.201
-0.202
-0.203
-0.204
-0.204
-0.204
-0.204
-0.205
-0.206
-0.207
-0.208
-0.209
-0.208
-0.207
-0.207
-0.205
-0.202
-0.197
-0.191
-0.184
-0.177
-0.17
-0.163
-0.156
-0.145
-0.134
-0.123
-0.115
-0.107
-0.1
-0.094
-0.089
-0.085
-0.081
-0.078
-0.076
-0.074
-0.072
-0.07
-0.067
-0.063
-0.06
-0.057
-0.054
-0.052
-0.049
-0.046
-0.043
-0.038
-0.033
-0.025
-0.014
0.008
0.029
0.047
0.076
0.117
0.151
0.176
0.205
0.221
0.23
0.237
0.243
0.248
0.254
0.26
0.266
0.272
0.278
0.285
0.293
0.305
0.317
0.328
0.34
0.349
0.353
0.355
0.357
0.36
0.363
0.366
0.368
0.37
0.373
0.375
0.378
0.381
0.384
0.385
0.386
0.387
0.389
0.39
0.39
0.389
0.389
0.389
0.39
0.391
0.391
0.391
0.39
0.388
0.387
0.385
0.384
0.381
0.376
0.372
0.367
0.362
0.354
0.333
0.311
0.29
0.268
0.233
0.213
0.201
0.191
0.182
0.175
0.168
0.161
0.156
0.151
0.147
0.143
0.139
0.135
0.132
0.129
0.127
0.124
0.122
0.118
0.115
0.111
0.108
0.105
0.102
0.099
0.096
0.093
0.089
0.086
0.083
0.079
0.076
0.072
0.067
0.063
0.059
0.055
0.051
0.047
0.042
0.036
0.03
0.023
0.015
0.004
-0.014
-0.035
-0.055
-0.073
-0.082
-0.088
-0.093
-0.097
-0.101
-0.105
-0.107
-0.109
-0.11
-0.111
-0.114
-0.116
-0.119
-0.121
-0.122
-0.123
-0.123
-0.125
-0.126
-0.128
-0.129
-0.131
-0.134
-0.137
-0.141
-0.147
-0.152
-0.158
-0.164
-0.171
-0.178
-0.186
-0.194
-0.203
-0.212
-0.222
-0.233
-0.243
-0.249
-0.254
-0.257
-0.259
-0.26
-0.26
-0.261
-0.262
-0.263
-0.264
-0.265
-0.266
-0.267
-0.267
-0.267
-0.266
-0.264
-0.261
-0.259
-0.256
-0.254
-0.252
-0.25
-0.248
-0.246
-0.244
-0.243
-0.242
-0.241
-0.238
-0.234
-0.228
-0.222
-0.212
-0.195
-0.14
-0.062
0.046
0.191
0.372
0.585
0.821
1.057
1.259
1.352
1.341
1.186
0.862
0.453
0.046
-0.276
-0.431
-0.483
-0.455
-0.369
-0.276
-0.238
-0.227
-0.222
-0.218
-0.216
-0.214
-0.213
-0.209
-0.205
-0.201
-0.198
-0.195
-0.192
-0.189
-0.186
-0.182
-0.178
-0.173
-0.168
-0.164
-0.159
-0.154
-0.149
-0.143
-0.138
-0.133
-0.127
-0.12
-0.113
-0.106
-0.1
-0.094
-0.088
-0.082
-0.075
-0.069
-0.063
-0.057
-0.051
-0.046
-0.042
-0.037
-0.033
-0.028
-0.023
-0.018
-0.011
-0.002
0.008
0.019
0.032
0.044
0.054
0.062
0.07
0.078
0.086
0.093
0.1
0.106
0.114
0.126
0.144
0.163
0.184
0.203
0.219
0.236
0.255
0.273
0.288
0.302
0.313
0.322
0.328
0.333
0.338
0.342
0.347
0.352
0.356
0.358
0.355
0.345
0.331
0.315
0.297
0.27
0.245
0.221
0.196
0.171
0.144
0.114
0.091
0.072
0.055
0.039
0.023
0.009
-0.004
-0.018
-0.031
-0.043
-0.056
-0.068
-0.077
-0.082
-0.086
-0.089
-0.093
-0.096
-0.099
-0.102
-0.104
-0.107
-0.109
-0.111
-0.113
-0.114
-0.114
-0.113
-0.112
-0.11
-0.109
-0.108
-0.107
-0.106
-0.105
-0.104
-0.103
-0.102
-0.101
-0.099
-0.096
-0.093
-0.09
-0.087
-0.084
-0.081
-0.079
-0.077
-0.077
-0.077
-0.077
-0.077
-0.077
-0.077
-0.076
-0.075
-0.074
-0.073
-0.072
-0.071
-0.071
-0.072
-0.075
-0.078
-0.082
-0.087
-0.091
-0.096
-0.099
-0.103
-0.105
-0.107
-0.108
-0.109
-0.11
-0.111
-0.112
-0.114
-0.115
-0.116
-0.116
-0.116
-0.116
-0.116
-0.115
-0.114
-0.113
-0.112
-0.112
-0.111
-0.111
-0.111
-0.111
-0.11
-0.11
-0.109
-0.108
-0.108
-0.107
-0.107
-0.107
-0.106
-0.104
-0.102
-0.1
-0.098
-0.097
-0.094
-0.091
-0.088
-0.085
-0.082
-0.081
-0.079
-0.078
-0.076
-0.074
-0.072
-0.071
-0.07
-0.07
-0.068
-0.066
-0.064
-0.062
-0.061
-0.061
-0.061
-0.061
-0.061
-0.061
-0.063
-0.064
-0.065
-0.066
-0.066
-0.065
-0.064
-0.063
-0.063
-0.062
-0.06
-0.059
-0.059
-0.058
-0.057
-0.056
-0.055
-0.053
-0.051
-0.05
-0.048
-0.047
-0.047
-0.046
-0.046
-0.047
-0.048
-0.051
-0.053
-0.056
-0.059
-0.062
-0.065
-0.068
-0.071
-0.073
-0.075
-0.077
-0.079
-0.081
-0.083
-0.085
-0.086
