0.156
0.135
0.118
0.105
0.091
0.076
0.063
0.053
0.048
0.044
0.041
0.039
0.037
0.035
0.033
0.029
0.026
0.021
0.017
0.013
0.009
0.004
-0.003
-0.02
-0.036
-0.052
-0.061
-0.065
-0.069
-0.072
-0.076
-0.08
-0.084
-0.088
-0.091
-0.095
-0.099
-0.104
-0.11
-0.115
-0.119
-0.125
-0.133
-0.143
-0.152
-0.159
-0.163
-0.167
-0.172
-0.178
-0.189
-0.188
-0.168
-0.14
-0.097
-0.012
0.098
0.248
0.424
0.573
0.653
0.68
0.639
0.515
0.304
0.078
-0.112
-0.25
-0.338
-0.371
-0.387
-0.397
-0.377
-0.344
-0.295
-0.256
-0.236
-0.22
-0.205
-0.194
-0.18
-0.152
-0.107
-0.075
-0.054
-0.047
-0.045
-0.044
-0.044
-0.044
-0.044
-0.043
-0.045
-0.05
-0.057
-0.062
-0.067
-0.073
-0.079
-0.085
-0.089
-0.09
-0.087
-0.082
-0.076
-0.07
-0.066
-0.063
-0.06
-0.056
-0.053
-0.05
-0.047
-0.046
-0.047
-0.05
-0.053
-0.056
-0.061
-0.065
-0.07
-0.076
-0.089
-0.101
-0.111
-0.122
-0.136
-0.134
-0.111
-0.101
-0.095
-0.09
-0.085
-0.079
-0.074
-0.07
-0.066
-0.062
-0.058
-0.057
-0.056
-0.058
-0.061
-0.064
-0.068
-0.073
-0.077
-0.082
-0.088
-0.094
-0.099
-0.104
-0.111
-0.122
-0.137
-0.152
-0.168
-0.184
-0.197
-0.204
-0.209
-0.214
-0.219
-0.222
-0.225
-0.227
-0.23
-0.234
-0.237
-0.241
-0.245
-0.247
-0.248
-0.249
-0.25
-0.25
-0.25
-0.248
-0.247
-0.246
-0.245
-0.244
-0.243
-0.242
-0.241
-0.239
-0.237
-0.234
-0.231
-0.227
-0.223
-0.218
-0.214
-0.21
-0.207
-0.203
-0.2
-0.195
-0.189
-0.181
-0.173
-0.164
-0.156
-0.149
-0.143
-0.138
-0.133
-0.129
-0.126
-0.123
-0.119
-0.116
-0.114
-0.111
-0.108
-0.103
-0.098
-0.092
-0.086
-0.08
-0.074
-0.067
-0.059
-0.05
-0.039
-0.028
-0.018
-0.009
0.0
0.009
0.02
0.034
0.047
0.058
0.068
0.077
0.085
0.092
0.098
0.105
0.113
0.121
0.131
0.141
0.153
0.168
0.189
0.204
0.21
0.215
0.222
0.23
0.234
0.227
0.213
0.206
0.202
0.199
0.195
0.192
0.189
0.184
0.18
0.175
0.17
0.165
0.16
0.156
0.152
0.148
0.143
0.135
0.119
0.106
0.098
0.092
0.087
0.082
0.077
0.073
0.07
0.069
0.068
0.068
0.07
0.074
0.08
0.088
0.099
0.113
0.169
0.261
0.39
0.53
0.674
0.805
0.848
0.82
0.741
0.588
0.408
0.231
0.09
-0.019
-0.056
-0.069
-0.079
-0.077
-0.058
-0.052
-0.048
-0.044
-0.041
-0.038
-0.035
-0.032
-0.027
-0.023
-0.019
-0.017
-0.015
-0.015
-0.017
-0.019
-0.022
-0.026
-0.029
-0.032
-0.034
-0.036
-0.037
-0.038
-0.039
-0.039
-0.04
-0.04
-0.043
-0.048
-0.053
-0.057
-0.058
-0.055
-0.05
-0.044
-0.039
-0.034
-0.027
-0.018
-0.009
-0.004
-0.003
-0.004
-0.007
-0.011
-0.015
-0.018
-0.023
-0.03
-0.036
-0.039
-0.037
-0.031
-0.022
-0.012
-0.004
0.002
0.009
0.017
0.024
0.03
0.035
0.038
0.042
0.046
0.052
0.057
0.061
0.06
0.052
0.039
0.026
0.017
0.007
-0.002
-0.013
-0.023
-0.031
-0.038
-0.045
-0.055
-0.07
-0.084
-0.098
-0.106
-0.111
-0.115
-0.118
-0.121
-0.124
-0.127
-0.132
-0.136
-0.141
-0.145
-0.149
-0.152
-0.155
-0.16
-0.165
-0.17
-0.173
-0.175
-0.174
-0.172
-0.169
-0.166
-0.163
-0.158
-0.152
-0.144
-0.135
-0.129
-0.122
-0.11
-0.097
-0.114
-0.124
-0.129
-0.134
-0.138
-0.141
-0.143
-0.142
-0.14
-0.137
-0.133
-0.128
-0.122
-0.118
-0.114
-0.11
-0.107
-0.104
-0.101
-0.099
-0.098
-0.097
-0.098
-0.099
-0.1
-0.101
-0.103
-0.104
-0.105
-0.106
-0.108
-0.109
-0.11
-0.111
-0.114
-0.115
-0.116
-0.112
-0.104
-0.095
-0.085
-0.071
-0.061
-0.055
-0.052
-0.049
-0.046
-0.044
-0.043
-0.042
-0.042
-0.041
-0.04
-0.038
-0.037
-0.035
-0.033
-0.032
-0.03
-0.028
-0.025
-0.023
-0.021
-0.019
-0.016
-0.012
-0.008
-0.005
-0.003
-0.001
0.0
-0.001
-0.003
-0.006
-0.011
-0.017
-0.022
-0.026
-0.031
-0.037
-0.044
-0.05
-0.054
-0.054
-0.05
-0.044
-0.037
-0.03
-0.024
-0.014
-0.005
0.0
0.001
-0.001
-0.008
-0.015
-0.021
-0.031
-0.036
-0.031
-0.018
0.018
0.083
0.182
0.325
0.507
0.712
0.891
0.963
0.886
0.681
0.416
0.153
-0.066
-0.165
-0.197
-0.179
-0.15
-0.124
-0.09
-0.028
0.061
0.157
0.24
0.3
0.321
0.329
0.323
0.308
0.285
0.248
0.217
0.198
0.182
0.167
0.156
0.148
0.14
0.133
0.125
0.116
0.108
0.101
0.097
0.095
0.093
0.091
0.089
0.087
0.086
0.085
0.084
0.082
0.081
0.08
0.08
0.079
0.079
0.078
0.078
0.077
0.076
0.075
0.075
0.075
0.075
0.075
0.074
0.073
0.072
0.07
0.069
0.067
0.063
0.059
0.061
0.073
0.087
0.095
0.102
0.109
0.115
0.12
0.124
0.127
0.129
0.129
0.128
0.127
0.124
0.12
0.116
0.11
0.103
0.091
0.081
0.071
0.063
0.055
0.047
0.038
0.029
0.021
0.016
0.012
0.008
0.005
0.0
-0.004
-0.008
-0.012
-0.016
-0.023
-0.034
-0.052
-0.07
-0.089
-0.105
-0.108
-0.111
-0.114
-0.115
-0.109
-0.094
-0.08
-0.063
-0.056
-0.052
-0.048
-0.044
-0.046
-0.059
-0.078
-0.099
-0.108
-0.112
-0.116
-0.118
-0.118
-0.115
-0.109
-0.102
-0.097
-0.094
-0.092
-0.09
-0.088
-0.086
-0.085
-0.083
-0.082
-0.081
-0.079
-0.077
-0.076
-0.075
-0.075
-0.077
-0.078
-0.079
-0.08
-0.08
-0.081
-0.082
-0.083
-0.083
-0.082
-0.081
-0.081
-0.08
-0.08
-0.079
-0.079
-0.08
-0.08
-0.08
-0.081
-0.081
-0.082
-0.082
-0.082
-0.081
-0.082
-0.081
-0.082
-0.085
-0.072
-0.056
-0.041
-0.024
-0.011
0.0
0.006
0.009
0.01
0.013
0.017
0.018
0.014
0.01
0.006
0.023
0.05
0.079
0.106
0.135
0.161
0.178
0.189
0.198
0.208
0.206
0.187
0.175
0.167
0.161
0.155
0.149
0.144
0.14
0.136
0.13
0.122
0.111
0.098
0.084
0.066
0.047
0.037
0.031
0.026
0.022
0.022
0.032
0.053
0.114
0.239
0.411
0.603
0.776
0.875
0.876
0.786
0.565
0.298
0.041
-0.141
-0.198
-0.217
-0.199
-0.168
-0.135
-0.12
-0.114
-0.109
-0.104
-0.101
-0.098
-0.095
-0.092
-0.089
-0.088
-0.087
-0.085
-0.083
-0.08
-0.075
-0.07
-0.067
-0.069
-0.073
-0.078
-0.083
-0.088
-0.093
-0.093
-0.087
-0.078
-0.067
-0.051
-0.042
-0.033
-0.026
-0.027
-0.042
-0.054
-0.065
-0.072
-0.071
-0.064
-0.054
-0.044
-0.031
-0.019
-0.008
0.012
0.033
0.042
0.046
0.049
0.052
0.055
0.059
0.063
0.066
0.07
0.075
0.08
0.087
0.094
0.1
0.106
0.112
0.12
0.126
0.125
0.119
0.112
0.109
0.108
0.106
0.105
0.104
0.102
0.101
0.1
0.1
0.099
0.098
0.096
0.095
0.094
0.093
0.091
0.09
0.088
0.086
0.083
0.079
0.073
0.065
0.046
0.035
0.028
0.022
0.017
0.013
0.011
0.016
0.027
0.04
0.05
0.062
0.072
0.079
0.083
0.086
0.09
0.095
0.098
0.101
0.104
0.107
0.108
0.11
0.111
0.113
0.115
0.116
0.117
0.119
0.121
0.123
0.124
0.125
