-0.128
-0.129
-0.13
-0.132
-0.133
-0.133
-0.132
-0.125
-0.115
-0.105
-0.096
-0.089
-0.081
-0.072
-0.064
-0.058
-0.055
-0.056
-0.06
-0.065
-0.07
-0.074
-0.078
-0.083
-0.089
-0.094
-0.099
-0.101
-0.1
-0.097
-0.094
-0.09
-0.086
-0.083
-0.078
-0.071
-0.064
-0.055
-0.045
-0.036
-0.029
-0.023
-0.017
-0.012
-0.007
-0.003
0.0
0.004
0.008
0.013
0.018
0.025
0.039
0.071
0.099
0.12
0.141
0.152
0.161
0.168
0.172
0.173
0.171
0.166
0.159
0.152
0.145
0.138
0.131
0.125
0.119
0.114
0.109
0.105
0.099
0.087
0.066
0.059
0.056
0.054
0.052
0.051
0.049
0.048
0.048
0.048
0.048
0.047
0.048
0.049
0.05
0.05
0.049
0.05
0.049
0.049
0.048
0.047
0.045
0.042
0.039
0.038
0.036
0.034
0.032
0.03
0.027
0.023
0.019
0.015
0.012
0.009
0.006
0.006
0.009
0.013
0.017
0.023
0.028
0.034
0.043
0.052
0.057
0.059
0.06
0.061
0.063
0.065
0.067
0.068
0.065
0.06
0.053
0.045
0.046
0.06
0.073
0.084
0.095
0.106
0.117
0.128
0.133
0.127
0.116
0.098
0.071
0.051
0.039
0.024
0.007
-0.003
-0.013
-0.021
-0.027
-0.031
-0.032
-0.031
-0.03
-0.027
-0.024
-0.02
-0.014
-0.008
-0.008
-0.014
-0.022
-0.026
-0.03
-0.033
-0.037
-0.04
-0.042
-0.043
-0.044
-0.045
-0.045
-0.045
-0.044
-0.043
-0.041
-0.038
-0.036
-0.036
-0.04
-0.045
-0.051
-0.06
-0.046
-0.004
0.085
0.229
0.412
0.615
0.793
0.926
0.978
0.976
0.918
0.801
0.634
0.448
0.279
0.148
0.042
-0.048
-0.108
-0.123
-0.134
-0.141
-0.147
-0.152
-0.156
-0.159
-0.162
-0.164
-0.167
-0.171
-0.174
-0.177
-0.178
-0.175
-0.17
-0.163
-0.156
-0.15
-0.142
-0.134
-0.128
-0.127
-0.13
-0.134
-0.139
-0.143
-0.147
-0.151
-0.154
-0.156
-0.156
-0.154
-0.15
-0.145
-0.139
-0.135
-0.129
-0.122
-0.116
-0.111
-0.107
-0.104
-0.102
-0.101
-0.1
-0.1
-0.098
-0.097
-0.095
-0.092
-0.09
-0.088
-0.086
-0.083
-0.08
-0.076
-0.07
-0.061
-0.039
-0.019
0.0
0.02
0.035
0.051
0.066
0.075
0.08
0.086
0.089
0.088
0.08
0.07
0.064
0.058
0.053
0.047
0.042
0.036
0.029
0.023
0.02
0.017
0.014
0.012
0.009
0.007
0.005
0.002
0.0
-0.003
-0.006
-0.007
-0.009
-0.012
-0.015
-0.02
-0.03
-0.036
-0.04
-0.044
-0.047
-0.05
-0.052
-0.049
-0.043
-0.036
-0.032
-0.028
-0.024
-0.021
-0.018
-0.015
-0.014
-0.015
-0.017
-0.019
-0.02
-0.022
-0.025
-0.027
-0.03
-0.033
-0.036
-0.037
-0.035
-0.031
-0.025
-0.02
-0.013
-0.002
0.003
0.0
-0.004
-0.008
-0.01
-0.012
-0.013
-0.014
-0.015
-0.013
-0.009
-0.004
0.001
0.006
0.01
0.014
0.018
0.022
0.026
0.03
0.034
0.038
0.041
0.044
0.047
0.05
0.053
0.057
0.065
0.08
0.088
0.095
0.1
0.103
0.097
0.084
0.069
0.052
0.035
0.01
-0.008
-0.013
-0.016
-0.019
-0.021
-0.022
-0.022
-0.021
-0.018
-0.015
-0.012
-0.009
-0.006
-0.003
0.0
0.001
0.003
0.005
0.006
0.007
0.006
0.004
0.001
-0.001
-0.005
-0.008
-0.01
-0.013
-0.018
-0.022
-0.026
-0.028
-0.027
-0.023
-0.017
-0.007
0.009
0.037
0.081
0.135
0.222
0.349
0.507
0.686
0.874
1.035
1.103
1.103
1.03
0.863
0.661
0.484
0.323
0.179
0.06
0.001
-0.014
-0.023
-0.032
-0.04
-0.046
-0.053
-0.07
-0.1
-0.121
-0.134
-0.14
-0.136
-0.126
-0.111
-0.089
-0.077
-0.072
-0.068
-0.066
-0.065
-0.065
-0.066
-0.069
-0.074
-0.08
-0.086
-0.097
-0.104
-0.107
-0.11
-0.114
-0.118
-0.118
-0.113
-0.107
-0.104
-0.102
-0.1
-0.099
-0.097
-0.095
-0.092
-0.088
-0.085
-0.083
-0.079
-0.076
-0.073
-0.07
-0.067
-0.063
-0.059
-0.054
-0.049
-0.044
-0.04
-0.036
-0.033
-0.03
-0.026
-0.02
-0.008
0.01
0.037
0.066
0.084
0.095
0.103
0.109
0.114
0.118
0.121
0.124
0.127
0.129
0.13
0.129
0.126
0.122
0.117
0.107
0.09
0.082
0.077
0.073
0.07
0.067
0.064
0.062
0.059
0.054
0.047
0.035
0.022
0.002
-0.006
-0.007
-0.009
-0.011
-0.012
-0.011
-0.007
-0.002
0.001
0.003
0.004
0.006
0.007
0.009
0.011
0.011
0.011
0.011
0.013
0.004
-0.011
-0.019
-0.025
-0.029
-0.031
-0.03
-0.027
-0.021
-0.014
-0.001
0.021
0.037
0.047
0.052
0.05
0.044
0.041
0.038
0.036
0.034
0.032
0.031
0.03
0.03
0.03
0.032
0.034
0.037
0.039
0.041
0.044
0.048
0.052
0.057
0.063
0.068
0.075
0.084
0.092
0.101
0.109
0.116
0.123
0.13
0.134
0.135
0.133
0.129
0.122
0.112
0.09
0.064
0.039
0.014
-0.008
-0.021
-0.03
-0.035
-0.034
-0.026
-0.017
-0.011
-0.004
0.002
0.006
0.007
0.004
0.0
-0.006
-0.018
-0.036
-0.044
-0.049
-0.052
-0.052
-0.048
-0.04
-0.032
-0.021
-0.004
0.005
0.013
0.019
0.024
0.026
0.025
0.023
0.019
0.014
0.008
-0.001
0.011
0.049
0.132
0.264
0.439
0.647
0.853
1.02
1.112
1.124
1.09
0.965
0.794
0.6
0.406
0.239
0.107
0.012
-0.055
-0.092
-0.106
-0.112
-0.116
-0.119
-0.121
-0.122
-0.119
-0.113
-0.104
-0.095
-0.083
-0.079
-0.078
-0.076
-0.073
-0.075
-0.087
-0.099
-0.109
-0.117
-0.123
-0.128
-0.133
-0.137
-0.136
-0.126
-0.114
-0.106
-0.101
-0.096
-0.091
-0.087
-0.084
-0.081
-0.078
-0.077
-0.077
-0.075
-0.074
-0.073
-0.073
-0.072
-0.071
-0.07
-0.069
-0.069
-0.069
-0.068
-0.067
-0.066
-0.064
-0.063
-0.062
-0.061
-0.059
-0.056
-0.053
-0.046
-0.028
-0.009
0.011
0.031
0.046
0.058
0.073
0.095
0.111
0.121
0.128
0.134
0.141
0.148
0.156
0.16
0.155
0.144
0.128
0.102
0.086
0.078
0.073
0.069
0.065
0.062
0.06
0.058
0.055
0.052
0.048
0.044
0.037
0.03
0.022
0.015
0.006
0.0
-0.006
-0.008
-0.01
-0.012
-0.015
-0.021
-0.02
-0.006
0.001
0.007
0.012
0.016
0.019
0.021
0.02
0.019
0.017
0.015
0.012
0.008
0.003
-0.002
-0.007
-0.01
-0.012
-0.013
-0.014
-0.017
-0.019
-0.018
-0.009
0.002
0.014
0.029
0.041
0.052
0.064
0.078
0.078
0.061
0.042
0.022
0.01
-0.003
-0.015
-0.001
0.015
0.031
0.051
0.08
0.104
0.111
0.116
0.12
0.123
0.125
0.123
0.119
0.112
0.105
0.1
0.095
0.089
0.083
0.076
0.068
0.061
0.053
0.046
0.036
0.023
0.014
0.01
0.007
0.005
0.003
0.001
0.0
-0.002
-0.003
-0.002
0.0
0.003
0.008
0.013
0.018
0.023
0.03
0.037
0.043
0.046
0.048
0.05
0.052
0.055
0.057
0.053
0.043
0.034
0.024
0.02
0.024
0.035
0.052
0.079
0.1
0.116
0.13
0.167
0.23
0.33
0.502
0.733
0.974
1.174
1.257
1.25
1.136
0.94
0.718
0.518
0.361
0.244
0.148
0.062
0.015
0.0
-0.009
-0.012
-0.008
0.001
0.011
0.018
0.026
0.033
0.04
0.043
0.043
0.041
0.037
0.03
0.015
-0.005
-0.016
-0.024
-0.028
-0.028
-0.027
-0.027
-0.028
-0.028
-0.028
-0.027
-0.028
-0.029
-0.029
-0.03
-0.03
-0.031
-0.031
-0.031
-0.03
-0.028
-0.026
-0.024
-0.022
-0.02
-0.017
-0.014
-0.01
-0.006
0.002
0.011
0.018
0.022
0.025
0.029
0.034
0.038
0.042
0.047
0.052
0.059
0.068
0.081
0.099
0.116
0.125
0.132
0.136
0.139
0.142
0.144
0.145
0.146
0.146
0.146
0.145
0.145
0.146
0.147
0.146
0.135
0.117
0.089
0.041
0.015
0.002
-0.006
-0.013
-0.02
-0.027
-0.032
-0.035
-0.038
-0.042
-0.047
-0.058
-0.086
-0.118
-0.144
-0.153
-0.155
-0.158
-0.161
-0.163
-0.165
-0.166
-0.168
-0.17
-0.172
-0.174
-0.175
-0.176
-0.175
-0.175
-0.176
-0.176
-0.177
-0.178
-0.181
-0.187
-0.191
-0.186
-0.173
-0.153
-0.121
-0.103
-0.093
-0.085
-0.079
-0.077
-0.076
-0.076
-0.077
-0.078
-0.08
-0.084
-0.09
-0.067
-0.039
-0.015
0.001
0.023
0.046
0.057
0.065
0.068
0.06
0.041
0.009
-0.026
-0.041
-0.049
-0.055
-0.06
-0.061
-0.06
-0.057
-0.053
-0.05
-0.05
-0.049
-0.048
-0.047
-0.045
-0.043
-0.04
-0.038
-0.035
-0.033
-0.032
-0.031
-0.031
-0.033
-0.035
-0.037
-0.039
-0.04
-0.041
-0.043
-0.045
-0.046
-0.047
-0.047
-0.048
-0.048
-0.049
-0.052
-0.057
-0.061
-0.064
-0.063
-0.058
-0.051
-0.038
0.005
0.072
0.185
0.341
0.534
0.729
0.915
1.044
1.062
1.026
0.859
0.66
0.442
0.254
0.103
-0.012
-0.093
-0.126
-0.141
-0.153
-0.153
-0.134
-0.124
-0.117
-0.112
-0.108
-0.105
-0.103
-0.102
-0.103
-0.103
-0.105
-0.106
-0.109
-0.112
-0.115
-0.119
-0.124
-0.128
-0.13
-0.13
-0.126
-0.121
-0.112
-0.095
-0.078
-0.073
-0.069
-0.066
-0.071
-0.082
-0.088
-0.093
-0.098
-0.102
-0.106
-0.108
-0.109
-0.111
-0.112
-0.11
-0.106
-0.102
-0.096
-0.089
-0.082
-0.075
-0.066
-0.052
-0.038
-0.03
-0.024
-0.019
-0.013
-0.007
0.0
0.008
0.018
0.031
0.046
0.069
0.101
0.119
0.131
0.14
0.148
0.153
0.154
0.153
0.149
0.142
0.136
0.129
0.125
0.119
0.114
0.109
0.103
0.098
0.092
0.088
0.084
0.08
0.076
0.072
0.067
0.057
0.041
0.035
0.031
0.028
0.026
0.026
0.026
0.031
0.038
0.046
0.052
0.058
0.063
0.068
0.07
0.069
0.066
0.06
0.053
0.039
0.01
-0.008
-0.018
-0.025
-0.03
-0.031
-0.025
-0.016
-0.006
0.003
0.014
0.025
0.029
0.026
0.019
0.011
0.007
0.003
-0.001
-0.005
-0.008
-0.009
-0.007
-0.003
0.001
0.007
0.011
0.014
0.017
0.02
0.023
0.024
0.026
0.028
0.031
0.033
0.035
0.037
0.039
0.041
0.042
0.043
0.045
0.047
0.05
0.053
0.058
0.067
0.087
0.106
0.118
0.127
0.135
0.14
0.142
0.14
0.135
0.127
0.118
0.099
0.066
0.047
0.037
0.029
0.025
0.025
0.031
0.039
0.046
0.053
0.061
0.069
0.075
0.075
0.07
0.062
0.054
0.047
0.039
0.032
0.026
0.023
0.022
0.023
0.025
0.027
0.03
0.035
0.037
0.032
0.024
0.017
0.01
0.004
0.005
0.013
0.026
0.04
0.06
0.079
0.104
0.131
0.175
0.241
0.344
0.477
0.638
0.807
0.961
1.037
1.063
1.039
0.967
0.835
0.652
0.457
0.279
0.141
0.049
0.019
0.011
0.006
0.0
-0.008
-0.02
-0.038
-0.07
-0.106
-0.141
-0.162
-0.174
-0.182
-0.186
-0.185
-0.179
-0.17
-0.16
-0.15
-0.138
-0.127
-0.117
-0.11
-0.103
-0.098
-0.092
-0.087
-0.082
-0.078
-0.074
-0.07
-0.066
-0.058
-0.06
-0.076
-0.085
-0.092
-0.098
-0.103
-0.105
-0.103
-0.097
-0.087
-0.075
-0.057
-0.033
-0.032
-0.031
-0.029
-0.029
-0.028
-0.028
-0.033
-0.039
-0.046
-0.053
-0.063
-0.07
-0.07
-0.063
-0.051
-0.039
-0.025
-0.008
0.011
0.043
0.077
0.104
0.134
0.15
0.159
0.166
0.171
0.173
0.173
0.171
0.169
0.164
0.158
0.151
0.141
0.124
0.102
0.093
0.088
0.085
0.081
0.078
0.075
0.074
0.073
0.072
0.07
0.067
0.065
0.063
0.062
0.061
0.06
0.058
0.055
0.052
0.048
0.041
0.024
0.011
0.002
-0.004
-0.01
-0.012
-0.011
-0.003
0.006
0.014
0.02
0.027
0.035
0.042
0.047
0.047
0.041
0.033
0.024
0.018
0.014
0.01
0.005
0.0
-0.005
-0.01
-0.014
-0.016
-0.017
-0.018
-0.02
-0.02
-0.018
-0.015
-0.012
-0.01
-0.007
-0.005
-0.001
0.003
0.009
0.015
0.022
0.03
0.04
0.049
0.06
0.071
0.078
0.083
0.086
0.09
0.095
0.1
0.102
0.099
0.092
0.081
0.065
0.035
0.015
0.004
-0.003
-0.008
-0.012
-0.015
-0.019
-0.024
-0.027
-0.028
-0.023
-0.018
-0.014
-0.009
-0.004
-0.001
-0.002
-0.008
-0.017
-0.026
-0.033
-0.041
-0.049
-0.055
-0.059
-0.059
-0.055
-0.049
-0.042
-0.037
-0.034
-0.03
-0.026
-0.021
-0.016
-0.011
-0.006
-0.002
0.0
0.004
0.008
0.014
0.022
0.061
0.164
0.322
0.523
0.734
0.93
1.08
1.131
1.117
0.995
0.812
0.63
0.469
0.317
0.168
0.053
-0.039
-0.066
-0.073
-0.078
-0.081
-0.083
-0.085
-0.088
-0.09
-0.093
-0.095
-0.098
-0.101
-0.103
-0.104
-0.105
-0.106
-0.108
-0.109
-0.109
-0.109
-0.108
-0.105
-0.102
-0.098
-0.095
-0.093
-0.09
-0.087
-0.083
-0.078
-0.072
-0.069
-0.069
-0.073
-0.078
-0.083
-0.09
-0.101
-0.108
-0.101
-0.089
-0.085
-0.083
-0.081
-0.079
-0.078
-0.077
-0.076
-0.074
-0.071
-0.068
-0.065
-0.063
-0.062
-0.061
-0.061
-0.059
-0.056
-0.052
-0.048
-0.04
-0.021
-0.001
0.016
0.032
0.049
0.066
0.074
0.08
0.085
0.091
0.096
0.099
0.101
0.103
0.103
0.103
0.101
0.099
0.096
0.092
0.087
0.083
0.079
0.076
0.073
0.07
0.067
0.063
0.059
0.055
0.05
0.045
0.04
0.036
0.031
0.028
0.025
0.022
0.02
0.018
0.017
0.014
0.012
0.01
0.007
0.004
0.002
0.0
0.0
0.0
0.0
0.002
0.005
0.008
0.012
0.017
0.023
0.034
0.041
0.035
0.023
0.016
0.01
0.004
0.0
-0.004
-0.005
-0.002
0.001
0.005
0.008
0.01
0.011
0.014
0.018
0.021
0.024
0.028
0.032
0.035
0.039
0.044
0.049
0.054
0.058
0.064
0.072
0.081
0.089
0.094
0.098
0.102
0.106
0.11
0.115
0.118
0.119
0.117
0.113
0.108
0.102
0.094
0.084
0.066
0.044
0.034
0.029
0.025
0.022
0.019
0.017
0.014
0.012
0.01
0.008
0.007
0.006
0.005
0.004
0.004
0.003
0.002
0.0
0.0
-0.002
-0.004
-0.006
-0.007
-0.008
-0.009
-0.008
-0.006
-0.003
0.0
0.004
0.011
0.02
0.028
0.027
0.018
0.005
-0.006
-0.019
-0.026
-0.016
0.01
0.085
0.215
0.379
0.566
0.758
0.934
1.059
1.091
1.078
0.979
0.844
0.685
0.505
0.314
0.137
-0.003
-0.091
-0.123
-0.126
-0.115
-0.104
-0.094
-0.088
-0.095
-0.107
-0.113
-0.116
-0.12
-0.123
-0.125
-0.127
-0.129
-0.131
-0.134
-0.135
-0.137
-0.137
-0.135
-0.133
-0.129
-0.126
-0.122
-0.118
-0.115
-0.111
-0.108
-0.105
-0.102
-0.1
-0.096
-0.092
