-0.113
-0.121
-0.139
-0.161
-0.169
-0.174
-0.177
-0.177
-0.175
-0.169
-0.158
-0.144
-0.115
-0.085
-0.078
-0.076
-0.073
-0.071
-0.07
-0.068
-0.067
-0.064
-0.061
-0.058
-0.054
-0.051
-0.047
-0.043
-0.039
-0.033
-0.023
-0.003
0.012
0.018
0.022
0.025
0.029
0.033
0.035
0.037
0.04
0.042
0.043
0.044
0.044
0.042
0.04
0.037
0.034
0.032
0.031
0.03
0.029
0.029
0.029
0.028
0.027
0.024
0.022
0.02
0.02
0.024
0.028
0.032
0.036
0.041
0.046
0.049
0.047
0.04
0.029
0.008
-0.019
-0.029
-0.033
-0.036
-0.039
-0.042
-0.046
-0.048
-0.05
-0.05
-0.05
-0.05
-0.049
-0.048
-0.046
-0.044
-0.041
-0.038
-0.036
-0.033
-0.027
-0.014
-0.032
-0.056
-0.076
-0.092
-0.104
-0.113
-0.118
-0.12
-0.121
-0.127
-0.133
-0.111
-0.089
-0.074
-0.063
-0.057
-0.053
-0.05
-0.048
-0.045
-0.041
-0.037
-0.033
-0.028
-0.022
-0.015
-0.001
0.028
0.055
0.072
0.081
0.088
0.094
0.098
0.097
0.087
0.074
0.065
0.056
0.048
0.04
0.033
0.025
0.019
0.01
-0.002
-0.023
-0.044
-0.072
-0.103
-0.152
-0.205
-0.229
-0.245
-0.256
-0.241
-0.195
-0.12
-0.029
0.074
0.177
0.261
0.313
0.332
0.332
0.315
0.265
0.204
0.185
0.177
0.185
0.214
0.23
0.219
0.186
0.129
0.067
0.037
0.02
0.01
0.004
0.006
0.015
0.025
0.031
0.036
0.041
0.046
0.048
0.05
0.052
0.052
0.05
0.046
0.041
0.035
0.029
0.022
0.015
0.007
0.0
-0.008
-0.015
-0.019
-0.022
-0.024
-0.025
-0.026
-0.027
-0.027
-0.029
-0.031
-0.034
-0.035
-0.035
-0.032
-0.028
-0.025
-0.022
-0.019
-0.016
-0.012
-0.006
0.0
0.007
0.011
0.015
0.02
0.025
0.028
0.029
0.028
0.027
0.025
0.024
0.023
0.019
0.023
0.047
0.058
0.064
0.07
0.075
0.078
0.08
0.082
0.084
0.086
0.089
0.092
0.094
0.095
0.095
0.095
0.095
0.095
0.094
0.094
0.094
0.094
0.096
0.1
0.104
0.108
0.109
0.108
0.107
0.105
0.103
0.1
0.094
0.095
0.109
0.118
0.126
0.133
0.137
0.138
0.134
0.126
0.116
0.109
0.106
0.103
0.099
0.095
0.091
0.089
0.088
0.086
0.084
0.081
0.077
0.074
0.072
0.071
0.07
0.069
0.067
0.066
0.065
0.064
0.063
0.061
0.058
0.054
0.049
0.043
0.035
0.028
0.019
0.01
0.001
-0.011
-0.028
-0.042
-0.053
-0.066
-0.08
-0.088
-0.095
-0.102
-0.101
-0.089
-0.079
-0.071
-0.061
-0.047
-0.033
-0.023
-0.015
-0.007
-0.001
0.003
0.005
0.007
0.008
0.008
0.01
0.012
0.015
0.015
0.011
0.001
-0.009
-0.023
-0.042
-0.053
-0.059
-0.062
-0.066
-0.069
-0.072
-0.075
-0.078
-0.082
-0.085
-0.087
-0.092
-0.098
-0.105
-0.143
-0.214
-0.295
-0.369
-0.394
-0.373
-0.309
-0.164
-0.005
0.118
0.167
0.184
0.191
0.183
0.166
0.146
0.124
0.108
0.087
0.059
0.034
0.015
-0.004
-0.021
-0.034
-0.05
-0.069
-0.082
-0.092
-0.1
-0.105
-0.108
-0.109
-0.11
-0.112
-0.114
-0.117
-0.119
-0.121
-0.124
-0.125
-0.127
-0.128
-0.129
-0.129
-0.129
-0.129
-0.129
-0.13
-0.131
-0.132
-0.134
-0.137
-0.141
-0.144
-0.148
-0.153
-0.159
-0.166
-0.177
-0.199
-0.219
-0.229
-0.235
-0.241
-0.246
-0.25
-0.253
-0.255
-0.257
-0.256
-0.254
-0.25
-0.244
-0.238
-0.232
-0.227
-0.223
-0.218
-0.211
-0.205
-0.198
-0.191
-0.186
-0.181
-0.178
-0.174
-0.168
-0.161
-0.151
-0.132
-0.113
-0.098
-0.087
-0.075
-0.062
-0.049
-0.039
-0.03
-0.022
-0.015
-0.01
-0.007
-0.003
-0.001
0.0
0.002
0.005
0.007
0.009
0.011
0.014
0.017
0.022
0.028
0.034
0.04
0.045
0.051
0.058
0.064
0.067
0.067
0.067
0.067
0.065
0.064
0.064
0.064
0.064
0.064
0.06
0.055
0.049
0.043
0.035
0.029
0.027
0.027
0.029
0.031
0.036
0.035
0.022
0.01
0.001
-0.006
-0.013
-0.02
-0.028
-0.038
-0.043
-0.037
-0.021
-0.001
0.019
0.025
0.031
0.035
0.02
-0.004
-0.031
-0.056
-0.081
-0.106
-0.132
-0.161
-0.179
-0.187
-0.193
-0.191
-0.177
-0.166
-0.157
-0.148
-0.135
-0.12
-0.1
-0.074
-0.057
-0.039
-0.022
-0.004
0.013
0.032
0.051
0.066
0.08
0.09
0.099
0.109
0.119
0.125
0.128
0.133
0.137
0.139
0.136
0.13
0.125
0.12
0.116
0.114
0.115
0.119
0.124
0.13
0.138
0.119
0.089
0.057
0.006
-0.046
-0.07
-0.092
-0.092
-0.054
0.017
0.114
0.23
0.355
0.458
0.507
0.525
0.525
0.51
0.466
0.413
0.376
0.35
0.337
0.326
0.317
0.308
0.299
0.289
0.279
0.269
0.26
0.254
0.247
0.24
0.231
0.219
0.204
0.178
0.148
0.133
0.124
0.118
0.119
0.128
0.14
0.151
0.163
0.173
0.174
0.168
0.158
0.141
0.111
0.094
0.086
0.081
0.076
0.071
0.064
0.058
0.052
0.045
0.037
0.025
0.004
-0.011
-0.018
-0.023
-0.027
-0.031
-0.034
-0.037
-0.04
-0.043
-0.046
-0.048
-0.05
-0.052
-0.054
-0.056
-0.059
-0.062
-0.064
-0.063
-0.059
-0.051
-0.041
-0.024
0.008
0.043
0.065
0.071
0.074
0.076
0.078
0.08
0.082
0.084
0.086
0.089
0.093
0.097
0.102
0.106
0.11
0.113
0.117
0.123
0.129
0.134
0.137
0.136
0.13
0.121
0.111
0.102
0.096
0.091
0.086
0.082
0.079
0.078
0.076
0.073
0.071
0.068
0.065
0.062
0.061
0.059
0.058
0.057
0.057
0.058
0.058
0.057
0.056
0.053
0.044
0.027
0.022
0.018
0.013
0.01
0.015
0.024
0.029
0.032
0.035
0.038
0.04
0.042
0.043
0.043
0.04
0.035
0.028
0.019
0.01
-0.002
-0.029
-0.051
-0.066
-0.078
-0.086
-0.09
-0.088
-0.084
-0.08
-0.078
-0.076
-0.073
-0.07
-0.068
-0.066
-0.064
-0.061
-0.058
-0.054
-0.051
-0.048
-0.046
-0.044
-0.04
-0.034
-0.025
-0.016
-0.006
0.005
0.02
0.04
0.06
0.079
0.103
0.126
0.132
0.139
0.146
0.129
0.107
0.087
0.059
0.045
0.037
0.031
0.026
0.022
0.017
0.01
0.004
0.0
-0.004
-0.008
-0.015
-0.025
-0.046
-0.09
-0.169
-0.255
-0.327
-0.351
-0.331
-0.269
-0.135
0.026
0.188
0.303
0.341
0.321
0.289
0.242
0.202
0.18
0.165
0.154
0.145
0.132
0.114
0.088
0.076
0.069
0.064
0.059
0.056
0.054
0.054
0.053
0.053
0.053
0.053
0.052
0.052
0.052
0.053
0.052
0.051
0.05
0.047
0.044
0.043
0.042
0.041
0.04
0.038
0.037
0.035
0.032
0.029
0.024
0.019
0.012
0.005
0.0
-0.007
-0.013
-0.019
-0.026
-0.032
-0.039
-0.048
-0.057
-0.064
-0.069
-0.072
-0.074
-0.075
-0.075
-0.075
-0.076
-0.077
-0.078
-0.079
-0.078
-0.075
-0.069
-0.062
-0.056
-0.051
-0.045
-0.038
-0.031
-0.027
-0.026
-0.027
-0.031
-0.036
-0.041
-0.046
-0.054
-0.06
-0.06
-0.05
-0.034
-0.008
0.031
0.063
0.085
0.097
0.102
0.106
0.11
0.112
0.112
0.112
0.109
0.103
0.095
0.086
0.078
0.072
0.065
0.059
0.053
0.048
0.044
0.043
0.043
