0.059
0.057
0.055
0.054
0.052
0.05
0.048
0.046
0.044
0.042
0.041
0.04
0.04
0.04
0.04
0.04
0.039
0.039
0.039
0.038
0.036
0.034
0.031
0.029
0.027
0.026
0.025
0.025
0.027
0.03
0.034
0.038
0.043
0.048
0.053
0.059
0.068
0.076
0.08
0.077
0.068
0.055
0.033
-0.002
-0.035
-0.07
-0.093
-0.107
-0.116
-0.117
-0.108
-0.093
-0.073
-0.049
-0.041
-0.035
-0.028
-0.032
-0.057
-0.073
-0.084
-0.094
-0.102
-0.105
-0.102
-0.096
-0.086
-0.075
-0.059
-0.032
-0.01
0.007
0.024
0.044
0.067
0.084
0.098
0.111
0.119
0.122
0.124
0.125
0.126
0.126
0.127
0.129
0.13
0.129
0.122
0.11
0.096
0.075
0.045
0.033
0.025
0.017
0.012
0.01
0.013
0.019
0.026
0.034
0.046
0.053
0.046
0.029
0.002
-0.036
-0.069
-0.091
-0.098
-0.103
-0.109
-0.11
-0.098
-0.081
-0.065
-0.085
-0.145
-0.255
-0.396
-0.552
-0.695
-0.799
-0.826
-0.83
-0.833
-0.836
-0.839
-0.842
-0.843
-0.842
-0.839
-0.834
-0.83
-0.827
-0.823
-0.819
-0.814
-0.81
-0.806
-0.8
-0.792
-0.781
-0.758
-0.719
-0.688
-0.667
-0.649
-0.637
-0.628
-0.619
-0.609
-0.6
-0.589
-0.568
-0.536
-0.504
-0.47
-0.433
-0.394
-0.353
-0.313
-0.282
-0.257
-0.235
-0.223
-0.215
-0.21
-0.205
-0.2
-0.194
-0.188
-0.182
-0.176
-0.167
-0.153
-0.127
-0.103
-0.07
-0.031
0.0
0.022
0.046
0.065
0.082
0.102
0.124
0.138
0.15
0.159
0.167
0.172
0.175
0.177
0.178
0.18
0.181
0.184
0.187
0.189
0.19
0.185
0.173
0.152
0.091
0.019
-0.062
-0.115
-0.175
-0.225
-0.252
-0.272
-0.281
-0.266
-0.234
-0.205
-0.172
-0.156
-0.168
-0.193
-0.215
-0.24
-0.252
-0.243
-0.226
-0.212
-0.198
-0.188
-0.19
-0.2
-0.213
-0.223
-0.232
-0.241
-0.243
-0.238
-0.224
-0.205
-0.172
-0.119
-0.083
-0.061
-0.039
-0.018
-0.001
0.011
0.023
0.033
0.042
0.049
0.058
0.073
0.097
0.127
0.16
0.191
0.218
0.24
0.259
0.281
0.305
0.323
0.337
0.349
0.36
0.371
0.381
0.388
0.391
0.394
0.396
0.398
0.401
0.403
0.404
0.405
0.406
0.407
0.408
0.41
0.411
0.411
0.411
0.412
0.413
0.414
0.416
0.417
0.418
0.419
0.419
0.419
0.42
0.421
0.421
0.422
0.422
0.423
0.424
0.426
0.427
0.427
0.428
0.427
0.427
0.426
0.425
0.425
0.424
0.423
0.423
0.421
0.42
0.418
0.416
0.414
0.411
0.409
0.406
0.403
0.4
0.397
0.393
0.389
0.381
0.363
0.347
0.331
0.304
0.264
0.193
0.098
-0.006
-0.104
-0.125
-0.126
-0.127
-0.114
-0.102
-0.095
-0.089
-0.081
-0.07
-0.058
-0.047
-0.036
-0.025
-0.02
-0.026
-0.039
-0.053
-0.061
-0.067
-0.072
-0.076
-0.081
-0.086
-0.091
-0.097
-0.102
-0.105
-0.107
-0.109
-0.111
-0.114
-0.117
-0.124
-0.138
-0.144
-0.148
-0.151
-0.155
-0.154
-0.143
-0.129
-0.121
-0.114
-0.109
-0.104
-0.099
-0.094
-0.089
-0.084
-0.08
-0.077
-0.074
-0.07
-0.064
-0.05
-0.016
0.02
0.057
0.119
0.179
0.244
0.275
0.302
0.303
0.26
0.171
0.058
-0.054
-0.155
-0.229
-0.255
-0.264
-0.255
-0.237
-0.219
-0.2
-0.187
-0.178
-0.175
-0.173
-0.171
-0.17
-0.168
-0.167
-0.166
-0.166
-0.165
-0.164
-0.163
-0.161
-0.16
-0.159
-0.158
-0.157
-0.155
-0.153
-0.15
-0.148
-0.144
-0.14
-0.134
-0.118
-0.104
-0.091
-0.081
-0.072
-0.064
-0.055
-0.044
-0.033
-0.025
-0.018
-0.012
-0.006
0.0
0.003
0.007
0.01
0.014
0.02
0.026
0.032
0.04
0.048
0.057
0.071
0.09
0.115
0.127
0.134
0.14
0.145
0.149
0.152
0.155
0.158
0.16
0.162
0.163
0.164
0.165
0.166
0.166
0.167
0.168
0.17
0.173
0.174
0.174
0.173
0.17
0.166
0.161
0.156
0.149
0.142
0.135
0.128
0.122
0.117
0.113
0.109
0.106
0.102
0.099
0.097
0.095
0.093
0.092
0.091
0.09
0.09
0.091
0.093
0.095
0.098
0.101
0.105
0.108
0.112
0.115
0.118
0.12
0.12
0.119
0.117
0.114
0.109
0.103
0.098
0.092
0.084
0.078
0.071
0.064
0.058
0.053
0.048
0.044
0.039
0.035
0.031
0.027
0.021
0.014
0.008
0.004
0.001
-0.002
-0.006
-0.011
-0.017
-0.026
-0.04
-0.061
-0.078
-0.091
-0.104
-0.121
-0.142
-0.162
-0.184
-0.201
-0.211
-0.221
-0.23
-0.242
-0.255
-0.265
-0.272
-0.278
-0.285
-0.294
-0.303
-0.321
-0.344
-0.379
-0.413
-0.437
-0.464
-0.49
-0.528
-0.563
-0.584
-0.607
-0.629
-0.65
-0.672
-0.693
-0.717
-0.744
-0.767
-0.784
-0.797
-0.81
-0.826
-0.845
-0.862
-0.882
-0.901
-0.914
-0.928
-0.941
-0.954
-0.955
-0.949
-0.933
-0.9
-0.867
-0.832
-0.811
-0.774
-0.736
-0.712
-0.684
-0.659
-0.647
-0.641
-0.636
-0.631
-0.627
-0.621
-0.613
-0.596
-0.568
-0.546
-0.53
-0.517
-0.498
-0.475
-0.452
-0.425
-0.395
-0.365
-0.341
-0.324
-0.315
-0.308
-0.3
-0.287
-0.275
-0.266
-0.259
-0.251
-0.24
-0.228
-0.22
-0.216
-0.213
-0.211
-0.209
-0.206
-0.202
-0.198
-0.194
-0.189
-0.178
-0.158
-0.14
-0.128
-0.123
-0.12
-0.117
-0.115
-0.114
-0.114
-0.118
-0.124
-0.131
-0.136
-0.142
-0.149
-0.154
-0.158
-0.16
-0.163
-0.166
-0.17
-0.168
-0.152
-0.112
-0.052
0.025
0.115
0.205
0.288
0.336
0.353
0.335
0.278
0.167
0.033
-0.104
-0.222
-0.289
-0.312
-0.298
-0.253
-0.196
-0.143
-0.122
-0.116
-0.113
-0.11
-0.105
-0.1
-0.094
-0.088
-0.079
-0.061
-0.026
-0.007
0.002
0.009
0.016
0.022
0.028
0.033
0.038
0.044
0.053
0.063
0.073
0.085
0.099
0.109
0.116
0.121
0.126
0.132
0.139
0.147
0.158
0.173
0.188
0.197
0.204
0.21
0.216
0.223
0.229
0.235
0.245
0.258
0.272
0.278
0.281
0.283
0.285
0.287
0.29
0.293
0.297
0.3
0.303
0.306
0.31
0.312
0.315
0.319
0.323
0.328
0.331
0.335
0.338
0.339
0.339
0.339
0.337
0.335
0.332
0.328
0.323
0.318
0.311
0.302
0.292
0.286
0.28
0.271
0.254
0.242
0.236
0.232
0.229
0.223
0.218
0.213
0.208
0.2
0.189
0.181
0.175
0.172
0.17
0.168
0.167
0.167
0.167
0.167
0.167
0.167
0.166
0.165
0.165
0.164
0.163
0.161
0.159
0.157
0.154
0.15
0.143
0.138
0.136
0.133
0.132
0.132
0.131
0.13
0.129
0.127
0.126
0.126
0.124
0.122
0.119
0.117
0.113
0.108
0.103
0.097
0.092
0.087
0.082
0.076
0.066
0.053
0.045
0.042
0.04
0.039
0.039
0.039
0.04
0.041
0.04
0.039
0.038
0.036
0.034
0.031
0.028
0.025
0.02
0.014
0.011
0.01
0.007
0.004
0.001
0.0
-0.005
-0.011
-0.02
-0.028
-0.04
-0.057
-0.064
-0.066
-0.067
-0.068
-0.07
-0.071
-0.073
-0.074
-0.075
-0.076
-0.077
-0.078
-0.081
-0.086
-0.094
-0.103
-0.113
-0.124
-0.131
-0.136
-0.139
-0.143
-0.148
-0.151
-0.152
-0.154
-0.156
-0.158
-0.158
-0.157
-0.156
-0.157
-0.158
-0.158
-0.161
-0.164
-0.167
-0.171
-0.176
-0.186
-0.207
-0.228
-0.247
-0.266
-0.285
-0.297
-0.304
-0.311
-0.319
-0.328
-0.341
-0.362
-0.383
-0.405
-0.425
-0.44
-0.452
-0.461
-0.469
-0.474
-0.471
-0.462
-0.447
-0.426
-0.404
-0.382
-0.36
-0.337
-0.314
-0.292
-0.273
-0.26
-0.254
-0.252
-0.252
-0.253
-0.254
-0.254
-0.251
-0.248
-0.244
-0.241
-0.237
-0.231
-0.22
-0.209
-0.193
-0.172
-0.156
-0.147
-0.14
-0.134
-0.129
-0.112
-0.079
-0.033
0.022
0.085
0.151
0.216
0.27
0.295
0.293
0.26
0.196
0.106
0.002
-0.107
-0.21
-0.273
-0.294
-0.276
-0.224
-0.155
-0.092
-0.075
-0.07
-0.066
-0.059
-0.054
-0.05
-0.047
-0.042
-0.035
-0.037
-0.051
-0.068
-0.09
-0.112
-0.127
-0.135
-0.139
-0.142
-0.139
-0.129
-0.113
-0.092
-0.076
-0.063
-0.049
-0.032
-0.01
0.006
0.016
0.026
0.037
0.041
0.045
0.048
0.052
0.055
0.057
0.058
0.058
0.058
0.058
0.058
0.06
0.061
0.062
0.061
0.059
0.057
0.055
0.053
0.05
0.046
0.043
0.02
-0.011
-0.053
-0.1
-0.149
-0.194
-0.231
-0.254
-0.281
-0.298
-0.303
-0.306
-0.309
-0.311
-0.312
-0.312
-0.311
-0.309
-0.304
-0.299
-0.295
-0.291
-0.282
-0.271
-0.257
-0.236
-0.209
-0.168
-0.126
-0.099
-0.07
-0.042
-0.018
0.006
0.029
0.045
0.062
0.074
0.084
0.093
0.102
0.118
0.143
0.164
0.176
0.184
0.19
0.196
0.203
0.213
0.226
0.238
0.25
0.261
0.272
0.281
0.284
0.285
0.287
0.29
0.293
0.296
0.298
0.3
0.301
0.3
0.299
0.297
0.295
0.294
0.293
0.294
0.295
0.297
0.299
0.301
0.302
0.302
0.302
0.301
0.301
0.304
0.307
0.3
0.289
0.284
0.28
0.277
0.274
0.27
0.266
0.262
0.258
0.254
0.251
0.249
0.247
0.247
0.246
0.244
0.242
0.238
0.235
0.232
0.23
0.227
0.225
0.223
0.222
0.22
0.218
0.216
0.214
0.212
0.21
0.207
0.206
0.204
0.202
0.2
0.198
0.195
0.193
0.191
0.188
0.184
0.181
0.179
0.177
0.176
0.173
0.169
0.164
0.155
0.143
0.129
0.117
0.107
0.098
0.088
0.079
0.075
0.072
0.069
0.066
0.063
0.061
0.06
0.059
0.058
0.057
0.056
0.056
0.054
0.052
0.05
0.047
0.043
0.04
0.037
0.036
0.035
0.034
0.033
0.031
0.029
0.026
0.023
0.02
0.017
0.015
0.014
0.013
0.012
0.01
0.008
0.005
0.002
-0.004
-0.011
-0.017
-0.022
-0.027
-0.031
-0.034
-0.037
-0.04
-0.042
-0.043
-0.045
-0.046
-0.046
-0.047
-0.048
-0.049
-0.049
-0.049
-0.048
-0.046
-0.044
-0.041
-0.037
-0.032
-0.025
0.004
0.046
0.103
0.169
0.238
0.302
0.352
0.369
0.355
0.313
0.216
0.09
-0.035
-0.135
-0.188
-0.206
-0.215
-0.216
-0.211
-0.201
-0.185
-0.159
-0.13
-0.111
-0.104
-0.1
-0.097
-0.095
-0.096
-0.098
-0.101
-0.104
-0.106
-0.11
-0.114
-0.117
-0.119
-0.119
-0.118
-0.114
-0.108
-0.101
-0.095
-0.089
-0.083
-0.074
-0.066
-0.063
-0.062
-0.061
-0.059
-0.057
-0.056
-0.054
-0.053
-0.053
-0.053
-0.053
-0.052
-0.05
-0.047
-0.042
-0.033
-0.011
0.004
0.012
0.018
0.024
0.028
0.032
0.035
0.036
0.039
0.041
0.043
0.044
0.046
0.047
0.048
0.049
0.05
0.051
0.052
0.052
0.053
0.053
0.053
0.054
0.054
0.055
0.057
0.057
0.055
0.05
0.043
0.036
0.026
0.009
-0.005
-0.015
-0.022
-0.028
-0.034
-0.043
-0.052
-0.06
-0.064
-0.069
-0.073
-0.076
-0.079
-0.082
-0.084
-0.086
-0.087
-0.088
-0.089
-0.089
-0.089
-0.089
-0.089
-0.089
-0.089
-0.088
-0.087
-0.085
-0.083
-0.08
-0.078
-0.075
-0.074
-0.074
-0.074
-0.074
-0.075
-0.076
-0.076
-0.074
-0.072
-0.07
-0.068
-0.066
-0.065
-0.065
-0.067
-0.069
-0.072
-0.076
-0.08
-0.083
-0.086
-0.088
-0.09
-0.091
-0.093
-0.096
-0.099
-0.102
-0.103
-0.102
-0.1
-0.097
-0.093
-0.089
-0.086
-0.084
-0.081
-0.078
-0.075
-0.073
-0.073
-0.073
-0.074
-0.077
-0.081
-0.085
-0.088
-0.092
-0.095
-0.097
-0.098
-0.099
-0.1
-0.1
-0.1
-0.101
-0.102
-0.103
-0.104
-0.104
-0.104
-0.104
-0.104
-0.105
-0.105
-0.106
-0.107
-0.108
-0.109
-0.11
-0.111
-0.112
-0.113
-0.114
-0.114
-0.114
-0.114
-0.114
-0.114
-0.114
-0.114
-0.114
-0.114
-0.112
-0.11
-0.107
-0.104
-0.1
-0.097
-0.094
-0.092
-0.09
-0.089
-0.088
-0.088
-0.088
-0.087
-0.086
-0.084
-0.081
-0.079
-0.076
-0.074
-0.072
-0.071
-0.07
-0.069
-0.068
-0.067
-0.065
-0.064
-0.063
-0.062
-0.06
-0.059
-0.057
-0.055
-0.052
-0.05
-0.048
-0.046
-0.046
-0.047
-0.051
-0.056
-0.063
-0.07
-0.076
-0.081
-0.084
-0.088
-0.092
-0.095
-0.099
-0.103
-0.105
-0.107
-0.107
-0.106
-0.104
-0.102
-0.101
-0.1
-0.099
-0.099
-0.098
-0.098
-0.097
-0.096
-0.092
-0.09
-0.095
-0.106
-0.117
-0.13
-0.13
-0.112
-0.064
0.002
0.085
0.174
0.256
0.319
0.34
0.328
0.29
0.194
0.077
-0.031
-0.113
-0.139
-0.145
-0.148
-0.151
-0.153
-0.154
-0.152
-0.147
-0.139
-0.132
-0.125
-0.118
-0.11
-0.103
-0.097
-0.09
-0.083
-0.076
-0.071
-0.066
-0.063
-0.06
-0.059
-0.057
-0.055
-0.053
-0.051
-0.049
-0.047
-0.047
-0.046
-0.046
-0.045
-0.045
-0.044
-0.043
-0.042
-0.04
-0.038
-0.035
-0.032
-0.028
-0.024
-0.018
-0.007
0.003
0.012
0.018
0.023
0.027
0.031
0.034
0.036
0.038
0.041
0.045
0.048
0.052
0.056
0.06
0.062
0.065
0.068
0.071
0.076
0.08
0.086
0.091
0.096
0.099
0.101
0.102
0.102
0.101
0.098
0.095
0.092
0.089
0.086
0.082
0.079
0.075
0.07
0.062
0.053
0.045
0.039
0.034
0.029
0.023
0.018
0.012
0.006
0.0
-0.005
-0.013
-0.022
-0.031
-0.041
-0.046
-0.05
-0.053
-0.055
-0.057
-0.058
-0.058
-0.057
-0.056
-0.055
-0.053
-0.05
-0.047
-0.045
-0.043
-0.04
-0.038
-0.035
-0.032
-0.028
-0.025
-0.023
-0.02
-0.018
-0.016
-0.014
-0.013
-0.012
-0.011
-0.009
-0.008
-0.007
-0.006
-0.004
-0.001
0.001
0.004
0.006
0.007
0.008
0.009
0.01
0.012
0.015
0.016
0.018
0.021
0.025
0.029
0.032
0.034
0.033
0.03
0.027
0.023
0.02
0.018
0.014
0.01
0.006
0.003
0.003
0.004
0.007
0.01
0.013
0.016
0.02
0.026
0.032
0.035
0.035
0.029
0.021
0.013
0.009
0.004
0.0
-0.003
-0.008
-0.011
-0.014
-0.015
-0.015
-0.014
-0.012
-0.01
-0.007
-0.004
0.0
0.003
0.007
0.011
0.018
0.025
0.03
0.031
0.029
0.025
0.02
0.016
0.011
0.006
0.005
0.008
0.014
0.019
0.021
0.022
0.024
0.026
0.028
0.03
0.032
0.034
0.036
0.039
0.04
0.042
0.042
0.042
0.042
0.041
0.04
0.039
0.038
0.036
0.035
0.035
0.036
0.036
0.036
0.037
0.036
0.036
0.034
0.033
0.031
0.029
0.027
0.025
0.024
0.022
0.02
0.019
0.018
0.018
0.018
0.018
0.017
0.017
0.015
0.014
0.012
0.01
0.007
0.005
0.003
0.001
0.0
0.0
0.0
-0.001
-0.002
-0.003
-0.004
-0.006
-0.012
-0.016
-0.012
-0.001
0.03
0.074
0.131
0.2
0.28
0.364
0.439
0.48
0.476
0.417
0.292
0.142
-0.006
-0.127
-0.179
-0.197
-0.181
-0.156
-0.126
-0.095
-0.068
-0.053
-0.044
-0.038
-0.036
-0.037
-0.04
-0.044
-0.048
-0.055
-0.059
-0.054
-0.045
-0.035
-0.022
-0.013
-0.009
-0.008
-0.007
-0.005
-0.004
-0.003
-0.002
-0.001
-0.001
0.0
0.0
0.0
0.001
0.002
0.003
0.005
0.006
0.007
0.009
0.011
0.013
0.016
0.018
0.021
0.024
0.027
0.031
0.035
0.038
0.041
0.042
0.044
0.046
0.049
0.053
0.058
0.068
0.083
0.095
0.103
0.11
0.117
0.123
0.128
0.132
0.136
0.139
0.142
0.144
0.144
0.141
0.136
0.129
0.123
0.119
0.114
0.108
0.103
0.099
0.095
0.093
0.09
0.088
0.086
0.083
0.08
0.078
0.076
0.072
0.069
0.066
0.062
0.057
0.05
0.039
0.03
0.019
0.001
-0.01
-0.016
-0.021
-0.024
-0.024
-0.021
-0.017
-0.01
0.001
0.02
0.03
0.036
0.04
0.041
0.04
0.037
0.032
0.023
0.009
0.002
-0.002
-0.005
-0.007
-0.006
-0.002
0.004
0.012
0.018
0.026
0.033
0.037
0.039
0.041
0.042
0.043
0.043
0.043
0.044
0.045
0.045
0.046
0.047
0.048
0.052
0.049
0.041
0.038
0.035
0.033
0.032
0.031
0.03
0.028
0.026
0.024
0.022
0.021
0.02
0.019
0.017
0.014
0.011
0.008
0.007
0.007
0.008
0.009
0.01
0.011
0.013
0.015
0.017
0.018
0.017
0.014
0.011
0.008
0.006
0.004
0.002
0.0
-0.001
-0.003
-0.004
-0.005
-0.006
-0.008
-0.009
-0.01
-0.01
-0.011
-0.011
-0.012
-0.013
-0.014
-0.015
-0.016
-0.02
-0.023
-0.019
-0.012
-0.006
-0.001
0.003
0.007
0.01
0.012
0.015
0.017
0.019
0.022
0.025
0.029
0.033
0.037
0.039
0.043
0.046
0.049
0.05
0.049
0.047
0.044
0.041
0.038
0.036
0.034
0.032
0.029
0.027
0.026
0.026
0.026
0.027
0.028
0.029
0.03
0.032
0.036
0.039
0.041
0.039
0.035
0.028
0.023
0.016
0.011
0.011
0.013
0.016
0.02
0.024
0.023
0.015
0.008
0.003
0.0
-0.002
0.0
0.004
0.013
0.037
0.075
0.118
0.163
0.216
0.277
0.345
0.406
0.422
0.412
0.342
0.225
0.09
-0.04
-0.136
-0.179
-0.194
-0.185
-0.16
-0.114
-0.073
-0.06
-0.053
-0.048
-0.046
-0.045
-0.044
-0.042
-0.041
-0.039
-0.038
-0.037
-0.037
-0.037
-0.037
-0.037
-0.037
-0.036
-0.036
-0.037
-0.037
-0.037
-0.038
-0.038
-0.038
-0.037
-0.036
-0.036
-0.036
-0.035
-0.035
-0.034
-0.033
-0.032
-0.031
-0.03
-0.027
-0.023
-0.018
-0.012
-0.007
-0.004
-0.002
0.0
0.003
0.005
0.007
0.009
0.011
0.012
0.014
0.017
0.019
0.022
0.024
0.029
0.039
0.052
0.06
0.066
0.072
0.075
0.075
0.073
0.068
0.063
0.059
0.055
0.051
0.046
0.041
0.035
0.03
0.024
0.02
0.016
0.012
0.008
0.005
0.002
0.0
-0.003
-0.005
-0.008
-0.011
-0.014
-0.02
-0.031
-0.044
-0.058
-0.07
-0.074
-0.076
-0.077
-0.079
-0.079
-0.079
-0.075
-0.069
-0.063
-0.059
-0.055
-0.051
-0.047
-0.044
-0.042
-0.043
-0.045
-0.047
-0.05
-0.052
-0.053
-0.056
-0.059
-0.061
-0.061
-0.06
-0.057
-0.051
-0.046
-0.041
-0.038
-0.034
-0.029
-0.026
-0.023
-0.021
-0.019
-0.018
-0.018
-0.017
-0.018
-0.019
-0.02
-0.021
-0.022
-0.022
-0.023
-0.026
-0.03
-0.032
-0.032
-0.028
-0.021
-0.015
-0.011
-0.008
-0.003
0.001
0.004
0.006
0.006
0.003
0.001
0.0
-0.002
-0.003
-0.005
-0.008
-0.012
-0.015
-0.015
-0.015
-0.014
-0.014
-0.014
-0.013
-0.013
-0.011
-0.009
-0.008
-0.007
-0.007
-0.009
-0.011
-0.013
-0.014
-0.016
-0.018
-0.02
-0.022
-0.024
-0.025
-0.026
-0.026
-0.027
-0.027
-0.028
-0.029
-0.03
-0.031
-0.034
-0.039
-0.042
-0.04
-0.036
-0.034
-0.031
-0.029
-0.028
-0.027
-0.027
-0.027
-0.028
-0.029
-0.031
-0.033
-0.036
-0.04
-0.039
-0.031
-0.022
-0.016
-0.011
-0.007
-0.003
0.0
0.002
0.002
0.001
0.0
-0.001
-0.003
-0.005
-0.008
-0.01
-0.013
-0.015
-0.018
-0.02
-0.022
-0.023
-0.024
-0.024
-0.024
-0.025
-0.026
-0.028
-0.029
-0.03
-0.031
-0.031
-0.03
-0.03
-0.028
-0.024
-0.021
-0.025
-0.031
-0.035
-0.037
-0.039
-0.041
-0.043
-0.045
-0.046
-0.047
-0.048
-0.048
-0.047
-0.045
-0.043
-0.04
-0.037
-0.032
-0.024
-0.005
0.026
0.065
0.109
0.161
0.224
0.299
0.367
0.4
0.399
0.358
0.264
0.145
0.017
-0.093
-0.159
-0.18
-0.172
-0.148
-0.116
-0.107
-0.102
-0.098
-0.094
-0.092
-0.089
-0.081
-0.061
-0.043
-0.032
-0.028
-0.034
-0.045
-0.052
-0.057
-0.061
-0.064
-0.066
-0.067
-0.066
-0.064
-0.061
-0.058
-0.055
-0.052
-0.05
-0.048
-0.045
-0.043
-0.041
-0.039
-0.037
-0.035
-0.033
-0.031
-0.03
-0.028
-0.027
-0.026
-0.025
-0.024
-0.024
-0.023
-0.023
-0.021
-0.019
-0.017
-0.015
-0.013
-0.01
-0.007
-0.003
0.0
0.004
0.009
0.014
0.022
0.032
0.041
0.05
0.066
0.085
0.092
0.096
0.1
0.103
0.105
0.104
0.101
0.097
0.092
0.087
0.083
0.077
0.07
0.062
0.055
0.048
0.041
0.035
0.029
0.022
0.015
0.009
0.003
-0.002
-0.008
-0.014
-0.02
-0.026
-0.031
-0.036
-0.039
-0.041
-0.044
-0.047
-0.049
-0.051
-0.053
-0.054
-0.055
-0.056
-0.056
-0.056
-0.056
-0.056
-0.056
-0.057
-0.057
-0.057
-0.057
-0.057
-0.057
-0.056
-0.056
-0.055
-0.055
-0.054
-0.054
-0.054
-0.054
-0.054
-0.054
-0.053
-0.052
-0.051
-0.049
-0.048
-0.046
-0.043
-0.039
-0.034
-0.028
-0.022
-0.018
-0.013
-0.009
-0.007
-0.008
-0.011
-0.015
-0.019
-0.023
-0.026
-0.028
-0.029
-0.028
-0.028
-0.027
-0.025
-0.022
-0.033
-0.04
-0.044
-0.048
-0.05
-0.051
-0.049
-0.047
-0.044
-0.041
-0.039
-0.038
-0.038
-0.037
-0.037
-0.036
-0.037
-0.037
-0.037
-0.036
-0.035
-0.034
-0.032
-0.031
-0.03
-0.029
-0.028
-0.026
-0.025
-0.023
-0.022
-0.02
-0.019
-0.014
-0.009
-0.003
-0.001
-0.001
-0.003
-0.006
-0.007
-0.008
-0.01
-0.011
-0.014
-0.016
-0.018
-0.019
-0.02
-0.02
-0.019
-0.017
-0.014
-0.01
-0.006
-0.002
0.0
0.002
0.004
0.006
0.009
0.011
0.013
0.016
0.018
0.02
0.022
0.024
0.025
0.025
0.023
0.022
0.02
0.018
0.017
0.015
0.014
0.013
0.012
0.012
0.013
0.013
0.012
0.011
0.008
0.006
0.004
0.001
0.0
-0.002
-0.004
-0.006
-0.007
-0.007
-0.007
-0.008
-0.008
-0.009
-0.011
-0.012
-0.014
-0.016
-0.019
-0.021
-0.022
-0.023
-0.023
-0.022
-0.021
-0.02
-0.018
-0.015
-0.012
-0.009
-0.006
0.011
0.054
0.115
0.192
0.28
0.365
0.419
0.437
0.419
0.363
0.256
0.129
0.004
-0.092
-0.143
-0.16
-0.149
-0.132
-0.106
-0.09
-0.082
-0.076
-0.071
-0.066
-0.062
-0.059
-0.055
-0.05
-0.039
-0.017
-0.004
0.001
0.006
0.008
0.009
0.009
0.008
0.006
0.005
0.004
0.002
0.0
0.0
-0.002
-0.003
-0.004
-0.004
-0.003
