0.139
0.135
0.132
0.129
0.126
0.123
0.121
0.119
0.118
0.118
0.117
0.114
0.11
0.106
0.103
0.101
0.099
0.097
0.096
0.094
0.093
0.094
0.095
0.095
0.095
0.095
0.094
0.094
0.094
0.093
0.092
0.091
0.091
0.091
0.091
0.093
0.094
0.096
0.099
0.104
0.101
0.079
0.06
0.041
0.031
0.035
0.046
0.079
0.17
0.309
0.488
0.671
0.827
0.895
0.887
0.773
0.563
0.33
0.128
-0.005
-0.037
-0.033
0.019
0.067
0.086
0.09
0.091
0.092
0.093
0.094
0.095
0.095
0.095
0.094
0.093
0.093
0.094
0.094
0.095
0.095
0.096
0.098
0.101
0.104
0.108
0.112
0.115
0.118
0.124
0.136
0.148
0.155
0.16
0.167
0.176
0.175
0.159
0.148
0.141
0.133
0.127
0.124
0.123
0.123
0.123
0.122
0.12
0.117
0.116
0.116
0.122
0.131
0.139
0.145
0.152
0.159
0.166
0.171
0.172
0.171
0.169
0.166
0.164
0.163
0.161
0.158
0.155
0.152
0.148
0.146
0.143
0.139
0.135
0.13
0.123
0.111
0.102
0.095
0.088
0.08
0.07
0.058
0.046
0.035
0.026
0.017
0.011
0.006
0.001
-0.002
-0.008
-0.014
-0.02
-0.025
-0.031
-0.038
-0.045
-0.051
-0.056
-0.059
-0.061
-0.064
-0.067
-0.069
-0.072
-0.074
-0.075
-0.076
-0.078
-0.082
-0.084
-0.08
-0.07
-0.064
-0.06
-0.056
-0.052
-0.049
-0.045
-0.041
-0.037
-0.032
-0.025
-0.015
-0.01
-0.007
-0.005
-0.002
-0.001
-0.007
-0.017
-0.023
-0.027
-0.031
-0.035
-0.037
-0.038
-0.039
-0.039
-0.038
-0.035
-0.032
-0.028
-0.019
-0.005
0.002
0.008
0.008
-0.001
-0.029
-0.06
-0.094
-0.132
-0.143
-0.149
-0.139
-0.076
0.026
0.164
0.333
0.517
0.681
0.764
0.765
0.685
0.507
0.28
0.057
-0.114
-0.212
-0.239
-0.235
-0.205
-0.178
-0.15
-0.123
-0.108
-0.101
-0.096
-0.092
-0.09
-0.089
-0.089
-0.09
-0.092
-0.096
-0.1
-0.105
-0.11
-0.12
-0.125
-0.121
-0.113
-0.099
-0.079
-0.063
-0.051
-0.034
-0.018
-0.003
-0.002
-0.013
-0.028
-0.049
-0.06
-0.067
-0.072
-0.074
-0.074
-0.071
-0.067
-0.063
-0.058
-0.052
-0.045
-0.038
-0.03
-0.015
0.007
0.023
0.034
0.044
0.053
0.059
0.064
0.068
0.072
0.077
0.083
0.088
0.094
0.1
0.11
0.118
0.125
0.13
0.137
0.145
0.144
0.13
0.108
0.087
0.078
0.072
0.066
0.058
0.048
0.039
0.027
0.021
0.023
0.027
0.032
0.037
0.037
0.034
0.031
0.029
0.026
0.021
0.015
0.002
-0.008
-0.015
-0.01
0.006
0.016
0.023
0.029
0.034
0.038
0.04
0.04
0.038
0.037
0.035
0.032
0.038
0.043
0.045
0.048
0.051
0.054
0.057
0.06
0.064
0.07
0.078
0.085
0.097
0.108
0.111
0.113
0.115
0.116
0.117
0.118
0.119
0.119
0.12
0.121
0.122
0.123
0.123
0.123
0.122
0.121
0.12
0.118
0.116
0.111
0.111
0.121
0.128
0.133
0.137
0.14
0.141
0.138
0.134
0.126
0.101
0.067
0.033
0.01
0.002
0.014
0.052
0.134
0.255
0.41
0.579
0.732
0.806
0.802
0.705
0.499
0.244
0.008
-0.159
-0.213
-0.213
-0.158
-0.091
-0.046
-0.029
-0.018
-0.005
0.016
0.043
0.052
0.056
0.059
0.051
0.045
0.041
0.038
0.036
0.034
0.033
0.031
0.031
0.03
0.029
0.028
0.026
0.024
0.021
0.02
0.021
0.024
0.026
0.028
0.029
0.03
0.031
0.031
0.032
0.033
0.035
0.035
0.036
0.036
0.038
0.04
0.029
0.02
0.013
0.008
0.006
0.005
0.005
0.005
0.004
0.003
0.011
0.021
0.029
0.029
0.023
0.019
0.016
0.013
0.009
0.005
0.0
-0.009
-0.024
-0.034
-0.04
-0.046
-0.053
-0.063
-0.079
-0.089
-0.096
-0.102
-0.109
-0.118
-0.133
-0.155
-0.172
-0.185
-0.198
-0.203
-0.207
-0.211
-0.214
-0.217
-0.219
-0.221
-0.221
-0.221
-0.221
-0.221
-0.22
-0.218
-0.216
-0.213
-0.209
-0.205
-0.199
-0.186
-0.176
-0.166
-0.156
-0.142
-0.127
-0.112
-0.097
-0.088
-0.081
-0.075
-0.071
-0.069
-0.07
-0.072
-0.076
-0.079
-0.083
-0.089
-0.093
-0.09
-0.086
-0.084
-0.082
-0.08
-0.078
-0.077
-0.076
-0.076
-0.076
-0.077
-0.078
-0.081
-0.084
-0.089
-0.095
-0.107
-0.118
-0.128
-0.135
-0.142
-0.148
-0.154
-0.16
-0.167
-0.176
-0.188
-0.199
-0.209
-0.214
-0.212
-0.206
-0.191
-0.148
-0.078
0.027
0.166
0.322
0.468
0.563
0.569
0.502
0.311
0.061
-0.181
-0.361
-0.424
-0.427
-0.378
-0.316
-0.262
-0.235
-0.228
-0.223
-0.218
-0.214
-0.21
-0.205
-0.2
-0.195
-0.19
-0.183
-0.175
-0.168
-0.158
-0.151
-0.146
-0.143
-0.141
-0.139
-0.137
-0.135
-0.134
-0.133
-0.134
-0.136
-0.137
-0.138
-0.14
-0.142
-0.145
-0.147
-0.147
-0.142
-0.135
-0.127
-0.119
-0.111
-0.103
-0.097
-0.091
-0.086
-0.082
-0.079
-0.076
-0.073
-0.069
-0.066
-0.062
-0.059
-0.055
-0.05
-0.043
-0.035
-0.027
-0.02
-0.012
-0.003
0.004
0.012
0.017
0.023
0.027
0.029
0.029
0.025
0.02
0.013
0.005
-0.005
-0.016
-0.027
-0.035
-0.042
-0.048
-0.054
-0.059
-0.066
-0.088
-0.125
-0.145
-0.156
-0.162
-0.167
-0.169
-0.169
-0.164
-0.157
-0.149
-0.139
-0.124
-0.123
-0.134
-0.145
-0.157
-0.167
-0.177
-0.187
-0.193
-0.197
-0.202
-0.202
-0.189
-0.174
-0.158
-0.146
-0.129
-0.111
-0.102
-0.096
-0.094
-0.096
-0.1
-0.103
-0.106
-0.109
-0.111
-0.112
-0.111
-0.105
-0.099
-0.091
-0.084
-0.073
-0.063
-0.055
-0.048
-0.043
-0.039
-0.036
-0.033
-0.029
-0.024
-0.019
-0.015
-0.009
0.0
0.013
0.02
0.024
0.026
0.028
0.029
0.029
0.025
0.02
0.012
-0.001
-0.024
-0.045
-0.06
-0.068
-0.073
-0.055
0.0
0.107
0.257
0.437
0.622
0.777
0.855
0.817
0.653
0.394
0.109
-0.115
-0.199
-0.2
-0.118
-0.007
0.06
0.069
0.043
-0.01
-0.032
-0.039
-0.023
0.024
0.075
0.092
0.098
0.103
0.103
0.096
0.09
0.084
0.086
0.102
0.123
0.149
0.163
0.171
0.175
0.174
0.167
0.157
0.144
0.128
0.114
0.105
0.098
0.093
0.09
0.087
0.085
0.083
0.082
0.08
0.078
0.076
0.077
0.081
0.088
0.095
0.102
0.108
0.115
0.122
0.128
0.134
0.141
0.154
0.178
0.195
0.206
0.216
0.224
0.237
0.253
0.26
0.264
0.268
0.27
0.271
0.271
0.27
0.267
0.262
0.258
0.253
0.248
0.24
0.231
0.222
0.213
0.207
0.202
0.197
0.192
0.187
0.182
0.177
0.173
0.167
0.156
0.139
0.126
0.112
0.1
0.088
0.082
0.077
0.074
0.071
0.069
0.066
0.064
0.061
0.058
0.055
0.053
0.051
0.049
0.046
0.042
0.04
0.04
0.041
0.044
0.046
0.049
0.053
0.056
0.062
0.067
0.07
0.071
0.072
0.072
0.073
0.075
0.076
0.077
0.077
0.076
0.076
0.076
0.076
0.076
0.076
0.074
0.073
0.072
0.072
0.072
0.072
0.072
0.071
0.07
0.07
0.071
0.074
0.077
0.079
0.083
0.09
0.093
0.09
0.081
0.067
0.045
0.031
0.022
0.018
0.024
0.043
0.094
0.188
0.317
0.471
0.63
0.761
0.801
0.784
0.656
0.436
0.19
-0.024
-0.173
-0.214
-0.211
-0.153
-0.093
-0.07
-0.063
-0.081
-0.097
-0.11
-0.118
-0.118
-0.11
-0.098
-0.086
-0.071
-0.069
-0.076
-0.093
-0.133
-0.176
-0.213
-0.236
-0.259
-0.283
-0.308
-0.328
-0.337
-0.342
-0.348
-0.359
-0.371
-0.379
-0.385
-0.39
-0.395
-0.399
-0.403
-0.405
-0.407
-0.409
-0.411
-0.414
-0.417
-0.421
-0.427
-0.43
-0.424
-0.411
-0.392
-0.366
-0.343
-0.321
-0.3
-0.278
-0.259
-0.246
-0.24
-0.236
-0.233
-0.231
-0.229
-0.224
-0.218
-0.21
-0.201
-0.189
-0.18
-0.174
-0.169
-0.165
-0.162
-0.159
-0.16
-0.163
-0.169
-0.175
-0.182
-0.19
-0.199
-0.206
-0.212
-0.225
-0.242
-0.254
-0.263
-0.251
-0.236
-0.223
-0.211
-0.203
-0.197
-0.192
-0.191
-0.192
-0.193
-0.194
-0.195
-0.195
-0.196
-0.197
-0.197
-0.193
-0.187
-0.181
-0.176
-0.169
-0.163
-0.158
-0.154
-0.15
-0.147
-0.144
-0.141
-0.138
-0.133
-0.128
-0.121
-0.11
-0.094
-0.081
-0.068
-0.056
-0.048
-0.043
-0.039
-0.036
-0.031
-0.025
-0.018
-0.004
0.02
0.041
0.055
0.063
0.067
0.07
0.072
0.074
0.077
0.081
0.085
0.091
0.097
0.112
0.134
0.144
0.15
0.154
0.153
0.145
0.134
0.122
0.108
0.106
0.115
0.138
0.202
0.3
0.437
0.603
0.774
0.915
0.961
0.947
0.826
0.617
0.371
0.148
0.002
-0.042
-0.004
0.064
0.132
0.174
0.19
0.205
0.214
0.22
0.225
0.229
0.233
0.236
0.238
0.24
0.242
0.243
0.245
0.247
0.249
0.252
0.254
0.256
0.259
0.262
0.267
0.272
0.279
0.289
0.306
0.312
0.314
0.316
0.318
0.319
0.32
0.321
0.322
0.322
0.32
0.316
0.312
0.307
0.3
0.289
0.283
0.281
0.276
0.281
0.303
0.324
0.337
0.345
0.351
0.356
0.36
0.364
0.367
0.371
0.375
0.377
0.379
0.377
0.373
0.367
0.359
0.344
0.32
0.302
0.288
0.275
0.259
0.238
0.221
0.208
0.194
0.174
0.152
0.13
0.107
0.096
0.091
0.087
0.085
0.082
0.079
0.076
0.073
0.071
0.069
0.066
0.063
0.058
0.048
0.026
0.017
0.013
0.01
0.006
0.002
0.0
-0.001
-0.002
-0.002
0.0
0.001
0.004
0.008
0.013
0.018
0.022
0.026
0.03
0.035
0.042
0.048
0.053
0.055
0.055
0.054
