-0.041
-0.041
-0.041
-0.041
-0.041
-0.041
-0.042
-0.042
-0.042
-0.043
-0.043
-0.044
-0.045
-0.046
-0.046
-0.047
-0.048
-0.048
-0.049
-0.049
-0.049
-0.049
-0.05
-0.049
-0.049
-0.048
-0.047
-0.046
-0.045
-0.043
-0.042
-0.04
-0.039
-0.037
-0.036
-0.035
-0.033
-0.032
-0.03
-0.029
-0.028
-0.027
-0.026
-0.025
-0.024
-0.023
-0.022
-0.021
-0.02
-0.019
-0.018
-0.017
-0.016
-0.015
-0.014
-0.014
-0.013
-0.012
-0.011
-0.01
-0.009
-0.008
-0.007
-0.006
-0.005
-0.004
-0.003
-0.002
-0.001
0.0
0.0
0.0
0.0
0.0
0.001
0.001
0.001
0.001
0.001
0.001
0.002
0.002
0.003
0.003
0.004
0.006
0.008
0.01
0.014
0.017
0.02
0.022
0.024
0.026
0.027
0.028
0.03
0.031
0.033
0.034
0.035
0.036
0.037
0.037
0.037
0.036
0.036
0.034
0.032
0.029
0.025
0.021
0.016
0.011
0.02
0.046
0.104
0.195
0.324
0.489
0.671
0.84
0.958
0.996
0.942
0.812
0.642
0.475
0.335
0.23
0.15
0.086
0.035
-0.001
-0.02
-0.027
-0.031
-0.034
-0.036
-0.037
-0.038
-0.038
-0.038
-0.039
-0.039
-0.04
-0.04
-0.04
-0.04
-0.039
-0.039
-0.039
-0.039
-0.039
-0.039
-0.039
-0.039
-0.039
-0.039
-0.04
-0.04
-0.039
-0.039
-0.039
-0.039
-0.039
-0.039
-0.039
-0.039
-0.039
-0.039
-0.039
-0.039
-0.038
-0.038
-0.038
-0.037
-0.037
-0.036
-0.036
-0.035
-0.034
-0.033
-0.032
-0.031
-0.03
-0.029
-0.027
-0.026
-0.025
-0.023
-0.022
-0.021
-0.019
-0.018
-0.016
-0.015
-0.014
-0.013
-0.011
-0.01
-0.01
-0.009
-0.008
-0.008
-0.007
-0.007
-0.006
-0.006
-0.005
-0.004
-0.004
-0.003
-0.002
-0.001
0.0
0.0
0.0
0.001
0.001
0.002
0.003
0.003
0.004
0.004
0.005
0.005
0.004
0.004
0.004
0.004
0.003
0.003
0.003
0.002
0.002
0.003
0.003
0.004
0.005
0.006
0.008
0.01
0.012
0.014
0.017
0.021
0.025
0.029
0.033
0.035
0.037
0.037
0.038
0.039
0.04
0.041
0.042
0.043
0.044
0.044
0.044
0.043
0.04
0.037
0.033
0.029
0.023
0.018
0.02
0.037
0.081
0.163
0.284
0.447
0.64
0.835
0.996
1.062
1.057
0.959
0.783
0.588
0.41
0.27
0.171
0.098
0.044
0.008
-0.014
-0.021
-0.027
-0.032
-0.035
-0.036
-0.036
-0.037
-0.038
-0.038
-0.039
-0.039
-0.039
-0.039
-0.038
-0.038
-0.037
-0.037
-0.037
-0.036
-0.036
-0.036
-0.036
-0.036
-0.036
-0.036
-0.036
-0.036
-0.036
-0.036
-0.037
-0.037
-0.038
-0.038
-0.038
-0.038
-0.039
-0.039
-0.04
-0.04
-0.04
-0.04
-0.04
-0.04
-0.04
-0.04
-0.039
-0.038
-0.037
-0.036
-0.035
-0.033
-0.032
-0.03
-0.029
-0.027
-0.025
-0.021
-0.015
-0.01
-0.007
-0.003
0.0
0.001
0.002
0.003
0.004
0.005
0.006
0.006
0.007
0.008
0.009
0.01
0.011
0.012
0.013
0.014
0.015
0.016
0.017
0.017
0.018
0.019
0.02
0.021
0.022
0.023
0.024
0.025
0.026
0.026
0.027
0.027
0.027
0.027
0.027
0.027
0.027
0.027
0.027
0.027
0.027
0.028
0.028
0.029
0.03
0.032
0.033
0.035
0.037
0.039
0.041
0.044
0.046
0.048
0.05
0.052
0.054
0.056
0.057
0.058
0.059
0.059
0.059
0.059
0.059
0.058
0.058
0.057
0.055
0.053
0.05
0.046
0.043
0.039
0.041
0.067
0.122
0.212
0.344
0.516
0.717
0.915
1.07
1.144
1.11
0.977
0.777
0.563
0.374
0.235
0.143
0.084
0.041
0.009
-0.009
-0.017
-0.02
-0.023
-0.025
-0.028
-0.029
-0.031
-0.032
-0.033
-0.034
-0.034
-0.034
-0.034
-0.033
-0.032
-0.032
-0.031
-0.031
-0.03
-0.03
-0.03
-0.029
-0.029
-0.029
-0.029
-0.029
-0.029
-0.03
-0.03
-0.031
-0.032
-0.032
-0.033
-0.034
-0.034
-0.034
-0.035
-0.036
-0.036
-0.037
-0.038
-0.038
-0.039
-0.039
-0.039
-0.039
-0.039
-0.038
-0.036
-0.035
-0.033
-0.031
-0.028
-0.026
-0.023
-0.021
-0.016
-0.011
-0.007
-0.003
0.0
0.003
0.004
0.005
0.007
0.008
0.009
0.01
0.011
0.012
0.013
0.014
0.014
0.015
0.016
0.017
0.017
0.018
0.019
0.019
0.02
0.021
0.021
0.022
0.023
0.024
0.024
0.025
0.025
0.025
0.026
0.026
0.025
0.025
0.024
0.023
0.022
0.021
0.02
0.02
0.02
0.02
0.02
0.021
0.022
0.023
0.025
0.027
0.03
0.032
0.035
0.037
0.04
0.042
0.044
0.046
0.048
0.05
0.051
0.052
0.053
0.053
0.053
0.053
0.052
0.052
0.051
0.05
0.048
0.046
0.043
0.039
0.035
0.03
0.024
0.036
0.068
0.133
0.235
0.377
0.555
0.75
0.93
1.055
1.09
1.02
0.862
0.66
0.46
0.296
0.184
0.112
0.061
0.023
-0.005
-0.019
-0.023
-0.025
-0.027
-0.029
-0.03
-0.03
-0.031
-0.032
-0.032
-0.032
-0.032
-0.031
-0.031
-0.03
-0.029
-0.028
-0.027
-0.026
-0.025
-0.025
-0.024
-0.024
-0.023
-0.023
-0.023
-0.023
-0.023
-0.024
-0.024
-0.025
-0.025
-0.026
-0.027
-0.028
-0.029
-0.03
-0.031
-0.032
-0.033
-0.033
-0.034
-0.034
-0.034
-0.034
-0.033
-0.033
-0.032
-0.031
-0.03
-0.029
-0.027
-0.026
-0.024
-0.023
-0.021
-0.019
-0.017
-0.015
-0.012
-0.009
-0.007
-0.005
-0.003
-0.001
0.0
0.001
0.002
0.003
0.004
0.004
0.005
0.006
0.007
0.007
0.008
0.009
0.01
0.011
0.011
0.012
0.013
0.013
0.014
0.015
0.015
0.016
0.016
0.017
0.017
0.018
0.018
0.017
0.017
0.016
0.016
0.015
0.015
0.015
0.014
0.014
0.014
0.015
0.015
0.016
0.016
0.018
0.019
0.021
0.023
0.027
0.032
0.036
0.039
0.04
0.042
0.043
0.044
0.045
0.046
0.046
0.046
0.047
0.047
0.047
0.046
0.046
0.045
0.043
0.043
0.042
0.04
0.038
0.037
0.038
0.041
0.053
0.106
0.196
0.328
0.502
0.704
0.9
1.046
1.103
1.051
0.903
0.702
0.496
0.326
0.204
0.126
0.074
0.036
0.005
-0.01
-0.016
-0.018
-0.021
-0.023
-0.024
-0.026
-0.026
-0.027
-0.028
-0.029
-0.029
-0.029
-0.029
-0.028
-0.028
-0.027
-0.026
-0.025
-0.024
-0.024
-0.023
-0.022
-0.022
-0.022
-0.022
-0.022
-0.022
-0.022
-0.023
-0.023
-0.024
-0.024
-0.025
-0.026
-0.026
-0.027
-0.027
-0.028
-0.028
-0.028
-0.028
-0.028
-0.028
-0.028
-0.028
-0.027
-0.027
-0.026
-0.025
-0.025
-0.024
-0.022
-0.021
-0.019
-0.018
-0.016
-0.015
-0.013
-0.012
-0.011
-0.009
-0.007
-0.005
-0.004
-0.002
-0.001
0.0
0.0
0.001
0.001
0.002
0.003
0.003
0.004
0.005
0.005
0.006
0.007
0.008
0.01
0.011
0.011
0.012
0.013
0.014
0.014
0.015
0.015
0.015
0.015
0.015
0.014
0.014
0.013
0.012
0.011
0.01
0.01
0.009
0.009
0.009
0.01
0.01
0.011
0.012
0.014
0.016
0.017
0.019
0.021
0.023
0.026
0.028
0.03
0.032
0.034
0.036
0.038
0.039
0.04
0.041
0.041
0.041
0.041
0.041
0.041
0.04
0.039
0.037
0.034
0.032
0.028
0.024
0.019
0.021
0.036
0.076
0.152
0.265
0.418
0.602
0.791
0.947
1.012
1.007
0.913
0.739
0.548
0.377
0.247
0.16
0.097
0.047
0.009
-0.014
-0.022
-0.027
-0.031
-0.035
-0.036
-0.037
-0.037
-0.038
-0.038
-0.039
-0.039
-0.039
-0.039
-0.039
-0.038
-0.037
-0.037
-0.036
-0.035
-0.035
-0.035
-0.034
-0.034
-0.034
-0.034
-0.034
-0.035
-0.035
-0.035
-0.035
-0.035
-0.035
-0.036
-0.036
-0.036
-0.036
-0.036
-0.036
-0.036
-0.037
-0.036
-0.036
-0.036
-0.035
-0.035
-0.034
-0.034
-0.033
-0.032
-0.032
-0.031
-0.03
-0.029
-0.027
-0.026
-0.025
-0.023
-0.022
-0.021
-0.02
-0.018
-0.017
-0.016
-0.015
-0.014
-0.013
-0.011
-0.011
-0.01
-0.009
-0.009
-0.008
-0.008
-0.007
-0.006
-0.005
-0.004
-0.003
-0.001
0.0
0.0
0.0
0.001
0.002
0.003
0.004
0.004
0.005
0.005
0.005
0.005
0.004
0.004
0.003
0.002
0.002
0.001
0.001
0.001
0.0
0.001
0.001
0.002
0.003
0.004
0.006
0.008
0.01
0.012
0.015
0.019
0.023
0.028
0.031
0.033
0.035
0.035
0.036
0.036
0.037
0.038
0.039
0.04
0.041
0.041
0.041
0.04
0.039
0.036
0.033
0.028
0.024
0.017
0.01
0.018
0.04
0.094
0.181
0.306
0.468
0.648
0.82
0.946
0.994
0.951
0.829
0.662
0.493
0.349
0.24
0.158
0.092
0.039
0.002
-0.015
-0.021
-0.025
-0.028
-0.031
-0.033
-0.034
-0.034
-0.035
-0.036
-0.037
-0.037
-0.038
-0.038
-0.038
-0.038
-0.037
-0.037
-0.037
-0.036
-0.036
-0.035
-0.035
-0.035
-0.035
-0.035
-0.035
-0.035
-0.035
-0.035
-0.036
-0.036
-0.036
-0.036
-0.037
-0.037
-0.037
-0.037
-0.037
-0.037
-0.036
-0.036
-0.035
-0.035
-0.034
-0.033
-0.032
-0.031
-0.029
-0.028
-0.027
-0.025
-0.024
-0.022
-0.021
-0.02
-0.018
-0.017
-0.015
-0.014
-0.013
-0.012
-0.011
-0.01
-0.01
-0.01
-0.009
-0.009
-0.009
-0.008
-0.008
-0.008
-0.007
-0.006
-0.006
-0.005
-0.004
-0.003
-0.002
-0.001
0.0
0.001
0.002
0.004
0.005
0.006
0.008
0.009
0.01
0.01
0.011
0.011
0.011
0.011
0.011
0.01
0.01
0.009
0.009
0.009
0.008
0.008
0.008
0.009
0.01
0.011
0.012
0.013
0.015
0.017
0.02
0.022
0.025
0.028
0.031
0.035
0.037
0.039
0.04
0.041
0.042
0.043
0.044
0.044
0.045
0.047
0.048
0.049
0.049
0.047
0.043
0.039
0.033
0.026
0.019
0.027
0.05
0.108
0.199
0.331
0.5
0.692
0.873
1.008
1.061
1.018
0.89
0.712
0.527
0.367
0.242
0.153
0.085
0.037
0.004
-0.009
-0.016
-0.021
-0.024
-0.027
-0.029
-0.03
-0.03
-0.03
-0.031
-0.032
-0.033
-0.033
-0.032
-0.032
-0.032
-0.031
-0.031
-0.031
-0.031
-0.031
-0.03
-0.03
-0.03
-0.03
-0.03
-0.03
-0.03
-0.03
-0.03
-0.03
-0.03
-0.03
-0.03
-0.03
-0.03
-0.031
-0.03
-0.03
-0.03
-0.03
-0.03
-0.03
-0.03
-0.03
-0.03
-0.029
-0.029
-0.028
-0.027
-0.025
-0.024
-0.022
-0.021
-0.019
-0.018
-0.016
-0.014
-0.011
-0.008
-0.006
-0.003
-0.001
0.0
0.001
0.002
0.003
0.004
0.005
0.006
0.007
0.007
0.008
0.009
0.01
0.011
0.011
0.012
0.013
0.014
0.015
0.016
0.017
0.019
0.019
0.021
0.022
0.023
0.023
0.024
0.024
0.025
0.024
0.024
0.023
0.023
0.022
0.022
0.021
0.02
0.02
0.02
0.02
0.02
0.021
0.022
0.023
0.025
0.027
0.03
0.032
0.034
0.036
0.037
0.039
0.041
0.043
0.044
0.046
0.048
0.049
0.05
0.05
0.05
0.05
0.05
0.049
0.047
0.046
0.043
0.041
0.037
0.033
0.027
0.02
0.029
0.053
0.114
0.213
0.358
0.546
0.759
0.961
1.106
1.154
1.089
0.927
0.714
0.501
0.322
0.195
0.115
0.061
0.022
-0.003
-0.019
-0.024
-0.026
-0.029
-0.031
-0.032
-0.033
-0.034
-0.036
-0.037
-0.037
-0.037
-0.037
-0.036
-0.035
-0.034
-0.033
-0.032
-0.031
-0.03
-0.029
-0.029
-0.028
-0.028
-0.028
-0.028
-0.028
-0.028
-0.028
-0.029
-0.03
-0.031
-0.031
-0.032
-0.033
-0.034
-0.035
-0.035
-0.036
-0.037
-0.037
-0.038
-0.038
-0.039
-0.039
-0.038
-0.038
-0.037
-0.036
-0.035
-0.033
-0.032
-0.031
-0.029
-0.028
-0.025
-0.02
-0.013
-0.007
-0.001
0.001
0.003
0.005
0.007
0.008
0.009
0.01
0.011
0.012
0.013
0.014
0.015
0.016
0.017
0.018
0.02
0.021
0.022
0.023
0.024
0.025
0.026
0.027
0.028
0.029
0.03
0.031
0.031
0.032
0.032
0.031
0.031
0.031
0.03
0.03
0.029
0.028
0.028
0.028
0.027
0.027
0.028
0.028
0.029
0.03
0.031
0.033
0.035
0.037
0.039
0.041
0.043
0.045
0.047
0.049
0.051
0.053
0.054
0.056
0.057
0.057
0.058
0.058
0.058
0.057
0.056
0.055
0.053
0.052
0.049
0.045
0.041
0.036
0.028
0.034
0.05
0.099
0.185
0.314
0.49
0.698
0.906
1.068
1.141
1.1
0.955
0.747
0.53
0.346
0.215
0.132
0.078
0.039
0.01
-0.006
-0.014
-0.019
-0.023
-0.027
-0.029
-0.03
-0.031
-0.032
-0.033
-0.034
-0.034
-0.034
-0.034
-0.034
-0.033
-0.033
-0.033
-0.032
-0.032
-0.031
-0.031
-0.031
-0.03
-0.03
-0.03
-0.031
-0.031
-0.031
-0.032
-0.033
-0.033
-0.034
-0.035
-0.036
-0.037
-0.038
-0.039
-0.039
-0.04
-0.041
-0.041
-0.042
-0.042
-0.042
-0.042
-0.042
-0.042
-0.041
-0.039
-0.038
-0.037
-0.035
-0.033
-0.032
-0.03
-0.028
-0.026
-0.021
-0.015
-0.01
-0.005
0.0
0.0
0.002
0.003
0.003
0.004
0.005
0.006
0.007
0.007
0.008
0.008
0.008
0.008
0.009
0.009
0.009
0.01
0.011
0.012
0.012
0.013
0.014
0.014
0.015
0.015
0.016
0.016
0.016
0.016
0.016
0.015
0.015
0.015
0.014
0.014
0.014
0.014
0.014
0.014
0.015
0.016
0.017
0.018
0.02
0.023
0.026
0.03
0.033
0.035
0.037
0.038
0.038
0.039
0.04
0.041
0.041
0.042
0.043
0.043
0.044
0.044
0.043
0.042
0.041
0.04
0.037
0.034
0.031
0.027
0.021
0.016
0.026
0.055
0.117
0.216
0.357
0.537
0.737
0.921
1.048
1.082
1.01
0.851
0.647
0.448
0.288
0.177
0.106
0.057
0.021
-0.003
-0.015
-0.019
-0.02
-0.023
-0.024
-0.026
-0.026
-0.027
-0.028
-0.028
-0.029
-0.029
-0.028
-0.027
-0.026
-0.024
-0.023
-0.022
-0.021
-0.02
-0.02
-0.019
-0.018
-0.017
-0.017
-0.017
-0.017
-0.017
-0.017
-0.018
-0.018
-0.019
-0.019
-0.02
-0.02
-0.021
-0.021
-0.022
-0.022
-0.023
-0.023
-0.024
-0.024
-0.024
-0.024
-0.024
-0.024
-0.023
-0.023
-0.022
-0.021
-0.02
-0.019
-0.017
-0.016
-0.015
-0.013
-0.012
-0.01
-0.009
-0.007
-0.005
-0.004
-0.003
-0.003
-0.002
-0.002
-0.001
-0.001
0.0
0.0
0.0
0.001
0.002
0.003
0.004
0.005
0.006
0.007
0.008
0.009
0.01
0.011
0.012
0.013
0.013
0.014
0.014
0.014
0.014
0.014
0.013
0.012
0.011
0.011
0.01
0.01
0.01
0.01
0.011
0.011
0.012
0.012
0.013
0.015
0.017
0.019
0.021
0.024
0.027
0.03
0.033
0.036
0.039
0.041
0.042
0.043
0.044
0.044
0.044
0.044
0.044
0.044
0.044
0.044
0.043
0.042
0.041
0.04
0.036
0.03
0.023
0.019
0.03
0.06
0.122
0.219
0.354
0.523
0.709
0.879
0.996
1.029
0.963
0.815
0.624
0.438
0.286
0.178
0.105
0.052
0.012
-0.016
-0.03
-0.035
-0.036
-0.039
-0.041
-0.042
-0.043
-0.044
-0.045
-0.045
-0.046
-0.046
-0.046
-0.045
-0.045
-0.044
-0.043
-0.042
-0.041
-0.04
-0.039
-0.038
-0.038
-0.037
-0.037
-0.037
-0.038
-0.038
-0.038
-0.039
-0.039
-0.039
-0.04
-0.041
-0.041
-0.042
-0.043
-0.043
-0.044
-0.044
-0.045
-0.045
-0.045
-0.045
-0.045
-0.045
-0.044
-0.044
-0.043
-0.042
-0.04
-0.039
-0.038
-0.037
-0.035
-0.034
-0.033
-0.032
-0.03
-0.029
-0.028
-0.027
-0.026
-0.026
-0.025
-0.024
-0.024
-0.023
-0.022
-0.022
-0.021
-0.02
-0.019
-0.018
-0.017
-0.016
-0.015
-0.014
-0.013
-0.011
-0.01
-0.009
-0.007
-0.006
-0.005
-0.004
-0.004
-0.003
-0.003
-0.002
-0.002
-0.002
-0.002
-0.002
-0.002
-0.003
-0.003
-0.003
-0.003
-0.003
-0.002
-0.001
-0.001
0.0
0.0
0.001
0.003
0.005
0.007
0.01
0.013
0.016
0.019
0.021
0.022
0.024
0.025
0.026
0.028
0.029
0.031
0.032
0.033
0.034
0.033
0.032
0.031
0.028
0.025
0.021
0.017
0.011
0.012
0.033
0.081
0.162
0.279
0.431
0.607
0.775
0.903
0.956
0.921
0.807
0.648
0.485
0.349
0.246
0.171
0.109
0.056
0.017
-0.003
-0.01
-0.015
-0.018
-0.021
-0.023
-0.024
-0.024
-0.025
-0.026
-0.027
-0.027
-0.028
-0.029
-0.029
-0.029
-0.028
-0.028
-0.028
-0.027
-0.027
-0.027
-0.026
-0.026
-0.026
-0.025
-0.025
-0.024
-0.024
-0.024
-0.023
-0.023
-0.022
-0.022
-0.022
-0.021
-0.021
-0.02
-0.02
-0.019
-0.019
-0.018
-0.017
-0.016
-0.015
-0.014
-0.013
-0.012
-0.011
-0.01
-0.009
-0.008
-0.007
-0.005
-0.004
-0.003
-0.002
-0.001
-0.001
0.0
0.0
0.0
0.0
0.0
-0.001
-0.001
-0.001
-0.002
-0.002
-0.002
-0.003
-0.003
-0.003
-0.002
-0.002
-0.002
-0.001
0.0
0.0
0.0
0.001
0.002
0.003
0.004
0.005
0.005
0.006
0.006
0.007
0.007
0.006
0.005
0.005
0.004
0.003
0.002
0.001
0.0
0.0
0.0
0.0
0.0
0.001
0.002
0.003
0.005
0.007
0.01
0.012
0.016
0.019
0.023
0.026
0.028
0.03
0.031
0.032
0.033
0.033
0.034
0.035
0.036
0.037
0.037
0.037
0.037
0.036
0.033
0.03
0.026
0.021
0.017
0.012
0.026
0.065
0.137
0.244
0.39
0.567
0.748
0.9
0.971
0.971
0.896
0.747
0.577
0.424
0.3
0.205
0.127
0.062
0.017
-0.009
-0.018
-0.023
-0.028
-0.031
-0.033
-0.034
-0.034
-0.035
-0.035
-0.036
-0.036
-0.036
-0.036
-0.036
-0.035
-0.035
-0.034
-0.033
-0.032
-0.032
-0.031
-0.03
-0.03
-0.03
-0.029
-0.029
-0.029
-0.029
-0.029
-0.028
-0.028
-0.028
-0.027
-0.027
-0.026
-0.026
-0.025
-0.025
-0.024
-0.024
-0.023
-0.023
-0.022
-0.022
-0.021
-0.019
-0.017
-0.015
-0.013
-0.011
-0.008
-0.006
-0.003
-0.001
0.0
0.001
0.002
0.004
0.005
0.007
0.008
0.009
0.009
0.01
0.01
0.011
0.011
0.011
0.012
0.012
0.013
0.013
0.014
0.014
0.015
0.016
0.017
0.018
0.019
0.02
0.021
0.022
0.023
0.024
0.025
0.026
0.027
0.027
0.028
0.028
0.028
0.027
0.027
0.027
0.026
0.026
0.026
0.026
0.026
0.026
0.026
0.026
0.027
0.028
0.029
0.03
0.032
0.034
0.036
0.038
0.04
0.042
0.044
0.047
0.049
0.051
0.053
0.055
0.057
0.058
0.058
0.058
0.058
0.057
0.056
0.054
0.052
0.049
0.046
0.042
0.036
0.03
0.038
0.061
0.117
0.208
0.337
0.505
0.696
0.88
1.02
1.08
1.04
0.91
0.724
0.53
0.362
0.236
0.15
0.089
0.042
0.009
-0.01
-0.017
-0.023
-0.029
-0.031
-0.032
-0.033
-0.033
-0.034
-0.034
-0.035
-0.035
-0.035
-0.035
-0.035
-0.034
-0.034
-0.033
-0.032
-0.032
-0.032
-0.032
-0.031
-0.031
-0.032
-0.032
-0.032
-0.033
-0.033
-0.033
-0.034
-0.034
-0.035
-0.036
-0.036
-0.037
-0.037
-0.038
-0.038
-0.038
-0.038
-0.038
-0.038
-0.038
-0.037
-0.037
-0.036
-0.035
-0.033
-0.031
-0.03
-0.028
-0.026
-0.025
-0.023
-0.021
-0.019
-0.016
-0.013
-0.01
-0.007
-0.004
-0.002
0.0
0.0
0.002
0.003
0.004
0.004
0.005
0.006
0.007
0.008
0.009
0.01
0.011
0.012
0.012
0.013
0.014
0.014
0.015
0.015
0.016
0.016
0.016
0.016
0.016
0.016
0.015
0.014
0.014
0.013
0.013
0.012
0.012
0.012
0.012
0.012
0.013
0.013
0.014
0.015
0.016
0.017
0.019
0.023
0.027
0.032
0.036
0.04
0.043
0.045
0.046
0.047
0.049
0.05
0.051
0.052
0.053
0.054
0.054
0.053
0.053
0.052
0.05
0.048
0.045
0.042
0.038
0.032
0.026
0.032
0.052
0.104
0.192
0.325
0.501
0.71
0.916
1.073
1.141
1.097
0.952
0.746
0.532
0.351
0.22
0.136
0.082
0.042
0.011
-0.009
-0.016
-0.021
-0.025
-0.026
-0.027
-0.028
-0.028
-0.028
-0.029
-0.029
-0.029
-0.028
-0.028
-0.027
-0.026
-0.025
-0.025
-0.024
-0.023
-0.022
-0.022
-0.022
-0.021
-0.021
-0.021
-0.021
-0.021
-0.021
-0.021
-0.022
-0.022
-0.023
-0.024
-0.024
-0.025
-0.026
-0.026
-0.027
-0.028
-0.028
-0.029
-0.029
-0.03
-0.03
-0.03
-0.03
-0.029
-0.028
-0.027
-0.026
-0.024
-0.023
-0.021
-0.019
-0.017
-0.015
-0.013
-0.01
-0.007
-0.004
-0.001
0.0
0.003
0.004
0.005
0.006
0.007
0.008
0.008
0.009
0.009
0.01
0.01
0.011
0.011
0.012
0.012
0.013
0.013
0.013
0.014
0.014
0.014
0.014
0.015
0.015
0.014
0.014
0.014
0.014
0.013
0.013
0.013
0.013
0.013
0.013
0.013
0.013
0.014
0.015
0.017
0.019
0.021
0.023
0.025
0.028
0.03
0.033
0.036
0.038
0.041
0.043
0.045
0.047
0.048
0.049
0.05
0.05
0.05
0.05
0.049
0.048
0.047
0.045
0.044
0.041
0.039
0.035
0.032
0.028
0.024
0.039
0.079
0.154
0.267
0.421
0.61
0.809
0.979
1.064
1.065
0.98
0.803
0.598
0.41
0.265
0.167
0.103
0.055
0.018
-0.007
-0.016
-0.021
-0.023
-0.025
-0.026
-0.026
-0.027
-0.027
-0.027
-0.027
-0.027
-0.027
-0.026
-0.025
-0.024
-0.024
-0.023
-0.023
-0.022
-0.022
-0.021
-0.021
-0.021
-0.021
-0.021
-0.022
-0.022
-0.023
-0.024
-0.025
-0.025
-0.026
-0.026
-0.027
-0.027
-0.028
-0.028
-0.029
-0.029
-0.029
-0.029
-0.029
-0.029
-0.029
-0.028
-0.027
-0.026
-0.025
-0.024
-0.023
-0.022
-0.02
-0.019
-0.018
-0.016
-0.015
-0.013
-0.01
-0.007
-0.005
-0.002
0.0
0.0
0.002
0.003
0.005
0.006
0.006
0.007
0.008
0.009
0.009
0.01
0.011
0.011
0.012
0.013
0.013
0.013
0.013
0.014
0.014
0.014
0.014
0.014
0.013
0.013
0.012
0.011
0.011
0.01
0.009
0.009
0.009
0.009
0.009
0.009
0.01
0.011
0.012
0.013
0.015
0.017
0.02
0.022
0.024
0.027
0.029
0.031
0.033
0.035
0.036
0.038
0.039
0.04
0.041
0.042
0.043
0.043
0.044
0.044
0.043
0.042
0.04
0.039
0.038
0.037
0.036
0.036
0.037
0.041
0.047
0.074
0.148
0.259
0.412
0.597
0.793
0.962
1.047
1.048
0.966
0.793
0.591
0.405
0.263
0.165
0.099
0.049
0.012
-0.013
-0.023
-0.029
-0.032
-0.034
-0.035
-0.036
-0.037
-0.037
-0.038
-0.039
-0.039
-0.039
-0.039
-0.038
-0.038
-0.037
-0.037
-0.036
-0.036
-0.035
-0.035
-0.034
-0.034
-0.033
-0.033
-0.033
-0.033
-0.033
-0.033
-0.034
-0.034
-0.035
-0.035
-0.035
-0.036
-0.037
-0.037
-0.038
-0.038
-0.039
-0.039
-0.039
-0.039
-0.039
-0.039
-0.039
-0.038
-0.038
-0.038
-0.037
-0.036
-0.035
-0.034
-0.033
-0.032
-0.031
-0.03
-0.028
-0.027
-0.026
-0.025
-0.023
-0.022
-0.02
-0.018
-0.016
-0.015
-0.014
-0.012
-0.012
-0.011
-0.01
-0.01
-0.009
-0.009
-0.008
-0.008
-0.007
-0.007
-0.006
-0.006
-0.005
-0.004
-0.003
-0.002
-0.001
0.0
0.0
0.0
0.0
0.0
0.0
0.0
0.0
0.0
0.0
0.001
0.001
0.001
0.002
0.003
0.004
0.006
0.008
0.011
0.014
0.018
0.023
0.027
0.029
0.032
0.033
0.035
0.036
0.037
0.039
0.04
0.041
0.042
0.042
0.042
0.042
0.041
0.041
0.04
0.038
0.035
0.032
0.029
0.026
0.024
0.038
0.081
0.154
0.265
0.414
0.591
0.773
0.919
0.977
0.97
0.875
0.713
0.537
0.385
0.268
0.186
0.121
0.066
0.022
-0.006
-0.021
-0.026
-0.028
-0.03
-0.031
-0.032
-0.032
-0.033
-0.034
-0.034
-0.035
-0.035
-0.035
-0.035
-0.035
-0.035
-0.035
-0.036
-0.036
-0.036
-0.037
-0.037
-0.038
-0.039
-0.039
-0.04
-0.04
-0.04
-0.04
-0.04
-0.04
-0.04
-0.04
-0.039
-0.039
-0.038
-0.038
-0.037
-0.037
-0.036
-0.035
-0.035
-0.034
-0.033
-0.032
-0.031
-0.03
-0.029
-0.027
-0.026
-0.025
-0.023
-0.022
-0.021
-0.02
-0.019
-0.018
-0.017
-0.016
-0.016
-0.015
-0.015
-0.014
-0.014
-0.014
-0.013
-0.013
-0.014
-0.013
-0.013
-0.013
-0.012
-0.012
-0.011
-0.01
-0.01
-0.009
-0.008
-0.008
-0.007
-0.006
-0.005
-0.004
-0.003
-0.002
-0.001
0.0
0.0
0.0
0.0
0.0
0.0
0.001
0.001
0.002
0.002
0.002
0.003
0.003
0.004
