-0.126
-0.124
-0.123
-0.122
-0.121
-0.121
-0.12
-0.118
-0.116
-0.113
-0.11
-0.106
-0.103
-0.101
-0.098
-0.096
-0.093
-0.089
-0.084
-0.078
-0.072
-0.068
-0.067
-0.07
-0.074
-0.08
-0.084
-0.088
-0.091
-0.094
-0.098
-0.102
-0.107
-0.111
-0.115
-0.118
-0.12
-0.121
-0.123
-0.124
-0.124
-0.125
-0.125
-0.124
-0.125
-0.125
-0.127
-0.128
-0.129
-0.129
-0.13
-0.13
-0.129
-0.128
-0.126
-0.124
-0.121
-0.118
-0.115
-0.114
-0.112
-0.111
-0.108
-0.106
-0.103
-0.101
-0.1
-0.099
-0.099
-0.1
-0.102
-0.104
-0.108
-0.113
-0.118
-0.124
-0.131
-0.141
-0.151
-0.16
-0.169
-0.18
-0.192
-0.203
-0.213
-0.221
-0.227
-0.233
-0.239
-0.247
-0.254
-0.26
-0.266
-0.271
-0.276
-0.278
-0.276
-0.271
-0.263
-0.255
-0.248
-0.238
-0.23
-0.226
-0.228
-0.232
-0.236
-0.24
-0.244
-0.248
-0.252
-0.256
-0.261
-0.266
-0.273
-0.28
-0.286
-0.286
-0.279
-0.267
-0.233
-0.177
-0.098
-0.005
0.089
0.18
0.259
0.306
0.322
0.298
0.226
0.096
-0.059
-0.225
-0.372
-0.475
-0.524
-0.541
-0.546
-0.542
-0.531
-0.498
-0.453
-0.401
-0.347
-0.291
-0.235
-0.208
-0.197
-0.191
-0.187
-0.183
-0.18
-0.177
-0.173
-0.169
-0.165
-0.16
-0.153
-0.142
-0.13
-0.116
-0.103
-0.089
-0.074
-0.059
-0.045
-0.03
-0.017
-0.006
0.002
0.01
0.017
0.025
0.035
0.045
0.054
0.064
0.074
0.082
0.088
0.095
0.105
0.12
0.136
0.153
0.17
0.195
0.21
0.221
0.229
0.235
0.239
0.24
0.241
0.242
0.243
0.244
0.246
0.247
0.248
0.245
0.238
0.227
0.209
0.183
0.162
0.136
0.111
0.092
0.07
0.052
0.039
0.028
0.016
0.006
-0.003
-0.015
-0.023
-0.026
-0.028
-0.029
-0.031
-0.032
-0.032
-0.032
-0.032
-0.03
-0.027
-0.024
-0.022
-0.02
-0.018
-0.017
-0.016
-0.015
-0.014
-0.012
-0.01
-0.007
-0.005
-0.003
0.0
0.002
0.005
0.007
0.01
0.013
0.015
0.018
0.021
0.026
0.031
0.035
0.04
0.045
0.048
0.051
0.054
0.056
0.058
0.06
0.061
0.063
0.065
0.068
0.072
0.077
0.081
0.085
0.09
0.094
0.099
0.104
0.108
0.111
0.114
0.117
0.12
0.122
0.123
0.122
0.121
0.12
0.119
0.118
0.117
0.115
0.113
0.111
0.109
0.108
0.108
0.108
0.11
0.113
0.119
0.126
0.134
0.141
0.148
0.155
0.161
0.167
0.171
0.175
0.175
0.174
0.169
0.164
0.157
0.15
0.144
0.139
0.133
0.127
0.122
0.116
0.11
0.104
0.099
0.095
0.091
0.088
0.084
0.081
0.074
0.062
0.057
0.056
0.055
0.054
0.054
0.054
0.053
0.053
0.053
0.053
0.053
0.054
0.055
0.056
0.057
0.058
0.059
0.06
0.062
0.062
0.063
0.064
0.065
0.066
0.067
0.069
0.071
0.076
0.082
0.107
0.15
0.21
0.289
0.384
0.487
0.59
0.68
0.729
0.73
0.68
0.557
0.391
0.215
0.061
-0.06
-0.139
-0.165
-0.158
-0.137
-0.083
-0.024
0.032
0.079
0.097
0.109
0.117
0.122
0.128
0.136
0.147
0.157
0.168
0.179
0.189
0.195
0.198
0.199
0.2
0.201
0.201
0.202
0.202
0.203
0.204
0.205
0.206
0.207
0.208
0.209
0.211
0.212
0.215
0.217
0.221
0.225
0.229
0.233
0.241
0.249
0.258
0.265
0.272
0.279
0.288
0.298
0.308
0.317
0.325
0.329
0.334
0.338
0.342
0.344
0.345
0.345
0.343
0.34
0.336
0.33
0.323
0.312
0.292
0.27
0.256
0.248
0.241
0.235
0.228
0.223
0.219
0.213
0.199
0.175
0.154
0.13
0.105
0.077
0.057
0.046
0.035
0.025
0.015
0.004
-0.007
-0.019
-0.029
-0.036
-0.041
-0.045
-0.048
-0.051
-0.055
-0.059
-0.064
-0.068
-0.071
-0.075
-0.079
-0.083
-0.086
-0.09
-0.094
-0.098
-0.102
-0.106
-0.11
-0.114
-0.118
-0.121
-0.124
-0.126
-0.127
-0.129
-0.131
-0.133
-0.135
-0.137
-0.138
-0.139
-0.14
-0.141
-0.142
-0.142
-0.142
-0.142
-0.142
-0.142
-0.142
-0.144
-0.145
-0.146
-0.147
-0.147
-0.148
-0.149
-0.149
-0.149
-0.149
-0.149
-0.15
-0.151
-0.153
-0.155
-0.157
-0.159
-0.16
-0.16
-0.16
-0.16
-0.158
-0.156
-0.153
-0.149
-0.145
-0.141
-0.136
-0.132
-0.126
-0.118
-0.109
-0.102
-0.096
-0.09
-0.085
-0.078
-0.072
-0.067
-0.066
-0.069
-0.073
-0.077
-0.08
-0.083
-0.086
-0.089
-0.092
-0.095
-0.097
-0.098
-0.099
-0.101
-0.102
-0.103
-0.104
-0.107
-0.112
-0.114
-0.113
-0.11
-0.106
-0.102
-0.104
-0.118
-0.135
-0.152
-0.167
-0.188
-0.208
-0.216
-0.22
-0.223
-0.226
-0.229
-0.231
-0.235
-0.239
-0.243
-0.248
-0.254
-0.264
-0.282
-0.294
-0.301
-0.308
-0.313
-0.315
-0.314
-0.31
-0.302
-0.28
-0.237
-0.178
-0.102
-0.008
0.101
0.218
0.332
0.425
0.463
0.458
0.394
0.26
0.081
-0.105
-0.271
-0.399
-0.447
-0.463
-0.445
-0.392
-0.348
-0.307
-0.284
-0.261
-0.235
-0.207
-0.176
-0.15
-0.13
-0.115
-0.107
-0.101
-0.097
-0.092
-0.088
-0.083
-0.078
-0.073
-0.067
-0.06
-0.052
-0.043
-0.034
-0.028
-0.023
-0.02
-0.016
-0.013
-0.009
-0.005
-0.002
0.001
0.005
0.01
0.019
0.036
0.055
0.071
0.085
0.096
0.105
0.112
0.118
0.124
0.13
0.138
0.145
0.153
0.164
0.177
0.189
0.2
0.206
0.212
0.216
0.219
0.222
0.224
0.224
0.223
0.221
0.217
0.213
0.208
0.2
0.185
0.171
0.151
0.129
0.108
0.088
0.067
0.045
0.024
0.008
-0.009
-0.021
-0.028
-0.033
-0.037
-0.042
-0.046
-0.05
-0.053
-0.056
-0.059
-0.063
-0.067
-0.071
-0.074
-0.076
-0.078
-0.081
-0.084
-0.088
-0.091
-0.092
-0.093
-0.094
-0.096
-0.101
-0.101
-0.09
-0.082
-0.075
-0.07
-0.066
-0.064
-0.061
-0.057
-0.05
-0.049
-0.058
-0.063
-0.067
-0.07
-0.073
-0.074
-0.074
-0.073
-0.071
-0.069
-0.068
-0.067
-0.065
-0.063
-0.061
-0.058
-0.056
-0.054
-0.053
-0.053
-0.053
-0.054
-0.056
-0.059
-0.062
-0.065
-0.068
-0.07
-0.072
-0.073
-0.074
-0.077
-0.079
-0.082
-0.084
-0.086
-0.088
-0.09
-0.091
-0.092
-0.091
-0.09
-0.088
-0.085
-0.081
-0.078
-0.075
-0.071
-0.067
-0.063
-0.055
-0.048
-0.045
-0.048
-0.056
-0.065
-0.072
-0.079
-0.088
-0.097
-0.105
-0.113
-0.119
-0.126
-0.132
-0.138
-0.144
-0.151
-0.156
-0.159
-0.163
-0.166
-0.17
-0.174
-0.178
-0.18
-0.182
-0.183
-0.183
-0.182
-0.181
-0.178
-0.174
-0.17
-0.167
-0.163
-0.161
-0.158
-0.156
-0.153
-0.149
-0.146
-0.142
-0.139
-0.137
-0.136
-0.135
-0.135
-0.135
-0.136
-0.138
-0.14
-0.143
-0.148
-0.147
-0.135
-0.102
-0.048
0.026
0.122
0.236
0.36
0.476
0.545
0.568
0.537
0.445
0.281
0.105
-0.053
-0.176
-0.257
-0.3
-0.316
-0.317
-0.308
-0.284
-0.234
-0.178
-0.132
-0.114
-0.099
-0.089
-0.083
-0.077
-0.07
-0.063
-0.056
-0.05
-0.045
-0.041
-0.037
-0.032
-0.026
-0.019
-0.011
-0.004
0.002
0.01
0.017
0.023
0.028
0.033
0.039
0.044
0.049
0.055
0.059
0.063
0.067
0.077
0.095
0.11
0.117
0.125
0.133
0.142
0.155
0.171
0.185
0.197
0.206
0.218
0.231
0.242
0.253
0.261
0.263
0.263
0.263
0.263
0.263
0.264
0.264
0.264
0.261
0.255
0.247
0.238
0.224
0.205
0.188
0.174
0.161
0.148
0.128
0.1
0.08
0.067
0.054
0.041
0.025
0.008
-0.008
-0.023
-0.036
-0.051
-0.069
-0.082
-0.092
-0.101
-0.107
-0.109
-0.109
-0.11
-0.109
-0.109
-0.108
-0.108
-0.107
-0.107
-0.103
-0.095
-0.086
-0.078
-0.073
-0.069
-0.064
-0.06
-0.057
-0.054
-0.051
-0.049
-0.047
-0.045
-0.043
-0.041
-0.04
-0.039
-0.039
-0.038
-0.036
-0.033
-0.026
-0.008
0.03
0.086
0.165
0.267
0.382
0.492
0.57
0.597
0.574
0.504
0.35
0.159
-0.033
-0.197
-0.31
-0.358
-0.376
-0.376
-0.359
-0.31
-0.246
-0.178
-0.116
-0.069
-0.042
-0.028
-0.02
-0.014
-0.01
-0.008
-0.008
-0.007
-0.007
-0.006
-0.004
-0.002
-0.007
-0.016
-0.022
-0.027
-0.032
-0.035
-0.035
-0.03
-0.023
-0.014
-0.003
0.012
0.026
0.039
0.049
0.058
0.066
0.074
0.081
0.088
0.095
0.102
0.109
0.116
0.124
0.131
0.138
0.143
0.148
0.153
0.156
0.159
0.162
0.164
0.166
0.169
0.172
0.175
0.178
0.179
0.177
0.173
0.167
0.158
0.141
0.115
0.093
0.068
0.044
0.026
0.006
-0.013
-0.033
-0.052
-0.071
-0.09
-0.108
-0.125
-0.138
-0.148
-0.156
-0.159
-0.161
-0.163
-0.165
-0.166
-0.167
-0.169
-0.171
-0.172
-0.174
-0.174
-0.174
-0.174
-0.173
-0.171
-0.169
-0.167
-0.165
-0.162
-0.16
-0.158
-0.156
-0.153
-0.151
-0.148
-0.144
-0.14
-0.137
-0.133
-0.129
-0.126
-0.122
-0.118
-0.115
-0.112
-0.11
-0.108
-0.106
-0.105
-0.104
-0.103
-0.102
-0.101
-0.101
-0.1
-0.099
-0.099
-0.099
-0.098
-0.098
-0.097
-0.096
-0.094
-0.092
-0.089
-0.087
-0.085
-0.084
-0.083
-0.082
-0.081
-0.081
-0.08
-0.079
-0.078
-0.077
-0.075
-0.073
-0.072
-0.07
-0.068
-0.067
-0.066
-0.066
-0.066
-0.067
-0.067
-0.067
-0.068
-0.068
-0.069
-0.07
-0.07
-0.07
-0.07
-0.069
-0.069
-0.068
-0.068
-0.066
-0.064
-0.063
-0.065
-0.069
-0.073
-0.078
-0.083
-0.086
-0.081
-0.071
-0.064
-0.056
-0.05
-0.046
-0.044
-0.042
-0.041
-0.04
-0.039
-0.038
-0.036
-0.035
-0.034
-0.032
-0.031
-0.029
-0.028
-0.026
-0.025
-0.023
-0.021
-0.018
-0.015
-0.012
-0.008
-0.005
-0.001
0.001
0.004
0.006
0.008
0.009
0.011
0.012
0.014
0.016
0.019
0.021
0.024
0.027
0.03
0.033
0.035
0.038
0.041
0.045
0.05
0.053
0.055
0.056
0.057
0.059
0.061
0.063
0.066
0.07
0.076
0.083
0.09
0.097
0.106
0.114
0.117
0.118
0.119
0.12
0.121
0.123
0.125
0.126
0.127
0.126
0.124
0.121
0.118
0.114
0.111
0.107
0.102
0.097
0.091
0.086
0.081
0.076
0.07
0.065
0.059
0.053
0.049
0.044
0.039
0.034
0.03
0.029
0.029
0.031
0.034
0.036
0.038
0.04
0.043
0.046
0.047
0.046
0.042
0.036
0.032
0.028
0.025
0.02
0.016
0.013
0.011
0.012
0.014
0.018
0.023
0.029
0.055
0.103
0.169
0.256
0.363
0.476
0.574
0.63
0.632
0.587
0.468
0.304
0.128
-0.031
-0.153
-0.215
-0.237
-0.238
-0.227
-0.212
-0.191
-0.168
-0.147
-0.116
-0.083
-0.047
-0.02
-0.004
0.002
0.007
0.012
0.015
0.017
0.02
0.023
0.026
0.029
0.032
0.035
0.037
0.04
0.044
0.05
0.054
0.057
0.061
0.063
0.066
0.068
0.071
0.074
0.077
0.08
0.082
0.086
0.093
0.105
0.117
0.133
0.154
0.166
0.172
0.177
0.182
0.187
0.192
0.196
0.201
0.207
0.216
0.223
0.227
0.229
0.231
0.232
0.233
0.235
0.236
0.237
0.237
0.236
0.234
0.232
0.227
0.222
0.212
0.191
0.172
0.148
0.12
0.094
0.076
0.061
0.044
0.029
0.016
0.002
-0.012
-0.023
-0.032
-0.039
-0.045
-0.05
-0.054
-0.057
-0.06
-0.061
-0.062
-0.063
-0.063
-0.064
-0.065
-0.066
-0.067
-0.068
-0.069
-0.069
-0.07
-0.07
-0.07
-0.07
-0.069
-0.068
-0.067
-0.066
-0.064
-0.063
-0.062
-0.061
-0.06
-0.059
-0.059
-0.059
-0.058
-0.057
-0.056
-0.056
-0.055
-0.055
-0.055
-0.054
-0.052
-0.051
-0.051
-0.051
-0.051
-0.051
-0.051
-0.05
-0.049
-0.048
-0.047
-0.045
-0.043
-0.042
-0.04
-0.038
-0.037
-0.036
-0.034
-0.031
-0.028
-0.025
-0.021
-0.018
-0.014
-0.01
-0.006
-0.002
0.001
0.004
0.006
0.009
0.012
0.014
0.018
0.022
0.026
0.029
0.03
0.029
0.025
0.02
0.014
0.008
0.002
-0.005
-0.014
-0.022
-0.028
-0.034
-0.039
-0.044
-0.048
-0.053
-0.058
-0.062
-0.064
-0.065
-0.065
-0.065
-0.064
-0.064
-0.063
-0.062
-0.06
-0.057
-0.056
-0.057
-0.06
-0.063
-0.065
-0.067
-0.069
-0.072
-0.074
-0.076
-0.078
-0.079
-0.08
-0.08
-0.079
-0.078
-0.076
-0.073
-0.068
-0.062
-0.055
-0.048
-0.016
0.035
0.103
0.186
0.283
0.389
0.492
0.558
0.581
0.551
0.459
0.294
0.099
-0.095
-0.25
-0.321
-0.346
-0.346
-0.328
-0.303
-0.276
-0.237
-0.198
-0.157
-0.112
-0.079
-0.061
-0.053
-0.046
-0.042
-0.038
-0.035
-0.032
-0.029
-0.026
-0.024
-0.021
-0.018
-0.016
-0.013
-0.01
-0.006
-0.001
0.004
0.01
0.017
0.024
0.03
0.034
0.039
0.043
0.047
0.052
0.055
0.059
0.064
0.07
0.078
0.091
0.104
0.115
0.13
0.146
0.161
0.172
0.181
0.189
0.194
0.199
0.203
0.206
0.209
0.213
0.215
0.216
0.215
0.211
0.205
0.197
0.187
0.17
0.153
0.136
0.119
0.107
0.091
0.068
0.045
0.028
0.014
-0.002
-0.024
-0.048
-0.072
-0.087
-0.095
-0.101
-0.108
-0.114
-0.12
-0.125
-0.13
-0.136
-0.141
-0.147
-0.152
-0.156
-0.159
-0.161
-0.163
-0.166
-0.168
-0.17
-0.173
-0.175
-0.179
-0.182
-0.186
-0.19
-0.193
-0.196
-0.199
-0.205
-0.211
-0.215
-0.217
-0.214
-0.208
-0.201
-0.195
-0.192
-0.188
-0.183
-0.177
-0.173
-0.172
-0.172
-0.173
-0.173
-0.173
-0.172
-0.172
-0.173
-0.176
-0.176
-0.171
-0.162
-0.153
-0.142
-0.136
-0.133
-0.131
-0.129
-0.128
-0.126
-0.125
-0.125
-0.124
-0.123
-0.122
-0.12
-0.118
-0.117
-0.115
-0.113
-0.109
-0.103
-0.095
-0.087
-0.076
-0.058
-0.033
-0.02
-0.012
-0.006
-0.002
-0.003
-0.008
-0.015
-0.023
-0.03
-0.037
-0.044
-0.052
-0.057
-0.062
-0.067
-0.073
-0.082
-0.093
-0.104
-0.118
-0.131
-0.136
-0.141
-0.145
-0.143
-0.13
-0.119
-0.107
-0.096
-0.086
-0.073
-0.059
-0.042
-0.028
-0.015
-0.004
0.005
0.017
0.031
0.037
0.039
0.039
0.04
0.041
0.042
0.043
0.044
0.046
0.047
0.049
0.05
0.053
0.056
0.061
0.083
0.134
0.203
0.287
0.386
0.494
0.597
0.667
0.676
0.648
0.54
0.383
0.204
0.031
-0.114
-0.219
-0.262
-0.277
-0.276
-0.259
-0.236
-0.209
-0.171
-0.122
-0.067
-0.017
-0.001
0.003
0.007
0.009
0.008
0.006
0.005
0.003
0.002
0.001
0.002
0.006
0.011
0.016
0.02
0.025
0.03
0.035
0.041
0.046
0.051
0.056
0.062
0.069
0.077
0.085
0.093
0.101
0.11
0.118
0.124
0.131
0.138
0.144
0.152
0.162
0.173
0.186
0.199
0.21
0.219
0.224
0.228
0.232
0.234
0.237
0.238
0.238
0.237
0.235
0.232
0.229
0.224
0.218
0.205
0.192
0.175
0.153
0.135
0.122
0.11
0.079
0.04
0.014
-0.009
-0.027
-0.041
-0.054
-0.068
-0.087
-0.105
-0.119
-0.129
-0.137
-0.141
-0.144
-0.147
-0.15
-0.152
-0.154
-0.156
-0.158
-0.161
-0.164
-0.167
-0.17
-0.172
-0.174
-0.177
-0.18
-0.184
-0.188
-0.189
-0.188
-0.183
-0.177
-0.171
-0.166
-0.163
-0.16
-0.157
-0.154
-0.152
-0.15
-0.148
-0.146
-0.143
-0.14
-0.137
-0.135
-0.135
-0.134
-0.135
-0.135
-0.134
-0.134
-0.134
-0.134
-0.132
-0.13
-0.126
-0.122
-0.117
-0.112
-0.105
-0.099
-0.092
-0.087
-0.083
-0.079
-0.076
-0.073
-0.071
-0.068
-0.064
-0.06
-0.056
-0.053
-0.049
-0.046
-0.044
-0.041
-0.037
-0.033
-0.029
-0.025
-0.022
-0.019
-0.017
-0.016
-0.015
-0.014
-0.013
-0.013
-0.013
-0.013
-0.011
-0.011
-0.017
-0.03
-0.04
-0.05
-0.058
-0.063
-0.067
-0.071
-0.073
-0.075
-0.076
-0.077
-0.078
-0.078
-0.079
-0.079
-0.079
-0.079
-0.078
-0.076
-0.073
-0.07
-0.067
-0.064
-0.061
-0.059
-0.057
-0.055
-0.052
-0.048
-0.045
-0.042
-0.042
-0.043
-0.045
-0.047
-0.05
-0.053
-0.058
-0.065
-0.052
-0.011
0.051
0.138
0.245
0.365
0.484
0.588
0.652
0.657
0.617
0.495
0.326
0.139
-0.034
-0.169
-0.258
-0.283
-0.292
-0.285
-0.251
-0.222
-0.171
-0.118
-0.063
-0.012
0.014
0.032
0.046
0.07
0.087
0.099
0.109
0.116
0.121
0.126
0.131
0.135
0.14
0.145
0.152
0.161
0.17
0.181
0.196
0.209
0.221
0.228
0.232
0.235
0.238
0.242
0.245
0.25
0.253
0.257
0.26
0.265
0.272
0.284
0.306
0.327
0.348
0.369
0.384
0.397
0.408
0.421
0.434
0.442
0.447
0.452
0.456
0.46
0.462
0.462
0.461
0.459
0.456
0.452
0.447
0.44
0.43
0.41
0.389
0.361
0.329
0.299
0.273
0.251
0.223
0.195
0.175
0.158
0.146
0.137
0.128
0.115
0.101
0.093
0.086
0.079
0.073
0.068
0.064
0.061
0.059
0.058
0.057
0.056
0.055
0.054
0.053
0.052
0.05
0.049
0.048
0.049
0.052
0.056
0.06
0.064
0.066
0.068
0.071
0.074
0.077
0.08
0.083
0.086
0.09
0.094
0.099
0.103
0.106
0.109
0.111
0.114
0.117
0.12
0.123
0.127
0.13
0.133
0.136
0.139
0.14
0.141
0.142
0.142
0.142
0.142
0.142
0.142
0.142
0.143
0.143
0.144
0.145
0.146
0.147
0.148
0.148
0.149
0.149
0.15
0.151
0.153
0.155
0.157
0.16
0.163
0.165
0.168
0.171
0.175
0.179
0.183
0.186
0.188
0.19
0.19
0.189
0.187
0.184
0.18
0.176
0.17
0.164
0.158
0.148
0.138
0.128
0.119
0.111
0.103
0.097
0.091
0.085
0.08
0.073
0.066
0.058
0.052
0.048
0.045
0.043
0.041
0.039
0.037
0.035
0.033
0.031
0.029
0.027
0.024
0.021
0.019
0.018
0.017
0.017
0.016
0.014
0.012
0.009
0.003
-0.002
-0.005
-0.003
0.001
0.011
0.043
0.094
0.163
0.252
0.356
0.464
0.56
0.62
0.624
0.587
0.464
0.29
0.102
-0.063
-0.186
-0.262
-0.289
-0.3
-0.309
-0.308
-0.292
-0.248
-0.193
-0.134
-0.082
-0.051
-0.03
-0.019
-0.011
-0.005
0.0
0.003
0.008
0.013
0.016
0.016
0.015
0.013
0.012
0.011
0.01
0.008
0.006
0.004
0.002
0.002
0.003
0.007
0.011
0.015
0.019
0.024
0.029
0.035
0.042
0.051
0.061
0.071
0.079
0.087
0.095
0.102
0.109
0.115
0.12
0.125
0.13
0.135
0.139
0.143
0.147
0.151
0.156
0.159
0.161
0.161
0.159
0.155
0.149
0.143
0.135
0.123
0.101
0.082
0.057
0.029
0.002
-0.03
-0.057
-0.074
-0.088
-0.1
-0.11
-0.119
-0.129
-0.141
-0.154
-0.164
-0.172
-0.179
-0.184
-0.188
-0.19
-0.192
-0.192
-0.192
-0.192
-0.191
-0.192
-0.192
-0.192
-0.192
-0.19
-0.185
-0.179
-0.175
-0.174
-0.172
-0.171
-0.169
-0.167
-0.165
-0.163
-0.161
-0.16
-0.158
-0.157
-0.157
-0.157
-0.158
-0.158
-0.159
-0.16
-0.16
-0.161
-0.162
-0.162
-0.162
-0.162
-0.162
-0.162
-0.163
-0.163
-0.163
-0.164
-0.165
-0.167
-0.168
-0.17
-0.17
-0.17
-0.17
-0.17
-0.171
-0.171
-0.17
-0.169
-0.169
-0.169
-0.171
-0.173
-0.166
-0.152
-0.143
-0.136
-0.13
-0.125
-0.12
-0.114
-0.108
-0.103
-0.098
-0.093
-0.09
-0.086
-0.081
-0.077
-0.073
-0.069
-0.067
-0.067
-0.068
-0.069
-0.071
-0.074
-0.076
-0.078
-0.081
-0.083
-0.086
-0.09
-0.093
-0.096
-0.1
-0.103
-0.107
-0.11
-0.114
-0.117
-0.12
-0.124
-0.129
-0.134
-0.139
-0.144
-0.148
-0.152
-0.155
-0.158
-0.161
-0.163
-0.166
-0.169
-0.172
-0.175
-0.176
-0.176
-0.174
-0.171
-0.167
-0.164
-0.162
-0.159
-0.157
-0.154
-0.151
-0.149
-0.147
-0.146
-0.146
-0.146
-0.147
-0.149
-0.15
-0.152
-0.155
-0.161
-0.147
-0.104
-0.045
0.03
0.124
0.229
0.331
0.387
0.406
0.376
0.285
0.135
-0.035
-0.196
-0.324
-0.414
-0.453
-0.466
-0.448
-0.419
-0.388
-0.335
-0.285
-0.253
-0.22
-0.185
-0.163
-0.15
-0.139
-0.128
-0.118
-0.106
-0.094
-0.081
-0.07
-0.057
-0.042
-0.024
-0.012
-0.005
0.0
0.006
0.012
0.019
0.025
0.033
0.043
0.053
0.062
0.07
0.076
0.081
0.086
0.091
0.097
0.103
0.11
0.117
0.126
0.14
0.156
0.174
0.187
0.197
0.206
0.213
0.219
0.225
0.231
0.235
0.239
0.243
0.247
0.251
0.254
0.255
0.255
0.253
0.249
0.244
0.237
0.228
0.209
0.179
0.154
0.127
0.096
0.063
0.028
-0.004
-0.026
-0.04
-0.054
-0.067
-0.082
-0.099
-0.11
-0.119
-0.127
-0.136
-0.147
-0.153
-0.157
-0.161
-0.164
-0.166
-0.169
-0.171
-0.173
-0.174
-0.175
-0.176
-0.175
-0.174
-0.173
-0.172
-0.171
-0.171
-0.17
-0.169
-0.168
-0.166
-0.165
-0.163
-0.161
-0.157
-0.154
-0.15
-0.147
-0.143
-0.14
-0.136
-0.131
-0.124
-0.114
-0.107
-0.102
-0.097
-0.091
-0.092
-0.106
-0.116
-0.123
-0.129
-0.133
-0.133
-0.128
-0.121
-0.116
-0.113
-0.111
-0.108
-0.106
-0.103
-0.099
-0.096
-0.092
-0.09
-0.088
-0.086
-0.085
-0.083
-0.082
-0.082
-0.082
-0.081
-0.08
-0.079
-0.077
-0.075
-0.073
-0.069
-0.066
-0.063
-0.059
-0.055
-0.05
-0.045
-0.035
-0.016
-0.004
0.001
0.006
0.011
0.014
0.016
0.016
0.014
0.01
0.005
-0.001
-0.007
-0.016
-0.025
-0.033
-0.042
-0.049
-0.053
-0.056
-0.059
-0.062
-0.064
-0.065
-0.066
-0.067
-0.069
-0.07
-0.071
-0.071
-0.072
-0.073
-0.074
-0.075
-0.076
-0.076
-0.076
-0.076
-0.076
-0.076
-0.077
-0.077
-0.078
-0.078
-0.079
-0.081
-0.084
-0.086
-0.089
-0.091
-0.093
-0.096
-0.099
-0.103
-0.107
-0.111
-0.117
-0.127
-0.133
-0.128
-0.114
-0.073
-0.009
0.078
0.183
0.295
0.402
0.488
0.525
0.519
0.456
0.323
0.149
-0.028
-0.173
-0.266
-0.3
-0.311
-0.317
-0.319
-0.317
-0.31
-0.296
-0.256
-0.191
-0.133
-0.09
-0.066
-0.049
-0.039
-0.032
-0.025
-0.019
-0.013
-0.009
-0.006
-0.003
0.0
0.004
0.007
0.01
0.013
0.016
0.019
0.021
0.023
0.026
0.028
0.031
0.033
0.036
0.039
0.043
0.048
0.058
0.08
0.095
0.105
0.114
0.123
0.134
0.147
0.161
0.171
0.177
0.184
0.192
0.201
0.21
0.216
0.222
0.227
0.232
0.236
0.238
0.238
0.236
0.234
0.23
0.226
0.221
0.214
0.203
0.192
0.184
0.17
0.151
0.13
0.108
0.091
0.078
0.062
0.046
0.031
0.016
0.007
0.001
-0.003
-0.008
-0.013
-0.019
-0.025
-0.031
-0.041
-0.054
-0.061
-0.064
-0.067
-0.07
-0.072
-0.074
-0.072
-0.068
-0.063
-0.061
-0.059
-0.057
-0.056
-0.055
-0.054
-0.053
-0.053
-0.052
-0.052
-0.052
-0.052
-0.053
-0.053
-0.053
-0.053
-0.052
-0.051
-0.05
-0.049
-0.048
-0.047
-0.047
-0.046
-0.045
-0.044
-0.044
-0.043
-0.043
-0.043
-0.042
-0.042
-0.041
-0.041
-0.041
-0.04
-0.039
-0.037
-0.036
-0.034
-0.032
-0.03
-0.028
-0.025
-0.023
-0.02
-0.018
-0.015
-0.009
-0.003
0.0
-0.001
-0.008
-0.014
-0.019
-0.022
-0.026
-0.029
-0.031
-0.034
-0.036
-0.038
-0.037
-0.036
-0.033
-0.029
-0.025
-0.021
-0.017
-0.011
-0.002
0.006
0.012
0.017
0.02
0.023
0.025
0.028
0.03
0.033
0.035
0.037
0.039
0.042
0.045
0.049
0.052
0.055
0.058
0.062
0.067
0.07
0.072
0.074
0.074
0.075
0.077
0.081
0.069
0.056
0.045
0.035
0.026
0.013
-0.008
-0.021
-0.027
-0.032
-0.036
-0.037
-0.038
-0.038
-0.037
-0.036
-0.034
-0.031
-0.029
-0.026
-0.024
-0.021
-0.018
-0.015
-0.012
-0.011
-0.013
-0.016
-0.02
-0.024
-0.027
-0.031
-0.036
-0.04
-0.044
-0.047
-0.049
-0.05
-0.05
-0.049
-0.049
-0.048
-0.045
-0.042
-0.038
-0.034
-0.015
0.037
0.117
0.222
0.344
0.468
0.577
0.644
0.648
0.597
0.457
0.271
0.079
-0.083
-0.199
-0.247
-0.261
-0.269
-0.271
-0.27
-0.267
-0.259
-0.232
-0.194
-0.152
-0.108
-0.072
-0.062
-0.055
-0.051
-0.047
-0.043
-0.04
-0.037
-0.034
-0.031
-0.028
-0.025
-0.023
-0.02
-0.018
-0.015
-0.011
-0.006
-0.001
0.004
0.012
0.023
0.033
0.04
0.045
0.051
0.056
0.061
0.067
0.074
0.08
0.087
0.093
0.1
0.107
0.115
0.123
0.13
0.138
0.146
