-0.017
-0.015
-0.013
-0.011
-0.009
-0.007
-0.004
0.0
0.004
0.011
0.02
0.039
0.073
0.106
0.128
0.137
0.143
0.147
0.15
0.147
0.139
0.132
0.127
0.124
0.12
0.117
0.114
0.11
0.107
0.103
0.1
0.097
0.093
0.09
0.088
0.085
0.081
0.073
0.056
0.044
0.038
0.034
0.031
0.029
0.026
0.025
0.024
0.024
0.025
0.026
0.027
0.028
0.03
0.031
0.033
0.035
0.037
0.04
0.041
0.042
0.042
0.041
0.041
0.04
0.039
0.038
0.036
0.034
0.033
0.036
0.043
0.051
0.056
0.061
0.065
0.069
0.073
0.076
0.078
0.08
0.082
0.083
0.085
0.087
0.091
0.097
0.095
0.079
0.052
0.049
0.09
0.225
0.442
0.724
1.019
1.235
1.275
1.098
0.753
0.336
-0.024
-0.113
-0.061
0.01
0.067
0.073
0.05
-0.019
-0.039
-0.045
-0.05
-0.055
-0.063
-0.059
-0.018
0.017
0.031
0.043
0.05
0.056
0.061
0.065
0.065
0.066
0.067
0.069
0.073
0.075
0.07
0.061
0.051
0.04
0.035
0.032
0.03
0.028
0.026
0.024
0.022
0.021
0.021
0.021
0.02
0.019
0.017
0.017
0.017
0.018
0.017
0.016
0.014
0.013
0.012
0.011
0.009
0.008
0.006
0.003
0.001
0.0
-0.003
-0.01
-0.01
0.001
0.033
0.09
0.175
0.296
0.459
0.656
0.861
1.042
1.177
1.239
1.208
1.096
0.926
0.724
0.529
0.365
0.236
0.143
0.072
0.024
-0.006
-0.021
-0.029
-0.033
-0.038
-0.045
-0.053
-0.064
-0.077
-0.085
-0.089
-0.093
-0.096
-0.097
-0.095
-0.091
-0.086
-0.082
-0.078
-0.073
-0.07
-0.07
-0.072
-0.074
-0.077
-0.08
-0.084
-0.087
-0.087
-0.083
-0.075
-0.064
-0.047
-0.032
-0.018
-0.009
-0.004
0.0
0.006
0.011
0.016
0.019
0.023
0.026
0.03
0.033
0.037
0.042
0.048
0.056
0.064
0.071
0.078
0.083
0.087
0.09
0.093
0.097
0.099
0.1
0.098
0.095
0.09
0.082
0.067
0.05
0.033
0.016
0.0
-0.008
-0.012
-0.015
-0.018
-0.023
-0.027
-0.031
-0.035
-0.039
-0.043
-0.046
-0.05
-0.052
-0.054
-0.057
-0.062
-0.069
-0.064
-0.057
-0.052
-0.058
-0.064
-0.068
-0.071
-0.071
-0.067
-0.061
-0.056
-0.049
-0.042
-0.035
-0.029
-0.022
-0.018
-0.017
-0.02
-0.025
-0.028
-0.03
-0.033
-0.035
-0.036
-0.037
-0.038
-0.039
-0.04
-0.041
-0.041
-0.042
-0.045
-0.049
-0.039
-0.032
-0.027
-0.023
-0.02
-0.019
-0.021
-0.025
-0.029
-0.032
-0.035
-0.038
-0.041
-0.045
-0.047
-0.048
-0.048
-0.046
-0.044
-0.042
-0.039
-0.034
-0.034
-0.039
-0.041
-0.043
-0.045
-0.047
-0.049
-0.051
-0.052
-0.054
-0.055
-0.057
-0.059
-0.06
-0.061
-0.063
-0.064
-0.066
-0.069
-0.07
-0.072
-0.073
-0.073
-0.074
-0.075
-0.075
-0.076
-0.077
-0.077
-0.078
-0.078
-0.078
-0.079
-0.08
-0.082
-0.084
-0.086
-0.087
-0.09
-0.093
-0.093
-0.09
-0.087
-0.084
-0.091
-0.097
-0.102
-0.106
-0.107
-0.105
-0.101
-0.096
-0.09
-0.081
-0.075
-0.069
-0.066
-0.067
-0.07
-0.074
-0.078
-0.078
-0.072
-0.068
-0.063
-0.061
-0.064
-0.071
-0.078
-0.085
-0.091
-0.098
-0.103
-0.108
-0.111
-0.107
-0.099
-0.087
-0.072
-0.066
-0.063
-0.06
-0.058
-0.059
-0.061
-0.065
-0.069
-0.074
-0.081
-0.084
-0.083
-0.08
-0.077
-0.073
-0.069
-0.065
-0.053
-0.03
-0.017
-0.009
-0.004
0.0
0.001
0.003
0.004
0.005
0.006
0.008
0.011
0.014
0.018
0.025
0.037
0.046
0.052
0.057
0.063
0.068
0.075
0.075
0.069
0.062
0.051
0.042
0.035
0.03
0.027
0.025
0.024
0.023
0.022
0.021
0.019
0.019
0.018
0.016
0.014
0.012
0.014
0.027
0.064
0.131
0.233
0.377
0.55
0.74
0.922
1.074
1.162
1.17
1.121
0.985
0.807
0.612
0.423
0.26
0.129
0.047
-0.001
-0.031
-0.038
-0.039
-0.04
-0.04
-0.043
-0.048
-0.053
-0.06
-0.06
-0.053
-0.043
-0.03
-0.017
-0.005
0.001
0.003
0.005
0.007
0.01
0.013
0.017
0.021
0.026
0.03
0.035
0.04
0.044
0.048
0.052
0.057
0.062
0.067
0.072
0.082
0.095
0.117
0.138
0.147
0.153
0.16
0.171
0.186
0.2
0.212
0.22
0.228
0.237
0.252
0.264
0.271
0.276
0.278
0.278
0.278
0.277
0.277
0.277
0.277
0.277
0.276
0.275
0.273
0.27
0.267
0.264
0.258
0.253
0.247
0.231
0.211
0.206
0.202
0.199
0.196
0.194
0.193
0.193
0.194
0.195
0.196
0.198
0.202
0.207
0.213
0.221
0.256
0.308
0.337
0.348
0.35
0.343
0.322
0.294
0.259
0.219
0.186
0.143
0.123
0.116
0.112
0.109
0.109
0.111
0.115
0.12
0.13
0.141
0.144
0.146
0.15
0.152
0.152
0.15
0.145
