-0.112
-0.069
0.017
0.135
0.27
0.414
0.563
0.716
0.865
0.992
1.06
1.056
0.97
0.754
0.458
0.151
-0.096
-0.261
-0.343
-0.35
-0.302
-0.198
-0.097
-0.051
-0.034
-0.035
-0.052
-0.078
-0.113
-0.15
-0.173
-0.186
-0.185
-0.15
-0.098
-0.042
-0.004
0.025
0.044
0.052
0.046
0.031
-0.011
-0.052
-0.067
-0.072
-0.067
-0.057
-0.047
-0.036
-0.024
-0.009
0.006
0.024
0.025
0.01
-0.009
-0.032
-0.05
-0.061
-0.048
-0.025
0.001
0.028
0.057
0.082
0.1
0.118
0.137
0.153
0.144
0.116
0.063
0.014
-0.003
-0.003
0.009
0.026
0.053
0.083
0.108
0.148
0.193
0.23
0.243
0.248
0.242
0.228
0.205
0.173
0.153
0.142
0.135
0.135
0.142
0.152
0.161
0.172
0.183
0.193
0.202
0.21
0.221
0.226
0.222
0.213
0.203
0.191
0.189
0.197
0.204
0.212
0.21
0.192
0.173
0.153
0.132
0.103
0.059
0.032
0.019
0.01
0.002
-0.002
-0.007
-0.012
-0.017
-0.021
-0.027
-0.034
-0.046
-0.065
-0.068
-0.059
-0.051
-0.042
-0.045
-0.067
-0.087
-0.105
-0.116
-0.12
-0.121
-0.122
-0.123
-0.124
-0.126
-0.125
-0.124
-0.124
-0.123
-0.122
-0.119
-0.115
-0.11
-0.104
-0.098
-0.094
-0.089
-0.082
-0.075
-0.07
-0.069
-0.072
-0.077
-0.082
-0.085
-0.087
-0.089
-0.093
-0.099
-0.104
-0.108
-0.109
-0.109
-0.109
-0.11
-0.111
-0.111
-0.111
-0.109
-0.108
-0.11
-0.112
-0.114
-0.109
-0.097
-0.082
-0.068
-0.049
-0.037
-0.029
-0.024
-0.019
-0.016
-0.014
-0.013
-0.013
-0.012
-0.013
-0.016
-0.02
-0.025
-0.03
-0.034
-0.039
-0.048
-0.057
-0.063
-0.064
-0.058
-0.048
-0.039
-0.034
-0.03
-0.025
-0.02
-0.016
-0.012
-0.009
-0.007
-0.006
-0.006
-0.006
-0.007
-0.01
-0.014
-0.019
-0.023
-0.027
-0.031
-0.036
-0.042
-0.049
-0.058
-0.07
-0.084
-0.101
-0.126
-0.137
-0.141
-0.149
-0.143
-0.097
-0.032
0.048
0.14
0.239
0.345
0.466
0.605
0.754
0.888
0.972
0.978
0.928
0.768
0.532
0.259
0.006
-0.195
-0.332
-0.374
-0.373
-0.325
-0.259
-0.194
-0.157
-0.143
-0.138
-0.134
-0.131
-0.128
-0.127
-0.125
-0.123
-0.122
-0.121
-0.119
-0.117
-0.115
-0.113
-0.112
-0.111
-0.109
-0.108
-0.106
-0.104
-0.103
-0.103
-0.104
-0.104
-0.103
-0.101
-0.099
-0.096
-0.094
-0.092
-0.09
-0.087
-0.084
-0.081
-0.081
-0.08
-0.078
-0.074
-0.069
-0.062
-0.051
-0.029
-0.016
-0.007
0.0
0.007
0.017
0.03
0.044
0.058
0.074
0.087
0.097
0.105
0.11
0.112
0.115
0.119
0.123
0.126
0.13
0.135
0.14
0.145
0.15
0.155
0.161
0.168
0.179
0.202
0.218
0.23
0.24
0.252
0.258
0.247
0.224
0.204
0.186
0.167
0.144
0.121
0.106
0.092
0.079
0.068
0.059
0.053
0.049
0.046
0.044
0.041
0.038
0.035
0.034
0.033
0.032
0.03
0.027
0.024
0.021
0.019
0.017
0.013
0.009
0.004
0.001
-0.001
-0.003
-0.005
-0.008
-0.013
-0.017
-0.021
-0.025
-0.029
-0.035
-0.041
-0.048
-0.053
-0.059
-0.064
-0.07
-0.08
-0.1
-0.117
-0.126
-0.133
-0.14
-0.149
-0.154
-0.145
-0.128
-0.12
-0.115
-0.109
-0.105
-0.101
-0.098
-0.096
-0.092
-0.088
-0.083
-0.079
-0.075
-0.072
-0.069
-0.066
-0.063
-0.059
-0.056
-0.054
-0.052
-0.049
-0.047
-0.044
-0.042
-0.041
-0.04
-0.039
-0.037
-0.036
-0.035
-0.035
-0.036
-0.037
-0.038
-0.04
-0.041
-0.043
-0.044
-0.045
-0.044
-0.042
-0.039
-0.036
-0.034
-0.031
-0.028
-0.025
-0.021
-0.017
-0.013
-0.009
-0.005
0.002
0.013
0.023
0.03
0.03
0.024
0.014
0.002
-0.007
-0.015
-0.025
-0.034
-0.044
-0.053
-0.059
-0.064
-0.066
-0.066
-0.066
-0.064
-0.06
-0.054
-0.047
-0.037
-0.016
0.021
0.08
0.159
0.259
0.377
0.515
0.668
0.817
0.941
1.006
1.004
0.919
0.716
0.44
0.143
-0.123
-0.31
-0.362
-0.359
-0.295
-0.219
-0.198
-0.184
-0.173
-0.163
-0.14
-0.111
-0.097
-0.089
-0.082
-0.08
-0.082
-0.086
-0.091
-0.095
-0.099
-0.102
-0.104
-0.097
-0.082
-0.068
-0.06
-0.054
-0.048
-0.043
-0.038
-0.034
-0.03
-0.025
-0.022
-0.018
-0.014
-0.009
-0.004
0.0
0.005
0.009
0.012
0.015
0.019
0.023
0.027
0.03
0.033
0.037
0.042
0.047
0.053
0.059
0.064
0.069
0.074
0.079
0.085
0.091
0.102
0.127
0.143
0.153
0.161
0.168
0.172
0.173
0.171
0.168
0.164
0.159
0.15
0.145
0.158
0.182
0.202
0.222
0.236
0.236
0.232
0.226
0.221
0.213
0.193
0.162
0.123
0.08
0.052
0.043
0.037
0.032
0.029
0.032
0.041
0.055
0.08
0.109
0.121
0.129
0.132
0.121
0.1
0.083
0.066
0.05
0.039
