0.393
0.4
0.409
0.422
0.441
0.454
0.466
0.48
0.495
0.511
0.526
0.537
0.548
0.56
0.574
0.586
0.596
0.606
0.615
0.632
0.651
0.662
0.67
0.668
0.653
0.631
0.604
0.578
0.553
0.53
0.502
0.469
0.437
0.418
0.407
0.398
0.389
0.381
0.367
0.343
0.328
0.322
0.318
0.311
0.301
0.29
0.277
0.266
0.255
0.243
0.232
0.223
0.215
0.206
0.192
0.171
0.159
0.149
0.141
0.13
0.113
0.101
0.092
0.084
0.074
0.063
0.053
0.042
0.03
0.013
0.003
0.007
0.014
0.019
0.024
0.03
0.033
0.035
0.034
0.031
0.029
0.026
0.022
0.019
0.014
0.008
0.001
-0.003
-0.009
-0.014
-0.021
-0.03
-0.038
-0.045
-0.05
-0.053
-0.057
-0.06
-0.065
-0.071
-0.077
-0.083
-0.091
-0.108
-0.132
-0.152
-0.175
-0.199
-0.218
-0.228
-0.235
-0.238
-0.232
-0.222
-0.218
-0.215
-0.214
-0.212
-0.21
-0.208
-0.205
-0.202
-0.199
-0.197
-0.194
-0.191
-0.189
-0.185
-0.179
-0.148
-0.059
0.084
0.267
0.459
0.617
0.672
0.66
0.546
0.369
0.175
-0.003
-0.133
-0.199
-0.228
-0.238
-0.243
-0.247
-0.251
-0.254
-0.254
-0.254
-0.252
-0.249
-0.245
-0.241
-0.236
-0.228
-0.22
-0.216
-0.217
-0.221
-0.225
-0.229
-0.233
-0.236
-0.234
-0.227
-0.22
-0.218
-0.216
-0.215
-0.213
-0.211
-0.209
-0.206
-0.203
-0.201
-0.198
-0.196
-0.195
-0.193
-0.191
-0.189
-0.187
-0.183
-0.179
-0.171
-0.157
-0.141
-0.125
-0.106
-0.084
-0.064
-0.053
-0.047
-0.042
-0.038
-0.033
-0.028
-0.021
-0.015
-0.008
-0.002
0.006
0.019
0.031
0.035
0.037
0.038
0.039
0.041
0.042
0.037
0.028
0.023
0.019
0.015
0.012
0.009
0.005
0.0
-0.006
-0.013
-0.019
-0.025
-0.031
-0.039
-0.048
-0.055
-0.061
-0.065
-0.068
-0.072
-0.077
-0.082
-0.085
-0.082
-0.073
-0.064
-0.056
-0.046
-0.039
-0.04
-0.049
-0.063
-0.079
-0.102
-0.118
-0.133
-0.146
-0.156
-0.164
-0.171
-0.179
-0.183
-0.173
-0.155
-0.143
-0.133
-0.124
-0.116
-0.109
-0.102
-0.095
-0.088
-0.083
-0.079
-0.074
-0.07
-0.066
-0.063
-0.059
-0.055
-0.051
-0.049
-0.048
-0.048
-0.048
-0.049
-0.049
-0.05
-0.051
-0.053
-0.056
-0.058
-0.06
-0.063
-0.066
-0.069
-0.075
-0.087
-0.098
-0.108
-0.113
-0.117
-0.121
-0.124
-0.127
-0.129
-0.132
-0.136
-0.139
-0.142
-0.144
-0.147
-0.15
-0.155
-0.162
-0.18
-0.206
-0.218
-0.227
-0.225
-0.195
-0.114
0.008
0.16
0.325
0.485
0.619
0.674
0.669
0.586
0.434
0.245
0.045
-0.124
-0.241
-0.28
-0.294
-0.293
-0.274
-0.256
-0.238
-0.239
-0.264
-0.294
-0.323
-0.334
-0.342
-0.35
-0.348
-0.329
-0.299
-0.268
-0.254
-0.245
-0.239
-0.235
-0.235
-0.238
-0.242
-0.247
-0.253
-0.261
-0.266
-0.256
-0.237
-0.223
-0.21
-0.198
-0.187
-0.176
-0.165
-0.155
-0.145
-0.136
-0.128
-0.121
-0.114
-0.105
-0.084
-0.056
-0.048
-0.044
-0.042
-0.04
-0.039
-0.037
-0.035
-0.032
-0.029
-0.026
-0.022
-0.017
-0.013
-0.009
-0.004
0.002
0.01
0.019
0.029
0.038
0.046
0.053
0.061
0.07
0.077
0.08
0.078
0.072
0.065
0.059
0.056
0.054
0.052
0.049
0.046
0.043
0.041
0.039
0.038
0.037
0.036
0.034
0.033
0.032
0.031
0.03
0.029
0.027
0.024
0.022
0.02
0.017
0.015
0.011
0.006
-0.003
-0.012
-0.012
-0.002
0.007
0.012
0.015
0.017
0.02
0.022
0.024
0.027
0.028
0.03
0.031
0.032
0.034
0.036
0.039
0.04
0.041
0.041
0.041
0.042
0.044
0.046
0.048
0.05
0.053
0.058
0.065
0.072
0.079
0.085
0.091
0.1
0.106
0.106
0.1
0.091
0.082
0.071
0.06
0.048
0.028
0.004
-0.005
-0.01
-0.015
-0.018
-0.019
-0.019
-0.017
-0.013
-0.008
-0.002
0.002
0.006
0.013
0.021
0.027
0.03
0.029
0.025
0.018
0.01
0.002
-0.01
-0.011
0.003
0.041
0.129
0.259
0.426
0.614
0.795
0.942
0.999
0.988
0.877
0.683
0.481
0.31
0.18
0.088
0.022
-0.001
-0.008
-0.013
-0.019
-0.021
-0.012
0.005
0.019
0.032
0.042
0.048
0.052
0.054
0.056
0.06
0.063
0.065
0.065
0.062
0.054
0.045
0.031
0.013
0.006
0.0
-0.005
-0.004
0.013
0.04
0.067
0.083
0.096
0.117
0.129
0.137
0.143
0.149
0.156
0.162
0.168
0.173
0.18
0.189
0.203
0.217
0.231
0.25
0.266
0.264
0.263
0.264
0.265
0.265
0.265
0.262
0.258
0.254
0.25
0.246
0.242
0.236
0.23
0.224
0.218
0.211
0.202
0.198
0.204
0.216
0.225
0.234
0.241
0.244
0.24
0.232
0.222
0.209
0.19
0.178
0.165
0.152
0.137
0.124
0.113
0.105
0.1
0.093
0.085
0.075
0.067
0.059
0.056
0.06
0.067
0.072
0.078
0.083
0.083
0.077
0.067
0.055
0.04
0.027
0.01
-0.011
-0.026
-0.033
-0.04
-0.046
-0.051
-0.056
-0.06
-0.066
-0.071
-0.07
-0.064
-0.055
-0.049
-0.042
-0.036
-0.033
-0.033
-0.035
-0.04
-0.046
-0.057
-0.076
-0.088
-0.096
-0.105
-0.113
-0.126
-0.146
-0.161
-0.169
-0.177
-0.185
-0.193
-0.202
-0.213
-0.214
-0.208
-0.204
-0.201
-0.198
-0.196
-0.195
-0.195
-0.197
-0.199
-0.2
-0.203
-0.207
-0.207
-0.195
-0.177
-0.158
-0.148
-0.142
-0.137
-0.135
-0.137
-0.142
-0.151
-0.178
-0.213
-0.23
-0.242
-0.25
-0.235
-0.189
-0.099
0.026
0.183
0.356
0.524
0.654
0.701
0.635
0.47
0.242
0.001
-0.193
-0.318
-0.357
-0.37
-0.359
-0.35
-0.344
-0.339
-0.336
-0.336
-0.339
-0.344
-0.348
-0.352
-0.356
-0.36
-0.363
-0.363
-0.36
-0.354
-0.347
-0.336
-0.321
-0.313
-0.308
-0.303
-0.299
-0.296
-0.296
-0.298
-0.302
-0.307
-0.313
-0.321
-0.335
-0.347
-0.362
-0.381
-0.415
-0.444
-0.454
-0.454
-0.443
-0.429
-0.409
-0.39
-0.371
-0.351
-0.33
-0.317
-0.311
-0.306
-0.302
-0.297
-0.292
-0.287
-0.277
-0.258
-0.239
-0.223
-0.199
-0.17
-0.137
-0.104
-0.084
-0.062
-0.04
-0.024
-0.012
-0.005
0.0
0.005
0.005
0.002
0.0
-0.001
-0.002
-0.003
-0.002
-0.002
0.0
0.004
0.011
0.018
0.03
0.05
0.066
0.074
0.081
0.086
0.09
0.091
0.09
0.086
0.08
0.072
0.06
0.042
0.036
0.032
0.029
0.027
0.025
0.024
0.023
0.023
0.023
0.024
0.026
0.03
0.036
0.042
0.048
0.063
0.089
0.113
0.138
0.167
0.183
0.188
0.191
0.194
0.196
0.196
0.193
0.187
0.181
0.178
0.176
0.173
0.171
0.168
0.167
0.167
0.172
0.178
0.185
0.192
0.198
0.206
0.215
0.221
0.222
0.219
0.213
0.206
0.194
0.173
0.135
0.106
0.097
0.089
0.085
0.083
0.084
0.084
0.085
0.086
0.087
0.089
0.09
0.09
0.09
0.086
0.081
0.075
0.071
0.066
0.061
0.056
0.054
0.055
0.06
0.069
0.082
0.129
0.213
0.326
0.465
0.617
0.755
0.83
0.832
0.769
0.627
0.466
0.32
0.211
0.148
0.117
0.092
0.068
0.027
-0.021
-0.061
-0.074
-0.056
-0.033
-0.013
0.002
0.016
0.028
0.037
0.044
