0.003
0.004
0.004
0.004
0.004
0.004
0.004
0.003
0.004
0.004
0.003
0.003
0.004
0.005
0.005
0.007
0.012
0.021
0.001
-0.061
-0.137
-0.238
-0.344
-0.428
-0.49
-0.512
-0.485
-0.401
-0.254
-0.093
0.052
0.133
0.163
0.165
0.15
0.143
0.139
0.137
0.135
0.132
0.129
0.126
0.123
0.12
0.117
0.115
0.114
0.114
0.113
0.111
0.108
0.105
0.102
0.097
0.092
0.086
0.08
0.074
0.067
0.06
0.053
0.044
0.037
0.032
0.032
0.035
0.04
0.045
0.051
0.062
0.068
0.059
0.04
0.017
-0.008
-0.019
-0.022
-0.023
-0.024
-0.026
-0.027
-0.028
-0.029
-0.03
-0.031
-0.033
-0.036
-0.039
-0.041
-0.042
-0.043
-0.046
-0.05
-0.055
-0.061
-0.074
-0.101
-0.111
-0.12
-0.128
-0.133
-0.123
-0.104
-0.091
-0.081
-0.071
-0.063
-0.059
-0.061
-0.063
-0.066
-0.07
-0.073
-0.078
-0.083
-0.087
-0.088
-0.086
-0.081
-0.077
-0.075
-0.073
-0.071
-0.068
-0.064
-0.059
-0.055
-0.051
-0.048
-0.045
-0.044
-0.042
-0.04
-0.038
-0.036
-0.034
-0.028
-0.023
-0.021
-0.025
-0.035
-0.049
-0.073
-0.114
-0.154
-0.203
-0.242
-0.267
-0.278
-0.271
-0.252
-0.223
-0.175
-0.119
-0.063
-0.003
0.042
0.063
0.078
0.087
0.088
0.081
0.073
0.069
0.067
0.064
0.061
0.057
0.053
0.049
0.045
0.043
0.041
0.039
0.038
0.039
0.04
0.042
0.042
0.043
0.041
0.039
0.037
0.034
0.031
0.026
0.019
0.012
0.005
0.002
0.0
0.0
-0.001
-0.002
-0.004
-0.005
-0.006
-0.007
-0.009
-0.012
-0.017
-0.02
-0.023
-0.024
-0.025
-0.025
-0.026
-0.027
-0.028
-0.029
-0.028
-0.028
-0.027
-0.027
-0.027
-0.027
-0.027
-0.027
-0.027
-0.027
-0.027
-0.026
-0.025
-0.025
-0.023
-0.022
-0.02
-0.019
-0.018
-0.017
-0.016
-0.015
-0.014
-0.012
-0.012
-0.012
-0.012
-0.012
-0.011
-0.01
-0.009
-0.009
-0.008
-0.008
-0.008
-0.007
-0.007
-0.008
-0.01
-0.012
-0.014
-0.016
-0.017
-0.019
-0.02
-0.022
-0.025
-0.035
-0.07
-0.146
-0.225
-0.316
-0.374
-0.394
-0.378
-0.325
-0.214
-0.097
0.011
0.103
0.153
0.17
0.176
0.166
0.147
0.128
0.107
0.108
0.134
0.161
0.187
0.188
0.157
0.106
0.075
0.069
0.064
0.064
0.072
0.087
0.098
0.107
0.113
0.112
0.108
0.102
0.098
0.095
0.09
0.085
0.079
0.073
0.066
0.058
0.048
0.038
0.031
0.026
0.024
0.024
0.022
0.02
0.018
0.017
0.017
0.016
0.015
0.012
0.008
0.005
0.003
0.001
-0.001
-0.005
-0.012
-0.019
-0.032
-0.058
-0.073
-0.082
-0.089
-0.096
-0.099
-0.094
-0.08
-0.063
-0.039
-0.009
-0.004
-0.002
0.0
0.001
0.002
0.004
0.006
0.007
0.008
0.008
0.008
0.007
0.005
0.003
0.001
0.0
-0.002
-0.003
-0.006
-0.01
-0.017
-0.024
-0.032
-0.042
-0.053
-0.065
-0.078
-0.097
-0.121
-0.136
-0.156
-0.18
-0.218
-0.263
-0.278
-0.278
-0.264
-0.227
-0.162
-0.09
-0.026
0.039
0.102
0.158
0.196
0.209
0.214
0.207
0.193
0.183
0.175
0.168
0.163
0.159
0.155
0.152
0.149
0.146
0.143
0.141
0.139
0.135
0.131
0.128
0.125
0.122
0.117
0.111
0.105
0.1
0.095
0.091
0.087
0.083
0.077
0.074
0.074
0.079
0.088
0.097
0.107
0.12
0.128
0.121
0.108
0.097
0.087
0.078
0.072
0.068
0.064
0.061
0.057
0.054
0.051
0.046
0.039
0.03
0.021
0.013
0.005
-0.002
-0.008
-0.01
-0.009
-0.005
0.0
0.004
0.009
0.017
0.024
0.028
0.026
0.021
0.016
0.012
0.007
0.002
0.0
0.0
0.002
0.008
0.017
0.033
0.056
0.067
0.073
0.079
0.082
0.081
0.076
0.068
0.06
0.052
0.042
0.034
0.027
0.021
0.015
0.01
0.004
0.0
-0.003
-0.003
0.001
0.01
0.019
0.026
0.036
0.046
0.05
0.049
0.044
0.038
0.034
0.031
0.028
0.026
0.023
0.02
0.016
0.012
0.008
0.006
0.003
0.001
0.0
-0.004
-0.011
-0.025
-0.03
-0.033
-0.037
-0.039
-0.032
-0.016
-0.006
0.003
0.012
0.018
0.02
0.019
0.015
0.01
0.003
-0.011
-0.033
-0.064
-0.121
-0.202
-0.301
-0.4
-0.461
-0.465
-0.423
-0.314
-0.183
-0.045
0.056
0.082
0.09
0.095
0.096
0.093
0.086
0.074
0.052
0.021
0.004
-0.005
-0.012
-0.012
-0.004
0.006
0.01
0.014
0.017
0.02
0.024
0.027
0.03
0.032
0.034
0.034
0.033
0.032
0.029
0.026
0.023
0.021
0.018
0.016
0.014
0.013
0.011
0.009
0.008
0.006
0.004
0.001
-0.001
-0.005
-0.008
-0.011
-0.014
-0.018
-0.021
-0.026
-0.04
-0.066
-0.075
-0.079
-0.084
-0.088
-0.092
-0.095
-0.097
-0.098
-0.099
-0.099
-0.098
-0.097
-0.095
-0.092
-0.09
-0.089
-0.088
-0.087
-0.086
-0.086
-0.086
-0.087
-0.086
-0.085
-0.084
-0.082
-0.081
-0.081
-0.081
-0.081
-0.082
-0.082
-0.085
-0.09
-0.089
-0.071
-0.063
-0.057
-0.052
-0.048
-0.044
-0.04
-0.036
-0.032
-0.028
-0.024
-0.023
-0.021
-0.021
-0.02
-0.02
-0.019
-0.018
-0.016
-0.011
-0.007
-0.007
-0.015
-0.025
-0.032
-0.039
-0.046
-0.052
-0.054
-0.052
-0.046
-0.04
-0.035
-0.033
-0.031
-0.029
-0.026
-0.023
-0.02
-0.017
-0.014
-0.011
-0.008
-0.005
-0.003
0.0
0.0
0.002
0.003
0.003
0.003
0.004
0.005
0.006
0.007
0.008
0.01
0.012
0.013
0.015
0.017
0.019
0.02
0.022
0.024
0.025
0.026
0.027
0.027
0.027
0.026
0.026
0.025
0.023
0.021
0.02
0.02
0.019
0.019
0.019
0.019
0.019
0.018
0.016
0.011
0.004
0.0
-0.001
0.001
0.005
0.009
0.011
0.014
0.018
0.022
0.026
0.027
0.027
0.024
0.017
0.007
-0.006
-0.057
-0.132
-0.242
-0.367
-0.483
-0.526
-0.515
-0.416
-0.265
-0.116
0.022
0.097
0.125
0.125
0.102
0.076
0.049
0.033
0.021
0.011
0.004
0.004
0.016
0.03
0.037
0.044
0.05
0.056
0.061
0.065
0.068
0.07
0.071
0.07
0.068
0.064
0.059
0.054
0.049
0.045
0.04
0.035
0.027
0.018
0.01
0.007
0.006
0.007
0.008
0.009
0.011
0.015
0.018
0.02
0.015
0.006
-0.001
-0.004
-0.007
-0.01
-0.014
-0.018
-0.023
-0.026
-0.029
-0.032
-0.033
-0.034
-0.033
-0.031
-0.028
-0.026
-0.024
-0.022
-0.021
-0.019
-0.016
-0.012
-0.01
-0.008
-0.006
0.002
0.008
0.006
0.002
-0.002
-0.007
-0.013
-0.022
-0.032
-0.044
-0.058
-0.061
-0.055
-0.051
-0.048
-0.043
-0.038
-0.03
-0.022
-0.012
0.0
0.0
-0.014
-0.027
-0.041
-0.049
-0.044
-0.033
-0.026
-0.02
-0.014
-0.009
-0.006
-0.005
-0.005
-0.005
-0.004
-0.005
-0.006
-0.008
-0.009
-0.01
-0.012
-0.013
-0.014
-0.017
-0.02
-0.022
-0.025
-0.027
-0.031
-0.036
-0.048
-0.075
-0.124
-0.179
-0.205
-0.221
-0.232
-0.232
-0.218
-0.197
-0.17
-0.123
-0.056
0.003
0.056
0.081
0.093
0.101
0.106
0.108
0.104
0.096
0.085
0.073
0.058
0.045
0.036
0.027
0.018
0.014
0.02
0.031
0.04
0.047
0.054
0.062
0.069
0.075
0.081
0.087
0.093
0.097
