-0.436
-0.534
-0.635
-0.733
-0.814
-0.837
-0.844
-0.848
-0.849
-0.846
-0.838
-0.83
-0.824
-0.819
-0.814
-0.809
-0.803
-0.798
-0.794
-0.79
-0.786
-0.782
-0.778
-0.774
-0.77
-0.765
-0.761
-0.755
-0.748
-0.736
-0.718
-0.703
-0.668
-0.61
-0.526
-0.43
-0.329
-0.233
-0.152
-0.105
-0.09
-0.103
-0.142
-0.215
-0.297
-0.382
-0.461
-0.528
-0.576
-0.594
-0.594
-0.581
-0.561
-0.535
-0.515
-0.504
-0.492
-0.48
-0.467
-0.45
-0.432
-0.418
-0.407
-0.398
-0.386
-0.376
-0.37
-0.367
-0.364
-0.361
-0.359
-0.357
-0.355
-0.353
-0.35
-0.346
-0.343
-0.34
-0.338
-0.335
-0.332
-0.329
-0.326
-0.323
-0.319
-0.315
-0.311
-0.306
-0.302
-0.298
-0.296
-0.294
-0.294
-0.295
-0.297
-0.299
-0.301
-0.303
-0.305
-0.307
-0.309
-0.311
-0.315
-0.318
-0.32
-0.322
-0.324
-0.324
-0.321
-0.317
-0.31
-0.301
-0.292
-0.283
-0.27
-0.259
-0.251
-0.246
-0.242
-0.238
-0.235
-0.232
-0.23
-0.227
-0.225
-0.222
-0.219
-0.216
-0.212
-0.208
-0.203
-0.196
-0.181
-0.164
-0.152
-0.142
-0.134
-0.13
-0.132
-0.141
-0.154
-0.177
-0.205
-0.225
-0.246
-0.27
-0.296
-0.324
-0.353
-0.383
-0.414
-0.444
-0.476
-0.511
-0.548
-0.569
-0.579
-0.588
-0.593
-0.596
-0.596
-0.594
-0.59
-0.584
-0.578
-0.571
-0.559
-0.547
-0.534
-0.519
-0.502
-0.485
-0.469
-0.452
-0.437
-0.421
-0.406
-0.387
-0.373
-0.362
-0.352
-0.344
-0.336
-0.328
-0.32
-0.311
-0.303
-0.294
-0.282
-0.266
-0.249
-0.232
-0.215
-0.194
-0.177
-0.164
-0.154
-0.147
-0.141
-0.138
-0.136
-0.134
-0.133
-0.132
-0.131
-0.131
-0.131
-0.131
-0.132
-0.133
-0.134
-0.134
-0.135
-0.135
-0.136
-0.136
-0.136
-0.135
-0.135
-0.134
-0.133
-0.133
-0.132
-0.131
-0.13
-0.129
-0.128
-0.127
-0.125
-0.123
-0.12
-0.118
-0.114
-0.111
-0.107
-0.104
-0.1
-0.096
-0.091
-0.086
-0.082
-0.077
-0.073
-0.07
-0.067
-0.064
-0.061
-0.059
-0.057
-0.055
-0.053
-0.052
-0.05
-0.049
-0.049
-0.048
-0.048
-0.048
-0.048
-0.049
-0.049
-0.049
-0.049
-0.048
-0.048
-0.047
-0.046
-0.044
-0.042
-0.04
-0.037
-0.033
-0.029
-0.023
-0.017
-0.011
-0.006
-0.001
0.004
0.01
0.017
0.027
0.036
0.045
0.053
0.059
0.065
0.069
0.073
0.077
0.081
0.085
0.089
0.094
0.097
0.101
0.104
0.107
0.11
0.114
0.116
0.119
0.12
0.121
0.12
0.119
0.116
0.113
0.109
0.105
0.101
0.097
0.093
0.091
0.088
0.087
0.085
0.084
0.083
0.082
0.081
0.08
0.08
0.079
0.078
0.077
0.076
0.076
0.076
0.075
0.075
0.074
0.073
0.072
0.069
0.065
0.055
0.055
0.068
0.103
0.165
0.242
0.334
0.433
0.522
0.579
0.6
0.6
0.58
0.53
0.457
0.365
0.269
0.186
0.117
0.084
0.081
0.077
0.074
0.072
0.071
0.069
0.068
0.067
0.066
0.065
0.065
0.066
0.066
0.066
0.066
0.065
0.064
0.063
0.061
0.06
0.059
0.058
0.057
0.056
0.055
0.054
0.052
0.051
0.051
0.05
0.049
0.049
0.049
0.048
0.049
0.049
0.049
0.05
0.05
0.051
0.051
0.05
0.049
0.048
0.047
0.046
0.046
0.045
0.044
0.044
0.044
0.044
0.044
0.043
0.042
0.041
0.04
0.039
0.039
0.04
0.041
0.043
0.046
0.05
0.055
0.059
0.063
0.067
0.072
0.077
0.083
0.089
0.094
0.1
0.105
0.111
0.117
0.122
0.127
0.132
0.135
0.138
0.141
0.144
0.147
0.15
0.153
0.156
0.16
0.162
0.163
0.161
0.158
0.153
0.147
0.14
0.131
0.116
0.102
0.089
0.076
0.063
0.049
0.033
0.015
-0.004
-0.025
-0.04
-0.052
-0.062
-0.072
-0.079
-0.083
-0.085
-0.087
-0.088
-0.09
-0.092
-0.093
-0.094
-0.095
-0.096
-0.097
-0.096
-0.095
-0.093
-0.09
-0.088
-0.085
-0.081
-0.078
-0.074
-0.07
-0.067
-0.065
-0.063
-0.061
-0.059
-0.057
-0.054
-0.053
-0.051
-0.049
-0.047
-0.046
-0.045
-0.045
-0.045
-0.045
-0.045
-0.045
-0.045
-0.045
-0.045
-0.045
-0.045
-0.045
-0.045
-0.045
-0.046
-0.047
-0.047
-0.047
-0.048
-0.048
-0.048
-0.048
-0.047
-0.046
-0.046
-0.045
-0.045
-0.045
-0.044
-0.044
-0.044
-0.043
-0.043
-0.042
-0.04
-0.039
-0.037
-0.035
-0.033
-0.03
-0.027
-0.024
-0.02
-0.016
-0.01
-0.004
0.0
0.005
0.007
0.007
0.005
0.002
0.0
-0.005
-0.01
-0.016
-0.028
-0.04
-0.052
-0.06
-0.066
-0.071
-0.075
-0.079
-0.084
-0.089
-0.094
-0.1
-0.106
-0.113
-0.121
-0.13
-0.139
-0.146
-0.147
-0.148
-0.149
-0.15
-0.151
-0.151
-0.152
-0.152
-0.152
-0.152
-0.148
-0.143
-0.136
-0.128
-0.121
-0.113
-0.105
-0.097
-0.091
-0.086
-0.081
-0.077
-0.072
-0.067
-0.061
-0.055
-0.049
-0.043
-0.037
-0.03
-0.023
-0.014
-0.005
0.003
0.009
0.016
0.022
0.028
0.032
0.036
0.037
0.037
0.037
0.036
0.035
0.034
0.033
0.032
0.032
0.032
0.032
0.032
0.031
0.03
0.03
0.029
0.028
0.027
0.025
0.024
0.022
0.021
0.02
0.019
0.017
0.015
0.013
0.011
0.01
0.008
0.006
0.004
-0.001
-0.007
-0.01
-0.008
-0.002
0.009
0.044
0.109
0.207
0.334
0.475
0.603
0.681
0.688
0.642
0.513
0.346
0.181
0.058
0.015
0.0
0.0
0.007
0.011
0.012
0.013
0.015
0.016
0.016
0.017
0.018
0.019
0.019
0.018
0.017
0.016
0.016
0.017
0.018
0.02
0.022
0.023
0.025
0.027
0.029
0.031
0.033
0.035
0.036
0.038
0.041
0.043
0.045
0.047
0.049
0.051
0.054
0.055
0.057
0.059
0.06
0.062
0.065
0.068
0.07
0.072
0.075
0.078
0.08
0.083
0.086
0.089
0.092
0.094
0.097
0.1
0.103
0.106
0.109
0.111
0.114
0.116
0.118
0.12
0.122
0.123
0.125
0.126
0.127
0.128
0.129
0.131
0.133
0.136
0.139
0.143
0.147
0.155
0.164
0.171
0.178
0.183
0.188
0.191
0.195
0.198
0.201
0.203
0.205
0.206
0.207
0.207
0.206
0.203
0.201
0.197
0.192
0.188
0.182
0.174
0.16
0.147
0.135
0.117
0.092
0.072
0.057
0.04
0.024
0.007
-0.007
-0.017
-0.025
-0.032
-0.04
-0.049
-0.055
-0.058
-0.06
-0.062
-0.063
-0.065
-0.067
-0.068
-0.068
-0.069
-0.069
-0.069
-0.069
-0.069
-0.068
-0.067
-0.067
-0.067
-0.066
-0.066
-0.065
-0.064
-0.063
-0.063
-0.062
-0.061
-0.06
-0.059
-0.058
-0.056
-0.056
-0.055
-0.055
-0.056
-0.056
-0.057
-0.058
-0.058
-0.059
-0.06
-0.062
-0.062
-0.063
-0.063
-0.063
-0.064
-0.065
-0.065
-0.066
-0.067
-0.067
-0.068
-0.068
-0.069
-0.069
-0.069
-0.068
-0.067
-0.066
-0.064
-0.063
-0.062
-0.06
-0.059
-0.058
-0.056
-0.056
-0.054
-0.05
-0.046
-0.043
-0.046
-0.054
-0.063
-0.072
-0.083
-0.093
-0.102
-0.109
-0.113
-0.116
-0.119
-0.122
-0.124
-0.126
-0.128
-0.13
-0.131
-0.132
-0.133
-0.134
-0.134
-0.134
-0.133
-0.133
-0.132
-0.132
-0.132
-0.131
-0.13
-0.129
-0.128
-0.127
-0.126
-0.124
-0.123
-0.121
-0.119
-0.117
-0.115
-0.113
-0.111
-0.108
-0.106
-0.104
-0.102
-0.1
-0.094
-0.086
-0.078
-0.071
-0.063
-0.058
-0.053
-0.049
-0.045
-0.041
-0.037
-0.034
-0.03
-0.027
-0.023
-0.017
-0.01
0.001
0.013
0.024
0.029
0.033
0.037
0.04
0.043
0.046
0.048
0.05
0.05
0.051
0.05
0.049
0.048
0.045
0.042
0.038
0.034
0.03
0.026
0.022
0.018
0.013
0.006
0.0
-0.002
-0.002
0.0
0.004
0.008
0.012
0.014
0.017
0.021
0.024
0.027
0.03
0.034
0.037
0.04
0.043
0.047
0.051
0.057
0.083
0.142
0.229
0.349
0.493
0.646
0.773
0.838
0.838
0.771
0.622
0.449
0.291
0.176
0.142
0.13
0.123
0.119
0.121
0.126
0.132
0.14
0.15
0.156
0.154
0.15
0.149
0.149
0.148
0.147
0.146
0.146
0.145
0.144
0.143
0.143
0.143
0.144
0.146
0.149
0.151
0.154
0.156
0.158
0.16
0.16
0.16
0.159
0.159
0.159
0.16
0.16
0.16
0.161
0.162
0.163
0.164
0.165
0.165
0.166
0.166
0.165
0.165
0.165
0.165
0.165
0.165
0.166
0.167
0.168
0.17
0.172
0.173
0.174
0.175
0.176
0.177
0.178
0.178
0.179
0.181
0.183
0.186
0.189
0.194
0.199
0.204
0.209
0.215
0.22
0.225
0.231
0.237
0.245
0.253
0.259
0.263
0.266
0.269
0.271
0.273
0.275
0.277
0.278
0.279
0.279
0.277
0.275
0.271
0.267
0.261
0.253
0.238
0.225
0.207
0.183
0.156
0.131
0.108
0.088
0.07
0.05
0.028
0.008
-0.002
-0.008
-0.012
-0.016
-0.02
-0.024
-0.027
-0.032
-0.037
-0.046
-0.054
-0.063
-0.066
-0.067
-0.068
-0.069
-0.071
-0.072
-0.073
-0.073
-0.074
-0.075
-0.075
-0.076
-0.076
-0.075
-0.075
-0.075
-0.075
-0.075
-0.075
-0.075
-0.075
-0.076
-0.076
-0.076
-0.077
-0.077
-0.078
-0.078
-0.079
-0.08
-0.08
-0.08
-0.081
-0.081
-0.082
-0.082
-0.083
-0.083
-0.084
-0.085
-0.086
-0.087
-0.089
-0.09
-0.091
-0.092
-0.093
-0.095
-0.096
-0.098
-0.099
-0.103
-0.107
-0.112
-0.115
-0.118
-0.12
-0.122
-0.123
-0.124
-0.126
-0.127
-0.127
-0.128
-0.128
-0.128
-0.128
-0.129
-0.129
-0.13
-0.13
-0.131
-0.133
-0.134
-0.136
-0.137
-0.139
-0.14
-0.142
-0.144
-0.146
-0.147
-0.148
-0.149
-0.15
-0.151
-0.153
-0.154
-0.156
-0.157
-0.158
-0.159
-0.161
-0.162
-0.163
-0.164
-0.164
-0.164
-0.165
-0.165
-0.166
-0.166
-0.165
-0.164
-0.164
-0.164
-0.164
-0.164
-0.163
-0.162
-0.16
-0.159
-0.157
-0.156
-0.155
-0.153
-0.151
-0.149
-0.147
-0.147
-0.146
-0.145
-0.144
-0.142
-0.14
-0.138
-0.136
-0.135
-0.133
-0.131
-0.129
-0.127
-0.126
-0.126
-0.125
-0.124
-0.121
-0.118
-0.109
-0.088
-0.073
-0.065
-0.058
-0.051
-0.042
-0.034
-0.029
-0.024
-0.02
-0.017
-0.014
-0.013
-0.013
-0.016
-0.02
-0.026
-0.032
-0.038
-0.043
-0.051
-0.06
-0.066
-0.068
-0.069
-0.07
-0.07
-0.071
-0.072
-0.073
-0.074
-0.074
-0.074
-0.073
-0.073
-0.074
-0.074
-0.074
-0.074
-0.073
-0.073
-0.072
-0.071
-0.071
-0.069
-0.067
-0.063
-0.06
-0.056
-0.036
0.012
0.092
0.2
0.335
0.479
0.609
0.696
0.706
0.669
0.543
0.372
0.201
0.061
-0.011
-0.036
-0.023
-0.016
-0.013
-0.011
-0.01
-0.008
-0.007
-0.007
-0.006
-0.006
-0.005
-0.004
-0.001
0.0
0.0
0.001
0.002
0.004
0.006
0.009
0.011
0.013
0.015
0.016
0.018
0.019
0.021
0.023
0.025
0.027
0.029
0.032
0.035
0.038
0.04
0.042
0.043
0.044
0.045
0.047
0.049
0.054
0.065
0.07
0.072
0.074
0.075
0.077
0.078
0.079
0.08
0.082
0.083
0.086
0.088
0.091
0.093
0.096
0.101
0.108
0.117
0.125
0.134
0.139
0.143
0.147
0.151
0.155
0.158
0.161
0.163
0.166
0.168
0.171
0.175
0.18
0.187
0.195
0.2
0.205
0.209
0.213
0.217
0.221
0.226
0.23
0.235
0.238
0.243
0.247
0.25
0.251
0.25
0.247
0.243
0.237
0.227
0.21
0.196
0.18
0.164
0.144
0.121
0.097
0.071
0.047
0.026
0.004
-0.012
-0.025
-0.039
-0.044
-0.047
-0.05
-0.052
-0.054
-0.055
-0.057
-0.058
-0.059
-0.06
-0.062
-0.063
-0.065
-0.065
-0.066
-0.066
-0.067
-0.068
-0.069
-0.069
-0.07
-0.071
-0.073
-0.076
-0.078
-0.078
-0.074
-0.069
-0.064
-0.061
-0.058
-0.056
-0.054
-0.051
-0.049
-0.046
-0.044
-0.043
-0.041
-0.04
-0.038
-0.036
-0.035
-0.034
-0.033
-0.032
-0.031
-0.03
-0.03
-0.03
-0.03
-0.03
-0.029
-0.029
-0.028
-0.028
-0.027
-0.027
-0.027
-0.027
-0.028
-0.028
-0.029
-0.029
-0.03
-0.03
-0.029
-0.029
-0.028
-0.026
-0.025
-0.023
-0.022
-0.02
-0.019
-0.019
-0.018
-0.018
-0.017
-0.017
-0.017
-0.017
-0.016
-0.016
-0.016
-0.015
-0.015
-0.015
-0.016
-0.016
-0.016
-0.016
-0.016
-0.016
-0.016
-0.016
-0.015
-0.015
-0.014
-0.013
-0.011
-0.01
-0.009
-0.008
-0.007
-0.005
-0.004
-0.002
0.0
0.002
0.005
0.007
0.01
0.013
0.015
0.017
0.019
0.02
0.022
0.025
0.027
0.031
0.038
0.044
0.05
0.055
0.058
0.061
0.063
0.065
0.067
0.07
0.073
0.076
0.08
0.085
0.091
0.101
0.11
0.119
0.129
0.139
0.146
0.151
0.154
0.156
0.158
0.16
0.161
0.162
0.161
0.16
0.157
0.154
0.15
0.146
0.141
0.131
0.123
0.115
0.112
0.109
0.107
0.105
0.104
0.102
0.101
0.101
0.1
0.099
0.098
0.096
0.096
0.095
0.095
0.095
0.094
0.093
0.092
0.09
0.088
0.086
0.08
0.079
0.088
0.11
0.16
0.24
0.353
0.492
0.636
0.759
0.818
0.813
0.725
0.558
0.36
0.174
0.037
-0.022
-0.041
-0.026
-0.01
0.003
0.002
-0.005
-0.01
-0.013
-0.016
-0.018
-0.02
-0.02
-0.021
-0.023
-0.025
-0.028
-0.031
-0.032
-0.033
-0.031
-0.029
-0.027
-0.026
-0.025
-0.024
-0.023
-0.022
-0.021
-0.02
-0.019
-0.019
-0.02
-0.021
-0.023
-0.024
-0.026
-0.027
-0.027
-0.028
-0.03
-0.032
-0.033
-0.033
-0.028
-0.021
-0.014
-0.008
0.0
0.006
0.011
0.011
0.009
0.005
0.0
-0.003
-0.009
-0.013
-0.015
-0.013
-0.009
-0.004
0.0
0.003
0.008
0.012
0.016
0.019
0.022
0.026
0.03
0.034
0.04
0.045
0.051
0.056
0.061
0.067
0.074
0.08
0.087
0.095
0.105
0.115
0.123
0.132
0.141
0.147
0.151
0.155
0.159
0.161
0.163
0.161
0.155
0.146
0.131
0.109
0.089
0.07
0.054
0.042
0.027
0.008
-0.013
-0.031
-0.044
-0.054
-0.067
-0.087
-0.104
-0.115
-0.124
-0.133
-0.137
-0.14
-0.142
-0.144
-0.145
-0.147
-0.149
-0.151
-0.153
-0.155
-0.157
-0.159
-0.161
-0.163
-0.164
-0.166
-0.168
-0.17
-0.173
-0.175
-0.176
-0.176
-0.174
-0.172
-0.169
-0.165
-0.161
-0.155
-0.144
-0.134
-0.125
-0.121
-0.118
-0.116
-0.114
-0.113
-0.112
-0.111
-0.11
-0.109
-0.108
-0.107
-0.107
-0.106
-0.105
-0.104
-0.104
-0.104
-0.105
-0.106
-0.106
-0.107
-0.107
-0.108
-0.108
-0.108
-0.107
-0.106
-0.104
-0.103
-0.102
-0.101
-0.099
-0.097
-0.095
-0.093
-0.093
-0.093
-0.093
-0.092
-0.091
-0.09
-0.089
-0.088
-0.088
-0.087
-0.087
-0.086
-0.086
-0.086
-0.086
-0.085
-0.085
-0.085
-0.085
-0.085
-0.085
-0.085
-0.084
-0.084
-0.083
-0.083
-0.083
-0.083
-0.083
-0.082
-0.082
-0.082
-0.081
-0.08
-0.079
-0.078
-0.076
-0.075
-0.074
-0.073
-0.071
-0.07
-0.068
-0.067
-0.066
-0.065
-0.062
-0.059
-0.055
-0.052
-0.049
-0.045
-0.042
-0.039
-0.036
-0.034
-0.032
-0.03
-0.028
-0.025
-0.022
-0.019
-0.016
-0.014
-0.012
-0.01
-0.009
-0.007
-0.005
-0.004
-0.003
-0.001
0.0
0.002
0.002
0.0
-0.004
-0.011
-0.023
-0.041
-0.05
-0.057
-0.061
-0.061
-0.057
-0.051
-0.048
-0.045
-0.042
-0.039
-0.037
-0.036
-0.034
-0.034
-0.033
-0.034
-0.035
-0.037
-0.039
-0.042
-0.045
-0.049
-0.053
-0.058
-0.068
-0.074
-0.07
-0.059
-0.028
0.03
0.118
0.229
0.356
0.484
0.592
0.638
0.607
0.508
0.358
0.198
0.069
-0.012
-0.025
-0.029
-0.031
-0.033
-0.035
-0.036
-0.036
-0.037
-0.038
-0.039
-0.04
-0.04
-0.04
-0.041
-0.042
-0.043
-0.044
-0.044
-0.043
-0.043
-0.042
-0.042
-0.042
-0.041
-0.041
-0.039
-0.038
-0.037
-0.036
-0.034
-0.032
-0.03
-0.027
-0.024
-0.021
-0.016
-0.01
-0.004
0.0
0.004
0.007
0.011
0.015
0.019
0.023
0.028
0.033
0.038
0.042
0.046
0.05
0.054
0.058
0.062
0.066
0.07
0.074
0.079
0.083
0.088
0.093
0.098
0.102
0.105
0.109
0.112
0.115
0.118
0.122
0.127
0.133
0.139
0.145
0.152
0.161
0.17
0.181
0.192
0.198
0.203
0.207
0.211
0.215
0.218
0.221
0.222
0.223
0.224
0.224
0.225
0.225
0.225
0.225
0.226
0.226
0.228
0.229
0.224
0.212
0.195
0.172
0.152
0.132
0.113
0.089
0.065
0.049
0.037
0.028
0.022
0.016
0.009
0.003
-0.003
-0.009
-0.014
-0.019
-0.024
-0.028
-0.03
-0.033
-0.035
-0.037
-0.038
-0.039
-0.038
-0.038
-0.036
-0.033
-0.028
-0.024
-0.019
-0.015
-0.012
-0.01
-0.008
-0.006
-0.004
-0.002
0.0
0.0
0.001
0.003
0.004
0.006
0.007
0.008
0.009
0.009
0.01
0.011
0.012
0.012
0.013
0.013
0.014
0.016
0.017
0.019
0.022
0.024
0.026
0.028
0.029
0.03
0.029
0.028
0.025
0.022
0.018
0.014
0.009
0.005
0.0
-0.007
-0.015
-0.02
-0.022
-0.024
-0.025
-0.026
-0.027
-0.028
-0.028
-0.028
-0.028
-0.028
-0.027
-0.026
-0.025
-0.025
-0.024
-0.024
-0.025
-0.025
-0.027
-0.028
-0.029
-0.031
-0.033
-0.034
-0.036
-0.037
-0.039
-0.041
-0.044
-0.047
-0.051
-0.055
-0.059
-0.062
-0.064
-0.066
-0.067
-0.068
-0.068
-0.068
-0.069
-0.069
-0.069
-0.07
-0.071
-0.072
-0.073
-0.074
-0.074
-0.074
-0.074
-0.073
-0.072
-0.069
-0.066
-0.062
-0.059
-0.055
-0.051
-0.046
-0.036
-0.027
-0.018
-0.013
-0.009
-0.005
-0.002
0.0
0.0
0.0
-0.004
-0.009
-0.015
-0.02
-0.026
-0.034
-0.042
-0.049
-0.054
-0.058
-0.06
-0.061
-0.062
-0.064
-0.065
-0.066
-0.066
-0.066
-0.067
-0.067
-0.068
-0.07
-0.07
-0.07
-0.07
-0.07
-0.07
-0.071
-0.071
-0.072
-0.073
-0.074
-0.075
-0.079
-0.087
-0.078
-0.049
0.002
0.09
0.209
0.348
0.48
0.574
0.591
0.574
0.472
0.322
0.171
0.049
-0.031
-0.048
-0.048
-0.049
-0.049
-0.049
-0.051
-0.051
-0.053
-0.057
-0.062
-0.067
-0.071
-0.073
-0.074
-0.076
-0.079
-0.081
-0.084
-0.087
-0.089
-0.092
-0.094
-0.095
-0.097
-0.097
-0.098
-0.098
-0.097
-0.096
-0.094
-0.093
-0.091
-0.089
-0.087
-0.085
-0.083
-0.081
-0.079
-0.076
-0.074
-0.072
-0.069
-0.066
-0.063
-0.06
-0.058
-0.056
-0.055
-0.055
-0.055
-0.056
-0.058
-0.06
-0.062
-0.064
-0.066
-0.068
-0.07
-0.073
-0.077
-0.081
-0.085
-0.086
-0.086
-0.083
-0.079
-0.073
-0.065
-0.051
-0.038
-0.024
-0.01
0.001
0.017
0.039
0.057
0.071
0.085
0.099
0.112
0.124
0.134
0.141
0.148
0.156
0.164
0.17
0.174
0.178
0.181
0.184
0.186
0.186
0.186
0.185
0.183
0.18
0.177
0.173
0.166
0.154
0.14
0.123
0.101
0.079
0.056
0.038
0.028
0.021
0.017
0.015
0.013
0.012
0.011
0.01
0.009
0.008
0.008
0.008
0.01
0.013
0.017
0.019
0.022
0.024
0.027
0.03
0.032
0.034
0.036
0.037
0.037
0.039
0.04
0.041
0.041
0.041
0.04
0.04
0.042
0.043
0.045
0.046
0.046
0.047
0.048
0.049
0.05
0.05
0.05
0.05
0.051
0.052
0.053
0.054
0.053
0.052
0.051
0.051
0.051
0.051
0.051
0.05
0.049
0.048
0.048
0.048
0.048
0.046
0.042
0.039
0.044
0.053
0.065
0.078
0.082
0.084
0.084
0.085
0.086
0.088
0.089
0.089
0.09
0.091
0.091
0.092
0.092
0.092
0.091
0.09
0.089
0.089
0.088
0.088
0.088
0.088
0.088
0.087
0.086
0.085
0.085
0.084
0.083
0.083
0.082
0.082
0.081
0.081
0.08
0.08
0.079
0.078
0.076
0.076
0.078
0.084
0.089
0.092
0.093
0.095
0.096
0.097
0.099
0.1
0.101
0.103
0.104
0.106
0.108
0.11
0.112
0.113
0.115
0.117
0.119
0.121
0.124
0.127
0.131
0.135
0.14
0.145
0.149
0.152
0.155
0.158
0.161
0.164
0.168
0.173
0.178
0.183
0.188
0.193
0.201
0.213
0.228
0.244
0.26
0.271
0.277
0.283
0.286
0.286
0.283
0.276
0.268
0.258
0.247
0.237
0.228
0.224
0.221
0.219
0.216
0.213
0.211
0.21
0.21
0.21
0.21
0.211
0.212
0.213
0.215
0.217
0.22
0.221
0.224
0.228
0.231
0.231
0.226
0.215
0.199
0.177
0.162
0.152
0.16
0.184
0.247
0.337
0.455
0.587
0.713
0.808
0.845
0.81
0.708
0.557
0.396
0.267
0.177
0.141
0.131
0.124
0.116
0.106
0.097
0.091
0.086
0.081
0.077
0.073
0.071
0.069
0.069
0.071
0.072
0.074
0.077
0.081
0.086
0.091
0.098
0.109
0.115
0.117
0.117
0.118
0.118
0.118
0.119
0.119
0.119
0.12
0.12
0.122
0.123
0.124
0.126
0.128
0.13
0.133
0.135
0.136
0.138
0.14
0.143
0.145
0.147
0.149
0.151
0.154
0.156
0.158
0.16
0.162
0.164
0.165
0.167
0.168
0.169
0.17
0.171
0.172
0.173
0.175
0.176
0.178
0.18
0.182
0.183
0.186
0.188
0.19
0.192
0.193
0.193
0.194
0.194
0.195
0.195
0.195
0.196
0.195
0.195
0.194
0.194
0.192
0.191
0.189
0.187
0.184
0.182
0.179
0.176
0.173
0.167
0.151
0.134
0.112
0.085
0.059
0.034
0.011
-0.011
-0.03
-0.044
-0.057
-0.073
-0.094
-0.114
-0.137
-0.157
-0.172
-0.183
-0.193
-0.204
-0.22
-0.227
-0.23
-0.233
-0.235
-0.238
-0.24
-0.241
-0.243
-0.245
-0.247
-0.249
-0.251
-0.253
-0.254
-0.256
-0.257
-0.259
-0.262
-0.264
-0.266
-0.268
-0.271
-0.274
-0.277
-0.28
-0.281
-0.282
-0.281
-0.28
-0.278
-0.275
-0.273
-0.27
-0.268
-0.266
-0.264
-0.262
-0.26
-0.258
-0.257
-0.255
-0.253
-0.252
-0.25
-0.249
-0.248
-0.247
-0.246
-0.244
-0.243
-0.241
-0.239
-0.238
-0.236
-0.234
-0.232
-0.23
-0.228
-0.226
-0.224
-0.221
-0.219
-0.217
-0.215
-0.214
-0.213
-0.211
-0.211
-0.211
-0.212
-0.213
-0.215
-0.217
-0.22
-0.222
-0.225
-0.228
-0.23
-0.232
-0.234
-0.236
-0.237
-0.239
-0.241
-0.242
-0.243
-0.243
-0.244
-0.245
-0.246
-0.247
-0.247
-0.247
-0.246
-0.246
-0.246
-0.245
-0.244
-0.243
-0.241
-0.24
-0.239
-0.237
-0.236
-0.234
-0.233
-0.232
-0.231
-0.23
-0.23
-0.229
-0.228
-0.227
-0.226
-0.225
-0.224
-0.223
-0.221
-0.22
-0.218
-0.218
-0.217
-0.217
-0.217
-0.218
-0.218
-0.218
-0.219
-0.219
-0.219
-0.218
-0.218
-0.217
-0.217
-0.217
-0.216
-0.216
-0.216
-0.216
-0.216
-0.215
-0.214
-0.213
-0.211
-0.209
-0.206
-0.199
-0.183
-0.169
-0.157
-0.146
-0.135
-0.123
-0.11
-0.098
-0.089
-0.083
-0.078
-0.073
-0.068
-0.064
-0.061
-0.059
-0.057
-0.055
-0.053
-0.052
-0.052
-0.053
-0.056
-0.059
-0.062
-0.064
-0.068
-0.072
-0.075
-0.076
-0.074
-0.069
-0.063
-0.056
-0.05
-0.044
-0.037
-0.032
-0.029
-0.027
-0.026
-0.025
-0.023
-0.021
-0.02
-0.025
-0.036
-0.053
-0.073
-0.087
-0.096
-0.085
-0.054
0.016
0.121
0.261
0.418
0.56
0.652
0.664
0.633
0.515
0.355
0.19
0.05
-0.032
-0.059
-0.048
-0.029
-0.013
-0.001
-0.006
-0.03
-0.044
-0.047
-0.048
-0.049
-0.049
-0.048
-0.048
-0.049
-0.05
-0.05
-0.051
-0.051
-0.051
-0.051
-0.05
-0.048
-0.047
-0.044
-0.042
-0.04
-0.038
-0.036
-0.035
-0.033
-0.031
-0.03
-0.029
-0.028
-0.026
-0.024
-0.021
-0.018
-0.015
-0.012
-0.01
-0.007
-0.005
-0.004
-0.003
-0.002
-0.001
0.0
0.0
0.001
0.003
0.004
0.006
0.008
0.01
0.013
0.014
0.016
0.017
0.018
0.02
0.022
0.026
0.033
0.047
0.058
0.065
0.07
0.074
0.079
0.086
0.093
0.099
0.105
0.111
0.118
0.123
0.128
0.132
0.136
0.139
0.145
0.151
0.158
0.167
0.176
0.183
0.189
0.195
0.2
0.202
0.202
0.2
0.196
0.19
0.183
0.169
0.143
0.124
0.108
0.094
0.075
0.05
0.029
0.012
-0.002
-0.013
-0.02
-0.026
-0.034
-0.043
-0.051
-0.054
-0.057
-0.06
-0.063
-0.065
-0.068
-0.07
-0.072
-0.074
-0.075
-0.077
-0.077
-0.078
-0.078
-0.078
-0.078
-0.078
-0.078
-0.078
-0.078
-0.077
-0.076
-0.075
-0.074
-0.072
-0.071
-0.069
-0.067
-0.065
-0.063
-0.062
