0.162
0.143
0.13
0.121
0.116
0.113
0.111
0.11
0.106
0.102
0.098
0.1
0.108
0.117
0.122
0.125
0.128
0.131
0.134
0.136
0.136
0.136
0.133
0.131
0.127
0.123
0.119
0.114
0.11
0.107
0.105
0.102
0.099
0.096
0.093
0.091
0.088
0.086
0.084
0.082
0.08
0.077
0.074
0.07
0.063
0.054
0.047
0.042
0.036
0.022
0.006
0.0
-0.004
-0.007
-0.007
-0.001
0.008
0.021
0.039
0.056
0.066
0.073
0.079
0.085
0.089
0.091
0.092
0.093
0.097
0.105
0.104
0.089
0.065
0.036
0.007
-0.009
-0.016
-0.022
-0.021
-0.012
0.004
-0.001
-0.074
-0.216
-0.401
-0.583
-0.681
-0.682
-0.593
-0.425
-0.261
-0.112
0.016
0.109
0.155
0.171
0.16
0.127
0.059
0.005
-0.013
-0.001
0.036
0.087
0.101
0.104
0.106
0.084
0.049
0.009
-0.01
-0.019
-0.026
-0.033
-0.037
-0.04
-0.042
-0.043
-0.043
-0.044
-0.045
-0.046
-0.045
-0.046
-0.046
-0.047
-0.049
-0.051
-0.057
-0.064
-0.073
-0.083
-0.099
-0.116
-0.135
-0.154
-0.173
-0.185
-0.193
-0.198
-0.202
-0.209
-0.217
-0.226
-0.235
-0.244
-0.254
-0.264
-0.271
-0.276
-0.281
-0.285
-0.29
-0.295
-0.3
-0.303
-0.305
-0.305
-0.304
-0.302
-0.3
-0.296
-0.289
-0.28
-0.262
-0.23
-0.203
-0.177
-0.156
-0.141
-0.126
-0.105
-0.079
-0.059
-0.047
-0.035
-0.023
-0.011
0.0
0.011
0.026
0.04
0.054
0.065
0.074
0.081
0.087
0.092
0.094
0.09
0.08
0.071
0.066
0.062
0.057
0.052
0.047
0.043
0.039
0.036
0.033
0.031
0.03
0.032
0.034
0.036
0.038
0.04
0.041
0.042
0.043
0.043
0.043
0.043
0.045
0.049
0.053
0.055
0.055
0.054
0.052
0.052
0.052
0.051
0.05
0.047
0.044
0.041
0.039
0.037
0.034
0.031
0.027
0.025
0.025
0.029
0.034
0.04
0.047
0.056
0.061
0.057
0.049
0.042
0.034
0.029
0.028
0.032
0.036
0.038
0.04
0.042
0.044
0.046
0.048
0.049
0.05
0.049
0.049
0.047
0.045
0.041
0.037
0.032
0.027
0.022
0.012
0.004
0.004
0.006
0.009
0.013
0.017
0.019
0.014
0.006
0.001
-0.002
-0.005
-0.008
-0.01
-0.012
-0.014
-0.017
-0.02
-0.023
-0.026
-0.028
-0.031
-0.035
-0.041
-0.047
-0.05
-0.046
-0.037
-0.028
-0.021
-0.015
-0.01
-0.005
-0.001
0.002
0.006
0.008
0.01
0.011
0.012
0.014
0.015
0.015
0.014
0.011
0.006
-0.001
-0.013
-0.056
-0.141
-0.263
-0.41
-0.563
-0.684
-0.732
-0.691
-0.568
-0.372
-0.137
0.077
0.215
0.238
0.227
0.147
0.046
-0.035
-0.058
-0.066
-0.042
-0.001
0.036
0.056
0.07
0.074
0.068
0.055
0.035
0.01
0.003
0.0
-0.002
-0.004
-0.005
-0.005
-0.005
-0.007
-0.008
-0.009
-0.01
-0.011
-0.011
-0.011
-0.012
-0.012
-0.012
-0.012
-0.013
-0.014
-0.017
-0.021
-0.025
-0.035
-0.057
-0.072
-0.081
-0.093
-0.106
-0.121
-0.138
-0.152
-0.161
-0.166
-0.169
-0.172
-0.174
-0.177
-0.181
-0.186
-0.19
-0.193
-0.197
-0.2
-0.204
-0.208
-0.21
-0.211
-0.209
-0.205
-0.199
-0.193
-0.181
-0.161
-0.147
-0.137
-0.127
-0.117
-0.088
-0.045
-0.034
-0.027
-0.019
-0.009
0.0
0.008
0.015
0.021
0.028
0.034
0.04
0.046
0.052
0.057
0.063
0.069
0.077
0.086
0.095
0.101
0.105
0.107
0.111
0.118
0.126
0.11
0.1
0.096
0.092
0.088
0.086
0.084
0.084
0.083
0.082
0.081
0.081
0.082
0.083
0.085
0.086
0.086
0.087
0.089
0.09
0.083
0.069
0.056
0.042
0.033
0.03
0.028
0.025
0.02
0.036
0.05
0.059
0.067
0.072
0.074
0.076
0.078
0.082
0.088
0.088
0.073
0.062
0.053
0.046
0.042
0.044
0.049
0.055
0.061
0.064
0.069
0.076
0.081
0.085
0.085
0.083
0.079
0.074
0.07
0.065
0.057
0.05
0.049
0.054
0.063
0.074
0.088
0.107
0.124
0.14
0.14
0.124
0.109
0.093
0.082
0.073
0.067
0.063
0.06
0.057
0.054
0.05
0.046
0.043
0.04
0.038
0.036
0.031
0.027
0.024
0.024
0.029
0.036
0.043
0.05
0.059
0.066
0.066
0.056
0.045
0.039
0.034
0.03
0.026
0.023
0.019
0.016
0.012
0.007
0.004
0.001
-0.002
-0.005
-0.01
-0.016
-0.027
-0.041
-0.057
-0.066
-0.074
-0.082
-0.09
-0.094
-0.095
-0.091
-0.085
-0.079
-0.072
-0.066
-0.059
-0.05
-0.042
-0.036
-0.03
-0.026
-0.022
-0.017
-0.012
-0.009
-0.007
-0.005
-0.005
-0.005
-0.004
-0.005
-0.007
-0.011
-0.017
-0.024
-0.032
-0.067
-0.129
-0.21
-0.313
-0.443
-0.584
-0.699
-0.725
-0.706
-0.579
-0.39
-0.186
-0.017
0.053
0.077
0.049
0.021
0.0
-0.012
-0.015
-0.017
-0.019
-0.02
-0.022
-0.023
-0.026
-0.029
-0.032
-0.035
-0.039
-0.044
-0.054
-0.076
-0.101
-0.129
-0.146
-0.157
-0.165
-0.17
-0.171
-0.166
-0.159
-0.151
-0.143
-0.134
-0.126
-0.124
-0.126
-0.131
-0.136
-0.139
-0.143
-0.147
-0.152
-0.156
-0.159
-0.163
-0.166
-0.17
-0.174
-0.179
-0.187
-0.194
-0.2
-0.206
-0.212
-0.218
-0.222
-0.222
-0.22
-0.217
-0.215
-0.212
-0.208
-0.2
-0.202
-0.221
-0.233
-0.244
-0.254
-0.258
-0.257
-0.251
-0.242
-0.218
-0.165
-0.13
-0.096
-0.071
-0.051
-0.026
0.014
0.05
0.069
0.086
0.101
0.116
0.145
0.186
0.207
0.219
0.229
0.235
0.238
0.237
0.235
0.231
0.228
0.224
0.215
0.21
0.217
0.23
0.236
0.241
0.246
0.251
0.255
0.258
0.26
0.263
0.265
0.265
0.263
0.26
0.255
0.251
0.246
0.24
0.234
0.227
0.217
0.196
0.188
0.185
0.182
0.177
0.173
0.177
0.187
0.194
0.202
0.209
0.213
0.213
0.207
0.199
0.193
0.188
0.183
0.176
0.17
0.165
0.164
0.167
0.172
0.177
0.182
0.187
0.193
0.201
0.208
0.213
0.213
0.209
0.201
0.193
0.185
0.179
0.172
0.164
0.156
0.148
0.143
0.139
0.136
0.132
0.126
0.114
0.087
0.064
0.05
0.052
0.07
0.085
0.1
0.114
0.126
0.133
0.138
0.143
0.148
0.152
0.156
0.158
0.16
0.16
0.16
0.158
0.157
0.153
0.148
0.142
0.135
0.128
0.115
0.092
0.06
0.016
-0.03
-0.1
-0.189
-0.316
-0.477
-0.65
-0.798
-0.834
-0.811
-0.655
-0.411
-0.132
0.121
0.256
0.274
0.231
0.122
0.008
-0.058
-0.08
-0.061
-0.031
0.007
0.038
0.058
0.067
0.054
0.033
0.022
0.015
0.01
0.006
0.002
-0.002
-0.007
-0.013
-0.019
-0.023
-0.028
-0.032
-0.037
-0.043
-0.048
-0.054
-0.063
-0.073
-0.082
-0.09
-0.1
-0.108
-0.116
-0.123
-0.128
-0.134
-0.141
-0.148
-0.155
-0.161
-0.168
-0.176
-0.185
-0.196
-0.208
-0.223
-0.239
-0.255
-0.272
-0.288
-0.301
-0.314
-0.323
-0.331
-0.338
-0.344
-0.35
-0.354
-0.358
-0.36
-0.359
-0.357
-0.354
-0.35
-0.344
-0.336
-0.326
-0.304
-0.264
-0.226
-0.189
-0.162
-0.141
-0.112
-0.094
-0.082
-0.073
-0.066
-0.059
-0.051
-0.042
-0.033
-0.025
-0.019
-0.014
-0.01
-0.005
-0.003
-0.001
0.0
0.002
0.005
0.01
