-0.554
-0.656
-0.764
-0.875
-0.968
-0.993
-1.001
-1.004
-1.002
-0.999
-0.994
-0.989
-1.002
-1.018
-1.028
-1.04
-1.052
-1.065
-1.079
-1.093
-1.107
-1.121
-1.135
-1.146
-1.153
-1.158
-1.162
-1.166
-1.168
-1.17
-1.171
-1.172
-1.172
-1.17
-1.166
-1.163
-1.159
-1.154
-1.148
-1.141
-1.133
-1.125
-1.118
-1.11
-1.098
-1.082
-1.065
-1.049
-1.033
-1.016
-1.004
-0.995
-0.988
-0.981
-0.976
-0.971
-0.966
-0.96
-0.952
-0.943
-0.931
-0.917
-0.897
-0.881
-0.866
-0.849
-0.831
-0.817
-0.807
-0.797
-0.786
-0.776
-0.77
-0.764
-0.76
-0.756
-0.752
-0.748
-0.743
-0.739
-0.735
-0.73
-0.724
-0.717
-0.707
-0.698
-0.691
-0.686
-0.683
-0.681
-0.68
-0.678
-0.677
-0.675
-0.673
-0.67
-0.668
-0.666
-0.664
-0.66
-0.656
-0.651
-0.643
-0.605
-0.548
-0.478
-0.407
-0.339
-0.279
-0.259
-0.249
-0.254
-0.302
-0.376
-0.474
-0.588
-0.704
-0.809
-0.889
-0.935
-0.951
-0.956
-0.949
-0.932
-0.906
-0.871
-0.836
-0.809
-0.798
-0.792
-0.787
-0.783
-0.782
-0.784
-0.787
-0.791
-0.795
-0.799
-0.804
-0.81
-0.814
-0.814
-0.81
-0.801
-0.787
-0.762
-0.723
-0.686
-0.654
-0.606
-0.563
-0.52
-0.472
-0.44
-0.406
-0.375
-0.354
-0.337
-0.32
-0.305
-0.292
-0.28
-0.267
-0.254
-0.241
-0.228
-0.214
-0.206
-0.2
-0.194
-0.189
-0.185
-0.181
-0.177
-0.174
-0.168
-0.156
-0.133
-0.109
-0.083
-0.056
-0.03
-0.007
0.015
0.039
0.065
0.087
0.101
0.106
0.109
0.111
0.114
0.115
0.107
0.09
0.071
0.048
0.029
0.004
-0.027
-0.052
-0.071
-0.09
-0.106
-0.119
-0.13
-0.14
-0.147
-0.152
-0.157
-0.161
-0.162
-0.16
-0.155
-0.148
-0.14
-0.132
-0.121
-0.11
-0.101
-0.093
-0.084
-0.076
-0.067
-0.059
-0.05
-0.038
-0.022
-0.004
0.012
0.025
0.037
0.048
0.057
0.064
0.07
0.077
0.084
0.09
0.095
0.1
0.105
0.11
0.116
0.123
0.13
0.137
0.144
0.153
0.161
0.166
0.168
0.17
0.171
0.171
0.172
0.174
0.174
0.175
0.172
0.165
0.157
0.15
0.146
0.142
0.139
0.136
0.132
0.13
0.127
0.125
0.123
0.121
0.118
0.116
0.114
0.113
0.111
0.108
0.106
0.104
0.101
0.098
0.092
0.085
0.08
0.078
0.079
0.082
0.088
0.097
0.129
0.181
0.241
0.305
0.367
0.392
0.409
0.408
0.37
0.309
0.226
0.122
0.006
-0.108
-0.209
-0.284
-0.341
-0.358
-0.364
-0.368
-0.367
-0.352
-0.327
-0.304
-0.297
-0.294
-0.291
-0.29
-0.287
-0.284
-0.281
-0.279
-0.277
-0.272
-0.266
-0.241
-0.199
-0.153
-0.108
-0.061
-0.028
0.002
0.023
0.031
0.034
0.035
0.036
0.036
0.036
0.036
0.036
0.037
0.037
0.038
0.04
0.041
0.042
0.043
0.045
0.048
0.051
0.054
0.058
0.063
0.07
0.08
0.088
0.096
0.104
0.113
0.123
0.135
0.145
0.152
0.156
0.158
0.161
0.164
0.167
0.169
0.169
0.168
0.165
0.16
0.154
0.146
0.137
0.123
0.107
0.091
0.075
0.058
0.044
0.033
0.019
0.003
-0.016
-0.038
-0.06
-0.079
-0.094
-0.107
-0.12
-0.133
-0.144
-0.154
-0.162
-0.167
-0.171
-0.173
-0.176
-0.179
-0.182
-0.183
-0.183
-0.18
-0.176
-0.172
-0.166
-0.162
-0.156
-0.151
-0.145
-0.139
-0.134
-0.129
-0.123
-0.115
-0.106
-0.097
-0.088
-0.079
-0.071
-0.063
-0.056
-0.047
-0.037
-0.027
-0.019
-0.012
-0.005
0.001
0.005
0.008
0.011
0.013
0.014
0.016
0.017
0.017
0.018
0.019
0.02
0.02
0.02
0.02
0.018
0.015
0.011
0.007
0.002
-0.002
-0.006
-0.009
-0.013
-0.017
-0.021
-0.024
-0.026
-0.026
-0.025
-0.021
-0.017
-0.011
-0.004
0.002
0.008
0.013
0.018
0.022
0.025
0.029
0.032
0.034
0.036
0.038
0.04
0.042
0.044
0.045
0.046
0.047
0.048
0.049
0.05
0.051
0.053
0.055
0.058
0.062
0.067
0.072
0.077
0.083
0.088
0.094
0.101
0.111
0.12
0.131
0.142
0.151
0.158
0.164
0.171
0.177
0.185
0.192
0.199
0.205
0.21
0.216
0.221
0.225
0.228
0.23
0.23
0.23
0.228
0.225
0.221
0.217
0.212
0.207
0.203
0.198
0.192
0.185
0.178
0.174
0.174
0.177
0.183
0.19
0.198
0.206
0.218
0.228
0.232
0.234
0.234
0.235
0.236
0.237
0.237
0.236
0.232
0.226
0.222
0.22
0.218
0.217
0.215
0.213
0.212
0.211
0.21
0.209
0.208
0.208
0.209
0.21
0.211
0.212
0.213
0.214
0.214
0.215
0.215
0.215
0.214
0.214
0.214
0.215
0.216
0.217
0.218
0.22
0.222
0.225
0.229
0.232
0.242
0.273
0.329
0.392
0.464
0.541
0.611
0.644
0.641
0.591
0.485
0.345
0.182
0.013
-0.133
-0.246
-0.32
-0.339
-0.344
-0.348
-0.323
-0.304
-0.293
-0.285
-0.278
-0.273
-0.27
-0.268
-0.265
-0.261
-0.254
-0.238
-0.208
-0.166
-0.112
-0.047
0.019
0.087
0.154
0.216
0.271
0.306
0.325
0.334
0.341
0.346
0.349
0.35
0.349
0.348
0.347
0.345
0.343
0.342
0.34
0.337
0.334
0.332
0.329
0.328
0.329
0.332
0.336
0.341
0.348
0.355
0.364
0.379
0.392
0.404
0.41
0.415
0.419
0.422
0.424
0.426
0.427
0.427
0.426
0.424
0.421
0.416
0.41
0.403
0.389
0.362
0.338
0.311
0.281
0.252
0.223
0.198
0.176
0.152
0.126
0.099
0.071
0.04
0.014
-0.004
-0.02
-0.037
-0.053
-0.072
-0.084
-0.091
-0.097
-0.104
-0.111
-0.118
-0.126
-0.132
-0.139
-0.144
-0.151
-0.156
-0.162
-0.168
-0.174
-0.179
-0.185
-0.19
-0.195
-0.199
-0.204
-0.207
-0.211
-0.214
-0.217
-0.22
-0.223
-0.226
-0.23
-0.233
-0.236
-0.238
-0.239
-0.237
-0.233
-0.228
-0.224
-0.217
-0.211
-0.202
-0.193
-0.184
-0.176
-0.169
-0.164
-0.161
-0.159
-0.158
-0.156
-0.154
-0.152
-0.151
-0.15
-0.149
-0.15
-0.151
-0.153
-0.155
-0.156
-0.156
-0.156
-0.157
-0.157
-0.155
-0.154
-0.154
-0.154
-0.153
-0.152
-0.149
-0.148
-0.146
-0.143
-0.14
-0.136
-0.129
-0.113
-0.097
-0.083
-0.076
-0.07
-0.065
-0.061
-0.058
-0.056
-0.053
-0.05
-0.049
-0.048
-0.05
-0.053
-0.057
-0.062
-0.065
-0.069
-0.073
-0.075
-0.077
-0.078
-0.079
-0.081
-0.084
-0.088
-0.092
-0.094
-0.095
-0.097
-0.099
-0.1
-0.1
-0.1
-0.101
-0.102
-0.103
-0.104
-0.105
-0.103
-0.101
-0.099
-0.097
-0.095
-0.092
-0.088
-0.078
-0.053
-0.011
0.046
0.119
0.203
0.293
0.379
0.443
0.465
0.447
0.394
0.269
0.109
-0.058
-0.214
-0.345
-0.444
-0.503
-0.523
-0.529
-0.521
-0.504
-0.479
-0.442
-0.424
-0.415
-0.408
-0.402
-0.395
-0.389
-0.385
-0.379
-0.37
-0.35
-0.32
-0.279
-0.235
-0.184
-0.131
-0.079
-0.029
0.017
0.064
0.093
0.115
0.129
0.141
0.151
0.162
0.173
0.187
0.203
0.212
0.217
0.22
0.223
0.227
0.232
0.237
0.241
0.244
0.245
0.246
0.248
0.25
0.253
0.259
0.266
0.273
0.279
0.284
0.288
0.291
0.293
0.296
0.299
0.302
0.303
0.304
0.305
0.305
0.302
0.296
0.29
0.283
0.275
0.266
0.25
0.237
0.225
0.208
0.182
0.155
0.128
0.099
0.069
0.045
0.027
0.01
-0.01
-0.034
-0.055
-0.079
-0.1
-0.116
-0.134
-0.151
-0.167
-0.183
-0.191
-0.197
-0.202
-0.206
-0.208
-0.211
-0.211
-0.211
-0.21
-0.207
-0.204
-0.199
-0.194
-0.189
-0.182
-0.176
-0.173
-0.168
-0.164
-0.161
-0.158
-0.158
-0.156
-0.154
-0.154
-0.154
-0.155
-0.155
-0.155
-0.158
-0.16
-0.161
-0.161
-0.162
-0.163
-0.164
-0.164
-0.165
-0.166
-0.167
-0.167
-0.167
-0.165
-0.163
-0.162
-0.159
-0.156
-0.155
-0.153
-0.152
-0.15
-0.147
-0.143
-0.134
-0.122
-0.112
-0.103
-0.095
-0.088
-0.083
-0.078
-0.074
-0.071
-0.069
-0.068
-0.069
-0.073
-0.078
-0.084
-0.091
-0.097
-0.105
-0.117
-0.128
-0.133
-0.136
-0.139
-0.142
-0.144
-0.144
-0.138
-0.125
-0.09
-0.043
0.022
0.105
0.199
0.28
0.317
0.312
0.248
0.113
-0.052
-0.223
-0.37
-0.491
-0.58
-0.629
-0.648
-0.649
-0.636
-0.6
-0.558
-0.509
-0.494
-0.489
-0.486
-0.486
-0.494
-0.501
-0.507
-0.512
-0.511
-0.504
-0.491
-0.468
-0.436
-0.388
-0.338
-0.283
-0.228
-0.175
-0.128
-0.086
-0.059
-0.034
-0.015
-0.002
0.008
0.017
0.027
0.038
0.05
0.066
0.08
0.095
0.11
0.124
0.136
0.146
0.157
0.168
0.179
0.19
0.199
0.208
0.213
0.216
0.219
0.221
0.224
0.228
0.233
0.237
0.241
0.245
0.249
0.253
0.258
0.264
0.271
0.277
0.279
0.278
0.274
0.267
0.258
0.245
0.224
0.203
0.176
0.147
0.12
0.096
0.075
0.055
0.037
0.017
-0.003
-0.022
-0.042
-0.062
-0.083
-0.106
-0.128
-0.144
-0.161
-0.174
-0.183
-0.191
-0.196
-0.201
-0.204
-0.207
-0.21
-0.212
-0.214
-0.214
-0.215
-0.214
-0.213
-0.21
-0.207
-0.204
-0.2
-0.196
-0.191
-0.186
-0.18
-0.174
-0.168
-0.164
-0.158
-0.151
-0.14
-0.131
-0.123
-0.118
-0.114
-0.111
-0.109
-0.107
-0.106
-0.105
-0.104
-0.102
-0.102
-0.101
-0.1
-0.099
-0.096
-0.093
-0.087
-0.075
-0.051
-0.01
0.038
0.098
0.166
0.234
0.273
0.272
0.223
0.107
-0.046
-0.203
-0.342
-0.45
-0.529
-0.571
-0.588
-0.589
-0.582
-0.56
-0.508
-0.459
-0.421
-0.41
-0.406
-0.41
-0.418
-0.425
-0.434
-0.439
-0.436
-0.427
-0.414
-0.394
-0.359
-0.322
-0.279
-0.23
-0.179
-0.132
-0.087
-0.047
-0.009
0.019
0.037
0.045
0.051
0.056
0.06
0.063
0.065
0.067
0.069
0.071
0.073
0.074
0.076
0.079
0.082
0.085
0.087
0.09
0.094
0.098
0.102
0.107
0.115
0.124
0.132
0.142
0.151
0.159
0.167
0.175
0.182
0.188
0.192
0.197
0.201
0.204
0.206
0.207
0.206
0.204
0.199
0.194
0.186
0.175
0.156
0.139
0.12
0.102
0.087
0.072
0.058
0.043
0.024
0.002
-0.014
-0.027
-0.04
-0.055
-0.076
-0.096
-0.111
-0.126
-0.139
-0.148
-0.156
-0.16
-0.163
-0.166
-0.169
-0.171
-0.173
-0.175
-0.176
-0.176
-0.175
-0.172
-0.167
-0.161
-0.155
-0.147
-0.134
-0.122
-0.11
-0.102
-0.095
-0.089
-0.083
-0.078
-0.073
-0.069
-0.066
-0.064
-0.062
-0.06
-0.059
-0.057
-0.056
-0.053
-0.05
-0.047
-0.044
-0.04
-0.037
-0.034
-0.03
-0.025
-0.019
-0.014
-0.009
-0.005
0.0
0.003
0.008
0.012
0.018
0.024
0.028
0.03
0.031
0.032
0.032
0.033
0.034
0.035
0.035
0.034
0.03
0.026
0.02
0.015
0.01
0.006
0.002
0.0
0.0
0.003
0.01
0.02
0.038
0.069
0.118
0.179
0.25
0.327
0.398
0.443
0.446
0.409
0.308
0.169
0.017
-0.131
-0.261
-0.36
-0.437
-0.486
-0.505
-0.504
-0.486
-0.438
-0.381
-0.339
-0.328
-0.322
-0.317
-0.324
-0.335
-0.343
-0.344
-0.332
-0.314
-0.29
-0.251
-0.207
-0.156
-0.098
-0.04
0.017
0.072
0.124
0.171
0.201
0.221
0.23
0.237
0.244
0.248
0.251
0.255
0.262
0.272
0.286
0.304
0.328
0.34
0.345
0.35
0.353
0.357
0.36
0.361
0.362
0.362
0.362
0.362
0.36
0.36
0.36
0.36
0.359
0.357
0.356
0.353
0.349
0.345
0.342
0.337
0.333
0.325
0.306
0.294
0.28
0.266
0.249
0.232
0.215
0.201
0.185
0.165
0.147
0.126
0.104
0.08
0.054
0.029
0.008
-0.012
-0.033
-0.053
-0.069
-0.081
-0.097
-0.107
-0.113
-0.118
-0.122
-0.128
-0.132
-0.139
-0.146
-0.154
-0.165
-0.174
-0.179
-0.184
-0.187
-0.19
-0.193
-0.193
-0.191
-0.187
-0.182
-0.176
-0.168
-0.16
-0.153
-0.146
-0.135
-0.122
-0.109
-0.1
-0.092
-0.086
-0.083
-0.081
-0.081
-0.079
-0.078
-0.077
-0.077
-0.076
-0.078
-0.08
-0.085
-0.088
-0.093
-0.099
-0.105
-0.111
-0.117
-0.12
-0.124
-0.127
-0.128
-0.129
-0.131
-0.131
-0.132
-0.132
-0.134
-0.136
-0.137
-0.14
-0.143
-0.149
-0.153
-0.156
-0.16
-0.165
-0.17
-0.174
-0.178
-0.183
-0.188
-0.193
-0.197
-0.204
-0.21
-0.212
-0.209
-0.203
-0.192
-0.162
-0.11
-0.042
0.035
0.114
0.181
0.214
0.214
0.171
0.072
-0.062
-0.211
-0.357
-0.494
-0.616
-0.708
-0.761
-0.781
-0.781
-0.767
-0.73
-0.683
-0.668
-0.662
-0.656
-0.654
-0.66
-0.668
-0.677
-0.67
-0.649
-0.618
-0.581
-0.539
-0.491
-0.437
-0.381
-0.326
-0.275
-0.225
-0.179
-0.139
-0.103
-0.081
-0.059
-0.038
-0.028
-0.025
-0.024
-0.023
-0.023
-0.021
-0.02
-0.017
-0.015
-0.013
-0.012
-0.01
-0.008
-0.004
0.007
0.019
0.032
0.045
0.059
0.073
0.086
0.098
0.113
0.132
0.147
0.156
0.164
0.17
0.174
0.177
0.18
0.183
0.185
0.186
0.186
0.185
0.184
0.182
0.179
0.175
0.168
0.156
0.133
0.107
0.083
0.059
0.035
0.011
-0.011
-0.032
-0.055
-0.072
-0.082
-0.092
-0.102
-0.117
-0.14
-0.161
-0.177
-0.188
-0.193
-0.195
-0.197
-0.2
-0.202
-0.203
-0.203
-0.203
-0.201
-0.197
-0.192
-0.187
-0.183
-0.18
-0.177
-0.175
-0.174
-0.172
-0.17
-0.166
-0.164
-0.163
-0.162
-0.16
-0.157
-0.154
-0.152
-0.15
-0.144
-0.138
-0.131
-0.124
-0.118
-0.111
-0.105
-0.101
-0.097
-0.093
-0.089
-0.085
-0.082
-0.08
-0.076
-0.073
-0.07
-0.066
-0.06
-0.054
-0.049
-0.044
-0.039
-0.035
-0.031
-0.028
-0.026
-0.026
-0.028
-0.034
-0.041
-0.05
-0.057
-0.067
-0.076
-0.077
-0.07
-0.057
-0.023
0.033
0.103
0.182
0.264
0.335
0.359
0.351
0.284
0.161
0.003
-0.164
-0.318
-0.441
-0.529
-0.561
-0.572
-0.555
-0.528
-0.491
-0.469
-0.458
-0.451
-0.446
-0.441
-0.437
-0.434
-0.432
-0.429
-0.425
-0.415
-0.403
-0.373
-0.338
-0.289
-0.231
-0.168
-0.107
-0.049
0.004
0.052
0.094
0.132
0.154
0.17
0.179
0.186
0.191
0.194
0.197
0.199
0.202
0.205
0.208
0.211
0.214
0.218
0.224
0.232
0.246
0.261
0.274
0.286
0.294
0.299
0.301
0.301
0.302
0.303
0.305
0.306
0.309
0.311
0.313
0.314
0.314
0.313
0.311
0.31
0.308
0.307
0.305
0.303
0.301
0.293
0.274
0.254
0.23
0.204
0.179
0.152
0.129
0.109
0.09
0.072
0.054
0.036
0.017
0.002
-0.006
-0.016
-0.026
-0.041
-0.063
-0.081
-0.092
-0.101
-0.108
-0.112
-0.116
-0.119
-0.121
-0.122
-0.124
-0.124
-0.124
-0.12
-0.116
-0.11
-0.105
-0.097
-0.084
-0.07
-0.062
-0.058
-0.056
-0.053
-0.051
-0.048
-0.045
-0.044
-0.042
-0.04
-0.038
-0.036
-0.032
-0.028
-0.015
0.003
0.012
0.017
0.022
0.025
0.028
0.029
0.03
0.034
0.036
0.037
0.038
0.039
0.04
0.04
0.04
0.041
0.042
0.044
0.046
0.047
0.048
0.05
0.051
0.053
0.054
0.056
0.057
0.057
0.057
0.057
0.058
0.059
0.06
0.061
0.062
0.062
0.063
0.066
0.071
0.09
0.135
0.192
0.258
0.333
0.407
0.466
0.486
0.467
0.411
0.293
0.14
-0.016
-0.164
-0.297
-0.398
-0.463
-0.508
-0.519
-0.523
-0.517
-0.483
-0.447
-0.43
-0.422
-0.416
-0.411
-0.412
-0.415
-0.419
-0.424
-0.43
-0.431
-0.425
-0.404
-0.372
-0.327
-0.272
-0.216
-0.16
-0.102
-0.051
-0.008
0.032
0.049
0.056
0.06
0.063
0.063
0.062
0.06
0.057
0.054
0.051
0.048
0.046
0.044
0.041
0.04
0.041
0.045
0.05
0.055
0.063
0.077
0.088
0.096
0.101
0.108
0.114
0.12
0.124
0.129
0.133
0.137
0.139
0.138
0.136
0.131
0.126
0.121
0.116
0.109
0.101
0.094
0.087
0.075
0.055
0.036
0.022
0.008
-0.007
-0.03
-0.054
-0.077
-0.099
-0.118
-0.133
-0.148
-0.163
-0.178
-0.193
-0.203
-0.215
-0.226
-0.234
-0.242
-0.25
-0.257
-0.265
-0.27
-0.275
-0.278
-0.281
-0.284
-0.285
-0.285
-0.284
-0.28
-0.274
-0.269
-0.264
-0.26
-0.255
-0.25
-0.246
-0.242
-0.238
-0.235
-0.232
-0.23
-0.228
-0.227
-0.227
-0.226
-0.224
-0.222
-0.219
-0.217
-0.215
-0.213
-0.211
-0.209
-0.208
-0.204
-0.196
-0.188
-0.178
-0.163
-0.142
-0.105
-0.058
0.002
0.071
0.137
0.174
0.171
0.117
-0.004
-0.163
-0.327
-0.473
-0.584
-0.654
-0.693
-0.707
-0.709
-0.701
-0.679
-0.649
-0.614
-0.577
-0.554
-0.544
-0.543
-0.548
-0.554
-0.56
-0.564
-0.562
-0.554
-0.534
-0.503
-0.461
-0.415
-0.366
-0.313
-0.257
-0.199
-0.144
-0.097
-0.058
-0.024
-0.003
0.016
0.033
0.04
0.045
0.049
0.053
0.058
0.062
0.066
0.073
0.081
0.088
0.095
0.104
0.116
0.126
0.133
0.14
0.148
0.159
0.172
0.186
0.197
0.206
0.216
0.227
0.238
0.248
0.255
0.259
0.262
0.264
0.265
0.266
0.267
0.266
0.264
0.261
0.255
0.245
0.226
0.207
0.186
0.163
0.143
0.124
0.105
0.085
0.064
0.043
0.024
0.009
-0.001
-0.009
-0.021
-0.036
-0.063
-0.092
-0.109
-0.12
-0.128
-0.135
-0.143
-0.145
-0.147
-0.151
-0.155
-0.158
-0.159
-0.16
-0.16
-0.159
-0.158
-0.158
-0.157
-0.154
-0.152
-0.15
-0.149
-0.148
-0.145
-0.142
-0.138
-0.133
-0.127
-0.122
-0.116
-0.111
-0.105
-0.099
-0.094
-0.087
-0.077
-0.067
-0.062
-0.06
-0.058
-0.055
-0.053
-0.052
-0.051
-0.05
-0.049
-0.047
-0.047
-0.047
-0.047
-0.046
-0.046
-0.046
-0.045
-0.044
-0.043
-0.045
-0.051
-0.057
-0.063
-0.07
-0.076
-0.081
-0.083
-0.085
-0.087
-0.089
-0.087
-0.074
-0.044
-0.002
0.054
0.127
0.21
0.29
0.34
0.342
0.304
0.201
0.061
-0.091
-0.233
-0.35
-0.442
-0.504
-0.545
-0.559
-0.564
-0.551
-0.516
-0.48
-0.444
-0.428
-0.421
-0.418
-0.415
-0.412
-0.411
-0.409
-0.407
-0.404
-0.4
-0.383
-0.352
-0.314
-0.27
-0.219
-0.167
-0.117
-0.066
-0.012
0.036
0.077
0.109
0.13
0.145
0.154
0.158
0.16
0.162
0.163
0.164
0.166
0.168
0.171
0.174
0.178
0.183
0.188
0.195
0.201
0.207
0.212
0.217
0.221
0.225
0.228
0.229
0.229
0.227
0.225
0.221
0.217
0.211
0.2
0.189
0.177
0.166
0.156
0.146
0.136
0.128
0.118
0.103
0.087
0.069
0.049
0.028
0.007
-0.014
-0.038
-0.058
-0.076
-0.095
-0.11
-0.122
-0.134
-0.145
-0.157
-0.169
-0.182
-0.194
-0.203
-0.208
-0.211
-0.214
-0.216
-0.217
-0.216
-0.214
-0.21
-0.206
-0.201
-0.197
-0.193
-0.189
-0.185
-0.182
-0.179
-0.176
-0.173
-0.17
-0.165
-0.157
-0.147
-0.138
-0.129
-0.117
-0.106
-0.097
-0.089
-0.081
-0.072
-0.061
-0.048
-0.037
-0.027
-0.02
-0.014
-0.01
-0.007
-0.004
-0.001
0.002
0.006
0.009
0.013
0.016
0.021
0.026
0.031
0.037
0.042
0.046
0.049
0.051
0.053
0.053
0.053
0.054
0.054
0.055
0.057
0.059
0.061
0.063
0.065
0.066
0.066
0.066
0.067
0.069
0.071
0.074
0.077
0.08
0.081
0.081
0.079
0.076
0.073
0.07
0.067
0.065
0.063
0.061
0.06
0.057
0.054
0.051
0.049
0.046
0.045
0.045
0.045
0.045
0.045
0.045
0.045
0.042
0.04
0.04
0.047
0.054
0.058
0.062
0.065
0.068
0.071
0.073
0.074
0.075
0.076
0.076
0.077
0.077
0.077
0.077
0.078
0.081
0.085
0.09
0.111
0.153
0.208
0.276
0.349
0.416
0.465
0.472
0.453
0.374
0.253
0.109
-0.038
-0.176
-0.291
-0.377
-0.437
-0.467
-0.478
-0.471
-0.446
-0.408
-0.387
-0.371
-0.359
-0.349
-0.333
-0.315
-0.302
-0.291
-0.282
-0.27
-0.254
-0.223
-0.186
-0.141
-0.091
-0.038
0.013
0.064
0.107
0.14
0.16
0.178
0.197
0.209
0.216
0.221
0.227
0.232
0.238
0.243
0.247
0.251
0.256
0.258
0.261
0.263
0.265
0.267
0.269
0.27
0.271
0.272
0.272
0.272
0.271
0.27
0.269
0.267
0.266
0.263
0.261
0.255
0.244
0.232
0.215
0.194
0.176
0.158
0.142
0.125
0.108
0.09
0.071
0.052
0.034
0.014
-0.004
-0.022
-0.038
-0.055
-0.073
-0.09
-0.107
-0.125
-0.142
-0.154
-0.169
-0.189
-0.214
-0.236
-0.252
-0.271
-0.279
-0.284
-0.288
-0.291
-0.294
-0.296
-0.299
-0.3
-0.302
-0.303
-0.303
-0.302
-0.301
-0.299
-0.297
-0.295
-0.293
-0.291
-0.288
-0.285
-0.282
-0.278
-0.274
-0.267
-0.259
-0.251
-0.243
-0.236
-0.228
-0.218
-0.21
-0.205
-0.199
-0.193
-0.187
-0.18
-0.17
-0.16
-0.148
-0.136
-0.129
-0.125
-0.123
-0.122
-0.122
-0.122
-0.121
-0.12
-0.12
-0.119
-0.119
-0.118
-0.118
-0.118
-0.117
-0.116
-0.114
-0.111
-0.108
-0.105
-0.1
-0.096
-0.091
-0.086
-0.082
-0.08
-0.078
-0.076
-0.075
-0.073
-0.071
-0.07
-0.07
-0.069
-0.068
-0.068
-0.069
-0.07
-0.071
-0.074
-0.079
-0.083
-0.086
-0.088
-0.091
-0.093
-0.096
-0.099
-0.101
-0.102
-0.102
-0.102
-0.101
-0.099
-0.096
-0.092
-0.087
-0.08
-0.065
-0.038
0.004
0.063
0.135
0.217
0.298
0.354
0.374
0.354
0.291
0.162
0.01
-0.142
-0.28
-0.396
-0.488
-0.558
-0.614
-0.627
-0.629
-0.618
-0.565
-0.521
-0.483
-0.46
-0.446
-0.438
-0.431
-0.425
-0.42
-0.416
-0.41
-0.395
-0.371
-0.331
-0.282
-0.222
-0.159
-0.096
-0.034
0.019
0.068
0.112
0.15
0.175
0.188
0.193
0.196
0.197
0.197
0.197
0.197
0.198
0.201
0.203
0.204
0.205
0.205
0.206
0.208
0.211
0.215
0.222
0.239
0.256
0.266
0.272
0.276
0.281
0.285
0.29
0.294
0.298
0.303
0.308
0.312
0.315
0.32
0.325
0.331
0.334
0.335
0.334
0.331
0.325
0.318
0.304
0.279
0.256
0.23
0.203
0.172
0.139
0.109
0.082
0.055
0.036
0.024
0.011
0.0
-0.012
-0.025
-0.037
-0.049
-0.062
-0.074
-0.089
-0.107
-0.117
-0.124
-0.131
-0.136
-0.14
-0.144
-0.146
-0.148
-0.149
-0.15
-0.151
-0.152
-0.152
-0.15
-0.149
-0.148
-0.149
-0.15
-0.151
-0.153
-0.154
-0.156
-0.156
-0.154
-0.15
-0.145
-0.139
-0.132
-0.126
-0.121
-0.119
-0.116
-0.112
-0.109
-0.107
-0.103
-0.099
-0.096
-0.094
-0.094
-0.093
-0.092
-0.092
-0.093
-0.093
-0.093
-0.092
-0.092
-0.092
-0.09
-0.09
-0.09
-0.09
-0.09
-0.09
-0.091
-0.092
-0.093
-0.093
-0.093
-0.092
-0.09
-0.088
-0.084
-0.074
-0.048
0.004
0.071
0.151
0.231
0.285
0.305
0.285
0.217
0.09
-0.059
-0.213
-0.357
-0.471
-0.551
-0.588
-0.601
-0.6
-0.585
-0.561
-0.541
-0.536
-0.534
-0.531
-0.53
-0.531
-0.534
-0.539
-0.544
-0.552
-0.551
-0.531
-0.503
-0.469
-0.417
-0.365
-0.312
-0.261
-0.21
-0.16
-0.111
-0.081
-0.049
-0.019
0.002
0.02
0.04
0.055
0.067
0.078
0.087
0.096
0.106
0.117
0.129
0.141
0.149
0.156
0.162
0.168
0.173
0.18
0.187
0.195
0.204
0.214
0.223
0.232
0.241
0.251
0.26
0.269
0.277
0.283
0.289
0.294
0.297
0.297
0.295
0.289
0.282
0.273
0.263
0.247
0.232
0.219
0.205
0.191
0.179
0.168
0.156
0.142
0.129
0.111
0.086
0.061
0.036
0.01
-0.012
-0.029
-0.042
-0.058
-0.074
-0.09
-0.106
-0.118
-0.127
-0.132
-0.136
-0.138
-0.14
-0.141
-0.144
-0.146
-0.148
-0.149
-0.149
-0.15
-0.149
-0.148
-0.146
-0.144
-0.143
-0.14
-0.136
-0.132
-0.127
-0.123
-0.118
-0.113
-0.107
-0.102
-0.097
-0.094
-0.092
-0.089
-0.085
-0.078
-0.069
-0.06
-0.049
-0.043
-0.038
-0.034
-0.03
-0.026
-0.024
-0.022
-0.018
-0.01
0.01
0.054
0.119
0.199
0.284
0.354
0.365
0.344
0.232
0.059
-0.136
-0.315
-0.446
-0.522
-0.543
-0.551
-0.554
-0.553
-0.546
-0.536
-0.525
-0.511
-0.501
-0.493
-0.487
-0.483
-0.485
-0.489
-0.494
-0.5
-0.506
-0.507
-0.498
-0.472
-0.438
-0.394
-0.339
-0.279
-0.217
-0.158
-0.109
-0.069
-0.045
-0.02
0.0
0.017
0.029
0.04
0.049
0.058
0.068
0.078
0.089
0.101
0.111
0.121
0.129
0.136
0.142
0.148
0.154
