-0.083
-0.081
-0.078
-0.073
-0.069
-0.065
-0.061
-0.056
-0.05
-0.045
-0.044
-0.047
-0.056
-0.066
-0.075
-0.083
-0.093
-0.104
-0.113
-0.117
-0.114
-0.106
-0.096
-0.085
-0.077
-0.068
-0.058
-0.048
-0.042
-0.041
-0.042
-0.046
-0.051
-0.056
-0.06
-0.064
-0.07
-0.075
-0.079
-0.082
-0.082
-0.077
-0.067
-0.056
-0.043
-0.031
-0.022
-0.013
-0.005
0.001
0.008
0.013
0.017
0.021
0.026
0.03
0.034
0.037
0.04
0.043
0.046
0.048
0.05
0.051
0.051
0.051
0.05
0.05
0.051
0.052
0.054
0.056
0.058
0.061
0.064
0.066
0.066
0.065
0.063
0.058
0.053
0.046
0.038
0.031
0.024
0.019
0.016
0.014
0.013
0.011
0.008
0.006
0.003
0.001
-0.002
-0.006
-0.011
-0.015
-0.018
-0.02
-0.02
-0.018
-0.016
-0.012
-0.009
-0.005
-0.002
-0.001
-0.001
-0.002
-0.003
-0.004
-0.005
-0.007
-0.008
-0.008
-0.007
-0.004
-0.005
-0.013
-0.024
-0.031
-0.037
-0.042
-0.047
-0.05
-0.051
-0.048
-0.042
-0.034
-0.026
-0.02
-0.014
-0.007
-0.001
0.004
0.008
0.009
0.008
0.005
0.002
-0.001
-0.004
-0.007
-0.01
-0.013
-0.016
-0.018
-0.02
-0.021
-0.02
-0.017
-0.012
-0.005
0.001
0.008
0.015
0.025
0.035
0.042
0.043
0.036
0.024
0.012
0.004
-0.003
-0.011
-0.018
-0.024
-0.027
-0.027
-0.024
-0.018
-0.011
-0.005
0.0
0.004
0.01
0.016
0.021
0.022
0.018
0.012
0.005
0.0
-0.002
-0.003
-0.004
-0.007
-0.009
-0.012
-0.015
-0.017
-0.02
-0.023
-0.026
-0.029
-0.03
-0.03
-0.029
-0.028
-0.027
-0.026
-0.025
-0.023
-0.023
-0.023
-0.024
-0.026
-0.029
-0.033
-0.037
-0.041
-0.044
-0.047
-0.05
-0.051
-0.052
-0.053
-0.053
-0.052
-0.05
-0.049
-0.048
-0.047
-0.046
-0.046
-0.046
-0.046
-0.046
-0.047
-0.048
-0.049
-0.049
-0.049
-0.049
-0.049
-0.048
-0.046
-0.044
-0.041
-0.039
-0.037
-0.036
-0.033
-0.029
-0.025
-0.02
-0.014
-0.009
-0.002
0.007
0.026
0.043
0.055
0.065
0.074
0.084
0.093
0.098
0.092
0.077
0.06
0.048
0.037
0.026
0.017
0.011
0.008
0.009
0.012
0.017
0.023
0.029
0.033
0.038
0.044
0.049
0.052
0.053
0.052
0.046
0.038
0.03
0.021
0.014
0.007
0.0
-0.007
-0.014
-0.02
-0.024
-0.026
-0.026
-0.024
-0.02
-0.014
-0.005
0.005
0.019
0.046
0.107
0.216
0.365
0.554
0.769
0.988
1.175
1.258
1.248
1.101
0.82
0.488
0.185
-0.035
-0.117
-0.144
-0.114
-0.093
-0.081
-0.072
-0.066
-0.062
-0.061
-0.064
-0.069
-0.075
-0.08
-0.084
-0.088
-0.094
-0.102
-0.109
-0.114
-0.115
-0.112
-0.106
-0.098
-0.091
-0.084
-0.079
-0.075
-0.07
-0.066
-0.062
-0.058
-0.055
-0.052
-0.05
-0.049
-0.05
-0.051
-0.052
-0.053
-0.053
-0.054
-0.054
-0.053
-0.051
-0.048
-0.046
-0.043
-0.041
-0.04
-0.039
-0.039
-0.038
-0.037
-0.036
-0.034
-0.031
-0.027
-0.022
-0.015
-0.006
0.003
0.013
0.021
0.028
0.033
0.038
0.041
0.043
0.045
0.045
0.046
0.048
0.05
0.053
0.055
0.057
0.06
0.062
0.065
0.068
0.071
0.074
0.077
0.08
0.083
0.087
0.091
0.097
0.103
0.109
0.115
0.12
0.124
0.126
0.125
0.122
0.118
0.112
0.105
0.098
0.086
0.063
0.038
0.019
0.003
-0.007
-0.015
-0.02
-0.025
-0.032
-0.037
-0.036
-0.029
-0.021
-0.018
-0.017
-0.015
-0.014
-0.012
-0.011
-0.009
-0.007
-0.005
-0.003
-0.003
-0.003
-0.003
-0.004
-0.005
-0.006
-0.007
-0.008
-0.009
-0.01
-0.01
-0.01
-0.01
-0.009
-0.009
-0.008
-0.008
-0.008
-0.009
-0.009
-0.01
-0.011
-0.011
-0.011
-0.01
-0.009
-0.007
-0.006
-0.005
-0.004
-0.003
-0.003
-0.005
-0.006
-0.008
-0.011
-0.013
-0.015
-0.016
-0.017
-0.018
-0.019
-0.02
-0.022
-0.026
-0.033
-0.038
-0.04
-0.039
-0.033
-0.025
-0.017
-0.008
0.002
0.013
0.02
0.025
0.028
0.032
0.035
0.038
0.04
0.041
0.039
0.032
0.024
0.016
0.011
0.005
0.0
-0.005
-0.01
-0.014
-0.017
-0.018
-0.017
-0.014
-0.01
-0.004
0.002
0.01
0.019
0.031
0.051
0.066
0.077
0.086
0.094
0.099
0.098
0.087
0.07
0.052
0.032
0.017
0.007
0.0
-0.005
-0.009
-0.013
-0.014
-0.011
-0.006
0.0
0.003
0.005
0.006
0.007
0.008
0.009
0.01
0.011
0.012
0.012
0.012
0.012
0.012
0.011
0.01
0.008
0.007
0.005
0.004
0.003
0.004
0.005
0.006
0.008
0.01
0.012
0.014
0.016
0.018
0.02
0.021
0.023
0.026
0.029
0.033
0.037
0.041
0.044
0.048
0.054
0.06
0.067
0.071
0.073
0.072
0.069
0.063
0.057
0.05
0.042
0.035
0.026
0.018
0.011
0.004
0.0
-0.006
-0.012
-0.017
-0.021
-0.023
-0.025
-0.026
-0.026
-0.027
-0.028
-0.028
-0.03
-0.031
-0.033
-0.036
-0.037
-0.038
-0.039
-0.039
-0.04
-0.042
-0.045
-0.049
-0.056
-0.07
-0.071
-0.059
-0.029
0.046
0.159
0.308
0.488
0.691
0.895
1.061
1.133
1.123
0.999
0.75
0.448
0.155
-0.073
-0.177
-0.215
-0.217
-0.199
-0.182
-0.167
-0.154
-0.141
-0.135
-0.133
-0.131
-0.129
-0.126
-0.124
-0.122
-0.12
-0.118
-0.116
-0.115
-0.113
-0.113
-0.112
-0.112
-0.112
-0.112
-0.111
-0.111
-0.11
-0.11
-0.109
-0.108
-0.106
-0.105
-0.102
-0.1
-0.098
-0.096
-0.094
-0.094
-0.093
-0.093
-0.092
-0.091
-0.09
-0.088
-0.086
-0.084
-0.082
-0.079
-0.077
-0.075
-0.073
-0.072
-0.07
-0.069
-0.067
-0.065
-0.063
-0.062
-0.061
-0.059
-0.057
-0.055
-0.054
-0.052
-0.05
-0.048
-0.045
-0.04
-0.036
-0.031
-0.026
-0.015
-0.003
0.005
0.012
0.017
0.019
0.021
0.022
0.023
0.025
0.026
0.027
0.027
0.028
0.029
0.032
0.034
0.036
0.037
0.038
0.039
0.041
0.043
0.046
0.05
0.054
0.061
0.074
0.083
0.075
0.059
0.04
0.017
0.002
-0.016
-0.042
-0.061
-0.074
-0.08
-0.075
-0.065
-0.057
-0.05
-0.042
-0.034
-0.025
-0.017
-0.009
-0.002
0.005
0.014
0.022
0.029
0.036
0.044
0.05
0.053
0.051
0.046
0.038
0.027
0.013
0.0
-0.008
-0.016
-0.021
-0.02
-0.009
0.004
0.016
0.031
0.041
0.047
0.051
0.053
0.055
0.059
0.062
0.065
0.068
0.07
0.07
0.07
0.07
0.07
0.069
0.066
0.063
0.06
0.056
0.052
0.049
0.046
0.039
0.021
0.008
-0.002
-0.012
-0.016
-0.009
0.001
0.006
0.009
0.012
0.016
0.018
0.02
0.022
0.023
0.023
0.024
0.024
0.024
0.022
0.021
0.019
0.017
0.016
0.015
0.011
0.009
0.016
0.028
0.037
0.045
0.052
0.057
0.059
0.057
0.051
0.043
0.037
0.033
0.03
0.027
0.026
0.024
0.022
0.021
0.019
0.018
0.015
0.013
0.011
0.009
0.007
0.005
0.003
0.002
0.001
0.0
0.0
-0.001
-0.002
-0.004
-0.006
-0.008
-0.011
-0.015
-0.018
-0.022
-0.024
-0.027
-0.029
-0.03
-0.031
-0.031
-0.03
-0.029
-0.027
-0.025
-0.024
-0.022
-0.02
-0.018
-0.015
-0.011
-0.007
-0.002
0.003
0.009
0.015
0.02
0.025
0.029
0.033
0.036
0.038
0.041
0.044
0.046
0.048
0.049
0.05
0.051
0.051
0.05
0.048
0.044
0.04
0.034
0.029
0.025
0.02
0.012
-0.005
-0.017
-0.022
-0.025
-0.027
-0.028
-0.029
-0.031
-0.033
-0.035
-0.037
-0.038
-0.04
-0.041
-0.043
-0.044
-0.045
-0.046
-0.047
-0.049
-0.053
-0.058
-0.062
-0.064
-0.064
-0.061
-0.056
-0.049
-0.022
0.037
0.125
0.249
0.409
0.6
0.806
1.003
1.161
1.235
1.185
0.997
0.707
0.378
0.082
-0.126
-0.209
-0.237
-0.218
-0.188
-0.153
-0.122
-0.101
-0.088
-0.081
-0.077
-0.073
-0.07
-0.066
-0.062
-0.057
-0.052
-0.048
-0.044
-0.038
-0.03
-0.022
-0.02
-0.023
-0.032
-0.043
-0.062
-0.088
-0.1
-0.107
-0.112
-0.111
-0.101
-0.087
-0.077
-0.067
-0.058
-0.05
-0.044
-0.038
-0.034
-0.03
-0.028
-0.027
-0.026
-0.025
-0.024
-0.023
-0.023
-0.023
-0.022
-0.022
-0.021
-0.02
-0.02
-0.019
-0.019
-0.019
-0.018
-0.016
-0.015
-0.014
-0.013
-0.011
-0.009
-0.006
-0.003
0.0
0.002
0.006
0.013
0.022
0.03
0.036
0.043
0.049
0.056
0.063
0.072
0.08
0.087
0.095
0.107
0.122
0.134
0.14
0.144
0.148
0.15
0.151
0.152
0.151
0.147
0.142
0.135
0.129
0.121
0.11
0.099
0.09
0.082
0.075
0.069
0.063
0.059
0.054
0.049
0.045
0.041
0.038
0.035
0.032
0.029
0.027
0.025
0.023
0.021
0.018
0.015
0.012
0.01
0.008
0.006
0.005
0.003
0.002
0.001
0.0
-0.001
-0.003
-0.005
-0.007
-0.008
-0.01
-0.01
-0.011
-0.012
-0.012
-0.012
-0.011
-0.011
-0.01
-0.011
-0.011
-0.011
-0.012
-0.012
-0.012
-0.013
-0.014
-0.015
-0.015
-0.014
-0.014
-0.013
-0.013
-0.014
-0.014
-0.015
-0.016
-0.018
-0.021
-0.025
-0.028
-0.029
-0.029
-0.027
-0.025
-0.023
-0.022
-0.02
-0.017
-0.013
-0.011
-0.009
-0.008
-0.009
-0.01
-0.011
-0.012
-0.013
-0.013
-0.014
-0.014
-0.013
-0.012
-0.011
-0.01
-0.01
-0.011
-0.012
-0.013
-0.014
-0.016
-0.017
-0.018
-0.019
-0.02
-0.021
-0.022
-0.022
-0.023
-0.026
-0.028
-0.028
-0.023
-0.014
0.0
0.022
0.039
0.05
0.05
0.039
0.023
0.0
-0.019
-0.034
-0.051
-0.063
-0.074
-0.08
-0.079
-0.072
-0.062
-0.051
-0.039
-0.027
-0.016
-0.005
0.003
0.01
0.015
0.019
0.024
0.029
0.031
0.025
0.011
-0.012
-0.034
-0.042
-0.048
-0.052
-0.054
-0.051
-0.044
-0.034
-0.018
0.005
0.019
0.026
0.033
0.044
0.056
0.068
0.082
0.089
0.083
0.07
0.057
0.043
0.033
0.025
0.012
-0.003
-0.017
-0.025
-0.007
0.015
0.035
0.05
0.069
0.093
0.107
0.116
0.121
0.121
0.116
0.107
0.096
0.08
0.061
0.034
0.014
0.009
0.007
0.005
0.003
0.001
0.001
0.002
0.005
0.01
0.014
0.018
0.021
0.026
0.031
0.035
0.037
0.037
0.033
0.027
0.022
0.017
0.013
0.008
0.002
-0.003
-0.005
-0.004
0.0
0.008
0.02
0.059
0.132
0.242
0.389
0.574
0.785
0.998
1.184
1.302
1.313
1.252
1.043
0.739
0.404
0.105
-0.109
-0.202
-0.214
-0.184
-0.129
-0.092
-0.084
-0.079
-0.075
-0.071
-0.066
-0.062
-0.058
-0.054
-0.047
-0.036
-0.03
-0.036
-0.051
-0.072
-0.1
-0.125
-0.142
-0.148
-0.153
-0.156
-0.157
-0.15
-0.141
-0.136
-0.132
-0.128
-0.125
-0.121
-0.117
-0.112
-0.107
-0.103
-0.099
-0.095
-0.091
-0.088
-0.085
-0.081
-0.077
-0.073
-0.068
-0.064
-0.061
-0.058
-0.056
-0.054
-0.052
-0.051
-0.049
-0.046
-0.041
-0.037
-0.038
-0.046
-0.055
-0.062
-0.068
-0.073
-0.075
-0.072
-0.067
-0.059
-0.045
-0.018
0.013
0.038
0.049
0.055
0.06
0.064
0.068
0.07
0.07
0.069
0.067
0.064
0.061
0.056
0.047
0.065
0.08
0.091
0.098
0.102
0.1
0.094
0.087
0.079
0.069
0.06
0.053
0.048
0.045
0.041
0.037
0.033
0.028
0.022
0.017
0.011
0.004
-0.004
-0.02
-0.031
-0.037
-0.041
-0.044
-0.049
-0.052
-0.056
-0.057
-0.055
-0.051
-0.046
-0.041
-0.036
-0.029
-0.022
-0.018
-0.019
-0.026
-0.033
-0.04
-0.048
-0.055
-0.059
-0.054
-0.043
-0.033
-0.026
-0.018
-0.01
-0.003
0.0
0.001
0.0
-0.001
-0.003
-0.005
-0.005
-0.007
-0.009
-0.011
-0.014
-0.015
-0.017
-0.018
-0.019
-0.018
-0.017
-0.015
-0.013
-0.011
-0.009
-0.008
-0.007
-0.006
-0.006
-0.006
-0.006
-0.005
-0.004
-0.003
-0.001
0.001
0.003
0.004
0.005
0.005
0.005
0.004
0.003
0.001
0.0
0.0
-0.001
0.0
0.0
0.002
0.003
0.003
0.003
0.003
0.002
0.002
0.002
0.002
0.002
0.001
0.001
0.001
0.001
0.002
0.002
0.002
0.002
0.003
0.002
0.002
0.001
0.0
-0.002
-0.004
-0.006
