-0.024
-0.023
-0.022
-0.02
-0.02
-0.019
-0.018
-0.017
-0.013
-0.009
-0.004
0.0
0.002
0.005
0.007
0.009
0.01
0.011
0.011
0.013
0.017
0.025
0.031
0.023
0.007
0.0
-0.006
-0.011
-0.016
-0.02
-0.025
-0.03
-0.035
-0.038
-0.041
-0.043
-0.044
-0.045
-0.046
-0.047
-0.05
-0.053
-0.057
-0.059
-0.058
-0.053
-0.044
-0.032
-0.009
0.031
0.072
0.115
0.159
0.201
0.266
0.336
0.355
0.359
0.335
0.199
0.0
-0.189
-0.287
-0.299
-0.256
-0.175
-0.133
-0.123
-0.117
-0.113
-0.109
-0.104
-0.098
-0.093
-0.087
-0.08
-0.073
-0.057
-0.033
-0.027
-0.024
-0.021
-0.02
-0.02
-0.025
-0.035
-0.045
-0.053
-0.06
-0.067
-0.072
-0.076
-0.076
-0.073
-0.068
-0.062
-0.055
-0.043
-0.024
-0.015
-0.01
-0.007
-0.004
-0.001
0.0
0.0
-0.002
-0.007
-0.012
-0.018
-0.022
-0.028
-0.035
-0.04
-0.044
-0.045
-0.043
-0.038
-0.03
-0.02
-0.002
0.036
0.059
0.069
0.077
0.082
0.086
0.09
0.096
0.101
0.106
0.111
0.116
0.121
0.126
0.13
0.135
0.14
0.144
0.146
0.146
0.146
0.144
0.141
0.137
0.131
0.124
0.116
0.107
0.1
0.093
0.086
0.078
0.069
0.06
0.051
0.043
0.037
0.031
0.025
0.019
0.011
0.003
-0.006
-0.02
-0.034
-0.046
-0.059
-0.074
-0.093
-0.102
-0.106
-0.108
-0.109
-0.111
-0.113
-0.114
-0.115
-0.116
-0.115
-0.114
-0.112
-0.109
-0.104
-0.099
-0.092
-0.085
-0.078
-0.073
-0.069
-0.066
-0.064
-0.062
-0.06
-0.057
-0.054
-0.051
-0.047
-0.043
-0.038
-0.033
-0.028
-0.024
-0.021
-0.019
-0.018
-0.017
-0.016
-0.015
-0.014
-0.013
-0.012
-0.011
-0.01
-0.007
-0.005
-0.004
-0.004
-0.004
-0.005
-0.007
-0.008
-0.009
-0.011
-0.012
-0.013
-0.013
-0.013
-0.012
-0.01
-0.008
-0.007
-0.005
-0.005
-0.005
-0.005
-0.005
-0.004
-0.003
-0.001
0.0
0.0
0.002
0.004
0.006
0.008
0.009
0.009
0.008
0.008
0.007
0.007
0.006
0.006
0.005
0.005
0.004
0.004
0.004
0.003
0.002
0.001
0.0
0.0
-0.001
-0.002
-0.003
-0.004
-0.005
-0.005
-0.005
-0.005
-0.004
-0.003
-0.002
-0.002
-0.002
-0.001
0.0
0.0
0.001
0.001
0.001
0.001
0.002
0.003
0.004
0.005
0.006
0.006
0.007
0.009
0.012
0.013
0.014
0.013
0.012
0.01
0.008
0.005
0.0
-0.005
-0.012
-0.018
-0.024
-0.03
-0.036
-0.044
-0.06
-0.076
-0.082
-0.085
-0.087
-0.089
-0.091
-0.093
-0.095
-0.096
-0.097
-0.098
-0.098
-0.099
-0.099
-0.098
-0.096
-0.093
-0.089
-0.084
-0.079
-0.073
-0.067
-0.062
-0.056
-0.052
-0.048
-0.044
-0.039
-0.035
-0.031
-0.027
-0.024
-0.02
-0.015
-0.011
-0.007
-0.003
0.0
0.002
0.005
0.008
0.011
0.012
0.013
0.012
0.012
0.012
0.012
0.011
0.011
0.01
0.01
0.009
0.009
0.009
0.008
0.006
0.005
0.004
0.003
0.002
0.002
0.001
0.001
0.001
0.003
0.006
0.011
0.017
0.022
0.029
0.046
0.09
0.134
0.185
0.245
0.309
0.369
0.405
0.392
0.349
0.211
0.027
-0.153
-0.261
-0.297
-0.275
-0.209
-0.119
-0.046
-0.025
-0.013
-0.003
0.005
0.012
0.016
0.02
0.025
0.029
0.033
0.035
0.037
0.039
0.042
0.044
0.047
0.048
0.049
0.048
0.047
0.046
0.045
0.045
0.045
0.045
0.046
0.046
0.046
0.045
0.044
0.043
0.042
0.04
0.037
0.034
0.031
0.028
0.025
0.023
0.021
0.02
0.02
0.019
0.019
0.019
0.016
0.008
0.003
0.015
0.036
0.045
0.05
0.054
0.058
0.062
0.067
0.073
0.08
0.086
0.09
0.093
0.096
0.098
0.099
0.099
0.099
0.1
0.101
0.103
0.107
0.112
0.117
0.122
0.127
0.131
0.134
0.136
0.136
0.134
0.131
0.126
0.119
0.113
0.106
0.1
0.093
0.084
0.067
0.05
0.035
0.022
0.015
0.009
0.003
-0.003
-0.01
-0.016
-0.021
-0.025
-0.03
-0.034
-0.039
-0.043
-0.046
-0.049
-0.051
-0.054
-0.058
-0.063
-0.066
-0.068
-0.069
-0.069
-0.068
-0.068
-0.066
-0.062
-0.057
-0.049
-0.042
-0.037
-0.031
-0.023
-0.014
-0.005
0.001
0.002
0.001
-0.003
-0.009
-0.015
-0.022
-0.033
-0.04
-0.032
-0.015
-0.007
0.0
0.005
0.011
0.016
0.021
0.024
0.028
0.029
0.029
0.026
0.022
0.017
0.01
0.004
0.0
-0.005
-0.009
-0.012
-0.015
-0.017
-0.02
-0.025
-0.029
-0.034
-0.038
-0.043
-0.047
-0.05
-0.051
-0.05
-0.047
-0.043
-0.038
-0.033
-0.028
-0.024
-0.019
-0.015
-0.01
-0.005
0.003
0.012
0.015
0.008
-0.003
-0.016
-0.023
-0.029
-0.035
-0.041
-0.046
-0.049
-0.05
-0.049
-0.047
-0.045
-0.043
-0.04
-0.038
-0.034
-0.03
-0.026
-0.024
-0.026
-0.031
-0.038
-0.045
-0.054
-0.068
-0.076
-0.066
-0.045
-0.028
-0.013
-0.001
0.005
0.009
0.012
0.016
0.022
0.026
0.014
-0.005
-0.017
-0.027
-0.037
-0.045
-0.049
-0.048
-0.044
-0.038
-0.031
-0.026
-0.023
-0.02
-0.016
-0.01
-0.004
0.0
0.004
0.007
0.01
0.012
0.013
0.014
0.014
0.013
0.011
0.011
0.012
0.013
0.014
0.014
0.013
0.009
0.004
0.0
-0.004
-0.013
-0.021
-0.02
-0.006
0.008
0.015
0.02
0.024
0.029
0.034
0.039
0.044
0.049
0.053
0.056
0.059
0.062
0.062
0.061
0.058
0.055
0.052
0.048
0.045
0.041
0.038
0.034
0.03
0.028
0.026
0.023
0.014
0.003
-0.004
-0.005
0.0
0.008
0.018
0.027
0.039
0.051
0.056
0.053
0.043
0.032
0.019
0.001
-0.008
-0.002
0.013
0.057
0.136
0.234
0.337
0.41
0.435
0.408
0.328
0.181
0.01
-0.143
-0.241
-0.273
-0.253
-0.221
-0.177
-0.126
-0.079
-0.034
0.001
0.018
0.03
0.035
0.023
0.003
-0.008
-0.019
-0.029
-0.037
-0.04
-0.039
-0.033
-0.024
-0.015
-0.008
-0.003
0.001
0.007
0.013
0.018
0.022
0.025
0.026
0.027
0.027
0.027
0.027
0.026
0.025
0.024
0.023
0.02
0.015
0.01
0.006
0.006
0.009
0.013
0.016
0.017
0.02
0.022
0.027
0.031
0.037
0.042
0.048
0.054
0.059
0.064
0.068
0.07
0.071
0.072
0.074
0.076
0.079
0.083
0.087
0.091
0.096
0.1
0.103
0.105
0.107
0.107
0.107
0.108
0.108
0.107
0.107
0.107
0.106
0.106
0.105
0.104
0.103
0.101
0.099
0.096
0.093
0.088
0.083
0.078
0.07
0.052
0.035
0.018
-0.001
-0.025
-0.048
-0.06
-0.066
-0.072
-0.077
-0.081
-0.085
-0.089
-0.093
-0.097
-0.101
-0.104
-0.107
-0.111
-0.114
-0.118
-0.128
-0.138
-0.143
-0.14
-0.133
-0.126
-0.122
-0.12
-0.119
-0.117
-0.113
-0.109
-0.104
-0.099
-0.094
-0.089
-0.085
-0.08
-0.077
-0.074
-0.072
-0.071
-0.071
-0.07
-0.069
-0.067
-0.065
-0.062
-0.058
-0.054
-0.05
-0.046
-0.044
-0.043
-0.043
-0.044
-0.045
-0.048
-0.05
-0.053
-0.056
-0.057
-0.058
-0.059
-0.06
-0.06
-0.059
-0.059
-0.059
-0.062
-0.066
-0.07
-0.071
-0.066
-0.058
-0.05
-0.046
-0.042
-0.037
-0.033
-0.028
-0.025
-0.024
-0.025
-0.028
-0.031
-0.032
-0.034
-0.035
-0.037
-0.039
-0.042
-0.044
-0.045
-0.046
-0.046
-0.047
-0.047
-0.047
-0.046
-0.045
-0.043
-0.041
-0.039
-0.037
-0.035
-0.033
-0.031
-0.029
-0.028
-0.028
-0.027
-0.027
-0.026
-0.025
-0.023
-0.021
-0.018
-0.016
-0.015
-0.017
-0.019
-0.022
-0.025
-0.027
-0.029
-0.032
-0.034
-0.036
-0.039
-0.04
-0.04
-0.039
-0.038
-0.036
-0.034
-0.03
-0.026
-0.022
-0.019
-0.017
-0.017
-0.017
-0.017
-0.016
-0.014
-0.013
-0.012
-0.011
-0.009
-0.008
-0.006
-0.005
-0.004
-0.005
-0.007
-0.009
-0.009
-0.009
-0.009
-0.008
-0.007
-0.004
0.002
-0.005
-0.01
-0.013
-0.015
-0.018
-0.019
-0.018
-0.014
-0.01
-0.006
-0.003
-0.001
0.0
0.002
0.005
0.008
0.011
0.014
0.016
0.019
0.023
0.026
0.029
0.031
0.033
0.034
0.035
0.037
0.039
0.042
0.045
0.049
0.052
0.056
0.059
0.061
0.062
0.061
0.058
0.055
0.051
0.046
0.041
0.036
0.031
0.026
0.022
0.019
0.017
0.015
0.013
0.011
0.01
0.008
0.006
0.001
-0.003
-0.002
0.007
0.022
0.036
0.053
0.071
0.09
0.121
0.164
0.234
0.319
0.398
0.425
0.407
0.353
0.205
0.025
-0.131
-0.204
-0.228
-0.197
-0.145
-0.096
-0.058
-0.017
0.004
0.017
0.027
0.033
0.035
0.034
0.031
0.026
0.02
0.015
0.007
0.0
-0.005
-0.006
-0.004
0.0
0.003
0.005
0.006
0.009
0.011
0.014
0.016
0.018
0.02
0.021
0.022
0.023
0.023
0.024
0.024
0.024
0.025
0.027
0.028
0.029
0.03
0.032
0.033
0.034
0.035
0.036
0.036
0.037
0.039
0.041
0.043
0.046
0.048
0.051
0.055
0.058
0.061
0.065
0.068
0.071
0.074
0.078
0.083
0.089
0.095
0.101
0.107
0.113
0.118
0.122
0.125
0.128
0.131
0.134
0.137
0.141
0.146
0.151
0.154
0.154
0.15
0.141
0.131
0.122
0.114
0.107
0.099
0.092
0.084
0.077
0.07
0.064
0.06
0.054
0.049
0.042
0.032
0.015
0.0
-0.012
-0.018
-0.021
-0.024
-0.027
-0.03
-0.032
-0.035
-0.038
-0.042
-0.046
-0.049
-0.053
-0.056
-0.059
-0.061
-0.063
-0.065
-0.069
-0.075
-0.082
-0.088
-0.091
-0.089
-0.086
-0.081
-0.076
-0.072
-0.068
-0.064
-0.058
-0.053
-0.048
-0.044
-0.039
-0.034
-0.031
-0.03
-0.029
-0.028
-0.028
-0.028
-0.028
-0.027
-0.026
-0.026
-0.026
-0.025
-0.025
-0.024
-0.024
-0.024
-0.024
-0.025
-0.025
-0.024
-0.023
-0.023
-0.022
-0.022
-0.021
-0.02
-0.02
-0.019
-0.018
-0.017
-0.015
-0.01
-0.004
-0.001
-0.003
-0.009
-0.014
-0.016
-0.017
-0.018
-0.019
-0.021
-0.024
-0.027
-0.029
-0.031
-0.032
-0.032
-0.031
-0.03
-0.029
-0.028
-0.027
-0.026
-0.025
-0.026
-0.028
-0.03
-0.033
-0.035
-0.037
-0.04
-0.043
-0.045
-0.047
-0.049
-0.051
-0.054
-0.061
-0.069
-0.076
-0.079
-0.075
-0.066
-0.054
-0.042
-0.032
-0.019
-0.007
0.001
0.003
0.003
0.002
0.001
0.0
0.0
0.0
0.0
-0.001
-0.005
-0.009
-0.01
-0.013
-0.015
-0.017
-0.02
-0.024
-0.026
-0.028
-0.028
-0.028
-0.028
-0.027
-0.027
-0.026
-0.026
-0.026
-0.026
-0.026
-0.028
-0.03
-0.031
-0.033
-0.033
-0.033
-0.031
-0.03
-0.028
-0.027
-0.026
-0.025
-0.024
-0.024
-0.025
-0.026
-0.027
-0.028
-0.028
-0.026
-0.024
-0.021
-0.018
-0.016
-0.015
-0.014
-0.013
-0.013
-0.014
-0.015
-0.016
-0.015
-0.009
-0.003
0.0
-0.001
-0.007
-0.012
-0.015
-0.017
-0.021
-0.025
-0.028
-0.031
-0.032
-0.033
-0.032
-0.03
-0.028
-0.025
-0.021
-0.017
-0.014
-0.012
-0.01
-0.008
-0.005
-0.002
0.0
0.002
0.004
0.006
0.008
0.01
0.012
0.012
0.01
0.008
0.006
0.005
0.005
0.004
0.005
0.007
0.01
0.006
-0.001
-0.004
-0.005
-0.007
-0.01
-0.013
-0.016
-0.02
-0.025
-0.029
-0.033
-0.036
-0.038
-0.041
-0.044
-0.049
-0.056
-0.069
-0.077
-0.072
-0.059
-0.025
0.047
0.133
0.234
0.348
0.452
0.505
0.505
0.445
0.304
0.121
-0.064
-0.176
-0.213
-0.189
-0.116
-0.03
0.002
0.02
0.032
0.008
-0.01
-0.021
-0.029
-0.034
-0.035
-0.032
-0.026
-0.018
-0.011
-0.006
-0.001
0.004
0.009
0.015
0.021
0.029
0.035
0.04
0.045
0.05
0.057
0.073
0.108
0.146
0.182
0.197
0.204
0.21
0.216
0.221
0.225
0.226
0.224
0.219
0.213
0.207
0.2
0.192
0.181
0.164
0.141
0.112
0.1
0.093
0.087
0.08
0.074
0.069
0.065
0.062
0.059
0.058
0.057
0.056
0.058
0.061
0.066
0.07
0.075
0.079
0.082
0.085
0.088
0.091
0.094
0.095
0.096
0.099
0.102
0.106
0.109
0.111
0.112
0.112
0.112
0.11
0.108
0.105
0.1
0.095
0.091
0.086
0.08
0.073
0.064
0.055
0.045
0.033
0.019
0.0
-0.017
-0.033
-0.054
-0.076
-0.084
-0.091
-0.099
-0.1
-0.093
-0.088
-0.085
-0.082
-0.081
-0.081
-0.082
-0.087
-0.092
-0.096
-0.099
-0.101
-0.103
-0.104
-0.106
-0.108
-0.11
-0.111
-0.114
-0.116
-0.118
-0.12
-0.121
-0.122
-0.123
-0.123
-0.122
-0.12
-0.119
-0.116
-0.114
-0.112
-0.11
-0.108
-0.106
-0.105
-0.103
-0.1
-0.097
-0.094
-0.091
-0.088
-0.084
-0.08
-0.076
-0.072
-0.068
-0.064
-0.061
-0.059
-0.057
-0.054
-0.051
-0.049
-0.048
-0.046
-0.046
-0.045
-0.045
-0.045
-0.045
-0.046
-0.046
-0.046
-0.047
-0.047
-0.047
-0.047
-0.047
-0.048
-0.048
-0.048
-0.048
-0.049
-0.05
-0.05
-0.05
-0.048
-0.044
-0.04
-0.045
-0.058
-0.067
-0.076
-0.084
-0.089
-0.089
-0.086
-0.082
-0.079
-0.078
-0.076
-0.073
-0.07
-0.066
-0.062
-0.059
-0.055
-0.05
-0.045
-0.04
-0.036
-0.032
-0.028
-0.021
-0.014
-0.008
-0.005
-0.006
-0.01
-0.015
-0.021
-0.034
-0.059
-0.076
-0.089
-0.089
-0.07
-0.051
-0.034
-0.022
-0.015
-0.011
-0.005
-0.001
0.0
-0.004
-0.015
-0.026
-0.033
-0.041
-0.048
-0.054
-0.058
-0.061
-0.06
-0.055
-0.048
-0.041
-0.034
-0.029
-0.023
-0.016
-0.011
-0.005
0.0
0.005
0.006
0.007
0.007
0.007
0.006
0.004
0.001
-0.001
-0.004
-0.008
-0.011
-0.017
-0.03
-0.029
-0.008
0.004
0.014
0.022
0.029
0.033
0.033
0.031
0.029
0.028
0.026
0.023
0.016
0.012
0.017
0.025
0.028
0.029
0.031
0.032
0.033
0.034
0.036
0.039
0.042
0.044
0.045
0.046
0.045
0.043
0.041
0.04
0.039
0.038
0.037
0.038
0.039
0.04
0.041
0.042
0.042
0.042
0.038
0.039
0.05
0.054
0.057
0.059
0.061
0.063
0.065
0.066
0.068
0.07
0.071
0.07
0.07
0.069
0.068
0.066
0.064
0.062
0.059
0.056
0.053
0.05
0.047
0.043
0.039
0.035
0.032
0.028
0.023
0.018
0.014
0.01
0.006
0.004
0.003
0.002
0.003
0.005
0.008
0.013
0.019
0.025
0.033
0.043
0.065
0.107
0.169
0.25
0.344
0.417
0.441
0.418
0.347
0.206
0.048
-0.083
-0.151
-0.173
-0.185
-0.189
-0.186
-0.177
-0.164
-0.14
-0.094
-0.037
-0.008
0.0
0.005
0.003
-0.013
-0.023
-0.029
-0.035
-0.039
-0.043
-0.045
-0.045
-0.045
-0.045
-0.043
-0.039
-0.035
-0.03
-0.024
-0.019
-0.015
-0.013
-0.011
-0.008
-0.006
-0.003
0.0
0.002
0.004
0.006
0.007
0.009
0.01
0.011
0.012
0.012
0.012
0.014
0.016
0.019
0.021
0.023
0.025
0.027
0.03
0.034
0.045
0.066
0.068
0.069
0.07
0.072
0.074
0.076
0.075
0.074
0.073
0.073
0.071
0.07
0.071
0.081
0.095
0.108
0.125
0.135
0.137
0.138
0.139
0.141
0.144
0.147
0.148
0.149
0.15
0.149
0.149
0.149
0.148
0.144
0.139
0.134
0.128
0.121
0.114
0.106
0.094
0.071
0.052
0.036
0.024
0.015
0.007
0.0
-0.005
-0.008
-0.011
-0.013
-0.015
-0.016
-0.017
-0.017
-0.018
-0.019
-0.021
-0.024
-0.027
-0.029
-0.03
-0.03
-0.03
-0.03
-0.029
-0.028
-0.027
-0.026
-0.026
-0.027
-0.028
-0.03
-0.031
-0.032
-0.031
-0.03
-0.028
-0.026
-0.023
-0.02
-0.017
-0.014
-0.011
-0.01
-0.009
-0.009
-0.008
-0.007
-0.005
-0.004
-0.002
0.0
0.001
0.004
0.006
0.008
0.008
0.008
0.007
0.005
0.004
0.002
0.0
0.0
0.0
0.001
0.003
0.005
0.007
0.008
0.009
0.01
0.01
0.01
0.009
0.008
0.009
0.013
0.02
0.025
0.026
0.022
0.014
0.006
-0.001
-0.013
-0.023
-0.024
-0.016
-0.005
0.002
0.011
0.021
0.028
0.031
0.031
0.03
0.027
0.023
0.019
0.012
0.005
0.0
0.0
0.003
0.007
0.01
0.015
0.02
0.021
0.014
0.005
-0.003
-0.013
-0.023
-0.027
-0.023
-0.013
-0.002
0.004
0.013
0.022
0.029
0.03
0.026
0.018
0.006
-0.012
-0.035
-0.037
-0.037
-0.038
-0.041
-0.043
-0.045
-0.046
-0.047
-0.049
-0.05
-0.051
-0.052
-0.053
-0.054
-0.054
-0.056
-0.059
-0.062
-0.065
-0.069
-0.074
-0.079
-0.085
-0.089
-0.094
-0.096
-0.097
-0.095
-0.093
-0.089
-0.086
-0.083
-0.08
-0.079
-0.078
-0.078
-0.079
-0.08
-0.081
-0.081
-0.079
-0.076
-0.072
-0.068
-0.063
-0.058
-0.054
-0.05
-0.048
-0.048
-0.048
-0.048
-0.048
-0.045
-0.042
-0.038
-0.037
-0.038
-0.04
-0.041
-0.042
-0.041
-0.042
-0.043
-0.045
-0.047
-0.049
-0.051
-0.052
-0.052
-0.052
-0.05
-0.047
-0.042
-0.038
-0.033
-0.029
-0.024
-0.019
-0.015
-0.011
-0.008
-0.005
-0.002
0.0
0.001
0.003
0.003
0.004
0.004
0.004
0.004
0.004
0.004
0.003
0.003
0.004
0.004
0.004
0.004
0.002
0.0
-0.002
-0.005
-0.008
-0.011
-0.014
-0.016
-0.017
-0.016
-0.014
-0.011
-0.009
-0.006
-0.002
0.001
0.006
0.01
0.014
0.019
0.039
0.086
0.16
0.239
0.333
0.42
0.451
0.436
0.386
0.249
0.084
-0.061
-0.132
-0.157
-0.165
-0.158
-0.141
-0.122
-0.098
-0.07
-0.054
-0.044
-0.036
-0.028
-0.021
-0.015
-0.01
-0.007
-0.004
-0.002
-0.001
0.0
0.0
0.0
0.002
0.005
0.008
0.011
0.01
0.008
0.004
0.001
-0.001
-0.005
-0.01
-0.014
-0.018
-0.019
-0.016
-0.011
-0.004
0.001
0.005
0.009
0.013
0.017
0.02
0.023
0.025
0.026
0.027
0.028
0.029
0.029
0.03
0.031
0.033
0.037
0.041
0.045
0.05
0.055
0.06
0.066
0.07
0.073
0.075
0.077
0.08
0.084
0.089
0.094
0.099
0.104
0.11
0.116
0.122
0.128
0.132
0.135
0.136
0.137
0.136
0.135
0.132
0.128
0.124
0.12
0.116
0.112
0.109
0.105
0.101
0.097
0.093
0.088
0.081
0.072
0.062
0.051
0.04
0.03
0.02
0.01
0.001
-0.008
-0.019
-0.034
-0.061
-0.068
-0.07
-0.071
-0.071
-0.072
-0.072
-0.072
-0.072
-0.072
-0.072
-0.072
-0.071
-0.07
-0.068
-0.066
-0.065
-0.064
-0.063
-0.061
-0.06
-0.058
-0.056
-0.055
-0.053
-0.05
-0.047
-0.044
-0.041
-0.04
-0.039
-0.039
-0.04
-0.041
-0.043
-0.045
-0.047
-0.047
-0.047
-0.046
-0.044
-0.041
-0.038
-0.035
-0.031
-0.028
-0.024
-0.021
-0.018
-0.016
-0.012
-0.009
-0.005
-0.001
0.003
0.008
0.013
0.019
0.024
0.028
0.031
0.034
0.036
0.037
0.038
0.039
0.04
0.041
0.043
0.046
0.049
0.053
0.056
0.059
0.061
0.065
0.068
0.071
0.074
0.077
0.082
0.089
0.096
0.102
0.105
0.103
0.097
0.089
0.081
0.074
0.07
0.066
0.062
0.057
0.052
0.045
0.038
0.031
0.024
0.017
0.01
0.005
0.001
0.0
-0.001
-0.001
-0.001
-0.002
-0.003
-0.005
-0.007
-0.009
-0.011
-0.015
-0.02
-0.026
-0.031
-0.035
-0.037
-0.04
-0.043
-0.046
-0.05
-0.055
-0.061
-0.067
-0.076
-0.093
-0.11
-0.116
-0.119
-0.121
-0.123
-0.123
-0.124
-0.125
-0.126
-0.128
-0.131
-0.134
-0.136
-0.138
-0.138
-0.137
-0.137
-0.136
-0.136
-0.135
-0.134
-0.135
-0.138
-0.141
-0.144
-0.147
-0.149
-0.15
-0.151
-0.15
-0.149
-0.146
-0.143
-0.139
-0.135
-0.132
-0.131
-0.13
-0.129
-0.128
-0.126
-0.125
-0.123
-0.121
-0.12
-0.12
-0.119
-0.119
-0.119
-0.121
-0.123
-0.125
-0.128
-0.132
-0.135
-0.137
-0.138
-0.138
-0.137
-0.134
-0.131
-0.125
-0.118
-0.109
-0.1
-0.091
-0.082
-0.075
-0.069
-0.065
-0.061
-0.057
-0.052
-0.048
-0.043
-0.038
-0.033
-0.027
-0.021
-0.016
-0.011
-0.007
-0.005
-0.002
0.0
0.002
0.006
0.011
0.019
0.035
0.053
0.066
0.076
0.085
0.097
0.11
0.127
0.149
0.212
0.301
0.402
0.492
0.521
0.497
0.425
0.262
0.067
-0.109
-0.204
-0.237
-0.213
-0.135
-0.035
0.051
0.084
0.102
0.115
0.088
0.063
0.046
0.033
0.029
0.034
0.048
0.063
0.075
0.086
0.097
0.107
0.111
0.111
0.11
0.108
0.105
0.1
0.093
0.086
0.085
0.093
0.102
0.108
0.113
0.12
0.125
0.13
0.131
0.13
0.127
0.121
0.114
0.107
0.096
0.086
0.08
0.083
0.092
0.101
0.107
0.112
0.118
0.124
0.131
0.137
0.143
0.148
0.153
0.157
0.16
0.161
0.162
0.163
0.165
0.167
0.17
0.173
0.177
0.182
0.186
0.192
0.197
0.201
0.203
0.204
0.205
0.206
0.209
0.214
0.226
0.235
0.236
0.228
0.219
0.214
0.211
0.209
0.206
0.202
0.198
0.193
0.187
0.182
0.177
0.172
0.167
0.161
0.153
0.132
0.092
0.061
0.04
0.027
0.021
0.017
0.013
0.008
0.004
0.001
0.0
-0.001
-0.002
-0.002
-0.003
-0.004
-0.005
-0.005
-0.005
-0.006
-0.008
-0.009
-0.011
-0.012
-0.013
-0.014
-0.014
-0.014
-0.014
-0.013
-0.01
-0.008
-0.005
-0.002
0.001
0.009
0.015
0.017
0.015
0.011
0.01
0.008
0.007
0.005
0.004
0.002
0.0
-0.002
-0.004
-0.005
-0.006
-0.007
-0.009
-0.011
-0.014
-0.022
-0.027
-0.021
-0.01
-0.005
0.0
0.004
0.007
0.009
0.006
0.002
-0.002
-0.006
-0.009
-0.011
-0.014
-0.017
-0.02
-0.022
-0.024
-0.025
-0.026
-0.026
-0.026
-0.025
-0.024
-0.022
-0.02
-0.02
-0.019
-0.017
-0.014
-0.011
-0.007
0.0
0.0
-0.015
-0.022
-0.026
-0.031
-0.035
-0.04
-0.045
-0.049
-0.05
-0.051
-0.051
-0.05
-0.048
-0.044
-0.039
-0.034
-0.028
-0.023
-0.019
-0.015
-0.01
0.0
0.011
0.015
0.01
0.0
-0.011
-0.024
-0.041
-0.051
-0.058
-0.066
-0.076
-0.081
-0.069
-0.048
-0.035
-0.025
-0.014
-0.006
-0.002
-0.002
-0.006
-0.011
-0.019
-0.027
-0.035
-0.045
-0.056
-0.064
-0.065
-0.062
-0.056
-0.052
-0.05
-0.049
-0.048
-0.046
-0.043
-0.04
-0.036
-0.032
-0.029
-0.027
-0.026
-0.025
-0.024
-0.024
-0.024
-0.024
-0.024
-0.022
-0.02
-0.017
-0.016
-0.015
-0.015
-0.016
-0.019
-0.022
-0.026
-0.035
-0.041
-0.034
-0.02
-0.011
-0.003
0.003
0.009
0.011
0.007
0.0
-0.007
-0.013
-0.017
-0.02
-0.024
-0.028
-0.032
-0.036
-0.039
-0.041
-0.043
-0.046
-0.049
-0.05
-0.05
-0.048
-0.047
-0.045
-0.044
-0.043
-0.042
-0.04
-0.038
-0.037
-0.035
-0.033
-0.03
-0.026
-0.023
-0.012
0.018
0.054
0.09
0.154
0.229
0.311
0.372
0.375
0.33
0.201
0.032
-0.146
-0.291
-0.347
-0.347
-0.288
-0.205
-0.128
-0.088
-0.072
-0.063
-0.057
-0.052
-0.048
-0.045
-0.041
-0.038
-0.036
-0.034
-0.033
-0.032
-0.031
-0.029
-0.024
-0.017
-0.014
-0.017
-0.025
-0.035
-0.041
-0.046
-0.051
-0.055
-0.059
-0.063
-0.065
-0.066
-0.064
-0.061
-0.057
-0.054
-0.051
-0.048
-0.044
-0.04
-0.036
-0.033
-0.029
-0.025
-0.02
-0.016
-0.011
-0.005
0.0
0.008
0.017
0.037
0.068
0.066
0.065
0.065
0.065
0.057
0.041
0.028
0.015
0.005
0.005
0.019
0.035
0.045
0.053
0.06
0.068
0.076
0.084
0.092
0.1
0.107
0.115
0.122
0.129
0.137
0.145
0.151
0.155
0.156
0.152
0.144
0.135
0.126
0.119
0.113
0.106
0.098
0.089
0.079
0.07
0.062
0.054
0.045
0.034
0.017
-0.001
-0.021
-0.03
-0.035
-0.039
-0.043
-0.048
-0.052
-0.057
-0.061
-0.065
-0.069
-0.072
-0.075
-0.077
-0.078
-0.078
-0.079
-0.08
-0.081
-0.084
-0.093
-0.1
-0.099
-0.086
-0.069
-0.052
-0.033
-0.021
-0.016
-0.013
-0.011
-0.009
-0.007
-0.005
-0.004
-0.005
-0.006
-0.008
-0.009
-0.01
-0.01
-0.01
-0.011
-0.011
-0.011
-0.011
-0.01
-0.008
-0.007
-0.007
-0.008
-0.009
-0.01
-0.012
-0.014
-0.016
-0.018
-0.021
-0.023
-0.026
-0.027
-0.03
-0.033
-0.037
-0.042
-0.046
-0.049
-0.05
-0.049
-0.047
-0.045
-0.042
-0.039
-0.034
-0.027
-0.019
-0.012
-0.009
-0.009
-0.012
-0.016
-0.019
-0.022
-0.025
-0.029
-0.033
-0.035
-0.037
-0.039
-0.039
-0.039
-0.039
-0.039
-0.038
-0.037
-0.037
-0.038
-0.04
-0.042
-0.044
