-0.071
-0.071
-0.07
-0.07
-0.069
-0.068
-0.067
-0.065
-0.063
-0.061
-0.059
-0.055
-0.051
-0.044
-0.028
-0.01
0.001
0.011
0.02
0.023
0.02
0.013
0.003
-0.005
-0.018
-0.023
-0.02
-0.009
0.02
0.089
0.188
0.303
0.429
0.557
0.65
0.665
0.644
0.528
0.35
0.152
0.0
-0.054
-0.073
-0.059
-0.017
0.029
0.051
0.065
0.074
0.078
0.072
0.061
0.051
0.039
0.033
0.038
0.05
0.063
0.079
0.096
0.105
0.11
0.113
0.117
0.12
0.123
0.126
0.128
0.131
0.133
0.135
0.138
0.141
0.144
0.148
0.152
0.158
0.165
0.171
0.177
0.182
0.186
0.189
0.192
0.194
0.197
0.2
0.202
0.206
0.21
0.215
0.22
0.225
0.23
0.236
0.245
0.259
0.272
0.28
0.286
0.29
0.296
0.301
0.305
0.307
0.307
0.304
0.298
0.291
0.282
0.269
0.247
0.231
0.217
0.205
0.193
0.18
0.161
0.134
0.113
0.101
0.087
0.072
0.064
0.059
0.054
0.049
0.045
0.042
0.04
0.038
0.038
0.037
0.037
0.04
0.043
0.047
0.052
0.057
0.062
0.067
0.073
0.078
0.086
0.095
0.103
0.109
0.114
0.118
0.122
0.126
0.129
0.132
0.135
0.138
0.141
0.144
0.148
0.152
0.156
0.16
0.163
0.166
0.169
0.172
0.175
0.177
0.177
0.177
0.175
0.172
0.169
0.166
0.162
0.159
0.153
0.148
0.145
0.145
0.15
0.157
0.164
0.169
0.174
0.179
0.184
0.189
0.194
0.199
0.203
0.209
0.214
0.219
0.225
0.231
0.238
0.244
0.249
0.255
0.26
0.263
0.266
0.268
0.27
0.273
0.275
0.277
0.279
0.281
0.283
0.284
0.286
0.287
0.288
0.288
0.289
0.289
0.289
0.289
0.29
0.289
0.288
0.287
0.286
0.285
0.283
0.281
0.279
0.276
0.272
0.269
0.266
0.26
0.248
0.235
0.221
0.208
0.195
0.183
0.173
0.164
0.156
0.148
0.139
0.13
0.118
0.103
0.089
0.072
0.049
0.026
0.001
-0.024
-0.051
-0.08
-0.108
-0.136
-0.164
-0.192
-0.219
-0.246
-0.273
-0.295
-0.312
-0.33
-0.348
-0.367
-0.387
-0.408
-0.428
-0.45
-0.474
-0.494
-0.501
-0.511
-0.509
-0.478
-0.422
-0.336
-0.225
-0.096
0.026
0.108
0.116
0.076
-0.054
-0.228
-0.4
-0.532
-0.599
-0.623
-0.631
-0.626
-0.616
-0.612
-0.61
-0.608
-0.607
-0.605
-0.603
-0.601
-0.597
-0.592
-0.588
-0.583
-0.578
-0.575
-0.572
-0.57
-0.567
-0.565
-0.563
-0.561
-0.559
-0.557
-0.554
-0.55
-0.546
-0.542
-0.538
-0.535
-0.532
-0.53
-0.528
-0.526
-0.524
-0.521
-0.517
-0.512
-0.501
-0.489
-0.479
-0.47
-0.46
-0.45
-0.44
-0.431
-0.422
-0.408
-0.383
-0.36
-0.343
-0.326
-0.305
-0.275
-0.259
-0.25
-0.244
-0.239
-0.236
-0.235
-0.236
-0.238
-0.241
-0.245
-0.249
-0.253
-0.258
-0.265
-0.273
-0.282
-0.294
-0.309
-0.33
-0.348
-0.367
-0.385
-0.407
-0.417
-0.422
-0.428
-0.432
-0.437
-0.44
-0.443
-0.445
-0.446
-0.447
-0.447
-0.447
-0.445
-0.443
-0.441
-0.439
-0.435
-0.431
-0.426
-0.421
-0.415
-0.41
-0.401
-0.392
-0.382
-0.372
-0.361
-0.353
-0.346
-0.34
-0.335
-0.33
-0.325
-0.321
-0.316
-0.312
-0.308
-0.304
-0.3
-0.296
-0.29
-0.283
-0.268
-0.256
-0.245
-0.236
-0.228
-0.222
-0.219
-0.222
-0.229
-0.237
-0.242
-0.248
-0.253
-0.256
-0.256
-0.246
-0.231
-0.217
-0.207
-0.196
-0.185
-0.175
-0.166
-0.158
-0.153
-0.148
-0.144
-0.141
-0.137
-0.133
-0.126
-0.119
-0.114
-0.11
-0.107
-0.105
-0.104
-0.103
-0.103
-0.102
-0.102
-0.103
-0.103
-0.104
-0.106
-0.108
-0.11
-0.112
-0.112
-0.112
-0.111
-0.109
-0.105
-0.101
-0.098
-0.094
-0.091
-0.087
-0.083
-0.079
-0.072
-0.065
-0.057
-0.049
-0.041
-0.035
-0.029
-0.022
-0.013
-0.001
0.011
0.024
0.038
0.057
0.079
0.095
0.103
0.107
0.111
0.114
0.116
0.116
0.116
0.114
0.11
0.105
0.099
0.095
0.09
0.086
0.082
0.078
0.075
0.072
0.069
0.067
0.065
0.063
0.063
0.063
0.063
0.063
0.065
0.068
0.072
0.079
0.086
0.115
0.183
0.279
0.4
0.527
0.627
0.66
0.637
0.568
0.418
0.26
0.134
0.048
0.026
0.022
0.018
0.014
0.012
0.012
0.012
0.012
0.013
0.014
0.017
0.02
0.022
0.023
0.023
0.022
0.021
0.02
0.02
0.02
0.02
0.02
0.02
0.018
0.017
0.017
0.017
0.017
0.018
0.018
0.02
0.022
0.026
0.029
0.033
0.041
0.062
0.086
0.101
0.11
0.118
0.125
0.131
0.138
0.144
0.15
0.157
0.168
0.184
0.198
0.211
0.224
0.238
0.254
0.272
0.286
0.297
0.306
0.313
0.317
0.32
0.322
0.325
0.33
0.334
0.336
0.333
0.324
0.311
0.296
0.273
0.246
0.222
0.203
0.187
0.174
0.161
0.147
0.133
0.116
0.098
0.08
0.065
0.052
0.036
0.019
0.005
0.0
-0.005
-0.009
-0.012
-0.014
-0.016
-0.016
-0.015
-0.014
-0.012
-0.008
-0.004
0.0
0.006
0.013
0.022
0.038
0.054
0.07
0.085
0.098
0.107
0.115
0.121
0.126
0.13
0.134
0.138
0.144
0.151
0.159
0.168
0.186
0.217
0.242
0.259
0.27
0.274
0.278
0.282
0.285
0.288
0.291
0.293
0.293
0.292
0.289
0.284
0.279
0.273
0.268
0.262
0.253
0.235
0.219
0.207
0.197
0.187
0.177
0.167
0.158
0.152
0.146
0.14
0.132
0.124
0.118
0.112
0.108
0.104
0.101
0.098
0.095
0.091
0.086
0.082
0.076
0.071
0.065
0.057
0.049
0.038
0.027
0.02
0.018
0.017
0.016
0.015
0.014
0.014
0.013
0.014
0.018
0.023
0.028
0.032
0.037
0.042
0.045
0.045
0.042
0.037
0.032
0.028
0.023
0.017
0.011
0.005
-0.001
-0.009
-0.016
-0.022
-0.027
-0.03
-0.032
-0.035
-0.038
-0.042
-0.046
-0.05
-0.054
-0.057
-0.059
-0.062
-0.063
-0.064
-0.066
-0.069
-0.073
-0.078
-0.083
-0.089
-0.099
-0.109
-0.116
-0.116
-0.11
-0.099
-0.083
-0.033
0.052
0.162
0.284
0.397
0.459
0.458
0.387
0.228
0.034
-0.137
-0.248
-0.28
-0.278
-0.229
-0.183
-0.167
-0.167
-0.181
-0.191
-0.201
-0.207
-0.207
-0.197
-0.183
-0.172
-0.161
-0.151
-0.142
-0.133
-0.126
-0.12
-0.116
-0.113
-0.111
-0.108
-0.106
-0.103
-0.1
-0.097
-0.094
-0.091
-0.088
-0.083
-0.077
-0.069
-0.053
-0.037
-0.021
-0.002
0.019
0.038
0.061
0.091
0.117
0.135
0.158
0.169
0.174
0.178
0.179
0.18
0.182
0.184
0.187
0.191
0.194
0.197
0.199
0.202
0.205
0.21
0.215
0.223
0.238
0.25
0.255
0.258
0.262
0.267
0.269
0.264
0.25
0.23
0.201
0.174
0.147
0.121
0.09
0.061
0.039
0.017
-0.003
-0.025
-0.049
-0.065
-0.077
-0.087
-0.093
-0.096
-0.099
-0.101
-0.101
-0.101
-0.101
-0.102
-0.102
-0.103
-0.104
-0.105
-0.106
-0.107
-0.108
-0.109
-0.109
-0.11
-0.111
-0.112
-0.114
-0.116
-0.119
-0.122
-0.124
-0.127
-0.128
-0.127
-0.123
-0.113
-0.102
-0.092
-0.084
-0.077
-0.069
-0.062
-0.056
-0.052
-0.048
-0.045
-0.042
-0.038
-0.036
-0.034
-0.033
-0.032
-0.031
-0.03
-0.029
-0.028
-0.027
-0.026
-0.025
-0.023
-0.021
-0.019
-0.017
-0.016
-0.014
-0.013
-0.012
-0.011
-0.01
-0.01
-0.01
-0.009
-0.008
-0.008
-0.007
-0.006
-0.005
-0.004
-0.004
-0.004
-0.005
-0.007
-0.009
-0.012
-0.016
-0.019
-0.022
-0.024
-0.026
-0.028
-0.029
-0.028
-0.028
-0.027
-0.026
-0.025
-0.025
-0.025
-0.024
-0.024
-0.024
-0.023
-0.023
-0.023
-0.022
-0.022
-0.021
-0.021
-0.021
-0.021
-0.021
-0.021
-0.022
-0.024
-0.025
-0.027
-0.028
-0.03
-0.033
-0.036
-0.038
-0.041
-0.044
-0.046
-0.049
-0.052
-0.056
-0.061
-0.072
-0.084
-0.093
-0.1
-0.106
-0.111
-0.114
-0.118
-0.121
-0.125
-0.128
-0.13
-0.133
-0.135
-0.137
-0.138
-0.14
-0.142
-0.145
-0.149
-0.154
-0.165
-0.165
-0.151
-0.112
-0.047
0.042
0.151
0.268
0.383
0.458
0.485
0.453
0.353
0.18
-0.004
-0.148
-0.2
-0.218
-0.218
-0.211
-0.207
-0.205
-0.202
-0.195
-0.181
-0.166
-0.158
-0.151
-0.145
-0.14
-0.137
-0.135
-0.133
-0.129
-0.125
-0.12
-0.116
-0.113
-0.111
-0.109
-0.107
-0.105
-0.103
-0.1
-0.098
-0.095
-0.091
-0.088
-0.084
-0.08
-0.076
-0.072
-0.068
-0.064
-0.06
-0.056
-0.051
-0.047
-0.041
-0.031
-0.021
-0.012
-0.004
0.002
0.009
0.016
0.022
0.029
0.037
0.046
0.055
0.067
0.083
0.101
0.119
0.132
0.143
0.152
0.159
0.164
0.167
0.17
0.174
0.178
0.182
0.184
0.181
0.172
0.159
0.144
0.121
0.102
0.077
0.044
0.022
0.009
0.002
0.0
-0.001
-0.002
-0.003
-0.005
-0.006
-0.007
-0.008
-0.009
-0.009
-0.01
-0.01
-0.01
-0.011
-0.011
-0.013
-0.015
-0.017
-0.019
-0.022
-0.024
-0.026
-0.027
-0.028
-0.029
-0.031
-0.032
-0.032
-0.031
-0.027
-0.022
-0.015
-0.01
-0.006
-0.001
0.003
0.007
0.011
0.013
0.013
0.011
0.005
-0.001
-0.009
-0.017
-0.025
-0.032
-0.04
-0.048
-0.056
-0.061
-0.063
-0.062
-0.06
-0.057
-0.054
-0.052
-0.051
-0.051
-0.05
-0.048
-0.047
-0.047
-0.046
-0.045
-0.045
-0.045
-0.045
-0.046
-0.048
-0.049
-0.051
-0.052
-0.053
-0.054
-0.055
-0.055
-0.055
-0.055
-0.055
-0.055
-0.054
-0.054
-0.053
-0.052
-0.05
-0.049
-0.047
-0.046
-0.044
-0.042
-0.041
-0.039
-0.038
-0.037
-0.036
-0.034
-0.033
-0.031
-0.03
-0.027
-0.025
-0.022
-0.018
-0.015
-0.012
-0.009
-0.002
0.005
0.013
0.018
0.021
0.025
0.028
0.031
0.033
0.036
0.038
0.04
0.041
0.042
0.042
0.041
0.039
0.035
0.031
0.026
0.021
0.017
0.013
0.01
0.008
0.006
0.003
0.001
-0.001
-0.004
-0.007
-0.009
-0.012
-0.014
-0.015
-0.015
-0.015
-0.015
-0.014
-0.014
-0.014
-0.014
-0.015
-0.015
-0.019
-0.025
-0.011
0.033
0.097
0.186
0.296
0.421
0.543
0.623
0.629
0.578
0.438
0.264
0.098
-0.021
-0.058
-0.072
-0.073
-0.065
-0.061
-0.059
-0.058
-0.057
-0.055
-0.053
-0.051
-0.048
-0.044
-0.04
-0.037
-0.034
-0.03
-0.023
-0.009
0.003
0.015
0.024
0.032
0.038
0.045
0.054
0.064
0.072
0.076
0.079
0.083
0.085
0.088
0.09
0.092
0.094
0.097
0.101
0.104
0.107
0.109
0.11
0.112
0.115
0.117
0.12
0.124
0.129
0.138
0.149
0.16
0.171
0.182
0.191
0.2
0.209
0.215
0.22
0.224
0.228
0.231
0.235
0.238
0.241
0.243
0.243
0.241
0.238
0.232
0.225
0.212
0.187
0.162
0.135
0.11
0.091
0.073
0.048
0.02
-0.005
-0.03
-0.052
-0.076
-0.094
-0.106
-0.114
-0.12
-0.123
-0.126
-0.127
-0.129
-0.131
-0.133
-0.137
-0.141
-0.145
-0.149
-0.154
-0.16
-0.17
-0.177
-0.182
-0.187
-0.191
-0.196
-0.2
-0.2
-0.191
-0.181
-0.174
-0.169
-0.164
-0.16
-0.156
-0.153
-0.151
-0.149
-0.149
-0.149
-0.151
-0.153
-0.155
-0.158
-0.161
-0.164
-0.167
-0.17
-0.176
-0.182
-0.184
-0.181
-0.175
-0.169
-0.167
-0.166
-0.165
-0.164
-0.162
-0.161
-0.16
-0.158
-0.156
-0.154
-0.152
-0.15
-0.148
-0.148
-0.147
-0.147
-0.146
-0.144
-0.143
-0.142
-0.14
-0.138
-0.134
-0.131
-0.127
-0.124
-0.121
-0.118
-0.114
-0.111
-0.107
-0.104
-0.101
-0.097
-0.093
-0.09
-0.086
-0.083
-0.08
-0.078
-0.075
-0.073
-0.071
-0.069
-0.067
-0.065
-0.063
-0.061
-0.058
-0.056
-0.053
-0.051
-0.048
-0.044
-0.039
-0.026
-0.004
0.011
0.023
0.036
0.047
0.057
0.064
0.067
0.07
0.071
0.073
0.075
0.077
0.078
0.08
0.083
0.085
0.088
0.092
0.094
0.097
0.098
0.101
0.104
0.107
0.111
0.114
0.116
0.118
0.12
0.122
0.124
0.125
0.126
0.126
0.127
0.128
0.13
0.132
0.135
0.137
0.14
0.142
0.145
0.147
0.151
0.155
0.161
0.188
0.227
0.291
0.389
0.525
0.683
0.832
0.927
0.938
0.898
0.758
0.563
0.379
0.246
0.193
0.189
0.224
0.272
0.296
0.306
0.31
0.314
0.317
0.321
0.326
0.331
0.337
0.344
0.353
0.366
0.378
0.387
0.391
0.394
0.397
0.399
0.402
0.404
0.406
0.408
0.409
0.411
0.413
0.414
0.416
0.417
0.419
0.421
0.425
0.431
0.445
0.456
0.469
0.491
0.511
0.527
0.544
0.552
0.558
0.562
0.565
0.568
0.57
0.571
0.571
0.572
0.572
0.571
0.569
0.567
0.565
0.562
0.559
0.556
0.552
0.547
0.541
0.535
0.527
0.515
0.493
0.46
0.432
0.403
0.374
0.348
0.306
0.264
0.222
0.182
0.156
0.125
0.094
0.059
0.028
0.003
-0.014
-0.032
-0.055
-0.08
-0.098
-0.112
-0.126
-0.14
-0.153
-0.163
-0.167
-0.169
-0.17
-0.17
-0.171
-0.172
-0.174
-0.176
-0.178
-0.18
-0.183
-0.186
-0.188
-0.19
-0.193
-0.196
-0.2
-0.205
-0.211
-0.217
-0.222
-0.226
-0.231
-0.234
-0.237
-0.24
-0.242
-0.244
-0.246
-0.247
-0.248
-0.25
-0.251
-0.252
-0.252
-0.253
-0.254
-0.254
-0.255
-0.255
-0.256
-0.256
-0.256
-0.256
-0.255
-0.255
-0.254
-0.254
-0.254
-0.254
-0.254
-0.254
-0.253
-0.253
-0.252
-0.252
-0.251
-0.25
-0.248
-0.246
-0.244
-0.242
-0.241
-0.239
-0.237
-0.236
-0.234
-0.232
-0.23
-0.228
-0.226
-0.225
-0.225
-0.224
-0.224
-0.224
-0.224
-0.224
-0.224
-0.223
-0.222
-0.22
-0.219
-0.218
-0.217
-0.215
-0.213
-0.211
-0.209
-0.207
-0.205
-0.203
-0.199
-0.188
-0.179
-0.176
-0.174
-0.17
-0.166
-0.163
-0.164
-0.165
-0.166
-0.168
-0.17
-0.171
-0.168
-0.161
-0.154
-0.151
-0.147
-0.144
-0.14
-0.137
-0.134
-0.131
-0.13
-0.129
-0.129
-0.13
-0.132
-0.135
-0.138
-0.141
-0.145
-0.15
-0.155
-0.161
-0.171
-0.178
-0.179
-0.18
-0.181
-0.182
-0.184
-0.184
-0.185
-0.185
-0.184
-0.183
-0.18
-0.175
-0.168
-0.157
-0.138
-0.11
-0.067
-0.007
0.07
0.172
0.29
0.403
0.468
0.47
0.415
0.271
0.097
-0.054
-0.136
-0.163
-0.152
-0.133
-0.114
-0.105
-0.101
-0.099
-0.098
-0.095
-0.092
-0.089
-0.084
-0.079
-0.073
-0.066
-0.055
-0.036
-0.019
-0.011
-0.006
-0.002
0.0
0.003
0.006
0.009
0.012
0.015
0.017
0.019
0.021
0.024
0.027
0.03
0.034
0.041
0.048
0.054
0.061
0.068
0.074
0.078
0.082
0.085
0.089
0.092
0.095
0.098
0.101
0.105
0.11
0.118
0.132
0.149
0.172
0.197
0.216
0.23
0.246
0.255
0.26
0.265
0.269
0.272
0.273
0.272
0.269
0.265
0.259
0.251
0.236
0.21
0.187
0.164
0.144
0.12
0.101
0.089
0.08
0.073
0.067
0.061
0.055
0.043
0.029
0.017
0.007
-0.001
-0.008
-0.013
-0.017
-0.02
-0.022
-0.025
-0.027
-0.029
-0.03
-0.031
-0.03
-0.027
-0.022
-0.015
-0.009
-0.004
0.0
0.003
0.007
0.01
0.013
0.017
0.019
0.022
0.024
0.025
0.027
0.028
0.029
0.029
0.029
0.03
0.032
0.034
0.036
0.037
0.038
0.039
0.041
0.042
0.043
0.044
0.045
0.046
0.048
0.05
0.053
0.055
0.057
0.059
0.06
0.06
0.059
0.056
0.053
0.049
0.045
0.04
0.036
0.032
0.029
0.024
0.02
0.015
0.01
0.005
0.0
-0.002
-0.006
-0.01
-0.015
-0.02
-0.027
-0.039
-0.049
-0.059
-0.064
-0.067
-0.07
-0.073
-0.076
-0.078
-0.082
-0.086
-0.09
-0.095
-0.1
-0.105
-0.109
-0.114
-0.118
-0.124
-0.13
-0.137
-0.143
-0.147
-0.151
-0.152
-0.153
-0.153
-0.153
-0.152
-0.151
-0.151
-0.15
-0.15
-0.15
-0.149
-0.148
-0.148
-0.147
-0.145
-0.143
-0.14
-0.137
-0.133
-0.129
-0.126
-0.122
-0.119
-0.115
-0.111
-0.108
-0.106
-0.104
-0.104
-0.105
-0.108
-0.111
-0.116
-0.122
-0.134
-0.16
-0.184
-0.202
-0.223
-0.235
-0.242
-0.247
-0.251
-0.255
-0.26
-0.263
-0.267
-0.271
-0.276
-0.283
-0.293
-0.305
-0.319
-0.335
-0.354
-0.371
-0.385
-0.399
-0.405
-0.401
-0.385
-0.341
-0.237
-0.094
0.059
0.184
0.243
0.241
0.167
0.017
-0.155
-0.319
-0.438
-0.462
-0.47
-0.455
-0.442
-0.433
-0.428
-0.426
-0.429
-0.437
-0.446
-0.458
-0.476
-0.494
-0.514
-0.533
-0.546
-0.553
-0.557
-0.56
-0.562
-0.563
-0.564
-0.564
-0.562
-0.559
-0.555
-0.551
-0.548
-0.545
-0.542
-0.539
-0.536
-0.533
-0.53
-0.527
-0.525
-0.523
-0.521
-0.519
-0.519
-0.52
-0.521
-0.523
-0.525
-0.528
-0.531
-0.534
-0.537
-0.54
-0.545
-0.549
-0.563
-0.596
-0.649
-0.689
-0.705
-0.703
-0.677
-0.605
-0.468
-0.28
-0.053
0.192
0.429
0.63
0.8
0.967
1.136
1.304
1.478
1.645
1.772
1.862
1.933
1.982
2.008
2.022
2.031
2.037
2.039
2.036
2.028
2.015
1.994
1.959
1.923
1.892
1.844
1.796
1.74
1.683
1.628
1.572
1.516
1.479
1.438
1.397
1.357
1.32
1.292
1.271
1.247
1.216
1.18
1.146
1.114
1.084
1.055
1.03
1.002
0.971
0.942
0.921
0.904
0.884
0.859
0.826
0.794
0.761
0.728
0.697
0.667
0.634
0.61
0.596
0.586
0.578
0.571
0.562
0.553
0.541
0.526
0.509
0.489
0.472
0.45
0.424
0.399
0.373
0.345
0.316
0.293
0.275
0.254
0.235
0.22
0.208
0.199
0.187
0.173
0.159
0.142
0.12
0.098
0.075
0.055
0.041
0.025
0.014
0.006
-0.001
-0.009
-0.016
-0.026
-0.04
-0.051
-0.063
-0.075
-0.088
-0.102
-0.115
-0.125
-0.129
-0.131
-0.132
-0.134
-0.135
-0.136
-0.137
-0.137
-0.138
-0.139
-0.14
-0.141
-0.142
-0.141
-0.141
-0.14
-0.139
-0.137
-0.136
-0.133
-0.132
-0.13
-0.128
-0.127
-0.126
-0.124
-0.117
-0.109
-0.099
-0.087
-0.078
-0.068
-0.06
-0.054
-0.051
-0.05
-0.049
-0.049
-0.048
-0.047
-0.046
-0.045
-0.047
-0.052
-0.059
-0.069
-0.081
-0.099
-0.115
-0.122
-0.126
-0.13
-0.134
-0.137
-0.138
-0.139
-0.141
-0.143
-0.143
-0.143
-0.143
-0.144
-0.146
-0.147
-0.15
-0.153
-0.157
-0.16
-0.165
-0.179
-0.193
-0.206
-0.218
-0.218
-0.211
-0.193
-0.148
-0.084
0.003
0.114
0.239
0.362
0.443
0.45
0.403
0.266
0.097
-0.074
-0.212
-0.274
-0.282
-0.257
-0.214
-0.197
-0.187
-0.179
-0.19
-0.2
-0.207
-0.211
-0.21
-0.202
-0.195
-0.192
-0.189
-0.187
-0.185
-0.181
-0.177
-0.173
-0.169
-0.166
-0.164
-0.163
-0.161
-0.158
-0.152
-0.139
-0.129
-0.124
-0.119
-0.115
-0.111
-0.107
-0.103
-0.099
-0.094
-0.089
-0.083
-0.077
-0.071
-0.064
-0.058
-0.052
-0.047
-0.042
-0.031
-0.01
0.015
0.042
0.072
0.097
0.114
0.127
0.136
0.141
0.146
0.152
0.158
0.164
0.171
0.18
0.199
0.22
0.229
0.236
0.236
0.221
0.2
0.171
0.139
0.11
0.083
0.059
0.041
0.027
0.014
-0.002
-0.023
-0.041
-0.054
-0.069
-0.085
-0.101
-0.115
-0.121
-0.125
-0.129
-0.132
-0.134
-0.134
-0.135
-0.137
-0.139
-0.142
-0.145
-0.148
-0.151
-0.154
-0.157
-0.161
-0.165
-0.17
-0.173
-0.176
-0.175
-0.171
-0.165
-0.158
-0.153
-0.149
-0.146
-0.142
-0.139
-0.135
-0.132
-0.129
-0.126
-0.123
-0.122
-0.123
-0.122
-0.122
-0.121
-0.117
-0.115
-0.115
-0.114
-0.114
-0.113
-0.112
-0.111
-0.112
-0.115
-0.118
-0.119
-0.121
-0.125
-0.128
-0.131
-0.133
-0.134
-0.135
-0.137
-0.139
-0.14
-0.14
-0.139
-0.135
-0.129
-0.121
-0.114
-0.108
-0.105
-0.102
-0.101
-0.099
-0.097
-0.096
-0.093
-0.09
-0.089
-0.089
-0.09
-0.091
-0.091
-0.091
-0.09
-0.089
-0.089
-0.089
-0.091
-0.093
-0.095
-0.096
-0.095
-0.092
-0.088
-0.083
-0.079
-0.075
-0.071
-0.067
-0.063
-0.057
-0.051
-0.048
-0.045
-0.044
-0.045
-0.047
-0.051
-0.054
-0.055
-0.059
-0.062
-0.064
-0.064
-0.062
-0.058
-0.054
-0.05
-0.045
-0.039
-0.03
-0.018
-0.001
0.009
0.012
0.013
0.014
0.014
0.015
0.015
0.017
0.019
0.02
0.02
0.02
0.02
0.021
0.022
0.022
0.019
0.015
0.011
0.007
0.002
-0.003
-0.01
-0.021
-0.03
-0.034
-0.028
-0.016
-0.002
0.008
0.02
0.03
0.036
0.038
0.036
0.032
0.026
0.017
0.005
-0.012
-0.022
-0.019
-0.005
0.034
0.105
0.202
0.32
0.449
0.569
0.644
0.648
0.605
0.479
0.321
0.175
0.071
0.044
0.032
0.039
0.044
0.047
0.05
0.052
0.057
0.058
0.056
0.051
0.048
0.048
0.05
0.053
0.053
0.052
0.049
0.044
0.042
0.042
0.043
0.047
0.051
0.056
0.058
0.059
0.061
0.064
0.067
0.074
0.083
0.093
0.1
0.104
0.107
0.107
0.106
0.105
0.105
0.106
0.107
0.11
0.114
0.117
0.119
0.122
0.127
0.134
0.147
0.169
0.191
0.21
0.225
0.243
0.261
0.271
0.279
0.285
0.29
0.293
0.295
0.296
0.294
0.292
0.287
0.281
0.273
0.259
0.237
0.223
0.211
0.198
0.182
0.159
0.128
0.104
0.093
0.083
0.074
0.064
0.053
0.039
0.023
0.008
-0.004
-0.015
-0.024
-0.031
-0.036
-0.041
-0.044
-0.045
-0.047
-0.046
-0.047
-0.047
-0.047
-0.045
-0.042
-0.04
-0.038
-0.036
-0.034
-0.033
-0.033
-0.032
-0.031
-0.029
-0.027
-0.026
-0.028
-0.029
-0.031
-0.032
-0.032
-0.033
-0.033
-0.037
-0.043
-0.053
-0.059
-0.068
-0.086
-0.104
-0.121
-0.142
-0.163
-0.168
-0.173
-0.178
-0.174
-0.154
-0.147
-0.144
-0.141
-0.139
-0.137
-0.134
-0.131
-0.128
-0.125
-0.123
-0.121
-0.121
-0.121
-0.121
-0.122
-0.122
-0.122
-0.123
-0.122
-0.121
-0.119
-0.118
-0.116
-0.115
-0.114
-0.113
-0.114
-0.114
-0.115
-0.115
-0.115
-0.115
-0.114
-0.113
-0.111
-0.11
-0.108
-0.108
-0.107
-0.106
-0.104
-0.103
-0.102
-0.101
-0.1
-0.098
-0.098
-0.097
-0.095
-0.093
-0.09
-0.086
-0.082
-0.078
-0.074
-0.069
-0.064
-0.06
-0.056
-0.051
-0.045
-0.04
-0.034
-0.026
-0.018
-0.011
-0.004
0.001
0.006
0.007
0.005
0.001
-0.003
-0.009
-0.016
-0.021
-0.026
-0.03
-0.032
-0.034
-0.036
-0.038
-0.041
-0.043
-0.046
-0.048
-0.05
-0.05
-0.05
-0.049
-0.049
-0.048
-0.049
-0.051
-0.053
-0.056
-0.06
-0.063
-0.066
-0.07
-0.073
-0.078
-0.087
-0.091
-0.083
-0.062
-0.008
0.068
0.171
0.291
0.416
0.509
0.54
0.514
0.431
0.265
0.082
-0.063
-0.117
-0.136
-0.113
-0.092
-0.075
-0.066
-0.067
-0.072
-0.078
-0.083
-0.079
-0.059
-0.051
-0.048
-0.045
-0.042
-0.038
-0.033
-0.029
-0.026
-0.023
-0.02
-0.018
-0.017
-0.016
-0.014
-0.013
-0.011
-0.01
-0.007
-0.004
-0.001
0.001
0.006
0.01
0.014
0.018
0.023
0.027
0.032
0.039
0.046
0.056
0.07
0.085
0.098
0.108
0.118
0.128
0.14
0.151
0.161
0.172
0.181
0.189
0.197
0.204
0.213
0.222
0.231
0.238
0.245
0.253
0.26
0.266
0.271
0.272
0.27
0.266
0.258
0.248
0.237
0.222
0.199
0.178
0.161
0.135
0.099
0.071
0.049
0.029
0.011
-0.002
-0.018
-0.035
-0.045
-0.052
-0.058
-0.062
-0.065
-0.066
-0.066
-0.065
-0.064
-0.062
-0.059
-0.058
-0.057
-0.055
-0.052
-0.05
-0.048
-0.047
-0.047
-0.047
-0.049
-0.051
-0.052
-0.054
-0.057
-0.06
-0.06
-0.058
-0.054
-0.052
-0.049
-0.047
-0.044
-0.041
-0.04
-0.04
-0.043
-0.045
-0.048
-0.051
-0.055
-0.059
-0.063
-0.065
-0.067
-0.069
-0.07
-0.071
-0.073
-0.075
-0.076
-0.077
-0.077
-0.077
-0.077
-0.077
-0.076
-0.074
-0.073
-0.072
-0.071
-0.071
-0.071
-0.071
-0.071
-0.07
-0.068
-0.067
-0.066
-0.065
-0.064
-0.063
-0.062
-0.061
-0.06
-0.061
-0.061
-0.062
-0.062
-0.062
-0.061
-0.06
-0.06
-0.059
-0.058
-0.058
-0.057
-0.057
-0.057
-0.057
-0.058
-0.058
-0.058
-0.056
-0.054
-0.051
-0.048
-0.045
-0.043
-0.041
-0.04
-0.039
-0.039
-0.038
-0.037
-0.035
-0.033
-0.031
-0.027
-0.024
-0.021
-0.018
-0.017
-0.016
-0.015
-0.015
-0.014
-0.013
-0.011
