0.205
0.235
0.265
0.286
0.302
0.302
0.282
0.252
0.218
0.203
0.196
0.19
0.186
0.183
0.178
0.174
0.17
0.167
0.163
0.158
0.153
0.148
0.143
0.138
0.133
0.131
0.128
0.126
0.125
0.123
0.121
0.119
0.117
0.116
0.119
0.123
0.129
0.134
0.138
0.143
0.149
0.154
0.158
0.158
0.156
0.153
0.149
0.144
0.139
0.132
0.126
0.127
0.136
0.149
0.157
0.164
0.172
0.177
0.18
0.181
0.178
0.173
0.168
0.163
0.159
0.155
0.151
0.147
0.144
0.143
0.144
0.145
0.146
0.147
0.149
0.151
0.154
0.157
0.159
0.162
0.165
0.167
0.17
0.172
0.173
0.173
0.173
0.174
0.178
0.182
0.185
0.181
0.173
0.166
0.162
0.16
0.157
0.154
0.151
0.148
0.145
0.143
0.141
0.139
0.138
0.137
0.137
0.136
0.136
0.134
0.133
0.131
0.129
0.128
0.127
0.126
0.125
0.123
0.122
0.12
0.117
0.11
0.106
0.113
0.132
0.182
0.255
0.336
0.442
0.557
0.676
0.773
0.821
0.837
0.816
0.754
0.662
0.551
0.435
0.322
0.198
0.1
0.032
0.007
0.001
0.0
0.0
-0.001
-0.001
-0.001
-0.001
-0.002
-0.002
-0.003
-0.003
-0.003
-0.003
-0.003
-0.004
-0.005
-0.007
-0.009
-0.011
-0.014
-0.018
-0.023
-0.029
-0.038
-0.059
-0.075
-0.085
-0.092
-0.098
-0.102
-0.104
-0.104
-0.101
-0.098
-0.095
-0.091
-0.084
-0.081
-0.088
-0.102
-0.117
-0.136
-0.152
-0.163
-0.173
-0.18
-0.183
-0.18
-0.173
-0.164
-0.159
-0.154
-0.15
-0.146
-0.141
-0.136
-0.13
-0.125
-0.12
-0.115
-0.11
-0.106
-0.101
-0.096
-0.09
-0.085
-0.081
-0.08
-0.082
-0.084
-0.088
-0.094
-0.102
-0.115
-0.137
-0.152
-0.159
-0.164
-0.169
-0.173
-0.177
-0.178
-0.179
-0.178
-0.176
-0.174
-0.171
-0.168
-0.164
-0.16
-0.156
-0.151
-0.142
-0.133
-0.133
-0.141
-0.152
-0.159
-0.165
-0.17
-0.174
-0.177
-0.179
-0.178
-0.176
-0.171
-0.164
-0.157
-0.149
-0.138
-0.125
-0.115
-0.104
-0.084
-0.054
-0.037
-0.029
-0.024
-0.02
-0.015
-0.011
-0.007
-0.002
0.003
0.013
0.03
0.049
0.077
0.107
0.124
0.134
0.146
0.16
0.204
0.26
0.327
0.388
0.407
0.415
0.409
0.364
0.306
0.229
0.147
0.051
-0.053
-0.152
-0.223
-0.247
-0.259
-0.265
-0.268
-0.273
-0.278
-0.281
-0.273
-0.259
-0.25
-0.243
-0.237
-0.232
-0.227
-0.222
-0.218
-0.214
-0.209
-0.202
-0.193
-0.178
-0.164
-0.149
-0.134
-0.122
-0.114
-0.107
-0.102
-0.102
-0.104
-0.107
-0.109
-0.112
-0.111
-0.102
-0.097
-0.094
-0.092
-0.09
-0.088
-0.087
-0.087
-0.087
-0.088
-0.091
-0.093
-0.097
-0.102
-0.086
-0.07
-0.059
-0.05
-0.041
-0.033
-0.027
-0.022
-0.016
-0.012
-0.009
-0.007
-0.007
-0.008
-0.009
-0.01
-0.013
-0.016
-0.02
-0.025
-0.029
-0.033
-0.036
-0.04
-0.043
-0.044
-0.043
-0.04
-0.036
-0.031
-0.026
-0.02
-0.013
-0.002
0.007
0.014
0.02
0.024
0.028
0.032
0.036
0.039
0.041
0.042
0.043
0.044
0.045
0.045
0.046
0.047
0.049
0.051
0.053
0.057
0.06
0.064
0.068
0.073
0.078
0.085
0.096
0.108
0.123
0.135
0.146
0.156
0.164
0.17
0.178
0.192
0.218
0.238
0.25
0.261
0.271
0.303
0.359
0.421
0.472
0.491
0.491
0.475
0.431
0.375
0.309
0.232
0.145
0.052
-0.033
-0.097
-0.131
-0.151
-0.162
-0.169
-0.177
-0.184
-0.192
-0.205
-0.222
-0.232
-0.237
-0.241
-0.243
-0.245
-0.247
-0.247
-0.244
-0.238
-0.229
-0.214
-0.189
-0.176
-0.169
-0.164
-0.156
-0.147
-0.138
-0.127
-0.113
-0.106
-0.109
-0.115
-0.119
-0.123
-0.125
-0.127
-0.127
-0.126
-0.122
-0.118
-0.113
-0.108
-0.1
-0.092
-0.088
-0.09
-0.095
-0.1
-0.105
-0.11
-0.114
-0.114
-0.107
-0.096
-0.083
-0.064
-0.041
-0.01
0.025
0.051
0.071
0.089
0.099
0.106
0.111
0.115
0.119
0.122
0.124
0.126
0.129
0.133
0.139
0.142
0.135
0.121
0.106
0.089
0.076
0.071
0.068
0.064
0.061
0.057
0.055
0.053
0.051
0.05
0.05
0.05
0.05
0.051
0.053
0.055
0.057
0.06
0.063
0.065
0.068
0.072
0.077
0.089
0.103
0.116
0.128
0.138
0.147
0.156
0.165
0.178
0.194
0.212
0.231
0.249
0.263
0.282
0.31
0.34
0.374
0.412
0.443
0.486
0.53
0.575
0.622
0.659
0.672
0.654
0.6
0.483
0.324
0.155
0.001
-0.093
-0.136
-0.152
-0.158
-0.151
-0.136
-0.127
-0.121
-0.115
-0.11
-0.106
-0.102
-0.098
-0.095
-0.092
-0.089
-0.084
-0.079
-0.075
-0.071
-0.067
-0.061
-0.052
-0.042
-0.033
-0.026
-0.018
-0.009
-0.002
0.002
0.003
0.003
0.002
0.002
0.001
0.0
-0.001
-0.004
-0.006
-0.009
-0.011
-0.014
-0.018
-0.023
-0.03
-0.043
-0.061
-0.069
-0.075
-0.073
-0.057
-0.034
-0.006
0.013
0.028
0.047
0.057
0.064
0.07
0.074
0.077
0.077
0.076
0.074
0.072
0.069
0.067
0.065
0.062
0.06
0.057
0.054
0.052
0.051
0.051
0.052
0.053
0.054
0.056
0.058
0.062
0.066
0.071
0.076
0.086
0.101
0.082
0.069
0.062
0.055
0.05
0.048
0.047
0.048
0.05
0.053
0.057
0.062
0.071
0.084
0.065
0.044
0.027
0.018
0.012
0.008
0.005
0.003
0.003
0.006
0.015
0.023
0.029
0.035
0.041
0.046
0.05
0.051
0.049
0.045
0.04
0.034
0.029
0.025
0.022
0.018
0.013
0.009
0.005
0.001
-0.002
-0.005
-0.008
-0.01
-0.013
-0.016
-0.018
-0.022
-0.028
-0.033
-0.035
-0.032
-0.024
-0.013
0.004
0.033
0.054
0.069
0.08
0.089
0.099
0.099
0.084
0.061
0.035
0.024
0.019
0.014
0.011
0.009
0.007
0.006
0.005
0.004
0.005
0.008
0.011
0.015
0.02
0.024
0.028
0.033
0.042
0.051
0.056
0.058
0.059
0.063
0.069
0.051
0.036
0.029
0.022
0.017
0.012
0.008
0.005
0.001
-0.005
-0.015
-0.013
0.001
0.008
0.012
0.016
0.019
0.021
0.023
0.025
0.027
0.03
0.032
0.033
0.034
0.034
0.034
0.033
0.032
0.031
0.03
0.028
0.025
0.023
0.021
0.019
0.017
0.014
0.011
0.006
-0.005
-0.012
-0.005
0.008
0.018
0.027
0.036
0.039
0.037
0.03
0.021
0.003
-0.02
-0.028
-0.033
-0.036
-0.038
-0.041
-0.043
-0.044
-0.044
-0.042
-0.039
-0.035
-0.031
-0.025
-0.017
0.0
0.03
0.056
0.072
0.073
0.072
0.072
0.071
0.071
0.071
0.067
0.061
0.052
0.035
0.002
-0.013
-0.019
-0.024
-0.028
-0.03
-0.032
-0.032
-0.033
-0.034
-0.036
-0.037
-0.039
-0.041
-0.041
-0.041
-0.041
-0.042
-0.042
-0.042
-0.042
-0.042
-0.042
-0.042
-0.042
-0.044
-0.046
-0.048
-0.051
-0.054
-0.057
-0.06
-0.061
-0.062
-0.063
-0.064
-0.064
-0.066
-0.067
-0.069
-0.073
-0.077
-0.079
-0.077
-0.073
-0.068
-0.065
-0.062
-0.059
-0.057
-0.056
-0.054
-0.053
-0.052
-0.052
-0.052
-0.053
-0.055
-0.057
-0.059
-0.06
-0.062
-0.064
-0.066
-0.069
-0.072
-0.074
-0.072
-0.068
-0.062
-0.057
-0.055
-0.053
-0.051
-0.048
-0.046
-0.044
-0.042
-0.04
-0.037
-0.035
-0.033
-0.032
-0.031
-0.031
-0.032
-0.033
-0.034
-0.037
-0.04
-0.043
-0.045
-0.046
-0.047
-0.047
-0.048
-0.05
-0.051
-0.053
-0.058
-0.064
-0.068
-0.067
-0.062
-0.055
-0.049
-0.042
-0.035
-0.029
-0.027
-0.026
-0.026
-0.027
-0.029
-0.033
-0.036
-0.026
-0.01
-0.004
-0.001
0.001
0.004
0.007
0.011
0.014
0.017
0.02
0.023
0.025
0.026
0.026
0.025
0.024
0.023
0.022
0.02
0.018
0.017
0.015
0.015
0.016
0.016
0.015
0.013
0.01
0.008
0.006
0.005
0.003
-0.002
-0.009
-0.016
-0.021
-0.026
-0.029
-0.034
-0.039
-0.043
-0.045
-0.041
-0.031
-0.02
-0.01
-0.001
0.009
0.021
0.031
0.032
0.029
0.021
0.011
-0.002
-0.021
-0.028
-0.034
-0.04
-0.04
-0.022
0.027
0.083
0.157
0.245
0.345
0.443
0.528
0.573
0.59
0.559
0.461
0.298
0.107
-0.063
-0.157
-0.188
-0.165
-0.137
-0.115
-0.116
-0.143
-0.163
-0.18
-0.193
-0.198
-0.193
-0.18
-0.166
-0.154
-0.142
-0.13
-0.119
-0.108
-0.098
-0.092
-0.087
-0.083
-0.08
-0.077
-0.075
-0.072
-0.07
-0.068
-0.065
-0.062
-0.059
-0.056
-0.053
-0.051
-0.049
-0.046
-0.044
-0.041
-0.038
-0.034
-0.029
-0.024
-0.018
-0.012
-0.006
0.0
0.004
0.01
0.014
0.018
0.022
0.026
0.029
0.033
0.036
0.039
0.043
0.046
0.05
0.054
0.058
0.063
0.069
0.077
0.093
0.108
0.125
0.138
0.15
0.159
0.164
0.167
0.171
0.175
0.181
0.183
0.174
0.155
0.138
0.119
0.107
0.099
0.086
0.062
0.038
0.022
0.011
0.005
0.001
-0.002
-0.005
-0.007
-0.007
-0.006
-0.006
-0.006
-0.007
-0.007
-0.006
-0.018
-0.026
-0.03
-0.034
-0.037
-0.038
-0.039
-0.038
-0.038
-0.038
-0.039
-0.039
-0.038
-0.037
-0.035
-0.034
-0.034
-0.033
-0.031
-0.028
-0.024
-0.022
-0.021
-0.022
-0.025
-0.027
-0.03
-0.033
-0.036
-0.034
-0.028
-0.024
-0.019
-0.014
-0.011
-0.01
-0.011
-0.013
-0.015
-0.016
-0.016
-0.017
-0.019
-0.021
-0.023
-0.024
-0.024
-0.023
-0.023
-0.023
-0.023
-0.023
-0.022
-0.02
-0.017
-0.016
-0.014
-0.012
-0.011
-0.013
-0.019
-0.022
-0.025
-0.029
-0.032
-0.033
-0.032
-0.028
-0.024
-0.02
-0.018
-0.016
-0.014
-0.011
-0.009
-0.008
-0.007
-0.007
-0.006
-0.006
-0.005
-0.004
-0.003
-0.002
-0.001
