0.004
0.004
0.005
0.007
0.009
0.01
0.012
0.014
0.015
0.016
0.016
0.015
0.013
0.01
0.008
0.006
0.005
0.005
0.005
0.006
0.006
0.005
0.003
0.0
-0.005
-0.01
-0.015
-0.021
-0.027
-0.032
-0.037
-0.042
-0.047
-0.053
-0.059
-0.064
-0.067
-0.072
-0.08
-0.089
-0.073
-0.047
-0.02
-0.004
0.003
0.011
0.023
0.036
0.051
0.068
0.076
0.071
0.058
0.039
0.008
-0.026
-0.057
-0.102
-0.146
-0.193
-0.221
-0.24
-0.252
-0.259
-0.258
-0.251
-0.239
-0.225
-0.207
-0.191
-0.175
-0.159
-0.136
-0.113
-0.092
-0.079
-0.066
-0.054
-0.036
-0.025
-0.018
-0.012
-0.008
-0.006
-0.007
-0.011
-0.019
-0.027
-0.044
-0.07
-0.084
-0.092
-0.099
-0.106
-0.112
-0.117
-0.127
-0.137
-0.119
-0.106
-0.099
-0.094
-0.09
-0.086
-0.082
-0.078
-0.076
-0.073
-0.07
-0.065
-0.056
-0.03
-0.012
-0.005
0.0
0.005
0.01
0.013
0.017
0.02
0.023
0.027
0.031
0.036
0.041
0.047
0.053
0.059
0.064
0.069
0.076
0.092
0.106
0.109
0.111
0.113
0.114
0.114
0.111
0.106
0.099
0.091
0.08
0.064
0.052
0.043
0.031
0.008
-0.016
-0.032
-0.046
-0.054
-0.06
-0.064
-0.068
-0.07
-0.074
-0.078
-0.082
-0.087
-0.091
-0.096
-0.099
-0.103
-0.106
-0.109
-0.111
-0.113
-0.114
-0.115
-0.115
-0.114
-0.113
-0.112
-0.111
-0.109
-0.108
-0.107
-0.106
-0.106
-0.107
-0.11
-0.114
-0.119
-0.122
-0.126
-0.129
-0.132
-0.134
-0.135
-0.134
-0.131
-0.128
-0.125
-0.123
-0.121
-0.118
-0.114
-0.111
-0.109
-0.111
-0.118
-0.126
-0.132
-0.137
-0.141
-0.146
-0.151
-0.156
-0.159
-0.162
-0.164
-0.165
-0.165
-0.164
-0.164
-0.162
-0.161
-0.161
-0.162
-0.162
-0.162
-0.161
-0.158
-0.154
-0.155
-0.167
-0.174
-0.18
-0.185
-0.187
-0.186
-0.18
-0.172
-0.163
-0.156
-0.149
-0.141
-0.134
-0.128
-0.123
-0.118
-0.113
-0.109
-0.104
-0.099
-0.093
-0.086
-0.079
-0.071
-0.063
-0.056
-0.047
-0.039
-0.035
-0.033
-0.031
-0.031
-0.031
-0.031
-0.031
-0.03
-0.03
-0.03
-0.03
-0.03
-0.029
-0.029
-0.029
-0.029
-0.029
-0.029
-0.028
-0.026
-0.023
-0.02
-0.018
-0.016
-0.012
-0.006
0.0
0.005
0.012
0.019
0.026
0.033
0.04
0.042
0.037
0.026
0.009
-0.019
-0.06
-0.096
-0.132
-0.167
-0.194
-0.205
-0.213
-0.218
-0.221
-0.218
-0.211
-0.201
-0.184
-0.155
-0.124
-0.097
-0.074
-0.046
-0.011
0.018
0.031
0.036
0.04
0.042
0.044
0.046
0.048
0.051
0.054
0.057
0.06
0.062
0.065
0.068
0.073
0.078
0.087
0.105
0.118
0.129
0.137
0.144
0.149
0.154
0.158
0.162
0.165
0.168
0.171
0.173
0.175
0.177
0.18
0.184
0.187
0.19
0.194
0.198
0.204
0.214
0.234
0.253
0.265
0.274
0.282
0.29
0.296
0.3
0.304
0.308
0.313
0.319
0.322
0.323
0.321
0.316
0.311
0.307
0.303
0.298
0.292
0.286
0.282
0.278
0.273
0.268
0.262
0.256
0.245
0.232
0.219
0.206
0.193
0.183
0.174
0.157
0.128
0.104
0.085
0.067
0.055
0.047
0.041
0.037
0.033
0.029
0.027
0.025
0.024
0.023
0.021
0.019
0.017
0.016
0.015
0.016
0.016
0.017
0.018
0.019
0.019
0.019
0.019
0.02
0.021
0.021
0.022
0.022
0.022
0.023
0.024
0.025
0.027
0.028
0.029
0.03
0.025
0.015
0.009
0.003
-0.001
-0.002
-0.001
0.003
0.01
0.019
0.03
0.046
0.058
0.065
0.07
0.073
0.076
0.078
0.08
0.079
0.075
0.068
0.06
0.048
0.031
0.024
0.022
0.02
0.019
0.018
0.016
0.015
0.013
0.011
0.01
0.01
0.01
0.012
0.013
0.015
0.017
0.019
0.021
0.022
0.024
0.024
0.024
0.025
0.025
0.026
0.027
0.029
0.031
0.034
0.035
0.036
0.037
0.037
0.036
0.035
0.034
0.034
0.034
0.033
0.032
0.03
0.029
0.027
0.025
0.022
0.018
0.014
0.01
0.006
0.001
-0.008
-0.021
-0.034
-0.048
-0.059
-0.068
-0.078
-0.088
-0.097
-0.104
-0.11
-0.115
-0.12
-0.126
-0.13
-0.131
-0.129
-0.124
-0.116
-0.105
-0.087
-0.057
-0.041
-0.03
-0.025
-0.026
-0.034
-0.05
-0.096
-0.154
-0.215
-0.268
-0.299
-0.317
-0.328
-0.335
-0.339
-0.34
-0.337
-0.331
-0.322
-0.308
-0.286
-0.248
-0.198
-0.167
-0.133
-0.102
-0.071
-0.053
-0.045
-0.04
-0.047
-0.056
-0.063
-0.06
-0.042
-0.032
-0.027
-0.023
-0.02
-0.018
-0.015
-0.012
-0.008
-0.004
-0.001
0.001
0.003
0.005
0.007
0.009
0.011
0.014
0.017
0.021
0.025
0.029
0.033
0.037
0.04
0.042
0.044
0.047
0.052
0.058
0.071
0.09
0.099
0.103
0.106
0.107
0.11
0.113
0.116
0.12
0.124
0.128
0.132
0.137
0.142
0.147
0.155
0.167
0.177
0.182
0.183
0.185
0.188
0.192
0.194
0.187
0.168
0.138
0.106
0.091
0.083
0.075
0.061
0.044
0.03
0.017
0.007
0.0
-0.006
-0.012
-0.018
-0.023
-0.027
-0.032
-0.038
-0.042
-0.048
-0.056
-0.074
-0.096
-0.103
-0.106
-0.109
-0.111
-0.112
-0.112
-0.113
-0.113
-0.112
-0.108
-0.105
-0.101
-0.097
-0.094
-0.091
-0.089
-0.087
-0.084
-0.081
-0.078
-0.076
-0.073
-0.07
-0.066
-0.063
-0.06
-0.058
-0.055
-0.05
-0.047
-0.045
-0.041
-0.034
-0.026
-0.021
-0.019
-0.018
-0.017
-0.016
-0.014
-0.012
-0.011
-0.013
-0.019
-0.025
-0.029
-0.032
-0.035
-0.038
-0.041
-0.043
-0.045
-0.046
-0.047
-0.046
-0.044
-0.04
-0.035
-0.029
-0.024
-0.02
-0.016
-0.012
-0.006
-0.001
0.002
0.003
0.001
-0.001
-0.005
-0.01
-0.014
-0.019
-0.026
-0.034
-0.041
-0.047
-0.052
-0.06
-0.071
-0.071
-0.053
-0.04
-0.029
-0.019
-0.012
-0.006
-0.003
0.0
0.004
0.009
0.013
0.016
0.016
0.014
0.012
0.009
0.008
0.007
0.006
0.004
0.001
0.0
0.0
0.003
0.008
0.014
0.018
0.022
0.027
0.032
0.037
0.04
0.039
0.034
0.027
0.018
0.01
0.002
-0.01
-0.021
-0.025
-0.027
-0.028
-0.029
-0.029
-0.03
-0.03
-0.026
-0.02
-0.015
-0.01
-0.004
0.002
0.01
0.022
0.037
0.058
0.078
0.093
0.105
0.111
0.106
0.095
0.064
0.01
-0.05
-0.109
-0.164
-0.188
-0.198
-0.205
-0.209
-0.212
-0.213
-0.21
-0.202
-0.192
-0.174
-0.137
-0.102
-0.078
-0.067
-0.057
-0.047
-0.028
-0.014
-0.004
0.003
0.007
0.007
0.004
-0.001
-0.008
-0.015
-0.026
-0.032
-0.025
-0.012
0.0
0.014
0.022
0.028
0.03
0.031
0.032
0.033
0.034
0.035
0.037
0.038
0.041
0.043
0.045
0.048
0.051
0.054
0.057
0.061
0.066
0.071
0.079
0.088
0.095
0.1
0.104
0.108
0.11
0.112
0.113
0.115
0.117
0.119
0.12
0.121
0.123
0.125
0.128
0.131
0.135
0.138
0.142
0.145
0.149
0.156
0.163
0.168
0.169
0.167
0.162
0.157
0.151
0.143
0.13
0.116
0.103
0.089
0.072
0.054
0.04
0.029
0.017
0.0
-0.015
-0.023
-0.027
-0.032
-0.036
-0.04
-0.043
-0.045
-0.047
-0.049
-0.051
-0.054
-0.057
-0.059
-0.061
-0.062
-0.063
-0.065
-0.066
-0.067
-0.066
-0.066
-0.067
-0.068
-0.069
-0.071
-0.072
-0.072
-0.073
-0.074
-0.076
-0.078
-0.079
-0.08
-0.079
-0.078
-0.078
-0.077
-0.077
-0.076
-0.077
-0.077
-0.078
-0.08
-0.082
-0.085
-0.088
-0.091
-0.093
-0.095
-0.096
-0.097
-0.097
-0.097
-0.097
-0.097
-0.098
-0.099
-0.101
-0.102
-0.104
-0.105
-0.106
-0.107
-0.108
-0.108
-0.108
-0.108
-0.107
-0.107
-0.106
-0.106
-0.106
-0.106
-0.106
-0.107
-0.107
-0.106
-0.105
-0.104
-0.103
-0.102
-0.1
-0.098
-0.096
-0.093
-0.091
-0.089
-0.088
-0.087
-0.085
-0.083
-0.081
-0.078
-0.075
-0.072
-0.069
-0.065
-0.061
-0.057
-0.054
-0.052
-0.049
-0.046
-0.044
-0.042
-0.041
-0.04
-0.039
-0.037
-0.035
-0.032
-0.029
-0.026
-0.023
-0.019
-0.015
-0.013
-0.011
-0.009
-0.007
-0.005
-0.004
-0.002
0.0
0.001
0.002
0.003
0.006
0.008
0.01
0.011
0.012
0.012
0.013
0.013
0.014
0.014
0.013
0.012
0.01
0.009
0.007
0.006
0.004
0.002
0.0
-0.001
-0.003
-0.004
-0.004
-0.005
-0.006
-0.008
-0.008
-0.008
-0.006
-0.001
0.005
0.013
0.024
0.04
0.066
0.085
0.105
0.123
0.134
0.144
0.153
0.153
0.139
0.098
0.041
-0.03
-0.106
-0.176
-0.198
-0.208
-0.197
-0.154
-0.119
-0.102
-0.093
-0.086
-0.074
-0.058
-0.041
-0.026
-0.012
0.0
0.01
0.019
0.027
0.034
0.039
0.043
0.046
0.049
0.051
0.053
0.053
0.054
0.055
0.056
0.059
0.061
0.063
0.065
0.066
0.066
0.066
0.066
0.066
0.067
0.069
0.07
0.071
0.072
0.074
0.076
0.078
0.081
0.084
0.086
0.088
0.09
0.093
0.097
0.101
0.112
0.138
0.144
0.146
0.149
0.152
0.154
0.156
0.158
0.16
0.161
0.162
0.163
0.165
0.167
0.168
0.169
0.17
0.173
0.176
0.179
0.181
0.182
0.18
0.176
0.17
0.162
0.153
0.143
0.128
0.113
0.102
0.09
0.07
0.038
0.01
-0.009
-0.025
-0.039
-0.05
-0.064
-0.08
-0.097
-0.113
-0.126
-0.136
-0.148
-0.161
-0.163
-0.161
-0.16
-0.159
-0.159
-0.158
-0.157
-0.156
-0.155
-0.155
-0.156
-0.157
-0.157
-0.157
-0.157
-0.157
-0.157
-0.158
-0.159
-0.159
-0.16
-0.163
-0.168
-0.172
-0.177
-0.182
-0.184
-0.181
-0.173
-0.166
-0.163
-0.16
-0.158
-0.156
-0.153
-0.151
-0.15
-0.149
-0.148
-0.147
-0.145
-0.143
-0.142
-0.142
-0.143
-0.142
-0.142
-0.14
-0.138
-0.134
-0.13
-0.126
-0.118
-0.1
-0.08
-0.071
-0.067
-0.064
-0.062
-0.061
-0.059
-0.057
-0.055
-0.053
-0.05
-0.046
-0.042
-0.038
-0.035
-0.032
-0.029
-0.027
-0.026
-0.025
-0.024
-0.023
-0.022
-0.02
-0.017
-0.015
-0.013
-0.009
-0.005
-0.001
0.001
0.004
0.005
0.005
0.005
0.005
0.006
0.007
0.007
0.009
0.015
0.02
0.021
0.015
0.005
-0.011
-0.039
-0.07
-0.107
-0.13
-0.141
-0.15
-0.157
-0.161
-0.162
-0.162
-0.162
-0.163
-0.164
-0.165
-0.166
-0.166
-0.145
-0.108
-0.084
-0.075
-0.068
-0.069
-0.077
-0.081
-0.084
-0.086
-0.088
-0.089
-0.089
-0.086
-0.08
-0.074
-0.06
-0.043
-0.036
-0.03
-0.027
-0.031
-0.038
-0.043
-0.047
-0.05
-0.053
-0.055
-0.057
-0.06
-0.062
-0.065
-0.067
-0.069
-0.071
-0.073
-0.076
-0.078
-0.08
-0.082
-0.083
-0.083
-0.082
-0.081
-0.078
-0.074
-0.068
-0.062
-0.051
-0.032
-0.015
0.0
0.017
0.035
0.06
0.089
0.111
0.126
0.13
0.132
0.134
0.136
0.122
0.079
0.037
-0.005
-0.034
-0.052
-0.061
-0.068
-0.072
-0.074
-0.074
-0.072
-0.067
-0.059
-0.032
0.016
0.067
0.095
0.11
0.118
0.124
0.13
0.136
0.141
0.148
0.157
0.17
0.18
0.185
0.188
0.191
0.193
0.194
0.195
0.196
0.196
0.196
0.193
0.19
0.187
0.184
0.181
0.179
0.176
0.172
0.169
0.167
0.167
0.169
0.171
0.173
0.174
0.175
0.175
0.176
0.177
0.178
0.178
0.179
0.18
0.181
0.183
0.184
0.184
0.183
0.182
0.181
0.179
0.176
0.174
0.171
0.168
0.165
0.162
0.156
0.14
0.125
0.113
0.105
0.099
0.093
0.088
0.083
0.079
0.075
0.07
0.064
0.057
0.049
0.041
0.032
0.025
0.022
0.02
0.018
0.015
0.003
-0.018
-0.037
-0.052
-0.063
-0.071
-0.079
-0.087
-0.09
-0.093
-0.096
-0.092
-0.087
-0.083
-0.087
-0.094
-0.099
-0.09
-0.075
-0.061
-0.052
-0.047
-0.043
-0.041
-0.039
-0.037
-0.033
-0.035
-0.044
-0.049
-0.052
-0.055
-0.058
-0.061
-0.062
-0.063
-0.063
-0.063
-0.063
-0.062
-0.061
-0.06
-0.058
-0.056
-0.053
-0.048
-0.035
-0.029
-0.025
-0.021
-0.02
-0.021
-0.026
-0.032
-0.044
-0.06
-0.069
-0.075
-0.075
-0.066
-0.059
-0.053
-0.049
-0.046
-0.046
-0.047
-0.048
-0.048
-0.048
-0.048
-0.049
-0.051
-0.054
-0.058
-0.064
-0.071
-0.064
-0.057
-0.051
-0.048
-0.048
-0.05
-0.053
-0.056
-0.055
-0.054
-0.052
-0.056
-0.061
-0.065
-0.065
-0.055
-0.047
-0.041
-0.035
-0.033
-0.031
-0.028
-0.026
-0.023
-0.021
-0.023
-0.027
-0.031
-0.034
-0.038
-0.042
-0.045
-0.045
-0.044
-0.041
-0.038
-0.035
-0.032
-0.03
-0.027
-0.023
-0.019
-0.014
-0.01
-0.006
-0.004
-0.001
0.002
0.005
0.007
0.009
0.011
0.013
0.016
0.022
0.032
0.038
0.042
0.045
0.047
0.048
0.047
0.046
0.045
0.042
0.054
0.064
0.071
0.076
0.081
0.084
0.086
0.09
0.096
0.097
0.093
0.088
0.084
0.093
0.103
0.112
0.114
0.111
0.109
0.108
0.106
0.103
0.099
0.094
0.088
0.078
0.069
0.061
0.055
0.051
0.048
0.045
0.041
0.039
0.038
0.043
0.051
0.066
0.08
0.088
0.086
0.069
0.059
0.055
0.053
0.06
0.082
0.109
0.138
0.166
0.189
0.197
0.192
0.175
0.134
0.079
0.019
-0.031
-0.055
-0.064
-0.053
-0.04
-0.029
-0.023
-0.015
-0.002
0.014
0.028
0.05
0.073
0.1
0.115
0.126
0.134
0.134
0.128
0.12
0.113
0.118
0.134
0.164
0.176
0.182
0.186
0.185
0.175
0.161
0.144
0.136
0.132
0.128
0.126
0.123
0.119
0.116
0.113
0.108
0.102
0.096
0.092
0.089
0.086
0.084
0.084
0.088
0.092
0.097
0.102
0.107
0.114
0.121
0.127
0.133
0.138
0.141
0.143
0.145
0.146
0.149
0.15
0.146
0.138
0.13
0.12
0.12
0.131
0.142
0.154
0.162
0.169
0.177
0.185
0.192
0.198
0.201
0.197
0.189
0.183
0.179
0.174
0.17
0.166
0.162
0.156
0.145
0.127
0.1
0.073
0.056
0.036
0.019
0.003
-0.016
-0.04
-0.061
-0.076
-0.087
-0.096
-0.109
-0.124
-0.141
-0.16
-0.176
-0.185
-0.195
-0.206
-0.21
-0.213
-0.217
-0.219
-0.222
-0.224
-0.225
-0.227
-0.228
-0.229
-0.23
-0.23
-0.23
-0.229
-0.227
-0.226
-0.224
-0.221
-0.218
-0.215
-0.212
-0.209
-0.203
-0.188
-0.175
-0.166
-0.159
-0.154
-0.152
-0.153
-0.155
-0.158
-0.159
-0.161
-0.164
-0.166
-0.166
-0.164
-0.158
-0.152
-0.144
-0.132
-0.125
-0.121
-0.118
-0.115
-0.111
-0.106
-0.102
-0.098
-0.094
-0.09
-0.086
-0.085
-0.086
-0.086
-0.087
-0.088
-0.088
-0.089
-0.087
-0.072
-0.061
-0.051
-0.043
-0.038
-0.035
-0.033
-0.032
-0.03
-0.028
-0.025
-0.022
-0.018
-0.015
-0.013
-0.011
-0.008
-0.005
-0.001
0.001
0.004
0.008
0.016
0.016
0.003
-0.003
-0.009
-0.014
-0.018
-0.021
-0.02
-0.018
-0.014
-0.011
-0.008
-0.004
0.001
0.007
0.008
0.005
-0.001
-0.008
-0.018
-0.027
-0.033
-0.037
-0.041
-0.043
-0.043
-0.042
-0.041
-0.039
-0.038
-0.037
-0.036
-0.035
-0.034
-0.032
-0.029
-0.026
-0.023
-0.02
-0.018
-0.015
-0.011
-0.007
-0.003
-0.001
0.0
0.001
0.005
0.01
0.011
0.008
0.005
0.003
0.001
0.0
0.0
0.001
0.002
0.003
0.004
0.005
0.008
0.011
0.006
-0.002
-0.009
-0.013
-0.017
-0.02
-0.023
-0.026
-0.029
-0.032
-0.036
-0.039
-0.043
-0.046
-0.05
-0.055
-0.06
-0.065
-0.072
-0.087
-0.104
-0.113
-0.118
-0.104
-0.088
-0.075
-0.066
-0.06
-0.052
-0.043
-0.037
-0.03
-0.024
-0.037
-0.058
-0.08
-0.098
-0.117
-0.147
-0.189
-0.238
-0.285
-0.325
-0.359
-0.391
-0.405
-0.415
-0.412
-0.379
-0.327
-0.272
-0.228
-0.207
-0.2
-0.208
-0.22
-0.228
-0.216
-0.198
-0.181
-0.17
-0.163
-0.178
-0.204
-0.226
-0.24
-0.248
-0.24
-0.213
-0.179
-0.16
-0.148
-0.141
-0.137
-0.141
-0.149
-0.155
-0.16
-0.164
-0.167
-0.167
-0.165
-0.162
-0.158
-0.156
-0.153
-0.149
-0.143
-0.136
-0.128
-0.119
-0.11
-0.101
-0.093
-0.084
-0.069
-0.046
-0.029
-0.016
-0.005
0.004
0.015
0.028
0.038
0.044
0.05
0.056
0.06
0.065
0.074
0.092
0.104
0.111
0.116
0.12
0.124
0.127
0.129
0.132
0.135
0.138
0.141
0.145
0.148
0.153
0.159
0.157
0.146
0.133
0.12
0.109
0.096
0.075
0.049
0.023
0.012
0.007
0.004
0.001
0.0
-0.003
-0.005
-0.007
-0.009
-0.01
-0.011
-0.013
-0.014
-0.014
-0.014
-0.014
-0.014
-0.014
-0.015
-0.016
-0.017
-0.018
-0.018
-0.019
-0.02
-0.021
-0.023
-0.024
-0.025
-0.025
-0.025
-0.026
-0.027
-0.029
-0.03
-0.031
-0.032
-0.033
-0.034
-0.036
-0.04
-0.043
-0.044
-0.042
-0.038
-0.033
-0.026
-0.009
0.003
0.004
0.005
0.007
0.007
0.003
-0.005
-0.014
-0.018
-0.022
-0.026
-0.03
-0.034
-0.038
-0.04
-0.041
-0.04
-0.039
-0.038
-0.036
-0.034
-0.03
-0.025
-0.02
-0.011
0.003
0.006
0.008
0.011
0.011
0.002
-0.001
-0.004
-0.007
-0.009
-0.011
-0.012
-0.013
-0.014
-0.014
-0.013
-0.01
-0.006
-0.002
0.001
0.005
0.008
0.014
0.021
0.027
0.031
0.034
0.036
0.039
0.043
0.047
0.049
0.047
0.041
0.035
0.03
0.024
0.019
0.017
0.019
0.025
0.033
0.041
0.052
0.059
0.06
0.06
0.062
0.064
0.063
0.053
0.048
0.045
0.042
0.039
0.037
0.036
0.035
0.034
0.035
0.037
0.041
0.045
0.049
0.053
0.056
0.06
0.065
0.07
0.073
0.073
0.071
0.067
0.064
0.062
0.06
0.057
0.053
0.05
0.048
0.048
0.05
0.052
0.055
0.058
0.062
0.069
0.074
0.069
0.06
0.051
0.043
0.035
0.028
0.022
0.015
0.007
0.0
-0.008
-0.016
-0.031
-0.05
-0.06
-0.065
-0.069
-0.072
-0.073
-0.071
-0.067
-0.062
-0.055
-0.048
-0.037
-0.027
-0.019
-0.005
0.015
0.036
0.059
0.08
0.094
0.097
0.1
0.103
0.09
0.05
0.005
-0.048
-0.106
-0.162
-0.195
-0.205
-0.211
-0.214
-0.215
-0.214
-0.213
-0.21
-0.204
-0.185
-0.127
-0.065
-0.008
0.025
0.032
0.037
0.04
0.042
0.044
0.047
0.049
0.051
0.054
0.057
0.059
0.06
0.06
0.061
0.063
0.066
0.072
0.084
0.091
0.094
0.095
0.096
0.097
0.098
0.098
0.098
0.099
0.101
0.102
0.103
0.104
0.104
0.105
0.105
0.107
0.108
0.11
0.112
0.115
0.125
0.146
0.168
0.188
0.201
0.211
0.212
0.207
0.202
0.197
0.194
0.198
0.204
0.211
0.216
0.223
0.231
0.24
0.248
0.257
0.266
0.276
0.285
0.293
0.3
0.306
0.309
0.308
0.303
0.295
0.281
0.257
0.232
0.203
0.183
0.173
0.164
0.154
0.142
0.1
0.043
0.004
-0.009
-0.009
0.001
0.008
0.014
0.02
0.023
0.023
0.02
0.014
0.008
0.004
0.0
-0.002
-0.006
-0.01
-0.015
-0.02
-0.023
-0.025
-0.026
-0.027
-0.028
-0.03
-0.032
-0.033
-0.035
-0.036
-0.038
-0.04
-0.041
-0.041
-0.04
-0.038
-0.034
-0.031
-0.029
-0.026
-0.022
-0.018
-0.014
-0.012
-0.013
-0.017
-0.023
-0.029
-0.036
-0.044
-0.053
-0.063
-0.071
-0.079
-0.084
-0.088
-0.092
-0.096
-0.099
-0.102
-0.104
-0.104
-0.103
-0.102
-0.1
-0.097
-0.094
-0.089
-0.086
-0.083
-0.08
-0.077
-0.074
-0.071
-0.068
-0.066
-0.066
-0.068
-0.07
-0.074
-0.079
-0.085
-0.093
-0.104
-0.124
-0.136
-0.143
-0.149
-0.153
-0.156
-0.156
-0.152
-0.146
-0.139
-0.132
-0.124
-0.116
-0.112
-0.109
-0.106
-0.104
-0.103
-0.101
-0.099
-0.098
-0.098
-0.101
-0.107
-0.114
-0.12
-0.126
-0.134
-0.142
-0.147
-0.15
-0.151
-0.152
-0.153
-0.155
-0.157
-0.158
-0.157
-0.151
-0.143
-0.135
-0.124
-0.115
-0.108
-0.103
-0.099
-0.095
-0.092
-0.088
-0.085
-0.081
-0.075
-0.065
-0.05
-0.043
-0.037
-0.032
-0.03
-0.031
-0.034
-0.036
-0.039
-0.041
-0.041
-0.039
-0.034
-0.03
-0.027
-0.025
-0.022
-0.019
-0.016
-0.013
-0.011
-0.009
-0.009
-0.008
-0.009
-0.01
-0.012
-0.014
-0.016
-0.018
-0.021
-0.023
-0.026
-0.031
-0.043
-0.048
-0.051
-0.054
-0.057
-0.059
-0.059
-0.055
-0.049
-0.041
-0.032
-0.021
-0.009
0.001
0.021
0.048
0.066
0.076
0.082
0.082
0.076
0.063
0.025
-0.033
-0.102
-0.171
-0.232
-0.275
-0.291
-0.291
-0.275
-0.229
-0.178
-0.148
-0.14
-0.135
-0.129
-0.123
-0.113
-0.077
-0.033
0.017
0.063
0.074
0.076
0.077
0.077
0.077
0.075
0.073
0.068
0.064
0.075
0.093
0.111
0.118
0.121
0.123
0.125
0.127
0.13
0.133
0.135
0.137
0.139
0.144
0.154
0.168
0.175
0.18
0.178
0.166
0.157
0.15
0.144
0.142
0.143
0.146
0.151
0.157
0.164
0.174
0.184
0.192
0.197
0.201
0.205
0.208
0.213
0.219
0.226
0.231
0.235
0.238
0.242
0.245
0.248
0.25
0.252
0.253
0.254
0.255
0.256
0.257
0.257
0.256
0.256
0.256
0.258
0.26
0.248
0.235
0.225
0.216
0.208
0.197
0.18
0.162
0.142
0.121
0.1
0.078
0.053
0.038
0.032
0.027
0.023
0.02
0.017
0.015
0.013
0.012
0.01
0.008
0.006
0.003
0.0
-0.004
-0.009
-0.01
-0.009
-0.008
-0.006
-0.003
-0.015
-0.024
-0.03
-0.035
-0.039
-0.04
-0.039
-0.038
-0.037
-0.037
-0.036
-0.034
-0.03
-0.036
-0.04
-0.043
-0.046
-0.048
-0.049
-0.05
-0.05
-0.051
-0.053
-0.055
-0.056
-0.056
-0.057
-0.058
-0.06
-0.062
-0.064
-0.066
-0.068
-0.07
-0.074
-0.08
-0.085
-0.091
-0.096
-0.103
-0.11
-0.116
-0.12
-0.125
-0.129
-0.132
-0.135
-0.138
-0.142
-0.145
-0.149
-0.152
-0.154
-0.156
-0.157
-0.159
-0.16
-0.161
-0.162
-0.163
-0.164
-0.165
-0.165
-0.165
-0.165
-0.165
-0.165
-0.165
-0.165
-0.165
-0.166
-0.168
-0.169
-0.169
-0.168
-0.166
-0.164
-0.162
-0.159
-0.155
-0.152
-0.154
-0.159
-0.164
-0.169
-0.173
-0.173
-0.168
-0.161
-0.15
-0.132
-0.116
-0.105
-0.094
-0.086
-0.079
-0.074
-0.073
-0.077
-0.081
-0.084
-0.087
-0.09
-0.092
-0.092
-0.091
-0.088
-0.084
-0.078
-0.072
-0.062
-0.053
-0.043
-0.033
-0.021
-0.013
-0.006
0.0
0.005
0.011
0.018
0.025
0.01
-0.002
-0.01
-0.016
-0.02
-0.023
-0.026
-0.028
-0.032
-0.036
-0.036
-0.031
-0.027
-0.025
-0.023
-0.02
-0.017
-0.013
-0.009
-0.006
-0.002
0.0
0.002
0.005
0.007
0.008
0.01
0.012
0.015
0.019
0.024
0.033
0.052
0.072
0.092
0.115
0.135
0.154
0.167
0.177
0.173
0.14
0.069
-0.023
-0.112
-0.16
-0.177
-0.168
-0.141
-0.101
-0.068
-0.052
-0.044
-0.04
-0.036
-0.032
-0.026
-0.007
0.032
0.078
0.094
0.099
0.101
0.103
0.106
0.11
0.116
0.127
0.147
0.159
0.164
0.168
0.171
0.173
0.176
0.18
0.184
0.187
0.19
0.193
0.195
0.198
0.2
0.202
0.203
0.204
0.205
0.206
0.206
0.206
0.206
0.205
0.203
0.201
0.199
0.198
0.196
0.195
0.193
0.191
0.19
0.19
0.192
0.194
0.198
0.201
0.205
0.21
0.217
0.225
0.233
0.24
0.247
0.252
0.257
0.262
0.266
0.27
0.272
0.275
0.277
0.279
0.281
0.283
0.284
0.284
0.284
0.283
0.281
0.278
0.273
0.267
0.26
0.251
0.232
0.219
0.205
0.19
0.173
0.148
0.133
0.129
0.127
0.125
0.122
0.117
0.112
0.109
0.106
0.104
0.101
0.099
0.097
0.095
0.093
0.09
0.086
0.082
0.079
0.074
0.067
0.053
0.042
0.033
0.027
0.023
0.019
0.013
0.006
-0.003
-0.012
-0.022
-0.032
-0.042
-0.051
-0.058
-0.065
-0.074
-0.086
-0.096
-0.105
-0.115
-0.127
-0.138
-0.144
-0.148
-0.151
-0.155
-0.161
-0.167
-0.173
-0.178
-0.183
-0.189
-0.194
-0.199
-0.201
-0.202
-0.202
-0.202
-0.203
-0.205
-0.207
-0.209
-0.208
-0.203
-0.198
-0.194
-0.191
-0.188
-0.185
-0.184
-0.185
-0.188
-0.194
-0.2
-0.211
-0.225
-0.229
-0.232
-0.234
-0.237
-0.239
-0.241
-0.24
-0.239
-0.236
-0.234
-0.231
-0.228
-0.224
-0.222
-0.223
-0.229
-0.235
-0.239
-0.243
-0.246
-0.249
-0.252
-0.256
-0.262
-0.268
-0.274
-0.279
