-0.626
-0.553
-0.448
-0.341
-0.244
-0.157
-0.085
-0.041
-0.002
0.023
0.035
0.042
0.046
0.049
0.052
0.056
0.061
0.067
0.074
0.083
0.098
0.122
0.136
0.141
0.145
0.148
0.151
0.153
0.156
0.16
0.164
0.167
0.17
0.173
0.178
0.184
0.194
0.214
0.234
0.249
0.261
0.272
0.285
0.299
0.31
0.321
0.331
0.341
0.35
0.361
0.376
0.397
0.427
0.442
0.451
0.46
0.468
0.472
0.476
0.478
0.48
0.48
0.479
0.477
0.474
0.47
0.465
0.459
0.453
0.444
0.426
0.411
0.398
0.383
0.364
0.341
0.318
0.295
0.278
0.257
0.232
0.208
0.182
0.158
0.141
0.127
0.117
0.109
0.101
0.09
0.077
0.064
0.049
0.039
0.035
0.032
0.029
0.027
0.025
0.024
0.023
0.022
0.021
0.021
0.021
0.02
0.02
0.019
0.017
0.016
0.017
0.021
0.026
0.028
0.03
0.032
0.034
0.036
0.038
0.039
0.039
0.038
0.037
0.035
0.032
0.027
0.021
0.012
-0.003
-0.015
-0.022
-0.026
-0.029
-0.032
-0.034
-0.035
-0.036
-0.037
-0.038
-0.04
-0.043
-0.045
-0.048
-0.05
-0.053
-0.058
-0.062
-0.068
-0.075
-0.082
-0.088
-0.091
-0.094
-0.096
-0.099
-0.102
-0.104
-0.106
-0.109
-0.112
-0.115
-0.118
-0.12
-0.122
-0.123
-0.124
-0.125
-0.127
-0.128
-0.13
-0.132
-0.134
-0.137
-0.141
-0.144
-0.148
-0.152
-0.155
-0.158
-0.161
-0.164
-0.166
-0.169
-0.172
-0.175
-0.179
-0.182
-0.185
-0.188
-0.191
-0.194
-0.196
-0.197
-0.199
-0.199
-0.2
-0.202
-0.206
-0.209
-0.21
-0.209
-0.205
-0.198
-0.191
-0.185
-0.179
-0.173
-0.167
-0.165
-0.166
-0.171
-0.179
-0.19
-0.211
-0.243
-0.262
-0.274
-0.286
-0.298
-0.312
-0.329
-0.345
-0.353
-0.357
-0.361
-0.365
-0.368
-0.37
-0.372
-0.374
-0.375
-0.376
-0.376
-0.377
-0.377
-0.377
-0.377
-0.377
-0.376
-0.376
-0.375
-0.373
-0.369
-0.366
-0.363
-0.347
-0.303
-0.241
-0.151
-0.034
0.092
0.216
0.309
0.314
0.248
0.033
-0.267
-0.592
-0.876
-1.057
-1.098
-1.02
-0.862
-0.686
-0.533
-0.435
-0.396
-0.384
-0.373
-0.361
-0.341
-0.311
-0.295
-0.287
-0.282
-0.278
-0.273
-0.268
-0.265
-0.261
-0.258
-0.254
-0.251
-0.247
-0.245
-0.243
-0.241
-0.238
-0.236
-0.233
-0.229
-0.225
-0.222
-0.218
-0.214
-0.209
-0.204
-0.2
-0.196
-0.192
-0.186
-0.178
-0.167
-0.155
-0.144
-0.136
-0.13
-0.122
-0.114
-0.105
-0.095
-0.082
-0.063
-0.049
-0.03
-0.006
0.016
0.043
0.06
0.069
0.076
0.081
0.086
0.089
0.091
0.092
0.094
0.097
0.1
0.104
0.106
0.107
0.104
0.098
0.091
0.084
0.078
0.07
0.062
0.053
0.043
0.032
0.02
0.006
-0.012
-0.026
-0.034
-0.039
-0.043
-0.046
-0.048
-0.051
-0.054
-0.057
-0.061
-0.063
-0.066
-0.068
-0.07
-0.073
-0.075
-0.077
-0.079
-0.08
-0.082
-0.084
-0.086
-0.087
-0.087
-0.085
-0.083
-0.08
-0.078
-0.075
-0.072
-0.068
-0.064
-0.061
-0.059
-0.057
-0.056
-0.054
-0.051
-0.049
-0.047
-0.046
-0.044
-0.042
-0.039
-0.037
-0.035
-0.033
-0.032
-0.029
-0.026
-0.023
-0.021
-0.019
-0.018
-0.016
-0.014
-0.011
-0.008
-0.005
-0.001
0.002
0.008
0.014
0.02
0.025
0.029
0.032
0.036
0.04
0.044
0.047
0.049
0.051
0.054
0.057
0.061
0.066
0.07
0.073
0.077
0.08
0.085
0.09
0.094
0.098
0.101
0.105
0.109
0.114
0.118
0.123
0.127
0.131
0.135
0.139
0.143
0.147
0.152
0.157
0.164
0.173
0.184
0.194
0.206
0.222
0.244
0.262
0.279
0.295
0.302
0.305
0.306
0.308
0.309
0.311
0.312
0.313
0.313
0.313
0.313
0.312
0.311
0.308
0.304
0.299
0.295
0.291
0.288
0.285
0.282
0.278
0.273
0.269
0.265
0.262
0.261
0.261
0.261
0.262
0.263
0.264
0.265
0.268
0.269
0.271
0.273
0.276
0.28
0.285
0.292
0.3
0.312
0.331
0.348
0.39
0.442
0.515
0.612
0.732
0.856
0.916
0.903
0.78
0.53
0.219
-0.077
-0.28
-0.338
-0.334
-0.259
-0.135
-0.004
0.111
0.207
0.283
0.311
0.324
0.333
0.314
0.3
0.29
0.282
0.277
0.275
0.276
0.279
0.283
0.286
0.288
0.29
0.292
0.294
0.297
0.3
0.302
0.305
0.308
0.311
0.314
0.317
0.32
0.323
0.327
0.333
0.343
0.356
0.371
0.387
0.4
0.412
0.423
0.432
0.439
0.444
0.449
0.453
0.455
0.458
0.461
0.463
0.465
0.467
0.469
0.47
0.471
0.472
0.472
0.471
0.47
0.469
0.467
0.464
0.461
0.457
0.453
0.448
0.443
0.436
0.421
0.407
0.391
0.373
0.352
0.332
0.305
0.276
0.25
0.222
0.193
0.165
0.144
0.13
0.117
0.104
0.089
0.072
0.051
0.041
0.036
0.032
0.029
0.027
0.026
0.024
0.022
0.019
0.016
0.013
0.011
0.008
0.005
0.002
0.0
-0.003
-0.006
-0.012
-0.027
-0.039
-0.049
-0.055
-0.059
-0.064
-0.067
-0.071
-0.075
-0.077
-0.078
-0.079
-0.079
-0.079
-0.079
-0.079
-0.079
-0.078
-0.078
-0.079
-0.08
-0.082
-0.083
-0.082
-0.082
-0.081
-0.08
-0.079
-0.077
-0.075
-0.073
-0.074
-0.084
-0.098
-0.107
-0.115
-0.123
-0.13
-0.136
-0.142
-0.147
-0.152
-0.156
-0.159
-0.161
-0.164
-0.167
-0.169
-0.171
-0.172
-0.172
-0.171
-0.169
-0.166
-0.163
-0.16
-0.157
-0.154
-0.152
-0.15
-0.149
-0.147
-0.144
-0.142
-0.139
-0.136
-0.133
-0.13
-0.127
-0.124
-0.121
-0.118
-0.116
-0.113
-0.108
-0.097
-0.087
-0.083
-0.081
-0.08
-0.077
-0.073
-0.075
-0.092
-0.108
-0.123
-0.138
-0.15
-0.158
-0.164
-0.169
-0.173
-0.176
-0.18
-0.185
-0.188
-0.191
-0.195
-0.2
-0.206
-0.213
-0.224
-0.236
-0.244
-0.253
-0.264
-0.281
-0.303
-0.327
-0.347
-0.355
-0.359
-0.362
-0.364
-0.365
-0.365
-0.358
-0.347
-0.333
-0.317
-0.294
-0.279
-0.27
-0.255
-0.23
-0.202
-0.17
-0.149
-0.139
-0.131
-0.125
-0.12
-0.116
-0.111
-0.106
-0.094
-0.069
-0.025
0.047
0.147
0.272
0.413
0.547
0.631
0.632
0.554
0.35
0.063
-0.246
-0.497
-0.616
-0.628
-0.571
-0.43
-0.267
-0.13
-0.031
0.036
0.073
0.09
0.098
0.104
0.109
0.113
0.116
0.12
0.122
0.124
0.126
0.129
0.132
0.141
0.162
0.185
0.213
0.229
0.236
0.242
0.246
0.252
0.258
0.264
0.269
0.274
0.278
0.283
0.287
0.292
0.296
0.299
0.303
0.307
0.312
0.318
0.328
0.345
0.363
0.379
0.392
0.405
0.419
0.428
0.435
0.441
0.445
0.448
0.448
0.445
0.439
0.432
0.422
0.409
0.387
0.371
0.356
0.339
0.318
0.297
0.276
0.261
0.251
0.244
0.236
0.227
0.217
0.204
0.187
0.171
0.155
0.139
0.118
0.095
0.072
0.048
0.027
0.009
-0.005
-0.018
-0.031
-0.044
-0.06
-0.079
-0.094
-0.107
-0.118
-0.129
-0.139
-0.149
-0.165
-0.187
-0.21
-0.223
-0.232
-0.24
-0.245
-0.249
-0.251
-0.251
-0.252
-0.252
-0.251
-0.25
-0.249
-0.249
-0.249
-0.25
-0.251
-0.251
-0.251
-0.25
-0.25
-0.25
-0.25
-0.249
-0.248
-0.246
-0.244
-0.242
-0.24
-0.237
-0.234
-0.231
-0.228
-0.225
-0.223
-0.218
-0.21
-0.199
-0.19
-0.181
-0.173
-0.165
-0.157
-0.148
-0.14
-0.13
-0.12
-0.111
-0.104
-0.096
-0.088
-0.082
-0.076
-0.072
-0.069
-0.066
-0.064
-0.062
-0.061
-0.061
-0.061
-0.06
-0.06
-0.059
-0.058
-0.058
-0.059
-0.059
-0.058
-0.058
-0.057
-0.058
-0.059
-0.06
-0.061
-0.062
-0.064
-0.065
-0.066
-0.069
-0.071
-0.073
-0.075
-0.077
-0.079
-0.081
-0.083
-0.084
-0.086
-0.087
-0.088
-0.09
-0.092
-0.095
-0.098
-0.1
-0.102
-0.103
-0.103
-0.101
-0.098
-0.094
-0.087
-0.08
-0.071
-0.063
-0.054
-0.041
-0.027
-0.018
-0.011
-0.005
-0.001
0.001
0.003
0.005
0.007
0.01
0.012
0.012
0.012
0.011
0.009
0.005
0.0
-0.004
-0.01
-0.017
-0.023
-0.028
-0.032
-0.035
-0.039
-0.044
-0.048
-0.051
-0.054
-0.057
-0.059
-0.061
-0.063
-0.065
-0.066
-0.065
-0.065
-0.064
-0.062
-0.061
-0.059
-0.056
-0.053
-0.048
-0.043
-0.039
-0.035
-0.023
0.012
0.082
0.188
0.323
0.469
0.593
0.63
0.607
0.452
0.193
-0.102
-0.38
-0.585
-0.645
-0.641
-0.557
-0.438
-0.319
-0.206
-0.104
-0.011
0.013
0.019
0.023
0.025
0.024
0.019
0.017
0.015
0.013
0.012
0.011
0.01
0.011
0.015
0.021
0.029
0.038
0.046
0.057
0.069
0.079
0.088
0.096
0.103
0.109
0.115
0.12
0.126
0.132
0.138
0.146
0.154
0.163
0.173
0.183
0.193
0.203
0.212
0.221
0.229
0.236
0.242
0.248
0.253
0.259
0.265
0.271
0.276
0.28
0.285
0.29
0.299
0.313
0.321
0.323
0.324
0.325
0.327
0.328
0.33
0.329
0.324
0.314
0.303
0.291
0.274
0.255
0.233
0.211
0.189
0.17
0.154
0.14
0.127
0.115
0.101
0.088
0.074
0.057
0.04
0.022
0.0
-0.024
-0.053
-0.068
-0.077
-0.085
-0.092
-0.097
-0.102
-0.105
-0.107
-0.109
-0.11
-0.112
-0.114
-0.116
-0.117
-0.117
-0.117
-0.118
-0.119
-0.119
-0.119
-0.119
-0.118
-0.119
-0.12
-0.121
-0.122
-0.122
-0.121
-0.12
-0.119
-0.118
-0.117
-0.115
-0.113
-0.11
-0.108
-0.107
-0.105
-0.104
-0.103
-0.102
-0.102
-0.102
-0.102
-0.102
-0.101
-0.101
-0.1
-0.099
-0.098
-0.097
-0.096
-0.096
-0.097
-0.098
-0.1
-0.101
-0.103
-0.104
-0.105
-0.106
-0.107
-0.108
-0.11
-0.111
-0.113
-0.114
-0.115
