0.044
0.037
0.033
0.029
0.026
0.023
0.02
0.018
0.016
0.014
0.011
0.006
-0.003
-0.001
0.021
0.047
0.075
0.104
0.133
0.163
0.2
0.224
0.24
0.253
0.264
0.275
0.283
0.291
0.301
0.316
0.341
0.367
0.393
0.418
0.445
0.461
0.473
0.483
0.489
0.491
0.488
0.481
0.469
0.453
0.422
0.375
0.334
0.293
0.252
0.208
0.16
0.108
0.052
0.003
-0.031
-0.059
-0.112
-0.138
-0.152
-0.165
-0.175
-0.184
-0.191
-0.195
-0.198
-0.198
-0.198
-0.196
-0.194
-0.19
-0.185
-0.179
-0.174
-0.171
-0.17
-0.169
-0.168
-0.166
-0.164
-0.161
-0.158
-0.156
-0.154
-0.152
-0.15
-0.147
-0.144
-0.141
-0.138
-0.136
-0.134
-0.132
-0.129
-0.127
-0.125
-0.122
-0.119
-0.115
-0.109
-0.103
-0.098
-0.092
-0.087
-0.082
-0.077
-0.071
-0.067
-0.064
-0.061
-0.057
-0.052
-0.044
-0.03
0.0
0.033
0.061
0.082
0.102
0.121
0.138
0.158
0.179
0.2
0.22
0.239
0.26
0.272
0.279
0.284
0.29
0.296
0.299
0.291
0.273
0.253
0.24
0.231
0.222
0.213
0.204
0.195
0.186
0.178
0.172
0.166
0.16
0.154
0.149
0.144
0.139
0.134
0.129
0.122
0.113
0.105
0.096
0.087
0.076
0.066
0.057
0.049
0.043
0.038
0.033
0.028
0.023
0.018
0.013
0.007
0.001
-0.005
-0.013
-0.019
-0.024
-0.028
-0.031
-0.033
-0.035
-0.038
-0.04
-0.042
-0.044
-0.046
-0.048
-0.05
-0.053
-0.055
-0.057
-0.059
-0.061
-0.063
-0.065
-0.067
-0.069
-0.071
-0.073
-0.075
-0.076
-0.079
-0.081
-0.084
-0.086
-0.089
-0.091
-0.093
-0.094
-0.095
-0.097
-0.098
-0.099
-0.099
-0.1
-0.1
-0.102
-0.105
-0.11
-0.112
-0.109
-0.099
-0.086
-0.075
-0.067
-0.061
-0.055
-0.05
-0.044
-0.04
-0.038
-0.039
-0.041
-0.045
-0.049
-0.053
-0.057
-0.061
-0.068
-0.074
-0.079
-0.082
-0.083
-0.08
-0.077
-0.073
-0.069
-0.065
-0.057
-0.049
-0.042
-0.038
-0.041
-0.05
-0.062
-0.075
-0.087
-0.103
-0.119
-0.129
-0.125
-0.111
-0.088
-0.059
-0.016
0.019
0.037
0.048
0.057
0.065
0.072
0.078
0.084
0.09
0.096
0.102
0.108
0.114
0.12
0.128
0.139
0.152
0.168
0.182
0.197
0.215
0.239
0.277
0.313
0.351
0.387
0.407
0.422
0.436
0.443
0.431
0.402
0.358
0.299
0.249
0.197
0.145
0.09
0.03
-0.023
-0.071
-0.12
-0.171
-0.214
-0.241
-0.261
-0.26
-0.227
-0.174
-0.129
-0.109
-0.095
-0.101
-0.141
-0.16
-0.171
-0.18
-0.188
-0.195
-0.201
-0.206
-0.21
-0.213
-0.214
-0.213
-0.212
-0.211
-0.208
-0.205
-0.202
-0.199
-0.196
-0.193
-0.19
-0.188
-0.185
-0.181
-0.176
-0.17
-0.164
-0.157
-0.149
-0.139
-0.128
-0.116
-0.103
-0.088
-0.066
-0.044
-0.031
-0.02
-0.012
-0.004
0.001
0.006
0.01
0.016
0.021
0.026
0.03
0.034
0.038
0.041
0.044
0.048
0.053
0.059
0.064
0.07
0.079
0.087
0.092
0.091
0.083
0.068
0.05
0.033
0.018
0.0
-0.017
-0.032
-0.039
-0.042
-0.044
-0.044
-0.045
-0.046
-0.048
-0.052
-0.054
-0.056
-0.057
-0.059
-0.06
-0.061
-0.062
-0.061
-0.06
-0.058
-0.057
-0.057
-0.059
-0.061
-0.064
-0.067
-0.07
-0.072
-0.073
-0.074
-0.074
-0.071
-0.068
-0.065
-0.062
-0.059
-0.058
-0.057
-0.056
-0.053
-0.051
-0.048
-0.043
-0.033
-0.023
-0.02
-0.026
-0.035
-0.042
-0.051
-0.061
-0.068
-0.07
-0.07
-0.068
-0.067
-0.065
-0.061
-0.056
-0.051
-0.051
-0.054
-0.059
-0.064
-0.068
-0.071
-0.074
-0.077
-0.081
-0.083
-0.083
-0.081
-0.075
-0.068
-0.06
-0.051
-0.041
-0.032
-0.024
-0.018
-0.013
-0.01
-0.007
-0.003
0.001
0.005
0.009
0.012
0.015
0.017
0.019
0.02
0.02
0.02
0.02
0.019
0.02
0.021
0.021
0.02
0.019
0.017
0.014
0.011
0.007
0.003
0.0
-0.004
-0.007
-0.01
-0.012
-0.014
-0.017
-0.027
-0.039
-0.048
-0.049
-0.038
-0.021
-0.006
0.002
0.009
0.015
0.022
0.028
0.035
0.042
0.049
0.056
0.063
0.068
0.072
0.075
0.078
0.081
0.086
0.093
0.107
0.14
0.172
0.2
0.224
0.249
0.277
0.304
0.332
0.354
0.371
0.391
0.415
0.449
0.486
0.519
0.533
0.541
0.547
0.553
0.556
0.549
0.53
0.499
0.448
0.373
0.303
0.254
0.232
0.221
0.21
0.195
0.178
0.157
0.118
0.056
0.007
-0.028
-0.066
-0.105
-0.141
-0.151
-0.161
-0.171
-0.168
-0.134
-0.111
-0.093
-0.078
-0.069
-0.069
-0.076
-0.084
-0.093
-0.099
-0.108
-0.116
-0.12
-0.117
-0.105
-0.088
-0.074
-0.066
-0.06
-0.054
-0.048
-0.044
-0.041
-0.039
-0.037
-0.034
-0.032
-0.03
-0.028
-0.026
-0.025
-0.022
-0.018
-0.015
-0.011
-0.009
-0.008
-0.007
-0.006
-0.004
-0.002
0.0
0.003
0.007
0.011
0.018
0.025
0.034
0.042
0.05
0.057
0.063
0.068
0.071
0.071
0.071
0.071
0.07
0.068
0.067
0.066
0.065
0.065
0.066
0.067
0.067
0.068
0.069
0.069
0.067
0.064
0.061
0.058
0.055
0.051
0.047
0.044
0.04
0.037
0.034
0.032
0.029
0.028
0.026
0.025
0.023
0.019
0.013
0.007
0.002
0.0
0.0
0.001
0.003
0.004
0.006
0.008
0.012
0.017
0.022
0.024
0.023
0.02
0.016
0.011
0.007
0.004
0.0
-0.003
-0.008
-0.013
-0.016
-0.018
-0.019
-0.02
-0.02
-0.02
-0.019
-0.017
-0.013
-0.009
-0.006
-0.003
0.0
0.003
0.007
0.012
0.016
0.02
0.023
0.026
0.03
0.035
0.039
0.043
0.046
0.047
0.048
0.048
0.048
0.048
0.048
0.046
0.044
0.042
0.038
0.035
0.032
0.025
0.02
0.024
0.033
0.038
0.041
0.045
0.048
0.051
0.052
0.052
0.049
0.044
0.038
0.031
0.026
0.02
0.014
0.009
0.005
0.003
0.002
0.003
0.005
0.008
0.013
0.018
0.023
0.026
0.029
0.032
0.035
0.038
0.04
0.043
0.043
0.043
0.042
0.041
0.041
0.041
0.042
0.043
0.044
0.045
0.046
0.049
0.051
0.054
0.057
0.061
0.066
0.074
0.092
0.111
0.132
0.158
0.186
0.208
0.22
0.228
0.234
0.238
0.242
0.246
0.252
0.259
0.267
0.276
0.288
0.301
0.323
0.363
0.394
0.435
0.485
0.519
0.541
0.55
0.541
0.516
0.478
0.42
0.37
0.335
0.306
0.269
0.207
0.121
0.05
0.016
0.0
-0.013
-0.024
-0.036
-0.045
-0.055
-0.067
-0.085
-0.111
-0.129
-0.143
-0.15
-0.155
-0.158
-0.161
-0.164
-0.165
-0.165
-0.161
-0.155
-0.147
-0.139
-0.13
-0.124
-0.116
-0.107
-0.099
-0.094
-0.092
-0.092
-0.095
-0.101
-0.108
-0.118
-0.13
-0.147
-0.177
-0.191
-0.197
-0.202
-0.207
-0.211
-0.209
-0.196
-0.175
-0.142
-0.087
-0.062
-0.054
-0.048
-0.043
-0.039
-0.036
-0.032
-0.029
-0.026
-0.021
-0.016
-0.011
-0.007
-0.004
-0.002
-0.001
0.0
0.0
0.002
0.005
0.011
0.018
0.026
0.033
0.038
0.039
0.038
0.036
0.031
0.026
0.022
0.018
0.012
0.005
-0.001
-0.009
-0.016
-0.024
-0.033
-0.044
-0.062
-0.092
-0.111
-0.123
-0.135
-0.142
-0.142
-0.129
-0.109
-0.083
-0.05
