-0.066
-0.101
-0.132
-0.181
-0.231
-0.268
-0.298
-0.317
-0.328
-0.327
-0.314
-0.297
-0.283
-0.268
-0.257
-0.251
-0.254
-0.263
-0.275
-0.297
-0.327
-0.37
-0.427
-0.44
-0.443
-0.433
-0.372
-0.328
-0.3
-0.28
-0.267
-0.259
-0.259
-0.266
-0.276
-0.294
-0.317
-0.331
-0.34
-0.319
-0.295
-0.277
-0.264
-0.255
-0.25
-0.246
-0.242
-0.237
-0.23
-0.225
-0.218
-0.208
-0.189
-0.155
-0.122
-0.085
-0.012
0.093
0.202
0.285
0.322
0.334
0.322
0.288
0.227
0.149
0.06
-0.033
-0.117
-0.182
-0.206
-0.213
-0.218
-0.221
-0.222
-0.221
-0.216
-0.208
-0.197
-0.18
-0.146
-0.125
-0.113
-0.103
-0.098
-0.099
-0.106
-0.116
-0.127
-0.134
-0.143
-0.15
-0.157
-0.161
-0.162
-0.159
-0.155
-0.151
-0.144
-0.129
-0.1
-0.084
-0.073
-0.066
-0.064
-0.065
-0.068
-0.072
-0.075
-0.08
-0.084
-0.079
-0.068
-0.049
-0.024
-0.013
-0.009
-0.005
-0.001
0.001
0.005
0.009
0.012
0.016
0.021
0.029
0.046
0.073
0.085
0.091
0.096
0.105
0.114
0.123
0.133
0.144
0.155
0.168
0.181
0.192
0.205
0.215
0.22
0.222
0.224
0.226
0.229
0.21
0.18
0.142
0.098
0.065
0.042
0.017
-0.007
-0.028
-0.04
-0.048
-0.052
-0.048
-0.041
-0.035
-0.029
-0.026
-0.033
-0.045
-0.057
-0.068
-0.081
-0.097
-0.117
-0.137
-0.141
-0.146
-0.149
-0.128
-0.104
-0.086
-0.074
-0.065
-0.054
-0.043
-0.052
-0.078
-0.124
-0.146
-0.159
-0.17
-0.17
-0.158
-0.141
-0.117
-0.091
-0.061
-0.039
-0.024
-0.018
-0.024
-0.037
-0.047
-0.056
-0.065
-0.069
-0.069
-0.066
-0.063
-0.058
-0.053
-0.045
-0.041
-0.048
-0.06
-0.068
-0.076
-0.084
-0.092
-0.1
-0.108
-0.115
-0.121
-0.127
-0.132
-0.135
-0.135
-0.133
-0.13
-0.125
-0.118
-0.112
-0.103
-0.087
-0.074
-0.062
-0.05
-0.037
-0.037
-0.049
-0.057
-0.061
-0.065
-0.069
-0.074
-0.079
-0.083
-0.087
-0.092
-0.097
-0.105
-0.119
-0.126
-0.12
-0.106
-0.084
-0.056
-0.042
-0.033
-0.026
-0.023
-0.024
-0.029
-0.036
-0.049
-0.07
-0.085
-0.095
-0.094
-0.082
-0.073
-0.068
-0.063
-0.059
-0.055
-0.05
-0.044
-0.038
-0.031
-0.025
-0.02
-0.015
-0.01
-0.005
-0.001
0.005
0.014
0.031
0.06
0.077
0.087
0.094
0.094
0.086
0.072
0.056
0.034
0.023
0.01
0.0
0.019
0.037
0.051
0.057
0.049
0.033
0.007
-0.022
-0.045
-0.07
-0.088
-0.1
-0.104
-0.1
-0.091
-0.086
-0.083
-0.079
-0.077
-0.075
-0.075
-0.076
-0.077
-0.079
-0.081
-0.084
-0.087
-0.091
-0.094
-0.096
-0.096
-0.092
-0.085
-0.075
-0.056
-0.033
-0.021
-0.012
-0.032
-0.047
-0.055
-0.061
-0.066
-0.069
-0.071
-0.07
-0.067
-0.062
-0.054
-0.045
-0.027
0.01
0.078
0.175
0.294
0.415
0.508
0.549
0.563
0.544
0.486
0.383
0.261
0.137
0.026
-0.054
-0.093
-0.107
-0.089
-0.058
-0.024
-0.008
-0.002
0.002
0.005
0.008
0.01
0.014
0.018
0.021
0.023
0.024
0.026
0.028
0.03
0.031
0.034
0.04
0.047
0.052
0.057
0.063
0.072
0.082
0.083
0.076
0.072
0.069
0.065
0.063
0.062
0.062
0.061
0.06
0.062
0.065
0.069
0.075
0.081
0.087
0.095
0.104
0.115
0.126
0.135
0.142
0.148
0.153
0.158
0.161
0.164
0.165
0.168
0.172
0.178
0.184
0.192
0.203
0.217
0.235
0.255
0.276
0.296
0.313
0.324
0.333
0.34
0.343
0.339
0.331
0.32
0.308
0.293
0.281
0.271
0.259
0.245
0.23
0.217
0.206
0.195
0.182
0.161
0.131
0.1
0.069
0.052
0.045
0.04
0.036
0.03
0.023
0.018
0.013
0.005
-0.006
-0.027
-0.044
-0.062
-0.077
-0.08
-0.084
-0.088
-0.082
-0.077
-0.074
-0.071
-0.07
-0.072
-0.077
-0.084
-0.091
-0.094
-0.1
-0.106
-0.111
-0.114
-0.115
-0.113
-0.11
-0.106
-0.1
-0.094
-0.085
-0.078
-0.079
-0.089
-0.104
-0.129
-0.156
-0.167
-0.174
-0.18
-0.188
-0.194
-0.199
-0.205
-0.209
-0.211
-0.209
-0.204
-0.197
-0.186
-0.163
-0.146
-0.135
-0.128
-0.124
-0.127
-0.136
-0.146
-0.154
-0.16
-0.165
-0.168
-0.171
-0.174
-0.175
-0.174
-0.169
-0.163
-0.156
-0.15
-0.145
-0.139
-0.132
-0.125
-0.12
-0.118
-0.119
-0.12
-0.122
-0.125
-0.128
-0.14
-0.135
-0.113
-0.103
-0.096
-0.087
-0.079
-0.072
-0.068
-0.065
-0.062
-0.059
-0.057
-0.056
-0.055
-0.053
-0.05
-0.048
-0.045
-0.044
-0.043
-0.042
-0.041
-0.039
-0.037
-0.034
-0.032
-0.03
-0.026
-0.014
-0.002
0.008
0.015
0.02
0.024
0.028
0.032
0.037
0.043
0.048
0.053
0.057
0.062
0.067
0.071
0.073
0.071
0.067
0.061
0.054
0.047
0.041
0.034
0.029
0.025
0.022
0.018
0.012
0.006
0.001
-0.002
-0.005
-0.008
-0.012
-0.016
-0.021
-0.026
-0.03
-0.033
-0.036
-0.038
-0.04
-0.039
-0.037
-0.033
-0.029
-0.024
-0.019
-0.012
-0.004
0.0
0.0
-0.003
-0.007
-0.01
-0.011
-0.012
-0.015
-0.019
-0.022
-0.023
-0.022
-0.02
-0.017
-0.013
-0.01
-0.005
0.0
0.004
0.01
0.017
0.041
0.094
0.173
0.285
0.43
0.595
0.752
0.861
0.874
0.832
0.676
0.453
0.232
0.064
-0.055
-0.108
-0.107
-0.048
0.037
0.109
0.143
0.155
0.153
0.13
0.108
0.085
0.083
0.097
0.116
0.143
0.161
0.172
0.178
0.177
0.167
0.155
0.145
0.136
0.127
0.124
0.126
0.133
0.142
0.154
0.172
0.187
0.197
0.207
0.214
0.216
0.212
0.207
0.203
0.2
0.197
0.194
0.192
0.191
0.19
0.188
0.189
0.192
0.197
0.203
0.209
0.216
0.224
0.237
0.25
0.26
0.271
0.286
0.305
0.322
0.334
0.343
0.351
0.358
0.365
0.372
0.378
0.384
0.388
0.392
0.396
0.399
0.401
0.403
0.405
0.408
0.41
0.412
0.416
0.424
0.423
0.405
0.379
0.348
0.321
0.29
0.254
0.227
0.214
0.204
0.199
0.2
0.206
0.213
0.22
0.208
0.168
0.122
0.073
0.048
0.031
0.02
0.014
0.024
0.045
0.065
0.087
0.098
0.093
0.08
0.065
0.047
0.042
0.038
0.034
0.032
0.04
0.058
0.077
0.098
0.099
0.085
0.045
0.003
-0.043
-0.07
-0.088
-0.101
-0.106
-0.101
-0.086
-0.061
-0.037
-0.028
-0.022
-0.018
-0.017
-0.018
-0.021
-0.024
-0.026
-0.028
-0.03
-0.034
-0.04
-0.048
-0.06
-0.083
-0.117
-0.141
-0.158
-0.169
-0.177
-0.184
-0.188
-0.185
-0.178
-0.17
-0.162
-0.162
-0.176
-0.188
-0.198
-0.205
-0.204
-0.197
-0.188
-0.182
-0.176
-0.171
-0.169
-0.172
-0.18
-0.192
-0.211
-0.244
-0.276
-0.3
-0.31
-0.317
-0.322
-0.322
-0.316
-0.307
-0.29
-0.271
-0.265
-0.261
-0.257
-0.255
-0.254
-0.255
-0.258
-0.262
-0.265
-0.269
-0.277
-0.277
-0.268
-0.263
-0.258
-0.253
-0.248
-0.242
-0.237
-0.233
-0.227
-0.221
-0.217
-0.217
-0.222
-0.229
-0.237
-0.244
-0.254
-0.259
-0.251
-0.238
-0.224
-0.206
-0.193
-0.182
-0.172
-0.164
-0.158
-0.154
-0.15
-0.146
-0.144
-0.142
-0.144
-0.15
-0.157
-0.165
-0.171
-0.177
-0.184
-0.191
-0.198
-0.205
-0.211
-0.216
-0.221
-0.227
-0.235
-0.242
-0.248
-0.251
-0.252
-0.254
-0.256
-0.259
-0.262
-0.261
-0.254
-0.242
-0.223
-0.193
-0.176
-0.166
-0.159
-0.156
-0.159
-0.167
-0.176
-0.182
-0.188
-0.193
-0.197
-0.201
-0.204
-0.205
-0.205
-0.204
-0.201
-0.198
-0.194
-0.19
-0.184
-0.177
-0.168
-0.159
-0.154
-0.146
-0.12
-0.078
-0.005
0.106
0.259
0.435
0.601
0.701
0.704
0.616
0.401
0.132
-0.112
-0.247
-0.265
-0.226
-0.134
-0.082
-0.065
-0.082
-0.101
-0.115
-0.113
-0.092
-0.081
-0.075
-0.069
-0.065
-0.062
-0.059
-0.057
-0.054
-0.051
-0.047
-0.044
-0.04
-0.037
-0.035
-0.033
-0.03
-0.024
-0.016
-0.009
-0.002
0.002
0.005
0.006
0.007
0.008
0.01
0.012
0.014
0.015
0.018
0.021
0.024
0.026
0.028
0.029
0.032
0.037
0.044
0.063
0.099
0.119
0.13
0.138
0.144
0.149
0.154
0.158
0.163
0.169
0.178
0.192
0.215
0.24
0.251
0.259
0.263
0.258
0.248
0.243
0.24
0.238
0.237
0.236
0.234
0.232
0.229
0.226
0.223
0.221
0.218
0.216
0.214
0.212
0.208
0.203
0.188
0.158
0.132
0.1
0.075
0.062
0.051
0.041
0.032
0.024
0.015
0.005
-0.003
-0.012
-0.024
-0.045
-0.079
-0.107
-0.126
-0.126
-0.109
-0.082
-0.054
-0.043
-0.036
-0.031
-0.029
-0.03
-0.037
-0.044
-0.051
-0.056
-0.061
-0.066
-0.07
-0.073
-0.073
-0.07
-0.065
-0.059
-0.054
-0.05
-0.048
-0.045
-0.041
-0.037
-0.034
-0.03
-0.027
-0.024
-0.021
-0.018
-0.016
-0.015
-0.015
-0.015
-0.016
-0.018
-0.021
-0.024
-0.027
-0.03
-0.031
-0.032
-0.033
-0.035
-0.036
-0.039
-0.041
-0.044
-0.046
-0.048
-0.049
-0.051
-0.051
-0.051
-0.051
-0.052
-0.052
-0.053
-0.054
-0.056
-0.057
-0.059
-0.061
-0.064
-0.066
-0.069
-0.072
-0.074
-0.076
-0.077
-0.079
-0.081
-0.082
-0.084
-0.086
-0.089
-0.092
-0.095
-0.098
-0.101
-0.105
-0.108
-0.109
-0.109
-0.108
-0.106
-0.103
-0.099
-0.097
-0.095
-0.092
-0.09
-0.088
-0.087
-0.087
-0.088
-0.089
-0.09
-0.09
-0.088
-0.086
-0.083
-0.08
-0.076
-0.07
-0.063
-0.056
-0.048
-0.042
-0.037
-0.032
-0.026
-0.019
-0.011
-0.005
-0.001
0.001
0.002
0.0
-0.002
-0.005
-0.009
-0.014
-0.019
-0.023
-0.026
-0.03
-0.034
-0.039
-0.044
-0.05
-0.055
-0.059
-0.063
-0.065
-0.067
-0.069
-0.07
-0.072
