-0.032
-0.035
-0.041
-0.04
-0.031
-0.025
-0.02
-0.016
-0.013
-0.012
-0.012
-0.013
-0.014
-0.014
-0.016
-0.019
-0.019
-0.016
-0.013
-0.011
-0.01
-0.009
-0.009
-0.011
-0.016
-0.022
-0.027
-0.03
-0.033
-0.036
-0.039
-0.042
-0.045
-0.048
-0.051
-0.053
-0.055
-0.056
-0.056
-0.056
-0.055
-0.055
-0.053
-0.052
-0.051
-0.049
-0.048
-0.047
-0.045
-0.042
-0.039
-0.036
-0.033
-0.03
-0.024
-0.018
-0.013
-0.01
-0.008
-0.007
-0.006
-0.005
-0.002
0.0
0.001
0.002
0.0
-0.001
-0.003
-0.005
-0.008
-0.01
-0.008
-0.005
-0.002
0.001
0.005
0.006
0.001
-0.005
-0.012
-0.019
-0.024
-0.024
-0.018
-0.011
-0.006
0.0
0.005
0.008
0.007
0.003
-0.002
-0.011
-0.022
-0.028
-0.035
-0.041
-0.027
-0.017
-0.011
-0.005
-0.001
0.0
-0.001
-0.005
-0.011
-0.018
-0.026
-0.037
-0.043
-0.039
-0.03
-0.025
-0.022
-0.018
-0.014
-0.009
-0.005
0.0
0.004
0.009
0.015
0.021
0.026
0.031
0.035
0.038
0.041
0.044
0.046
0.048
0.049
0.048
0.044
0.039
0.034
0.028
0.022
0.015
0.008
0.001
-0.004
-0.007
-0.01
-0.013
-0.016
-0.021
-0.025
-0.03
-0.035
-0.039
-0.041
-0.042
-0.044
-0.046
-0.049
-0.051
-0.053
-0.055
-0.055
-0.056
-0.055
-0.055
-0.054
-0.052
-0.049
-0.046
-0.042
-0.038
-0.033
-0.008
0.058
0.159
0.284
0.408
0.492
0.499
0.447
0.295
0.105
-0.064
-0.154
-0.164
-0.123
-0.037
0.023
0.045
0.044
0.029
0.023
0.019
0.016
0.014
0.013
0.012
0.011
0.009
0.007
0.004
0.002
0.001
0.0
0.0
0.0
0.0
0.0
0.0
0.001
0.002
0.003
0.004
0.005
0.006
0.007
0.007
0.008
0.008
0.009
0.009
0.009
0.009
0.011
0.012
0.014
0.016
0.018
0.02
0.023
0.025
0.027
0.029
0.032
0.035
0.038
0.042
0.048
0.055
0.061
0.067
0.073
0.079
0.083
0.087
0.091
0.094
0.097
0.1
0.103
0.105
0.107
0.108
0.109
0.11
0.111
0.112
0.113
0.114
0.116
0.118
0.12
0.122
0.123
0.121
0.117
0.112
0.105
0.099
0.093
0.086
0.078
0.07
0.062
0.055
0.05
0.046
0.042
0.038
0.034
0.031
0.028
0.026
0.024
0.023
0.022
0.021
0.02
0.02
0.02
0.02
0.02
0.019
0.017
0.016
0.023
0.036
0.047
0.058
0.067
0.073
0.078
0.081
0.083
0.085
0.087
0.088
0.089
0.089
0.089
0.09
0.09
0.09
0.09
0.089
0.089
0.088
0.087
0.087
0.087
0.087
0.087
0.087
0.087
0.086
0.085
0.085
0.084
0.084
0.084
0.084
0.084
0.083
0.083
0.083
0.083
0.083
0.082
0.082
0.081
0.08
0.079
0.078
0.077
0.075
0.075
0.074
0.073
0.072
0.07
0.069
0.067
0.066
0.066
0.065
0.064
0.063
0.062
0.061
0.061
0.061
0.059
0.058
0.056
0.054
0.053
0.052
0.052
0.054
0.056
0.06
0.065
0.071
0.077
0.083
0.09
0.102
0.114
0.121
0.127
0.132
0.136
0.14
0.141
0.138
0.131
0.123
0.113
0.101
0.086
0.069
0.057
0.047
0.039
0.031
0.023
0.016
0.01
0.005
0.002
0.0
-0.002
-0.003
-0.004
-0.005
-0.006
-0.008
-0.01
-0.013
-0.017
-0.019
-0.021
-0.022
-0.024
-0.026
-0.029
-0.031
-0.036
-0.047
-0.052
-0.046
-0.029
0.014
0.103
0.22
0.342
0.432
0.443
0.411
0.282
0.107
-0.068
-0.2
-0.24
-0.234
-0.164
-0.087
-0.052
-0.039
-0.043
-0.06
-0.067
-0.071
-0.074
-0.077
-0.079
-0.082
-0.084
-0.085
-0.087
-0.089
-0.091
-0.092
-0.093
-0.093
-0.091
-0.089
-0.086
-0.083
-0.08
-0.078
-0.074
-0.071
-0.068
-0.065
-0.063
-0.061
-0.059
-0.057
-0.055
-0.052
-0.049
-0.047
-0.044
-0.041
-0.038
-0.034
-0.031
-0.027
-0.024
-0.022
-0.019
-0.016
-0.014
-0.011
-0.009
-0.007
-0.004
0.0
0.002
0.007
0.011
0.015
0.018
0.021
0.023
0.027
0.03
0.034
0.038
0.043
0.049
0.053
0.058
0.062
0.066
0.07
0.074
0.079
0.084
0.088
0.09
0.089
0.086
0.082
0.076
0.067
0.045
0.028
0.019
0.012
0.007
0.003
0.0
-0.007
-0.021
-0.038
-0.056
-0.069
-0.076
-0.081
-0.082
-0.083
-0.082
-0.082
-0.082
-0.083
-0.083
-0.084
-0.085
-0.085
-0.086
-0.087
-0.087
-0.087
-0.087
-0.085
-0.084
-0.084
-0.084
-0.084
-0.084
-0.084
-0.084
-0.084
-0.084
-0.085
-0.085
-0.084
-0.083
-0.084
-0.091
-0.099
-0.102
-0.104
-0.106
-0.107
-0.109
-0.11
-0.112
-0.114
-0.115
-0.115
-0.116
-0.117
-0.118
-0.118
-0.118
-0.118
-0.116
-0.115
-0.113
-0.112
-0.111
-0.11
-0.109
-0.109
-0.109
-0.109
-0.109
-0.109
-0.109
-0.108
-0.106
-0.105
-0.105
-0.106
-0.107
-0.107
-0.107
-0.108
-0.109
-0.11
-0.111
-0.112
-0.113
-0.113
-0.113
-0.112
-0.11
-0.107
-0.103
-0.099
-0.095
-0.09
-0.081
-0.071
-0.06
-0.047
-0.033
-0.019
-0.008
0.0
0.006
0.012
0.016
0.019
0.022
0.024
0.027
0.028
0.028
0.026
0.022
0.016
0.009
0.0
-0.015
-0.024
-0.031
-0.036
-0.041
-0.046
-0.051
-0.054
-0.058
-0.062
-0.065
-0.066
-0.065
-0.062
-0.059
-0.057
-0.054
-0.052
-0.049
-0.047
-0.046
-0.045
-0.047
-0.05
-0.054
-0.059
-0.065
-0.076
-0.081
-0.085
-0.09
-0.087
-0.057
0.001
0.096
0.222
0.356
0.464
0.507
0.458
0.319
0.126
-0.06
-0.186
-0.229
-0.191
-0.107
-0.026
0.011
0.024
0.015
0.0
-0.02
-0.036
-0.046
-0.05
-0.046
-0.037
-0.025
-0.012
-0.011
-0.01
-0.01
-0.009
-0.009
-0.008
-0.008
-0.006
-0.003
0.0
0.002
0.004
0.006
0.007
0.009
0.011
0.013
0.016
0.019
0.022
0.025
0.029
0.033
0.039
0.052
0.06
0.064
0.067
0.069
0.071
0.073
0.076
0.08
0.083
0.087
0.09
0.095
0.101
0.113
0.121
0.126
0.128
0.13
0.132
0.133
0.135
0.137
0.14
0.143
0.146
0.15
0.154
0.158
0.163
0.169
0.178
0.187
0.192
0.194
0.196
0.199
0.201
0.203
0.204
0.203
0.197
0.19
0.181
0.168
0.156
0.144
0.132
0.121
0.109
0.098
0.095
0.093
0.092
0.091
0.09
0.089
0.087
0.085
0.082
0.079
0.075
0.072
0.069
0.067
0.065
0.063
0.061
0.058
0.055
0.053
0.05
0.048
0.046
0.044
0.042
0.041
0.04
0.04
0.039
0.038
0.037
0.035
0.033
0.032
0.031
0.029
0.028
0.026
0.024
0.022
0.021
0.019
0.017
0.015
0.012
0.01
0.005
-0.005
-0.008
-0.008
-0.008
-0.009
-0.009
-0.009
-0.01
-0.01
-0.011
-0.012
-0.013
-0.016
-0.018
-0.021
-0.023
-0.026
-0.029
-0.032
-0.036
-0.039
-0.041
-0.044
-0.046
-0.049
-0.051
-0.053
-0.055
-0.057
-0.058
-0.059
-0.059
-0.059
-0.059
-0.06
-0.06
-0.059
-0.059
-0.058
-0.057
-0.056
-0.055
-0.054
-0.053
-0.051
-0.049
-0.047
-0.044
-0.042
-0.038
-0.034
-0.029
-0.022
-0.01
0.0
0.007
0.013
0.017
0.017
0.013
0.009
0.005
0.002
0.0
-0.003
-0.008
-0.013
-0.019
-0.027
-0.038
-0.047
-0.055
-0.068
-0.084
-0.094
-0.099
-0.103
-0.108
-0.114
-0.118
-0.122
-0.126
-0.13
-0.133
-0.134
-0.135
-0.134
-0.134
-0.132
-0.131
-0.129
-0.126
-0.127
-0.137
-0.148
-0.159
-0.163
-0.168
-0.163
-0.13
-0.069
0.017
0.123
0.236
0.334
0.374
0.366
0.286
0.138
-0.029
-0.159
-0.211
-0.213
-0.174
-0.117
-0.095
-0.088
-0.1
-0.115
-0.126
-0.115
-0.107
-0.103
-0.099
-0.096
-0.093
-0.092
-0.091
-0.091
-0.09
-0.088
-0.087
-0.085
-0.084
-0.083
-0.083
-0.082
-0.08
-0.077
-0.074
-0.072
-0.069
-0.067
-0.065
-0.064
-0.062
-0.06
-0.058
-0.055
-0.052
-0.05
-0.047
-0.043
-0.039
-0.03
-0.011
0.0
0.005
0.008
0.011
0.013
0.015
0.016
0.018
0.02
0.021
0.022
0.024
0.026
0.028
0.03
0.033
0.035
0.038
0.04
0.043
0.048
0.056
0.067
0.073
0.076
0.077
0.079
0.08
0.081
0.082
0.083
0.083
0.082
0.081
0.079
0.077
0.074
0.069
0.06
0.041
0.025
0.012
0.001
-0.006
-0.011
-0.015
-0.018
-0.022
-0.027
-0.031
-0.034
-0.037
-0.04
-0.043
-0.046
-0.049
-0.051
-0.052
-0.052
-0.052
-0.052
-0.052
-0.053
-0.053
-0.053
-0.052
-0.051
-0.051
-0.051
-0.051
-0.052
-0.052
-0.052
-0.052
-0.052
-0.053
-0.054
-0.055
-0.055
-0.055
-0.055
-0.056
-0.057
-0.058
-0.058
-0.058
-0.058
-0.058
-0.058
-0.059
-0.061
-0.062
-0.063
-0.063
-0.064
-0.066
-0.068
-0.07
-0.071
-0.072
-0.073
-0.073
-0.074
-0.075
-0.076
-0.077
-0.077
-0.077
-0.076
-0.076
-0.076
-0.075
-0.073
-0.071
-0.068
-0.067
-0.066
-0.065
-0.064
-0.063
-0.062
-0.061
-0.061
-0.062
-0.062
-0.062
-0.061
-0.061
-0.061
-0.061
-0.061
-0.061
-0.061
-0.061
-0.06
-0.06
-0.06
-0.059
-0.058
-0.056
-0.055
-0.054
-0.052
-0.049
-0.046
-0.04
-0.025
-0.014
0.0
0.017
0.032
0.052
0.068
0.079
0.083
0.082
0.082
0.081
0.081
0.081
0.081
0.078
0.072
0.065
0.061
0.056
0.052
0.047
0.042
0.037
0.032
0.028
0.024
0.021
0.019
0.017
0.016
0.015
0.014
0.013
0.012
0.011
0.009
0.007
0.005
0.004
0.003
0.002
0.001
0.0
0.0
-0.002
-0.003
-0.005
-0.01
-0.021
-0.021
-0.006
0.033
0.103
0.202
0.326
0.451
0.542
0.553
0.515
0.373
0.185
0.008
-0.108
-0.142
-0.1
-0.02
0.05
0.074
0.08
0.084
0.086
0.087
0.086
0.083
0.079
0.075
0.072
0.07
0.068
0.066
0.064
0.062
0.061
0.06
0.059
0.058
0.058
0.059
0.059
0.06
0.062
0.063
0.065
0.067
0.068
0.069
0.07
0.072
0.075
0.079
0.082
0.086
0.091
0.094
0.097
0.099
0.101
0.102
0.103
0.104
0.105
0.106
0.108
0.11
0.112
0.114
0.115
0.117
0.118
0.12
0.121
0.122
0.124
0.126
0.129
0.132
0.136
0.14
0.144
0.146
0.149
0.152
0.154
0.156
0.157
0.159
0.161
0.163
0.165
0.165
0.164
0.162
0.158
0.155
0.151
0.147
0.141
0.133
0.126
0.118
0.103
0.085
0.075
0.07
0.065
0.058
0.051
0.044
0.037
0.031
0.025
0.02
0.015
0.01
0.007
0.003
-0.001
-0.008
-0.014
-0.02
-0.025
-0.027
-0.029
-0.03
-0.032
-0.033
-0.035
-0.035
-0.036
-0.036
-0.037
-0.038
-0.039
-0.04
-0.041
-0.041
-0.042
-0.043
-0.045
-0.046
-0.048
-0.05
-0.053
-0.06
-0.067
-0.074
-0.077
-0.079
-0.08
-0.082
-0.084
-0.085
-0.086
-0.087
-0.087
-0.088
-0.089
-0.089
-0.09
-0.091
-0.092
-0.093
-0.094
-0.094
-0.095
-0.097
-0.098
-0.103
-0.114
-0.119
-0.122
-0.123
-0.125
-0.126
-0.127
-0.127
-0.127
-0.127
-0.127
-0.127
-0.127
-0.127
-0.126
-0.125
-0.125
-0.125
-0.126
-0.127
-0.127
-0.127
-0.127
-0.127
-0.127
-0.127
-0.127
-0.126
-0.125
-0.123
-0.122
-0.121
-0.119
-0.117
-0.115
-0.111
-0.104
-0.096
-0.089
-0.082
-0.075
-0.066
-0.055
-0.038
-0.016
-0.005
0.0
0.004
0.007
0.009
0.01
0.011
0.01
0.008
0.007
0.004
0.002
-0.001
-0.008
-0.024
-0.041
-0.056
-0.064
-0.068
-0.07
-0.072
-0.074
-0.075
-0.076
-0.077
-0.078
-0.079
-0.08
-0.081
-0.083
-0.085
-0.09
-0.089
-0.081
-0.074
-0.068
-0.065
-0.069
-0.076
-0.088
-0.102
-0.112
-0.118
-0.109
-0.081
-0.021
0.069
0.184
0.31
0.421
0.467
0.457
0.36
0.186
-0.007
-0.166
-0.227
-0.226
-0.158
-0.072
-0.024
-0.007
-0.007
-0.018
-0.027
-0.034
-0.039
-0.041
-0.041
-0.041
-0.042
-0.043
-0.044
-0.046
-0.047
-0.047
-0.044
-0.042
-0.04
-0.038
-0.037
-0.034
-0.031
-0.027
-0.023
-0.018
-0.014
-0.012
-0.01
-0.008
-0.005
-0.003
-0.002
-0.002
-0.001
0.0
0.0
0.0
0.0
0.0
0.0
-0.001
-0.001
-0.001
-0.001
-0.002
-0.001
0.005
0.012
0.017
0.023
0.03
0.039
0.044
0.048
0.052
0.056
0.059
0.062
0.064
0.066
0.067
0.069
0.072
0.077
0.085
0.096
0.104
0.11
0.114
0.117
0.117
0.118
0.118
0.119
0.12
0.121
0.12
0.116
0.111
0.106
0.099
0.092
0.081
0.065
0.045
0.036
0.032
0.029
0.027
0.025
0.023
0.022
0.021
0.02
0.02
0.02
0.02
0.02
0.018
0.015
0.014
0.019
0.027
0.029
0.031
0.032
0.034
0.035
0.036
0.037
0.038
0.038
0.039
0.04
0.04
0.04
0.04
0.039
0.039
0.039
0.038
0.038
0.037
0.036
0.036
0.036
0.036
0.036
0.036
0.036
0.036
0.035
0.035
0.035
0.035
0.035
0.035
0.034
0.034
0.034
0.034
0.034
0.034
0.033
0.033
0.032
0.03
0.029
0.028
0.026
0.024
0.023
0.021
0.02
0.019
0.018
0.016
0.014
0.011
0.008
0.005
0.004
0.004
0.006
0.009
0.012
0.015
0.02
0.025
0.025
0.021
0.016
0.012
0.008
0.004
0.002
0.001
0.001
0.003
0.006
0.01
0.015
0.024
0.034
0.041
0.045
0.05
0.055
0.06
0.065
0.072
0.082
0.09
0.098
0.107
0.114
0.121
0.128
0.127
0.119
0.111
0.103
0.096
0.089
0.077
0.06
0.042
0.025
0.009
-0.005
-0.018
-0.034
-0.042
-0.045
-0.047
-0.048
-0.049
-0.05
-0.051
-0.052
-0.054
-0.055
-0.056
-0.058
-0.058
-0.059
-0.059
-0.059
-0.059
-0.06
-0.062
-0.067
-0.071
-0.068
-0.057
-0.027
0.042
0.145
0.269
0.384
0.45
0.452
0.394
0.251
0.063
-0.114
-0.233
-0.267
-0.228
-0.149
-0.077
-0.054
-0.046
-0.059
-0.066
-0.07
-0.073
-0.075
-0.077
-0.078
-0.079
-0.08
-0.08
-0.081
-0.081
-0.081
-0.08
-0.079
-0.078
-0.077
-0.077
-0.076
-0.075
-0.074
-0.072
-0.071
-0.069
-0.067
-0.065
-0.062
-0.058
-0.052
-0.046
-0.041
-0.037
-0.032
-0.028
-0.025
-0.022
-0.02
-0.019
-0.017
-0.014
-0.01
-0.006
0.0
0.008
0.012
0.016
0.019
0.022
0.024
0.026
0.028
0.029
0.031
0.032
0.035
0.041
0.053
0.059
0.061
0.063
0.064
0.066
0.067
0.069
0.072
0.074
0.077
0.08
0.082
0.084
0.087
0.091
0.096
0.099
0.101
0.1
0.096
0.09
0.084
0.077
0.066
0.058
0.05
0.041
0.029
0.017
0.01
0.004
0.0
-0.003
-0.007
-0.01
-0.014
-0.017
-0.022
-0.029
-0.035
-0.04
-0.043
-0.046
-0.049
-0.05
-0.051
-0.051
-0.05
-0.049
-0.047
-0.047
-0.046
-0.045
-0.044
-0.044
-0.043
-0.043
-0.042
-0.042
-0.043
-0.045
-0.046
-0.048
-0.05
-0.052
-0.053
-0.054
-0.055
-0.056
-0.056
-0.057
-0.057
-0.058
-0.058
-0.059
-0.06
-0.06
-0.06
-0.06
-0.06
-0.061
-0.061
-0.061
-0.06
-0.059
-0.058
-0.058
-0.058
-0.057
-0.057
-0.057
-0.056
-0.057
-0.057
-0.058
-0.058
-0.057
-0.056
-0.055
-0.054
-0.052
-0.051
-0.049
-0.047
-0.044
-0.042
-0.041
-0.04
-0.039
-0.038
-0.036
-0.034
-0.031
-0.029
-0.026
-0.024
-0.022
-0.019
-0.016
-0.013
-0.007
0.003
0.013
0.024
0.035
0.047
0.055
0.06
0.064
0.068
0.071
0.073
0.074
0.076
0.077
0.08
0.084
0.083
0.072
0.057
0.038
0.024
0.016
0.005
-0.008
-0.018
-0.025
-0.032
-0.037
-0.041
-0.045
-0.048
-0.051
-0.053
-0.055
-0.057
-0.059
-0.061
-0.062
-0.063
-0.065
-0.067
-0.069
-0.071
-0.074
-0.08
-0.093
-0.107
-0.12
-0.129
-0.135
-0.138
-0.134
-0.122
-0.087
-0.017
0.082
0.198
0.306
0.364
0.363
0.297
0.151
-0.021
-0.17
-0.24
-0.242
-0.187
-0.106
-0.065
-0.052
-0.069
-0.101
-0.115
-0.118
-0.12
-0.114
-0.109
-0.106
-0.104
-0.103
-0.102
-0.101
-0.1
-0.098
-0.096
-0.093
-0.091
-0.09
-0.089
-0.088
-0.086
-0.083
-0.08
-0.077
-0.074
-0.071
-0.067
-0.063
-0.06
-0.057
-0.055
-0.052
-0.049
-0.046
-0.042
-0.039
-0.035
-0.032
-0.03
-0.028
-0.026
-0.023
-0.021
-0.019
-0.012
0.0
0.004
0.006
0.008
0.01
0.012
0.014
0.016
0.021
0.026
0.032
0.036
0.04
0.043
0.045
0.048
0.051
0.055
0.058
0.06
0.062
0.062
0.062
0.062
0.062
0.061
0.059
0.057
0.055
0.053
0.051
0.049
0.047
0.043
0.038
0.033
0.027
0.021
0.012
0.0
-0.01
-0.021
-0.031
-0.038
-0.04
-0.042
-0.045
-0.047
-0.049
-0.05
-0.051
-0.051
-0.05
-0.05
-0.05
-0.049
-0.048
-0.046
-0.045
-0.044
-0.043
-0.043
-0.043
-0.043
-0.042
-0.042
-0.042
-0.041
-0.039
-0.038
-0.036
-0.035
-0.034
-0.033
-0.033
-0.032
-0.031
-0.031
-0.029
-0.028
-0.026
-0.019
-0.005
0.004
0.011
0.014
0.013
0.011
0.01
0.009
0.008
0.007
0.007
0.008
0.012
0.016
0.02
0.023
0.025
0.027
0.029
0.032
0.034
0.036
0.038
0.04
0.042
0.043
0.044
0.045
0.046
0.047
0.048
0.049
0.05
0.052
0.054
0.056
0.056
0.056
0.054
0.053
0.051
0.049
0.047
0.044
0.04
0.038
0.039
0.043
0.048
0.053
0.063
0.075
0.085
0.091
0.097
0.102
0.106
0.111
0.119
0.137
0.157
0.17
0.174
0.177
0.179
0.181
0.181
0.178
0.171
0.162
0.15
0.133
0.124
0.116
0.109
0.101
0.094
0.081
0.064
0.053
0.047
0.041
0.032
0.023
0.018
0.014
0.011
0.007
0.005
0.002
0.0
-0.002
-0.003
-0.005
-0.006
-0.008
-0.01
-0.014
-0.022
-0.032
-0.041
-0.048
-0.052
-0.048
-0.036
-0.004
0.063
0.161
0.275
0.382
0.443
0.444
0.391
0.26
0.097
-0.058
-0.15
-0.161
-0.126
-0.046
-0.003
0.01
-0.004
-0.022
-0.036
-0.037
-0.025
-0.016
-0.009
-0.003
-0.001
-0.003
-0.007
-0.011
-0.013
-0.015
-0.017
-0.019
-0.02
-0.021
-0.022
-0.022
-0.022
-0.021
-0.02
-0.018
-0.016
-0.014
-0.011
-0.01
-0.009
-0.008
-0.007
-0.005
-0.004
-0.002
-0.002
-0.001
0.0
0.0
0.0
0.001
0.001
0.002
0.003
0.003
0.004
0.006
0.007
0.009
0.01
0.011
0.012
0.013
0.014
0.017
0.019
0.022
0.025
0.027
0.029
0.032
0.035
0.038
0.041
0.043
0.044
0.045
0.047
0.049
0.051
0.052
0.053
0.054
0.054
0.053
0.053
0.051
0.049
0.045
0.041
0.032
0.012
-0.004
-0.015
-0.022
-0.026
-0.028
-0.03
-0.032
-0.033
-0.035
-0.037
-0.04
-0.043
-0.046
-0.05
-0.055
-0.062
-0.068
-0.068
-0.061
-0.054
-0.048
-0.042
-0.037
-0.032
-0.028
-0.025
-0.022
-0.021
-0.02
-0.019
-0.018
-0.017
-0.017
-0.016
-0.016
-0.016
-0.014
-0.013
-0.011
-0.01
-0.009
-0.008
-0.006
-0.004
-0.002
0.0
0.002
0.005
0.011
0.017
0.022
0.024
0.026
0.027
0.027
0.028
0.029
0.031
0.032
0.034
0.034
0.034
0.034
0.034
0.034
0.034
0.033
0.031
0.03
0.029
0.029
0.029
0.029
0.029
0.029
0.029
0.029
0.028
0.028
0.026
0.025
0.024
0.023
0.022
0.021
0.021
0.021
0.021
0.022
0.024
0.026
0.028
0.03
0.032
0.034
0.038
0.047
0.06
0.078
0.097
0.109
0.117
0.124
0.131
0.136
0.141
0.145
0.146
0.144
0.14
0.134
0.129
0.124
0.118
0.111
0.102
0.087
0.064
0.049
0.039
0.031
0.025
0.015
-0.002
-0.012
-0.015
-0.018
-0.019
-0.02
-0.021
-0.022
-0.023
-0.024
-0.025
-0.027
-0.028
-0.029
-0.029
-0.029
-0.029
-0.03
-0.03
-0.03
-0.03
-0.032
-0.037
-0.035
-0.017
0.03
0.113
0.223
0.343
0.449
0.495
0.488
0.403
0.232
0.031
-0.142
-0.233
-0.242
-0.197
-0.103
-0.018
0.014
0.024
0.002
-0.01
-0.015
-0.021
-0.025
-0.028
-0.03
-0.033
-0.034
-0.035
-0.036
-0.035
-0.035
-0.033
-0.03
-0.028
-0.026
-0.024
-0.023
-0.022
-0.021
-0.02
-0.019
-0.019
-0.018
-0.017
-0.016
-0.015
-0.013
-0.012
-0.011
-0.01
-0.009
-0.008
-0.007
-0.005
-0.004
-0.003
-0.001
0.0
0.005
0.011
0.016
0.02
0.024
0.027
0.03
0.034
0.038
0.043
0.047
0.051
0.056
0.061
0.066
0.07
0.071
0.072
0.072
0.074
0.077
0.078
0.074
0.069
0.064
0.076
0.087
0.095
0.102
0.106
0.11
0.114
0.121
0.121
0.112
0.098
0.081
0.069
0.059
0.048
0.039
0.034
0.029
0.023
0.019
0.014
0.009
0.003
-0.002
-0.007
-0.013
-0.021
-0.031
-0.037
-0.04
-0.042
-0.045
-0.046
-0.046
-0.045
-0.043
-0.042
-0.041
-0.039
-0.036
-0.036
-0.04
-0.046
-0.054
-0.064
-0.074
-0.078
-0.081
-0.084
-0.087
-0.09
-0.092
-0.094
-0.095
-0.097
-0.098
-0.1
-0.101
-0.101
-0.102
-0.104
-0.107
-0.11
-0.112
-0.112
-0.11
-0.108
-0.106
-0.104
-0.102
-0.099
-0.098
-0.098
-0.102
-0.107
-0.113
-0.122
-0.125
-0.126
-0.128
-0.13
-0.125
-0.123
-0.122
-0.122
-0.121
-0.121
-0.12
-0.12
-0.119
-0.118
-0.118
-0.117
-0.116
-0.116
-0.116
-0.115
-0.115
-0.115
-0.114
-0.114
-0.113
-0.112
-0.111
-0.109
-0.106
-0.103
-0.099
-0.095
-0.089
-0.082
-0.075
-0.066
-0.056
-0.048
-0.044
-0.04
-0.033
-0.018
-0.007
-0.001
0.002
0.005
0.006
0.006
0.003
0.0
-0.005
-0.012
-0.023
-0.033
-0.04
-0.044
-0.049
-0.055
-0.061
-0.066
-0.07
-0.073
-0.077
-0.08
-0.082
-0.083
-0.082
-0.08
-0.078
-0.076
-0.074
-0.073
-0.069
-0.066
-0.064
-0.064
-0.066
-0.071
-0.076
-0.082
-0.09
-0.095
-0.092
-0.083
-0.058
-0.008
0.068
0.172
0.289
0.39
0.44
0.413
0.304
0.135
-0.045
-0.182
-0.227
-0.224
-0.169
-0.104
-0.074
-0.064
-0.069
-0.076
-0.081
-0.069
-0.06
-0.054
-0.049
-0.045
-0.044
-0.045
-0.047
-0.049
-0.052
-0.054
-0.057
-0.059
-0.061
-0.059
-0.055
-0.049
-0.043
-0.036
-0.029
-0.023
-0.018
-0.014
-0.011
-0.008
-0.005
-0.003
0.0
0.002
0.005
0.008
0.011
0.015
0.02
0.025
0.029
0.033
0.037
0.042
0.048
0.055
0.063
0.073
0.078
0.08
0.083
0.085
0.087
0.089
0.091
0.093
0.095
0.097
0.099
0.101
0.104
0.107
0.11
0.115
0.12
0.125
0.129
0.133
0.141
0.154
0.16
0.164
0.167
0.169
0.169
0.168
0.165
0.159
0.151
0.137
0.115
0.104
0.099
0.094
0.091
0.087
0.083
0.079
0.074
0.066
0.054
0.043
0.038
0.035
0.033
0.032
0.03
0.029
0.028
0.027
0.026
0.025
0.022
0.02
0.018
0.017
0.017
0.016
0.015
0.014
0.012
0.01
0.008
0.005
0.002
0.0
-0.003
-0.006
-0.009
-0.011
-0.013
-0.015
-0.018
-0.021
-0.026
-0.032
-0.038
-0.044
-0.05
-0.055
-0.059
-0.064
-0.069
-0.073
-0.077
-0.083
-0.091
-0.095
-0.093
-0.09
-0.089
-0.086
-0.084
-0.083
-0.085
-0.089
-0.093
-0.099
-0.107
-0.11
-0.112
-0.115
-0.118
-0.117
-0.11
-0.106
-0.103
-0.102
-0.101
-0.099
-0.098
-0.097
-0.095
-0.092
-0.09
-0.089
-0.087
-0.086
-0.084
-0.082
-0.08
-0.077
-0.072
-0.066
-0.061
-0.055
-0.05
-0.044
-0.038
-0.032
-0.026
-0.021
-0.015
-0.009
0.004
0.017
0.021
0.024
0.027
0.029
0.03
0.027
0.022
0.018
0.014
0.011
0.009
0.005
0.001
-0.003
-0.009
-0.014
-0.02
-0.027
-0.036
-0.046
-0.053
-0.059
-0.067
-0.077
-0.078
-0.069
-0.063
-0.056
-0.053
-0.058
-0.066
-0.071
-0.076
-0.08
-0.083
-0.084
-0.085
-0.083
-0.082
-0.08
-0.077
-0.072
-0.053
-0.01
0.059
0.155
0.265
0.364
0.406
0.4
0.323
0.181
0.022
-0.11
-0.18
-0.189
-0.162
-0.095
-0.035
-0.015
-0.009
-0.021
-0.041
-0.058
-0.063
-0.066
-0.068
-0.069
-0.07
-0.07
-0.069
-0.069
-0.068
-0.066
-0.064
-0.061
-0.057
-0.051
-0.039
-0.032
-0.027
-0.024
-0.021
-0.02
-0.021
-0.022
-0.023
-0.024
-0.025
-0.026
-0.025
-0.019
-0.013
-0.01
-0.008
-0.006
-0.005
-0.005
-0.004
-0.003
-0.001
0.0
0.002
0.004
0.006
0.007
0.008
0.01
0.011
0.013
0.014
0.015
0.017
0.02
0.024
0.027
0.03
0.03
0.029
0.027
0.024
0.023
0.019
0.013
0.014
0.026
0.034
0.039
0.044
0.049
