-0.027
-0.034
-0.043
-0.053
-0.062
-0.066
-0.067
-0.064
-0.06
-0.055
-0.048
-0.039
-0.025
-0.013
-0.004
0.003
0.011
0.017
0.02
0.018
0.013
0.006
0.001
-0.006
-0.011
-0.012
-0.005
0.004
0.014
0.027
0.036
0.042
0.045
0.047
0.049
0.05
0.052
0.052
0.052
0.053
0.054
0.055
0.056
0.057
0.057
0.059
0.061
0.064
0.067
0.071
0.075
0.086
0.115
0.131
0.14
0.147
0.152
0.155
0.159
0.163
0.166
0.168
0.171
0.173
0.176
0.178
0.18
0.182
0.184
0.185
0.187
0.187
0.186
0.184
0.181
0.176
0.172
0.167
0.162
0.157
0.152
0.147
0.141
0.135
0.128
0.121
0.115
0.111
0.109
0.108
0.108
0.107
0.106
0.106
0.106
0.106
0.106
0.105
0.103
0.1
0.098
0.097
0.095
0.093
0.089
0.085
0.075
0.056
0.045
0.037
0.034
0.039
0.051
0.059
0.066
0.072
0.076
0.076
0.073
0.068
0.061
0.046
0.029
0.022
0.018
0.016
0.023
0.036
0.043
0.048
0.053
0.057
0.059
0.061
0.061
0.059
0.055
0.049
0.041
0.025
0.003
-0.005
-0.009
-0.013
-0.015
-0.015
-0.011
-0.004
0.004
0.019
0.038
0.04
0.041
0.043
0.043
0.043
0.042
0.04
0.037
0.032
0.029
0.027
0.024
0.022
0.019
0.018
0.017
0.017
0.018
0.019
0.02
0.02
0.021
0.022
0.022
0.022
0.023
0.023
0.024
0.025
0.026
0.025
0.024
0.022
0.021
0.021
0.021
0.02
0.019
0.018
0.017
0.017
0.017
0.018
0.019
0.02
0.02
0.021
0.022
0.024
0.026
0.028
0.03
0.032
0.035
0.036
0.036
0.034
0.029
0.024
0.019
0.015
0.01
0.006
0.001
-0.001
-0.002
-0.002
-0.002
-0.001
0.0
0.003
0.009
0.015
0.02
0.024
0.03
0.037
0.043
0.047
0.05
0.052
0.055
0.057
0.06
0.063
0.067
0.072
0.079
0.089
0.101
0.09
0.054
0.026
0.016
0.015
0.02
0.027
0.032
0.023
0.01
0.0
0.018
0.032
0.041
0.048
0.053
0.056
0.059
0.063
0.069
0.078
0.079
0.076
0.075
0.073
0.072
0.071
0.072
0.072
0.073
0.073
0.073
0.072
0.071
0.071
0.071
0.069
0.066
0.063
0.058
0.052
0.046
0.03
-0.004
-0.037
-0.065
-0.104
-0.15
-0.216
-0.284
-0.339
-0.391
-0.445
-0.485
-0.499
-0.5
-0.49
-0.464
-0.414
-0.354
-0.298
-0.248
-0.216
-0.195
-0.184
-0.175
-0.165
-0.157
-0.148
-0.134
-0.114
-0.095
-0.076
-0.057
-0.037
-0.01
0.023
0.052
0.072
0.087
0.097
0.106
0.112
0.111
0.106
0.098
0.092
0.084
0.079
0.079
0.087
0.098
0.113
0.131
0.141
0.147
0.153
0.158
0.16
0.157
0.15
0.143
0.14
0.137
0.134
0.131
0.128
0.124
0.12
0.118
0.117
0.118
0.119
0.12
0.121
0.123
0.125
0.126
0.128
0.129
0.131
0.133
0.135
0.138
0.139
0.136
0.129
0.119
0.102
0.07
0.045
0.031
0.02
0.011
0.005
0.0
-0.005
-0.01
-0.015
-0.021
-0.028
-0.036
-0.044
-0.055
-0.068
-0.083
-0.094
-0.102
-0.109
-0.114
-0.119
-0.124
-0.129
-0.134
-0.139
-0.144
-0.149
-0.154
-0.158
-0.162
-0.164
-0.163
-0.161
-0.159
-0.156
-0.152
-0.146
-0.135
-0.134
-0.147
-0.159
-0.171
-0.17
-0.152
-0.124
-0.093
-0.077
-0.069
-0.062
-0.054
-0.047
-0.043
-0.04
-0.037
-0.035
-0.034
-0.033
-0.031
-0.03
-0.029
-0.028
-0.028
-0.03
-0.031
-0.033
-0.033
-0.032
-0.031
-0.03
-0.03
-0.03
-0.03
-0.03
-0.03
-0.03
-0.03
-0.03
-0.03
-0.03
-0.029
-0.027
-0.025
-0.023
-0.021
-0.019
-0.017
-0.015
-0.014
-0.012
-0.01
-0.006
0.001
0.007
0.004
0.0
-0.004
-0.008
-0.012
-0.014
-0.013
-0.012
-0.009
-0.005
0.0
0.01
0.012
0.006
0.001
-0.001
-0.005
-0.007
-0.006
-0.001
0.005
0.012
0.021
0.035
0.042
0.032
0.015
0.006
0.0
-0.005
-0.01
-0.014
-0.018
-0.021
-0.023
-0.024
-0.023
-0.022
-0.02
-0.016
-0.012
-0.007
0.0
0.012
0.044
0.071
0.086
0.097
0.106
0.112
0.115
0.116
0.118
0.119
0.119
0.12
0.12
0.121
0.121
0.122
0.122
0.122
0.123
0.123
0.123
0.122
0.122
0.122
0.121
0.121
0.122
0.123
0.125
0.128
0.133
0.132
0.118
0.107
0.1
0.094
0.088
0.083
0.077
0.069
0.06
0.056
0.062
0.073
0.079
0.083
0.087
0.09
0.093
0.096
0.098
0.1
0.101
0.102
0.102
0.1
0.098
0.095
0.093
0.092
0.09
0.087
0.083
0.08
0.076
0.071
0.066
0.061
0.056
0.052
0.049
0.046
0.043
0.042
0.042
0.041
0.041
0.041
0.04
0.039
0.038
0.035
0.033
0.031
0.028
0.026
0.023
0.02
0.017
0.014
0.011
0.007
0.004
0.0
-0.002
-0.004
-0.004
-0.003
-0.001
0.0
0.002
0.003
0.006
0.009
0.012
0.014
0.015
0.014
0.013
0.013
0.012
0.011
0.01
0.008
0.006
0.004
0.002
0.001
0.0
-0.001
-0.003
-0.003
-0.003
-0.003
-0.004
-0.006
-0.007
-0.007
-0.008
-0.01
-0.013
-0.016
-0.018
-0.017
-0.015
-0.011
-0.008
-0.007
-0.005
-0.003
-0.001
0.0
0.002
0.002
0.002
0.002
0.001
0.0
-0.004
-0.009
-0.013
-0.017
-0.02
-0.023
-0.025
-0.028
-0.032
-0.037
-0.04
-0.041
-0.043
-0.044
-0.044
-0.044
-0.045
-0.046
-0.048
-0.051
-0.056
-0.059
-0.053
-0.045
-0.041
-0.039
-0.037
-0.035
-0.032
-0.028
-0.025
-0.023
-0.022
-0.023
-0.025
-0.027
-0.03
-0.032
-0.033
-0.034
-0.036
-0.038
-0.04
-0.042
-0.044
-0.047
-0.048
-0.049
-0.048
-0.046
-0.041
-0.035
-0.027
-0.017
0.0
0.009
0.014
0.017
0.02
0.023
0.025
0.025
0.02
0.012
0.004
-0.002
-0.009
-0.017
-0.025
-0.032
-0.04
-0.049
-0.067
-0.098
-0.155
-0.219
-0.298
-0.386
-0.474
-0.546
-0.581
-0.58
-0.536
-0.447
-0.331
-0.205
-0.101
-0.065
-0.053
-0.074
-0.11
-0.136
-0.147
-0.155
-0.136
-0.104
-0.066
-0.032
-0.009
0.006
0.02
0.036
0.056
0.078
0.098
0.117
0.134
0.148
0.155
0.157
0.16
0.164
0.16
0.142
0.133
0.128
0.123
0.118
0.115
0.113
0.111
0.11
0.11
0.11
0.111
0.111
0.112
0.114
0.116
0.118
0.123
0.126
0.12
0.109
0.104
0.101
0.098
0.095
0.093
0.09
0.086
0.082
0.079
0.075
0.072
0.069
0.066
0.063
0.059
0.053
0.044
0.033
0.026
0.02
0.014
0.009
0.004
0.0
-0.003
-0.006
-0.009
-0.012
-0.015
-0.019
-0.024
-0.03
-0.035
-0.042
-0.049
-0.056
-0.063
-0.069
-0.074
-0.078
-0.081
-0.084
-0.088
-0.091
-0.094
-0.096
-0.099
-0.102
-0.105
-0.107
-0.106
-0.103
-0.099
-0.095
-0.09
-0.085
-0.08
-0.077
-0.074
-0.071
-0.068
-0.064
-0.058
-0.052
-0.045
-0.039
-0.033
-0.028
-0.025
-0.021
-0.018
-0.014
-0.003
0.02
0.035
0.045
0.051
0.051
0.047
0.041
0.038
0.036
0.035
0.032
0.029
0.027
0.025
0.023
0.021
0.019
0.017
0.015
0.014
0.012
0.009
0.002
-0.001
0.004
0.012
0.014
0.015
0.016
0.017
0.018
0.02
0.022
0.025
0.027
0.029
0.031
0.032
0.032
0.033
0.033
0.033
0.032
0.031
0.029
0.028
0.025
0.023
0.02
0.018
0.017
0.015
0.015
0.013
0.009
0.003
0.0
-0.001
0.0
0.005
0.01
0.016
0.02
0.026
0.033
0.038
0.04
0.036
0.029
0.02
0.013
0.007
0.001
-0.006
-0.012
-0.016
-0.016
-0.013
-0.008
-0.004
-0.001
0.0
0.004
0.009
0.013
0.016
0.015
0.012
0.007
0.002
-0.001
-0.004
-0.008
-0.012
-0.017
-0.021
-0.022
-0.022
-0.02
-0.018
-0.016
-0.012
-0.008
-0.003
0.003
0.011
0.014
0.01
0.001
-0.007
-0.012
-0.017
-0.022
-0.028
-0.032
-0.035
-0.035
-0.034
-0.033
-0.031
-0.031
-0.031
-0.03
-0.027
-0.025
-0.023
-0.023
-0.025
-0.03
-0.035
-0.039
-0.042
-0.046
-0.052
-0.057
-0.061
-0.062
-0.058
-0.051
-0.044
-0.037
-0.027
-0.012
-0.011
-0.024
-0.032
-0.039
-0.045
-0.05
-0.054
-0.057
-0.058
-0.059
-0.061
-0.063
-0.065
-0.065
-0.065
-0.065
-0.065
-0.066
-0.066
-0.065
-0.063
-0.061
-0.059
-0.058
-0.058
-0.057
-0.056
-0.054
-0.053
-0.053
-0.054
-0.055
-0.057
-0.059
-0.061
-0.065
-0.069
-0.073
-0.077
-0.081
-0.089
-0.096
-0.096
-0.087
-0.074
-0.06
-0.044
-0.034
-0.028
-0.023
-0.017
-0.013
-0.019
-0.031
-0.047
-0.063
-0.068
-0.07
-0.073
-0.076
-0.075
-0.066
-0.056
-0.049
-0.044
-0.039
-0.034
-0.031
-0.027
-0.025
-0.024
-0.024
-0.026
-0.03
-0.034
-0.039
-0.044
-0.049
-0.056
-0.066
-0.075
-0.08
-0.082
-0.083
-0.086
-0.089
-0.091
-0.085
-0.074
-0.065
-0.058
-0.051
-0.045
-0.037
-0.03
-0.024
-0.019
-0.015
-0.012
-0.009
-0.006
-0.004
-0.001
0.001
0.003
0.005
0.007
0.007
0.006
0.006
0.005
0.005
0.004
0.002
0.0
-0.003
-0.006
-0.01
-0.015
-0.029
-0.054
-0.09
-0.139
-0.199
-0.275
-0.368
-0.465
-0.55
-0.623
-0.638
-0.639
-0.624
-0.544
-0.465
-0.391
-0.314
-0.254
-0.23
-0.219
-0.21
-0.212
-0.229
-0.244
-0.261
-0.262
-0.253
-0.23
-0.185
-0.132
-0.078
-0.025
0.024
0.059
0.077
0.084
0.089
0.094
0.097
0.099
0.1
0.101
0.103
0.106
0.108
0.11
0.111
0.112
0.113
0.114
0.116
0.118
0.12
0.122
0.125
0.131
0.139
0.146
0.153
0.158
0.162
0.168
0.173
0.179
0.181
0.18
0.175
0.169
0.163
0.159
0.155
0.15
0.146
0.141
0.136
0.132
0.128
0.124
0.119
0.115
0.11
0.104
0.098
0.091
0.084
0.078
0.072
0.066
0.061
0.055
0.049
0.044
0.041
0.041
0.042
0.044
0.047
0.05
0.055
0.063
0.062
0.043
0.015
-0.02
-0.055
-0.084
-0.101
-0.112
-0.118
-0.11
-0.094
-0.083
-0.074
-0.064
-0.057
-0.055
-0.057
-0.063
-0.07
-0.078
-0.083
-0.088
-0.094
-0.099
-0.104
-0.107
-0.108
-0.107
-0.104
-0.098
-0.091
-0.082
-0.063
-0.029
-0.004
0.014
0.033
0.049
0.063
0.07
0.064
0.053
0.032
0.014
0.011
0.009
0.008
0.006
0.004
0.003
0.001
-0.001
-0.004
-0.007
-0.009
-0.011
-0.013
-0.015
-0.018
-0.022
-0.027
-0.029
-0.028
-0.022
-0.013
-0.003
0.008
0.026
0.039
0.049
0.054
0.058
0.061
0.064
0.066
0.068
0.07
0.071
0.072
0.072
0.072
0.071
0.068
0.065
0.061
0.057
0.051
0.046
0.041
0.035
0.028
0.017
0.006
-0.003
-0.012
-0.02
-0.025
-0.029
-0.032
-0.036
-0.039
-0.042
-0.045
-0.046
-0.047
-0.048
-0.049
-0.05
-0.051
-0.052
-0.052
-0.052
-0.051
-0.051
-0.05
-0.048
-0.045
-0.04
-0.035
-0.031
-0.027
-0.023
-0.02
-0.014
-0.001
0.008
0.011
0.013
0.014
0.015
0.018
0.02
0.023
0.024
0.024
0.023
0.022
0.022
0.021
0.019
0.017
0.014
0.012
0.011
0.011
0.011
0.012
0.011
0.01
0.009
0.009
0.008
0.006
0.004
0.002
0.0
0.0
0.0
-0.001
-0.003
-0.005
-0.006
-0.007
-0.008
-0.009
-0.01
-0.012
-0.014
-0.015
-0.017
-0.02
-0.023
-0.027
-0.03
-0.031
-0.029
-0.026
-0.022
-0.018
-0.013
-0.004
0.001
-0.002
-0.011
-0.016
-0.02
-0.025
-0.029
-0.032
-0.035
-0.037
-0.039
-0.041
-0.043
-0.042
-0.042
-0.041
-0.04
-0.041
-0.042
-0.046
-0.052
-0.035
-0.007
0.014
0.021
0.025
0.028
0.03
0.031
0.031
0.027
0.021
0.014
0.009
0.006
0.003
0.0
-0.003
-0.006
-0.009
-0.012
-0.015
-0.018
-0.023
-0.026
-0.027
-0.029
-0.03
-0.033
-0.037
-0.041
-0.045
-0.049
-0.054
-0.061
-0.069
-0.075
-0.08
-0.085
-0.089
-0.095
-0.103
-0.111
-0.116
-0.114
-0.108
-0.101
-0.094
-0.088
-0.083
-0.079
-0.077
-0.076
-0.076
-0.078
-0.08
-0.083
-0.086
-0.087
-0.087
-0.087
-0.088
-0.088
-0.088
-0.087
-0.085
-0.083
-0.081
-0.079
-0.077
-0.075
-0.073
-0.072
-0.072
-0.071
-0.07
-0.068
-0.066
-0.062
-0.059
-0.056
-0.053
-0.051
-0.05
-0.05
-0.05
-0.051
-0.052
-0.053
-0.055
-0.056
-0.057
-0.058
-0.059
-0.06
-0.061
-0.062
-0.063
-0.065
-0.066
-0.066
-0.067
-0.068
-0.068
-0.067
-0.063
-0.057
-0.049
-0.04
-0.032
-0.024
-0.014
-0.004
0.005
0.012
0.018
0.022
0.025
0.029
0.033
0.038
0.043
0.048
0.051
0.053
0.054
0.055
0.055
0.055
0.053
0.049
0.045
0.039
0.032
0.024
0.013
-0.01
-0.055
-0.118
-0.174
-0.231
-0.292
-0.365
-0.454
-0.552
-0.617
-0.619
-0.561
-0.424
-0.259
-0.104
0.012
0.063
0.08
0.06
0.026
-0.011
-0.038
-0.054
-0.061
-0.053
-0.036
-0.01
0.023
0.053
0.085
0.11
0.125
0.142
0.16
0.172
0.181
0.189
0.194
0.197
0.197
0.194
0.188
0.18
0.172
0.164
0.157
0.15
0.142
0.136
0.131
0.126
0.123
0.123
0.123
0.125
0.127
0.131
0.136
0.14
0.146
0.157
0.163
0.156
0.141
0.129
0.117
0.105
0.09
0.073
0.058
0.043
0.029
0.02
0.013
0.008
0.003
0.0
-0.003
-0.006
-0.009
-0.013
-0.017
-0.022
-0.029
-0.036
-0.044
-0.052
-0.061
-0.071
-0.081
-0.092
-0.102
-0.112
-0.121
-0.131
-0.14
-0.15
-0.158
-0.165
-0.172
-0.178
-0.184
-0.191
-0.198
-0.205
-0.212
-0.218
-0.223
-0.226
-0.229
-0.231
-0.233
-0.236
-0.239
-0.243
-0.247
-0.249
-0.249
-0.243
-0.235
-0.225
-0.215
-0.207
-0.199
-0.19
-0.182
-0.175
-0.17
-0.167
-0.164
-0.162
-0.16
-0.158
-0.156
-0.154
-0.152
-0.149
-0.144
-0.14
-0.136
-0.131
-0.126
-0.121
-0.116
-0.11
-0.106
-0.103
-0.101
-0.099
-0.096
-0.093
-0.089
-0.086
-0.082
-0.079
-0.076
-0.073
-0.07
-0.067
-0.065
-0.063
-0.062
-0.06
-0.058
-0.056
-0.053
-0.049
-0.044
-0.038
-0.032
-0.025
-0.016
-0.007
0.0
0.005
0.009
0.012
0.013
0.014
0.016
0.018
0.021
0.024
0.026
0.029
0.032
0.036
0.039
0.043
0.045
0.047
0.048
0.048
0.048
0.048
0.048
0.048
0.049
0.051
0.053
0.057
0.06
0.063
0.064
0.065
0.065
0.065
0.063
0.06
0.057
0.053
0.048
0.049
0.063
0.071
0.077
0.083
0.088
0.093
0.096
0.098
0.099
0.099
0.099
0.098
0.096
0.094
0.091
0.089
0.087
0.086
0.085
0.081
0.076
0.073
0.077
0.086
0.095
0.103
0.112
0.12
0.122
0.116
0.104
0.092
0.085
0.08
0.075
0.07
0.066
0.063
0.06
0.059
0.059
0.059
0.059
0.059
0.06
0.061
0.062
0.063
0.064
0.066
0.068
0.071
0.073
0.074
0.072
0.068
0.064
0.06
0.058
0.055
0.052
0.049
0.048
0.047
0.047
0.048
0.049
0.049
0.049
0.05
0.051
0.051
0.051
0.051
0.051
0.051
0.052
0.053
0.053
0.053
0.053
0.052
0.05
0.048
0.046
0.044
0.041
0.039
0.038
0.037
0.036
0.036
0.036
0.036
0.036
0.035
0.035
0.033
0.032
0.03
0.029
0.027
0.026
0.025
0.025
0.025
0.026
0.027
0.027
0.027
0.026
0.024
0.022
0.02
0.018
0.015
0.012
0.008
0.004
0.002
0.0
0.0
-0.002
-0.004
-0.006
-0.008
-0.01
-0.011
-0.013
-0.014
-0.015
-0.017
-0.017
-0.018
-0.018
-0.019
-0.02
-0.021
-0.022
-0.022
-0.023
-0.023
-0.024
-0.025
-0.027
-0.028
-0.028
-0.028
-0.028
-0.028
-0.028
-0.029
-0.031
-0.032
-0.034
-0.036
-0.037
-0.037
-0.038
-0.038
-0.038
-0.037
-0.034
-0.03
-0.026
-0.022
-0.018
-0.015
-0.011
-0.009
-0.006
-0.004
-0.002
-0.001
0.001
0.004
0.008
0.012
0.015
0.018
0.022
0.025
0.028
0.03
0.03
0.029
0.026
0.024
0.022
0.019
0.015
0.012
0.008
0.003
-0.001
-0.007
-0.013
-0.028
-0.066
-0.105
-0.146
-0.219
-0.304
-0.406
-0.512
-0.603
-0.636
-0.638
-0.616
-0.553
-0.445
-0.326
-0.259
-0.237
-0.225
-0.221
-0.224
-0.229
-0.236
-0.244
-0.256
-0.254
-0.226
-0.195
-0.163
-0.133
-0.104
-0.075
-0.051
-0.026
0.0
0.035
0.051
0.059
0.066
0.072
0.077
0.081
0.084
0.087
0.09
0.092
0.095
0.098
0.101
0.103
0.104
0.104
0.105
0.106
0.107
0.109
0.11
0.112
0.115
0.117
0.12
0.122
0.123
0.123
0.122
0.121
0.119
0.116
0.113
0.109
0.105
0.101
0.098
0.095
0.092
0.091
0.089
0.087
0.085
0.083
0.08
0.077
0.075
0.073
0.073
0.072
0.07
0.068
0.067
0.065
0.063
0.061
0.057
0.052
0.047
0.041
0.035
0.031
0.026
0.019
0.012
0.005
-0.001
-0.008
-0.014
-0.021
-0.028
-0.037
-0.046
-0.054
-0.063
-0.074
-0.087
-0.101
-0.114
-0.126
-0.138
-0.148
-0.156
-0.164
-0.173
-0.18
-0.185
-0.188
-0.189
-0.187
-0.184
-0.178
-0.172
-0.166
-0.159
-0.153
-0.149
-0.145
-0.141
-0.137
-0.134
-0.132
-0.129
-0.127
-0.124
-0.123
-0.122
-0.122
-0.122
-0.122
-0.122
-0.121
-0.12
-0.12
-0.12
-0.119
-0.119
-0.118
-0.117
-0.116
-0.116
-0.116
-0.116
-0.117
-0.116
-0.114
-0.112
-0.109
-0.107
-0.104
-0.102
-0.1
-0.098
-0.096
-0.095
-0.095
-0.093
-0.09
-0.086
-0.082
-0.076
-0.072
-0.068
-0.064
-0.061
-0.058
-0.055
-0.053
-0.053
-0.052
-0.051
-0.048
-0.044
-0.038
-0.032
-0.026
-0.02
-0.013
-0.007
-0.001
0.002
0.006
0.01
0.014
0.019
0.026
0.034
0.043
0.052
0.06
0.068
0.076
0.083
0.09
0.095
0.099
0.102
0.104
0.107
0.111
0.115
0.119
0.123
0.126
0.13
0.134
0.137
0.139
0.14
0.14
0.139
0.136
0.132
0.127
0.121
0.113
0.104
0.094
0.083
0.063
0.042
0.02
0.0
-0.02
-0.041
-0.057
-0.061
-0.063
-0.064
-0.064
-0.065
-0.066
-0.066
-0.066
-0.064
-0.056
-0.044
-0.032
-0.022
-0.016
-0.011
-0.006
-0.002
0.001
0.004
0.006
0.008
0.011
0.015
0.018
0.02
0.022
0.023
0.024
0.024
0.023
0.022
0.021
0.021
0.021
0.022
0.024
0.026
0.028
0.03
0.033
0.037
0.039
0.042
0.043
0.043
0.043
0.042
0.041
0.041
0.04
0.04
0.041
0.043
0.045
0.047
0.049
0.051
0.052
0.053
0.054
0.055
0.055
0.054
0.054
0.053
0.054
0.055
0.056
0.057
0.058
0.059
0.06
0.061
0.063
0.065
0.067
0.068
0.07
0.071
0.072
0.074
0.076
0.078
0.081
0.082
0.084
0.086
0.087
0.087
0.088
0.089
0.091
0.093
0.097
0.101
0.105
0.109
0.113
0.116
0.119
0.122
0.124
0.126
0.127
0.127
0.127
0.128
0.13
0.131
0.133
0.134
0.135
0.135
0.135
0.135
0.134
0.132
0.13
0.128
0.125
0.121
0.117
0.113
0.108
0.104
0.1
0.096
0.091
0.086
0.08
0.07
0.058
0.046
0.038
0.032
0.027
0.021
0.015
0.01
0.004
0.0
-0.005
-0.01
-0.016
-0.023
-0.03
-0.036
-0.042
-0.045
-0.047
-0.048
-0.05
-0.051
-0.053
-0.055
-0.057
-0.059
-0.061
-0.062
-0.063
-0.064
-0.065
-0.065
-0.066
-0.066
-0.067
-0.067
-0.068
-0.069
-0.071
-0.072
-0.074
-0.075
-0.076
-0.076
-0.078
-0.079
-0.082
-0.084
-0.087
-0.089
-0.092
-0.096
-0.1
-0.105
-0.109
-0.115
-0.136
-0.192
-0.288
-0.411
-0.547
-0.669
-0.742
-0.768
-0.74
-0.651
-0.506
-0.361
-0.237
-0.171
-0.148
-0.14
-0.156
-0.188
-0.213
-0.238
-0.257
-0.257
-0.241
-0.217
-0.192
-0.163
-0.138
-0.113
-0.096
-0.082
-0.069
-0.056
-0.045
-0.034
-0.024
-0.016
-0.011
-0.006
-0.002
0.0
0.003
0.005
0.006
0.006
0.006
0.006
0.006
0.005
0.005
0.004
0.004
0.003
0.003
0.002
0.001
0.0
-0.002
-0.005
-0.007
-0.009
-0.01
-0.011
-0.012
-0.013
-0.013
-0.014
-0.016
-0.018
-0.021
-0.025
-0.03
-0.035
-0.04
-0.044
-0.048
-0.05
-0.053
-0.056
-0.058
-0.06
-0.062
-0.064
-0.067
-0.071
-0.076
-0.081
-0.087
-0.092
-0.096
-0.102
-0.108
-0.114
-0.119
-0.124
-0.131
-0.138
-0.147
-0.156
-0.164
-0.172
-0.178
-0.182
-0.186
-0.19
-0.193
-0.195
-0.197
-0.198
-0.198
-0.199
-0.201
-0.204
-0.207
-0.209
-0.21
-0.211
-0.211
-0.21
-0.206
-0.201
-0.194
-0.186
-0.178
-0.17
-0.162
-0.155
-0.146
-0.136
-0.125
-0.115
-0.106
-0.098
-0.09
-0.083
-0.076
-0.07
-0.065
-0.06
-0.055
-0.05
-0.044
-0.039
-0.036
-0.034
-0.034
-0.035
-0.036
-0.038
-0.039
-0.041
-0.042
-0.044
-0.046
-0.048
-0.05
-0.051
-0.05
-0.047
-0.042
-0.038
-0.034
-0.03
-0.025
-0.019
-0.014
-0.009
-0.007
-0.007
-0.007
-0.008
-0.01
-0.012
-0.015
-0.021
-0.026
-0.021
-0.012
-0.009
-0.008
-0.006
-0.006
-0.005
-0.003
-0.001
0.001
0.004
0.005
0.005
0.005
0.004
0.004
0.003
0.002
0.001
0.001
0.001
0.001
0.003
0.005
0.007
0.009
0.01
0.011
0.011
0.01
0.009
0.008
0.007
0.007
0.007
0.006
0.006
0.007
0.008
0.009
0.01
0.008
0.005
0.002
0.002
0.01
0.02
0.028
0.03
0.03
0.032
0.035
0.039
0.042
0.044
0.045
0.046
0.047
0.049
0.051
0.052
0.052
0.052
0.053
0.054
0.056
0.057
0.058
0.058
0.057
0.057
0.057
0.058
0.058
0.057
0.056
0.056
0.056
0.057
0.058
0.058
0.057
0.055
0.054
0.053
0.052
0.05
0.049
0.047
0.044
0.042
0.04
0.039
0.039
0.039
0.04
0.041
0.043
0.045
0.046
0.048
0.048
0.048
0.048
0.048
0.047
0.048
0.048
0.049
0.051
0.053
0.055
0.057
0.058
0.059
0.058
0.056
0.054
0.052
0.05
0.048
0.048
0.048
0.048
0.047
0.045
0.044
0.043
0.041
0.038
0.035
0.033
0.031
0.03
0.029
0.03
0.03
0.031
0.033
0.035
0.036
0.03
0.024
0.021
0.019
0.016
0.013
0.011
0.008
0.006
0.004
0.002
0.001
0.0
-0.002
-0.003
-0.004
-0.005
-0.007
-0.008
-0.008
-0.008
-0.008
-0.008
-0.007
-0.007
-0.007
-0.007
-0.008
-0.008
-0.009
-0.009
-0.009
-0.008
-0.007
-0.003
0.0
0.004
0.009
0.012
0.015
0.018
0.021
0.024
0.027
0.029
0.03
0.032
0.035
0.038
0.042
0.045
0.048
0.05
0.053
0.056
0.058
0.06
0.06
0.059
0.058
0.058
0.059
0.059
0.058
0.057
0.056
0.055
0.055
0.054
0.053
0.05
0.047
0.045
0.043
0.041
0.039
0.036
0.033
0.029
0.025
0.02
0.014
-0.001
-0.02
-0.038
-0.058
-0.084
-0.116
-0.145
-0.161
-0.172
-0.182
-0.189
-0.194
-0.196
-0.194
-0.19
-0.182
-0.173
-0.164
-0.155
-0.146
-0.136
-0.126
-0.115
-0.104
-0.092
-0.084
-0.079
-0.075
-0.071
-0.067
-0.062
-0.057
-0.052
-0.048
-0.044
-0.04
-0.038
-0.037
-0.036
-0.037
-0.038
-0.04
-0.041
-0.043
-0.045
-0.047
-0.048
-0.05
-0.051
-0.054
-0.059
-0.065
-0.071
-0.087
-0.123
-0.178
-0.255
-0.359
-0.48
-0.61
-0.705
-0.741
-0.742
-0.706
-0.602
-0.453
-0.321
-0.257
-0.235
-0.227
-0.234
-0.248
-0.259
-0.269
-0.276
-0.275
-0.261
-0.238
-0.202
-0.152
-0.11
-0.061
-0.03
-0.014
-0.003
0.007
0.018
0.028
0.037
0.046
0.055
0.064
0.072
0.081
0.088
0.095
0.101
0.107
0.113
0.119
0.125
0.134
0.143
0.149
0.149
0.142
0.128
0.111
0.089
0.058
0.048
0.045
0.041
0.037
0.034
0.035
0.037
0.038
0.04
0.042
0.044
0.044
0.042
0.035
0.028
0.021
0.017
0.013
0.008
0.004
0.0
-0.003
-0.005
-0.005
-0.004
-0.002
-0.001
0.0
0.001
0.003
0.005
0.007
0.008
0.01
0.011
0.014
0.018
0.022
0.024
0.025
0.025
0.023
0.021
0.017
0.012
0.005
-0.001
-0.007
-0.013
-0.015
-0.018
-0.02
-0.023
-0.026
-0.028
-0.031
-0.033
-0.035
-0.036
-0.036
-0.036
-0.034
-0.031
-0.027
-0.022
-0.017
-0.011
-0.004
0.002
0.01
0.024
0.038
0.051
0.063
0.07
0.076
0.082
0.086
0.09
0.094
0.1
0.106
0.113
0.12
0.128
0.136
0.144
0.154
0.171
0.186
0.192
0.194
