0.367
0.444
0.517
0.585
0.637
0.656
0.645
0.625
0.6
0.574
0.546
0.523
0.506
0.488
0.464
0.435
0.411
0.394
0.376
0.358
0.34
0.32
0.306
0.297
0.288
0.28
0.274
0.267
0.257
0.242
0.227
0.207
0.182
0.156
0.139
0.128
0.134
0.185
0.292
0.449
0.637
0.827
0.997
1.138
1.245
1.292
1.308
1.278
1.188
1.049
0.89
0.734
0.594
0.471
0.357
0.245
0.137
0.04
-0.042
-0.112
-0.175
-0.232
-0.259
-0.267
-0.269
-0.271
-0.273
-0.274
-0.275
-0.275
-0.275
-0.276
-0.276
-0.277
-0.277
-0.277
-0.278
-0.279
-0.281
-0.282
-0.284
-0.286
-0.288
-0.291
-0.294
-0.298
-0.302
-0.307
-0.314
-0.327
-0.34
-0.35
-0.359
-0.364
-0.369
-0.373
-0.375
-0.377
-0.378
-0.378
-0.377
-0.376
-0.375
-0.374
-0.373
-0.372
-0.372
-0.371
-0.369
-0.368
-0.366
-0.365
-0.364
-0.364
-0.364
-0.364
-0.364
-0.366
-0.367
-0.369
-0.371
-0.373
-0.374
-0.375
-0.377
-0.378
-0.379
-0.38
-0.381
-0.382
-0.383
-0.384
-0.386
-0.387
-0.388
-0.389
-0.389
-0.389
-0.388
-0.385
-0.382
-0.377
-0.373
-0.368
-0.361
-0.348
-0.336
-0.324
-0.309
-0.293
-0.276
-0.258
-0.241
-0.224
-0.201
-0.173
-0.152
-0.135
-0.118
-0.095
-0.066
-0.042
-0.023
-0.005
0.014
0.032
0.039
0.043
0.047
0.05
0.051
0.051
0.046
0.037
0.028
0.017
0.001
-0.011
-0.022
-0.033
-0.045
-0.056
-0.067
-0.08
-0.096
-0.118
-0.131
-0.14
-0.146
-0.151
-0.155
-0.157
-0.159
-0.16
-0.162
-0.163
-0.164
-0.166
-0.167
-0.17
-0.172
-0.174
-0.178
-0.183
-0.187
-0.191
-0.195
-0.198
-0.202
-0.207
-0.212
-0.216
-0.221
-0.225
-0.228
-0.23
-0.233
-0.235
-0.236
-0.236
-0.236
-0.237
-0.237
-0.239
-0.241
-0.243
-0.244
-0.246
-0.246
-0.245
-0.243
-0.239
-0.233
-0.226
-0.216
-0.198
-0.177
-0.159
-0.143
-0.128
-0.112
-0.099
-0.087
-0.077
-0.07
-0.065
-0.059
-0.051
-0.041
-0.029
-0.024
-0.021
-0.018
-0.016
-0.015
-0.014
-0.014
-0.014
-0.014
-0.014
-0.015
-0.017
-0.02
-0.021
-0.023
-0.024
-0.024
-0.025
-0.026
-0.027
-0.029
-0.03
-0.031
-0.032
-0.033
-0.033
-0.032
-0.029
-0.024
-0.018
-0.013
-0.007
-0.001
0.006
0.012
0.019
0.025
0.032
0.041
0.051
0.062
0.073
0.084
0.095
0.106
0.118
0.13
0.141
0.154
0.17
0.182
0.191
0.2
0.208
0.215
0.224
0.233
0.239
0.244
0.247
0.25
0.254
0.257
0.262
0.266
0.27
0.276
0.283
0.295
0.315
0.333
0.348
0.36
0.372
0.383
0.39
0.394
0.397
0.4
0.403
0.406
0.411
0.415
0.419
0.423
0.429
0.436
0.447
0.469
0.486
0.494
0.5
0.505
0.51
0.513
0.514
0.513
0.509
0.504
0.497
0.49
0.481
0.469
0.456
0.443
0.431
0.421
0.411
0.402
0.396
0.393
0.39
0.389
0.387
0.385
0.383
0.38
0.377
0.374
0.371
0.367
0.362
0.357
0.35
0.339
0.32
0.318
0.33
0.358
0.451
0.592
0.771
0.97
1.161
1.326
1.457
1.539
1.566
1.554
1.512
1.403
1.265
1.117
0.98
0.864
0.763
0.667
0.573
0.483
0.392
0.308
0.234
0.172
0.119
0.072
0.043
0.023
0.012
0.003
-0.005
-0.012
-0.02
-0.028
-0.036
-0.045
-0.055
-0.066
-0.077
-0.09
-0.105
-0.117
-0.127
-0.136
-0.142
-0.148
-0.152
-0.157
-0.16
-0.164
-0.167
-0.171
-0.177
-0.184
-0.191
-0.196
-0.201
-0.205
-0.209
-0.214
-0.218
-0.221
-0.224
-0.225
-0.226
-0.225
-0.224
-0.222
-0.219
-0.217
-0.214
-0.212
-0.21
-0.208
-0.207
-0.205
-0.204
-0.203
-0.201
-0.199
-0.197
-0.195
-0.193
-0.192
-0.192
-0.192
-0.192
-0.192
-0.192
-0.192
-0.192
-0.192
-0.192
-0.191
-0.191
-0.19
-0.19
-0.19
-0.19
-0.19
-0.19
-0.19
-0.19
-0.19
-0.189
-0.188
-0.187
-0.185
-0.184
-0.181
-0.178
-0.175
-0.167
-0.148
-0.132
-0.116
-0.098
-0.081
-0.06
-0.031
-0.001
0.027
0.055
0.081
0.105
0.125
0.133
0.139
0.143
0.145
0.146
0.143
0.138
0.133
0.129
0.126
0.123
0.119
0.114
0.109
0.104
0.1
0.096
0.09
0.083
0.071
0.062
0.056
0.052
0.048
0.045
0.042
0.039
0.035
0.03
0.025
0.018
0.011
0.004
-0.006
-0.016
-0.023
-0.029
-0.033
-0.035
-0.038
-0.04
-0.041
-0.042
-0.043
-0.045
-0.046
-0.048
-0.049
-0.05
-0.052
-0.053
-0.054
-0.055
-0.057
-0.057
-0.058
-0.059
-0.059
-0.06
-0.061
-0.062
-0.063
-0.065
-0.066
-0.066
-0.065
-0.06
-0.053
-0.045
-0.038
-0.033
-0.028
-0.022
-0.017
-0.013
-0.009
-0.005
-0.001
0.002
0.005
0.008
0.012
0.015
0.019
0.024
0.029
0.035
0.04
0.044
0.049
0.054
0.06
0.067
0.074
0.086
0.098
0.104
0.108
0.11
0.113
0.114
0.116
0.118
0.121
0.124
0.127
0.129
0.132
0.134
0.135
0.137
0.14
0.142
0.146
0.151
0.156
0.162
0.166
0.169
0.172
0.175
0.177
0.179
0.181
0.183
0.185
0.188
0.191
0.195
0.199
0.203
0.209
0.217
0.231
0.254
0.26
0.265
0.269
0.271
0.264
0.247
0.221
0.186
0.153
0.121
0.088
0.054
0.029
0.014
0.001
-0.008
-0.017
-0.024
-0.032
-0.039
-0.045
-0.052
-0.06
-0.069
-0.083
-0.104
-0.116
-0.124
-0.131
-0.137
-0.142
-0.146
-0.15
-0.153
-0.156
-0.159
-0.162
-0.165
-0.168
-0.174
-0.18
-0.185
-0.19
-0.195
-0.199
-0.202
-0.205
-0.209
-0.212
-0.216
-0.221
-0.225
-0.231
-0.237
-0.245
-0.258
-0.271
-0.286
-0.295
-0.302
-0.308
-0.313
-0.319
-0.324
-0.329
-0.335
-0.344
-0.361
-0.393
-0.424
-0.457
-0.485
-0.504
-0.515
-0.521
-0.526
-0.529
-0.532
-0.534
-0.537
-0.539
-0.541
-0.544
-0.546
-0.549
-0.553
-0.561
-0.558
-0.535
-0.473
-0.361
-0.193
0.022
0.27
0.523
0.74
0.871
0.888
0.841
0.691
0.514
0.366
0.275
0.22
0.164
0.08
-0.033
-0.169
-0.307
-0.423
-0.509
-0.57
-0.601
-0.615
-0.622
-0.627
-0.631
-0.634
-0.635
-0.634
-0.632
-0.628
-0.623
-0.617
-0.61
-0.602
-0.592
-0.582
-0.573
-0.566
-0.559
-0.555
-0.552
-0.549
-0.546
-0.544
-0.543
-0.542
-0.542
-0.542
-0.54
-0.539
-0.537
-0.535
-0.535
-0.534
-0.533
-0.531
-0.529
-0.527
-0.524
-0.521
-0.516
-0.506
-0.493
-0.475
-0.461
-0.45
-0.44
-0.431
-0.425
-0.419
-0.414
-0.408
-0.401
-0.393
-0.383
-0.374
-0.367
-0.361
-0.357
-0.352
-0.347
-0.341
-0.335
-0.33
-0.326
-0.324
-0.321
-0.319
-0.317
-0.315
-0.313
-0.311
-0.309
-0.306
-0.304
-0.302
-0.3
-0.298
-0.295
-0.293
-0.29
-0.287
-0.282
-0.273
-0.263
-0.253
-0.243
-0.229
-0.21
-0.195
-0.179
-0.164
-0.147
-0.124
-0.099
-0.075
-0.05
-0.024
0.003
0.033
0.064
0.097
0.127
0.15
0.167
0.183
0.192
0.198
0.203
0.207
0.21
0.212
0.213
0.213
0.217
0.217
0.215
0.212
0.208
0.201
0.194
0.188
0.182
0.174
0.166
0.158
0.151
0.143
0.135
0.128
0.122
0.11
0.094
0.084
0.076
0.07
0.066
0.064
0.063
0.063
0.062
0.06
0.061
0.063
0.064
0.064
0.062
0.061
0.059
0.058
0.057
0.058
0.06
0.059
0.059
0.06
0.062
0.066
0.07
0.075
0.078
0.08
0.08
0.08
0.081
0.082
0.083
0.082
0.08
0.075
0.069
0.063
0.059
0.054
0.047
0.039
0.031
0.023
0.016
0.012
0.01
0.009
0.007
0.003
0.001
0.001
0.003
0.007
0.011
0.016
0.019
0.02
0.022
0.025
0.029
0.035
0.039
0.042
0.044
0.047
0.05
0.053
0.056
0.057
0.058
0.058
0.058
0.062
0.066
0.069
0.072
0.077
0.086
0.107
0.126
0.148
0.168
0.181
0.183
0.183
0.183
0.182
0.18
0.178
0.178
0.179
0.179
0.178
0.179
0.18
0.182
0.185
0.189
0.193
0.198
0.199
0.197
0.196
0.195
0.194
0.194
0.195
0.197
0.196
0.191
0.186
0.184
0.184
0.184
0.185
0.187
0.186
0.183
0.181
0.183
0.186
0.188
0.19
0.196
0.203
0.206
0.207
0.207
0.205
0.203
0.2
0.2
0.201
0.201
0.198
0.194
0.192
0.194
0.196
0.198
0.201
0.201
0.2
0.196
0.191
0.186
0.182
0.177
0.172
0.168
0.163
0.156
0.152
0.149
0.148
0.149
0.15
0.149
0.147
0.146
0.147
0.146
0.142
0.132
0.112
0.084
0.07
0.064
0.059
0.056
0.052
0.047
0.045
0.046
0.048
0.048
0.047
0.045
0.043
0.042
0.041
0.041
0.041
0.039
0.035
0.03
0.022
0.01
-0.002
-0.017
-0.036
-0.043
-0.025
0.033
0.154
0.332
0.558
0.815
1.075
1.305
1.465
1.524
1.471
1.325
1.142
0.971
0.846
0.771
0.724
0.671
0.59
0.486
0.368
0.243
0.127
0.031
-0.037
-0.083
-0.1
-0.11
-0.116
-0.118
-0.121
-0.125
-0.128
-0.13
-0.131
-0.13
-0.127
-0.121
-0.11
-0.096
-0.081
-0.06
-0.047
-0.037
-0.033
-0.032
-0.033
-0.032
-0.032
-0.032
-0.032
-0.029
-0.025
-0.022
-0.018
-0.012
-0.005
0.001
0.006
0.008
0.009
0.006
0.005
0.004
0.005
0.007
0.008
0.008
0.008
0.008
0.011
0.016
0.021
0.027
0.034
0.041
0.051
0.061
0.067
0.073
0.079
0.085
0.09
0.093
0.095
0.097
0.099
0.098
0.097
0.096
0.095
0.09
0.082
0.073
0.063
0.051
0.03
0.015
0.01
0.009
0.008
0.007
0.007
0.008
0.009
0.008
0.008
0.007
0.004
0.0
-0.005
-0.009
-0.012
-0.016
-0.022
-0.029
-0.03
-0.019
0.001
0.024
0.051
0.072
0.09
0.106
0.115
0.122
0.129
0.132
0.131
0.131
0.13
0.128
0.122
0.112
0.101
0.089
0.071
0.053
0.039
0.027
0.018
0.011
0.006
0.003
0.001
0.0
0.0
-0.001
-0.003
-0.004
-0.005
-0.006
-0.008
-0.01
-0.012
-0.015
-0.018
-0.022
-0.027
-0.034
-0.049
-0.084
-0.104
-0.114
-0.122
-0.129
-0.133
-0.137
-0.138
-0.139
-0.14
-0.139
-0.139
-0.138
-0.138
-0.138
-0.138
-0.138
-0.137
-0.137
-0.137
-0.137
-0.138
-0.138
-0.138
-0.137
-0.136
-0.135
-0.135
-0.135
-0.135
-0.136
-0.137
-0.137
-0.137
-0.138
-0.138
-0.138
-0.138
-0.136
-0.134
-0.131
-0.129
-0.127
-0.125
-0.123
-0.121
-0.118
-0.116
-0.114
-0.113
-0.11
-0.107
-0.103
-0.098
-0.094
-0.09
-0.086
-0.084
-0.081
-0.078
-0.075
-0.073
-0.071
-0.068
-0.066
-0.062
-0.058
-0.054
-0.049
-0.045
-0.041
-0.036
-0.032
-0.027
-0.022
-0.018
-0.014
-0.01
-0.007
-0.003
0.0
0.005
0.009
0.014
0.018
0.023
0.027
0.032
0.037
0.042
0.047
0.051
0.054
0.057
0.059
0.062
0.064
0.065
0.067
0.068
0.07
0.071
0.073
0.074
0.075
0.075
0.076
0.077
0.078
0.078
0.079
0.079
0.08
0.082
0.083
0.085
0.087
0.089
0.092
0.095
0.098
0.101
0.105
0.108
0.112
0.119
0.127
0.133
0.136
0.138
0.14
0.142
0.143
0.144
0.146
0.147
0.148
0.149
0.149
0.149
0.149
0.148
0.146
0.143
0.138
0.133
0.128
0.122
0.118
0.113
0.109
0.104
0.099
0.094
0.089
0.085
0.082
0.08
0.078
0.078
0.078
0.08
0.081
0.084
0.086
0.088
0.09
0.093
0.095
0.098
0.102
0.107
0.111
0.114
0.112
0.107
0.099
0.088
0.071
0.046
0.042
0.037
0.032
0.056
0.128
0.253
0.434
0.667
0.928
1.175
1.363
1.434
1.427
1.317
1.128
0.926
0.762
0.649
0.578
0.523
0.462
0.394
0.323
0.251
0.184
0.117
0.052
-0.004
-0.04
-0.062
-0.072
-0.079
-0.086
-0.092
-0.099
-0.105
-0.11
-0.113
-0.116
-0.118
-0.12
-0.122
-0.123
-0.125
-0.126
-0.127
-0.128
-0.129
-0.13
-0.132
-0.133
-0.134
-0.135
-0.135
-0.136
-0.136
-0.136
-0.135
-0.136
-0.136
-0.136
-0.136
-0.136
-0.137
-0.138
-0.139
-0.14
-0.141
-0.142
-0.142
-0.143
-0.144
-0.144
-0.145
-0.144
-0.143
-0.141
-0.14
-0.138
-0.137
-0.134
-0.131
-0.127
-0.124
-0.121
-0.118
-0.116
-0.112
-0.108
-0.102
-0.096
-0.091
-0.086
-0.083
-0.08
-0.078
-0.077
-0.076
-0.077
-0.077
-0.077
-0.077
-0.077
-0.076
-0.075
-0.074
-0.073
-0.072
-0.071
-0.068
-0.064
-0.059
-0.054
-0.048
-0.04
-0.03
-0.013
0.003
0.015
0.027
0.042
0.062
0.083
0.102
0.117
0.134
0.152
0.161
0.167
0.173
0.179
0.183
0.186
0.188
0.188
0.187
0.185
0.182
0.177
0.171
0.164
0.157
0.149
0.14
0.129
0.119
0.11
0.101
0.092
0.087
0.082
0.078
0.074
0.071
0.067
0.064
0.062
0.06
0.059
0.057
0.055
0.054
0.052
0.05
0.049
0.047
0.045
0.042
0.04
0.037
0.034
0.032
0.03
0.027
0.024
0.021
0.017
0.013
0.008
0.003
-0.002
-0.009
-0.017
-0.024
-0.031
-0.038
-0.043
-0.047
-0.051
-0.056
-0.061
-0.065
-0.068
-0.071
-0.074
-0.076
-0.078
-0.078
-0.078
-0.076
-0.074
-0.072
-0.07
-0.068
-0.066
-0.063
-0.061
-0.059
-0.057
-0.056
-0.054
-0.052
-0.05
-0.047
-0.044
-0.042
-0.041
-0.039
-0.038
-0.036
-0.034
-0.032
-0.031
-0.03
-0.028
-0.026
-0.024
-0.022
-0.02
-0.018
-0.016
-0.015
-0.013
-0.012
-0.011
-0.01
-0.009
-0.008
-0.006
-0.004
-0.003
-0.003
-0.002
-0.001
0.0
0.001
0.002
0.002
0.003
0.003
0.004
0.006
0.007
0.008
0.009
0.01
0.012
0.014
0.016
0.017
0.019
0.019
0.021
0.022
0.024
0.025
0.026
0.027
0.028
0.03
0.033
0.035
0.038
0.041
0.044
0.05
0.058
0.067
0.074
0.081
0.088
0.095
0.099
0.103
0.107
0.111
0.113
0.115
0.118
0.12
0.122
0.125
0.127
0.129
0.131
0.132
0.134
0.135
0.136
0.136
0.136
0.136
0.136
0.136
0.137
0.138
0.139
0.14
0.141
0.141
0.141
0.138
0.133
0.127
0.12
0.112
0.104
0.095
0.086
0.077
0.068
0.06
0.054
0.052
0.051
0.05
0.049
0.048
0.048
0.047
0.047
0.047
0.046
0.045
0.044
0.043
0.043
0.042
0.042
0.041
0.04
0.039
0.038
0.037
0.035
0.033
0.029
0.024
0.014
-0.007
-0.025
-0.045
-0.062
-0.048
-0.004
0.094
0.25
0.467
0.73
1.004
1.242
1.389
1.41
1.371
1.23
1.06
0.905
0.79
0.707
0.634
0.55
0.445
0.336
0.236
0.151
0.077
0.01
-0.048
-0.085
-0.104
-0.111
-0.117
-0.121
-0.125
-0.127
-0.131
-0.135
-0.14
-0.144
-0.148
-0.152
-0.156
-0.16
-0.165
-0.172
-0.179
-0.186
-0.192
-0.196
-0.199
-0.202
-0.204
-0.206
-0.207
-0.208
-0.209
-0.21
-0.211
-0.213
-0.214
-0.215
-0.216
-0.217
-0.218
-0.218
-0.218
-0.218
-0.216
-0.214
-0.211
-0.207
-0.204
-0.201
-0.197
-0.194
-0.191
-0.188
-0.185
-0.183
-0.181
-0.179
-0.177
-0.174
-0.172
-0.169
-0.167
-0.164
-0.161
-0.158
-0.156
-0.154
-0.153
-0.151
-0.15
-0.15
-0.15
-0.15
-0.151
-0.152
-0.153
-0.153
-0.153
-0.152
-0.152
-0.152
-0.151
-0.15
-0.149
-0.148
-0.148
-0.147
-0.145
-0.143
-0.138
-0.132
-0.126
-0.12
-0.113
-0.104
-0.095
-0.086
-0.077
-0.067
-0.049
-0.025
-0.004
0.019
0.045
0.074
0.101
0.12
0.135
0.142
0.147
0.15
0.153
0.155
0.156
0.157
0.156
0.154
0.152
0.149
0.146
0.143
0.141
0.137
0.134
0.13
0.126
0.122
0.119
0.115
0.11
0.105
0.1
0.096
0.092
0.088
0.084
0.079
0.074
0.069
0.065
0.061
0.057
0.054
0.051
0.049
0.048
0.047
0.046
0.045
0.044
0.043
0.042
0.041
0.04
0.039
0.038
0.037
0.038
0.039
0.04
0.042
0.043
0.045
0.046
0.048
0.05
0.051
0.052
0.052
0.053
0.054
0.055
0.057
0.058
0.059
0.059
0.059
0.06
0.061
0.061
0.061
0.061
0.061
0.061
0.062
0.062
0.063
0.063
0.063
0.063
0.063
0.063
0.063
0.062
0.062
0.061
0.061
0.06
0.059
0.059
0.058
0.056
0.055
0.053
0.051
0.049
0.048
0.047
0.047
0.046
0.046
0.045
0.045
0.045
0.045
0.044
0.044
0.044
0.043
0.042
0.042
0.042
0.043
0.043
0.043
0.043
0.044
0.044
0.045
0.044
0.043
0.042
0.041
0.04
0.04
0.04
0.039
0.039
0.04
0.04
0.04
0.04
0.04
0.039
0.036
0.034
0.031
0.029
0.027
0.025
0.023
0.022
0.02
0.019
0.018
0.018
0.017
0.016
0.014
0.012
0.011
0.01
0.008
0.007
0.007
0.007
0.009
0.011
0.015
0.018
0.021
0.024
0.026
0.028
0.03
0.033
0.035
0.036
0.038
0.039
0.041
0.042
0.043
0.044
0.043
0.043
0.042
0.041
0.039
0.037
0.035
0.032
0.029
0.026
0.023
0.02
0.016
0.011
0.006
0.001
-0.002
-0.006
-0.01
-0.013
-0.015
-0.018
-0.02
-0.021
-0.022
-0.022
-0.022
-0.022
-0.022
-0.022
-0.022
-0.023
-0.024
-0.025
-0.026
-0.026
-0.027
-0.028
-0.029
-0.031
-0.033
-0.036
-0.039
-0.046
-0.059
-0.049
-0.021
0.063
0.2
0.385
0.611
0.862
1.11
1.316
1.429
1.44
1.383
1.239
1.072
0.927
0.829
0.76
0.689
0.605
0.506
0.396
0.289
0.187
0.091
0.007
-0.055
-0.096
-0.107
-0.115
-0.121
-0.125
-0.126
-0.126
-0.126
-0.125
-0.125
-0.124
-0.123
-0.123
-0.122
-0.122
-0.122
-0.122
-0.122
-0.123
-0.123
-0.124
-0.124
-0.123
-0.123
-0.121
-0.12
-0.119
-0.117
-0.115
-0.113
-0.111
-0.109
-0.107
-0.104
-0.1
-0.094
-0.086
-0.078
-0.071
-0.062
-0.05
-0.033
-0.016
-0.001
0.01
0.021
0.032
0.044
0.056
0.06
0.062
0.063
0.065
0.067
0.068
0.064
0.056
0.047
0.035
0.031
0.028
0.025
0.022
0.023
0.026
0.028
0.031
0.034
0.035
0.032
0.025
0.017
0.011
0.006
0.001
-0.003
-0.009
-0.014
-0.018
-0.023
-0.027
-0.034
-0.045
-0.05
-0.053
-0.055
-0.057
-0.058
-0.059
-0.058
-0.053
-0.047
-0.035
-0.016
-0.001
0.009
0.023
0.041
0.062
0.082
0.102
0.115
0.124
0.131
0.139
0.144
0.148
0.152
0.155
0.156
0.154
0.151
0.147
0.141
0.133
0.12
0.107
0.093
0.079
0.062
0.049
0.039
0.03
0.023
0.018
0.013
0.01
0.006
0.002
-0.002
-0.008
-0.013
-0.017
-0.019
-0.022
-0.025
-0.028
-0.031
-0.033
-0.034
-0.034
-0.034
-0.034
-0.034
-0.034
-0.033
-0.031
-0.03
-0.03
-0.03
-0.03
-0.029
-0.029
-0.028
-0.026
-0.026
-0.025
-0.024
-0.022
-0.019
-0.015
-0.012
-0.009
-0.007
-0.005
-0.002
0.0
0.003
0.006
0.009
0.012
0.015
0.018
0.021
0.024
0.027
0.03
0.032
0.035
0.039
0.041
0.044
0.046
0.047
0.046
0.044
0.041
0.037
0.033
0.028
0.021
0.012
0.003
-0.002
-0.006
-0.015
-0.031
-0.039
-0.042
-0.045
-0.048
-0.05
-0.051
-0.052
-0.053
-0.053
-0.053
-0.053
-0.053
-0.052
-0.051
-0.049
-0.048
-0.047
-0.046
-0.044
-0.043
-0.042
-0.041
-0.039
-0.037
-0.035
-0.033
-0.033
-0.037
-0.042
-0.048
-0.051
-0.054
-0.057
-0.06
-0.063
-0.066
-0.069
-0.07
-0.071
-0.07
-0.07
-0.069
-0.069
-0.069
-0.068
-0.067
-0.066
-0.066
-0.065
-0.065
-0.064
-0.063
-0.062
-0.06
-0.059
-0.058
-0.056
-0.054
-0.053
-0.051
-0.049
-0.048
-0.047
-0.045
-0.043
-0.039
-0.035
-0.03
-0.025
-0.019
-0.015
-0.012
-0.009
-0.006
-0.003
-0.001
0.0
0.003
0.005
0.006
0.008
0.008
0.009
0.01
0.011
0.013
0.014
0.016
0.017
0.017
0.017
0.017
0.015
0.013
0.011
0.008
0.006
0.004
0.001
0.0
-0.003
-0.004
-0.005
-0.005
-0.004
-0.003
-0.002
-0.001
0.0
0.001
0.005
0.004
-0.006
-0.016
-0.025
-0.033
-0.041
-0.053
-0.072
-0.095
-0.118
-0.139
-0.151
-0.143
-0.122
-0.052
0.066
0.239
0.458
0.706
0.951
1.153
1.257
1.263
1.188
1.018
0.828
0.657
0.533
0.451
0.389
0.333
0.277
0.208
0.121
0.028
-0.053
-0.118
-0.165
-0.197
-0.208
-0.21
-0.21
-0.211
-0.212
-0.213
-0.213
-0.213
-0.213
-0.213
-0.213
-0.211
-0.209
-0.207
-0.204
-0.2
-0.197
-0.193
-0.185
-0.179
-0.175
-0.173
-0.171
-0.169
-0.168
-0.166
-0.165
-0.164
-0.163
-0.162
-0.162
-0.162
-0.162
-0.161
-0.16
-0.16
-0.159
-0.158
-0.157
-0.154
-0.151
-0.148
-0.145
-0.143
-0.139
-0.134
-0.128
-0.122
-0.116
-0.11
-0.105
-0.1
-0.095
-0.09
-0.086
-0.083
-0.08
-0.078
-0.077
-0.076
-0.075
-0.074
-0.074
-0.073
-0.073
-0.072
-0.072
-0.071
-0.071
-0.071
-0.071
-0.07
-0.069
-0.068
-0.067
-0.066
-0.064
-0.063
-0.061
-0.06
-0.058
-0.055
-0.052
-0.049
-0.043
-0.03
-0.019
-0.01
0.0
0.013
0.028
0.041
0.052
0.064
0.077
0.097
0.121
0.144
0.168
0.187
0.201
0.216
0.225
0.231
0.237
0.24
0.241
0.24
0.236
0.231
0.226
0.219
0.209
0.198
0.186
0.176
0.166
0.157
0.147
0.138
0.131
0.125
0.12
0.116
0.114
0.112
0.11
0.108
0.106
0.104
0.102
0.101
0.099
0.097
0.095
0.094
0.093
0.092
0.092
0.092
0.092
0.092
0.093
0.093
0.093
0.093
0.092
0.092
0.091
0.09
0.089
0.088
0.087
0.086
0.084
0.082
0.08
0.077
0.074
0.07
0.064
0.057
0.05
0.044
0.039
0.034
0.03
0.027
0.024
0.022
0.019
0.018
0.016
0.014
0.012
0.01
0.009
0.008
0.008
0.008
0.008
0.009
0.01
0.012
0.013
0.014
0.015
0.016
0.016
0.017
0.018
0.019
0.022
0.025
0.025
0.02
0.015
0.012
0.01
0.008
0.005
0.002
0.0
-0.002
-0.005
-0.008
-0.011
-0.014
-0.016
-0.017
-0.018
-0.019
-0.021
-0.022
-0.024
-0.026
-0.029
-0.032
-0.034
-0.037
-0.039
-0.04
-0.04
-0.04
-0.039
-0.038
-0.036
-0.033
-0.031
-0.029
-0.027
-0.025
-0.023
-0.02
-0.011
-0.005
0.0
0.002
0.004
0.006
0.007
0.008
0.008
0.008
0.008
0.008
0.008
0.009
0.01
0.011
0.012
0.013
0.015
0.017
0.019
0.022
0.024
0.026
0.028
0.03
0.032
0.034
0.037
0.039
0.042
0.046
0.05
0.054
0.057
0.06
0.062
0.064
0.067
0.069
0.072
0.074
0.077
0.081
0.085
0.09
0.095
0.099
0.103
0.106
0.108
0.112
0.116
0.123
0.133
0.138
0.14
0.143
0.147
0.134
0.117
0.103
0.085
0.074
0.067
0.061
0.057
0.053
0.05
0.048
0.047
0.047
0.047
0.046
0.044
0.043
0.042
0.04
0.039
0.037
0.035
0.033
0.03
0.026
0.022
0.014
0.0
-0.006
-0.015
-0.014
0.015
0.09
0.216
0.395
0.618
0.864
1.103
1.302
1.42
1.435
1.39
1.253
1.094
0.956
0.863
0.804
0.745
0.663
0.553
0.422
0.285
0.16
0.058
-0.025
-0.088
-0.131
-0.145
-0.144
-0.144
-0.144
-0.143
-0.143
-0.143
-0.142
-0.142
-0.141
-0.141
-0.14
-0.14
-0.139
-0.138
-0.137
-0.136
-0.135
-0.135
-0.135
-0.135
-0.135
-0.135
-0.135
-0.135
-0.136
-0.137
-0.141
-0.147
-0.153
-0.16
-0.166
-0.176
-0.185
-0.188
-0.189
-0.19
-0.19
-0.19
-0.19
-0.19
-0.191
-0.19
-0.19
-0.189
-0.189
-0.188
-0.187
-0.187
-0.186
-0.185
-0.185
-0.185
-0.185
-0.186
-0.186
-0.186
-0.186
-0.186
-0.187
-0.187
-0.188
-0.188
-0.188
-0.189
-0.191
-0.193
-0.196
-0.198
-0.2
-0.202
-0.203
-0.205
-0.206
-0.208
-0.209
-0.21
-0.211
-0.211
-0.211
-0.211
-0.21
-0.208
-0.206
-0.204
-0.201
-0.197
-0.192
-0.187
-0.177
-0.157
-0.141
-0.125
-0.108
-0.088
-0.063
-0.03
-0.004
0.015
0.036
0.056
0.075
0.09
0.097
0.102
0.106
0.109
0.111
0.112
0.112
0.109
0.104
0.098
0.092
0.084
0.075
0.06
0.048
0.043
0.039
0.036
0.035
0.034
0.033
0.032
0.031
0.03
0.029
0.029
0.028
0.027
0.025
0.023
0.021
0.019
0.017
0.016
0.015
0.013
0.011
0.01
0.009
0.009
0.008
0.007
0.005
0.003
0.002
0.0
0.0
-0.001
-0.003
-0.004
-0.005
