-0.118
-0.111
-0.107
-0.104
-0.101
-0.098
-0.095
-0.093
-0.092
-0.09
-0.088
-0.086
-0.085
-0.083
-0.082
-0.08
-0.077
-0.075
-0.072
-0.07
-0.067
-0.064
-0.061
-0.057
-0.054
-0.05
-0.047
-0.043
-0.038
-0.033
-0.028
-0.023
-0.017
-0.011
-0.003
0.002
0.008
0.013
0.017
0.021
0.023
0.026
0.03
0.033
0.037
0.041
0.046
0.054
0.062
0.07
0.083
0.101
0.117
0.128
0.136
0.144
0.15
0.157
0.164
0.168
0.172
0.175
0.177
0.179
0.179
0.18
0.18
0.181
0.181
0.183
0.183
0.181
0.176
0.169
0.155
0.136
0.117
0.094
0.075
0.058
0.041
0.026
0.008
-0.003
-0.008
-0.011
-0.014
-0.017
-0.02
-0.023
-0.026
-0.029
-0.032
-0.034
-0.035
-0.037
-0.038
-0.039
-0.039
-0.04
-0.04
-0.041
-0.042
-0.043
-0.044
-0.045
-0.045
-0.046
-0.046
-0.046
-0.047
-0.047
-0.046
-0.046
-0.046
-0.045
-0.045
-0.044
-0.044
-0.043
-0.043
-0.043
-0.043
-0.043
-0.043
-0.043
-0.043
-0.042
-0.042
-0.041
-0.04
-0.039
-0.038
-0.037
-0.036
-0.036
-0.036
-0.036
-0.036
-0.036
-0.036
-0.036
-0.036
-0.035
-0.035
-0.034
-0.033
-0.032
-0.032
-0.031
-0.03
-0.029
-0.028
-0.028
-0.027
-0.027
-0.026
-0.024
-0.023
-0.021
-0.018
-0.015
-0.011
-0.006
-0.001
0.003
0.007
0.011
0.015
0.019
0.023
0.027
0.028
0.029
0.029
0.029
0.03
0.031
0.032
0.033
0.03
0.025
0.018
0.013
0.007
0.002
-0.002
-0.007
-0.011
-0.015
-0.019
-0.022
-0.026
-0.029
-0.032
-0.035
-0.037
-0.039
-0.041
-0.043
-0.045
-0.047
-0.049
-0.051
-0.053
-0.056
-0.058
-0.062
-0.068
-0.081
-0.096
-0.102
-0.106
-0.09
-0.04
0.05
0.181
0.361
0.554
0.739
0.867
0.9
0.817
0.627
0.376
0.139
-0.071
-0.179
-0.208
-0.178
-0.149
-0.125
-0.121
-0.118
-0.116
-0.115
-0.115
-0.114
-0.114
-0.113
-0.112
-0.11
-0.108
-0.108
-0.107
-0.107
-0.106
-0.105
-0.104
-0.101
-0.099
-0.096
-0.093
-0.087
-0.081
-0.075
-0.07
-0.065
-0.06
-0.056
-0.051
-0.048
-0.044
-0.041
-0.038
-0.034
-0.029
-0.022
-0.015
-0.008
-0.002
0.004
0.011
0.019
0.032
0.05
0.062
0.068
0.074
0.08
0.086
0.094
0.105
0.114
0.122
0.129
0.136
0.144
0.156
0.172
0.18
0.185
0.188
0.19
0.192
0.191
0.19
0.187
0.183
0.178
0.172
0.16
0.149
0.137
0.126
0.114
0.101
0.089
0.08
0.068
0.053
0.039
0.023
0.009
0.0
-0.011
-0.017
-0.021
-0.024
-0.026
-0.029
-0.032
-0.035
-0.037
-0.04
-0.041
-0.042
-0.043
-0.044
-0.045
-0.046
-0.047
-0.048
-0.05
-0.051
-0.052
-0.052
-0.053
-0.053
-0.053
-0.053
-0.054
-0.054
-0.055
-0.056
-0.056
-0.057
-0.058
-0.059
-0.059
-0.06
-0.06
-0.06
-0.06
-0.06
-0.06
-0.059
-0.059
-0.06
-0.06
-0.06
-0.061
-0.06
-0.06
-0.06
-0.059
-0.057
-0.055
-0.053
-0.05
-0.049
-0.047
-0.047
-0.046
-0.045
-0.044
-0.043
-0.042
-0.041
-0.04
-0.039
-0.038
-0.037
-0.035
-0.034
-0.033
-0.032
-0.03
-0.026
-0.021
-0.014
-0.009
-0.003
0.003
0.011
0.019
0.027
0.032
0.036
0.039
0.042
0.043
0.043
0.041
0.038
0.035
0.03
0.026
0.021
0.015
0.01
0.006
0.001
-0.004
-0.011
-0.018
-0.026
-0.031
-0.036
-0.04
-0.042
-0.044
-0.045
-0.046
-0.047
-0.049
-0.049
-0.051
-0.054
-0.058
-0.064
-0.075
-0.096
-0.113
-0.126
-0.125
-0.108
-0.061
0.037
0.175
0.361
0.556
0.739
0.85
0.86
0.801
0.62
0.383
0.161
-0.044
-0.159
-0.197
-0.17
-0.147
-0.127
-0.116
-0.11
-0.107
-0.105
-0.103
-0.102
-0.101
-0.1
-0.099
-0.098
-0.096
-0.094
-0.091
-0.088
-0.086
-0.083
-0.081
-0.079
-0.077
-0.074
-0.071
-0.068
-0.064
-0.06
-0.055
-0.049
-0.042
-0.037
-0.033
-0.029
-0.025
-0.021
-0.017
-0.013
-0.009
-0.005
0.0
0.004
0.008
0.012
0.016
0.019
0.024
0.03
0.037
0.05
0.068
0.082
0.093
0.101
0.11
0.125
0.141
0.151
0.158
0.163
0.168
0.173
0.179
0.183
0.186
0.189
0.191
0.192
0.191
0.189
0.185
0.181
0.175
0.166
0.156
0.142
0.126
0.111
0.095
0.079
0.062
0.046
0.028
0.014
0.003
-0.012
-0.021
-0.025
-0.03
-0.033
-0.036
-0.039
-0.041
-0.044
-0.046
-0.048
-0.049
-0.051
-0.052
-0.053
-0.053
-0.054
-0.054
-0.054
-0.054
-0.055
-0.055
-0.056
-0.057
-0.057
-0.058
-0.058
-0.058
-0.058
-0.058
-0.058
-0.057
-0.057
-0.057
-0.057
-0.058
-0.058
-0.058
-0.058
-0.058
-0.058
-0.058
-0.058
-0.059
-0.059
-0.059
-0.059
-0.059
-0.06
-0.06
-0.06
-0.06
-0.059
-0.059
-0.058
-0.057
-0.056
-0.055
-0.054
-0.052
-0.051
-0.049
-0.048
-0.047
-0.045
-0.043
-0.04
-0.036
-0.031
-0.027
-0.022
-0.019
-0.015
-0.012
-0.009
-0.006
-0.003
-0.001
0.0
0.002
0.004
0.005
0.006
0.007
0.006
0.004
0.002
0.0
-0.003
-0.007
-0.012
-0.016
-0.023
-0.03
-0.035
-0.039
-0.043
-0.045
-0.048
-0.05
-0.052
-0.054
-0.056
-0.058
-0.06
-0.062
-0.063
-0.066
-0.068
-0.072
-0.081
-0.101
-0.125
-0.138
-0.144
-0.137
-0.091
-0.011
0.112
0.272
0.461
0.647
0.804
0.866
0.828
0.674
0.448
0.217
0.01
-0.128
-0.159
-0.17
-0.161
-0.148
-0.138
-0.135
-0.133
-0.132
-0.131
-0.13
-0.129
-0.127
-0.123
-0.119
-0.115
-0.11
-0.106
-0.102
-0.098
-0.094
-0.09
-0.087
-0.083
-0.08
-0.076
-0.073
-0.069
-0.066
-0.064
-0.061
-0.058
-0.055
-0.052
-0.049
-0.045
-0.042
-0.04
-0.037
-0.033
-0.028
-0.021
-0.013
-0.002
0.006
0.014
0.021
0.027
0.032
0.04
0.05
0.059
0.067
0.074
0.081
0.09
0.101
0.113
0.123
0.133
0.143
0.154
0.162
0.168
0.173
0.176
0.178
0.179
0.182
0.185
0.184
0.174
0.166
0.16
0.153
0.147
0.139
0.126
0.105
0.087
0.074
0.065
0.055
0.04
0.026
0.008
-0.009
-0.022
-0.03
-0.037
-0.041
-0.046
-0.051
-0.056
-0.059
-0.061
-0.063
-0.065
-0.067
-0.069
-0.071
-0.072
-0.073
-0.074
-0.075
-0.075
-0.075
-0.076
-0.076
-0.076
-0.077
-0.077
-0.078
-0.078
-0.078
-0.079
-0.079
-0.079
-0.079
-0.079
-0.078
-0.078
-0.078
-0.077
-0.077
-0.077
-0.077
-0.077
-0.078
-0.078
-0.078
-0.078
-0.077
-0.077
-0.076
-0.075
-0.075
-0.074
-0.072
-0.071
-0.07
-0.069
-0.068
-0.067
-0.065
-0.058
-0.053
-0.049
-0.047
-0.045
-0.043
-0.041
-0.04
-0.039
-0.037
-0.034
-0.031
-0.028
-0.024
-0.02
-0.015
-0.008
-0.001
0.004
0.009
0.013
0.017
0.021
0.023
0.024
0.022
0.019
0.014
0.006
-0.008
-0.021
-0.029
-0.032
-0.034
-0.035
-0.035
-0.035
-0.035
-0.035
-0.036
-0.036
-0.037
-0.038
-0.038
-0.039
-0.039
-0.041
-0.042
-0.045
-0.048
-0.064
-0.089
-0.098
-0.092
-0.074
-0.02
0.076
0.233
0.419
0.625
0.807
0.928
0.939
0.869
0.686
0.462
0.222
0.013
-0.085
-0.125
-0.151
-0.116
-0.097
-0.095
-0.093
-0.091
-0.089
-0.088
-0.088
-0.087
-0.087
-0.087
-0.086
-0.085
-0.085
-0.085
-0.084
-0.084
-0.084
-0.084
-0.084
-0.083
-0.081
-0.079
-0.076
-0.07
-0.064
-0.057
-0.051
-0.046
-0.041
-0.036
-0.032
-0.027
-0.022
-0.015
-0.007
0.0
0.006
0.012
0.016
0.021
0.025
0.031
0.037
0.045
0.057
0.072
0.082
0.089
0.094
0.099
0.115
0.142
0.159
0.172
0.181
0.187
0.193
0.202
0.212
0.216
0.218
0.219
0.221
0.221
0.221
0.22
0.217
0.213
0.208
0.199
0.179
0.159
0.141
0.127
0.113
0.1
0.083
0.066
0.053
0.045
0.038
0.033
0.025
0.015
0.009
0.003
0.0
-0.004
-0.007
-0.008
-0.008
-0.007
-0.007
-0.007
-0.007
-0.006
-0.006
-0.006
-0.006
-0.006
-0.007
-0.007
-0.006
-0.005
-0.004
-0.003
-0.002
-0.002
-0.001
0.0
0.0
0.0
0.0
0.0
0.0
0.001
0.001
0.001
0.001
0.001
0.001
0.0
0.0
0.0
-0.002
-0.003
-0.005
-0.007
-0.009
-0.01
-0.012
-0.016
-0.024
-0.027
-0.028
-0.029
-0.029
-0.031
-0.032
-0.033
-0.032
-0.03
-0.026
-0.023
-0.02
-0.016
-0.012
-0.008
-0.003
0.001
0.005
0.008
0.011
0.014
0.017
0.019
0.021
0.023
0.024
0.024
0.024
0.024
0.023
0.021
0.019
0.016
0.013
0.01
0.007
0.003
-0.002
-0.009
-0.014
-0.017
-0.02
-0.022
-0.023
-0.025
-0.027
-0.029
-0.031
-0.032
-0.034
-0.035
-0.037
-0.039
-0.041
-0.044
-0.048
-0.06
-0.075
-0.083
-0.088
-0.074
-0.03
0.052
0.193
0.367
0.564
0.755
0.906
0.973
0.911
0.746
0.53
0.272
0.045
-0.091
-0.14
-0.168
-0.138
-0.105
-0.095
-0.09
-0.087
-0.085
-0.084
-0.083
-0.082
-0.082
-0.081
-0.081
-0.08
-0.079
-0.079
-0.078
-0.077
-0.076
-0.075
-0.075
-0.073
-0.071
-0.069
-0.067
-0.064
-0.062
-0.059
-0.055
-0.052
-0.048
-0.044
-0.04
-0.035
-0.03
-0.025
-0.021
-0.018
-0.016
-0.015
-0.012
-0.009
-0.004
0.003
0.015
0.029
0.044
0.052
0.059
0.067
0.08
0.093
0.105
0.115
0.124
0.133
0.145
0.162
0.181
0.189
0.193
0.197
0.2
0.201
0.202
0.202
0.201
0.199
0.197
0.193
0.189
0.183
0.171
0.16
0.146
0.129
0.114
0.1
0.081
0.054
0.036
0.022
0.013
0.004
-0.003
-0.009
-0.013
-0.018
-0.021
-0.025
-0.028
-0.031
-0.033
-0.034
-0.036
-0.038
-0.039
-0.04
-0.041
-0.041
-0.041
-0.041
-0.041
-0.04
-0.039
-0.038
-0.036
-0.035
-0.033
-0.032
-0.031
-0.03
-0.03
-0.029
-0.029
-0.029
-0.029
-0.029
-0.029
-0.028
-0.028
-0.027
-0.027
-0.027
-0.028
-0.028
-0.028
-0.029
-0.029
-0.029
-0.03
-0.03
-0.03
-0.03
-0.03
-0.03
-0.03
-0.03
-0.03
-0.029
-0.028
-0.028
-0.028
-0.028
-0.029
-0.03
-0.03
-0.03
-0.031
-0.031
-0.031
-0.031
-0.03
-0.03
-0.029
-0.028
-0.028
-0.027
-0.026
-0.025
-0.024
-0.023
-0.021
-0.02
-0.016
-0.011
-0.006
-0.001
0.002
0.006
0.009
0.012
0.014
0.016
0.017
0.018
0.019
0.019
0.018
0.017
0.015
0.012
0.009
0.006
0.0
-0.009
-0.017
-0.024
-0.029
-0.033
-0.038
-0.043
-0.046
-0.048
-0.051
-0.052
-0.054
-0.056
-0.058
-0.061
-0.062
-0.064
-0.067
-0.07
-0.074
-0.085
-0.104
-0.118
-0.127
-0.119
-0.093
-0.022
0.093
0.26
0.455
0.653
0.827
0.911
0.876
0.723
0.489
0.248
0.004
-0.121
-0.154
-0.166
-0.156
-0.15
-0.146
-0.144
-0.142
-0.14
-0.138
-0.137
-0.135
-0.133
-0.131
-0.129
-0.127
-0.126
-0.125
-0.123
-0.121
-0.119
-0.117
-0.116
-0.114
-0.113
-0.111
-0.109
-0.106
-0.104
-0.102
-0.098
-0.094
-0.09
-0.086
-0.082
-0.077
-0.072
-0.064
-0.057
-0.05
-0.045
-0.041
-0.037
-0.034
-0.031
-0.027
-0.022
-0.014
-0.004
0.004
0.011
0.019
0.027
0.04
0.058
0.073
0.09
0.106
0.117
0.128
0.139
0.149
0.16
0.165
0.169
0.172
0.174
0.176
0.176
0.176
0.174
0.171
0.167
0.162
0.152
0.132
0.111
0.093
0.078
0.064
0.052
0.04
0.027
0.013
0.003
-0.002
-0.007
-0.012
-0.017
-0.025
-0.034
-0.041
-0.044
-0.046
-0.048
-0.05
-0.051
-0.053
-0.053
-0.054
-0.055
-0.055
-0.055
-0.056
-0.055
-0.054
-0.053
-0.052
-0.051
-0.049
-0.048
-0.046
-0.045
-0.043
-0.042
-0.04
-0.039
-0.037
-0.036
-0.034
-0.033
-0.031
-0.03
-0.029
-0.028
-0.027
-0.026
-0.025
-0.025
-0.024
-0.024
-0.023
-0.023
-0.022
-0.023
-0.023
-0.023
-0.024
-0.024
-0.025
-0.026
-0.027
-0.027
-0.028
-0.028
-0.029
-0.029
-0.03
-0.03
-0.03
-0.03
-0.03
-0.031
-0.032
-0.032
-0.032
-0.029
-0.026
-0.022
-0.021
-0.019
-0.018
-0.016
-0.015
-0.012
-0.011
-0.009
-0.008
-0.007
-0.006
-0.004
-0.003
-0.002
-0.001
0.0
0.0
0.002
0.005
0.007
0.009
0.011
0.013
0.016
0.019
0.026
0.039
0.053
0.063
0.066
0.069
0.071
0.071
0.07
0.065
0.058
0.049
0.037
0.028
0.022
0.018
0.013
0.009
0.004
0.0
-0.003
-0.007
-0.01
-0.013
-0.014
-0.014
-0.012
-0.011
-0.009
-0.008
-0.007
-0.005
-0.004
-0.005
-0.007
-0.011
-0.024
-0.045
-0.07
-0.092
-0.099
-0.091
-0.066
-0.016
0.068
0.205
0.377
0.571
0.748
0.882
0.908
0.832
0.655
0.426
0.192
-0.014
-0.121
-0.15
-0.151
-0.127
-0.108
-0.102
-0.098
-0.096
-0.095
-0.095
-0.096
-0.097
-0.099
-0.1
-0.101
-0.103
-0.105
-0.106
-0.105
-0.101
-0.096
-0.09
-0.081
-0.073
-0.069
-0.067
-0.066
-0.065
-0.063
-0.062
-0.061
-0.061
-0.06
-0.058
-0.057
-0.056
-0.056
-0.055
-0.054
-0.053
-0.052
-0.05
-0.046
-0.037
-0.029
-0.019
-0.007
0.003
0.015
0.025
0.038
0.05
0.059
0.069
0.078
0.085
0.092
0.097
0.104
0.112
0.122
0.13
0.137
0.144
0.152
0.159
0.165
0.169
0.171
0.17
0.168
0.164
0.16
0.154
0.144
0.131
0.116
0.1
0.083
0.067
0.052
0.039
0.025
0.011
-0.002
-0.013
-0.021
-0.031
-0.038
-0.044
-0.048
-0.051
-0.053
-0.054
-0.054
-0.055
-0.056
-0.056
-0.056
-0.056
-0.056
-0.056
-0.055
-0.055
-0.055
-0.054
-0.054
-0.053
-0.052
-0.051
-0.05
-0.05
-0.049
-0.049
-0.048
-0.048
-0.047
-0.046
-0.046
-0.046
-0.047
-0.047
-0.046
-0.046
-0.045
-0.045
-0.045
-0.044
-0.044
-0.044
-0.044
-0.044
-0.045
-0.046
-0.047
-0.047
-0.048
-0.048
-0.049
-0.049
-0.049
-0.049
-0.048
-0.047
-0.046
-0.045
-0.044
-0.042
-0.041
-0.04
-0.039
-0.038
-0.037
-0.036
-0.035
-0.034
-0.034
-0.034
-0.034
-0.035
-0.035
-0.037
-0.038
-0.04
-0.042
-0.043
-0.045
-0.046
-0.048
-0.05
-0.051
-0.05
-0.048
-0.044
-0.04
-0.036
-0.032
-0.028
-0.024
-0.02
-0.017
-0.016
-0.014
-0.013
-0.011
-0.009
-0.007
-0.006
-0.005
-0.003
0.0
0.002
0.006
0.011
0.015
0.021
0.029
0.036
0.042
0.046
0.051
0.057
0.06
0.056
0.049
0.043
0.037
0.03
0.024
0.019
0.011
0.001
-0.004
-0.006
-0.007
-0.008
-0.009
-0.009
-0.009
-0.01
-0.011
-0.013
-0.014
-0.015
-0.017
-0.018
-0.021
-0.024
-0.028
-0.037
-0.058
-0.08
-0.095
-0.106
-0.105
-0.079
-0.027
0.066
0.202
0.377
0.57
0.75
0.883
0.913
0.845
0.668
0.429
0.191
-0.021
-0.132
-0.155
-0.154
-0.122
-0.098
-0.089
-0.087
-0.085
-0.085
-0.084
-0.084
-0.083
-0.083
-0.081
-0.08
-0.078
-0.076
-0.074
-0.072
-0.071
-0.069
-0.067
-0.065
-0.062
-0.06
-0.057
-0.054
-0.052
-0.049
-0.047
-0.044
-0.041
-0.035
-0.03
-0.024
-0.019
-0.014
-0.009
-0.005
-0.001
0.002
0.006
0.01
0.014
0.017
0.022
0.027
0.032
0.038
0.047
0.054
0.06
0.068
0.078
0.09
0.108
0.126
0.137
0.147
0.159
0.172
0.185
0.194
0.2
0.205
0.209
0.21
0.208
0.203
0.197
0.19
0.182
0.174
0.168
0.158
0.143
0.132
0.126
0.119
0.111
0.101
0.089
0.074
0.058
0.043
0.032
0.023
0.015
0.006
-0.004
-0.011
-0.017
-0.022
-0.025
-0.028
-0.03
-0.031
-0.033
-0.033
-0.034
-0.034
-0.035
-0.035
-0.035
-0.035
-0.036
-0.036
-0.036
-0.036
-0.036
-0.036
-0.036
-0.036
-0.036
-0.036
-0.036
-0.037
-0.037
-0.038
-0.039
-0.04
-0.04
-0.041
-0.041
-0.042
-0.043
-0.044
-0.044
-0.045
-0.045
-0.046
-0.047
-0.048
-0.049
-0.049
-0.05
-0.05
-0.051
-0.051
-0.051
-0.052
-0.052
-0.052
-0.053
-0.054
-0.054
-0.055
-0.056
-0.056
-0.056
-0.056
-0.055
-0.055
-0.055
-0.055
-0.056
-0.056
-0.057
-0.057
-0.057
-0.057
-0.057
-0.056
-0.055
-0.053
-0.051
-0.048
-0.046
-0.045
-0.043
-0.041
-0.039
-0.036
-0.035
-0.035
-0.035
-0.037
-0.038
-0.04
-0.042
-0.044
-0.047
-0.049
-0.051
-0.052
-0.05
-0.047
-0.041
-0.036
-0.029
-0.021
-0.013
-0.007
-0.001
0.001
0.004
0.006
0.008
0.01
0.011
0.012
0.012
0.012
0.011
0.009
0.007
0.004
0.0
-0.003
-0.007
-0.011
-0.016
-0.022
-0.027
-0.032
-0.035
-0.038
-0.041
-0.043
-0.045
-0.047
-0.049
-0.052
-0.054
-0.057
-0.059
-0.062
-0.065
-0.07
-0.076
-0.09
-0.114
-0.13
-0.14
-0.13
-0.099
-0.017
0.111
0.297
0.514
0.719
0.879
0.929
0.866
0.685
0.435
0.182
-0.036
-0.162
-0.202
-0.168
-0.143
-0.13
-0.125
-0.121
-0.118
-0.116
-0.114
-0.113
-0.112
-0.111
-0.109
-0.108
-0.106
-0.105
-0.105
-0.104
-0.103
-0.102
-0.102
-0.101
-0.099
-0.096
-0.089
-0.07
-0.059
-0.054
-0.051
-0.048
-0.046
-0.043
-0.04
-0.037
-0.034
-0.031
-0.027
-0.023
-0.017
-0.012
-0.007
-0.002
0.002
0.007
0.011
0.016
0.021
0.026
0.031
0.037
0.045
0.054
0.065
0.077
0.091
0.104
0.118
0.131
0.145
0.16
0.174
0.185
0.192
0.196
0.2
0.203
0.204
0.204
0.203
0.2
0.195
0.19
0.182
0.169
0.158
0.146
0.135
0.122
0.109
0.096
0.085
0.069
0.051
0.039
0.033
0.027
0.019
0.011
0.004
0.0
-0.005
-0.01
-0.014
-0.019
-0.023
-0.027
-0.03
-0.033
-0.036
-0.038
-0.04
-0.041
-0.041
-0.041
-0.042
-0.042
-0.042
-0.041
-0.041
-0.04
-0.04
-0.039
-0.038
-0.038
-0.037
-0.037
-0.038
-0.039
-0.04
-0.041
-0.041
-0.041
-0.042
-0.042
-0.042
-0.042
-0.042
-0.041
-0.04
-0.04
-0.04
-0.04
-0.04
-0.04
-0.04
-0.04
-0.04
-0.04
-0.04
-0.04
-0.04
-0.04
-0.04
-0.04
-0.041
-0.042
-0.043
-0.044
-0.045
-0.045
-0.045
-0.045
-0.045
-0.045
-0.044
-0.044
-0.043
-0.042
-0.042
-0.042
-0.041
-0.041
-0.041
-0.04
-0.039
-0.039
-0.038
-0.037
-0.036
-0.034
-0.033
-0.031
-0.03
-0.029
-0.028
-0.026
-0.023
-0.019
-0.015
-0.011
-0.008
-0.005
-0.002
0.0
0.003
0.005
0.008
0.01
0.012
0.014
0.015
0.016
0.017
0.017
0.017
0.015
0.014
0.011
0.009
0.006
0.003
0.0
-0.003
-0.011
-0.019
-0.024
-0.029
-0.032
-0.034
-0.036
-0.038
-0.04
-0.043
-0.045
-0.047
-0.048
-0.05
-0.053
-0.056
-0.063
-0.081
-0.095
-0.104
-0.108
-0.104
-0.092
-0.058
0.021
0.142
0.314
0.51
0.696
0.848
0.897
0.84
0.673
0.427
0.18
-0.037
-0.168
-0.19
-0.186
-0.146
-0.119
-0.113
-0.11
-0.107
-0.105
-0.103
-0.102
-0.101
-0.101
-0.099
-0.098
-0.097
-0.096
-0.096
-0.096
-0.095
-0.094
-0.093
-0.092
-0.091
-0.09
-0.088
-0.085
-0.076
-0.065
-0.059
-0.056
-0.053
-0.051
-0.048
-0.046
-0.042
-0.039
-0.036
-0.032
-0.028
-0.021
-0.01
-0.001
0.006
0.013
0.018
0.024
0.031
0.037
0.044
0.05
0.056
0.063
0.071
0.081
0.095
0.11
0.125
0.139
0.152
0.163
0.172
0.181
0.189
0.194
0.198
0.202
0.204
0.206
0.206
0.204
0.201
0.196
0.189
0.176
0.153
0.135
0.122
0.109
0.097
0.084
0.07
0.056
0.041
0.028
0.015
0.002
-0.01
-0.021
-0.031
-0.038
-0.045
-0.047
-0.049
-0.051
-0.052
-0.053
-0.054
-0.055
-0.056
-0.056
-0.057
-0.058
-0.058
-0.058
-0.057
-0.057
-0.057
-0.056
-0.055
-0.054
-0.053
-0.052
-0.05
-0.05
-0.049
-0.048
-0.047
-0.046
-0.045
-0.045
-0.044
-0.044
-0.043
-0.043
-0.042
-0.042
-0.042
-0.042
-0.041
-0.041
-0.041
-0.041
-0.041
-0.042
-0.042
-0.042
-0.042
-0.041
-0.041
-0.041
-0.041
-0.041
-0.041
-0.041
-0.041
-0.041
-0.041
-0.041
-0.041
-0.04
-0.039
-0.038
-0.037
-0.036
-0.035
-0.034
-0.032
-0.031
-0.029
-0.028
-0.026
-0.024
-0.019
-0.013
-0.008
-0.003
0.001
0.005
0.01
0.015
0.019
0.023
0.026
0.028
0.03
0.033
0.037
0.04
0.039
0.035
0.028
0.021
0.013
0.004
-0.005
-0.013
-0.019
-0.024
-0.028
-0.031
-0.034
-0.036
-0.038
-0.04
-0.042
-0.044
-0.046
-0.048
-0.05
-0.052
-0.054
-0.056
-0.059
-0.063
-0.068
-0.08
-0.096
-0.108
-0.106
-0.078
-0.023
0.072
0.211
0.385
0.575
0.749
0.866
0.877
0.815
0.62
0.376
0.141
-0.069
-0.166
-0.187
-0.185
-0.152
-0.12
-0.11
-0.106
-0.101
-0.097
-0.094
-0.092
-0.091
-0.089
-0.088
-0.087
-0.086
-0.085
-0.085
-0.084
-0.082
-0.08
-0.079
-0.078
-0.077
-0.076
-0.075
-0.073
-0.072
-0.069
-0.066
-0.062
-0.056
-0.05
-0.044
-0.038
-0.032
-0.027
-0.022
-0.017
-0.013
-0.01
-0.007
-0.003
0.002
0.01
0.018
0.028
0.04
0.052
0.062
0.071
0.079
0.087
0.1
0.117
0.133
0.15
0.166
0.183
0.198
0.208
0.215
0.218
0.221
0.223
0.225
0.226
0.226
0.225
0.223
0.219
0.215
0.207
0.192
0.176
0.159
0.14
0.124
0.109
0.094
0.08
0.064
0.046
0.03
0.018
0.009
0.0
-0.008
-0.014
-0.019
-0.024
-0.03
-0.035
-0.04
-0.044
-0.049
-0.052
-0.054
-0.056
-0.058
-0.06
-0.06
-0.06
-0.059
-0.058
-0.056
-0.055
-0.054
-0.054
-0.053
-0.053
-0.052
-0.052
-0.051
-0.051
-0.051
-0.051
-0.05
-0.05
-0.05
-0.05
-0.051
-0.051
-0.052
-0.052
-0.052
-0.053
-0.053
-0.054
-0.054
-0.055
-0.055
-0.055
-0.056
-0.056
-0.056
-0.056
-0.056
-0.057
-0.057
-0.058
-0.058
-0.058
-0.059
-0.061
-0.062
-0.063
-0.062
-0.059
-0.054
-0.05
-0.046
-0.042
-0.039
-0.035
-0.031
-0.027
-0.024
-0.021
-0.018
-0.014
-0.009
-0.004
-0.001
0.001
0.004
0.008
0.013
0.015
0.011
0.002
-0.004
-0.011
-0.017
-0.022
-0.027
-0.035
-0.044
-0.053
-0.056
-0.058
-0.06
-0.06
-0.061
-0.062
-0.063
-0.064
-0.065
-0.067
-0.068
-0.069
-0.07
-0.071
-0.073
-0.075
-0.079
-0.087
-0.099
-0.108
-0.105
-0.077
-0.029
0.056
0.195
0.366
0.559
0.733
0.846
0.854
0.782
0.589
0.356
0.106
-0.102
-0.179
-0.205
-0.194
-0.159
-0.126
-0.116
-0.123
-0.129
-0.133
-0.136
-0.137
-0.135
-0.13
-0.124
-0.12
-0.118
-0.116
-0.114
-0.112
-0.11
-0.108
-0.105
-0.103
-0.101
-0.099
-0.096
-0.094
-0.091
-0.088
-0.084
-0.08
-0.077
-0.074
-0.071
-0.067
-0.061
-0.051
-0.042
-0.034
-0.028
-0.021
-0.013
-0.005
0.005
0.013
0.022
0.03
0.038
0.049
0.064
0.078
0.088
0.095
0.102
0.109
0.118
0.131
0.146
0.162
0.18
0.194
0.204
0.21
0.214
0.218
0.221
0.223
0.224
0.223
0.221
0.219
0.217
0.214
0.211
0.204
0.194
0.176
0.154
0.136
0.121
0.111
0.097
0.079
0.058
0.038
0.024
0.014
0.008
0.003
0.0
-0.001
0.0
0.003
0.006
0.008
0.01
0.013
0.015
0.015
0.014
0.01
0.006
0.001
-0.001
-0.004
-0.007
-0.01
-0.013
-0.015
-0.016
-0.015
-0.014
-0.013
-0.011
-0.009
-0.007
-0.004
-0.001
0.0
-0.001
-0.004
-0.009
-0.011
-0.013
-0.015
-0.016
-0.018
-0.02
-0.021
-0.022
-0.022
-0.021
-0.02
-0.018
-0.016
-0.013
-0.011
-0.008
-0.006
-0.003
-0.001
0.0
0.003
0.005
0.007
0.01
0.013
0.015
0.017
0.019
0.021
0.023
0.026
0.03
0.041
0.053
0.061
0.066
0.071
0.074
0.075
0.074
0.072
0.069
0.064
0.056
0.04
0.027
0.021
0.016
0.013
0.01
0.009
0.007
0.006
0.006
0.005
0.004
0.004
0.002
0.001
0.0
-0.001
-0.003
-0.005
-0.008
-0.012
-0.018
-0.032
-0.045
-0.066
-0.078
-0.082
-0.076
-0.043
0.029
0.136
0.286
0.462
0.637
0.789
0.858
0.824
0.686
0.467
0.238
-0.024
-0.165
-0.229
-0.238
-0.218
-0.188
-0.177
-0.175
-0.177
-0.178
-0.179
-0.18
-0.181
-0.182
-0.181
-0.181
-0.181
-0.181
-0.18
-0.178
-0.176
-0.173
-0.169
-0.166
-0.163
-0.16
-0.158
-0.155
-0.153
-0.15
-0.148
-0.145
-0.143
-0.141
-0.14
-0.138
-0.137
-0.135
-0.134
-0.131
-0.125
-0.118
-0.11
-0.103
-0.097
-0.091
-0.084
-0.077
-0.068
-0.058
-0.051
-0.046
-0.04
-0.032
-0.02
-0.004
0.014
0.031
0.047
0.059
0.068
0.08
0.096
0.115
0.125
