0.122
0.247
0.408
0.584
0.751
0.868
0.907
0.878
0.792
0.609
0.4
0.211
0.044
-0.031
-0.062
-0.083
-0.098
-0.114
-0.133
-0.152
-0.167
-0.18
-0.194
-0.204
-0.212
-0.217
-0.22
-0.222
-0.223
-0.222
-0.221
-0.221
-0.221
-0.222
-0.222
-0.219
-0.207
-0.19
-0.176
-0.166
-0.159
-0.152
-0.146
-0.142
-0.139
-0.136
-0.133
-0.13
-0.127
-0.123
-0.12
-0.117
-0.114
-0.112
-0.108
-0.104
-0.1
-0.095
-0.089
-0.082
-0.073
-0.065
-0.056
-0.048
-0.041
-0.033
-0.025
-0.017
-0.007
0.003
0.015
0.027
0.039
0.053
0.07
0.092
0.114
0.136
0.154
0.168
0.179
0.189
0.199
0.206
0.21
0.214
0.219
0.225
0.23
0.236
0.241
0.245
0.249
0.251
0.251
0.25
0.249
0.247
0.244
0.24
0.236
0.231
0.226
0.214
0.187
0.158
0.129
0.098
0.062
0.031
0.005
-0.018
-0.04
-0.058
-0.075
-0.091
-0.11
-0.129
-0.141
-0.15
-0.158
-0.165
-0.171
-0.176
-0.18
-0.183
-0.186
-0.189
-0.193
-0.196
-0.199
-0.201
-0.202
-0.203
-0.203
-0.203
-0.203
-0.203
-0.204
-0.204
-0.205
-0.205
-0.205
-0.204
-0.204
-0.202
-0.201
-0.2
-0.198
-0.198
-0.197
-0.197
-0.198
-0.198
-0.198
-0.197
-0.195
-0.192
-0.19
-0.188
-0.186
-0.185
-0.184
-0.184
-0.184
-0.184
-0.184
-0.184
-0.184
-0.183
-0.183
-0.182
-0.181
-0.181
-0.181
-0.182
-0.183
-0.183
-0.183
-0.183
-0.181
-0.18
-0.179
-0.178
-0.177
-0.175
-0.173
-0.171
-0.169
-0.167
-0.164
-0.162
-0.16
-0.158
-0.157
-0.157
-0.157
-0.157
-0.158
-0.158
-0.157
-0.155
-0.151
-0.148
-0.144
-0.14
-0.137
-0.134
-0.132
-0.131
-0.131
-0.13
-0.13
-0.129
-0.128
-0.124
-0.12
-0.116
-0.117
-0.128
-0.144
-0.158
-0.167
-0.175
-0.184
-0.192
-0.2
-0.207
-0.213
-0.218
-0.222
-0.225
-0.227
-0.229
-0.229
-0.229
-0.228
-0.226
-0.223
-0.22
-0.217
-0.213
-0.209
-0.205
-0.201
-0.197
-0.195
-0.193
-0.19
-0.188
-0.186
-0.184
-0.182
-0.179
-0.177
-0.176
-0.174
-0.173
-0.171
-0.169
-0.168
-0.167
-0.164
-0.16
-0.156
-0.149
-0.14
-0.129
-0.111
-0.09
-0.064
-0.037
-0.013
0.009
0.028
0.038
0.045
0.049
0.053
0.056
0.059
0.061
0.064
0.065
0.066
0.066
0.066
0.065
0.064
0.064
0.065
0.067
0.071
0.076
0.081
0.086
0.091
0.096
0.101
0.106
0.11
0.115
0.12
0.125
0.131
0.138
0.145
0.152
0.158
0.163
0.167
0.17
0.173
0.174
0.175
0.176
0.178
0.18
0.185
0.192
0.208
0.248
0.325
0.438
0.588
0.763
0.929
1.06
1.104
1.089
1.044
0.916
0.75
0.564
0.43
0.302
0.215
0.173
0.157
0.149
0.143
0.139
0.134
0.13
0.127
0.123
0.12
0.119
0.118
0.118
0.117
0.117
0.116
0.115
0.115
0.116
0.117
0.12
0.124
0.129
0.135
0.142
0.149
0.156
0.163
0.17
0.176
0.181
0.186
0.192
0.198
0.205
0.213
0.221
0.229
0.236
0.243
0.25
0.255
0.259
0.262
0.264
0.266
0.267
0.269
0.271
0.274
0.278
0.283
0.287
0.291
0.294
0.297
0.3
0.303
0.306
0.309
0.312
0.315
0.321
0.327
0.333
0.34
0.349
0.359
0.375
0.392
0.405
0.415
0.422
0.428
0.433
0.437
0.442
0.445
0.447
0.449
0.451
0.45
0.448
0.444
0.439
0.432
0.423
0.414
0.404
0.389
0.371
0.355
0.337
0.317
0.295
0.275
0.258
0.244
0.23
0.216
0.201
0.185
0.169
0.155
0.139
0.121
0.103
0.087
0.074
0.061
0.048
0.035
0.021
0.01
0.002
-0.004
-0.009
-0.013
-0.017
-0.022
-0.027
-0.032
-0.038
-0.044
-0.051
-0.056
-0.061
-0.065
-0.068
-0.071
-0.072
-0.074
-0.076
-0.078
-0.08
-0.083
-0.086
-0.089
-0.09
-0.092
-0.093
-0.093
-0.094
-0.094
-0.094
-0.093
-0.093
-0.093
-0.094
-0.095
-0.097
-0.098
-0.1
-0.101
-0.103
-0.105
-0.108
-0.11
-0.112
-0.114
-0.115
-0.116
-0.118
-0.121
-0.123
-0.125
-0.129
-0.134
-0.139
-0.142
-0.141
-0.135
-0.125
-0.114
-0.104
-0.096
-0.089
-0.082
-0.075
-0.068
-0.062
-0.056
-0.051
-0.047
-0.043
-0.041
-0.039
-0.039
-0.038
-0.038
-0.037
-0.036
-0.034
-0.032
-0.029
-0.026
-0.024
-0.021
-0.019
-0.019
-0.02
-0.022
-0.027
-0.034
-0.043
-0.053
-0.062
-0.07
-0.077
-0.083
-0.089
-0.096
-0.103
-0.109
-0.116
-0.122
-0.128
-0.134
-0.14
-0.146
-0.152
-0.157
-0.162
-0.167
-0.172
-0.175
-0.178
-0.181
-0.184
-0.186
-0.188
-0.189
-0.191
-0.192
-0.193
-0.194
-0.194
-0.195
-0.195
-0.194
-0.193
-0.192
-0.19
-0.188
-0.186
-0.184
-0.183
-0.181
-0.178
-0.176
-0.173
-0.17
-0.168
-0.165
-0.164
-0.162
-0.161
-0.161
-0.161
-0.162
-0.16
-0.158
-0.156
-0.154
-0.153
-0.153
-0.153
-0.155
-0.157
-0.161
-0.165
-0.17
-0.174
-0.179
-0.183
-0.187
-0.191
-0.193
-0.192
-0.188
-0.181
-0.174
-0.166
-0.159
-0.154
-0.149
-0.144
-0.139
-0.135
-0.131
-0.127
-0.123
-0.119
-0.115
-0.113
-0.112
-0.11
-0.108
-0.105
-0.101
-0.096
-0.091
-0.084
-0.076
-0.066
-0.055
-0.043
-0.027
-0.004
0.038
0.104
0.199
0.307
0.436
0.566
0.715
0.854
0.944
0.976
0.932
0.793
0.575
0.345
0.151
0.054
0.023
0.047
0.058
0.06
0.062
0.064
0.066
0.068
0.071
0.073
0.076
0.079
0.081
0.081
0.08
0.08
0.08
0.081
0.082
0.084
0.085
0.086
0.087
0.087
0.088
0.088
0.089
0.09
0.091
0.092
0.091
0.091
0.09
0.089
0.088
0.088
0.087
0.087
0.088
0.089
0.09
0.091
0.092
0.093
0.094
0.095
0.095
0.095
0.095
0.095
0.096
0.097
0.099
0.102
0.105
0.109
0.114
0.118
0.123
0.127
0.131
0.135
0.14
0.145
0.152
0.161
0.173
0.192
0.212
0.229
0.246
0.262
0.277
0.291
0.3
0.308
0.313
0.317
0.321
0.325
0.328
0.331
0.333
0.333
0.333
0.33
0.325
0.319
0.31
0.301
0.287
0.261
0.239
0.224
0.212
0.201
0.189
0.178
0.165
0.15
0.134
0.118
0.101
0.085
0.067
0.047
0.028
0.012
-0.002
-0.014
-0.024
-0.035
-0.046
-0.055
-0.064
-0.07
-0.072
-0.073
-0.074
-0.074
-0.075
-0.075
-0.076
-0.078
-0.079
-0.079
-0.08
-0.08
-0.08
-0.08
-0.08
-0.08
-0.08
-0.081
-0.081
-0.081
-0.082
-0.083
-0.084
-0.084
-0.083
-0.082
-0.08
-0.078
-0.076
-0.073
-0.07
-0.067
-0.064
-0.06
-0.056
-0.05
-0.044
-0.037
-0.03
-0.024
-0.019
-0.015
-0.012
-0.012
-0.014
-0.016
-0.018
-0.021
-0.024
-0.027
-0.03
-0.032
-0.036
-0.04
-0.045
-0.048
-0.051
-0.05
-0.046
-0.039
-0.03
-0.02
-0.01
0.005
0.02
0.032
0.043
0.049
0.052
0.055
0.058
0.06
0.062
0.063
0.065
0.066
0.068
0.07
0.073
0.075
0.077
0.08
0.082
0.085
0.087
0.09
0.093
0.095
0.099
0.102
0.106
0.111
0.116
0.122
0.128
0.133
0.136
0.137
0.138
0.139
0.139
0.14
0.14
0.14
0.142
0.145
0.148
0.15
0.149
0.145
0.139
0.133
0.129
0.124
0.119
0.113
0.108
0.102
0.098
0.095
0.093
0.092
0.09
0.088
0.088
0.087
0.087
0.086
0.085
0.083
0.082
0.08
0.079
0.079
0.079
0.078
0.077
0.076
0.075
0.074
0.072
0.068
0.064
0.058
0.053
0.046
0.039
0.029
0.01
-0.006
-0.015
-0.022
-0.026
-0.03
-0.034
-0.037
-0.04
-0.042
-0.043
-0.043
-0.043
-0.042
-0.04
-0.036
-0.03
-0.024
-0.017
-0.01
-0.002
0.005
0.017
0.029
0.038
0.045
0.05
0.055
0.061
0.065
0.069
0.073
0.077
0.082
0.086
0.091
0.099
0.11
0.132
0.173
0.246
0.334
0.447
0.569
0.716
0.856
0.953
0.986
0.946
0.821
0.596
0.362
0.157
0.038
-0.001
0.018
0.055
0.077
0.081
0.085
0.087
0.08
0.068
0.064
0.063
0.062
0.061
0.058
0.056
0.052
0.048
0.045
0.044
0.042
0.042
0.041
0.041
0.04
0.039
0.037
0.036
0.035
0.034
0.034
0.034
0.034
0.035
0.036
0.038
0.04
0.042
0.044
0.047
0.05
0.052
0.055
0.06
0.07
0.077
0.071
0.055
0.03
-0.004
-0.031
-0.051
-0.072
-0.092
-0.112
-0.138
-0.159
-0.176
-0.186
-0.189
-0.191
-0.194
-0.196
-0.198
-0.197
-0.187
-0.172
-0.154
-0.13
-0.101
-0.084
-0.072
-0.061
-0.053
-0.049
-0.049
-0.049
-0.049
-0.049
-0.049
-0.048
-0.048
-0.048
-0.048
-0.049
-0.049
-0.05
-0.053
-0.058
-0.065
-0.073
-0.081
-0.09
-0.104
-0.119
-0.131
-0.144
-0.169
-0.205
-0.227
-0.24
-0.249
-0.255
-0.26
-0.263
-0.265
-0.267
-0.269
-0.27
-0.271
-0.272
-0.272
-0.271
-0.27
-0.269
-0.267
-0.265
-0.263
-0.26
-0.258
-0.256
-0.254
-0.252
-0.249
-0.246
-0.243
-0.239
-0.236
-0.233
-0.23
-0.227
-0.223
-0.221
-0.218
-0.216
-0.214
-0.212
-0.21
-0.207
-0.205
-0.203
-0.202
-0.2
-0.199
-0.198
-0.197
-0.197
-0.197
-0.197
-0.197
-0.197
-0.196
-0.195
-0.195
-0.194
-0.194
-0.193
-0.192
-0.191
-0.19
-0.189
-0.187
-0.186
-0.184
-0.181
-0.178
-0.175
-0.172
-0.169
-0.166
-0.163
-0.16
-0.156
-0.151
-0.147
-0.142
-0.137
-0.132
-0.127
-0.123
-0.119
-0.117
-0.116
-0.117
-0.118
-0.12
-0.122
-0.124
-0.126
-0.129
-0.131
-0.133
-0.135
-0.136
-0.137
-0.139
-0.141
-0.143
-0.145
-0.147
-0.148
-0.148
-0.149
-0.149
-0.15
-0.149
-0.149
-0.148
-0.147
-0.146
-0.145
-0.145
-0.145
-0.144
-0.143
-0.142
-0.141
-0.142
-0.143
-0.145
-0.147
-0.148
-0.15
-0.152
-0.154
-0.156
-0.157
-0.157
-0.157
-0.155
-0.152
-0.148
-0.143
-0.137
-0.131
-0.124
-0.116
-0.106
-0.098
-0.089
-0.079
-0.068
-0.057
-0.046
-0.035
-0.024
-0.016
-0.01
-0.004
0.0
0.004
0.008
0.012
0.016
0.019
0.023
0.027
0.031
0.037
0.043
0.049
0.05
0.048
0.041
0.031
0.018
-0.002
-0.04
-0.063
-0.076
-0.086
-0.094
-0.099
-0.103
-0.107
-0.111
-0.114
-0.117
-0.118
-0.118
-0.114
-0.107
-0.098
-0.088
-0.077
-0.059
-0.044
-0.033
-0.023
-0.015
-0.009
-0.003
0.001
0.006
0.012
0.017
0.022
0.025
0.028
0.032
0.035
0.039
0.043
0.047
0.054
0.061
0.072
0.118
0.195
0.303
0.436
0.614
0.798
0.967
1.083
1.1
1.07
0.929
0.735
0.531
0.392
0.284
0.239
0.233
0.229
0.225
0.221
0.216
0.213
0.21
0.207
0.205
0.203
0.2
0.199
0.198
0.199
0.198
0.198
0.198
0.198
0.198
0.198
0.198
0.198
0.197
0.197
0.197
0.198
0.199
0.2
0.202
0.204
0.206
0.208
0.21
0.212
0.214
0.215
0.217
0.219
0.221
0.225
0.229
0.233
0.238
0.243
0.249
0.255
0.261
0.267
0.273
0.28
0.289
0.304
0.319
0.332
0.344
0.355
0.365
0.376
0.386
0.396
0.405
0.417
0.431
0.443
0.454
0.463
0.47
0.476
0.484
0.492
0.5
0.509
0.519
0.528
0.538
0.547
0.557
0.566
0.576
0.586
0.595
0.603
0.611
0.618
0.627
0.634
0.639
0.639
0.634
0.624
0.611
0.595
0.569
0.546
0.515
0.48
0.45
0.416
0.389
0.372
0.355
0.34
0.329
0.322
0.316
0.31
0.302
0.294
0.286
0.277
0.266
0.253
0.239
0.227
0.216
0.203
0.188
0.173
0.158
0.143
0.128
0.113
0.096
0.078
0.057
0.03
0.019
0.014
0.01
0.007
0.004
0.002
0.001
0.0
-0.002
-0.005
-0.008
-0.011
-0.013
-0.015
-0.016
-0.018
-0.019
-0.022
-0.024
-0.028
-0.035
-0.052
-0.069
-0.086
-0.1
-0.112
-0.122
-0.133
-0.145
-0.156
-0.164
-0.17
-0.176
-0.181
-0.186
-0.191
-0.197
-0.202
-0.205
-0.209
-0.212
-0.215
-0.22
-0.225
-0.229
-0.231
-0.23
-0.226
-0.22
-0.215
-0.211
-0.208
-0.206
-0.204
-0.203
-0.201
-0.2
-0.199
-0.198
-0.196
-0.193
-0.192
-0.192
-0.191
-0.191
-0.191
-0.19
-0.188
-0.187
-0.186
-0.185
-0.183
