-0.149
-0.186
-0.224
-0.264
-0.289
-0.297
-0.301
-0.303
-0.304
-0.305
-0.305
-0.305
-0.304
-0.303
-0.302
-0.299
-0.296
-0.292
-0.29
-0.287
-0.284
-0.282
-0.279
-0.275
-0.271
-0.267
-0.263
-0.259
-0.255
-0.251
-0.247
-0.242
-0.238
-0.234
-0.229
-0.224
-0.219
-0.214
-0.211
-0.21
-0.212
-0.216
-0.221
-0.226
-0.231
-0.236
-0.239
-0.243
-0.246
-0.249
-0.252
-0.254
-0.257
-0.26
-0.262
-0.265
-0.267
-0.269
-0.271
-0.273
-0.276
-0.278
-0.281
-0.283
-0.286
-0.288
-0.291
-0.295
-0.298
-0.301
-0.304
-0.307
-0.308
-0.309
-0.309
-0.307
-0.304
-0.3
-0.295
-0.29
-0.284
-0.278
-0.27
-0.253
-0.244
-0.239
-0.237
-0.236
-0.235
-0.234
-0.233
-0.232
-0.231
-0.23
-0.229
-0.227
-0.227
-0.226
-0.226
-0.225
-0.223
-0.221
-0.218
-0.209
-0.185
-0.137
-0.059
0.042
0.164
0.3
0.438
0.569
0.685
0.777
0.838
0.857
0.845
0.808
0.721
0.617
0.506
0.393
0.288
0.19
0.098
0.014
-0.057
-0.117
-0.148
-0.16
-0.166
-0.171
-0.176
-0.181
-0.184
-0.185
-0.185
-0.185
-0.184
-0.182
-0.178
-0.173
-0.166
-0.159
-0.153
-0.145
-0.133
-0.123
-0.116
-0.11
-0.105
-0.101
-0.096
-0.091
-0.086
-0.08
-0.075
-0.069
-0.064
-0.059
-0.055
-0.052
-0.05
-0.049
-0.048
-0.048
-0.047
-0.045
-0.044
-0.043
-0.042
-0.041
-0.039
-0.038
-0.036
-0.034
-0.033
-0.031
-0.03
-0.029
-0.027
-0.025
-0.022
-0.019
-0.013
-0.007
0.0
0.007
0.013
0.019
0.025
0.03
0.037
0.045
0.058
0.066
0.071
0.075
0.077
0.08
0.082
0.084
0.085
0.086
0.086
0.086
0.085
0.083
0.079
0.075
0.069
0.063
0.056
0.048
0.036
0.014
0.0
-0.01
-0.015
-0.019
-0.022
-0.026
-0.028
-0.031
-0.033
-0.034
-0.036
-0.037
-0.038
-0.038
-0.037
-0.036
-0.035
-0.034
-0.033
-0.031
-0.029
-0.028
-0.027
-0.027
-0.026
-0.025
-0.023
-0.021
-0.019
-0.016
-0.014
-0.012
-0.009
-0.008
-0.007
-0.007
-0.007
-0.008
-0.008
-0.008
-0.008
-0.007
-0.005
-0.002
0.0
0.004
0.007
0.01
0.011
0.013
0.014
0.015
0.017
0.018
0.021
0.025
0.028
0.031
0.032
0.032
0.03
0.028
0.027
0.026
0.024
0.023
0.021
0.019
0.018
0.017
0.017
0.017
0.017
0.017
0.016
0.016
0.016
0.016
0.016
0.015
0.015
0.015
0.016
0.016
0.017
0.019
0.021
0.023
0.025
0.026
0.027
0.028
0.029
0.031
0.033
0.034
0.036
0.037
0.039
0.041
0.044
0.047
0.05
0.053
0.057
0.06
0.063
0.067
0.07
0.072
0.074
0.075
0.077
0.078
0.08
0.083
0.086
0.089
0.093
0.096
0.097
0.098
0.099
0.099
0.098
0.097
0.096
0.096
0.096
0.097
0.098
0.101
0.103
0.105
0.106
0.107
0.107
0.106
0.106
0.105
0.105
0.107
0.109
0.111
0.114
0.116
0.119
0.12
0.119
0.116
0.112
0.107
0.102
0.097
0.092
0.088
0.085
0.082
0.08
0.077
0.073
0.069
0.064
0.058
0.052
0.047
0.041
0.036
0.032
0.03
0.028
0.026
0.024
0.022
0.02
0.017
0.014
0.012
0.009
0.007
0.005
0.004
0.003
0.003
0.002
0.002
0.001
0.001
0.0
0.0
-0.001
-0.003
-0.005
-0.009
-0.018
-0.023
-0.018
-0.005
0.03
0.099
0.196
0.319
0.463
0.618
0.765
0.888
0.98
1.023
1.038
1.022
0.974
0.888
0.781
0.666
0.555
0.455
0.37
0.294
0.22
0.149
0.081
0.022
-0.026
-0.057
-0.084
-0.102
-0.11
-0.115
-0.119
-0.122
-0.123
-0.121
-0.114
-0.108
-0.103
-0.1
-0.096
-0.092
-0.087
-0.082
-0.076
-0.07
-0.064
-0.058
-0.052
-0.047
-0.042
-0.037
-0.032
-0.026
-0.021
-0.017
-0.013
-0.009
-0.006
-0.002
0.0
0.003
0.006
0.009
0.012
0.016
0.02
0.024
0.028
0.032
0.036
0.041
0.047
0.053
0.06
0.066
0.071
0.076
0.08
0.085
0.089
0.093
0.097
0.101
0.105
0.108
0.111
0.114
0.116
0.119
0.121
0.123
0.124
0.126
0.127
0.129
0.13
0.131
0.131
0.131
0.13
0.129
0.126
0.123
0.119
0.114
0.109
0.102
0.093
0.072
0.052
0.032
0.013
-0.008
-0.02
-0.027
-0.033
-0.037
-0.041
-0.045
-0.048
-0.051
-0.054
-0.056
-0.058
-0.061
-0.063
-0.066
-0.068
-0.07
-0.071
-0.071
-0.071
-0.071
-0.07
-0.07
-0.07
-0.069
-0.068
-0.067
-0.066
-0.065
-0.064
-0.063
-0.06
-0.059
-0.061
-0.067
-0.074
-0.08
-0.089
-0.096
-0.096
-0.088
-0.08
-0.076
-0.073
-0.07
-0.068
-0.065
-0.062
-0.059
-0.056
-0.054
-0.051
-0.05
-0.049
-0.05
-0.051
-0.053
-0.055
-0.057
-0.058
-0.06
-0.06
-0.06
-0.06
-0.059
-0.059
-0.059
-0.059
-0.062
-0.065
-0.068
-0.068
-0.068
-0.068
-0.067
-0.066
-0.065
-0.063
-0.06
-0.059
-0.057
-0.057
-0.058
-0.059
-0.06
-0.062
-0.064
-0.066
-0.067
-0.067
-0.068
-0.068
-0.068
-0.067
-0.067
-0.069
-0.073
-0.076
-0.069
-0.056
-0.048
-0.043
-0.038
-0.032
-0.027
-0.022
-0.017
-0.012
-0.009
-0.007
-0.005
-0.004
-0.004
-0.003
-0.003
-0.003
-0.002
-0.001
0.0
0.002
0.003
0.005
0.006
0.006
0.006
0.006
0.005
0.005
0.006
0.007
0.008
0.01
0.011
0.013
0.015
0.017
0.018
0.018
0.018
0.019
0.02
0.022
0.025
0.027
0.03
0.032
0.035
0.037
0.039
0.04
0.042
0.042
0.044
0.047
0.05
0.052
0.053
0.051
0.049
0.045
0.041
0.038
0.035
0.032
0.028
0.024
0.021
0.018
0.016
0.015
0.015
0.016
0.019
0.021
0.023
0.024
0.025
0.025
0.025
0.025
0.025
0.025
0.024
0.024
0.024
0.024
0.024
0.024
0.024
0.024
0.024
0.024
0.024
0.023
0.023
0.022
0.023
0.024
0.025
0.028
0.043
0.097
0.179
0.294
0.442
0.616
0.799
0.966
1.093
1.156
1.162
1.127
1.042
0.941
0.841
0.749
0.659
0.567
0.466
0.36
0.253
0.156
0.08
0.029
0.011
0.006
0.003
0.0
-0.003
0.0
0.003
0.005
0.007
0.009
0.01
0.012
0.014
0.016
0.017
0.017
0.016
0.015
0.013
0.01
0.007
0.005
0.003
0.001
0.0
0.0
0.0
-0.003
-0.006
-0.009
-0.009
-0.005
0.001
0.007
0.012
0.017
0.021
0.025
0.029
0.033
0.038
0.042
0.045
0.048
0.052
0.056
0.061
0.067
0.073
0.08
0.087
0.095
0.103
0.11
0.118
0.126
0.134
0.141
0.147
0.152
0.157
0.161
0.165
0.168
0.17
0.171
0.173
0.175
0.176
0.178
0.179
0.179
0.18
0.179
0.178
0.176
0.174
0.169
0.164
0.157
0.15
0.135
0.108
0.084
0.062
0.042
0.018
0.004
-0.001
-0.007
-0.012
-0.016
-0.02
-0.024
-0.029
-0.032
-0.036
-0.039
-0.041
-0.043
-0.044
-0.045
-0.047
-0.05
-0.053
-0.056
-0.059
-0.06
-0.061
-0.06
-0.06
-0.059
-0.057
-0.056
-0.054
-0.053
-0.053
-0.052
-0.052
-0.051
-0.05
-0.049
-0.047
-0.046
-0.045
-0.045
-0.044
-0.044
-0.044
-0.045
-0.046
-0.047
-0.048
-0.048
-0.047
-0.046
-0.046
-0.046
-0.046
-0.046
-0.045
-0.045
-0.045
-0.046
-0.047
-0.047
-0.046
-0.045
-0.044
-0.044
-0.043
-0.043
-0.042
-0.041
-0.041
-0.042
-0.043
-0.043
-0.044
-0.045
-0.046
-0.047
-0.048
-0.048
-0.047
-0.046
-0.045
-0.045
-0.045
-0.045
-0.045
-0.045
-0.044
-0.044
-0.043
-0.042
-0.04
-0.037
-0.034
-0.032
-0.032
-0.032
-0.033
-0.033
-0.034
-0.034
-0.035
-0.036
-0.037
-0.038
-0.038
-0.038
-0.036
-0.034
-0.032
-0.031
-0.029
-0.027
-0.026
-0.025
-0.024
-0.024
-0.024
-0.025
-0.025
-0.026
-0.026
-0.026
-0.026
-0.026
-0.025
-0.025
-0.024
-0.023
-0.023
-0.022
-0.022
-0.021
-0.021
-0.02
-0.02
-0.018
-0.016
-0.014
-0.011
-0.008
-0.005
-0.001
0.0
0.002
0.004
0.004
0.004
0.003
0.003
0.003
0.004
0.005
0.005
0.006
0.006
0.006
0.006
0.004
0.001
-0.002
-0.006
-0.01
-0.013
-0.015
-0.017
-0.018
-0.02
-0.021
-0.021
-0.021
-0.021
-0.021
-0.022
-0.022
-0.022
-0.021
-0.019
-0.018
-0.016
-0.014
-0.013
-0.011
-0.009
-0.007
-0.006
-0.005
-0.004
-0.002
0.0
0.001
-0.001
-0.009
-0.017
-0.026
-0.038
-0.044
-0.038
-0.022
0.021
0.099
0.209
0.346
0.503
0.672
0.833
0.966
1.043
1.052
1.024
0.931
0.813
0.7
0.597
0.511
0.439
0.376
0.31
0.236
0.153
0.075
0.003
-0.063
-0.087
-0.097
-0.105
-0.103
-0.086
-0.079
-0.075
-0.072
-0.069
-0.067
-0.064
-0.063
-0.06
-0.058
-0.057
-0.056
-0.054
-0.053
-0.053
-0.052
-0.051
-0.051
-0.05
-0.048
-0.047
-0.045
-0.044
-0.042
-0.039
-0.037
-0.034
-0.032
-0.029
-0.023
-0.015
-0.008
0.0
0.007
0.012
0.017
0.02
0.024
0.028
0.031
0.035
0.038
0.042
0.046
0.05
0.055
0.061
0.071
0.08
0.089
0.097
0.104
0.109
0.113
0.117
0.12
0.124
0.127
0.13
0.133
0.136
0.138
0.141
0.145
0.149
0.152
0.154
0.154
0.152
0.148
0.143
0.138
0.131
0.12
0.109
0.098
0.085
0.071
0.058
0.045
0.032
0.017
0.006
-0.001
-0.008
-0.014
-0.019
-0.022
-0.023
-0.025
-0.026
-0.028
-0.029
-0.031
-0.032
-0.034
-0.036
-0.037
-0.039
-0.04
-0.041
-0.041
-0.041
-0.042
-0.042
-0.043
-0.044
-0.046
-0.048
-0.05
-0.053
-0.055
-0.056
-0.056
-0.056
-0.056
-0.055
-0.054
-0.053
-0.052
-0.051
-0.051
-0.05
-0.05
-0.05
-0.05
-0.049
-0.047
-0.047
-0.052
-0.058
-0.063
-0.068
-0.073
-0.075
-0.073
-0.069
-0.065
-0.062
-0.058
-0.053
-0.049
-0.048
-0.047
-0.048
-0.048
-0.049
-0.05
-0.05
-0.051
-0.052
-0.053
-0.053
-0.053
-0.054
-0.054
-0.053
-0.052
-0.051
-0.049
-0.048
-0.046
-0.044
-0.042
-0.037
-0.034
-0.038
-0.046
-0.051
-0.056
-0.06
-0.063
-0.064
-0.063
-0.062
-0.06
-0.058
-0.056
-0.054
-0.052
-0.05
-0.048
-0.047
-0.045
-0.045
-0.045
-0.045
-0.046
-0.048
-0.05
-0.051
-0.053
-0.054
-0.056
-0.057
-0.059
-0.06
-0.061
-0.063
-0.065
-0.067
-0.068
-0.069
-0.069
-0.068
-0.066
-0.063
-0.06
-0.056
-0.053
-0.05
-0.047
-0.044
-0.041
-0.039
-0.037
-0.035
-0.033
-0.03
-0.028
-0.025
-0.023
-0.02
-0.016
-0.013
-0.009
-0.006
-0.004
-0.002
-0.001
0.0
0.001
0.002
0.004
0.007
0.009
0.011
0.011
0.007
0.002
-0.003
-0.008
-0.012
-0.016
-0.02
-0.025
-0.029
-0.033
-0.036
-0.039
-0.043
-0.046
-0.052
-0.057
-0.06
-0.06
-0.057
-0.052
-0.047
-0.043
-0.038
-0.033
-0.028
-0.026
-0.027
-0.029
-0.031
-0.034
-0.036
-0.037
-0.04
-0.042
-0.044
-0.045
-0.046
-0.046
-0.044
-0.042
-0.037
-0.032
-0.011
0.051
0.144
0.267
0.416
0.579
0.743
0.891
1.002
1.053
1.056
1.019
0.937
0.844
0.74
0.639
0.542
0.44
0.335
0.231
0.14
0.065
0.008
-0.031
-0.052
-0.064
-0.071
-0.078
-0.087
-0.096
-0.103
-0.11
-0.116
-0.121
-0.123
-0.121
-0.116
-0.109
-0.103
-0.098
-0.094
-0.089
-0.084
-0.079
-0.074
-0.069
-0.066
-0.063
-0.06
-0.056
-0.049
-0.037
-0.025
-0.019
-0.016
-0.013
-0.01
-0.008
-0.005
-0.002
0.0
0.003
0.005
0.009
0.012
0.016
0.021
0.03
0.038
0.044
0.05
0.055
0.059
0.064
0.068
0.074
0.079
0.086
0.096
0.108
0.109
0.11
0.111
0.112
0.113
0.113
0.114
0.114
0.115
0.116
0.117
0.118
0.119
0.12
0.121
0.124
0.127
0.129
0.127
0.121
0.114
0.105
0.092
0.08
0.069
0.056
0.043
0.031
0.022
0.012
0.002
-0.009
-0.023
-0.036
-0.046
-0.054
-0.06
-0.065
-0.069
-0.072
-0.074
-0.076
-0.077
-0.079
-0.08
-0.081
-0.081
-0.082
-0.081
-0.08
-0.077
-0.074
-0.07
-0.066
-0.062
-0.058
-0.055
-0.053
-0.051
-0.049
-0.048
-0.047
-0.046
-0.045
-0.044
-0.043
-0.042
-0.041
-0.039
-0.038
-0.037
-0.036
-0.035
-0.035
-0.034
-0.034
-0.035
-0.035
-0.036
-0.036
-0.036
-0.035
-0.034
-0.033
-0.033
-0.032
-0.031
-0.029
-0.028
-0.027
-0.027
-0.026
-0.025
-0.024
-0.022
-0.019
-0.017
-0.015
-0.013
-0.012
-0.01
-0.01
-0.01
-0.01
-0.011
-0.011
-0.012
-0.012
-0.013
-0.014
-0.015
-0.016
-0.017
-0.019
-0.021
-0.023
-0.026
-0.028
-0.031
-0.034
-0.037
-0.039
-0.041
-0.042
-0.043
-0.044
-0.045
-0.047
-0.049
-0.052
-0.054
-0.057
-0.059
-0.06
-0.06
-0.06
-0.059
-0.057
-0.056
-0.055
-0.054
-0.053
-0.053
-0.053
-0.053
-0.054
-0.054
-0.054
-0.054
-0.054
-0.054
-0.053
-0.053
-0.053
-0.052
-0.051
-0.051
-0.051
-0.052
-0.053
-0.052
-0.051
-0.049
-0.047
-0.045
-0.043
-0.041
-0.039
-0.036
-0.033
-0.031
-0.03
-0.029
-0.027
-0.026
-0.024
-0.021
-0.018
-0.016
-0.013
-0.011
-0.01
-0.009
-0.01
-0.011
-0.014
-0.017
-0.02
-0.023
-0.026
-0.029
-0.032
-0.034
-0.036
-0.037
-0.037
-0.038
-0.039
-0.041
-0.043
-0.046
-0.048
-0.05
-0.051
-0.053
-0.053
-0.053
-0.052
-0.051
-0.049
-0.048
-0.046
-0.045
-0.045
-0.045
-0.045
-0.046
-0.048
-0.049
-0.05
-0.05
-0.05
-0.049
-0.049
-0.049
-0.049
-0.048
-0.046
-0.042
-0.035
-0.026
0.006
0.078
0.178
0.304
0.452
0.613
0.775
0.918
1.026
1.077
1.08
1.044
0.97
0.882
0.79
0.689
0.576
0.462
0.347
0.24
0.151
0.078
0.018
-0.027
-0.063
-0.08
-0.086
-0.088
-0.091
-0.093
-0.094
-0.096
-0.096
-0.097
-0.097
-0.096
-0.095
-0.094
-0.091
-0.089
-0.085
-0.082
-0.078
-0.072
-0.06
-0.051
-0.047
-0.045
-0.043
-0.041
-0.04
-0.038
-0.036
-0.033
-0.03
-0.027
-0.023
-0.019
-0.015
-0.009
0.0
0.01
0.017
0.023
0.032
0.044
0.055
0.062
0.068
0.072
0.076
0.081
0.087
0.093
0.101
0.111
0.121
0.132
0.139
0.144
0.148
0.151
0.154
0.158
0.161
0.164
0.167
0.17
0.172
0.175
0.177
0.18
0.183
0.185
0.186
0.186
0.186
0.185
0.183
0.181
0.177
0.172
0.165
0.152
0.14
0.128
0.116
0.105
0.095
0.084
0.073
0.063
0.055
0.046
0.039
0.033
0.028
0.025
0.021
0.018
0.016
0.014
0.012
0.011
0.009
0.008
0.006
0.005
0.005
0.004
0.004
0.004
0.006
0.008
0.012
0.016
0.021
0.026
0.032
0.043
0.05
0.054
0.056
0.057
0.058
0.059
0.06
0.06
0.061
0.061
0.061
0.061
0.06
0.059
0.058
0.057
0.054
0.052
0.053
0.057
0.06
0.062
0.064
0.066
0.068
0.07
0.071
0.073
0.074
0.075
0.076
0.076
0.076
0.077
0.079
0.082
0.084
0.084
0.082
0.079
0.076
0.073
0.068
0.064
0.063
0.063
0.064
0.065
0.067
0.069
0.07
0.069
0.067
0.064
0.062
0.061
0.059
0.058
0.056
0.053
0.052
0.05
0.048
0.046
0.044
0.042
0.04
0.038
0.036
0.033
0.03
0.026
0.023
0.02
0.018
0.015
0.013
0.011
0.009
0.008
0.007
0.005
0.004
0.002
0.001
0.0
0.001
0.001
0.002
0.003
0.004
0.005
0.006
0.007
0.008
0.008
0.008
0.008
0.008
0.008
0.009
0.008
0.008
0.007
0.006
0.005
0.003
0.002
0.001
0.0
0.0
0.0
0.0
0.0
0.0
0.0
0.0
0.001
0.001
0.001
0.001
0.0
0.0
0.0
-0.001
-0.002
-0.003
-0.005
-0.006
-0.008
-0.01
-0.012
-0.015
-0.018
-0.022
-0.026
-0.03
-0.033
-0.036
-0.039
-0.041
-0.043
-0.045
-0.046
-0.047
-0.048
-0.049
-0.049
-0.049
-0.049
-0.049
-0.049
-0.05
-0.051
-0.052
-0.054
-0.055
-0.056
-0.057
-0.058
-0.06
-0.061
-0.063
-0.066
-0.07
-0.078
-0.083
-0.081
-0.075
-0.062
-0.016
0.054
0.151
0.276
0.426
0.592
0.755
0.893
0.969
0.978
0.945
0.851
0.734
0.612
0.493
0.389
0.294
0.205
0.127
0.058
0.003
-0.041
-0.078
-0.097
-0.11
-0.12
-0.129
-0.141
-0.158
-0.174
-0.184
-0.188
-0.19
-0.191
-0.192
-0.193
-0.193
-0.191
-0.186
-0.18
-0.174
-0.168
-0.162
-0.154
-0.146
-0.14
-0.134
-0.13
-0.126
-0.123
-0.12
-0.117
-0.115
-0.112
-0.109
-0.104
-0.098
-0.091
-0.083
-0.076
-0.071
-0.066
-0.061
-0.057
-0.054
-0.05
-0.045
-0.039
-0.031
-0.024
-0.014
-0.003
0.007
0.015
0.021
0.026
0.031
0.036
0.044
0.053
0.061
0.065
0.067
0.07
0.072
0.074
0.075
0.076
0.076
0.076
0.076
0.076
0.075
0.074
0.072
0.07
0.067
0.064
0.061
0.056
0.044
0.032
0.021
0.01
0.0
-0.01
-0.022
-0.035
-0.049
-0.063
-0.074
-0.08
-0.084
-0.087
-0.09
-0.092
-0.093
-0.093
-0.093
-0.093
-0.092
-0.092
-0.092
-0.091
-0.091
-0.091
-0.091
-0.092
-0.092
-0.091
-0.09
-0.088
-0.086
-0.083
-0.081
-0.077
-0.074
-0.07
-0.066
-0.064
-0.062
-0.061
-0.059
-0.057
-0.053
-0.049
-0.045
-0.041
-0.037
-0.033
-0.03
-0.027
-0.025
-0.024
-0.023
-0.022
-0.021
-0.019
-0.017
-0.015
-0.013
-0.011
-0.01
-0.008
-0.006
-0.004
-0.003
-0.003
-0.003
-0.003
-0.002
-0.002
-0.002
-0.001
-0.001
-0.001
-0.001
0.0
0.0
0.001
0.002
0.003
0.004
0.005
0.006
0.008
0.009
0.01
0.01
0.011
0.011
0.011
0.012
0.012
0.013
0.014
0.014
0.015
0.016
0.017
0.018
0.019
0.02
0.02
0.02
0.021
0.02
0.02
0.019
0.017
0.016
0.014
0.012
0.01
0.008
0.006
0.004
0.002
0.0
0.0
-0.002
-0.004
-0.007
-0.009
-0.011
-0.014
-0.016
-0.017
-0.017
-0.017
-0.016
-0.015
-0.013
-0.012
-0.011
-0.01
-0.009
-0.009
-0.008
-0.008
-0.007
-0.005
-0.004
-0.002
0.0
0.002
0.005
0.009
0.012
0.016
0.019
0.022
0.025
0.028
0.031
0.035
0.038
0.042
0.045
0.048
0.05
0.051
0.051
0.05
0.048
0.046
0.043
0.04
0.037
0.035
0.033
0.031
0.03
0.029
0.027
0.025
0.023
0.021
0.019
0.017
0.017
0.016
0.017
0.018
0.02
0.023
0.026
0.029
0.032
0.034
0.036
0.037
0.038
0.039
0.039
0.039
0.039
0.04
0.041
0.042
0.043
0.044
0.044
0.045
0.046
0.048
0.05
0.054
0.073
0.12
0.193
0.292
0.416
0.564
0.725
0.879
1.01
1.102
1.12
1.111
1.044
0.95
0.848
0.745
0.638
0.532
0.425
0.318
0.221
0.14
0.083
0.056
0.041
0.032
0.022
0.013
0.006
0.0
-0.006
-0.009
-0.009
-0.006
-0.002
0.002
0.005
0.008
0.011
0.014
0.016
0.019
0.022
0.025
0.029
0.032
0.036
0.039
0.042
0.045
0.049
0.053
0.057
0.061
0.065
0.069
0.073
0.077
0.081
0.088
0.099
0.107
0.115
0.122
0.129
0.137
0.144
0.157
0.176
0.193
0.204
0.21
0.213
0.216
0.218
0.219
0.217
0.213
0.208
0.206
0.205
0.204
0.204
0.203
0.202
0.202
0.201
0.2
0.199
0.198
0.197
0.196
0.195
0.195
0.194
0.192
0.19
0.187
0.184
0.18
0.168
0.143
0.124
0.11
0.099
0.086
0.069
0.051
0.033
0.016
0.004
-0.007
-0.016
-0.024
-0.033
-0.041
-0.048
-0.054
-0.06
-0.066
-0.072
-0.078
-0.084
-0.091
-0.097
-0.101
-0.104
-0.106
-0.109
-0.111
-0.112
-0.109
-0.104
-0.1
-0.098
-0.096
-0.094
-0.093
-0.091
-0.089
-0.088
-0.086
-0.085
-0.085
-0.084
-0.084
-0.084
-0.085
-0.085
-0.086
-0.087
-0.089
-0.09
-0.091
-0.092
-0.092
-0.091
-0.091
-0.091
-0.091
-0.091
-0.092
-0.092
-0.092
-0.093
-0.093
-0.093
-0.094
-0.094
-0.093
-0.092
-0.091
-0.091
-0.092
-0.094
-0.096
-0.098
-0.103
-0.105
-0.101
-0.093
-0.089
-0.086
-0.083
-0.079
-0.076
-0.074
-0.071
-0.069
-0.067
-0.065
-0.064
-0.063
-0.063
-0.062
-0.062
-0.06
-0.058
-0.055
-0.054
-0.056
-0.059
-0.064
-0.069
-0.073
-0.078
-0.084
-0.088
-0.089
-0.088
-0.085
-0.082
-0.08
-0.079
-0.078
-0.077
-0.076
-0.075
-0.074
-0.073
-0.074
-0.074
-0.074
-0.074
-0.073
-0.072
-0.07
-0.068
-0.066
-0.064
-0.062
-0.06
-0.059
-0.057
-0.056
-0.054
-0.053
-0.051
-0.049
-0.047
-0.045
-0.042
-0.039
-0.037
-0.034
-0.032
-0.031
-0.029
-0.029
-0.028
-0.026
-0.025
-0.024
-0.022
-0.021
-0.019
-0.018
-0.016
-0.016
-0.015
-0.015
-0.015
-0.014
-0.013
-0.011
-0.01
-0.009
-0.008
-0.007
-0.006
-0.007
-0.008
-0.01
-0.014
-0.018
-0.022
-0.026
-0.03
-0.035
-0.045
-0.053
-0.056
-0.059
-0.062
-0.065
-0.068
-0.068
-0.065
-0.061
-0.059
-0.057
-0.055
-0.053
-0.051
-0.049
-0.047
-0.045
-0.044
-0.043
-0.042
-0.042
-0.042
-0.041
-0.039
-0.036
-0.034
-0.039
-0.051
-0.066
-0.081
-0.084
-0.087
-0.08
-0.043
0.023
0.119
0.243
0.392
0.555
0.722
0.871
0.988
1.051
1.057
1.028
0.948
0.85
0.744
0.645
0.56
0.483
0.409
0.318
0.22
0.116
0.024
-0.048
-0.096
-0.11
-0.115
-0.118
-0.113
-0.108
-0.104
-0.101
-0.101
-0.104
-0.109
-0.113
-0.117
-0.12
-0.121
-0.118
-0.111
-0.104
-0.099
-0.094
-0.09
-0.085
-0.081
-0.078
-0.075
-0.073
-0.072
-0.071
-0.07
-0.07
-0.069
-0.069
-0.069
-0.069
-0.069
-0.068
-0.067
-0.066
-0.065
-0.065
-0.064
-0.064
-0.063
-0.062
-0.061
-0.06
-0.058
-0.056
-0.053
-0.047
-0.04
-0.033
-0.025
-0.017
-0.008
0.0
0.009
0.015
0.019
0.022
0.024
0.026
0.029
0.031
0.033
0.035
0.036
0.036
0.036
0.036
0.036
0.035
0.033
0.031
0.028
0.024
0.02
0.015
0.01
-0.003
-0.033
-0.055
-0.072
-0.087
-0.099
-0.108
-0.116
-0.126
-0.136
-0.146
-0.155
-0.161
-0.166
-0.169
-0.171
-0.173
-0.174
-0.175
-0.176
-0.178
-0.179
-0.181
-0.182
-0.182
-0.181
-0.181
-0.18
-0.179
-0.179
-0.179
-0.179
-0.182
-0.186
-0.187
-0.182
-0.18
-0.179
-0.177
-0.175
-0.173
-0.171
-0.169
-0.166
-0.164
-0.161
-0.159
-0.158
-0.158
-0.158
-0.159
-0.159
-0.157
-0.156
-0.154
-0.153
-0.152
-0.15
-0.147
-0.145
-0.143
-0.142
-0.143
-0.143
-0.144
-0.144
-0.144
-0.143
-0.143
-0.142
-0.142
-0.14
-0.138
-0.135
-0.133
-0.131
-0.129
-0.127
-0.126
-0.125
-0.123
-0.123
-0.122
-0.122
-0.121
-0.121
-0.12
-0.118
-0.117
-0.115
-0.113
-0.112
-0.11
-0.107
-0.105
-0.103
-0.101
-0.099
-0.097
-0.095
-0.093
-0.09
-0.087
-0.083
-0.08
-0.076
-0.072
-0.068
-0.064
-0.059
-0.054
-0.045
-0.028
-0.012
-0.003
0.002
0.006
0.009
0.013
0.017
0.021
0.025
0.029
0.033
0.037
0.043
0.051
0.059
0.067
0.073
0.08
0.088
0.098
0.11
0.123
0.132
0.138
0.143
0.148
0.152
0.156
0.158
0.16
0.163
0.168
0.177
0.2
0.218
0.228
0.236
0.244
0.252
0.26
0.268
0.277
0.284
0.29
0.303
0.325
0.347
0.364
0.383
0.392
0.398
0.404
0.407
0.41
0.412
0.414
0.414
0.413
0.411
0.408
0.404
0.399
0.395
0.39
0.386
0.384
0.381
0.379
0.377
0.376
0.374
0.372
0.37
0.369
0.368
0.367
0.367
0.366
0.366
0.366
0.366
0.367
0.368
0.368
0.368
0.367
0.367
0.366
0.365
0.364
0.363
0.362
0.36
0.357
0.354
0.349
0.337
0.33
0.334
0.348
0.386
0.455
0.556
0.688
0.843
1.008
1.166
1.295
1.362
1.384
1.362
1.294
1.188
1.061
0.937
0.819
0.711
0.616
0.527
0.445
0.374
0.315
0.266
0.237
0.221
0.214
0.208
0.204
0.201
0.196
0.191
0.186
0.181
0.177
0.174
0.171
0.168
0.165
0.162
0.16
0.157
0.154
0.152
0.151
0.15
0.149
0.15
0.15
0.151
0.153
0.154
0.156
0.158
0.161
0.164
0.167
0.17
0.174
0.178
0.184
0.191
0.198
0.204
0.209
0.213
0.218
0.224
0.229
0.235
0.24
0.246
0.252
0.259
0.268
0.28
0.292
0.305
0.32
0.337
0.352
0.371
0.395
0.415
0.43
0.447
0.455
0.461
0.466
0.47
0.473
0.474
0.473
0.469
0.465
0.46
0.454
0.449
0.443
0.436
0.428
0.419
