0.085
0.073
0.056
0.038
0.021
0.004
-0.01
-0.021
-0.038
-0.048
-0.056
-0.062
-0.066
-0.069
-0.07
-0.071
-0.072
-0.073
-0.073
-0.073
-0.074
-0.074
-0.074
-0.073
-0.073
-0.073
-0.072
-0.072
-0.072
-0.072
-0.072
-0.072
-0.072
-0.071
-0.071
-0.071
-0.071
-0.07
-0.07
-0.069
-0.068
-0.068
-0.067
-0.067
-0.066
-0.065
-0.064
-0.063
-0.062
-0.06
-0.059
-0.056
-0.047
-0.039
-0.03
-0.019
-0.007
0.002
0.01
0.016
0.021
0.028
0.034
0.039
0.044
0.049
0.051
0.051
0.049
0.044
0.038
0.027
0.006
-0.015
-0.038
-0.056
-0.067
-0.075
-0.081
-0.085
-0.088
-0.09
-0.092
-0.095
-0.097
-0.1
-0.103
-0.106
-0.111
-0.122
-0.144
-0.168
-0.183
-0.193
-0.189
-0.148
-0.054
0.101
0.323
0.605
0.898
1.124
1.22
1.15
0.92
0.591
0.235
-0.057
-0.246
-0.305
-0.31
-0.274
-0.245
-0.213
-0.175
-0.153
-0.142
-0.137
-0.133
-0.13
-0.127
-0.124
-0.121
-0.119
-0.116
-0.113
-0.107
-0.096
-0.084
-0.074
-0.066
-0.057
-0.048
-0.04
-0.032
-0.025
-0.021
-0.016
-0.01
-0.002
0.008
0.018
0.026
0.034
0.041
0.049
0.06
0.071
0.083
0.095
0.106
0.116
0.124
0.133
0.143
0.149
0.153
0.157
0.161
0.163
0.165
0.165
0.163
0.161
0.158
0.155
0.151
0.145
0.136
0.127
0.119
0.109
0.098
0.087
0.073
0.055
0.038
0.02
0.007
-0.003
-0.015
-0.028
-0.04
-0.052
-0.061
-0.069
-0.073
-0.075
-0.077
-0.078
-0.08
-0.081
-0.082
-0.082
-0.08
-0.076
-0.072
-0.068
-0.065
-0.063
-0.06
-0.058
-0.057
-0.055
-0.054
-0.054
-0.053
-0.052
-0.051
-0.05
-0.049
-0.048
-0.047
-0.045
-0.044
-0.043
-0.042
-0.04
-0.039
-0.037
-0.033
-0.025
-0.016
-0.006
0.0
0.006
0.011
0.016
0.021
0.026
0.031
0.035
0.041
0.048
0.055
0.063
0.07
0.076
0.082
0.087
0.09
0.091
0.089
0.085
0.08
0.07
0.053
0.034
0.015
-0.005
-0.026
-0.042
-0.054
-0.065
-0.071
-0.075
-0.077
-0.079
-0.082
-0.085
-0.088
-0.091
-0.096
-0.102
-0.115
-0.136
-0.15
-0.158
-0.142
-0.095
0.011
0.177
0.399
0.673
0.939
1.13
1.188
1.086
0.841
0.507
0.166
-0.104
-0.263
-0.3
-0.294
-0.252
-0.22
-0.192
-0.168
-0.157
-0.152
-0.148
-0.145
-0.14
-0.136
-0.13
-0.125
-0.12
-0.113
-0.107
-0.101
-0.096
-0.09
-0.084
-0.075
-0.066
-0.056
-0.05
-0.046
-0.043
-0.04
-0.037
-0.034
-0.032
-0.03
-0.028
-0.025
-0.017
0.001
0.018
0.028
0.037
0.047
0.057
0.066
0.077
0.089
0.098
0.106
0.113
0.116
0.116
0.117
0.117
0.117
0.118
0.118
0.118
0.118
0.117
0.114
0.109
0.103
0.095
0.08
0.064
0.049
0.036
0.027
0.02
0.01
-0.008
-0.024
-0.035
-0.044
-0.052
-0.061
-0.072
-0.083
-0.087
-0.089
-0.091
-0.092
-0.094
-0.095
-0.096
-0.097
-0.098
-0.099
-0.1
-0.1
-0.1
-0.099
-0.099
-0.098
-0.098
-0.097
-0.096
-0.095
-0.095
-0.094
-0.094
-0.093
-0.093
-0.092
-0.091
-0.091
-0.09
-0.089
-0.088
-0.087
-0.086
-0.084
-0.083
-0.081
-0.08
-0.078
-0.075
-0.065
-0.055
-0.043
-0.031
-0.019
-0.009
0.0
0.008
0.015
0.021
0.027
0.032
0.036
0.041
0.045
0.047
0.047
0.043
0.036
0.028
0.017
0.0
-0.015
-0.031
-0.047
-0.065
-0.075
-0.081
-0.085
-0.089
-0.093
-0.096
-0.1
-0.102
-0.104
-0.106
-0.108
-0.112
-0.122
-0.143
-0.167
-0.183
-0.193
-0.188
-0.144
-0.048
0.11
0.332
0.617
0.915
1.146
1.248
1.174
0.929
0.584
0.218
-0.08
-0.27
-0.325
-0.327
-0.299
-0.274
-0.249
-0.224
-0.202
-0.187
-0.18
-0.176
-0.173
-0.171
-0.166
-0.16
-0.153
-0.144
-0.133
-0.124
-0.115
-0.108
-0.103
-0.097
-0.091
-0.083
-0.075
-0.067
-0.059
-0.051
-0.044
-0.037
-0.03
-0.022
-0.013
-0.005
0.0
0.006
0.015
0.027
0.039
0.051
0.064
0.075
0.086
0.097
0.113
0.126
0.135
0.142
0.146
0.147
0.149
0.15
0.152
0.153
0.154
0.155
0.155
0.153
0.149
0.144
0.138
0.131
0.12
0.108
0.097
0.084
0.068
0.053
0.038
0.024
0.01
-0.003
-0.017
-0.032
-0.038
-0.042
-0.045
-0.047
-0.05
-0.052
-0.053
-0.054
-0.055
-0.055
-0.055
-0.054
-0.053
-0.051
-0.049
-0.046
-0.044
-0.041
-0.039
-0.036
-0.034
-0.032
-0.03
-0.028
-0.027
-0.026
-0.025
-0.023
-0.022
-0.021
-0.02
-0.018
-0.017
-0.016
-0.015
-0.014
-0.013
-0.011
-0.009
-0.006
-0.003
0.002
0.016
0.029
0.039
0.046
0.052
0.057
0.061
0.065
0.068
0.072
0.076
0.078
0.079
0.077
0.074
0.069
0.061
0.048
0.026
0.006
-0.015
-0.03
-0.039
-0.046
-0.051
-0.054
-0.058
-0.061
-0.063
-0.065
-0.068
-0.071
-0.074
-0.079
-0.086
-0.1
-0.125
-0.144
-0.157
-0.157
-0.137
-0.083
0.03
0.206
0.437
0.72
0.996
1.194
1.263
1.164
0.915
0.57
0.208
-0.079
-0.253
-0.29
-0.283
-0.247
-0.224
-0.213
-0.202
-0.191
-0.177
-0.157
-0.138
-0.125
-0.115
-0.101
-0.092
-0.087
-0.082
-0.079
-0.075
-0.072
-0.069
-0.065
-0.06
-0.053
-0.045
-0.035
-0.027
-0.021
-0.016
-0.01
-0.004
0.001
0.009
0.018
0.027
0.035
0.044
0.056
0.069
0.08
0.09
0.099
0.108
0.118
0.13
0.148
0.157
0.162
0.167
0.171
0.174
0.176
0.177
0.178
0.179
0.178
0.178
0.177
0.175
0.172
0.168
0.164
0.158
0.146
0.124
0.106
0.089
0.072
0.054
0.034
0.016
0.001
-0.01
-0.022
-0.034
-0.045
-0.052
-0.055
-0.056
-0.058
-0.059
-0.059
-0.059
-0.059
-0.06
-0.06
-0.06
-0.06
-0.06
-0.06
-0.059
-0.059
-0.059
-0.059
-0.059
-0.058
-0.058
-0.057
-0.057
-0.057
-0.056
-0.055
-0.054
-0.053
-0.052
-0.052
-0.051
-0.05
-0.049
-0.047
-0.044
-0.037
-0.028
-0.017
-0.007
0.001
0.01
0.018
0.026
0.032
0.036
0.041
0.044
0.047
0.047
0.047
0.045
0.042
0.038
0.033
0.025
0.013
0.0
-0.011
-0.022
-0.034
-0.044
-0.053
-0.06
-0.064
-0.067
-0.069
-0.071
-0.072
-0.074
-0.076
-0.078
-0.081
-0.085
-0.092
-0.117
-0.144
-0.173
-0.183
-0.175
-0.152
-0.073
0.056
0.239
0.472
0.74
0.977
1.11
1.114
1.0
0.729
0.402
0.08
-0.153
-0.279
-0.311
-0.282
-0.253
-0.233
-0.215
-0.202
-0.186
-0.174
-0.166
-0.16
-0.155
-0.151
-0.148
-0.145
-0.141
-0.136
-0.131
-0.125
-0.118
-0.111
-0.105
-0.099
-0.093
-0.088
-0.082
-0.077
-0.073
-0.068
-0.064
-0.058
-0.051
-0.04
-0.029
-0.018
-0.006
0.007
0.023
0.038
0.05
0.06
0.068
0.077
0.085
0.096
0.107
0.12
0.127
0.132
0.135
0.138
0.14
0.141
0.142
0.141
0.14
0.137
0.134
0.13
0.126
0.121
0.111
0.102
0.095
0.083
0.067
0.052
0.042
0.031
0.019
0.001
-0.017
-0.038
-0.055
-0.066
-0.074
-0.08
-0.085
-0.089
-0.093
-0.094
-0.094
-0.092
-0.088
-0.084
-0.08
-0.076
-0.071
-0.069
-0.066
-0.065
-0.063
-0.062
-0.06
-0.06
-0.059
-0.058
-0.057
-0.056
-0.055
-0.053
-0.052
-0.051
-0.049
-0.047
-0.043
-0.036
-0.024
-0.016
-0.011
-0.007
-0.004
0.0
0.002
0.005
0.009
0.013
0.02
0.03
0.039
0.045
0.049
0.052
0.055
0.055
0.053
0.049
0.044
0.037
0.026
0.016
0.003
-0.01
-0.022
-0.036
-0.05
-0.059
-0.066
-0.07
-0.072
-0.074
-0.076
-0.079
-0.081
-0.083
-0.087
-0.091
-0.101
-0.118
-0.147
-0.178
-0.188
-0.181
-0.16
-0.079
0.059
0.258
0.515
0.812
1.069
1.205
1.206
1.074
0.78
0.44
0.119
-0.097
-0.185
-0.215
-0.208
-0.196
-0.179
-0.163
-0.152
-0.139
-0.122
-0.101
-0.09
-0.085
-0.08
-0.077
-0.074
-0.072
-0.069
-0.068
-0.066
-0.063
-0.061
-0.056
-0.05
-0.044
-0.039
-0.031
-0.018
-0.004
0.011
0.024
0.031
0.038
0.044
0.051
0.059
0.071
0.081
0.089
0.098
0.106
0.116
0.128
0.138
0.146
0.152
0.158
0.164
0.17
0.177
0.186
0.192
0.196
0.199
0.203
0.205
0.206
0.204
0.2
0.195
0.188
0.178
0.169
0.161
0.151
0.139
0.123
0.104
0.087
0.07
0.054
0.035
0.018
0.006
-0.006
-0.016
-0.023
-0.029
-0.035
-0.04
-0.043
-0.045
-0.047
-0.049
-0.051
-0.052
-0.054
-0.056
-0.058
-0.06
-0.062
-0.063
-0.064
-0.065
-0.066
-0.067
-0.068
-0.069
-0.07
-0.071
-0.073
-0.074
-0.075
-0.075
-0.075
-0.075
-0.074
-0.073
-0.072
-0.069
-0.067
-0.064
-0.061
-0.058
-0.055
-0.052
-0.047
-0.043
-0.039
-0.036
-0.035
-0.033
-0.032
-0.03
-0.028
-0.026
-0.025
-0.026
-0.029
-0.034
-0.041
-0.051
-0.066
-0.076
-0.086
-0.097
-0.109
-0.12
-0.128
-0.137
-0.147
-0.154
-0.161
-0.166
-0.171
-0.175
-0.179
-0.187
-0.202
-0.226
-0.256
-0.284
-0.294
-0.284
-0.251
-0.159
-0.007
0.205
0.475
0.764
1.004
1.109
1.098
0.938
0.636
0.298
-0.001
-0.216
-0.299
-0.326
-0.318
-0.308
-0.299
-0.293
-0.283
-0.264
-0.25
-0.243
-0.238
-0.234
-0.23
-0.226
-0.224
-0.221
-0.217
-0.213
-0.208
-0.202
-0.195
-0.19
-0.184
-0.18
-0.175
-0.171
-0.167
-0.162
-0.157
-0.152
-0.147
-0.141
-0.133
-0.122
-0.113
-0.103
-0.093
-0.082
-0.065
-0.047
-0.031
-0.013
0.001
0.013
0.025
0.033
0.041
0.046
0.047
0.047
0.047
0.048
0.048
0.048
0.048
0.048
0.045
0.04
0.034
0.025
0.012
0.001
-0.009
-0.02
-0.033
-0.05
-0.07
-0.086
-0.098
-0.112
-0.125
-0.137
-0.151
-0.156
-0.159
-0.161
-0.163
-0.164
-0.166
-0.167
-0.168
-0.169
-0.169
-0.17
-0.171
-0.171
-0.171
-0.17
-0.169
-0.168
-0.166
-0.165
-0.163
-0.161
-0.159
-0.157
-0.156
-0.154
-0.153
-0.151
-0.148
-0.141
-0.135
-0.13
-0.127
-0.123
-0.12
-0.117
-0.112
-0.106
-0.098
-0.087
-0.071
-0.058
-0.045
-0.032
-0.018
-0.008
0.0
0.007
0.013
0.018
0.023
0.026
0.03
0.033
0.034
0.032
0.028
0.022
0.015
0.006
-0.007
-0.022
-0.029
-0.034
-0.037
-0.04
-0.042
-0.045
-0.048
-0.051
-0.053
-0.054
-0.056
-0.058
-0.062
-0.07
-0.091
-0.117
-0.134
-0.149
-0.147
-0.113
-0.03
0.111
0.315
0.57
0.864
1.123
1.271
1.277
1.161
0.875
0.53
0.19
-0.053
-0.163
-0.181
-0.157
-0.115
-0.098
-0.094
-0.093
-0.091
-0.089
-0.087
-0.084
-0.08
-0.076
-0.07
-0.061
-0.047
-0.033
-0.025
-0.02
-0.017
-0.013
-0.009
-0.005
-0.001
0.003
0.008
0.015
0.026
0.036
0.045
0.055
0.064
0.073
0.081
0.089
0.098
0.107
0.117
0.128
0.142
0.155
0.166
0.176
0.187
0.198
0.204
0.209
0.213
0.217
0.22
0.221
0.222
0.221
0.22
0.219
0.217
0.214
0.21
0.205
0.195
0.183
0.172
0.16
0.15
0.135
0.118
0.102
0.084
0.066
0.045
0.026
0.011
-0.004
-0.014
-0.021
-0.026
-0.03
-0.032
-0.033
-0.034
-0.034
-0.034
-0.034
-0.034
-0.035
-0.035
-0.035
-0.035
-0.035
-0.035
-0.035
-0.036
-0.036
-0.037
-0.037
-0.037
-0.036
-0.035
-0.034
-0.032
-0.03
-0.028
-0.026
-0.024
-0.021
-0.019
-0.016
-0.011
-0.002
0.007
0.014
0.022
0.03
0.037
0.045
0.053
0.061
0.07
0.081
0.086
0.088
0.09
0.092
0.094
0.095
0.092
0.085
0.076
0.066
0.054
0.043
0.033
0.022
0.008
-0.005
-0.017
-0.025
-0.032
-0.037
-0.042
-0.047
-0.051
-0.055
-0.058
-0.062
-0.066
-0.071
-0.082
-0.104
-0.132
-0.152
-0.165
-0.173
-0.154
-0.095
0.021
0.202
0.443
0.734
1.013
1.206
1.254
1.137
0.873
0.535
0.187
-0.078
-0.224
-0.247
-0.24
-0.205
-0.175
-0.155
-0.142
-0.131
-0.122
-0.115
-0.109
-0.103
-0.097
-0.089
-0.082
-0.077
-0.072
-0.068
-0.064
-0.06
-0.056
-0.053
-0.05
-0.047
-0.041
-0.033
-0.024
-0.013
-0.003
0.007
0.016
0.023
0.03
0.038
0.046
0.056
0.067
0.077
0.087
0.096
0.107
0.119
0.132
0.144
0.156
0.171
0.179
0.184
0.189
0.192
0.194
0.195
0.194
0.191
0.188
0.183
0.178
0.173
0.164
0.156
0.148
0.141
0.131
0.118
0.105
0.092
0.078
0.061
0.044
0.027
0.01
-0.003
-0.015
-0.025
-0.035
-0.038
-0.04
-0.041
-0.042
-0.044
-0.045
-0.046
-0.047
-0.048
-0.049
-0.049
-0.05
-0.05
-0.05
-0.049
-0.048
-0.047
-0.046
-0.045
-0.044
-0.044
-0.044
-0.044
-0.044
-0.044
-0.045
-0.045
-0.044
-0.043
-0.042
-0.041
-0.039
-0.037
-0.036
-0.034
-0.032
-0.031
-0.029
-0.026
-0.023
-0.013
-0.002
0.004
0.011
0.018
0.024
0.031
0.039
0.048
0.054
0.061
0.066
0.069
0.07
0.067
0.062
0.056
0.044
0.024
0.004
-0.017
-0.037
-0.051
-0.07
-0.08
-0.088
-0.093
-0.098
-0.102
-0.105
-0.106
-0.108
-0.109
-0.111
-0.116
-0.131
-0.152
-0.176
-0.207
-0.222
-0.228
-0.218
-0.159
-0.044
0.129
0.356
0.627
0.895
1.091
1.166
1.083
0.849
0.523
0.175
-0.106
-0.278
-0.326
-0.327
-0.3
-0.277
-0.256
-0.237
-0.22
-0.199
-0.186
-0.18
-0.176
-0.173
-0.17
-0.166
-0.162
-0.159
-0.155
-0.151
-0.147
-0.14
-0.134
-0.128
-0.121
-0.115
-0.109
-0.104
-0.099
-0.094
-0.09
-0.085
-0.08
-0.075
-0.067
-0.057
-0.046
-0.035
-0.022
-0.006
0.007
0.019
0.029
0.039
0.048
0.056
0.062
0.068
0.075
0.081
0.088
0.097
0.109
0.116
0.12
0.123
0.126
0.128
0.129
0.129
0.126
0.12
0.114
0.106
0.095
0.085
0.074
0.057
0.034
0.012
-0.008
-0.028
-0.052
-0.068
-0.075
-0.08
-0.084
-0.087
-0.089
-0.09
-0.092
-0.092
-0.093
-0.095
-0.096
-0.098
-0.099
-0.099
-0.1
-0.101
-0.101
-0.102
-0.102
-0.102
-0.102
-0.1
-0.099
-0.098
-0.097
-0.095
-0.094
-0.093
-0.092
-0.092
-0.091
-0.09
-0.089
-0.087
-0.085
-0.082
-0.08
-0.078
-0.076
-0.073
-0.071
-0.068
-0.064
-0.059
-0.054
-0.044
-0.024
-0.013
-0.004
0.003
0.012
0.022
0.029
0.036
0.041
0.043
0.044
0.042
0.039
0.034
0.028
0.016
-0.004
-0.021
-0.033
-0.038
-0.04
-0.042
-0.043
-0.044
-0.045
-0.047
-0.049
-0.051
-0.053
-0.054
-0.057
-0.06
-0.063
-0.072
-0.094
-0.114
-0.127
-0.127
-0.111
-0.067
0.041
0.209
0.433
0.704
0.982
1.198
1.288
1.216
