0.039
0.056
0.071
0.085
0.096
0.102
0.105
0.107
0.109
0.109
0.108
0.105
0.102
0.097
0.09
0.079
0.071
0.062
0.053
0.044
0.037
0.031
0.024
0.017
0.012
0.008
0.005
0.002
0.0
0.0
-0.001
-0.001
-0.002
-0.002
-0.002
-0.003
-0.003
-0.003
-0.003
-0.003
-0.003
-0.001
0.0
0.004
0.008
0.013
0.019
0.025
0.03
0.034
0.036
0.039
0.041
0.042
0.042
0.042
0.04
0.038
0.036
0.033
0.031
0.03
0.028
0.026
0.024
0.023
0.021
0.02
0.02
0.02
0.022
0.024
0.027
0.029
0.032
0.034
0.036
0.037
0.038
0.038
0.039
0.039
0.04
0.04
0.04
0.041
0.041
0.041
0.041
0.041
0.041
0.04
0.04
0.039
0.039
0.037
0.037
0.037
0.039
0.042
0.052
0.089
0.155
0.258
0.407
0.597
0.811
1.01
1.147
1.183
1.103
0.929
0.706
0.485
0.305
0.175
0.09
0.027
-0.02
-0.054
-0.07
-0.079
-0.085
-0.092
-0.1
-0.112
-0.126
-0.139
-0.152
-0.163
-0.171
-0.179
-0.183
-0.187
-0.189
-0.191
-0.191
-0.189
-0.186
-0.181
-0.176
-0.169
-0.163
-0.156
-0.151
-0.146
-0.142
-0.137
-0.133
-0.129
-0.125
-0.121
-0.117
-0.113
-0.109
-0.104
-0.099
-0.093
-0.085
-0.073
-0.062
-0.05
-0.038
-0.024
-0.012
-0.003
0.006
0.012
0.015
0.018
0.02
0.022
0.023
0.023
0.023
0.023
0.021
0.02
0.018
0.015
0.012
0.009
0.004
0.0
-0.005
-0.01
-0.014
-0.019
-0.023
-0.028
-0.032
-0.037
-0.042
-0.047
-0.053
-0.059
-0.062
-0.066
-0.069
-0.071
-0.073
-0.074
-0.074
-0.074
-0.073
-0.072
-0.069
-0.067
-0.063
-0.059
-0.051
-0.045
-0.039
-0.034
-0.031
-0.028
-0.027
-0.026
-0.027
-0.029
-0.033
-0.037
-0.041
-0.044
-0.047
-0.05
-0.053
-0.056
-0.058
-0.059
-0.059
-0.058
-0.056
-0.054
-0.051
-0.048
-0.044
-0.039
-0.033
-0.027
-0.022
-0.018
-0.016
-0.014
-0.012
-0.011
-0.01
-0.008
-0.006
-0.004
-0.003
-0.001
0.0
0.001
0.002
0.004
0.005
0.007
0.008
0.008
0.01
0.013
0.021
0.039
0.081
0.154
0.263
0.418
0.614
0.835
1.042
1.189
1.232
1.154
0.973
0.735
0.496
0.303
0.167
0.09
0.039
0.0
-0.03
-0.046
-0.054
-0.059
-0.063
-0.067
-0.072
-0.076
-0.078
-0.08
-0.082
-0.084
-0.086
-0.087
-0.088
-0.087
-0.086
-0.084
-0.082
-0.079
-0.075
-0.071
-0.064
-0.058
-0.052
-0.045
-0.039
-0.033
-0.028
-0.021
-0.013
-0.005
0.001
0.009
0.018
0.026
0.034
0.043
0.053
0.062
0.07
0.081
0.094
0.105
0.117
0.127
0.135
0.145
0.149
0.152
0.155
0.157
0.158
0.159
0.16
0.16
0.16
0.159
0.157
0.155
0.153
0.15
0.147
0.142
0.134
0.127
0.122
0.114
0.106
0.097
0.089
0.08
0.071
0.063
0.057
0.053
0.051
0.049
0.048
0.048
0.047
0.047
0.047
0.048
0.05
0.052
0.055
0.058
0.06
0.062
0.064
0.066
0.068
0.069
0.069
0.069
0.067
0.064
0.061
0.057
0.054
0.051
0.049
0.046
0.044
0.042
0.04
0.037
0.036
0.034
0.033
0.033
0.033
0.034
0.036
0.037
0.039
0.041
0.043
0.045
0.046
0.047
0.048
0.048
0.049
0.049
0.049
0.049
0.05
0.049
0.049
0.049
0.049
0.048
0.048
0.047
0.047
0.047
0.046
0.046
0.046
0.047
0.05
0.054
0.075
0.125
0.201
0.316
0.471
0.665
0.876
1.065
1.175
1.181
1.104
0.906
0.664
0.432
0.248
0.133
0.062
0.018
-0.017
-0.044
-0.058
-0.065
-0.069
-0.073
-0.075
-0.077
-0.078
-0.078
-0.079
-0.079
-0.079
-0.08
-0.081
-0.081
-0.08
-0.078
-0.076
-0.073
-0.07
-0.068
-0.066
-0.064
-0.063
-0.061
-0.06
-0.058
-0.057
-0.056
-0.054
-0.052
-0.05
-0.048
-0.044
-0.037
-0.03
-0.025
-0.019
-0.012
-0.002
0.006
0.015
0.025
0.036
0.046
0.057
0.063
0.066
0.069
0.072
0.074
0.075
0.076
0.076
0.075
0.074
0.073
0.071
0.068
0.065
0.063
0.059
0.055
0.05
0.046
0.042
0.039
0.034
0.03
0.025
0.02
0.015
0.01
0.005
0.001
-0.001
-0.003
-0.005
-0.007
-0.008
-0.009
-0.01
-0.011
-0.011
-0.011
-0.01
-0.008
-0.005
-0.002
0.0
0.003
0.006
0.008
0.011
0.014
0.016
0.018
0.019
0.019
0.018
0.017
0.015
0.013
0.011
0.009
0.007
0.004
0.002
0.0
-0.002
-0.004
-0.006
-0.007
-0.007
-0.006
-0.004
-0.001
0.002
0.007
0.012
0.021
0.028
0.033
0.035
0.037
0.038
0.039
0.039
0.039
0.039
0.039
0.039
0.039
0.038
0.038
0.037
0.036
0.036
0.035
0.034
0.033
0.034
0.036
0.04
0.058
0.109
0.187
0.304
0.46
0.654
0.864
1.052
1.161
1.168
1.091
0.897
0.658
0.428
0.246
0.13
0.061
0.019
-0.016
-0.044
-0.058
-0.066
-0.07
-0.073
-0.078
-0.082
-0.087
-0.092
-0.097
-0.102
-0.106
-0.11
-0.113
-0.114
-0.115
-0.117
-0.118
-0.119
-0.12
-0.121
-0.121
-0.122
-0.122
-0.122
-0.121
-0.12
-0.119
-0.118
-0.117
-0.116
-0.114
-0.112
-0.11
-0.108
-0.103
-0.093
-0.085
-0.077
-0.069
-0.06
-0.048
-0.036
-0.024
-0.012
-0.001
0.006
0.015
0.018
0.02
0.022
0.023
0.025
0.026
0.027
0.027
0.027
0.027
0.027
0.026
0.024
0.023
0.021
0.02
0.018
0.016
0.014
0.012
0.009
0.006
0.002
0.0
-0.003
-0.004
-0.005
-0.006
-0.007
-0.008
-0.008
-0.009
-0.009
-0.009
-0.009
-0.007
-0.006
-0.003
-0.001
0.0
0.002
0.003
0.005
0.007
0.008
0.009
0.01
0.01
0.01
0.009
0.007
0.004
0.002
-0.001
-0.003
-0.006
-0.008
-0.011
-0.013
-0.016
-0.017
-0.019
-0.019
-0.017
-0.015
-0.012
-0.009
-0.006
-0.003
0.0
0.003
0.007
0.01
0.013
0.015
0.018
0.019
0.021
0.022
0.023
0.024
0.025
0.026
0.027
0.027
0.027
0.027
0.028
0.029
0.029
0.029
0.029
0.029
0.03
0.031
0.033
0.037
0.054
0.102
0.179
0.293
0.449
0.642
0.851
1.035
1.141
1.147
1.068
0.875
0.637
0.411
0.235
0.123
0.062
0.02
-0.014
-0.048
-0.06
-0.064
-0.065
-0.067
-0.068
-0.069
-0.07
-0.07
-0.07
-0.069
-0.068
-0.065
-0.062
-0.059
-0.057
-0.056
-0.054
-0.053
-0.052
-0.05
-0.049
-0.047
-0.046
-0.044
-0.043
-0.042
-0.041
-0.04
-0.04
-0.04
-0.04
-0.039
-0.038
-0.037
-0.036
-0.033
-0.026
-0.018
-0.009
-0.001
0.006
0.016
0.029
0.04
0.047
0.053
0.056
0.058
0.06
0.061
0.062
0.062
0.06
0.058
0.054
0.051
0.048
0.044
0.04
0.037
0.034
0.031
0.029
0.026
0.023
0.019
0.015
0.01
0.006
0.001
-0.004
-0.01
-0.017
-0.023
-0.028
-0.032
-0.033
-0.034
-0.035
-0.036
-0.036
-0.037
-0.038
-0.038
-0.037
-0.034
-0.03
-0.026
-0.021
-0.015
-0.01
-0.006
-0.003
-0.001
0.0
0.001
0.002
0.002
0.002
0.001
0.0
0.0
-0.002
-0.004
-0.006
-0.008
-0.009
-0.011
-0.012
-0.013
-0.014
-0.014
-0.014
-0.013
-0.011
-0.008
-0.005
-0.003
0.0
0.001
0.004
0.006
0.009
0.01
0.012
0.012
0.011
0.01
0.008
0.006
0.003
0.0
-0.004
-0.011
-0.018
-0.024
-0.031
-0.04
-0.048
-0.057
-0.065
-0.07
-0.074
-0.077
-0.068
-0.042
0.012
0.104
0.238
0.416
0.625
0.833
0.998
1.075
1.038
0.894
0.679
0.45
0.251
0.112
0.025
-0.027
-0.07
-0.106
-0.128
-0.134
-0.139
-0.142
-0.145
-0.152
-0.166
-0.184
-0.202
-0.22
-0.238
-0.252
-0.261
-0.265
-0.267
-0.269
-0.27
-0.27
-0.266
-0.261
-0.255
-0.246
-0.237
-0.228
-0.219
-0.209
-0.199
-0.19
-0.18
-0.173
-0.166
-0.16
-0.155
-0.149
-0.141
-0.134
-0.126
-0.119
-0.111
-0.101
-0.088
-0.076
-0.063
-0.05
-0.038
-0.026
-0.013
-0.002
0.006
0.016
0.024
0.03
0.034
0.036
0.037
0.037
0.037
0.038
0.039
0.039
0.039
0.036
0.032
0.027
0.021
0.013
0.005
-0.001
-0.008
-0.014
-0.019
-0.022
-0.023
-0.025
-0.026
-0.027
-0.029
-0.029
-0.029
-0.028
-0.026
-0.023
-0.019
-0.014
-0.005
0.002
0.009
0.016
0.022
0.029
0.035
0.039
0.042
0.045
0.046
0.047
0.048
0.048
0.048
0.049
0.049
0.049
0.05
0.05
0.051
0.052
0.052
0.053
0.055
0.056
0.057
0.058
0.06
0.061
0.063
0.064
0.065
0.066
0.068
0.069
0.07
0.07
0.071
0.072
0.072
0.073
0.073
0.074
0.074
0.074
0.074
0.074
0.074
0.073
0.073
0.072
0.072
0.071
0.07
0.069
0.068
0.067
0.064
0.067
0.093
0.149
0.244
0.385
0.572
0.789
0.997
1.151
1.207
1.147
0.986
0.768
0.546
0.36
0.228
0.145
0.088
0.044
0.012
-0.001
-0.006
-0.009
-0.011
-0.014
-0.019
-0.024
-0.034
-0.049
-0.062
-0.075
-0.087
-0.096
-0.101
-0.104
-0.106
-0.108
-0.109
-0.109
-0.107
-0.103
-0.098
-0.092
-0.082
-0.073
-0.065
-0.059
-0.053
-0.046
-0.041
-0.036
-0.032
-0.029
-0.026
-0.023
-0.019
-0.015
-0.011
-0.007
-0.002
0.003
0.011
0.019
0.027
0.035
0.044
0.049
0.051
0.054
0.056
0.057
0.058
0.059
0.059
0.059
0.058
0.057
0.055
0.052
0.05
0.047
0.043
0.035
0.029
0.022
0.016
0.01
0.005
0.0
-0.003
-0.008
-0.012
-0.017
-0.022
-0.027
-0.029
-0.031
-0.032
-0.033
-0.034
-0.035
-0.035
-0.035
-0.035
-0.035
-0.035
-0.035
-0.034
-0.034
-0.033
-0.033
-0.033
-0.033
-0.033
-0.033
-0.034
-0.034
-0.035
-0.037
-0.039
-0.04
-0.043
-0.046
-0.053
-0.059
-0.06
-0.061
-0.063
-0.064
-0.065
-0.066
-0.064
-0.06
-0.055
-0.05
-0.045
-0.039
-0.034
-0.029
-0.024
-0.019
-0.015
-0.011
-0.008
-0.006
-0.004
-0.003
-0.002
-0.002
-0.001
-0.001
-0.001
0.0
0.0
0.001
0.001
0.001
0.002
0.002
0.004
0.007
0.011
0.029
0.073
0.151
0.268
0.435
0.644
0.873
1.075
1.189
1.195
1.11
0.909
0.665
0.435
0.256
0.137
0.067
0.018
-0.023
-0.056
-0.073
-0.083
-0.088
-0.092
-0.096
-0.101
-0.106
-0.113
-0.123
-0.133
-0.139
-0.143
-0.147
-0.149
-0.15
-0.149
-0.147
-0.144
-0.141
-0.136
-0.128
-0.119
-0.11
-0.101
-0.09
-0.08
-0.069
-0.061
-0.053
-0.045
-0.037
-0.03
-0.024
-0.018
-0.012
-0.006
0.0
0.004
0.01
0.016
0.024
0.031
0.039
0.046
0.055
0.063
0.069
0.075
0.081
0.084
0.087
0.089
0.091
0.092
0.093
0.093
0.093
0.092
0.091
0.089
0.087
0.084
0.081
0.076
0.069
0.062
0.056
0.05
0.044
0.037
0.031
0.026
0.022
0.018
0.016
0.015
0.014
0.014
0.013
0.012
0.012
0.012
0.014
0.017
0.021
0.025
0.027
0.03
0.033
0.035
0.037
0.039
0.039
0.04
0.039
0.038
0.037
0.035
0.034
0.032
0.03
0.028
0.027
0.025
0.022
0.02
0.019
0.018
0.018
0.02
0.022
0.025
0.029
0.033
0.04
0.047
0.053
0.058
0.064
0.07
0.076
0.081
0.084
0.087
0.09
0.093
0.096
0.099
0.102
0.104
0.106
0.108
0.11
0.111
0.113
0.114
0.115
0.116
0.118
0.121
0.127
0.144
0.182
0.248
0.349
0.49
0.67
0.874
1.07
1.219
1.277
1.221
1.059
0.831
0.593
0.391
0.25
0.168
0.121
0.082
0.051
0.025
0.017
0.012
0.008
0.004
0.0
-0.004
-0.007
-0.008
-0.008
-0.008
-0.007
-0.007
-0.007
-0.007
-0.008
-0.008
-0.008
-0.008
-0.007
-0.007
-0.006
-0.006
-0.005
-0.005
-0.004
-0.004
-0.004
-0.004
-0.003
-0.002
-0.002
-0.001
0.0
0.0
0.002
0.004
0.01
0.016
0.022
0.032
0.045
0.056
0.065
0.074
0.082
0.09
0.094
0.096
0.097
0.098
0.1
0.101
0.101
0.101
0.099
0.097
0.093
0.089
0.084
0.076
0.069
0.063
0.055
0.047
0.038
0.03
0.024
0.017
0.01
0.007
0.004
0.002
0.0
-0.001
-0.002
-0.003
-0.003
-0.002
-0.002
0.0
0.001
0.003
0.005
0.007
0.009
0.011
0.013
0.014
0.016
0.017
0.019
0.019
0.02
0.02
0.019
0.019
0.018
0.017
0.015
0.014
0.013
0.012
0.01
0.009
0.008
0.007
0.005
0.004
0.003
0.003
0.005
0.009
0.013
0.017
0.021
0.024
0.028
0.032
0.035
0.036
0.037
0.038
0.039
0.04
0.04
0.041
0.041
0.041
0.041
0.04
0.04
0.039
0.039
0.039
0.039
0.039
0.039
0.039
0.04
0.042
0.045
0.049
0.065
0.114
0.193
0.311
0.47
0.663
0.869
1.048
1.14
1.139
1.042
0.835
0.589
0.357
0.183
0.075
0.017
-0.016
-0.044
-0.071
-0.087
-0.097
-0.102
-0.107
-0.111
-0.114
-0.118
-0.12
-0.122
-0.124
-0.125
-0.126
-0.126
-0.126
-0.125
-0.123
-0.121
-0.119
-0.117
-0.115
-0.114
-0.113
-0.113
-0.112
-0.112
-0.113
-0.113
-0.114
-0.114
-0.114
-0.114
-0.114
-0.114
-0.114
-0.114
-0.114
-0.114
-0.113
-0.112
-0.111
-0.109
-0.105
-0.096
-0.087
-0.078
-0.07
-0.06
-0.052
-0.046
-0.041
-0.037
-0.035
-0.034
-0.033
-0.032
-0.032
-0.031
-0.031
-0.031
-0.032
-0.032
-0.033
-0.034
-0.035
-0.036
-0.038
-0.039
-0.04
-0.041
-0.042
-0.043
-0.044
-0.045
-0.045
-0.046
-0.045
-0.042
-0.039
-0.036
-0.031
-0.027
-0.021
-0.014
-0.008
-0.003
0.0
0.003
0.007
0.009
0.011
0.013
0.014
0.014
0.015
0.015
0.015
0.015
0.015
0.015
0.015
0.014
0.014
0.014
0.013
0.013
0.013
0.012
0.012
0.012
0.011
0.011
0.011
0.011
0.011
0.012
0.012
0.013
0.013
0.014
0.014
0.014
0.015
0.016
0.016
0.017
0.018
0.019
0.02
0.021
0.021
0.022
0.022
0.023
0.023
0.023
0.023
0.025
0.026
0.028
0.03
0.031
0.033
0.036
0.041
0.049
0.077
0.137
0.231
0.367
0.547
0.757
0.966
1.129
1.198
1.151
0.991
0.76
0.515
0.308
0.162
0.08
0.031
-0.002
-0.032
-0.052
-0.057
-0.06
-0.063
-0.065
-0.068
-0.071
-0.073
-0.074
-0.075
-0.076
-0.077
-0.078
-0.079
-0.08
-0.081
-0.082
-0.083
-0.083
-0.083
-0.083
-0.082
-0.081
-0.079
-0.078
-0.077
-0.076
-0.074
-0.073
-0.072
-0.07
-0.068
-0.064
-0.06
-0.056
-0.053
-0.05
-0.045
-0.038
-0.03
-0.021
-0.01
0.0
0.01
0.021
0.033
0.044
0.051
0.055
0.057
0.058
0.06
0.061
0.06
0.058
0.054
0.049
0.044
0.038
0.031
0.026
0.021
0.016
0.012
0.008
0.004
0.001
-0.001
-0.003
-0.004
-0.005
-0.005
-0.006
-0.006
-0.007
-0.007
-0.007
-0.007
-0.007
-0.007
-0.007
-0.007
-0.006
-0.006
-0.006
-0.007
-0.007
-0.007
-0.008
-0.008
-0.009
-0.009
-0.011
-0.012
-0.013
-0.015
-0.019
-0.026
-0.033
-0.039
-0.046
-0.052
-0.058
-0.063
-0.067
-0.07
-0.073
-0.074
-0.074
-0.072
-0.069
-0.066
-0.062
-0.056
-0.049
-0.042
-0.035
-0.028
-0.021
-0.015
-0.009
-0.002
0.001
0.004
0.005
0.007
0.008
0.009
0.01
0.009
0.008
0.006
0.003
0.001
-0.001
-0.003
-0.007
-0.009
-0.011
-0.012
-0.011
-0.009
-0.006
-0.002
0.012
0.048
0.111
0.21
0.354
0.542
0.758
0.967
1.122
1.183
1.128
0.97
0.751
0.524
0.333
0.198
0.115
0.06
0.016
-0.019
-0.04
-0.047
-0.05
-0.055
-0.059
-0.063
-0.07
-0.079
-0.089
-0.098
-0.108
-0.114
-0.118
-0.121
-0.124
-0.126
-0.126
-0.124
-0.12
-0.116
-0.11
-0.101
-0.093
-0.086
-0.079
-0.07
-0.064
-0.06
-0.056
-0.053
-0.05
-0.047
-0.044
-0.041
-0.039
-0.036
-0.033
-0.03
-0.026
-0.02
-0.011
-0.003
0.004
0.012
0.021
0.031
0.04
0.049
0.056
0.062
0.066
0.068
0.069
0.07
0.071
0.072
0.073
0.073
0.073
0.072
0.07
0.067
0.064
0.059
0.053
0.046
0.04
0.034
0.028
0.021
0.013
0.006
0.0
-0.004
-0.004
-0.004
-0.004
-0.004
-0.004
-0.004
-0.004
-0.004
-0.003
-0.003
-0.003
-0.001
0.0
0.001
0.003
0.004
0.006
0.007
0.008
0.01
0.011
0.011
0.011
0.009
0.007
0.004
0.0
-0.003
-0.009
-0.02
-0.029
-0.034
-0.037
-0.039
-0.042
-0.043
-0.044
-0.045
-0.045
-0.044
-0.043
-0.041
-0.038
-0.035
-0.032
-0.027
-0.02
-0.012
-0.003
0.0
0.003
0.005
0.007
0.008
0.01
0.01
0.011
0.012
0.012
0.013
0.014
0.014
0.014
0.014
0.014
0.014
0.014
0.014
0.015
0.019
0.047
0.101
0.189
0.321
0.499
0.711
0.927
1.099
1.185
1.157
1.016
0.806
0.574
0.368
0.216
0.12
0.059
0.013
-0.023
-0.05
-0.065
-0.073
-0.078
-0.083
-0.089
-0.094
-0.099
-0.104
-0.109
-0.11
-0.11
-0.11
-0.11
-0.11
-0.11
-0.11
-0.11
-0.11
-0.109
-0.107
-0.104
-0.101
-0.098
-0.095
-0.091
-0.087
-0.084
-0.08
-0.075
-0.07
-0.064
-0.057
-0.051
-0.045
-0.039
-0.033
-0.027
-0.021
-0.014
-0.007
0.0
0.01
0.017
0.025
0.033
0.042
0.046
0.048
0.05
0.051
0.053
0.054
0.055
0.055
0.056
0.056
0.056
0.057
0.056
0.056
0.055
0.054
0.052
0.051
0.049
0.047
0.045
0.043
0.04
0.038
0.033
0.029
0.026
0.024
0.022
0.021
0.02
0.019
0.018
0.017
0.017
0.018
0.019
0.021
0.024
0.027
0.03
0.033
0.036
0.038
0.041
0.043
0.045
0.045
0.045
0.043
0.041
0.038
0.035
0.031
0.026
0.017
0.011
0.006
0.003
0.0
-0.001
-0.003
-0.004
-0.003
-0.001
0.002
0.006
0.011
0.017
0.024
0.031
0.039
0.046
0.052
0.058
0.06
0.061
0.062
0.063
0.064
0.064
0.064
0.064
0.064
0.064
0.065
0.066
0.067
0.067
0.067
0.068
0.068
0.069
0.071
0.074
0.077
0.094
0.145
0.226
0.345
0.505
0.7
0.909
1.093
1.194
1.198
1.116
0.919
0.679
0.452
0.269
0.151
0.08
0.036
0.0
-0.029
-0.047
-0.057
-0.063
-0.067
-0.069
-0.069
-0.07
-0.07
-0.071
-0.072
-0.072
-0.073
-0.072
-0.07
-0.066
-0.062
-0.059
-0.056
-0.052
-0.049
-0.045
-0.042
-0.039
-0.035
-0.032
-0.028
-0.025
-0.021
-0.018
-0.015
-0.012
-0.009
-0.006
-0.002
0.002
0.008
0.018
0.026
0.035
0.044
0.053
0.06
0.067
0.073
0.078
0.08
0.082
0.084
0.085
0.086
0.087
0.088
0.088
0.088
0.087
0.085
0.084
0.081
0.079
0.076
0.073
0.068
0.063
0.059
0.055
0.05
0.046
0.042
0.038
0.035
0.031
0.027
0.025
0.023
0.022
0.02
0.019
0.018
0.017
0.017
0.018
0.019
0.02
0.022
0.024
0.026
0.027
0.029
0.031
0.033
0.034
0.036
0.037
0.037
0.036
0.035
0.033
0.03
0.027
0.025
0.022
0.02
0.019
0.017
0.015
0.013
0.011
0.01
0.008
0.007
0.006
0.005
0.005
0.005
0.005
0.006
0.008
0.009
0.01
0.012
0.013
0.015
0.016
0.018
0.019
0.02
0.021
0.022
0.023
0.024
0.026
0.027
0.029
0.031
0.032
0.033
0.034
0.036
0.037
0.04
0.044
0.049
0.072
0.122
0.205
0.326
0.489
0.686
0.895
1.075
1.168
1.168
1.074
0.87
0.63
0.404
0.232
0.127
0.067
0.029
0.0
-0.026
-0.042
-0.052
-0.057
-0.06
-0.062
-0.064
-0.065
-0.066
-0.067
-0.068
-0.069
-0.07
-0.07
-0.071
-0.071
-0.071
-0.071
-0.07
-0.068
-0.066
-0.065
-0.063
-0.061
-0.059
-0.057
-0.056
-0.055
-0.053
-0.052
-0.05
-0.049
-0.048
-0.046
-0.044
-0.042
-0.038
-0.032
-0.025
-0.018
-0.011
-0.004
0.002
0.008
0.014
0.02
0.024
0.027
0.029
0.03
0.032
0.033
0.034
0.034
0.035
0.034
0.032
0.03
0.027
0.023
0.019
0.014
0.008
0.003
-0.001
-0.007
-0.012
-0.017
-0.022
-0.027
-0.032
-0.037
-0.041
-0.043
-0.045
-0.046
-0.047
-0.048
-0.049
-0.05
-0.05
-0.049
-0.046
-0.043
-0.04
-0.036
-0.032
-0.025
-0.019
-0.016
-0.013
-0.012
-0.01
-0.009
-0.008
-0.008
-0.007
-0.008
-0.009
-0.011
-0.013
-0.015
-0.017
-0.018
-0.021
-0.023
-0.025
-0.026
-0.027
-0.028
-0.027
-0.025
-0.023
-0.02
-0.017
-0.014
-0.012
-0.009
-0.007
-0.005
-0.004
-0.002
0.0
0.0
0.002
0.004
0.005
0.006
0.007
0.009
0.01
0.011
0.012
0.014
0.016
0.018
0.02
0.022
0.024
0.025
0.027
0.031
0.037
0.054
0.093
0.163
0.271
0.427
0.626
0.848
1.05
1.183
1.207
1.11
0.916
0.676
0.446
0.265
0.145
0.078
0.033
-0.002
-0.032
-0.048
-0.058
-0.064
-0.069
-0.073
-0.077
-0.085
-0.098
-0.109
-0.116
-0.124
-0.128
-0.131
-0.133
-0.135
-0.136
-0.136
-0.134
-0.132
-0.129
-0.125
-0.12
-0.113
-0.107
-0.101
-0.095
-0.089
-0.084
-0.078
-0.073
-0.069
-0.064
-0.06
-0.055
-0.05
-0.044
-0.038
-0.032
-0.024
-0.015
-0.006
0.005
0.018
0.031
0.043
0.055
0.067
0.078
0.085
0.09
0.092
0.095
0.096
0.097
0.095
0.092
0.087
0.081
0.072
0.063
0.055
0.048
0.042
0.035
0.029
0.025
0.022
0.018
0.015
0.013
0.01
0.009
0.008
0.008
0.007
0.007
0.006
0.006
0.005
0.005
0.004
0.003
0.002
0.001
0.001
0.0
0.0
0.0
-0.001
-0.002
-0.003
-0.007
-0.015
-0.022
-0.029
-0.037
-0.046
-0.055
-0.064
-0.073
-0.085
-0.099
-0.11
-0.118
-0.126
-0.129
-0.132
-0.134
-0.135
-0.136
-0.137
-0.138
-0.138
-0.138
-0.137
-0.135
-0.134
-0.132
-0.129
-0.126
-0.123
-0.117
-0.112
-0.107
-0.102
-0.096
-0.09
-0.084
-0.077
-0.071
-0.065
-0.059
-0.054
-0.051
-0.049
-0.047
-0.045
-0.042
-0.039
-0.035
-0.03
-0.01
0.037
0.117
0.237
0.403
0.607
0.826
1.02
1.129
1.136
1.063
0.878
0.656
0.443
0.279
0.164
0.091
0.033
-0.012
-0.045
-0.058
-0.064
-0.067
-0.068
-0.071
-0.074
-0.077
-0.081
-0.087
-0.095
-0.103
-0.111
-0.117
-0.121
-0.123
-0.124
-0.126
-0.127
-0.128
-0.128
-0.127
-0.124
-0.121
-0.117
-0.113
-0.108
-0.103
-0.098
-0.093
-0.088
-0.082
-0.077
-0.072
-0.066
-0.058
-0.051
-0.043
-0.035
-0.027
-0.016
-0.004
0.006
0.018
0.03
0.041
0.051
0.058
0.062
0.064
0.065
0.066
0.067
0.068
0.069
0.069
0.068
0.067
0.066
0.064
0.061
0.058
0.054
0.047
0.04
0.033
0.029
0.025
0.022
0.019
0.017
0.015
0.013
0.011
0.01
0.009
0.008
0.007
0.006
0.005
0.005
0.005
0.005
0.006
0.007
0.009
0.011
0.013
0.015
0.017
0.019
0.021
0.023
0.025
0.027
0.028
0.028
0.026
0.024
0.021
0.018
0.015
0.013
0.01
0.008
0.005
0.003
0.001
0.0
0.0
0.0
0.001
0.003
0.005
0.008
0.011
0.014
0.02
0.026
0.031
0.036
0.038
0.04
0.042
0.043
0.044
0.045
0.046
0.047
0.048
0.049
0.05
0.051
0.052
0.052
0.053
0.054
0.056
0.058
0.06
0.066
0.084
0.123
0.192
0.298
0.449
0.642
0.86
1.065
1.21
1.254
1.182
1.006
0.776
0.543
0.351
0.216
0.134
0.081
0.039
0.006
-0.015
-0.024
-0.031
-0.037
-0.042
-0.047
-0.052
-0.055
-0.057
-0.059
-0.061
-0.062
-0.063
-0.063
-0.063
-0.062
-0.06
-0.058
-0.055
-0.052
-0.049
-0.044
-0.039
-0.035
-0.031
-0.027
-0.024
-0.022
-0.02
-0.019
-0.017
-0.016
-0.015
-0.013
-0.012
-0.011
-0.01
-0.008
-0.006
-0.002
0.005
0.013
0.021
0.028
0.038
0.047
0.057
0.067
0.072
0.076
0.079
0.081
0.083
0.084
0.084
0.083
0.081
0.079
0.077
0.074
0.07
0.063
0.056
0.05
0.043
0.038
0.033
0.029
0.025
0.024
0.023
0.023
0.023
0.022
0.022
0.022
0.022
0.022
0.022
0.022
0.022
0.022
0.022
0.022
0.022
0.022
0.022
0.022
0.022
0.022
0.022
0.022
0.021
0.021
0.02
0.02
0.02
0.02
0.02
0.02
0.02
0.02
0.021
0.022
0.022
0.023
0.025
0.026
0.027
0.028
0.031
0.036
0.042
0.048
0.053
