-2.197
-2.63
-3.063
-3.483
-3.835
-4.069
-4.013
-3.88
-3.819
-3.738
-3.649
-3.603
-3.576
-3.528
-3.455
-3.397
-3.379
-3.363
-3.35
-3.325
-3.297
-3.28
-3.265
-3.248
-3.203
-3.155
-3.126
-3.096
-3.065
-3.012
-2.958
-2.908
-2.86
-2.809
-2.754
-2.699
-2.652
-2.608
-2.562
-2.51
-2.478
-2.444
-2.413
-2.368
-2.32
-2.273
-2.224
-2.194
-2.141
-2.088
-2.031
-1.973
-1.917
-1.864
-1.81
-1.75
-1.682
-1.614
-1.549
-1.483
-1.419
-1.36
-1.304
-1.245
-1.183
-1.125
-1.075
-1.028
-0.998
-0.964
-0.932
-0.907
-0.888
-0.87
-0.853
-0.836
-0.82
-0.803
-0.787
-0.771
-0.762
-0.756
-0.752
-0.749
-0.746
-0.742
-0.738
-0.734
-0.729
-0.723
-0.714
-0.694
-0.662
-0.634
-0.604
-0.57
-0.535
-0.5
-0.464
-0.428
-0.397
-0.353
-0.308
-0.249
-0.175
-0.087
0.013
0.124
0.24
0.352
0.447
0.517
0.539
0.548
0.554
0.535
0.502
0.478
0.468
0.461
0.478
0.532
0.598
0.663
0.722
0.777
0.827
0.876
0.906
0.939
0.967
0.99
1.014
1.039
1.068
1.096
1.115
1.128
1.139
1.148
1.159
1.172
1.188
1.207
1.223
1.238
1.25
1.256
1.26
1.264
1.269
1.254
1.208
1.161
1.109
1.072
1.05
1.04
1.032
1.025
1.019
1.016
1.013
1.012
1.01
1.008
1.006
1.004
1.0
0.996
0.998
1.005
1.016
1.024
1.032
1.04
1.049
1.057
1.066
1.074
1.083
1.09
1.095
1.097
1.098
1.098
1.099
1.101
1.104
1.105
1.103
1.095
1.088
1.082
1.077
1.073
1.068
1.064
1.059
1.054
1.051
1.047
1.041
1.033
1.016
0.983
0.947
0.914
0.881
0.85
0.819
0.798
0.789
0.783
0.779
0.78
0.786
0.795
0.807
0.823
0.84
0.864
0.895
0.916
0.927
0.936
0.945
0.952
0.96
0.977
1.004
1.029
1.058
1.089
1.118
1.133
1.143
1.15
1.153
1.15
1.142
1.13
1.109
1.078
1.061
1.051
1.042
1.033
1.022
1.008
0.99
0.973
0.956
0.939
0.925
0.908
0.883
0.864
0.855
0.848
0.841
0.836
0.831
0.82
0.795
0.761
0.733
0.707
0.68
0.651
0.624
0.579
0.536
0.49
0.464
0.45
0.444
0.44
0.437
0.433
0.429
0.426
0.422
0.418
0.412
0.399
0.367
0.325
0.287
0.251
0.214
0.19
0.176
0.164
0.155
0.147
0.135
0.12
0.102
0.085
0.072
0.059
0.046
0.031
0.013
-0.004
-0.023
-0.042
-0.056
-0.074
-0.1
-0.123
-0.14
-0.16
-0.18
-0.199
-0.215
-0.225
-0.233
-0.239
-0.242
-0.242
-0.239
-0.234
-0.228
-0.222
-0.215
-0.207
-0.199
-0.188
-0.153
-0.106
-0.041
0.049
0.167
0.296
0.407
0.483
0.509
0.501
0.477
0.404
0.311
0.207
0.098
-0.008
-0.101
-0.168
-0.203
-0.224
-0.239
-0.25
-0.26
-0.271
-0.281
-0.291
-0.303
-0.317
-0.334
-0.354
-0.381
-0.412
-0.459
-0.505
-0.55
-0.596
-0.623
-0.644
-0.66
-0.677
-0.69
-0.7
-0.709
-0.718
-0.728
-0.739
-0.752
-0.764
-0.777
-0.784
-0.789
-0.795
-0.799
-0.803
-0.806
-0.807
-0.808
-0.807
-0.805
-0.801
-0.796
-0.789
-0.783
-0.776
-0.77
-0.766
-0.762
-0.759
-0.756
-0.753
-0.75
-0.746
-0.742
-0.739
-0.736
-0.734
-0.732
-0.731
-0.731
-0.73
-0.73
-0.731
-0.731
-0.732
-0.732
-0.733
-0.733
-0.732
-0.732
-0.732
-0.732
-0.731
-0.731
-0.73
-0.73
-0.729
-0.729
-0.729
-0.729
-0.73
-0.73
-0.73
-0.73
-0.729
-0.728
-0.727
-0.726
-0.723
-0.721
-0.718
-0.715
-0.711
-0.708
-0.704
-0.699
-0.689
-0.678
-0.668
-0.659
-0.648
-0.636
-0.623
-0.61
-0.6
-0.591
-0.584
-0.577
-0.571
-0.566
-0.563
-0.562
-0.56
-0.558
-0.556
-0.554
-0.552
-0.551
-0.549
-0.548
-0.546
-0.545
-0.543
-0.542
-0.542
-0.541
-0.54
-0.541
-0.541
-0.542
-0.543
-0.543
-0.544
-0.545
-0.545
-0.547
-0.548
-0.548
-0.55
-0.551
-0.554
-0.557
-0.56
-0.561
-0.558
-0.551
-0.541
-0.524
-0.495
-0.474
-0.458
-0.437
-0.419
-0.403
-0.392
-0.385
-0.377
-0.37
-0.36
-0.346
-0.329
-0.313
-0.305
-0.302
-0.302
-0.301
-0.301
-0.3
-0.299
-0.298
-0.296
-0.295
-0.293
-0.291
-0.29
-0.288
-0.285
-0.283
-0.279
-0.273
-0.261
-0.247
-0.231
-0.218
-0.206
-0.196
-0.187
-0.18
-0.174
-0.171
-0.169
-0.168
-0.168
-0.168
-0.168
-0.168
-0.168
-0.167
-0.166
-0.164
-0.162
-0.16
-0.159
-0.158
-0.157
-0.155
-0.153
-0.151
-0.147
-0.142
-0.131
-0.119
-0.11
-0.099
-0.081
-0.053
0.001
0.073
0.164
0.268
0.376
0.475
0.552
0.574
0.581
0.558
0.491
0.411
0.325
0.237
0.153
0.081
0.036
0.024
0.015
0.008
0.004
0.0
-0.001
-0.003
-0.004
-0.004
-0.004
-0.004
-0.002
-0.002
-0.002
-0.003
-0.005
-0.006
-0.007
-0.007
-0.005
-0.001
0.003
0.008
0.013
0.018
0.024
0.03
0.037
0.043
0.048
0.053
0.057
0.062
0.067
0.073
0.079
0.085
0.091
0.097
0.105
0.115
0.128
0.142
0.157
0.164
0.17
0.175
0.179
0.182
0.184
0.184
0.184
0.182
0.18
0.176
0.173
0.169
0.166
0.163
0.161
0.16
0.158
0.156
0.156
0.155
0.156
0.156
0.156
0.156
0.156
0.156
0.155
0.154
0.153
0.151
0.149
0.147
0.144
0.142
0.139
0.136
0.132
0.128
0.125
0.12
0.114
0.108
0.103
0.099
0.096
0.094
0.094
0.095
0.097
0.1
0.103
0.107
0.111
0.115
0.118
0.122
0.126
0.13
0.134
0.138
0.142
0.146
0.15
0.154
0.16
0.168
0.183
0.196
0.207
0.217
0.226
0.234
0.242
0.25
0.259
0.267
0.275
0.284
0.293
0.303
0.315
0.328
0.34
0.351
0.361
0.37
0.38
0.39
0.4
0.409
0.418
0.428
0.436
0.443
0.449
0.453
0.457
0.461
0.465
0.468
0.472
0.475
0.477
0.478
0.48
0.482
0.484
0.485
0.486
0.486
0.487
0.487
0.488
0.488
0.488
0.489
0.489
0.49
0.491
0.492
0.494
0.496
0.499
0.501
0.504
0.506
0.509
0.511
0.513
0.516
0.519
0.524
0.531
0.537
0.541
0.543
0.542
0.54
0.535
0.528
0.519
0.499
0.465
0.439
0.42
0.405
0.391
0.377
0.359
0.336
0.309
0.292
0.284
0.276
0.266
0.256
0.236
0.209
0.191
0.18
0.168
0.153
0.136
0.117
0.1
0.088
0.078
0.072
0.067
0.065
0.063
0.059
0.054
0.055
0.073
0.12
0.187
0.283
0.411
0.56
0.711
0.827
0.872
0.821
0.677
0.475
0.258
0.077
-0.035
-0.087
-0.112
-0.133
-0.155
-0.174
-0.186
-0.176
-0.147
-0.096
-0.06
-0.048
-0.041
-0.041
-0.047
-0.058
-0.07
-0.087
-0.097
-0.101
-0.103
-0.105
-0.108
-0.109
-0.11
-0.111
-0.11
-0.11
-0.11
-0.111
-0.112
-0.113
-0.115
-0.117
-0.119
-0.121
-0.123
-0.125
-0.128
-0.132
-0.136
-0.141
-0.147
-0.154
-0.16
-0.163
-0.165
-0.168
-0.17
-0.172
-0.175
-0.176
-0.174
-0.166
-0.155
-0.144
-0.132
-0.118
-0.101
-0.092
-0.086
-0.079
-0.074
-0.071
-0.068
-0.065
-0.064
-0.062
-0.061
-0.061
-0.063
-0.067
-0.071
-0.076
-0.082
-0.087
-0.092
-0.097
-0.101
-0.105
-0.109
-0.113
-0.116
-0.118
-0.121
-0.123
-0.125
-0.127
-0.128
-0.13
-0.131
-0.132
-0.133
-0.133
-0.133
-0.133
-0.133
-0.133
-0.134
-0.134
-0.134
-0.135
-0.135
-0.137
-0.138
-0.14
-0.142
-0.143
-0.144
-0.146
-0.146
-0.146
-0.146
-0.144
-0.142
-0.14
-0.137
-0.134
-0.131
-0.126
-0.122
-0.116
-0.11
-0.096
-0.082
-0.067
-0.056
-0.048
-0.039
-0.032
-0.025
-0.019
-0.015
-0.012
-0.011
-0.01
-0.009
-0.009
-0.008
-0.007
-0.005
-0.004
-0.002
0.0
0.003
0.005
0.007
0.009
0.012
0.017
0.025
0.038
0.05
0.059
0.067
0.073
0.078
0.084
0.094
0.108
0.122
0.133
0.141
0.147
0.153
0.16
0.17
0.182
0.196
0.21
0.22
0.227
0.231
0.235
0.239
0.242
0.247
0.252
0.256
0.259
0.26
0.26
0.259
0.257
0.255
0.253
0.251
0.251
0.253
0.254
0.255
0.257
0.259
0.263
0.268
0.273
0.278
0.283
0.287
0.29
0.293
0.296
0.299
0.303
0.304
0.305
0.307
0.312
0.318
0.326
0.339
0.349
0.357
0.373
0.397
0.439
0.5
0.586
0.693
0.824
0.974
1.122
1.24
1.269
1.252
1.126
0.925
0.691
0.473
0.317
0.261
0.261
0.321
0.392
0.422
0.433
0.419
0.394
0.368
0.357
0.35
0.344
0.34
0.337
0.335
0.338
0.347
0.358
0.371
0.385
0.408
0.431
0.447
0.46
0.47
0.473
0.469
0.459
0.443
0.413
0.369
0.33
0.291
0.252
0.232
0.231
0.232
0.232
0.231
0.231
0.23
0.23
0.232
0.233
0.235
0.237
0.237
0.233
0.228
0.223
0.219
0.218
0.219
0.219
0.219
0.22
0.221
0.222
0.223
0.224
0.226
0.229
0.232
0.237
0.24
0.242
0.244
0.248
0.252
0.254
0.254
0.251
0.245
0.236
0.227
0.217
0.204
0.191
0.181
0.172
0.161
0.149
0.138
0.127
0.121
0.119
0.116
0.112
0.107
0.103
0.101
0.1
0.1
0.1
0.1
0.1
0.099
0.098
0.096
0.094
0.089
0.081
0.07
0.06
0.048
0.04
0.034
0.026
0.015
0.002
-0.011
-0.024
-0.033
-0.041
-0.049
-0.061
-0.072
-0.084
-0.095
-0.105
-0.116
-0.125
-0.134
-0.143
-0.154
-0.168
-0.186
-0.208
-0.23
-0.249
-0.267
-0.286
-0.306
-0.328
-0.352
-0.375
-0.393
-0.408
-0.424
-0.435
-0.442
-0.448
-0.456
-0.464
-0.474
-0.485
-0.498
-0.503
-0.505
-0.507
-0.509
-0.51
-0.512
-0.515
-0.518
-0.52
-0.521
-0.521
-0.519
-0.518
-0.519
-0.519
-0.518
-0.517
-0.515
-0.514
-0.512
-0.511
-0.509
-0.508
-0.508
-0.51
-0.512
-0.513
-0.514
-0.515
-0.516
-0.517
-0.52
-0.523
-0.527
-0.531
-0.534
-0.537
-0.54
-0.542
-0.543
-0.542
-0.541
-0.539
-0.538
-0.536
-0.534
-0.531
-0.527
-0.522
-0.509
-0.495
-0.483
-0.472
-0.463
-0.456
-0.449
-0.444
-0.438
-0.43
-0.415
-0.393
-0.352
-0.292
-0.212
-0.108
0.015
0.149
0.278
0.383
0.415
0.402
0.305
0.152
-0.018
-0.163
-0.249
-0.277
-0.266
-0.254
-0.246
-0.237
-0.228
-0.216
-0.201
-0.191
-0.185
-0.182
-0.181
-0.178
-0.175
-0.17
-0.164
-0.159
-0.154
-0.145
-0.13
-0.118
-0.108
-0.103
-0.099
-0.096
-0.094
-0.092
-0.091
-0.09
-0.089
-0.089
-0.09
-0.091
-0.092
-0.093
-0.096
-0.099
-0.103
-0.106
-0.109
-0.112
-0.114
-0.116
-0.117
-0.119
-0.121
-0.123
-0.123
-0.122
-0.12
-0.117
-0.113
-0.109
-0.105
-0.102
-0.096
-0.091
-0.088
-0.089
-0.094
-0.102
-0.109
-0.115
-0.124
-0.134
-0.142
-0.152
-0.163
-0.177
-0.19
-0.197
-0.201
-0.203
-0.204
-0.205
-0.208
-0.213
-0.218
-0.224
-0.229
-0.233
-0.237
-0.245
-0.254
-0.26
-0.266
-0.271
-0.275
-0.278
-0.281
-0.283
-0.283
-0.281
-0.279
-0.275
-0.271
-0.266
-0.258
-0.248
-0.231
-0.215
-0.2
-0.184
-0.166
-0.154
-0.139
-0.117
-0.091
-0.065
-0.037
-0.008
0.015
0.032
0.047
0.067
0.091
0.105
0.111
0.118
0.126
0.131
0.139
0.15
0.165
0.181
0.201
0.227
0.25
0.276
0.3
0.317
0.332
0.342
0.349
0.357
0.369
0.38
0.386
0.39
0.394
0.398
0.4
0.403
0.407
0.41
0.412
0.413
0.412
0.412
0.412
0.414
0.414
0.414
0.415
0.417
0.421
0.425
0.429
0.435
0.445
0.459
0.481
0.501
0.526
0.556
0.569
0.574
0.578
0.579
0.581
0.581
0.581
0.581
0.58
0.58
0.579
0.579
0.58
0.581
0.584
0.586
0.589
0.594
0.599
0.604
0.612
0.622
0.631
0.639
0.649
0.657
0.665
0.67
0.676
0.681
0.683
0.685
0.689
0.697
0.711
0.725
0.763
0.814
0.889
0.987
1.105
1.24
1.373
1.474
1.514
1.474
1.36
1.197
1.03
0.903
0.856
0.839
0.849
0.86
0.869
0.875
0.87
0.862
0.855
0.846
0.837
0.83
0.825
0.82
0.815
0.808
0.802
0.796
0.79
0.783
0.775
0.766
0.758
0.75
0.741
0.73
0.721
0.71
0.699
0.689
0.68
0.671
0.66
0.65
0.642
0.631
0.619
0.601
0.584
0.567
0.552
0.537
0.521
0.504
0.488
0.475
0.465
0.456
0.448
0.439
0.43
0.417
0.404
0.392
0.378
0.365
0.349
0.33
0.315
0.302
0.29
0.278
0.267
0.258
0.25
0.243
0.235
0.229
0.221
0.213
0.204
0.194
0.184
0.173
0.158
0.139
0.124
0.104
0.078
0.057
0.041
0.022
0.007
-0.003
-0.015
-0.028
-0.04
-0.048
-0.056
-0.062
-0.067
-0.072
-0.077
-0.08
-0.084
-0.089
-0.095
-0.101
-0.106
-0.114
-0.123
-0.134
-0.148
-0.164
-0.174
-0.181
-0.184
-0.188
-0.19
-0.194
-0.196
-0.198
-0.197
-0.192
-0.184
-0.172
-0.161
-0.149
-0.134
-0.126
-0.123
-0.121
-0.12
-0.12
-0.12
-0.122
-0.126
-0.132
-0.138
-0.142
-0.144
-0.142
-0.139
-0.136
-0.133
-0.13
-0.129
-0.13
-0.132
-0.135
-0.136
-0.137
-0.138
-0.139
-0.14
-0.139
-0.136
-0.132
-0.127
-0.122
-0.117
-0.114
-0.111
-0.11
-0.107
-0.104
-0.101
-0.098
-0.097
-0.093
-0.09
-0.088
-0.087
-0.085
-0.082
-0.081
-0.08
-0.08
-0.082
-0.084
-0.087
-0.091
-0.093
-0.094
-0.095
-0.098
-0.099
-0.1
-0.102
-0.103
-0.107
-0.11
-0.113
-0.115
-0.117
-0.122
-0.124
-0.128
-0.133
-0.138
-0.14
-0.137
-0.133
-0.129
-0.124
-0.118
-0.108
-0.089
-0.051
0.004
0.074
0.151
0.223
0.267
0.281
0.276
0.253
0.201
0.133
0.058
-0.023
-0.107
-0.181
-0.221
-0.23
-0.232
-0.23
-0.227
-0.226
-0.225
-0.225
-0.226
-0.225
-0.225
-0.224
-0.224
-0.223
-0.219
-0.216
-0.212
-0.209
-0.203
-0.198
-0.195
-0.192
-0.191
-0.19
-0.19
-0.189
-0.187
-0.186
-0.184
-0.184
-0.182
-0.178
-0.175
-0.17
-0.166
-0.161
-0.157
-0.155
-0.152
-0.149
-0.145
-0.141
-0.137
-0.133
-0.13
-0.125
-0.121
-0.117
-0.113
-0.109
-0.103
-0.097
-0.091
-0.087
-0.084
-0.081
-0.079
-0.077
-0.074
-0.068
-0.064
-0.061
-0.06
-0.061
-0.061
-0.062
-0.062
-0.064
-0.067
-0.071
-0.077
-0.083
-0.09
-0.095
-0.1
-0.107
-0.114
-0.122
-0.13
-0.138
-0.147
-0.155
-0.162
-0.167
-0.173
-0.179
-0.184
-0.189
-0.19
-0.192
-0.192
-0.192
-0.192
-0.193
-0.194
-0.193
-0.189
-0.185
-0.18
-0.176
-0.17
-0.164
-0.16
-0.156
