0.517
0.612
0.707
0.801
0.879
0.909
0.919
0.925
0.926
0.924
0.922
0.921
0.92
0.919
0.919
0.92
0.92
0.92
0.922
0.923
0.923
0.921
0.914
0.903
0.889
0.868
0.853
0.84
0.83
0.818
0.802
0.787
0.771
0.759
0.75
0.745
0.741
0.739
0.737
0.735
0.733
0.731
0.729
0.728
0.726
0.724
0.722
0.72
0.718
0.714
0.71
0.703
0.694
0.682
0.664
0.634
0.607
0.594
0.585
0.607
0.675
0.793
0.944
1.131
1.326
1.487
1.576
1.585
1.546
1.445
1.306
1.134
0.931
0.72
0.534
0.41
0.382
0.372
0.396
0.411
0.419
0.426
0.431
0.436
0.439
0.442
0.443
0.443
0.442
0.44
0.437
0.434
0.431
0.427
0.423
0.419
0.415
0.409
0.402
0.397
0.395
0.4
0.408
0.417
0.423
0.43
0.437
0.444
0.451
0.457
0.463
0.472
0.488
0.515
0.533
0.547
0.565
0.583
0.6
0.617
0.63
0.641
0.651
0.663
0.676
0.695
0.718
0.731
0.743
0.756
0.768
0.778
0.788
0.787
0.77
0.754
0.739
0.726
0.716
0.7
0.675
0.625
0.575
0.551
0.532
0.514
0.482
0.439
0.395
0.367
0.343
0.326
0.309
0.288
0.261
0.24
0.227
0.214
0.199
0.175
0.15
0.137
0.129
0.118
0.104
0.082
0.063
0.057
0.053
0.05
0.048
0.046
0.046
0.048
0.051
0.055
0.059
0.067
0.069
0.062
0.057
0.052
0.047
0.045
0.049
0.057
0.065
0.072
0.082
0.09
0.09
0.084
0.074
0.057
0.032
0.007
-0.015
-0.037
-0.063
-0.077
-0.083
-0.086
-0.089
-0.091
-0.093
-0.095
-0.098
-0.101
-0.103
-0.106
-0.108
-0.108
-0.108
-0.109
-0.11
-0.114
-0.12
-0.127
-0.131
-0.131
-0.129
-0.125
-0.121
-0.115
-0.131
-0.143
-0.15
-0.155
-0.159
-0.16
-0.158
-0.154
-0.149
-0.141
-0.129
-0.111
-0.101
-0.094
-0.09
-0.086
-0.082
-0.079
-0.075
-0.07
-0.063
-0.054
-0.055
-0.067
-0.08
-0.095
-0.112
-0.134
-0.164
-0.19
-0.209
-0.224
-0.234
-0.241
-0.246
-0.249
-0.251
-0.253
-0.254
-0.255
-0.255
-0.255
-0.255
-0.255
-0.256
-0.259
-0.26
-0.26
-0.259
-0.259
-0.259
-0.26
-0.261
-0.263
-0.266
-0.27
-0.278
-0.257
-0.19
-0.077
0.09
0.285
0.471
0.633
0.751
0.795
0.794
0.743
0.62
0.447
0.253
0.06
-0.111
-0.243
-0.299
-0.315
-0.326
-0.331
-0.332
-0.33
-0.326
-0.319
-0.31
-0.294
-0.26
-0.241
-0.233
-0.228
-0.224
-0.22
-0.217
-0.213
-0.209
-0.206
-0.203
-0.2
-0.197
-0.194
-0.189
-0.18
-0.161
-0.146
-0.134
-0.124
-0.114
-0.104
-0.096
-0.089
-0.082
-0.075
-0.069
-0.061
-0.046
-0.02
0.001
0.018
0.04
0.07
0.107
0.145
0.181
0.216
0.248
0.277
0.307
0.328
0.342
0.348
0.342
0.332
0.323
0.313
0.301
0.286
0.262
0.232
0.208
0.189
0.172
0.157
0.14
0.117
0.086
0.052
0.023
-0.009
-0.046
-0.078
-0.092
-0.099
-0.105
-0.11
-0.113
-0.116
-0.119
-0.122
-0.124
-0.125
-0.126
-0.126
-0.127
-0.128
-0.13
-0.132
-0.136
-0.139
-0.142
-0.144
-0.147
-0.15
-0.152
-0.154
-0.155
-0.158
-0.16
-0.161
-0.163
-0.163
-0.161
-0.156
-0.15
-0.144
-0.139
-0.134
-0.129
-0.125
-0.121
-0.117
-0.113
-0.11
-0.108
-0.106
-0.105
-0.105
-0.105
-0.105
-0.105
-0.101
-0.094
-0.096
-0.114
-0.129
-0.141
-0.15
-0.156
-0.158
-0.159
-0.164
-0.173
-0.172
-0.156
-0.137
-0.118
-0.107
-0.102
-0.098
-0.096
-0.094
-0.09
-0.086
-0.082
-0.079
-0.077
-0.075
-0.072
-0.067
-0.054
-0.039
-0.035
-0.033
-0.03
-0.028
-0.028
-0.027
-0.026
-0.025
-0.024
-0.023
-0.024
-0.019
-0.007
0.006
0.025
0.042
0.052
0.059
0.065
0.069
0.071
0.069
0.065
0.057
0.044
0.017
0.0
-0.008
-0.015
-0.021
-0.027
-0.031
-0.035
-0.037
-0.041
-0.045
-0.049
-0.053
-0.056
-0.059
-0.063
-0.069
-0.073
-0.073
-0.073
-0.071
-0.07
-0.069
-0.071
-0.077
-0.085
-0.093
-0.105
-0.116
-0.128
-0.139
-0.125
-0.079
0.006
0.134
0.316
0.55
0.823
1.094
1.3
1.368
1.253
0.985
0.629
0.276
-0.001
-0.166
-0.196
-0.207
-0.214
-0.214
-0.207
-0.193
-0.169
-0.142
-0.125
-0.114
-0.131
-0.142
-0.149
-0.156
-0.161
-0.163
-0.162
-0.159
-0.156
-0.152
-0.146
-0.138
-0.126
-0.112
-0.097
-0.086
-0.076
-0.067
-0.062
-0.057
-0.054
-0.051
-0.048
-0.045
-0.041
-0.034
-0.025
-0.016
-0.005
0.007
0.02
0.03
0.04
0.06
0.092
0.119
0.14
0.159
0.184
0.217
0.245
0.266
0.281
0.289
0.294
0.298
0.301
0.303
0.303
0.3
0.295
0.287
0.277
0.264
0.241
0.226
0.208
0.179
0.143
0.107
0.083
0.07
0.058
0.048
0.038
0.003
