-0.18
-0.176
-0.172
-0.167
-0.162
-0.159
-0.157
-0.156
-0.158
-0.162
-0.167
-0.173
-0.181
-0.189
-0.198
-0.207
-0.215
-0.219
-0.217
-0.21
-0.197
-0.179
-0.148
-0.093
-0.048
-0.014
0.017
0.043
0.064
0.078
0.085
0.089
0.091
0.091
0.092
0.092
0.093
0.093
0.094
0.094
0.094
0.093
0.092
0.089
0.086
0.083
0.078
0.073
0.068
0.064
0.059
0.056
0.053
0.05
0.046
0.042
0.039
0.037
0.036
0.034
0.032
0.031
0.031
0.032
0.035
0.038
0.041
0.044
0.048
0.054
0.061
0.067
0.074
0.079
0.085
0.092
0.106
0.122
0.132
0.132
0.125
0.109
0.088
0.049
-0.014
-0.118
-0.237
-0.364
-0.497
-0.533
-0.543
-0.524
-0.399
-0.233
-0.041
0.149
0.29
0.37
0.399
0.411
0.398
0.375
0.365
0.358
0.352
0.347
0.342
0.337
0.332
0.326
0.319
0.313
0.307
0.299
0.293
0.287
0.281
0.275
0.266
0.25
0.233
0.223
0.217
0.213
0.21
0.208
0.206
0.205
0.204
0.204
0.204
0.203
0.202
0.201
0.2
0.201
0.201
0.201
0.2
0.197
0.194
0.191
0.188
0.183
0.179
0.174
0.169
0.164
0.159
0.154
0.148
0.141
0.133
0.125
0.117
0.11
0.104
0.097
0.09
0.082
0.074
0.065
0.053
0.035
0.016
-0.001
-0.019
-0.036
-0.051
-0.066
-0.08
-0.091
-0.097
-0.1
-0.102
-0.104
-0.105
-0.106
-0.108
-0.109
-0.11
-0.111
-0.112
-0.113
-0.113
-0.113
-0.111
-0.109
-0.105
-0.098
-0.091
-0.083
-0.075
-0.066
-0.055
-0.039
-0.019
0.003
0.026
0.041
0.052
0.063
0.074
0.082
0.088
0.091
0.091
0.09
0.088
0.087
0.085
0.084
0.082
0.08
0.079
0.079
0.079
0.078
0.078
0.077
0.075
0.073
0.071
0.068
0.065
0.061
0.057
0.054
0.052
0.051
0.05
0.05
0.051
0.052
0.052
0.053
0.053
0.053
0.053
0.053
0.052
0.051
0.051
0.05
0.05
0.051
0.051
0.052
0.053
0.055
0.056
0.056
0.056
0.055
0.053
0.051
0.048
0.046
0.043
0.039
0.036
0.033
0.03
0.029
0.028
0.027
0.026
0.024
0.022
0.019
0.017
0.014
0.011
0.007
0.003
0.0
-0.003
-0.005
-0.006
-0.007
-0.007
-0.006
-0.004
0.0
0.003
0.007
0.01
0.012
0.015
0.017
0.02
0.022
0.025
0.026
0.027
0.029
0.031
0.034
0.037
0.039
0.041
0.043
0.043
0.044
0.044
0.044
0.044
0.044
0.045
0.046
0.046
0.046
0.047
0.048
0.049
0.051
0.052
0.053
0.054
0.055
0.057
0.06
0.063
0.066
0.069
0.072
0.075
0.078
0.08
0.081
0.082
0.082
0.083
0.084
0.085
0.086
0.088
0.09
0.091
0.093
0.095
0.096
0.096
0.096
0.095
0.094
0.093
0.092
0.093
0.094
0.097
0.099
0.102
0.104
0.107
0.11
0.113
0.116
0.118
0.119
0.121
0.124
0.128
0.132
0.136
0.139
0.141
0.142
0.142
0.14
0.136
0.13
0.122
0.115
0.108
0.101
0.096
0.091
0.086
0.08
0.076
0.071
0.067
0.063
0.059
0.055
0.053
0.052
0.053
0.054
0.056
0.058
0.062
0.066
0.07
0.075
0.081
0.087
0.093
0.099
0.11
0.135
0.157
0.176
0.191
0.206
0.217
0.222
0.22
0.21
0.193
0.138
0.063
-0.034
-0.15
-0.294
-0.417
-0.48
-0.502
-0.46
-0.33
-0.139
0.059
0.232
0.336
0.372
0.385
0.373
0.35
0.331
0.315
0.298
0.278
0.26
0.249
0.242
0.235
0.229
0.224
0.218
0.212
0.205
0.198
0.19
0.182
0.174
0.167
0.161
0.155
0.15
0.146
0.142
0.139
0.135
0.131
0.127
0.123
0.119
0.116
0.112
0.108
0.105
0.102
0.1
0.1
0.1
0.099
0.098
0.096
0.094
0.091
0.088
0.081
0.073
0.062
0.051
0.04
0.031
0.023
0.016
0.009
0.002
-0.003
-0.009
-0.014
-0.02
-0.027
-0.034
-0.04
-0.045
-0.049
-0.054
-0.059
-0.066
-0.072
-0.078
-0.083
-0.089
-0.094
-0.1
-0.106
-0.113
-0.12
-0.127
-0.138
-0.157
-0.176
-0.19
-0.202
-0.21
-0.218
-0.225
-0.231
-0.237
-0.239
-0.24
-0.237
-0.232
-0.225
-0.217
-0.209
-0.197
-0.179
-0.162
-0.147
-0.125
-0.088
-0.067
-0.058
-0.052
-0.046
-0.041
-0.036
-0.031
-0.027
-0.023
-0.019
-0.015
-0.009
-0.001
0.013
0.023
0.029
0.032
0.034
0.036
0.038
0.04
0.042
0.044
0.047
0.05
0.052
0.053
0.054
0.054
0.055
0.056
0.057
0.058
0.06
0.062
0.066
0.07
0.075
0.077
0.074
0.067
0.058
0.05
0.045
0.04
0.035
0.03
0.026
0.022
0.019
0.017
0.014
0.011
0.008
0.005
0.003
0.001
0.0
-0.002
-0.004
-0.007
-0.009
-0.01
-0.011
-0.013
-0.015
-0.017
-0.019
-0.02
-0.019
-0.019
-0.017
-0.014
-0.01
-0.005
0.001
0.008
0.014
0.02
0.024
0.028
0.032
0.036
0.04
0.044
0.047
0.049
0.051
0.051
0.05
0.049
0.047
0.044
0.041
0.038
0.035
0.031
0.027
0.023
0.018
0.012
0.005
-0.001
-0.007
-0.014
-0.022
-0.03
-0.04
-0.053
-0.065
-0.072
-0.078
-0.081
-0.085
-0.089
-0.093
-0.097
-0.1
-0.101
-0.102
-0.104
-0.107
-0.109
-0.111
-0.111
-0.111
-0.111
-0.112
-0.114
-0.117
-0.12
-0.123
-0.126
-0.13
-0.137
-0.145
-0.152
-0.158
-0.164
-0.168
-0.175
-0.182
-0.189
-0.195
-0.2
-0.203
-0.205
-0.207
-0.208
-0.207
-0.204
-0.2
-0.194
-0.189
-0.184
-0.179
-0.172
-0.159
-0.147
-0.141
-0.137
-0.134
-0.131
-0.129
-0.127
-0.125
-0.123
-0.122
-0.122
-0.121
-0.122
-0.123
-0.124
-0.125
-0.125
-0.126
-0.126
-0.126
-0.125
-0.124
-0.124
-0.123
-0.124
-0.126
-0.128
-0.131
-0.134
-0.135
-0.137
-0.139
-0.14
-0.141
-0.141
-0.141
-0.141
-0.142
-0.146
-0.152
-0.156
-0.157
-0.152
-0.145
-0.137
-0.13
-0.12
-0.111
-0.112
-0.121
-0.136
-0.162
-0.203
-0.274
-0.371
-0.489
-0.627
-0.776
-0.885
-0.922
-0.906
-0.779
-0.547
-0.309
-0.108
0.005
0.043
0.024
-0.002
-0.021
-0.021
-0.019
-0.019
-0.018
-0.013
-0.005
0.0
0.001
0.002
0.003
0.005
0.007
0.011
0.016
0.021
0.025
0.029
0.033
0.038
0.044
0.049
0.054
0.059
0.065
0.071
0.077
0.082
0.086
0.089
0.091
0.092
0.094
0.095
0.096
0.097
0.099
0.103
0.108
0.111
0.111
0.105
0.095
0.086
0.078
0.07
0.063
0.056
0.052
0.052
0.055
0.061
0.07
0.08
0.095
0.121
0.145
0.16
0.172
0.182
0.187
0.187
0.182
0.173
0.16
0.145
0.125
0.106
0.089
0.081
0.076
0.071
0.066
0.061
0.057
0.054
0.052
0.05
0.048
0.047
0.045
0.044
0.044
0.044
0.044
0.045
0.046
0.047
0.049
0.051
0.054
0.057
0.061
0.064
0.068
0.072
0.078
0.089
0.102
0.116
0.132
0.149
0.169
0.184
0.195
0.201
0.207
0.212
0.215
0.217
0.217
0.215
0.21
0.204
0.199
0.193
0.186
0.177
0.171
0.17
0.172
0.176
0.18
0.183
0.188
0.194
0.197
0.199
0.197
0.194
0.191
0.189
0.188
0.186
0.184
0.182
0.179
0.176
0.173
0.17
0.168
0.166
0.163
0.16
0.157
0.153
0.148
0.139
0.129
0.118
0.107
0.101
0.097
0.093
0.089
0.087
0.085
0.083
0.08
0.078
0.075
0.073
0.07
0.069
0.067
0.065
0.062
0.059
0.055
0.05
0.04
0.019
0.001
-0.008
-0.017
-0.023
-0.028
-0.029
-0.029
-0.027
-0.025
-0.022
-0.019
-0.016
-0.012
-0.007
-0.004
-0.003
-0.003
-0.004
-0.005
-0.006
-0.007
-0.009
-0.011
-0.014
-0.017
-0.02
-0.023
-0.026
-0.029
-0.032
-0.034
-0.034
-0.035
-0.035
-0.036
-0.036
-0.037
-0.037
-0.038
-0.039
-0.041
-0.043
-0.046
-0.048
-0.05
-0.052
-0.053
-0.053
-0.054
-0.055
-0.057
-0.06
-0.064
-0.069
-0.074
-0.081
-0.09
-0.099
-0.107
-0.114
-0.12
-0.127
-0.134
-0.142
-0.15
-0.158
-0.168
-0.175
-0.179
-0.183
-0.186
-0.19
-0.193
-0.195
-0.198
-0.2
-0.201
-0.201
-0.201
-0.199
-0.196
-0.192
-0.188
-0.183
-0.178
-0.172
-0.166
-0.16
-0.152
-0.142
-0.134
-0.127
-0.121
-0.114
-0.107
-0.1
-0.093
-0.086
-0.076
-0.066
-0.057
-0.052
-0.047
-0.044
-0.041
-0.039
-0.037
-0.035
-0.032
-0.029
-0.025
-0.021
-0.018
-0.015
-0.013
-0.01
-0.008
-0.006
-0.005
-0.003
-0.001
0.001
0.004
0.008
0.011
0.013
0.016
0.018
0.02
0.021
0.02
0.018
0.015
0.011
0.007
0.001
-0.005
-0.013
-0.033
-0.072
-0.131
-0.21
-0.319
-0.453
-0.61
-0.771
-0.9
-0.931
-0.915
-0.799
-0.61
-0.406
-0.216
-0.08
-0.042
-0.046
-0.105
-0.164
-0.222
-0.239
-0.246
-0.25
-0.244
-0.236
-0.23
-0.228
-0.235
-0.25
-0.267
-0.288
-0.308
-0.319
-0.325
-0.331
-0.337
-0.345
-0.353
-0.361
-0.37
-0.381
-0.394
-0.407
-0.418
-0.428
-0.434
-0.439
-0.444
-0.449
-0.454
-0.461
-0.469
-0.477
-0.485
-0.493
-0.499
-0.504
-0.51
-0.515
-0.519
-0.523
-0.527
-0.531
-0.535
-0.538
-0.541
-0.543
-0.545
-0.547
-0.55
-0.553
-0.558
-0.567
-0.576
-0.584
-0.593
-0.6
-0.606
-0.613
-0.622
-0.634
-0.647
-0.658
-0.669
-0.679
-0.688
-0.697
-0.705
-0.712
-0.718
-0.722
-0.727
-0.731
-0.734
-0.738
-0.741
-0.745
-0.748
-0.75
-0.752
-0.754
-0.755
-0.757
-0.758
-0.76
-0.762
-0.764
-0.769
-0.773
-0.777
-0.778
-0.777
-0.771
-0.763
-0.753
-0.739
-0.716
-0.693
-0.675
-0.661
-0.648
-0.633
-0.619
-0.604
-0.59
-0.576
-0.564
-0.553
-0.542
-0.53
-0.519
-0.509
-0.498
-0.484
-0.464
-0.441
-0.417
-0.393
-0.368
-0.346
-0.328
-0.313
-0.299
-0.293
-0.288
-0.284
-0.281
-0.278
-0.275
-0.273
-0.27
-0.266
-0.263
-0.26
-0.257
-0.254
-0.25
-0.244
-0.236
-0.22
-0.203
-0.183
-0.124
-0.026
0.139
0.364
0.658
0.996
1.336
1.651
1.901
2.089
2.209
2.315
2.42
2.544
2.666
2.771
2.864
2.914
2.938
2.952
2.962
2.968
2.97
2.969
2.963
2.955
2.945
2.931
2.908
2.886
2.856
2.818
2.781
2.739
2.691
2.65
2.589
2.528
2.491
2.454
2.415
2.375
2.337
2.301
2.269
2.241
2.208
2.171
2.131
2.088
2.047
2.014
1.99
1.967
1.938
1.9
1.869
1.845
1.822
1.792
1.755
1.721
1.684
1.644
1.604
1.57
1.545
1.524
1.495
1.461
1.434
1.414
1.393
1.373
1.353
1.335
1.31
1.277
1.244
1.212
1.18
1.148
1.117
1.083
1.057
1.041
1.022
1.002
0.976
0.948
0.925
0.896
0.861
0.827
0.792
0.754
0.715
0.683
0.659
0.643
0.623
0.597
0.568
0.541
0.518
0.502
0.484
0.466
0.449
0.43
0.414
0.4
0.388
0.379
0.368
0.354
0.338
0.322
0.306
0.289
0.271
0.254
0.237
0.223
0.211
0.201
0.192
0.177
0.153
0.122
0.095
0.074
0.058
0.042
0.026
0.011
-0.006
-0.019
-0.028
-0.038
-0.048
-0.059
-0.08
-0.112
-0.134
-0.146
-0.157
-0.167
-0.177
-0.197
-0.224
-0.238
-0.245
-0.25
-0.255
-0.261
-0.265
-0.271
-0.28
-0.295
-0.31
-0.348
-0.407
-0.482
-0.568
-0.674
-0.797
-0.927
-1.056
-1.17
-1.209
-1.198
-1.102
-0.939
-0.734
-0.535
-0.38
-0.326
-0.308
-0.325
-0.375
-0.421
-0.452
-0.478
-0.494
-0.509
-0.524
-0.534
-0.542
-0.55
-0.556
-0.562
-0.566
-0.57
-0.573
-0.578
-0.584
-0.594
-0.604
-0.612
-0.615
-0.617
-0.619
-0.621
-0.623
-0.625
-0.627
-0.629
-0.631
-0.633
-0.634
-0.635
-0.635
-0.635
-0.635
-0.634
-0.633
-0.631
-0.63
-0.629
-0.628
-0.627
-0.625
-0.623
-0.62
-0.618
-0.615
-0.611
-0.607
-0.603
-0.598
-0.593
-0.589
-0.584
-0.581
-0.576
-0.571
-0.564
-0.553
-0.541
-0.528
-0.52
-0.514
-0.508
-0.503
-0.498
-0.494
-0.489
-0.485
-0.481
-0.477
-0.474
-0.472
-0.47
-0.468
-0.466
-0.464
-0.462
-0.459
-0.457
-0.454
-0.451
-0.449
-0.446
-0.444
-0.442
-0.439
-0.436
-0.431
-0.424
-0.409
-0.396
-0.384
-0.372
-0.359
-0.343
-0.322
-0.298
-0.271
-0.254
-0.237
-0.22
-0.198
-0.168
-0.136
-0.124
-0.12
-0.117
-0.114
-0.112
-0.109
-0.107
-0.104
-0.101
-0.097
-0.094
-0.09
-0.087
-0.084
-0.082
-0.079
-0.076
-0.07
-0.063
-0.058
-0.056
-0.058
-0.062
-0.068
-0.074
-0.079
-0.086
-0.094
-0.101
-0.104
-0.103
-0.101
-0.099
-0.097
-0.096
-0.095
-0.093
-0.091
-0.088
-0.086
-0.085
-0.086
-0.087
-0.088
-0.09
-0.091
-0.092
-0.094
-0.096
-0.098
-0.1
-0.101
-0.103
-0.104
-0.105
-0.106
-0.106
-0.106
-0.106
-0.105
-0.104
-0.104
-0.103
-0.102
-0.1
-0.098
-0.096
-0.093
-0.091
-0.089
-0.087
-0.084
-0.081
-0.078
-0.074
-0.071
-0.069
-0.068
-0.066
-0.064
-0.063
-0.061
-0.06
-0.059
-0.058
-0.057
-0.055
-0.054
-0.053
-0.053
-0.053
-0.052
-0.052
-0.051
-0.05
-0.05
-0.049
-0.048
-0.047
-0.044
-0.04
-0.037
-0.034
-0.031
-0.029
-0.026
-0.024
-0.022
-0.019
-0.016
-0.014
-0.011
-0.008
-0.003
0.001
0.006
0.011
0.014
0.016
0.017
0.018
0.019
0.019
0.019
0.018
0.017
0.017
0.019
0.021
0.024
0.024
0.019
0.011
0.004
0.0
-0.004
-0.009
-0.014
-0.019
-0.022
-0.022
-0.018
-0.012
-0.006
-0.001
0.002
0.005
0.008
0.013
0.017
0.02
0.023
0.025
0.028
0.031
0.034
0.036
0.038
0.039
0.04
0.041
0.043
0.045
0.047
0.048
0.051
0.055
0.059
0.062
0.063
0.061
0.058
0.055
0.051
0.047
0.04
0.035
0.034
0.041
0.049
0.053
0.057
0.06
0.063
0.066
0.069
0.071
0.073
0.073
0.072
0.07
0.067
0.063
0.058
0.051
0.038
0.007
-0.027
-0.064
-0.133
-0.23
-0.352
-0.493
-0.631
-0.725
-0.736
-0.7
-0.551
-0.354
-0.165
0.001
0.107
0.135
0.143
0.149
0.129
0.094
0.056
0.028
0.008
0.007
0.023
0.05
0.07
0.077
0.081
0.085
0.076
0.062
0.054
0.05
0.047
0.044
0.041
0.038
0.035
0.031
0.026
0.022
0.019
0.017
0.015
0.014
0.012
0.011
0.009
0.007
0.005
0.002
-0.001
-0.005
-0.009
-0.013
-0.016
-0.019
-0.023
-0.026
-0.029
-0.031
-0.034
-0.038
-0.042
-0.048
-0.055
-0.069
-0.083
-0.094
-0.104
-0.111
-0.117
-0.121
-0.124
-0.127
-0.13
-0.134
-0.138
-0.141
-0.144
-0.147
-0.151
-0.156
-0.164
-0.178
-0.194
-0.211
-0.226
-0.241
-0.255
-0.27
-0.284
-0.294
-0.303
-0.31
-0.316
-0.321
-0.325
-0.327
-0.33
-0.334
-0.339
-0.343
-0.343
-0.332
-0.316
-0.299
-0.28
-0.262
-0.244
-0.23
-0.217
-0.205
-0.194
-0.185
-0.176
-0.168
-0.159
-0.151
-0.141
-0.131
-0.122
-0.115
-0.109
-0.104
-0.099
-0.094
-0.088
-0.082
-0.076
-0.07
-0.065
-0.06
-0.055
-0.052
-0.048
-0.045
-0.042
-0.038
-0.035
-0.032
-0.028
-0.024
-0.021
-0.019
-0.017
-0.015
-0.014
-0.013
-0.012
-0.013
-0.013
-0.013
-0.013
-0.011
-0.01
-0.008
-0.006
-0.004
-0.002
-0.001
0.0
0.0
0.0
-0.001
-0.002
-0.003
-0.003
-0.003
-0.002
-0.002
-0.001
0.0
0.001
0.004
0.006
0.007
0.007
0.007
0.007
0.007
0.006
0.006
0.006
0.007
0.009
0.012
0.014
0.016
0.018
0.019
0.021
0.023
0.023
0.023
0.022
0.021
0.019
0.019
0.02
0.022
0.023
0.025
0.028
0.031
0.034
0.037
0.04
0.044
0.046
0.049
0.051
0.054
0.056
0.059
0.062
0.067
0.071
0.076
0.082
0.087
0.093
0.097
0.101
0.104
0.106
0.108
0.109
0.11
0.111
0.112
0.113
0.114
0.117
0.12
0.123
0.126
0.129
0.13
0.131
0.131
0.13
0.128
0.125
0.12
0.115
0.109
0.103
0.098
0.093
0.087
0.078
0.068
0.059
0.053
0.048
0.045
0.041
0.037
0.032
0.028
0.025
0.024
0.023
0.022
0.023
0.027
0.033
0.04
0.049
0.059
0.068
0.081
0.094
0.106
0.116
0.125
0.132
0.137
0.142
0.146
0.151
0.157
0.162
0.165
0.168
0.17
0.174
0.18
0.189
0.206
0.226
0.238
0.246
0.253
0.259
0.263
0.263
0.257
0.248
0.238
0.227
0.214
0.194
0.178
0.166
0.151
0.133
0.125
0.12
0.118
0.115
0.113
0.11
0.108
0.105
0.101
0.095
0.086
0.051
-0.017
-0.102
-0.198
-0.301
-0.419
-0.546
-0.668
-0.731
-0.733
-0.676
-0.535
-0.334
-0.126
0.051
0.13
0.159
0.16
0.138
0.106
0.062
0.037
0.026
0.018
0.012
0.005
-0.001
-0.008
-0.015
-0.022
-0.031
-0.045
-0.062
-0.082
-0.092
-0.099
-0.103
-0.107
-0.111
-0.115
-0.119
-0.123
-0.126
-0.128
-0.131
-0.133
-0.135
-0.138
-0.142
-0.148
-0.162
-0.184
-0.196
-0.201
-0.206
-0.21
-0.214
-0.218
-0.223
-0.227
-0.231
-0.235
-0.239
-0.244
-0.249
-0.253
-0.259
-0.266
-0.274
-0.282
-0.289
-0.296
-0.302
-0.309
-0.316
-0.323
-0.331
-0.339
-0.35
-0.362
-0.375
-0.388
-0.404
-0.419
-0.432
-0.441
-0.45
-0.457
-0.464
-0.471
-0.476
-0.481
-0.486
-0.491
-0.495
-0.498
-0.501
-0.505
-0.509
-0.513
-0.517
-0.52
-0.523
-0.524
-0.524
-0.524
-0.523
-0.52
-0.516
-0.511
-0.504
-0.497
-0.49
-0.482
-0.473
-0.456
-0.438
-0.424
-0.41
-0.393
-0.374
-0.36
-0.349
-0.341
-0.336
-0.333
-0.33
-0.328
-0.325
-0.32
-0.315
-0.309
-0.301
-0.293
-0.284
-0.272
-0.253
-0.235
-0.22
-0.206
-0.194
-0.183
-0.173
-0.164
-0.156
-0.148
-0.141
-0.134
-0.128
-0.122
-0.117
-0.111
-0.104
-0.098
-0.091
-0.083
-0.073
-0.056
-0.027
-0.004
0.017
0.04
0.061
0.076
0.086
0.095
0.105
0.115
0.127
0.144
0.168
0.19
0.211
0.233
0.261
0.285
0.303
0.319
0.333
0.346
0.361
0.379
0.394
0.407
0.414
0.418
0.421
0.423
0.426
0.43
0.434
0.44
0.447
0.456
0.464
0.471
0.478
0.485
0.492
0.499
0.506
0.515
0.524
0.532
0.538
0.543
0.548
0.551
0.554
0.556
0.558
0.562
0.568
0.574
0.582
0.592
0.604
0.615
0.625
0.635
0.646
0.658
0.671
0.682
0.691
0.699
0.707
0.714
0.721
0.728
0.734
0.739
0.744
0.748
0.753
0.756
0.76
0.764
0.768
0.77
0.77
0.769
0.764
0.757
0.748
0.739
0.732
0.726
0.721
0.716
0.711
0.708
0.703
0.699
0.696
0.693
0.69
0.687
0.684
0.682
0.679
0.676
0.672
0.668
0.665
0.662
0.659
0.656
0.654
0.651
0.647
0.643
0.638
0.632
0.626
0.62
0.614
0.608
0.602
0.598
0.592
0.587
0.579
0.57
0.56
0.549
0.54
0.532
0.526
0.521
0.514
0.504
0.486
0.461
0.442
0.427
0.415
0.401
0.387
0.375
0.366
0.357
0.347
0.336
0.325
0.313
0.298
0.278
0.259
0.242
0.229
0.22
0.212
0.204
0.195
0.188
0.181
0.172
0.16
0.142
0.122
0.1
0.065
0.022
-0.045
-0.13
-0.238
-0.37
-0.507
-0.631
-0.69
-0.685
-0.596
-0.421
-0.203
0.01
0.167
0.2
0.211
0.178
0.125
0.076
0.06
0.054
0.049
0.046
0.043
0.038
0.034
0.03
0.024
0.019
0.014
0.009
0.003
-0.001
-0.007
-0.013
-0.02
-0.028
-0.037
-0.046
-0.054
-0.061
-0.067
-0.072
-0.077
-0.082
-0.085
-0.089
-0.091
-0.093
-0.096
-0.099
-0.102
-0.106
-0.111
-0.117
-0.124
-0.13
-0.137
-0.143
-0.149
-0.154
-0.158
-0.163
-0.168
-0.173
-0.178
-0.183
-0.189
-0.194
-0.199
-0.204
-0.208
-0.212
-0.216
-0.22
-0.225
-0.231
-0.236
-0.243
-0.249
-0.256
-0.262
-0.269
-0.277
-0.288
-0.302
-0.316
-0.33
-0.344
-0.364
-0.389
-0.406
-0.413
-0.418
-0.423
-0.427
-0.431
-0.434
-0.435
-0.436
-0.436
-0.436
-0.435
-0.433
-0.43
-0.428
-0.424
-0.421
-0.417
-0.412
-0.407
-0.4
-0.392
-0.384
-0.371
-0.355
-0.339
-0.321
-0.304
-0.29
-0.276
-0.262
-0.251
-0.242
-0.234
-0.225
-0.215
-0.207
-0.198
-0.189
-0.177
-0.161
-0.145
-0.131
-0.122
-0.116
-0.108
-0.101
-0.094
-0.087
-0.082
-0.076
-0.071
-0.068
-0.066
-0.065
-0.064
-0.064
-0.065
-0.065
-0.065
-0.064
-0.063
-0.062
-0.06
-0.059
-0.059
-0.06
-0.06
-0.06
-0.059
-0.058
-0.055
-0.051
-0.046
-0.041
-0.036
-0.032
-0.029
-0.026
-0.025
-0.023
-0.021
-0.019
-0.016
-0.013
-0.01
-0.007
-0.004
-0.002
-0.001
0.0
0.001
0.003
0.005
0.007
0.01
0.013
0.015
0.017
0.019
0.021
0.024
0.025
0.027
0.029
0.031
0.033
0.034
0.035
0.035
0.035
0.035
0.034
0.033
0.033
0.032
0.031
0.028
0.026
0.023
0.019
0.015
0.01
0.006
0.001
-0.003
-0.007
-0.012
-0.017
-0.022
-0.026
-0.031
-0.036
-0.042
-0.047
-0.052
-0.059
-0.064
-0.068
-0.071
-0.074
-0.077
-0.079
-0.08
-0.081
-0.084
-0.087
-0.089
-0.09
-0.092
-0.094
-0.096
-0.099
-0.101
-0.104
-0.109
-0.114
-0.118
-0.121
-0.125
-0.128
-0.129
-0.129
-0.129
-0.131
-0.131
-0.129
-0.128
-0.128
-0.126
-0.123
-0.118
-0.113
-0.108
-0.102
-0.096
-0.09
-0.086
-0.082
-0.079
-0.077
-0.074
-0.072
-0.07
-0.067
-0.063
-0.06
-0.058
-0.058
-0.058
-0.06
-0.064
-0.068
-0.071
-0.073
-0.074
-0.074
-0.073
-0.072
-0.072
-0.073
-0.074
-0.076
-0.078
-0.079
-0.08
-0.079
-0.079
-0.078
-0.078
-0.078
-0.079
-0.082
-0.085
-0.087
-0.089
-0.091
-0.093
-0.096
-0.098
-0.1
-0.104
-0.115
-0.129
-0.145
-0.167
-0.203
-0.254
-0.33
-0.411
-0.504
-0.608
-0.71
-0.776
-0.798
-0.767
-0.676
-0.508
-0.312
-0.147
-0.024
0.022
0.039
0.033
0.001
-0.011
-0.017
-0.023
-0.029
-0.036
-0.043
-0.048
-0.052
-0.054
-0.056
-0.057
-0.057
-0.056
-0.054
-0.051
-0.049
-0.047
-0.044
-0.041
-0.038
-0.035
-0.033
-0.031
-0.029
-0.027
-0.026
-0.026
-0.026
-0.025
-0.025
-0.025
-0.025
-0.026
-0.027
-0.027
-0.028
-0.029
-0.029
-0.028
-0.028
-0.027
-0.027
-0.028
-0.03
-0.032
-0.035
-0.039
-0.043
-0.047
-0.05
-0.053
-0.057
-0.061
-0.064
-0.069
-0.075
-0.081
-0.087
-0.094
-0.1
-0.105
-0.11
-0.114
-0.119
-0.124
-0.128
-0.132
-0.136
-0.14
-0.144
-0.149
-0.153
-0.158
-0.164
-0.171
-0.178
-0.186
-0.194
-0.201
-0.208
-0.213
-0.216
-0.219
-0.218
-0.217
-0.215
-0.213
-0.21
-0.207
-0.203
-0.199
-0.194
-0.187
-0.175
-0.161
-0.144
-0.125
-0.103
-0.079
-0.06
-0.045
-0.027
-0.008
0.01
0.017
0.02
0.023
0.025
0.026
0.026
0.025
0.025
0.024
0.022
0.02
0.018
0.016
0.021
0.02
0.021
0.022
0.023
0.024
0.025
0.025
0.026
0.028
0.031
0.033
0.035
0.037
0.04
0.043
0.048
0.053
0.058
0.063
0.067
0.072
0.077
0.082
0.088
0.093
0.099
0.104
0.11
0.117
0.126
0.134
0.143
0.15
0.157
0.165
0.173
0.185
0.204
0.223
0.242
0.249
0.254
0.258
0.263
0.266
0.27
0.272
0.274
0.276
0.277
0.279
0.281
0.282
0.282
0.282
0.282
0.281
0.281
0.28
0.278
0.276
0.273
0.27
0.267
0.264
0.261
0.257
0.253
0.25
0.248
0.246
0.244
0.241
0.238
0.234
0.229
0.224
0.218
0.212
0.205
0.198
0.192
0.186
0.181
0.177
0.173
0.169
0.165
0.162
0.159
0.156
0.153
0.149
0.145
0.14
0.135
0.131
0.128
0.125
0.122
0.118
0.115
0.111
0.107
0.1
0.087
0.071
0.055
0.038
0.025
0.012
0.001
-0.008
-0.013
-0.018
-0.021
-0.023
-0.024
-0.026
-0.028
-0.03
-0.031
-0.032
-0.032
-0.031
-0.028
-0.023
-0.017
-0.01
-0.002
0.005
0.013
0.022
0.031
0.04
0.048
0.053
0.056
0.059
0.06
0.062
0.064
0.066
0.069
0.072
0.074
0.074
0.072
0.065
0.055
0.042
0.025
-0.003
-0.03
-0.057
-0.084
-0.113
-0.141
-0.17
-0.199
-0.229
-0.257
-0.28
-0.289
-0.294
-0.298
-0.302
-0.304
-0.306
-0.308
-0.31
-0.312
-0.315
-0.317
-0.319
-0.321
-0.322
-0.324
-0.326
-0.329
-0.334
-0.341
-0.356
-0.394
-0.438
-0.483
-0.56
-0.656
-0.774
-0.908
-1.034
-1.106
-1.13
-1.092
