0.166
0.156
0.146
0.137
0.127
0.115
0.102
0.09
0.08
0.067
0.053
0.035
0.011
-0.015
-0.032
-0.042
-0.05
-0.058
-0.065
-0.069
-0.072
-0.075
-0.077
-0.079
-0.08
-0.081
-0.082
-0.082
-0.081
-0.08
-0.078
-0.076
-0.073
-0.07
-0.067
-0.065
-0.062
-0.06
-0.056
-0.053
-0.049
-0.046
-0.043
-0.04
-0.039
-0.038
-0.039
-0.04
-0.042
-0.045
-0.049
-0.053
-0.057
-0.061
-0.065
-0.07
-0.081
-0.089
-0.093
-0.095
-0.098
-0.101
-0.104
-0.105
-0.103
-0.096
-0.087
-0.077
-0.065
-0.053
-0.041
-0.005
0.037
0.09
0.149
0.203
0.207
0.176
0.036
-0.183
-0.433
-0.637
-0.729
-0.683
-0.536
-0.353
-0.196
-0.097
-0.056
-0.039
-0.019
0.006
0.038
0.053
0.059
0.064
0.067
0.07
0.073
0.076
0.079
0.082
0.085
0.088
0.093
0.101
0.116
0.13
0.144
0.159
0.173
0.192
0.217
0.239
0.255
0.27
0.285
0.3
0.315
0.334
0.36
0.374
0.38
0.385
0.389
0.392
0.393
0.393
0.391
0.388
0.383
0.377
0.37
0.358
0.337
0.324
0.307
0.285
0.263
0.237
0.216
0.202
0.191
0.181
0.178
0.175
0.173
0.171
0.17
0.168
0.167
0.167
0.167
0.167
0.168
0.168
0.169
0.17
0.171
0.172
0.173
0.174
0.175
0.176
0.177
0.178
0.179
0.179
0.179
0.179
0.178
0.178
0.177
0.175
0.173
0.17
0.166
0.163
0.159
0.155
0.149
0.135
0.121
0.11
0.099
0.092
0.086
0.08
0.075
0.072
0.069
0.068
0.068
0.068
0.07
0.074
0.079
0.085
0.093
0.103
0.129
0.163
0.186
0.185
0.14
0.018
-0.171
-0.389
-0.581
-0.666
-0.661
-0.555
-0.385
-0.226
-0.114
-0.058
-0.043
-0.034
-0.028
-0.023
-0.018
-0.014
-0.01
-0.006
-0.003
-0.001
0.001
0.004
0.007
0.01
0.013
0.017
0.022
0.027
0.033
0.04
0.05
0.06
0.069
0.077
0.085
0.094
0.104
0.115
0.125
0.134
0.141
0.147
0.152
0.157
0.159
0.159
0.157
0.152
0.145
0.135
0.117
0.084
0.051
0.016
-0.02
-0.057
-0.093
-0.13
-0.156
-0.172
-0.184
-0.194
-0.202
-0.209
-0.216
-0.221
-0.226
-0.229
-0.231
-0.233
-0.235
-0.238
-0.24
-0.241
-0.242
-0.24
-0.236
-0.231
-0.227
-0.222
-0.218
-0.213
-0.209
-0.206
-0.205
-0.207
-0.212
-0.218
-0.225
-0.235
-0.251
-0.259
-0.263
-0.268
-0.274
-0.273
-0.262
-0.257
-0.254
-0.252
-0.25
-0.248
-0.246
-0.244
-0.241
-0.239
-0.237
-0.235
-0.233
-0.232
-0.231
-0.23
-0.228
-0.225
-0.222
-0.217
-0.21
-0.204
-0.199
-0.191
-0.165
-0.116
-0.061
-0.043
-0.052
-0.081
-0.156
-0.237
-0.313
-0.379
-0.438
-0.494
-0.524
-0.535
-0.513
-0.448
-0.359
-0.273
-0.209
-0.172
-0.158
-0.143
-0.131
-0.121
-0.111
-0.099
-0.089
-0.08
-0.072
-0.066
-0.061
-0.057
-0.054
-0.051
-0.047
-0.041
-0.035
-0.027
-0.017
-0.004
0.006
0.016
0.032
0.055
0.073
0.084
0.095
0.104
0.115
0.127
0.135
0.14
0.143
0.146
0.148
0.149
0.149
0.147
0.144
0.139
0.133
0.124
0.108
0.095
0.082
0.069
0.054
0.039
0.024
0.006
-0.005
-0.014
-0.02
-0.025
-0.029
-0.032
-0.035
-0.037
-0.038
-0.04
-0.041
-0.042
-0.043
-0.044
-0.044
-0.043
-0.043
-0.042
-0.04
-0.038
-0.036
-0.034
-0.031
-0.029
-0.026
-0.024
-0.021
-0.017
-0.014
-0.011
-0.009
-0.007
-0.006
-0.006
-0.006
-0.008
-0.011
-0.015
-0.019
-0.024
-0.029
-0.034
-0.039
-0.049
-0.058
-0.063
-0.066
-0.069
-0.072
-0.075
-0.077
-0.079
-0.078
-0.075
-0.071
-0.065
-0.055
-0.034
-0.012
0.009
0.052
0.097
0.129
0.14
0.108
0.012
-0.178
-0.415
-0.633
-0.746
-0.751
-0.665
-0.502
-0.343
-0.233
-0.183
-0.164
-0.149
-0.13
-0.102
-0.076
-0.057
-0.04
-0.032
-0.028
-0.024
-0.021
-0.019
-0.016
-0.013
-0.01
-0.008
-0.005
-0.003
0.0
0.005
0.012
0.02
0.027
0.035
0.046
0.06
0.074
0.088
0.101
0.116
0.13
0.144
0.162
0.173
0.18
0.185
0.19
0.192
0.193
0.193
0.191
0.187
0.182
0.175
0.162
0.138
0.117
0.095
0.073
0.052
0.032
0.013
-0.006
-0.027
-0.045
-0.058
-0.071
-0.078
-0.085
-0.09
-0.092
-0.092
-0.087
-0.079
-0.07
-0.064
-0.057
-0.051
-0.044
-0.038
-0.033
-0.029
-0.025
-0.022
-0.019
-0.016
-0.013
-0.011
-0.009
-0.008
-0.006
-0.004
-0.004
-0.004
-0.005
-0.007
-0.01
-0.013
-0.016
-0.02
-0.024
-0.028
-0.032
-0.035
-0.037
-0.04
-0.044
-0.047
-0.051
-0.053
-0.055
-0.056
-0.056
-0.055
-0.054
-0.051
-0.047
-0.042
-0.036
-0.027
-0.017
0.027
0.079
0.097
0.089
0.063
-0.015
-0.106
-0.187
-0.255
-0.313
-0.368
-0.384
-0.392
-0.382
-0.317
-0.231
-0.142
-0.07
-0.033
-0.013
-0.003
0.004
0.013
0.022
0.031
0.037
0.043
0.047
0.052
0.057
0.061
0.066
0.07
0.074
0.08
0.086
0.094
0.102
0.11
0.119
0.128
0.138
0.149
0.161
0.173
0.186
0.198
0.211
0.222
0.228
0.233
0.237
0.241
0.245
0.248
0.249
0.247
0.242
0.235
0.227
0.217
0.203
0.187
0.171
0.153
0.131
0.109
0.088
0.067
0.048
0.028
0.01
0.0
-0.003
-0.005
-0.006
-0.008
-0.009
-0.01
-0.01
-0.01
-0.01
-0.009
-0.009
-0.008
-0.007
-0.006
-0.006
-0.006
-0.006
-0.006
-0.006
-0.006
-0.006
-0.005
-0.004
-0.003
-0.002
-0.002
-0.002
-0.003
-0.004
-0.006
-0.009
-0.012
-0.015
-0.019
-0.023
-0.027
-0.03
-0.036
-0.052
-0.062
-0.068
-0.071
-0.074
-0.077
-0.08
-0.083
-0.085
-0.087
-0.088
-0.086
-0.084
-0.08
-0.075
-0.068
-0.06
-0.043
-0.011
0.04
0.103
0.17
0.21
0.203
0.127
-0.059
-0.306
-0.541
-0.676
-0.688
-0.615
-0.448
-0.278
-0.153
-0.099
-0.085
-0.076
-0.069
-0.06
-0.052
-0.044
-0.036
-0.029
-0.023
-0.017
-0.011
-0.007
-0.004
-0.001
0.002
0.007
0.012
0.017
0.023
0.03
0.038
0.047
0.059
0.075
0.089
0.103
0.119
0.137
0.157
0.166
0.172
0.177
0.181
0.184
0.186
0.188
0.188
0.188
0.186
0.184
0.18
0.176
0.171
0.165
0.154
0.134
0.115
0.096
0.077
0.056
0.035
0.015
-0.006
-0.016
-0.021
-0.026
-0.03
-0.033
-0.036
-0.038
-0.04
-0.042
-0.042
-0.042
-0.04
-0.039
-0.037
-0.034
-0.032
-0.03
-0.027
-0.024
-0.022
-0.021
-0.02
-0.019
-0.017
-0.015
-0.012
-0.01
-0.008
-0.007
-0.006
-0.005
-0.005
-0.006
-0.009
-0.013
-0.017
-0.022
-0.026
-0.031
-0.035
-0.039
-0.043
-0.047
-0.051
-0.055
-0.06
-0.065
-0.069
-0.073
-0.075
-0.077
-0.076
-0.074
-0.072
-0.069
-0.064
-0.059
-0.053
-0.046
-0.03
0.011
0.063
0.099
0.129
0.121
0.033
-0.151
-0.389
-0.616
-0.743
-0.751
-0.665
-0.488
-0.309
-0.179
-0.12
-0.102
-0.09
-0.075
-0.063
-0.055
-0.049
-0.044
-0.04
-0.036
-0.033
-0.03
-0.027
-0.023
-0.02
-0.016
-0.012
-0.009
-0.005
-0.001
0.002
0.007
0.013
0.019
0.026
0.032
0.038
0.045
0.054
0.066
0.083
0.096
0.106
0.112
0.118
0.123
0.127
0.129
0.128
0.125
0.118
0.11
0.101
