0.456
0.529
0.605
0.68
0.729
0.747
0.727
0.696
0.665
0.648
0.637
0.631
0.631
0.638
0.65
0.667
0.698
0.734
0.768
0.799
0.834
0.871
0.906
0.929
0.944
0.952
0.957
0.962
0.968
0.967
0.954
0.936
0.912
0.889
0.862
0.836
0.818
0.806
0.8
0.796
0.793
0.791
0.788
0.784
0.78
0.775
0.769
0.764
0.757
0.747
0.73
0.723
0.721
0.72
0.719
0.719
0.719
0.718
0.717
0.716
0.714
0.712
0.709
0.706
0.704
0.701
0.697
0.694
0.691
0.687
0.683
0.679
0.675
0.672
0.67
0.669
0.67
0.673
0.677
0.682
0.688
0.695
0.705
0.716
0.729
0.743
0.751
0.757
0.764
0.769
0.774
0.777
0.779
0.781
0.781
0.781
0.78
0.778
0.775
0.771
0.767
0.762
0.756
0.749
0.733
0.719
0.706
0.684
0.653
0.621
0.588
0.553
0.518
0.483
0.446
0.407
0.37
0.341
0.32
0.302
0.287
0.275
0.262
0.248
0.236
0.226
0.216
0.207
0.198
0.189
0.18
0.171
0.163
0.155
0.15
0.146
0.143
0.14
0.137
0.133
0.13
0.127
0.124
0.121
0.118
0.115
0.112
0.11
0.107
0.105
0.103
0.1
0.098
0.095
0.092
0.089
0.087
0.084
0.082
0.08
0.078
0.075
0.071
0.067
0.063
0.058
0.053
0.047
0.04
0.035
0.029
0.025
0.02
0.016
0.012
0.007
0.003
0.0
-0.004
-0.008
-0.011
-0.015
-0.018
-0.022
-0.027
-0.033
-0.042
-0.051
-0.061
-0.071
-0.077
-0.082
-0.086
-0.09
-0.093
-0.096
-0.099
-0.101
-0.104
-0.107
-0.11
-0.113
-0.115
-0.117
-0.118
-0.12
-0.121
-0.123
-0.126
-0.128
-0.13
-0.132
-0.133
-0.135
-0.136
-0.137
-0.138
-0.138
-0.137
-0.137
-0.136
-0.136
-0.136
-0.136
-0.136
-0.136
-0.136
-0.135
-0.133
-0.132
-0.13
-0.128
-0.126
-0.124
-0.123
-0.121
-0.12
-0.12
-0.12
-0.12
-0.12
-0.12
-0.118
-0.116
-0.114
-0.111
-0.109
-0.108
-0.107
-0.107
-0.106
-0.107
-0.107
-0.107
-0.107
-0.107
-0.105
-0.103
-0.101
-0.099
-0.097
-0.095
-0.093
-0.091
-0.09
-0.09
-0.089
-0.089
-0.089
-0.088
-0.088
-0.087
-0.087
-0.085
-0.083
-0.08
-0.078
-0.077
-0.075
-0.074
-0.074
-0.073
-0.072
-0.072
-0.071
-0.071
-0.07
-0.07
-0.07
-0.07
-0.071
-0.071
-0.072
-0.073
-0.076
-0.078
-0.082
-0.086
-0.091
-0.104
-0.135
-0.164
-0.195
-0.222
-0.243
-0.258
-0.268
-0.277
-0.283
-0.285
-0.282
-0.272
-0.257
-0.232
-0.194
-0.158
-0.126
-0.079
-0.03
0.002
0.034
0.056
0.07
0.077
0.082
0.086
0.089
0.091
0.091
0.088
0.082
0.074
0.066
0.059
0.052
0.044
0.037
0.029
0.023
0.017
0.013
0.009
0.005
0.001
-0.002
-0.005
-0.006
-0.005
-0.001
0.003
0.009
0.015
0.02
0.025
0.029
0.034
0.038
0.042
0.045
0.049
0.052
0.055
0.058
0.061
0.064
0.067
0.071
0.075
0.078
0.082
0.085
0.088
0.092
0.097
0.104
0.112
0.126
0.138
0.148
0.159
0.17
0.181
0.192
0.2
0.206
0.212
0.218
0.226
0.234
0.243
0.254
0.269
0.281
0.291
0.298
0.304
0.309
0.313
0.315
0.313
0.308
0.301
0.293
0.284
0.27
0.258
0.246
0.227
0.201
0.176
0.15
0.125
0.098
0.069
0.037
0.002
-0.034
-0.059
-0.074
-0.086
-0.096
-0.106
-0.114
-0.122
-0.128
-0.134
-0.139
-0.143
-0.147
-0.149
-0.15
-0.152
-0.153
-0.154
-0.154
-0.154
-0.154
-0.154
-0.155
-0.155
-0.155
-0.155
-0.154
-0.152
-0.151
-0.149
-0.149
-0.148
-0.147
-0.147
-0.146
-0.145
-0.144
-0.143
-0.143
-0.142
-0.142
-0.141
-0.141
-0.141
-0.141
-0.141
-0.142
-0.142
-0.143
-0.143
-0.143
-0.144
-0.143
-0.143
-0.142
-0.141
-0.14
-0.14
-0.14
-0.14
-0.14
-0.141
-0.142
-0.143
-0.144
-0.145
-0.145
-0.145
-0.145
-0.145
-0.145
-0.145
-0.146
-0.146
-0.146
-0.147
-0.148
-0.149
-0.15
-0.15
-0.15
-0.149
-0.149
-0.148
-0.148
-0.148
-0.147
-0.147
-0.146
-0.144
-0.143
-0.141
-0.14
-0.138
-0.137
-0.136
-0.136
-0.135
-0.134
-0.134
-0.134
-0.134
-0.133
-0.131
-0.129
-0.126
-0.123
-0.119
-0.116
-0.114
-0.112
-0.11
-0.108
-0.107
-0.105
-0.104
-0.103
-0.101
-0.1
-0.098
-0.096
-0.095
-0.093
-0.092
-0.091
-0.09
-0.09
-0.089
-0.088
-0.086
-0.084
-0.082
-0.081
-0.079
-0.077
-0.075
-0.073
-0.071
-0.068
-0.066
-0.063
-0.059
-0.054
-0.049
-0.045
-0.043
-0.043
-0.045
-0.049
-0.055
-0.062
-0.071
-0.085
-0.109
-0.127
-0.15
-0.176
-0.197
-0.212
-0.228
-0.24
-0.25
-0.257
-0.261
-0.264
-0.27
-0.277
-0.262
-0.214
-0.145
-0.062
0.018
0.08
0.101
0.112
0.118
0.127
0.149
0.185
0.204
0.215
0.211
0.172
0.119
0.063
0.048
0.046
0.045
0.045
0.045
0.044
0.043
0.043
0.043
0.042
0.042
0.043
0.044
0.046
0.048
0.049
0.051
0.052
0.054
0.056
0.058
0.059
0.06
0.062
0.064
0.066
0.069
0.071
0.074
0.078
0.082
0.086
0.091
0.096
0.1
0.105
0.11
0.115
0.12
0.124
0.127
0.131
0.134
0.137
0.142
0.148
0.158
0.17
0.187
0.201
0.212
0.223
0.232
0.239
0.247
0.263
0.292
0.315
0.329
0.336
0.338
0.34
0.341
0.342
0.344
0.345
0.346
0.346
0.346
0.343
0.34
0.335
0.328
0.315
0.29
0.263
0.234
0.204
0.178
0.154
0.129
0.101
0.073
0.045
0.018
-0.002
-0.017
-0.036
-0.049
-0.059
-0.067
-0.075
-0.083
-0.091
-0.095
-0.099
-0.102
-0.104
-0.106
-0.109
-0.111
-0.114
-0.116
-0.119
-0.123
-0.126
-0.129
-0.132
-0.135
-0.137
-0.139
-0.141
-0.144
-0.146
-0.149
-0.151
-0.152
-0.153
-0.153
-0.152
-0.15
-0.148
-0.145
-0.142
-0.138
-0.135
-0.132
-0.129
-0.127
-0.126
-0.125
-0.124
-0.124
-0.123
-0.123
-0.122
-0.122
-0.12
-0.117
-0.114
-0.111
-0.109
-0.106
-0.103
-0.102
-0.1
-0.099
-0.098
-0.097
-0.096
-0.095
-0.093
-0.091
-0.09
-0.088
-0.087
-0.086
-0.085
-0.085
-0.085
-0.086
-0.085
-0.084
-0.083
-0.081
-0.079
-0.077
-0.076
-0.074
-0.073
-0.072
-0.072
-0.071
-0.071
-0.07
-0.069
-0.067
-0.065
-0.063
-0.061
-0.06
-0.058
-0.057
-0.057
-0.057
-0.056
-0.056
-0.056
-0.056
-0.055
-0.054
-0.052
-0.05
-0.049
-0.047
-0.046
-0.045
-0.044
-0.044
-0.043
-0.043
-0.043
-0.043
-0.043
-0.043
-0.043
-0.042
-0.042
-0.04
-0.039
-0.037
-0.036
-0.035
-0.034
-0.033
-0.033
-0.033
-0.033
-0.033
-0.033
-0.033
-0.033
-0.032
-0.031
-0.03
-0.028
-0.027
-0.027
-0.026
-0.025
-0.025
-0.024
-0.024
-0.023
-0.022
-0.02
-0.019
-0.017
-0.016
-0.015
-0.014
-0.013
-0.013
-0.012
-0.012
-0.011
-0.01
-0.008
-0.007
-0.006
-0.005
-0.005
-0.005
-0.006
-0.006
-0.006
-0.005
-0.004
-0.002
0.0
0.003
0.008
0.013
0.02
0.029
0.044
0.094
0.155
0.229
0.314
0.403
0.487
0.557
0.608
0.627
0.634
0.628
0.613
0.569
0.492
0.399
0.304
0.213
0.134
0.073
0.025
-0.002
-0.014
-0.018
-0.021
-0.023
-0.025
-0.028
-0.03
-0.031
-0.033
-0.034
-0.036
-0.036
-0.036
-0.035
-0.034
-0.034
-0.033
-0.033
-0.032
-0.03
-0.029
-0.027
-0.025
-0.023
-0.021
-0.018
-0.016
-0.013
-0.01
-0.008
-0.006
-0.004
-0.002
-0.001
0.0
0.001
0.002
0.004
0.007
0.01
0.013
0.016
0.019
0.021
0.023
0.025
0.027
0.03
0.032
0.036
0.04
0.045
0.052
0.059
0.065
0.071
0.077
0.083
0.089
0.095
0.103
0.111
0.119
0.128
0.136
0.141
0.146
0.15
0.154
0.157
0.16
0.163
0.164
0.164
0.164
0.163
0.161
0.159
0.156
0.152
0.148
0.143
0.135
0.118
0.103
0.082
0.056
0.036
0.02
0.001
-0.008
-0.015
-0.02
-0.025
-0.029
-0.032
-0.034
-0.037
-0.039
-0.041
-0.042
-0.044
-0.045
-0.046
-0.047
-0.048
-0.049
-0.05
-0.05
-0.051
-0.051
-0.051
-0.051
-0.05
-0.049
-0.048
-0.047
-0.046
-0.045
-0.044
-0.043
-0.042
-0.04
-0.038
-0.036
-0.035
-0.033
-0.032
-0.032
-0.031
-0.031
-0.031
-0.031
-0.031
-0.031
-0.032
-0.032
-0.031
-0.031
-0.03
-0.03
-0.029
-0.029
-0.029
-0.029
-0.029
-0.029
-0.029
-0.03
-0.03
-0.031
-0.031
-0.032
-0.032
-0.032
-0.032
-0.033
-0.033
-0.033
-0.033
-0.033
-0.034
-0.034
-0.035
-0.036
-0.037
-0.036
-0.035
-0.035
-0.034
-0.033
-0.032
-0.03
-0.028
-0.025
-0.021
-0.017
-0.006
0.023
0.078
0.148
0.236
0.337
0.444
0.544
0.624
0.66
0.66
0.621
0.546
0.461
0.382
0.315
0.251
0.188
0.125
0.066
0.011
-0.033
-0.059
-0.075
-0.084
-0.093
-0.102
-0.111
-0.118
-0.124
-0.129
-0.133
-0.136
-0.135
-0.131
-0.125
-0.118
-0.113
-0.111
-0.108
-0.106
-0.104
-0.101
-0.099
-0.096
-0.093
-0.091
-0.089
-0.088
-0.087
-0.085
-0.084
-0.083
-0.083
-0.082
-0.082
-0.082
-0.082
-0.081
-0.08
-0.079
-0.077
-0.075
-0.073
-0.071
-0.066
-0.055
-0.037
-0.027
-0.022
-0.017
-0.014
-0.011
-0.008
-0.005
-0.002
0.0
0.001
0.003
0.006
0.009
0.014
0.023
0.033
0.047
0.063
0.081
0.098
0.107
0.115
0.12
0.125
0.127
0.127
0.127
0.127
0.127
0.127
0.127
0.127
0.126
0.125
0.12
0.112
0.102
0.089
0.079
0.069
0.058
0.045
0.035
0.027
0.02
0.014
0.008
0.0
-0.009
-0.024
-0.031
-0.035
-0.038
-0.041
-0.044
-0.046
-0.047
-0.049
-0.049
-0.048
-0.048
-0.047
-0.046
-0.045
-0.044
-0.042
-0.039
-0.036
-0.034
-0.031
-0.025
-0.02
-0.019
-0.02
-0.022
-0.023
-0.025
-0.026
-0.027
-0.028
-0.026
-0.024
-0.02
-0.017
-0.015
-0.013
-0.01
-0.007
-0.004
-0.002
0.0
0.001
0.002
0.003
0.004
0.004
0.004
0.004
0.004
0.005
0.007
0.009
0.01
0.011
0.009
0.007
0.006
0.005
0.003
0.001
0.0
0.0
0.0
0.0
0.002
0.004
0.006
0.006
0.007
0.008
0.009
0.009
0.01
0.01
0.01
0.011
0.011
0.011
0.011
0.011
0.01
0.01
0.009
0.009
0.009
0.01
0.01
0.01
0.011
0.012
0.012
0.012
0.012
0.011
0.011
0.011
0.012
0.012
0.013
0.014
0.015
0.016
0.018
0.02
0.023
0.025
0.028
0.05
0.103
0.179
0.277
0.389
0.507
0.616
0.702
0.742
0.755
0.737
0.681
0.601
0.513
0.422
0.331
0.238
0.148
0.071
0.015
-0.017
-0.026
-0.032
-0.037
-0.042
-0.046
-0.052
-0.061
-0.074
-0.08
-0.083
-0.086
-0.088
-0.088
-0.087
-0.082
-0.075
-0.069
-0.066
-0.064
-0.062
-0.06
-0.058
-0.056
-0.053
-0.052
-0.051
-0.05
-0.048
-0.047
-0.046
-0.045
-0.044
-0.044
-0.044
-0.043
-0.043
-0.042
-0.041
-0.039
-0.037
-0.032
-0.027
-0.021
-0.015
-0.009
-0.005
-0.002
0.001
0.004
0.007
0.01
0.012
0.014
0.016
0.018
0.021
0.024
0.029
0.036
0.043
0.051
0.062
0.075
0.086
0.093
0.098
0.102
0.105
0.109
0.113
0.116
0.12
0.123
0.127
0.131
0.134
0.135
0.135
0.133
0.13
0.126
0.122
0.116
0.11
0.104
0.086
0.061
0.044
0.031
0.023
0.017
0.013
0.009
0.006
0.004
0.001
0.0
-0.002
-0.004
-0.007
-0.009
-0.011
-0.012
-0.013
-0.014
-0.014
-0.015
-0.015
-0.016
-0.017
-0.019
-0.019
-0.02
-0.021
-0.021
-0.021
-0.02
-0.02
-0.02
-0.02
-0.019
-0.019
-0.019
-0.018
-0.018
-0.018
-0.019
-0.019
-0.019
-0.02
-0.02
-0.021
-0.022
-0.023
-0.023
-0.024
-0.025
-0.026
-0.027
-0.028
-0.029
-0.031
-0.032
-0.034
-0.036
-0.038
-0.039
-0.041
-0.042
-0.043
-0.045
-0.046
-0.047
-0.047
-0.047
-0.047
-0.046
-0.046
-0.045
-0.044
-0.042
-0.041
-0.04
-0.039
-0.038
-0.038
-0.037
-0.036
-0.036
-0.035
-0.033
-0.031
-0.029
-0.027
-0.028
-0.029
-0.03
-0.031
-0.032
-0.033
-0.035
-0.036
-0.037
-0.038
-0.038
-0.038
-0.038
-0.037
-0.036
-0.036
-0.035
-0.034
-0.033
-0.033
-0.033
-0.034
-0.034
-0.034
-0.033
-0.033
-0.033
-0.032
-0.032
-0.032
-0.032
-0.031
-0.032
-0.032
-0.033
-0.033
-0.033
-0.032
-0.031
-0.03
-0.029
-0.028
-0.026
-0.025
-0.024
-0.023
-0.022
-0.022
-0.02
-0.019
-0.017
-0.015
-0.013
-0.012
-0.012
-0.011
-0.011
-0.011
-0.011
-0.013
-0.014
-0.017
-0.021
-0.021
-0.014
-0.01
-0.008
-0.005
-0.002
0.0
0.0
0.0
0.0
-0.001
-0.003
-0.004
-0.007
-0.009
-0.009
-0.008
-0.007
-0.006
-0.005
-0.004
-0.004
-0.005
-0.006
-0.007
-0.008
-0.009
-0.011
-0.013
-0.014
-0.015
-0.013
-0.011
-0.008
-0.006
-0.004
-0.002
0.0
0.002
0.003
0.005
0.005
0.005
0.005
0.004
0.003
0.002
0.0
0.0
-0.002
-0.004
-0.006
-0.009
-0.013
-0.015
-0.015
-0.012
-0.009
-0.007
-0.003
-0.001
0.0
0.0
-0.002
-0.005
-0.006
-0.008
-0.01
-0.012
-0.012
-0.011
-0.008
-0.006
-0.005
-0.004
-0.003
-0.002
-0.001
0.0
0.0
-0.001
-0.002
-0.004
-0.005
-0.006
-0.007
-0.009
-0.01
-0.011
-0.013
-0.013
-0.014
-0.013
-0.013
-0.013
-0.012
-0.012
-0.01
-0.009
-0.007
-0.006
-0.005
-0.004
-0.003
-0.002
-0.001
0.0
0.0
0.0
0.0
0.0
0.0
0.0
0.0
0.0
0.0
0.0
-0.001
-0.001
-0.002
-0.002
-0.003
-0.005
-0.006
-0.008
-0.012
-0.026
-0.042
-0.059
-0.078
-0.095
-0.123
-0.152
-0.184
-0.215
-0.237
-0.245
-0.245
-0.237
-0.214
-0.172
-0.111
-0.036
0.051
0.146
0.247
0.347
0.434
0.491
0.499
0.478
0.4
0.297
0.195
0.117
0.071
0.048
0.039
0.029
0.019
0.01
0.003
0.0
-0.001
-0.003
-0.004
-0.005
-0.007
-0.009
-0.011
-0.013
-0.014
-0.015
-0.017
-0.018
-0.02
-0.021
-0.022
-0.022
-0.022
-0.021
-0.021
-0.019
-0.017
-0.015
-0.011
-0.006
0.002
0.008
0.011
0.013
0.015
0.016
0.017
0.019
0.022
0.026
0.031
0.036
0.042
0.05
0.058
0.062
0.066
0.073
0.081
0.087
0.092
0.096
0.101
0.108
0.119
0.134
0.149
0.163
0.175
0.188
0.201
0.215
0.231
0.245
0.251
0.254
0.257
0.259
0.26
0.26
0.26
0.258
0.255
0.252
0.248
0.242
0.231
0.221
0.209
0.19
0.169
0.146
0.122
0.1
0.08
0.058
0.036
0.015
-0.004
-0.024
-0.039
-0.05
-0.062
-0.073
-0.084
-0.093
-0.097
-0.099
-0.101
-0.103
-0.105
-0.106
-0.107
-0.107
-0.106
-0.106
-0.104
-0.103
-0.101
-0.099
-0.097
-0.095
-0.094
-0.093
-0.093
-0.092
-0.092
-0.091
-0.09
-0.089
-0.089
-0.088
-0.087
-0.086
-0.085
-0.084
-0.084
-0.084
-0.084
-0.084
-0.083
-0.083
-0.082
-0.082
-0.081
-0.08
-0.078
-0.077
-0.075
-0.074
-0.073
-0.073
-0.071
-0.069
-0.067
-0.066
-0.065
-0.065
-0.065
-0.065
-0.065
-0.065
-0.065
-0.066
-0.067
-0.069
-0.069
-0.069
-0.07
-0.07
-0.071
-0.072
-0.072
-0.071
-0.069
-0.066
-0.063
-0.061
-0.06
-0.059
-0.057
-0.055
-0.054
-0.053
-0.053
-0.053
-0.053
-0.053
-0.053
-0.053
-0.054
-0.055
-0.056
-0.056
-0.057
-0.058
-0.059
-0.06
-0.06
-0.059
-0.058
-0.055
-0.053
-0.052
-0.051
-0.049
-0.048
-0.047
-0.046
-0.046
-0.045
-0.043
-0.042
-0.041
-0.039
-0.039
-0.038
-0.037
-0.036
-0.035
-0.035
-0.034
-0.033
-0.032
-0.031
-0.029
-0.028
-0.026
-0.025
-0.024
-0.023
-0.022
-0.021
-0.021
-0.02
-0.02
-0.019
-0.018
-0.017
-0.016
-0.016
-0.015
-0.015
-0.015
-0.015
-0.015
-0.014
-0.014
-0.014
-0.014
-0.014
-0.014
-0.013
-0.011
-0.01
-0.009
-0.007
-0.005
-0.002
0.0
0.003
0.006
0.008
0.011
0.014
0.017
0.02
0.023
0.025
0.026
0.026
0.026
0.026
0.025
0.023
0.02
0.017
0.013
0.004
-0.011
-0.022
-0.03
-0.03
-0.022
0.0
0.036
0.092
0.165
0.254
0.35
0.443
0.522
0.582
0.611
0.621
0.607
0.566
0.499
0.416
0.325
0.235
0.153
0.086
0.043
0.023
0.013
0.007
0.003
0.0
-0.003
-0.006
-0.01
-0.013
-0.014
-0.011
-0.008
-0.006
-0.005
-0.004
-0.003
-0.002
0.0
0.001
0.003
0.005
0.006
0.006
0.007
0.007
0.007
0.007
0.007
0.007
0.007
0.008
0.01
0.011
0.013
0.015
0.017
0.019
0.021
0.023
0.026
0.028
0.03
0.033
0.038
0.043
0.048
0.053
0.057
0.061
0.066
0.072
0.079
0.084
0.09
0.097
0.106
0.118
0.13
0.141
0.152
0.16
0.167
0.172
0.178
0.184
0.189
0.195
0.2
0.206
0.211
0.216
0.221
0.225
0.227
0.225
0.219
0.212
0.203
0.189
0.174
0.159
0.144
0.13
0.116
0.101
0.084
0.067
0.05
0.034
0.019
0.003
-0.011
-0.024
-0.036
-0.045
-0.052
-0.055
-0.057
-0.059
-0.061
-0.062
-0.064
-0.066
-0.068
-0.07
-0.071
-0.073
-0.073
-0.074
-0.074
-0.074
-0.073
-0.072
-0.072
-0.073
-0.073
-0.074
-0.076
-0.077
-0.078
-0.078
-0.079
-0.079
-0.078
-0.076
-0.074
-0.072
-0.07
-0.068
-0.067
-0.066
-0.065
-0.065
-0.064
-0.064
-0.064
-0.063
-0.063
-0.062
-0.061
-0.059
-0.058
-0.057
-0.057
-0.056
-0.056
-0.056
-0.056
-0.055
-0.055
-0.055
-0.055
-0.054
-0.053
-0.052
-0.05
-0.05
-0.049
-0.048
-0.048
-0.047
-0.047
-0.047
-0.048
-0.049
-0.05
-0.051
-0.052
-0.053
-0.054
-0.055
-0.056
-0.057
-0.057
-0.057
-0.057
-0.058
-0.059
-0.059
-0.06
-0.06
-0.06
-0.06
-0.061
-0.061
-0.061
-0.062
-0.061
-0.061
-0.061
-0.06
-0.059
-0.057
-0.054
-0.051
-0.049
-0.046
-0.044
-0.043
-0.041
-0.04
-0.039
-0.039
-0.039
-0.038
-0.038
-0.037
-0.036
-0.036
-0.035
-0.034
-0.033
-0.031
-0.03
-0.029
-0.028
-0.028
-0.027
-0.027
-0.026
-0.026
-0.026
-0.026
-0.025
-0.025
-0.024
-0.023
-0.023
-0.022
-0.022
-0.021
-0.02
-0.019
-0.019
-0.019
-0.019
-0.018
-0.018
-0.017
-0.017
-0.016
-0.015
-0.014
-0.013
-0.011
-0.01
-0.01
-0.009
-0.008
-0.008
-0.007
-0.006
-0.006
-0.005
-0.004
-0.002
0.0
0.001
0.003
0.004
0.006
0.007
0.008
0.01
0.012
0.014
0.017
0.022
0.028
0.031
0.03
0.025
0.018
0.006
-0.015
-0.038
-0.061
-0.08
-0.094
-0.094
-0.083
-0.052
0.0
0.063
0.136
0.214
0.294
0.366
0.426
0.473
0.503
0.514
0.503
0.469
0.395
0.296
0.192
0.104
0.043
0.02
0.011
0.007
0.004
0.001
0.0
-0.002
-0.003
-0.004
-0.005
-0.006
-0.007
-0.007
-0.008
-0.008
-0.009
-0.009
-0.009
-0.008
-0.007
-0.006
-0.004
-0.002
-0.001
0.0
0.001
0.002
0.003
0.003
0.004
0.005
0.006
0.007
0.008
0.009
0.01
0.011
0.012
0.014
0.016
0.017
0.019
0.022
0.026
0.031
0.037
0.044
0.05
0.057
0.066
0.079
0.09
0.101
0.109
0.114
0.118
0.123
0.127
0.132
0.136
0.14
0.145
0.151
0.158
0.165
0.173
0.183
0.195
0.207
0.213
0.218
0.222
0.225
0.227
0.227
0.224
0.22
0.215
0.208
0.199
0.183
0.168
0.149
0.124
0.103
0.087
0.07
0.053
0.036
0.016
0.001
-0.008
-0.017
-0.026
-0.035
-0.042
-0.047
-0.05
-0.052
-0.055
-0.058
-0.06
-0.062
-0.063
-0.065
-0.066
-0.067
-0.068
-0.069
-0.069
-0.069
-0.068
-0.067
-0.067
-0.066
-0.065
-0.064
-0.063
-0.062
-0.061
-0.061
-0.061
-0.06
-0.059
-0.058
-0.057
-0.055
-0.053
-0.051
-0.048
-0.046
-0.044
-0.042
-0.041
-0.04
-0.039
-0.039
-0.038
-0.038
-0.037
-0.037
-0.036
-0.035
-0.034
-0.033
-0.033
-0.032
-0.031
-0.031
-0.031
-0.031
-0.031
-0.032
-0.032
-0.033
-0.033
-0.033
-0.033
-0.033
-0.033
-0.033
-0.033
-0.034
-0.034
-0.035
-0.036
-0.037
-0.039
-0.04
-0.042
-0.043
-0.045
-0.046
-0.047
-0.048
-0.048
-0.049
-0.05
-0.05
-0.051
-0.052
-0.052
-0.052
-0.053
-0.053
-0.053
-0.054
-0.055
-0.056
-0.056
-0.056
-0.055
-0.055
-0.055
-0.054
-0.053
-0.052
-0.052
-0.051
-0.051
-0.05
-0.05
-0.05
-0.049
-0.049
-0.049
-0.048
-0.047
-0.046
-0.044
-0.042
-0.041
-0.04
-0.04
-0.04
-0.04
-0.04
-0.04
-0.041
-0.041
-0.04
-0.039
-0.038
-0.037
-0.035
-0.033
-0.032
-0.03
-0.029
-0.029
-0.028
-0.028
-0.028
-0.027
-0.027
-0.026
-0.026
-0.025
-0.024
-0.023
-0.022
-0.021
-0.02
-0.019
-0.019
-0.019
-0.018
-0.018
-0.019
-0.019
-0.019
-0.019
-0.018
-0.017
-0.015
-0.014
-0.013
-0.012
-0.011
-0.01
-0.008
-0.007
-0.007
-0.006
-0.005
-0.004
-0.002
0.0
0.006
0.012
0.012
0.006
-0.002
-0.014
-0.03
-0.04
-0.049
-0.057
-0.06
-0.056
-0.044
-0.011
0.04
0.108
0.19
0.282
0.378
0.471
0.546
0.58
0.591
0.574
0.524
0.45
0.366
0.28
0.196
0.123
0.065
0.024
0.013
0.005
0.001
-0.003
-0.006
-0.008
-0.01
-0.012
-0.015
-0.017
-0.019
-0.02
-0.021
-0.022
-0.022
-0.022
-0.023
-0.022
-0.021
-0.02
-0.018
-0.015
-0.013
-0.011
-0.008
-0.005
-0.002
0.0
0.001
0.003
0.006
0.008
0.011
0.014
0.016
0.018
0.02
0.022
0.024
0.025
0.027
0.028
0.03
0.032
0.035
0.038
0.042
0.046
0.053
0.061
0.067
0.071
0.076
0.082
0.092
0.106
0.119
0.129
0.14
0.15
0.159
0.165
0.171
0.176
0.182
0.187
0.192
0.198
0.205
0.211
0.215
0.219
0.222
0.225
0.23
0.233
0.232
0.227
0.218
0.204
0.182
0.16
0.137
0.112
0.091
0.072
0.054
0.039
0.021
0.008
0.002
-0.004
-0.011
-0.018
-0.024
-0.028
-0.033
-0.036
-0.04
-0.043
-0.046
-0.048
-0.049
-0.05
-0.051
-0.052
-0.053
-0.053
-0.053
-0.053
-0.053
-0.053
-0.054
-0.054
-0.054
-0.054
-0.053
-0.053
-0.053
-0.053
-0.053
-0.052
-0.052
-0.051
-0.051
-0.051
-0.052
-0.052
-0.052
-0.052
-0.052
-0.052
-0.052
-0.052
-0.051
-0.05
-0.049
-0.048
-0.047
-0.046
-0.046
-0.045
-0.044
-0.044
-0.043
-0.043
-0.043
-0.043
-0.042
-0.041
-0.04
-0.039
-0.038
-0.037
-0.036
-0.036
-0.035
-0.035
-0.036
-0.036
-0.037
-0.037
-0.038
-0.039
-0.04
-0.04
-0.041
-0.04
-0.04
-0.04
-0.04
-0.04
-0.04
-0.04
-0.04
-0.04
-0.041
-0.042
-0.042
-0.043
-0.043
-0.043
-0.043
-0.043
-0.043
-0.043
-0.042
-0.042
-0.041
-0.041
-0.041
-0.041
-0.041
-0.041
-0.04
-0.04
-0.039
-0.039
-0.038
-0.037
-0.036
-0.036
-0.035
-0.035
-0.035
-0.035
-0.035
-0.034
-0.034
-0.034
-0.033
-0.031
-0.03
-0.028
-0.027
-0.027
-0.026
-0.025
-0.024
-0.023
-0.023
-0.022
-0.021
-0.017
-0.014
-0.011
-0.011
-0.011
-0.012
-0.013
-0.014
-0.015
-0.016
-0.017
-0.019
-0.021
-0.022
-0.022
-0.021
-0.02
-0.018
-0.016
-0.014
-0.013
-0.011
-0.009
-0.008
-0.008
-0.008
-0.008
-0.009
-0.009
-0.009
-0.009
-0.009
-0.009
-0.009
-0.008
-0.007
-0.006
-0.004
-0.003
-0.001
0.0
0.001
0.002
0.004
0.006
0.009
0.019
0.024
0.022
0.015
0.004
-0.01
-0.025
-0.039
-0.048
-0.054
-0.053
-0.039
0.0
0.065
0.147
0.241
0.341
0.44
0.531
0.602
0.639
0.642
0.619
0.557
0.469
0.365
0.259
0.165
0.093
0.045
0.02
0.007
0.0
-0.005
-0.009
-0.011
-0.013
-0.013
-0.014
-0.015
-0.015
-0.016
-0.017
-0.018
-0.019
-0.02
-0.02
-0.02
-0.019
-0.018
-0.016
-0.014
-0.012
-0.01
-0.008
-0.007
-0.006
-0.005
-0.005
-0.005
-0.004
-0.003
-0.002
0.0
0.001
0.003
0.005
0.007
0.01
0.013
0.016
0.02
0.023
0.027
0.033
0.04
0.046
0.05
0.054
0.058
0.063
0.068
0.073
0.078
0.083
0.089
0.1
0.118
0.129
0.135
0.141
0.149
0.159
0.171
0.185
0.195
0.201
0.206
0.21
0.212
0.213
0.214
0.216
0.218
0.219
0.219
0.216
0.211
0.203
0.19
0.174
0.157
0.138
0.121
0.107
0.093
0.079
0.062
0.044
0.026
0.01
-0.004
-0.019
-0.035
-0.049
-0.059
-0.064
-0.066
-0.068
-0.069
-0.07
-0.071
-0.073
