0.753
0.894
1.044
1.201
1.335
1.397
1.397
1.367
1.348
1.327
1.31
1.296
1.282
1.269
1.248
1.221
1.196
1.174
1.142
1.083
1.02
0.97
0.942
0.893
0.839
0.786
0.758
0.737
0.72
0.7
0.684
0.672
0.662
0.653
0.644
0.637
0.631
0.625
0.62
0.614
0.607
0.601
0.596
0.592
0.589
0.586
0.583
0.581
0.579
0.577
0.574
0.572
0.57
0.568
0.566
0.564
0.562
0.56
0.557
0.551
0.536
0.521
0.507
0.496
0.484
0.472
0.46
0.448
0.436
0.424
0.41
0.393
0.374
0.349
0.321
0.301
0.287
0.272
0.26
0.249
0.239
0.229
0.217
0.202
0.186
0.165
0.137
0.106
0.077
0.048
0.02
0.001
-0.009
-0.018
-0.028
-0.036
-0.041
-0.046
-0.049
-0.052
-0.053
-0.054
-0.054
-0.052
-0.05
-0.047
-0.044
-0.042
-0.04
-0.038
-0.036
-0.034
-0.031
-0.028
-0.025
-0.023
-0.021
-0.02
-0.02
-0.021
-0.023
-0.027
-0.031
-0.035
-0.039
-0.043
-0.047
-0.05
-0.054
-0.057
-0.06
-0.064
-0.067
-0.071
-0.075
-0.08
-0.084
-0.087
-0.089
-0.091
-0.092
-0.093
-0.093
-0.094
-0.095
-0.096
-0.097
-0.099
-0.101
-0.104
-0.107
-0.111
-0.115
-0.12
-0.125
-0.13
-0.134
-0.137
-0.139
-0.141
-0.143
-0.145
-0.147
-0.148
-0.149
-0.15
-0.151
-0.151
-0.151
-0.151
-0.151
-0.151
-0.15
-0.149
-0.148
-0.148
-0.147
-0.147
-0.147
-0.146
-0.145
-0.145
-0.144
-0.145
-0.145
-0.146
-0.147
-0.148
-0.15
-0.151
-0.151
-0.152
-0.151
-0.151
-0.15
-0.149
-0.148
-0.146
-0.145
-0.143
-0.14
-0.138
-0.135
-0.128
-0.109
-0.088
-0.067
-0.047
-0.025
-0.017
-0.012
-0.007
-0.004
-0.001
0.0
0.0
0.001
0.001
0.002
0.002
0.003
0.003
0.003
0.003
0.004
0.004
0.005
0.006
0.007
0.009
0.011
0.013
0.016
0.019
0.023
0.028
0.04
0.053
0.062
0.07
0.079
0.09
0.101
0.112
0.128
0.153
0.179
0.207
0.256
0.311
0.371
0.427
0.446
0.458
0.456
0.423
0.369
0.301
0.224
0.145
0.07
0.006
-0.016
-0.026
-0.033
-0.031
-0.012
0.008
0.03
0.049
0.062
0.071
0.079
0.086
0.093
0.098
0.101
0.102
0.104
0.105
0.106
0.107
0.108
0.109
0.109
0.11
0.11
0.109
0.109
0.109
0.109
0.109
0.109
0.11
0.11
0.111
0.113
0.114
0.115
0.117
0.119
0.121
0.123
0.126
0.129
0.133
0.14
0.157
0.172
0.186
0.196
0.205
0.213
0.221
0.229
0.236
0.243
0.25
0.258
0.265
0.27
0.274
0.277
0.279
0.281
0.283
0.285
0.286
0.287
0.288
0.288
0.286
0.283
0.278
0.272
0.266
0.259
0.251
0.24
0.228
0.218
0.209
0.201
0.195
0.19
0.185
0.18
0.175
0.17
0.165
0.16
0.155
0.15
0.145
0.14
0.135
0.13
0.125
0.12
0.116
0.112
0.109
0.106
0.104
0.102
0.1
0.097
0.095
0.092
0.09
0.088
0.085
0.083
0.081
0.078
0.076
0.075
0.072
0.069
0.064
0.061
0.059
0.061
0.065
0.069
0.074
0.08
0.086
0.092
0.096
0.096
0.093
0.087
0.081
0.077
0.072
0.068
0.062
0.057
0.053
0.048
0.044
0.04
0.037
0.034
0.032
0.03
0.028
0.026
0.025
0.024
0.022
0.02
0.019
0.017
0.015
0.013
0.012
0.011
0.01
0.009
0.008
0.008
0.008
0.009
0.009
0.009
0.008
0.006
0.004
0.001
0.0
-0.003
-0.006
-0.009
-0.013
-0.017
-0.023
-0.038
-0.067
-0.089
-0.106
-0.123
-0.138
-0.151
-0.164
-0.175
-0.187
-0.197
-0.207
-0.216
-0.222
-0.227
-0.231
-0.233
-0.234
-0.232
-0.228
-0.224
-0.221
-0.219
-0.217
-0.216
-0.215
-0.214
-0.212
-0.211
-0.211
-0.21
-0.208
-0.207
-0.207
-0.206
-0.205
-0.204
-0.203
-0.202
-0.2
-0.199
-0.198
-0.196
-0.195
-0.193
-0.191
-0.189
-0.187
-0.185
-0.182
-0.18
-0.178
-0.175
-0.173
-0.172
-0.17
-0.169
-0.169
-0.168
-0.167
-0.165
-0.162
-0.159
-0.156
-0.152
-0.147
-0.142
-0.137
-0.132
-0.127
-0.122
-0.115
-0.106
-0.093
-0.081
-0.069
-0.058
-0.048
-0.038
-0.028
-0.019
-0.012
-0.005
0.0
0.006
0.013
0.02
0.027
0.034
0.041
0.047
0.054
0.06
0.065
0.07
0.075
0.08
0.085
0.089
0.09
0.088
0.083
0.076
0.066
0.053
0.032
0.014
0.001
-0.008
-0.016
-0.024
-0.031
-0.039
-0.046
-0.054
-0.061
-0.07
-0.08
-0.088
-0.094
-0.099
-0.104
-0.108
-0.112
-0.114
-0.116
-0.117
-0.117
-0.117
-0.116
-0.114
-0.111
-0.106
-0.1
-0.094
-0.08
-0.051
-0.003
0.061
0.143
0.234
0.323
0.379
0.397
0.376
0.311
0.196
0.063
-0.061
-0.154
-0.181
-0.189
-0.162
-0.118
-0.077
-0.062
-0.054
-0.047
-0.043
-0.04
-0.039
-0.038
-0.039
-0.041
-0.045
-0.049
-0.054
-0.058
-0.061
-0.064
-0.067
-0.069
-0.072
-0.076
-0.078
-0.081
-0.082
-0.082
-0.08
-0.078
-0.074
-0.071
-0.067
-0.062
-0.058
-0.054
-0.05
-0.047
-0.042
-0.038
-0.034
-0.031
-0.027
-0.025
-0.022
-0.02
-0.018
-0.016
-0.014
-0.013
-0.011
-0.008
-0.005
-0.001
0.001
0.005
0.01
0.015
0.02
0.026
0.033
0.041
0.053
0.062
0.069
0.073
0.077
0.081
0.084
0.087
0.089
0.088
0.086
0.081
0.075
0.068
0.059
0.046
0.032
0.02
0.007
-0.005
-0.019
-0.035
-0.048
-0.059
-0.068
-0.076
-0.082
-0.087
-0.09
-0.092
-0.095
-0.097
-0.1
-0.102
-0.104
-0.105
-0.105
-0.106
-0.107
-0.106
-0.106
-0.105
-0.104
-0.103
-0.102
-0.101
-0.1
-0.098
-0.095
-0.092
-0.089
-0.086
-0.082
-0.079
-0.076
-0.073
-0.071
-0.069
-0.068
-0.067
-0.065
-0.063
-0.061
-0.059
-0.058
-0.057
-0.057
-0.057
-0.058
-0.059
-0.062
-0.065
-0.069
-0.074
-0.079
-0.083
-0.088
-0.094
-0.101
-0.11
-0.116
-0.119
-0.122
-0.124
-0.125
-0.125
-0.125
-0.126
-0.126
-0.126
-0.126
-0.127
-0.127
-0.127
-0.128
-0.128
-0.128
-0.128
-0.128
-0.127
-0.127
-0.128
-0.128
-0.128
-0.129
-0.13
-0.132
-0.133
-0.135
-0.137
-0.138
-0.14
-0.141
-0.142
-0.143
-0.144
-0.144
-0.145
-0.145
-0.145
-0.146
-0.146
-0.146
-0.146
-0.146
-0.147
-0.147
-0.147
-0.148
-0.148
-0.148
-0.148
-0.148
-0.148
-0.147
-0.146
-0.145
-0.144
-0.143
-0.142
-0.142
-0.141
-0.141
-0.141
-0.14
-0.14
-0.14
-0.139
-0.138
-0.137
-0.136
-0.135
-0.134
-0.133
-0.132
-0.131
-0.131
-0.131
-0.13
-0.13
-0.13
-0.13
-0.129
-0.129
-0.126
-0.123
-0.119
-0.113
-0.106
-0.095
-0.081
-0.06
-0.038
-0.019
-0.004
0.007
0.017
0.025
0.032
0.038
0.045
0.051
0.059
0.07
0.085
0.103
0.118
0.131
0.141
0.149
0.152
0.154
0.156
0.157
0.157
0.158
0.158
0.158
0.159
0.16
0.161
0.162
0.164
0.164
0.165
0.166
0.167
0.169
0.172
0.176
0.181
0.194
0.222
0.265
0.322
0.392
0.467
0.538
0.6
0.627
0.644
0.655
0.638
0.611
0.575
0.533
0.505
0.491
0.481
0.494
0.532
0.581
0.638
0.697
0.759
0.82
0.886
0.953
1.02
1.088
1.153
1.219
1.279
1.338
1.4
1.466
1.539
1.62
1.693
1.756
1.789
1.821
1.844
1.851
1.853
1.855
1.857
1.858
1.86
1.861
1.863
1.866
1.869
1.872
1.875
1.879
1.885
1.891
1.902
1.925
1.944
1.961
1.976
1.986
1.993
1.999
2.004
2.008
2.01
2.008
2.001
1.99
1.973
1.944
1.914
1.879
1.84
1.804
1.751
1.692
1.621
1.543
1.462
1.378
1.29
1.199
1.109
1.018
0.924
0.834
0.748
0.666
0.589
0.514
0.443
0.373
0.305
0.242
0.186
0.133
0.1
0.064
0.032
0.002
-0.027
-0.052
-0.07
-0.086
-0.102
-0.118
-0.135
-0.157
-0.184
-0.209
-0.233
-0.256
-0.28
-0.301
-0.317
-0.33
-0.338
-0.342
-0.346
-0.348
-0.351
-0.356
-0.359
-0.364
-0.369
-0.374
-0.382
-0.395
-0.407
-0.42
-0.433
-0.446
-0.457
-0.468
-0.475
-0.479
-0.483
-0.486
-0.489
-0.491
-0.494
-0.498
-0.501
-0.505
-0.508
-0.512
-0.517
-0.523
-0.53
-0.537
-0.543
-0.549
-0.556
-0.566
-0.583
-0.598
-0.611
-0.621
-0.63
-0.639
-0.643
-0.645
-0.648
-0.651
-0.654
-0.657
-0.659
-0.661
-0.662
-0.664
-0.665
-0.664
-0.664
-0.664
-0.663
-0.662
-0.659
-0.656
-0.652
-0.648
-0.641
-0.626
-0.612
-0.598
-0.582
-0.566
-0.549
-0.541
-0.535
-0.53
-0.527
-0.525
-0.523
-0.519
-0.516
-0.513
-0.511
-0.509
-0.508
-0.507
-0.505
-0.502
-0.5
-0.499
-0.498
-0.497
-0.497
-0.498
-0.499
-0.501
-0.501
-0.502
-0.501
-0.5
-0.499
-0.498
-0.499
-0.498
-0.497
-0.496
-0.494
-0.49
-0.486
-0.48
-0.474
-0.466
-0.449
-0.436
-0.426
-0.42
-0.415
-0.411
-0.407
-0.404
-0.402
-0.401
-0.401
-0.403
-0.406
-0.411
-0.416
-0.422
-0.428
-0.434
-0.445
-0.455
-0.465
-0.474
-0.48
-0.485
-0.489
-0.492
-0.495
-0.498
-0.5
-0.501
-0.501
-0.501
-0.5
-0.498
-0.496
-0.493
-0.489
-0.484
-0.479
-0.472
-0.462
-0.441
-0.423
-0.405
-0.387
-0.37
-0.354
-0.342
-0.334
-0.327
-0.318
-0.307
-0.293
-0.272
-0.245
-0.195
-0.132
-0.053
0.033
0.117
0.176
0.195
0.182
0.146
0.06
-0.046
-0.144
-0.203
-0.226
-0.227
-0.208
-0.176
-0.14
-0.126
-0.121
-0.117
-0.112
-0.109
-0.106
-0.104
-0.101
-0.099
-0.097
-0.094
-0.091
-0.088
-0.084
-0.081
-0.078
-0.074
-0.069
-0.064
-0.06
-0.057
-0.055
-0.052
-0.05
-0.048
-0.046
-0.043
-0.04
-0.036
-0.03
-0.023
-0.016
-0.008
0.0
0.007
0.016
0.026
0.034
0.041
0.048
0.056
0.063
0.07
0.077
0.084
0.092
0.1
0.11
0.119
0.125
0.13
0.134
0.135
0.136
0.137
0.137
0.137
0.137
0.136
0.137
0.136
0.135
0.134
0.131
0.128
0.124
0.121
0.117
0.114
0.109
0.104
0.094
0.088
0.084
0.083
0.082
0.082
0.082
0.082
0.083
0.082
0.082
0.081
0.081
0.082
0.081
0.081
0.08
0.078
0.077
0.076
0.074
0.072
0.069
0.067
0.065
0.064
0.064
0.063
0.064
0.064
0.065
0.066
0.067
0.067
0.068
0.069
0.071
0.072
0.073
0.074
0.075
0.077
0.078
0.079
0.081
0.082
0.082
0.082
0.082
0.083
0.082
0.083
0.084
0.086
0.088
0.088
0.089
0.089
0.088
0.088
0.089
0.091
0.093
0.094
0.096
0.097
0.097
0.097
0.097
0.096
0.096
0.097
0.099
0.1
0.101
0.101
0.103
0.103
0.103
0.103
0.102
0.102
0.104
0.105
0.107
0.108
0.109
0.11
0.109
0.105
0.097
0.089
0.081
0.074
0.066
0.056
0.046
0.038
0.031
0.026
0.02
0.018
0.015
0.013
0.014
0.013
0.011
0.009
0.008
0.007
0.006
0.008
0.011
0.014
0.017
0.021
0.024
0.025
0.027
0.03
0.033
0.035
0.037
0.038
0.04
0.039
0.038
0.036
0.035
0.033
0.033
0.033
0.033
0.033
0.033
0.032
0.033
0.033
0.034
0.035
0.037
0.038
0.038
0.037
0.037
0.036
0.035
0.034
0.032
0.029
0.027
0.025
0.021
0.016
0.011
0.004
-0.012
-0.029
-0.046
-0.058
-0.068
-0.075
-0.081
-0.083
-0.081
-0.075
-0.064
-0.052
-0.04
-0.033
-0.027
-0.022
-0.017
-0.012
-0.009
-0.007
-0.006
-0.006
-0.005
-0.006
-0.008
-0.011
-0.015
-0.017
-0.018
-0.018
-0.019
-0.019
-0.018
-0.017
-0.018
-0.019
-0.02
-0.023
-0.025
-0.026
-0.027
-0.028
-0.03
-0.03
-0.03
-0.03
-0.031
-0.031
-0.031
-0.029
-0.024
-0.019
-0.015
-0.01
-0.004
0.013
0.052
0.114
0.187
0.27
0.35
0.406
0.423
0.405
0.352
0.245
0.126
0.022
-0.034
-0.055
-0.063
-0.052
-0.033
-0.023
-0.017
-0.01
-0.003
0.001
0.005
0.007
0.009
0.008
0.007
0.005
0.003
0.0
-0.001
-0.003
-0.004
-0.006
-0.007
-0.006
-0.005
-0.004
-0.001
0.002
0.007
0.015
0.025
0.043
0.062
0.082
0.089
0.094
0.097
0.1
0.102
0.105
0.108
0.109
0.11
0.11
0.111
0.112
0.112
0.113
0.113
0.114
0.115
0.116
0.116
0.116
0.116
0.115
0.113
0.112
0.111
0.108
0.105
0.102
0.102
0.1
0.099
0.1
0.1
0.102
0.105
0.106
0.107
0.107
0.108
0.109
0.109
0.107
0.104
0.1
0.096
0.093
0.088
0.082
0.077
0.07
0.063
0.056
0.05
0.047
0.044
0.042
0.042
0.038
0.031
0.02
0.01
0.003
0.0
-0.002
-0.003
-0.003
-0.004
-0.005
-0.006
-0.007
-0.008
-0.007
-0.005
-0.002
-0.001
0.0
-0.001
-0.003
-0.004
-0.003
-0.002
-0.002
-0.001
0.0
0.003
0.005
0.007
0.011
0.013
0.015
0.018
0.021
0.025
0.029
0.034
0.038
0.043
0.048
0.053
0.058
0.062
0.064
0.066
0.069
0.071
0.072
0.074
0.076
0.077
0.079
0.08
0.083
0.084
0.086
0.087
0.087
0.087
0.086
0.084
0.082
0.08
0.077
0.074
0.071
0.068
0.066
0.063
0.062
0.06
0.059
0.057
0.055
0.053
0.051
0.048
0.046
0.043
0.041
0.038
0.036
0.035
0.034
0.032
0.031
0.03
0.029
0.028
0.027
0.026
0.025
0.023
0.022
0.021
0.02
0.02
0.02
0.019
0.019
0.019
0.018
0.018
0.017
0.016
0.015
0.014
0.013
0.012
0.011
0.01
0.009
0.008
0.008
0.007
0.007
0.007
0.006
0.006
0.005
0.005
0.004
0.003
0.002
0.002
0.001
0.0
0.0
0.0
0.0
0.0
0.0
0.0
0.0
0.0
0.0
-0.001
-0.003
-0.006
-0.01
-0.014
-0.019
-0.025
-0.032
-0.039
-0.045
-0.049
-0.052
-0.055
-0.057
-0.06
-0.062
-0.065
-0.068
-0.07
-0.072
-0.074
-0.076
-0.078
-0.079
-0.08
-0.081
-0.081
-0.081
-0.081
-0.08
-0.079
-0.077
-0.075
-0.073
-0.071
-0.068
-0.065
-0.062
-0.059
-0.055
-0.052
-0.048
-0.044
-0.037
-0.029
-0.021
-0.016
-0.014
-0.013
-0.012
-0.011
-0.011
-0.01
-0.01
-0.01
-0.011
-0.017
-0.026
-0.041
-0.064
-0.087
-0.11
-0.13
-0.153
-0.173
-0.188
-0.199
-0.204
-0.208
-0.211
-0.214
-0.216
-0.218
-0.219
-0.219
-0.22
-0.219
-0.219
-0.217
-0.215
-0.211
-0.207
-0.201
-0.194
-0.163
-0.113
-0.047
0.031
0.111
0.18
0.222
0.225
0.195
0.117
0.016
-0.095
-0.194
-0.237
-0.253
-0.253
-0.236
-0.21
-0.178
-0.164
-0.159
-0.155
-0.152
-0.149
-0.147
-0.145
-0.142
-0.139
-0.136
-0.134
-0.132
-0.13
-0.129
-0.127
-0.124
-0.121
-0.116
-0.111
-0.106
-0.1
-0.095
-0.089
-0.084
-0.08
-0.075
-0.072
-0.068
-0.065
-0.063
-0.06
-0.059
-0.057
-0.055
-0.053
-0.051
-0.049
-0.046
-0.043
-0.04
-0.035
-0.03
-0.024
-0.017
-0.006
0.011
0.026
0.046
0.067
0.077
0.083
0.087
0.088
0.086
0.08
0.072
0.062
0.047
0.042
0.039
0.037
0.035
0.034
0.032
0.032
0.032
0.034
0.037
0.039
0.041
0.045
0.048
0.051
0.051
0.049
0.044
0.038
0.029
0.016
0.004
-0.005
-0.013
-0.019
-0.023
-0.026
-0.027
-0.028
-0.028
-0.028
-0.029
-0.029
-0.03
-0.03
-0.03
-0.031
-0.031
-0.031
-0.031
-0.031
-0.031
-0.03
-0.029
-0.029
-0.028
-0.027
-0.025
-0.024
-0.023
-0.022
-0.022
-0.021
-0.021
-0.021
-0.021
-0.021
-0.021
-0.021
-0.021
-0.021
-0.021
-0.02
-0.019
-0.019
-0.018
-0.017
-0.016
-0.015
-0.014
-0.014
-0.013
-0.013
-0.013
-0.012
-0.012
-0.011
-0.011
-0.01
-0.009
-0.008
-0.007
-0.005
-0.004
-0.002
-0.001
0.0
0.001
0.003
0.005
0.006
0.008
0.009
0.01
0.012
0.013
0.014
0.015
0.016
0.018
0.02
0.021
0.023
0.024
0.026
0.026
0.027
0.028
0.029
0.03
0.03
0.03
0.03
0.03
0.031
0.032
0.033
0.033
0.034
0.035
0.035
0.037
0.038
0.038
0.039
0.039
0.04
0.041
0.042
0.042
0.043
0.044
0.044
0.045
0.046
0.047
0.047
0.048
0.048
0.049
0.05
0.05
0.05
0.051
0.05
0.05
0.049
0.049
0.048
0.048
0.047
0.047
0.047
0.047
0.046
0.046
0.045
0.044
0.044
0.043
0.042
0.041
0.039
0.038
0.037
0.037
0.036
0.035
0.035
0.034
0.034
0.034
0.034
0.034
0.033
0.033
0.032
0.032
0.032
0.032
0.032
0.032
0.032
0.031
0.031
0.03
0.029
0.028
0.026
0.025
0.023
0.021
0.019
0.017
0.015
0.012
0.01
0.006
0.001
-0.003
-0.007
-0.011
-0.014
-0.015
-0.015
-0.016
-0.016
-0.016
-0.016
-0.015
-0.015
-0.014
-0.014
-0.013
-0.013
-0.011
-0.009
-0.006
-0.003
-0.001
0.001
0.004
0.006
0.008
0.009
0.009
0.007
0.004
0.0
-0.002
-0.006
-0.01
-0.014
-0.019
-0.023
-0.027
-0.031
-0.035
-0.04
-0.047
-0.053
-0.058
-0.061
-0.063
-0.065
-0.067
-0.068
-0.069
-0.07
-0.07
-0.07
-0.069
-0.068
-0.065
-0.062
-0.058
-0.053
-0.043
-0.019
0.023
0.08
0.146
0.213
0.269
0.3
0.301
0.274
0.202
0.103
-0.003
-0.093
-0.149
-0.167
-0.162
-0.145
-0.112
-0.081
-0.071
-0.072
-0.073
-0.073
-0.074
-0.074
-0.075
-0.075
-0.075
-0.076
-0.076
-0.076
-0.076
-0.076
-0.076
-0.076
-0.075
-0.075
-0.074
-0.073
-0.072
-0.07
-0.068
-0.066
-0.065
-0.062
-0.06
-0.057
-0.054
-0.05
-0.047
-0.044
-0.041
-0.038
-0.035
-0.031
-0.024
-0.018
-0.013
-0.009
-0.006
-0.004
-0.002
0.0
0.001
0.003
0.005
0.007
0.009
0.012
0.016
0.023
0.036
0.046
0.056
0.063
0.072
0.082
0.089
0.095
0.099
0.103
0.104
0.104
0.103
0.103
0.102
0.101
0.101
0.101
0.1
0.098
0.093
0.087
0.08
0.073
0.066
0.061
0.056
0.052
0.049
0.047
0.046
0.044
0.042
0.039
0.037
0.034
0.031
0.028
0.024
0.018
0.012
0.005
0.0
-0.005
-0.008
-0.012
-0.014
-0.016
-0.018
-0.019
-0.02
-0.021
-0.022
-0.022
-0.022
-0.023
-0.023
-0.024
-0.024
-0.024
-0.023
-0.023
-0.023
-0.023
-0.023
-0.023
-0.023
-0.023
-0.023
-0.023
-0.023
-0.024
-0.024
-0.024
-0.024
-0.024
-0.024
-0.024
-0.023
-0.022
-0.021
-0.02
-0.019
-0.018
-0.018
-0.017
-0.016
-0.015
-0.013
-0.012
-0.01
-0.009
-0.006
-0.003
0.0
0.002
0.004
0.005
0.004
0.003
0.0
-0.001
-0.004
-0.008
-0.012
-0.019
-0.024
-0.025
-0.026
-0.027
-0.027
-0.028
-0.029
-0.03
-0.03
-0.03
-0.03
-0.03
-0.029
-0.027
-0.025
-0.022
-0.019
-0.017
-0.014
-0.01
-0.007
-0.003
0.0
0.004
0.008
0.012
0.017
0.022
0.024
0.023
0.023
0.022
0.022
0.022
0.022
0.023
0.023
0.023
0.024
0.024
0.025
0.026
0.028
0.03
0.031
0.033
0.035
0.037
0.04
0.042
0.044
0.045
0.047
0.048
0.049
0.049
0.049
0.048
0.047
0.045
0.044
0.043
0.041
0.04
0.039
0.039
0.039
0.038
0.038
0.037
0.035
0.034
0.033
0.032
0.031
0.03
0.029
0.029
0.029
0.029
0.029
0.029
0.029
0.029
0.029
0.029
0.029
0.029
0.029
0.029
0.03
0.03
0.031
0.032
0.033
0.035
0.036
0.038
0.04
0.043
0.048
0.055
0.061
0.067
0.072
0.076
0.08
0.083
0.085
0.085
0.086
0.087
0.087
0.088
0.089
0.089
0.087
0.082
0.076
0.07
0.064
0.057
0.051
0.044
0.04
0.037
0.034
0.032
0.031
0.029
0.027
0.024
0.022
0.021
0.019
0.017
0.016
0.014
0.012
0.008
0.005
0.003
0.003
0.005
0.009
0.016
0.04
0.08
0.135
0.205
0.278
0.339
0.37
0.37
0.335
0.254
0.148
0.039
-0.054
-0.1
-0.116
-0.109
-0.09
-0.051
-0.042
-0.041
-0.04
-0.04
-0.041
-0.041
-0.041
-0.041
-0.041
-0.041
-0.041
-0.041
-0.042
-0.043
-0.043
-0.043
-0.042
-0.041
-0.041
-0.04
-0.039
-0.039
-0.038
-0.038
-0.038
-0.037
-0.037
-0.037
-0.037
-0.037
-0.036
-0.035
-0.035
-0.034
-0.033
-0.032
-0.031
-0.03
-0.028
-0.027
-0.025
-0.024
-0.022
-0.019
-0.016
-0.01
-0.004
0.0
0.006
0.009
0.011
0.013
0.015
0.016
0.018
0.019
0.02
0.021
0.021
0.022
0.023
0.023
0.024
0.024
0.024
0.023
0.023
0.022
0.021
0.02
0.019
0.018
0.016
0.014
0.012
0.009
0.005
-0.006
-0.019
-0.031
-0.044
-0.056
-0.065
-0.072
-0.078
-0.081
-0.084
-0.086
-0.087
-0.088
-0.089
-0.089
-0.09
-0.09
-0.09
-0.09
-0.091
-0.091
-0.091
-0.09
-0.09
-0.089
-0.087
-0.086
-0.085
-0.083
-0.081
-0.079
-0.077
-0.076
-0.074
-0.073
-0.072
-0.071
-0.069
-0.068
-0.067
-0.066
-0.065
-0.063
-0.062
-0.061
-0.06
-0.059
-0.059
-0.058
-0.058
-0.057
-0.056
-0.056
-0.055
-0.054
-0.053
-0.052
-0.051
-0.05
-0.049
-0.048
-0.047
-0.047
-0.046
-0.044
-0.043
-0.041
-0.039
-0.037
-0.035
-0.032
-0.028
-0.023
-0.019
-0.017
-0.017
-0.017
-0.017
-0.017
-0.017
-0.017
-0.018
-0.018
-0.018
-0.018
-0.018
-0.018
-0.019
-0.019
-0.02
-0.02
-0.02
-0.02
-0.02
-0.021
-0.021
-0.021
-0.021
-0.021
-0.021
-0.021
-0.021
-0.021
-0.021
-0.02
-0.02
-0.02
-0.02
-0.02
-0.021
-0.022
-0.022
-0.022
-0.023
-0.023
-0.024
-0.024
-0.024
-0.024
-0.024
-0.025
-0.027
-0.028
-0.028
-0.026
-0.023
-0.02
-0.019
-0.018
-0.018
-0.016
-0.015
-0.014
-0.012
-0.011
-0.01
-0.009
-0.008
-0.008
-0.008
-0.008
-0.008
-0.009
-0.009
-0.008
-0.008
-0.008
-0.006
-0.004
-0.004
-0.009
-0.017
-0.023
-0.032
-0.036
-0.036
-0.036
-0.036
-0.037
-0.037
-0.037
-0.036
-0.034
-0.031
-0.028
-0.026
-0.025
-0.024
-0.023
-0.022
-0.02
-0.019
-0.018
-0.017
-0.016
-0.015
-0.014
-0.013
-0.012
-0.011
-0.01
-0.009
-0.007
-0.005
-0.003
0.001
0.007
0.011
0.015
0.019
0.023
0.026
0.026
0.022
0.016
0.01
0.003
-0.004
-0.013
-0.017
-0.02
-0.023
-0.025
-0.027
-0.028
-0.029
-0.03
-0.032
-0.034
-0.035
-0.036
-0.037
-0.037
-0.038
-0.039
-0.041
-0.045
-0.053
-0.058
-0.064
-0.069
-0.062
-0.04
0.001
0.06
0.136
0.22
0.296
0.345
0.348
0.32
0.235
0.117
-0.002
-0.102
-0.154
-0.172
-0.163
-0.138
-0.103
-0.073
-0.057
-0.051
-0.048
-0.046
-0.044
-0.043
-0.041
-0.04
-0.039
-0.038
-0.037
-0.036
-0.035
-0.035
-0.035
-0.034
-0.034
-0.033
-0.032
-0.03
-0.029
-0.027
-0.025
-0.023
-0.021
-0.02
-0.018
-0.016
-0.014
-0.012
-0.009
-0.007
-0.005
-0.002
0.0
0.003
0.006
0.009
0.011
0.013
0.015
0.017
0.02
0.022
0.025
0.028
0.032
0.035
0.039
0.042
0.045
0.048
0.051
0.055
0.058
0.063
0.068
0.072
0.074
0.077
0.079
0.082
0.084
0.085
0.086
0.087
0.087
0.087
0.087
0.086
0.085
0.084
0.082
0.079
0.075
0.065
0.053
0.04
0.03
0.024
0.017
0.009
0.006
0.004
0.002
0.001
0.0
-0.001
-0.002
-0.003
-0.003
-0.003
-0.003
-0.003
-0.003
-0.003
-0.003
-0.002
-0.002
-0.003
-0.004
-0.005
-0.006
-0.007
-0.008
-0.009
-0.009
-0.01
-0.011
-0.012
-0.013
-0.014
-0.017
-0.02
-0.024
-0.027
-0.029
-0.029
-0.029
-0.029
-0.028
-0.028
-0.027
-0.026
-0.024
-0.023
-0.021
-0.02
-0.018
-0.016
-0.013
-0.01
-0.007
-0.005
-0.003
-0.001
0.001
0.004
0.007
0.009
0.011
0.013
0.015
0.016
0.017
0.018
0.018
0.019
0.02
0.022
0.024
0.024
0.024
0.023
0.021
0.02
0.019
0.017
0.015
0.013
0.013
0.015
0.017
0.02
0.022
0.024
0.025
0.027
0.028
0.029
0.03
0.031
0.031
0.031
0.031
0.031
0.031
0.031
0.03
0.03
0.029
0.029
0.028
0.029
0.032
0.035
0.038
0.041
0.044
0.045
0.043
0.039
0.034
0.03
0.027
0.024
0.021
0.018
0.016
0.014
0.012
0.01
0.009
0.007
0.006
0.005
0.005
0.004
0.003
0.002
0.001
0.0
0.0
0.0
0.0
0.0
0.0
0.0
0.0
0.0
0.001
0.001
0.002
0.002
0.002
0.002
0.002
0.003
0.003
0.003
0.003
0.003
0.003
0.003
0.003
0.002
