0.008
-0.001
-0.008
-0.011
-0.013
-0.018
-0.029
-0.042
-0.058
-0.066
-0.069
-0.068
-0.067
-0.063
-0.06
-0.062
-0.068
-0.076
-0.084
-0.092
-0.1
-0.107
-0.113
-0.12
-0.13
-0.137
-0.144
-0.15
-0.156
-0.159
-0.166
-0.18
-0.203
-0.228
-0.244
-0.229
-0.172
-0.094
-0.036
-0.015
-0.036
-0.003
0.081
0.223
0.394
0.479
0.529
0.495
0.329
0.097
-0.168
-0.431
-0.649
-0.721
-0.72
-0.658
-0.556
-0.502
-0.481
-0.461
-0.458
-0.468
-0.499
-0.532
-0.561
-0.59
-0.615
-0.636
-0.654
-0.668
-0.681
-0.693
-0.706
-0.719
-0.731
-0.743
-0.752
-0.764
-0.776
-0.787
-0.796
-0.805
-0.812
-0.819
-0.822
-0.824
-0.824
-0.825
-0.827
-0.829
-0.829
-0.827
-0.825
-0.821
-0.817
-0.808
-0.801
-0.793
-0.784
-0.771
-0.758
-0.744
-0.732
-0.721
-0.706
-0.691
-0.676
-0.661
-0.645
-0.63
-0.617
-0.603
-0.588
-0.572
-0.554
-0.532
-0.511
-0.491
-0.474
-0.459
-0.445
-0.432
-0.416
-0.402
-0.387
-0.376
-0.366
-0.358
-0.348
-0.337
-0.325
-0.312
-0.299
-0.286
-0.273
-0.259
-0.244
-0.229
-0.214
-0.199
-0.185
-0.17
-0.154
-0.137
-0.121
-0.106
-0.094
-0.081
-0.068
-0.051
-0.033
-0.01
0.013
0.039
0.06
0.08
0.096
0.112
0.125
0.139
0.153
0.166
0.178
0.189
0.199
0.21
0.221
0.233
0.247
0.259
0.27
0.279
0.289
0.298
0.306
0.315
0.323
0.331
0.339
0.347
0.355
0.363
0.368
0.371
0.374
0.377
0.38
0.385
0.39
0.396
0.401
0.406
0.411
0.415
0.418
0.42
0.423
0.425
0.426
0.428
0.428
0.427
0.427
0.424
0.422
0.421
0.419
0.416
0.413
0.409
0.404
0.4
0.396
0.391
0.387
0.384
0.38
0.376
0.374
0.373
0.373
0.372
0.371
0.368
0.364
0.361
0.357
0.353
0.35
0.346
0.341
0.337
0.334
0.331
0.328
0.326
0.325
0.323
0.321
0.319
0.316
0.314
0.311
0.309
0.308
0.306
0.303
0.301
0.298
0.296
0.295
0.294
0.292
0.29
0.288
0.286
0.286
0.285
0.285
0.282
0.277
0.274
0.269
0.264
0.261
0.258
0.255
0.252
0.248
0.243
0.239
0.234
0.23
0.227
0.223
0.219
0.215
0.21
0.204
0.2
0.195
0.19
0.186
0.182
0.178
0.175
0.172
0.169
0.167
0.164
0.163
0.163
0.164
0.167
0.171
0.175
0.177
0.178
0.179
0.174
0.162
0.145
0.124
0.103
0.085
0.072
0.059
0.044
0.027
0.012
-0.002
-0.019
-0.033
-0.041
-0.047
-0.051
-0.053
-0.055
-0.059
-0.065
-0.072
-0.078
-0.081
-0.084
-0.083
-0.081
-0.078
-0.077
-0.077
-0.081
-0.086
-0.094
-0.102
-0.11
-0.117
-0.123
-0.129
-0.134
-0.14
-0.146
-0.151
-0.155
-0.159
-0.164
-0.174
-0.186
-0.198
-0.201
-0.184
-0.144
-0.101
-0.06
-0.017
0.003
0.041
0.097
0.199
0.341
0.487
0.53
0.505
0.429
0.215
-0.057
-0.332
-0.557
-0.648
-0.675
-0.656
-0.577
-0.516
-0.476
-0.453
-0.445
-0.454
-0.477
-0.508
-0.538
-0.566
-0.6
-0.629
-0.658
-0.678
-0.695
-0.71
-0.724
-0.733
-0.743
-0.752
-0.761
-0.768
-0.775
-0.782
-0.79
-0.799
-0.809
-0.815
-0.821
-0.823
-0.824
-0.824
-0.823
-0.821
-0.818
-0.813
-0.808
-0.802
-0.795
-0.789
-0.782
-0.773
-0.765
-0.756
-0.747
-0.737
-0.729
-0.72
-0.709
-0.695
-0.681
-0.668
-0.657
-0.645
-0.634
-0.623
-0.61
-0.595
-0.58
-0.563
-0.546
-0.528
-0.51
-0.493
-0.478
-0.462
-0.447
-0.433
-0.42
-0.407
-0.395
-0.384
-0.373
-0.362
-0.35
-0.337
-0.323
-0.307
-0.289
-0.271
-0.253
-0.235
-0.218
-0.2
-0.182
-0.162
-0.142
-0.123
-0.105
-0.089
-0.073
-0.06
-0.047
-0.034
-0.018
-0.002
0.017
0.038
0.058
0.076
0.094
0.107
0.118
0.127
0.135
0.144
0.153
0.163
0.175
0.186
0.197
0.206
0.211
0.216
0.222
0.227
0.234
0.239
0.244
0.248
0.252
0.256
0.261
0.266
0.27
0.275
0.277
0.281
0.283
0.285
0.286
0.288
0.289
0.29
0.293
0.297
0.301
0.304
0.306
0.309
0.311
0.313
0.316
0.319
0.32
0.32
0.32
0.32
0.32
0.32
0.32
0.318
0.317
0.315
0.313
0.311
0.308
0.304
0.3
0.295
0.291
0.288
0.285
0.282
0.279
0.277
0.274
0.27
0.267
0.266
0.264
0.262
0.262
0.26
0.258
0.255
0.253
0.251
0.25
0.248
0.248
0.248
0.247
0.246
0.245
0.243
0.242
0.242
0.242
0.244
0.246
0.247
0.248
0.248
0.249
0.25
0.251
0.252
0.252
0.251
0.249
0.248
0.248
0.249
0.25
0.252
0.253
0.255
0.257
0.258
0.26
0.263
0.265
0.268
0.27
0.272
0.273
0.274
0.274
0.274
0.273
0.27
0.266
0.261
0.256
0.252
0.249
0.246
0.242
0.238
0.234
0.231
0.228
0.226
0.225
0.224
0.225
0.227
0.231
0.234
0.24
0.246
0.252
0.258
0.265
0.27
0.268
0.259
0.243
0.225
0.207
0.192
0.183
0.176
0.163
0.145
0.126
0.111
0.099
0.089
0.08
0.075
0.072
0.068
0.062
0.055
0.047
0.04
0.036
0.034
0.034
0.039
0.045
0.05
0.054
0.055
0.052
0.047
0.042
0.038
0.034
0.031
0.027
0.025
0.022
0.021
0.019
0.018
0.017
0.017
0.014
0.008
0.0
-0.008
-0.004
0.017
0.047
0.095
0.172
0.228
0.27
0.358
0.464
0.594
0.749
0.859
0.89
0.845
0.723
0.478
0.187
-0.098
-0.326
-0.425
-0.454
-0.431
-0.357
-0.302
-0.269
-0.246
-0.237
-0.242
-0.263
-0.292
-0.323
-0.35
-0.379
-0.402
-0.42
-0.437
-0.45
-0.46
-0.47
-0.479
-0.487
-0.495
-0.503
-0.511
-0.518
-0.525
-0.531
-0.537
-0.542
-0.546
-0.548
-0.549
-0.549
-0.549
-0.548
-0.546
-0.542
-0.539
-0.534
-0.53
-0.523
-0.518
-0.511
-0.505
-0.497
-0.491
-0.485
-0.479
-0.472
-0.464
-0.456
-0.447
-0.437
-0.429
-0.422
-0.414
-0.407
-0.4
-0.394
-0.387
-0.38
-0.371
-0.363
-0.354
-0.343
-0.334
-0.324
-0.314
-0.303
-0.292
-0.281
-0.269
-0.257
-0.246
-0.234
-0.223
-0.21
-0.197
-0.179
-0.159
-0.139
-0.123
-0.107
-0.093
-0.077
-0.063
-0.047
-0.032
-0.016
0.0
0.014
0.026
0.037
0.05
0.065
0.083
0.104
0.126
0.148
0.172
0.195
0.211
0.222
0.231
0.237
0.243
0.249
0.255
0.262
0.27
0.278
0.286
0.293
0.299
0.305
0.311
0.317
0.323
0.329
0.336
0.346
0.355
0.366
0.377
0.389
0.399
0.408
0.418
0.427
0.436
0.444
0.45
0.456
0.463
0.469
0.475
0.481
0.485
0.49
0.493
0.495
0.498
0.5
0.501
0.501
0.5
0.498
0.496
0.494
0.493
0.492
0.491
0.49
0.489
0.487
0.485
0.483
0.481
0.479
0.476
0.473
0.47
0.467
0.462
0.458
0.455
0.452
0.45
0.449
0.447
0.445
0.443
0.441
0.44
0.438
0.437
0.435
0.435
0.435
0.434
0.433
0.432
0.429
0.425
0.421
0.418
0.415
0.412
0.409
0.406
0.405
0.402
0.399
0.395
0.391
0.386
0.382
0.378
0.374
0.37
0.365
0.36
0.356
0.353
0.349
0.346
0.343
0.34
0.336
0.332
0.328
0.323
0.316
0.31
0.304
0.299
0.294
0.289
0.286
0.283
0.28
0.279
0.277
0.273
0.269
0.265
0.261
0.26
0.259
0.26
0.264
0.269
0.274
0.277
0.276
0.266
0.25
0.227
0.197
0.172
0.154
0.137
0.122
0.102
0.08
0.06
0.044
0.029
0.016
0.006
-0.001
-0.008
-0.016
-0.027
-0.041
-0.056
-0.071
-0.084
-0.094
-0.101
-0.105
-0.109
-0.114
-0.122
-0.131
-0.142
-0.153
-0.163
-0.171
-0.181
-0.19
-0.198
-0.203
-0.207
-0.21
-0.213
-0.215
-0.217
-0.22
-0.228
-0.238
-0.25
-0.256
-0.245
-0.216
-0.17
-0.107
-0.029
0.047
0.146
0.269
0.417
0.59
0.742
0.79
0.757
0.659
0.413
0.108
-0.203
-0.473
-0.662
-0.742
-0.763
-0.729
-0.666
-0.616
-0.595
-0.585
-0.58
-0.587
-0.605
-0.629
-0.655
-0.687
-0.712
-0.731
-0.747
-0.765
-0.785
-0.803
-0.82
-0.835
-0.852
-0.868
-0.883
-0.896
-0.909
-0.92
-0.931
-0.941
-0.95
-0.958
-0.965
-0.971
-0.976
-0.98
-0.981
-0.981
-0.98
-0.979
-0.977
-0.976
-0.974
-0.97
-0.964
-0.957
-0.949
-0.94
-0.932
-0.924
-0.915
-0.907
-0.896
-0.882
-0.869
-0.858
-0.848
-0.838
-0.826
-0.815
-0.802
-0.788
-0.773
-0.759
-0.743
-0.726
-0.709
-0.693
-0.676
-0.658
-0.64
-0.623
-0.608
-0.594
-0.579
-0.562
-0.546
-0.53
-0.512
-0.493
-0.473
-0.451
-0.431
-0.41
-0.39
-0.373
-0.357
-0.34
-0.323
-0.306
-0.288
-0.27
-0.251
-0.231
-0.212
-0.193
-0.173
-0.151
-0.128
-0.104
-0.082
-0.061
-0.047
-0.037
-0.03
-0.022
-0.015
-0.007
0.001
0.01
0.021
0.032
0.043
0.056
0.069
0.082
0.094
0.108
0.12
0.134
0.148
0.16
0.173
0.186
0.199
0.211
0.224
0.238
0.251
0.263
0.275
0.289
0.302
0.313
0.324
0.335
0.344
0.352
0.36
0.367
0.373
0.379
0.382
0.386
0.391
0.396
0.4
0.405
0.408
0.411
0.412
0.412
0.412
0.412
0.412
0.414
0.415
0.416
0.416
0.416
0.416
0.416
0.417
0.418
0.419
0.42
0.419
0.418
0.416
0.415
0.411
0.41
0.408
0.406
0.403
0.401
0.399
0.397
0.395
0.394
0.393
0.392
0.391
0.389
0.389
0.389
0.389
0.389
0.389
0.387
0.384
0.381
0.378
0.376
0.375
0.375
0.375
0.374
0.374
0.372
0.37
0.369
0.366
0.364
0.363
0.362
0.361
0.362
0.362
0.362
0.362
0.362
0.361
0.359
0.356
0.352
0.35
0.349
0.346
0.343
0.339
0.335
0.331
0.327
0.323
0.32
0.317
0.315
0.314
0.313
0.312
0.311
0.312
0.315
0.32
0.326
0.332
0.337
0.341
0.343
0.34
0.329
0.311
0.288
0.269
0.252
0.228
0.212
0.201
0.188
0.176
0.161
0.148
0.135
0.123
0.116
0.114
0.112
0.11
0.106
0.1
0.094
0.088
0.085
0.083
0.083
0.085
0.086
0.085
0.083
0.079
0.073
0.066
0.061
0.056
0.053
0.047
0.041
0.035
0.03
0.026
0.023
0.02
0.016
0.009
-0.002
-0.015
-0.024
-0.018
0.009
0.043
0.083
0.139
0.176
0.211
0.289
0.387
0.524
0.673
0.763
0.768
0.712
0.527
0.273
-0.006
-0.265
-0.438
-0.485
-0.497
-0.46
-0.36
-0.286
-0.267
-0.258
-0.259
-0.276
-0.304
-0.334
-0.372
-0.405
-0.436
-0.466
-0.496
-0.521
-0.541
-0.561
-0.58
-0.599
-0.616
-0.636
-0.655
-0.673
-0.69
-0.706
-0.724
-0.74
-0.752
-0.762
-0.775
-0.785
-0.793
-0.8
-0.807
-0.812
-0.817
-0.819
-0.82
-0.819
-0.817
-0.813
-0.809
-0.805
-0.8
-0.792
-0.783
-0.774
-0.764
-0.755
-0.747
-0.735
-0.722
-0.71
-0.697
-0.684
-0.669
-0.652
-0.636
-0.62
-0.606
-0.589
-0.571
-0.553
-0.534
-0.516
-0.501
-0.484
-0.466
-0.451
-0.441
-0.431
-0.424
-0.416
-0.407
-0.396
-0.384
-0.371
-0.357
-0.342
-0.326
-0.31
-0.293
-0.277
-0.263
-0.25
-0.236
-0.224
-0.213
-0.201
-0.188
-0.175
-0.163
-0.15
-0.136
-0.121
-0.103
-0.082
-0.061
-0.037
-0.015
0.002
0.016
0.03
0.042
0.055
0.067
0.079
0.091
0.105
0.117
0.132
0.146
0.161
0.176
0.19
0.204
0.216
0.229
0.241
0.254
0.266
0.277
0.283
0.29
0.297
0.305
0.312
0.319
0.325
0.33
0.335
0.339
0.343
0.348
0.352
0.355
0.357
0.36
0.361
0.363
0.365
0.367
0.368
0.369
0.37
0.371
0.371
0.37
0.369
0.367
0.366
0.366
0.365
0.364
0.363
0.362
0.359
0.357
0.354
0.351
0.348
0.346
0.343
0.34
0.337
0.334
0.33
0.327
0.324
0.322
0.319
0.317
0.315
0.312
0.309
0.307
0.306
0.304
0.302
0.3
0.298
0.294
0.292
0.29
0.288
0.286
0.286
0.285
0.284
0.282
0.28
0.277
0.273
0.27
0.268
0.266
0.264
0.264
0.263
0.262
0.262
0.26
0.259
0.258
0.256
0.253
0.25
