-0.958
-1.142
-1.331
-1.52
-1.681
-1.76
-1.761
-1.727
-1.705
-1.687
-1.674
-1.665
-1.658
-1.651
-1.643
-1.636
-1.628
-1.623
-1.619
-1.614
-1.608
-1.603
-1.597
-1.59
-1.582
-1.571
-1.561
-1.551
-1.54
-1.528
-1.514
-1.502
-1.493
-1.481
-1.467
-1.451
-1.438
-1.43
-1.421
-1.411
-1.401
-1.392
-1.383
-1.375
-1.368
-1.362
-1.355
-1.345
-1.33
-1.313
-1.299
-1.287
-1.275
-1.263
-1.248
-1.231
-1.214
-1.201
-1.19
-1.178
-1.165
-1.154
-1.145
-1.135
-1.125
-1.116
-1.11
-1.105
-1.1
-1.096
-1.091
-1.086
-1.082
-1.076
-1.07
-1.062
-1.049
-1.036
-1.022
-1.01
-0.999
-0.989
-0.98
-0.971
-0.959
-0.943
-0.928
-0.913
-0.898
-0.881
-0.867
-0.857
-0.848
-0.839
-0.831
-0.823
-0.816
-0.81
-0.803
-0.796
-0.789
-0.785
-0.781
-0.778
-0.775
-0.772
-0.77
-0.766
-0.762
-0.759
-0.756
-0.753
-0.748
-0.741
-0.724
-0.693
-0.672
-0.655
-0.637
-0.622
-0.611
-0.6
-0.59
-0.581
-0.572
-0.563
-0.554
-0.543
-0.533
-0.521
-0.508
-0.495
-0.483
-0.471
-0.459
-0.447
-0.433
-0.416
-0.398
-0.381
-0.364
-0.347
-0.328
-0.317
-0.31
-0.304
-0.299
-0.294
-0.291
-0.288
-0.284
-0.279
-0.271
-0.261
-0.247
-0.226
-0.195
-0.162
-0.13
-0.098
-0.07
-0.044
-0.024
-0.017
-0.013
-0.011
-0.009
-0.009
-0.011
-0.015
-0.019
-0.022
-0.024
-0.025
-0.027
-0.029
-0.032
-0.033
-0.035
-0.036
-0.037
-0.037
-0.037
-0.036
-0.034
-0.032
-0.03
-0.027
-0.024
-0.02
-0.016
-0.011
-0.004
0.01
0.041
0.089
0.149
0.22
0.299
0.377
0.446
0.505
0.525
0.534
0.54
0.523
0.473
0.414
0.349
0.283
0.219
0.164
0.118
0.089
0.063
0.045
0.026
0.02
0.017
0.014
0.011
0.009
0.006
0.004
0.002
0.0
-0.001
-0.002
-0.003
-0.004
-0.005
-0.006
-0.006
-0.007
-0.007
-0.007
-0.007
-0.007
-0.007
-0.006
-0.005
-0.004
-0.003
-0.002
0.0
0.0
0.002
0.005
0.007
0.009
0.012
0.014
0.017
0.019
0.02
0.022
0.023
0.023
0.024
0.025
0.025
0.027
0.029
0.031
0.033
0.035
0.037
0.039
0.041
0.043
0.046
0.049
0.053
0.058
0.064
0.076
0.088
0.097
0.104
0.109
0.112
0.116
0.119
0.122
0.124
0.126
0.128
0.129
0.13
0.13
0.13
0.128
0.126
0.123
0.119
0.115
0.11
0.106
0.101
0.097
0.092
0.088
0.085
0.081
0.078
0.074
0.071
0.068
0.065
0.062
0.06
0.059
0.057
0.056
0.055
0.054
0.053
0.053
0.053
0.053
0.054
0.054
0.056
0.057
0.058
0.06
0.061
0.063
0.064
0.066
0.068
0.07
0.072
0.074
0.076
0.078
0.08
0.082
0.084
0.085
0.087
0.088
0.09
0.091
0.093
0.094
0.096
0.098
0.099
0.101
0.102
0.103
0.104
0.105
0.106
0.107
0.108
0.109
0.11
0.111
0.112
0.113
0.114
0.115
0.115
0.116
0.116
0.116
0.116
0.116
0.117
0.118
0.118
0.119
0.119
0.12
0.12
0.12
0.121
0.122
0.123
0.124
0.125
0.126
0.128
0.129
0.131
0.133
0.135
0.137
0.139
0.141
0.142
0.144
0.146
0.148
0.15
0.152
0.154
0.156
0.157
0.159
0.16
0.162
0.163
0.165
0.167
0.169
0.171
0.173
0.174
0.175
0.177
0.178
0.18
0.181
0.182
0.183
0.184
0.186
0.186
0.187
0.187
0.186
0.184
0.182
0.179
0.176
0.173
0.17
0.167
0.165
0.162
0.159
0.157
0.154
0.15
0.146
0.141
0.136
0.131
0.126
0.122
0.118
0.115
0.112
0.11
0.107
0.104
0.101
0.097
0.092
0.087
0.081
0.078
0.074
0.071
0.069
0.067
0.065
0.063
0.061
0.058
0.056
0.054
0.052
0.05
0.049
0.047
0.045
0.042
0.039
0.034
0.022
0.021
0.031
0.057
0.101
0.162
0.236
0.319
0.407
0.491
0.561
0.602
0.616
0.603
0.565
0.494
0.415
0.334
0.259
0.2
0.156
0.125
0.108
0.101
0.096
0.093
0.091
0.089
0.087
0.086
0.083
0.081
0.079
0.076
0.075
0.073
0.071
0.068
0.066
0.062
0.055
0.048
0.043
0.038
0.034
0.03
0.027
0.024
0.024
0.028
0.035
0.044
0.053
0.067
0.079
0.09
0.096
0.102
0.108
0.112
0.114
0.114
0.11
0.105
0.097
0.088
0.075
0.053
0.036
0.024
0.015
0.008
0.001
-0.005
-0.011
-0.018
-0.025
-0.033
-0.044
-0.056
-0.069
-0.081
-0.092
-0.102
-0.11
-0.115
-0.119
-0.122
-0.125
-0.128
-0.129
-0.129
-0.128
-0.127
-0.126
-0.124
-0.123
-0.122
-0.12
-0.117
-0.114
-0.111
-0.111
-0.114
-0.119
-0.124
-0.127
-0.13
-0.133
-0.136
-0.139
-0.142
-0.143
-0.145
-0.146
-0.146
-0.145
-0.143
-0.14
-0.136
-0.133
-0.129
-0.124
-0.12
-0.116
-0.112
-0.108
-0.104
-0.099
-0.093
-0.088
-0.083
-0.078
-0.074
-0.071
-0.067
-0.063
-0.059
-0.053
-0.045
-0.037
-0.029
-0.021
-0.014
-0.009
-0.004
0.0
0.003
0.006
0.009
0.012
0.014
0.016
0.018
0.02
0.022
0.024
0.026
0.028
0.031
0.032
0.034
0.036
0.037
0.037
0.037
0.037
0.036
0.036
0.035
0.035
0.035
0.034
0.034
0.033
0.032
0.03
0.028
0.026
0.023
0.021
0.018
0.015
0.013
0.011
0.01
0.008
0.007
0.006
0.004
0.003
0.003
0.003
0.002
0.002
0.002
0.003
0.004
0.004
0.006
0.007
0.008
0.01
0.012
0.013
0.015
0.016
0.017
0.018
0.019
0.018
0.018
0.017
0.017
0.017
0.017
0.017
0.017
0.018
0.018
0.019
0.019
0.02
0.021
0.022
0.023
0.024
0.026
0.027
0.029
0.031
0.033
0.036
0.038
0.041
0.043
0.046
0.049
0.051
0.054
0.056
0.058
0.06
0.062
0.064
0.066
0.069
0.071
0.074
0.077
0.08
0.083
0.088
0.093
0.097
0.099
0.1
0.097
0.092
0.086
0.08
0.074
0.07
0.065
0.06
0.055
0.051
0.048
0.047
0.048
0.049
0.051
0.054
0.057
0.059
0.061
0.063
0.064
0.066
0.068
0.069
0.071
0.072
0.073
0.073
0.075
0.077
0.08
0.097
0.141
0.201
0.275
0.358
0.446
0.532
0.607
0.65
0.665
0.651
0.609
0.538
0.458
0.38
0.309
0.249
0.2
0.149
0.117
0.104
0.099
0.095
0.092
0.089
0.086
0.084
0.081
0.079
0.077
0.076
0.076
0.077
0.077
0.078
0.078
0.079
0.08
0.082
0.084
0.085
0.087
0.089
0.09
0.093
0.095
0.098
0.1
0.103
0.105
0.108
0.11
0.111
0.112
0.113
0.114
0.116
0.118
0.12
0.122
0.125
0.127
0.13
0.132
0.134
0.135
0.137
0.138
0.14
0.143
0.146
0.149
0.154
0.16
0.166
0.173
0.179
0.187
0.193
0.199
0.204
0.208
0.213
0.217
0.221
0.225
0.228
0.231
0.232
0.232
0.232
0.231
0.231
0.23
0.229
0.229
0.228
0.227
0.226
0.223
0.211
0.199
0.185
0.172
0.159
0.146
0.132
0.119
0.105
0.092
0.08
0.07
0.061
0.054
0.051
0.05
0.049
0.048
0.047
0.046
0.045
0.044
0.044
0.043
0.042
0.042
0.042
0.043
0.043
0.044
0.045
0.045
0.046
0.047
0.047
0.048
0.048
0.048
0.048
0.048
0.048
0.048
0.049
0.049
0.05
0.05
0.051
0.051
0.052
0.052
0.051
0.051
0.05
0.05
0.049
0.049
0.048
0.048
0.048
0.048
0.048
0.048
0.048
0.048
0.048
0.047
0.047
0.047
0.046
0.046
0.046
0.046
0.046
0.046
0.046
0.046
0.046
0.046
0.046
0.046
0.046
0.046
0.045
0.045
0.045
0.045
0.044
0.044
0.043
0.042
0.039
0.035
0.031
0.029
0.029
0.028
0.027
0.027
0.027
0.026
0.026
0.026
0.026
0.025
0.025
0.024
0.024
0.023
0.023
0.023
0.023
0.022
0.022
0.021
0.021
0.02
0.02
0.019
0.018
0.017
0.016
0.016
0.015
0.014
0.014
0.012
0.011
0.01
0.008
0.006
0.004
0.001
-0.005
-0.013
-0.02
-0.027
-0.032
-0.035
-0.039
-0.042
-0.044
-0.046
-0.046
-0.045
-0.043
-0.041
-0.038
-0.034
-0.029
-0.022
-0.008
0.005
0.021
0.034
0.04
0.045
0.049
0.048
0.036
0.02
0.0
-0.019
-0.04
-0.06
-0.073
-0.076
-0.077
-0.077
-0.078
-0.078
-0.078
-0.079
-0.08
-0.081
-0.081
-0.082
-0.082
-0.082
-0.082
-0.082
-0.082
-0.082
-0.083
-0.085
-0.088
-0.086
-0.074
-0.04
0.009
0.077
0.158
0.247
0.34
0.426
0.495
0.53
0.542
0.526
0.479
0.407
0.325
0.238
0.155
0.086
0.04
0.018
0.006
0.0
-0.006
-0.015
-0.022
-0.026
-0.029
-0.031
-0.034
-0.036
-0.039
-0.041
-0.042
-0.044
-0.045
-0.046
-0.046
-0.045
-0.043
-0.041
-0.038
-0.036
-0.034
-0.032
-0.029
-0.027
-0.026
-0.024
-0.023
-0.021
-0.019
-0.017
-0.015
-0.012
-0.01
-0.008
-0.006
-0.003
-0.001
0.0
0.0
0.001
0.001
0.002
0.004
0.005
0.007
0.01
0.013
0.019
0.033
0.046
0.057
0.066
0.075
0.084
0.095
0.108
0.122
0.13
0.134
0.138
0.141
0.144
0.146
0.148
0.149
0.149
0.15
0.15
0.151
0.151
0.152
0.153
0.154
0.155
0.156
0.154
0.149
0.143
0.132
0.116
0.103
0.093
0.082
0.07
0.059
0.048
0.033
0.017
0.004
-0.004
-0.015
-0.026
-0.034
-0.04
-0.045
-0.047
-0.048
-0.05
-0.051
-0.052
-0.052
-0.053
-0.053
-0.052
-0.052
-0.051
-0.05
-0.048
-0.047
-0.045
-0.044
-0.042
-0.04
-0.039
-0.037
-0.034
-0.032
-0.03
-0.028
-0.026
-0.025
-0.023
-0.022
-0.021
-0.019
-0.017
-0.015
-0.011
-0.008
-0.006
-0.007
-0.01
-0.015
-0.032
-0.056
-0.083
-0.102
-0.118
-0.131
-0.14
-0.148
-0.155
-0.158
-0.156
-0.152
-0.149
-0.147
-0.146
-0.144
-0.143
-0.141
-0.138
-0.136
-0.133
-0.129
-0.123
-0.112
-0.103
-0.094
-0.085
-0.075
-0.069
-0.065
-0.06
-0.057
-0.056
-0.056
-0.058
-0.061
-0.066
-0.072
-0.083
-0.1
-0.113
-0.128
-0.142
-0.151
-0.154
-0.157
-0.161
-0.152
-0.143
-0.137
-0.132
-0.129
-0.126
-0.124
-0.121
-0.119
-0.12
-0.124
-0.132
-0.145
-0.163
-0.177
-0.194
-0.206
-0.213
-0.218
-0.218
-0.214
-0.208
-0.202
-0.195
-0.188
-0.181
-0.174
-0.168
-0.161
-0.153
-0.146
-0.138
-0.131
-0.124
-0.116
-0.106
-0.097
-0.09
-0.084
-0.079
-0.075
-0.071
-0.066
-0.058
-0.047
-0.041
-0.036
-0.032
-0.03
-0.029
-0.03
-0.034
-0.039
-0.045
-0.057
-0.078
-0.094
-0.105
-0.109
-0.112
-0.113
-0.115
-0.116
-0.117
-0.116
-0.114
-0.11
-0.106
-0.102
-0.099
-0.095
-0.092
-0.09
-0.091
-0.092
-0.094
-0.097
-0.101
-0.106
-0.108
-0.105
-0.096
-0.069
-0.025
0.032
0.1
0.173
0.243
0.303
0.35
0.37
0.37
0.347
0.305
0.252
0.197
0.144
0.099
0.061
0.03
0.004
-0.01
-0.018
-0.022
-0.024
-0.027
-0.028
-0.03
-0.031
-0.033
-0.034
-0.035
-0.036
-0.037
-0.038
-0.038
-0.038
-0.038
-0.039
-0.04
-0.04
-0.041
-0.041
-0.042
-0.042
-0.043
-0.043
-0.043
-0.042
-0.04
-0.039
-0.037
-0.034
-0.031
-0.028
-0.024
-0.017
-0.01
-0.004
0.003
0.011
0.02
0.026
0.03
0.033
0.036
0.039
0.042
0.045
0.05
0.058
0.068
0.076
0.083
0.09
0.096
0.103
0.11
0.117
0.122
0.128
0.134
0.14
0.148
0.156
0.163
0.167
0.169
0.17
0.171
0.172
0.173
0.174
0.174
0.173
0.171
0.167
0.163
0.158
0.152
0.144
0.136
0.129
0.122
0.112
0.099
0.087
0.076
0.065
0.052
0.042
0.033
0.023
0.012
0.007
0.004
0.001
-0.001
-0.003
-0.005
-0.006
-0.007
-0.008
-0.007
-0.007
-0.006
-0.005
-0.003
-0.001
0.001
0.003
0.005
0.007
0.008
0.009
0.01
0.011
0.012
0.013
0.013
0.014
0.015
0.016
0.016
0.016
0.017
0.017
0.016
0.016
0.016
0.015
0.015
0.015
0.015
0.015
0.015
0.015
0.016
0.016
0.016
0.015
0.015
0.014
0.014
0.014
0.014
0.014
0.015
0.015
0.016
0.017
0.018
0.019
0.02
0.02
0.019
0.018
0.017
0.016
0.015
0.014
0.014
0.013
0.013
0.013
0.013
0.013
0.012
0.012
0.011
0.009
0.008
0.006
0.004
0.003
0.003
0.003
0.005
0.008
0.011
0.015
0.018
0.02
0.022
0.024
0.025
0.026
0.027
0.028
0.029
0.03
0.031
0.032
0.033
0.034
0.035
0.037
0.038
0.038
0.039
0.04
0.04
0.041
0.042
0.043
0.043
0.044
0.045
0.046
0.048
0.049
0.051
0.053
0.055
0.059
0.063
0.068
0.073
0.078
0.083
0.089
0.098
0.108
0.118
0.125
0.131
0.136
0.139
0.141
0.141
0.139
0.136
0.132
0.127
0.12
0.108
0.098
0.094
0.091
0.089
0.087
0.085
0.084
0.082
0.08
0.078
0.076
0.074
0.073
0.072
0.07
0.069
0.067
0.063
0.057
0.052
0.052
0.057
0.066
0.093
0.135
0.19
0.254
0.323
0.389
0.444
0.48
0.492
0.485
0.464
0.414
0.357
0.299
0.241
0.188
0.147
0.114
0.091
0.078
0.071
0.066
0.063
0.06
0.057
0.055
0.053
0.051
0.05
0.049
0.048
0.047
0.047
0.046
0.045
0.043
0.041
0.04
0.038
0.036
0.034
0.031
0.026
0.021
0.008
-0.018
-0.041
-0.063
-0.083
-0.102
-0.133
-0.168
-0.189
-0.212
-0.231
-0.246
-0.263
-0.278
-0.287
-0.291
-0.287
-0.278
-0.267
-0.254
-0.242
-0.23
-0.219
-0.209
-0.199
-0.189
-0.179
-0.169
-0.158
-0.146
-0.134
-0.122
-0.109
-0.098
-0.088
-0.079
-0.069
-0.061
-0.054
-0.048
-0.042
-0.036
-0.031
-0.027
-0.023
-0.02
-0.018
-0.016
-0.014
-0.013
-0.013
-0.014
-0.015
-0.018
-0.02
-0.024
-0.027
-0.032
-0.039
-0.046
-0.052
-0.059
-0.065
-0.072
-0.077
-0.081
-0.085
-0.087
-0.089
-0.09
-0.092
-0.092
-0.093
-0.094
-0.094
-0.094
-0.093
-0.091
-0.088
-0.085
-0.082
-0.079
-0.075
-0.07
-0.065
-0.059
-0.054
-0.05
-0.045
-0.042
-0.038
-0.035
-0.031
-0.028
-0.025
-0.022
-0.019
-0.016
-0.013
-0.01
-0.007
-0.005
-0.002
0.0
0.001
0.003
0.004
0.005
0.005
0.006
0.006
0.007
0.008
0.008
0.009
0.011
0.012
0.007
-0.002
-0.019
-0.039
-0.055
-0.072
-0.087
-0.098
-0.101
-0.104
-0.108
-0.107
-0.097
-0.089
-0.083
-0.078
-0.074
-0.07
-0.067
-0.063
-0.06
-0.056
-0.052
-0.048
-0.044
-0.04
-0.034
-0.027
-0.019
-0.012
-0.009
-0.006
-0.005
-0.003
-0.002
0.0
0.0
0.002
0.004
0.006
0.008
0.01
0.012
0.014
0.016
0.019
0.022
0.025
0.029
0.033
0.036
0.039
0.041
0.044
0.046
0.047
0.048
0.049
0.05
0.051
0.052
0.053
0.054
0.055
0.056
0.057
0.058
0.059
0.06
0.061
0.063
0.064
0.066
0.069
0.072
0.075
0.08
0.086
0.092
0.098
0.103
0.108
0.113
0.118
0.12
0.12
0.117
0.113
0.108
0.098
0.082
0.065
0.049
0.035
0.025
0.02
0.017
0.016
0.014
0.013
0.012
0.011
0.01
0.008
0.007
0.005
0.004
0.002
0.0
-0.001
-0.004
-0.008
-0.017
-0.022
-0.019
-0.013
0.002
0.033
0.079
0.136
0.201
0.271
0.341
0.402
0.451
0.467
0.462
0.446
0.392
0.321
0.244
0.175
0.121
0.084
0.065
0.054
0.044
0.032
0.02
0.009
0.002
0.0
-0.002
-0.003
-0.005
-0.006
-0.007
-0.007
-0.008
-0.009
-0.01
-0.011
-0.011
-0.011
-0.011
-0.012
-0.012
-0.012
-0.011
-0.011
-0.009
-0.008
-0.006
-0.005
-0.003
-0.001
0.0
0.002
0.004
0.006
0.008
0.011
0.014
0.017
0.019
0.022
0.024
0.026
0.028
0.03
0.032
0.035
0.038
0.042
0.047
0.051
0.056
0.061
0.066
0.071
0.075
0.08
0.084
0.089
0.093
0.098
0.106
0.111
0.116
0.119
0.121
0.122
0.124
0.125
0.126
0.126
0.127
0.126
0.125
0.123
0.12
0.117
0.114
0.11
0.106
0.1
0.092
0.085
0.076
0.068
0.059
0.049
0.039
0.029
0.019
0.015
0.012
0.01
0.007
0.005
0.003
0.001
0.0
-0.001
-0.003
-0.004
-0.005
-0.006
-0.006
-0.006
-0.006
-0.005
-0.004
-0.003
-0.001
0.0
0.001
0.003
0.005
0.007
0.009
0.011
0.013
0.014
0.016
0.017
0.019
0.02
0.021
0.023
0.024
0.025
0.026
0.027
0.028
0.029
0.03
0.031
0.031
0.032
0.032
0.032
0.033
0.033
0.033
0.033
0.034
0.034
0.034
0.034
0.033
0.033
0.033
0.033
0.032
0.032
0.032
0.032
0.032
0.032
0.032
0.032
0.032
0.032
0.032
0.032
0.032
0.032
0.032
0.033
0.034
0.035
0.035
0.036
0.036
0.037
0.037
0.037
0.037
0.037
0.037
0.037
0.037
0.037
0.037
0.037
0.037
0.037
0.038
0.038
0.038
0.037
0.036
0.036
0.035
0.034
0.034
0.034
0.033
0.033
0.033
0.033
0.034
0.034
0.034
0.034
0.034
0.033
0.033
0.033
0.033
0.032
0.032
0.032
0.032
0.031
0.031
0.03
0.03
0.029
0.028
0.028
0.027
0.027
0.027
0.028
0.029
0.03
0.031
0.032
0.033
0.033
0.034
0.034
0.033
0.033
0.032
0.032
0.031
0.03
0.03
0.029
0.028
0.027
0.026
0.025
0.024
0.022
0.019
0.016
0.013
0.009
0.005
0.002
-0.001
-0.005
-0.008
-0.011
-0.013
-0.016
-0.018
-0.021
-0.025
-0.03
-0.036
-0.04
-0.04
-0.038
-0.033
-0.026
-0.004
0.037
0.093
0.161
0.239
0.323
0.407
0.481
0.523
0.538
0.523
0.477
0.401
0.317
0.233
0.158
0.101
0.06
0.024
0.004
-0.013
-0.026
-0.042
-0.048
-0.051
-0.054
-0.056
-0.058
-0.06
-0.062
-0.063
-0.065
-0.066
-0.067
-0.068
-0.069
-0.07
-0.071
-0.072
-0.073
-0.074
-0.075
-0.075
-0.076
-0.077
-0.077
-0.078
-0.078
-0.079
-0.079
-0.079
-0.079
-0.079
-0.079
-0.079
-0.079
-0.079
-0.078
-0.077
-0.075
-0.074
-0.072
-0.069
-0.066
-0.064
-0.061
-0.058
-0.055
-0.051
-0.046
-0.041
-0.035
-0.029
-0.022
-0.015
-0.008
-0.001
0.004
0.009
0.014
0.018
0.021
0.023
0.025
0.027
0.029
0.031
0.032
0.033
0.033
0.032
0.031
0.03
0.029
0.027
0.025
0.023
0.02
0.016
0.011
0.006
0.0
-0.006
-0.015
-0.025
-0.036
-0.046
-0.057
-0.064
-0.069
-0.072
-0.075
-0.077
-0.078
-0.078
-0.079
-0.079
-0.08
-0.08
-0.08
-0.08
-0.08
-0.08
-0.08
-0.08
-0.08
-0.08
-0.079
-0.079
-0.078
-0.077
-0.075
-0.073
-0.071
-0.068
-0.066
-0.064
-0.061
-0.058
-0.055
-0.052
-0.05
-0.047
-0.044
-0.041
-0.039
-0.037
-0.035
-0.032
-0.03
-0.028
-0.026
-0.024
-0.022
-0.02
-0.019
-0.017
-0.016
-0.015
-0.015
-0.014
-0.013
-0.013
-0.012
-0.012
-0.011
-0.01
-0.01
-0.009
-0.008
-0.008
-0.007
-0.007
-0.007
-0.007
-0.006
-0.005
-0.004
-0.003
-0.002
0.0
0.0
0.002
0.004
0.005
0.007
0.008
0.01
0.011
0.012
0.013
0.014
0.015
0.016
0.017
0.017
0.018
0.019
0.02
0.02
0.021
0.021
0.021
0.022
0.022
0.022
0.023
0.023
0.022
0.022
0.022
0.022
0.022
0.021
0.021
0.02
0.02
0.02
0.02
0.02
0.02
0.02
0.02
0.02
0.02
0.02
0.02
0.019
0.019
0.019
0.018
0.018
0.018
0.018
0.018
0.019
0.019
0.019
0.019
0.019
0.019
0.019
0.019
0.019
0.019
0.02
0.02
0.021
0.022
0.024
0.027
0.03
0.033
0.037
0.04
0.043
0.047
0.051
0.055
0.059
0.06
0.06
0.058
0.056
0.053
0.049
0.044
0.035
0.028
0.02
0.015
0.012
0.008
0.005
0.002
0.0
-0.003
-0.005
-0.008
-0.012
-0.016
-0.021
-0.027
-0.035
-0.045
-0.056
-0.061
-0.064
-0.067
-0.065
-0.052
-0.017
0.031
0.095
0.17
0.252
0.337
0.416
0.481
0.52
0.524
0.505
0.447
0.37
0.281
0.189
0.107
0.045
0.002
-0.018
-0.031
-0.039
-0.048
-0.057
-0.06
-0.062
-0.064
-0.066
-0.067
-0.069
-0.07
-0.071
-0.072
-0.073
-0.075
-0.076
-0.076
-0.077
-0.077
-0.076
-0.076
-0.076
-0.075
-0.075
-0.074
-0.074
-0.073
-0.073
-0.073
-0.072
-0.072
-0.071
-0.07
-0.069
-0.068
-0.068
-0.067
-0.065
-0.064
-0.063
-0.062
-0.06
-0.059
-0.058
-0.057
-0.055
-0.05
-0.044
-0.039
-0.034
-0.029
-0.023
-0.018
-0.012
-0.006
0.0
0.005
0.011
0.018
0.025
0.031
0.037
0.041
0.045
0.048
0.051
0.054
0.056
0.058
0.06
0.062
0.063
0.064
0.064
0.063
0.061
0.058
0.055
0.052
0.049
0.044
0.039
0.035
0.031
0.027
0.022
0.014
0.005
-0.002
-0.011
-0.021
-0.028
-0.035
-0.039
-0.041
-0.042
-0.043
-0.044
-0.045
-0.045
-0.046
-0.046
-0.046
-0.045
-0.044
-0.042
-0.04
-0.038
-0.036
-0.035
-0.035
-0.034
-0.033
-0.032
-0.032
-0.031
-0.03
-0.03
-0.03
-0.029
-0.029
-0.028
-0.028
-0.028
-0.028
-0.028
-0.027
-0.027
-0.026
-0.026
-0.025
-0.025
-0.024
-0.024
-0.023
-0.023
-0.023
-0.023
-0.023
-0.023
-0.023
-0.023
-0.022
-0.022
-0.022
-0.022
-0.022
-0.021
-0.021
-0.02
-0.02
-0.02
-0.019
-0.019
-0.018
-0.018
-0.018
-0.018
-0.017
-0.017
-0.017
-0.016
-0.015
-0.015
-0.014
-0.014
-0.014
-0.014
-0.014
-0.015
-0.015
-0.016
-0.018
-0.019
-0.02
-0.021
-0.023
-0.024
-0.025
-0.026
-0.026
-0.027
-0.027
-0.028
-0.029
-0.029
-0.03
-0.03
-0.03
-0.03
-0.03
-0.03
-0.031
-0.031
-0.031
-0.031
-0.031
-0.031
-0.031
-0.032
-0.032
-0.032
-0.031
-0.031
-0.031
-0.031
-0.031
-0.031
-0.03
-0.03
-0.029
-0.029
-0.029
-0.029
-0.029
-0.029
-0.029
-0.028
-0.028
-0.027
-0.027
-0.026
-0.026
-0.025
-0.025
-0.024
-0.024
-0.023
-0.022
-0.022
-0.021
-0.021
-0.02
-0.019
-0.018
-0.017
-0.014
-0.01
-0.006
-0.002
0.002
0.009
0.018
0.026
0.032
0.037
0.04
0.04
0.038
0.033
0.026
0.013
0.0
-0.013
-0.026
-0.039
-0.048
-0.052
-0.056
-0.059
-0.062
-0.065
-0.067
-0.069
-0.071
-0.073
-0.074
-0.077
-0.08
-0.082
-0.085
-0.089
-0.095
-0.099
-0.099
-0.094
-0.085
-0.059
-0.017
0.04
0.11
0.188
0.266
0.336
0.395
0.43
0.442
0.43
0.394
0.325
0.243
0.158
0.079
0.018
-0.023
-0.05
-0.062
-0.072
-0.084
-0.099
-0.113
-0.121
-0.126
-0.128
-0.125
-0.117
-0.095
-0.05
0.002
0.054
0.096
0.128
0.139
0.143
0.146
0.144
0.135
0.129
0.125
0.121
0.117
0.115
0.114
0.114
0.114
0.113
0.113
0.113
0.113
0.113
0.113
0.113
0.113
0.113
0.113
0.113
0.113
0.114
0.114
0.114
0.115
0.116
0.117
0.118
0.119
0.121
0.123
0.125
0.127
0.13
0.136
0.142
0.148
0.154
0.16
0.166
0.17
0.175
0.18
0.186
0.195
0.208
0.227
0.247
0.265
0.284
0.301
0.31
0.317
0.319
0.317
0.31
0.303
0.295
0.286
0.276
0.267
0.258
0.249
0.24
0.231
0.219
0.206
0.194
0.182
0.172
0.165
0.158
0.15
0.143
0.134
0.126
0.119
0.113
0.109
0.106
0.104
0.102
0.101
0.099
0.098
0.096
0.094
0.092
0.09
0.088
0.087
0.086
0.085
0.084
0.083
0.081
0.08
0.079
0.079
0.078
0.078
0.077
0.077
0.076
0.076
0.075
0.075
0.075
0.075
0.076
0.077
0.078
0.079
0.081
0.082
0.084
0.086
0.089
0.092
0.1
0.118
0.14
0.166
0.194
0.223
0.253
0.286
0.32
0.351
0.381
0.418
0.471
0.536
0.612
0.7
0.8
0.909
1.022
1.137
1.251
1.356
1.447
1.522
1.586
1.64
1.685
1.722
1.753
1.781
1.79
1.785
1.769
1.704
1.596
1.441
1.253
1.046
0.836
0.634
0.443
0.265
0.101
-0.046
-0.17
-0.261
-0.317
-0.348
-0.364
-0.378
-0.392
-0.405
-0.42
-0.43
-0.434
-0.438
-0.441
-0.444
-0.447
-0.449
-0.453
-0.457
-0.461
-0.465
-0.468
-0.472
-0.476
-0.479
-0.484
-0.489
-0.496
-0.504
-0.511
-0.519
-0.531
-0.541
-0.548
-0.556
-0.563
-0.571
-0.578
-0.586
-0.599
-0.615
-0.63
-0.646
