-0.046
-0.047
-0.05
-0.054
-0.057
-0.058
-0.057
-0.055
-0.051
-0.047
-0.044
-0.041
-0.038
-0.035
-0.032
-0.029
-0.026
-0.023
-0.021
-0.018
-0.014
-0.011
-0.007
-0.002
0.002
0.006
0.011
0.016
0.02
0.022
0.024
0.026
0.033
0.032
0.007
-0.035
-0.073
-0.101
-0.118
-0.129
-0.136
-0.139
-0.135
-0.126
-0.098
-0.058
-0.035
-0.027
-0.023
-0.024
-0.03
-0.04
-0.056
-0.076
-0.105
-0.132
-0.163
-0.184
-0.21
-0.228
-0.239
-0.247
-0.237
-0.22
-0.202
-0.176
-0.148
-0.116
-0.08
-0.067
-0.063
-0.06
-0.058
-0.057
-0.057
-0.057
-0.056
-0.055
-0.053
-0.052
-0.05
-0.05
-0.049
-0.047
-0.044
-0.04
-0.035
-0.031
-0.028
-0.025
-0.023
-0.02
-0.018
-0.017
-0.017
-0.017
-0.017
-0.016
-0.015
-0.015
-0.016
-0.018
-0.019
-0.019
-0.019
-0.02
-0.022
-0.024
-0.026
-0.029
-0.032
-0.037
-0.056
-0.089
-0.127
-0.16
-0.175
-0.184
-0.19
-0.181
-0.155
-0.121
-0.085
-0.053
-0.019
-0.006
-0.001
0.001
0.001
-0.004
-0.008
-0.011
-0.013
-0.014
-0.015
-0.014
-0.011
-0.008
-0.004
0.0
0.007
0.011
0.013
0.015
0.017
0.018
0.019
0.017
0.012
0.004
-0.001
-0.004
-0.006
-0.008
-0.01
-0.012
-0.013
-0.015
-0.016
-0.017
-0.019
-0.021
-0.022
-0.022
-0.022
-0.022
-0.022
-0.022
-0.022
-0.022
-0.023
-0.023
-0.024
-0.025
-0.026
-0.027
-0.028
-0.03
-0.032
-0.034
-0.038
-0.048
-0.049
-0.042
-0.022
0.035
0.127
0.249
0.389
0.531
0.648
0.706
0.705
0.642
0.509
0.349
0.206
0.115
0.082
0.073
0.066
0.06
0.054
0.046
0.036
0.035
0.038
0.041
0.043
0.044
0.039
0.03
0.024
0.018
0.012
0.008
0.005
0.003
0.001
0.0
-0.002
-0.004
-0.007
-0.008
-0.009
-0.009
-0.007
-0.006
-0.004
-0.002
0.0
0.002
0.006
0.01
0.014
0.019
0.025
0.026
0.024
0.021
0.018
0.029
0.041
0.05
0.058
0.065
0.073
0.082
0.091
0.096
0.1
0.103
0.106
0.11
0.114
0.118
0.122
0.127
0.135
0.142
0.147
0.157
0.169
0.175
0.179
0.182
0.184
0.185
0.185
0.183
0.181
0.179
0.178
0.177
0.175
0.174
0.171
0.169
0.165
0.162
0.158
0.151
0.139
0.129
0.122
0.117
0.112
0.105
0.098
0.09
0.083
0.076
0.068
0.061
0.055
0.048
0.042
0.039
0.039
0.041
0.043
0.045
0.046
0.048
0.05
0.051
0.052
0.054
0.055
0.057
0.057
0.058
0.058
0.058
0.059
0.061
0.063
0.064
0.06
0.052
0.044
0.038
0.032
0.026
0.021
0.018
0.016
0.015
0.014
0.014
0.012
0.011
0.009
0.009
0.01
0.012
0.013
0.014
0.016
0.019
0.023
0.016
0.011
0.008
0.006
0.004
0.003
0.001
0.0
-0.003
-0.006
-0.009
-0.011
-0.014
-0.018
-0.022
-0.027
-0.029
-0.028
-0.026
-0.024
-0.022
-0.02
-0.018
-0.016
-0.012
-0.009
-0.006
-0.004
-0.003
-0.001
0.001
0.003
0.005
0.004
-0.001
-0.009
-0.018
-0.026
-0.035
-0.044
-0.048
-0.046
-0.039
-0.032
-0.026
-0.021
-0.015
-0.01
-0.005
-0.001
0.004
0.009
0.016
0.023
0.028
0.032
0.036
0.039
0.041
0.042
0.042
0.038
0.034
0.028
0.023
0.016
0.009
0.004
0.0
-0.005
-0.011
-0.016
-0.016
-0.012
-0.007
-0.004
-0.002
-0.001
0.0
0.0
0.002
0.004
0.007
0.009
0.011
0.012
0.014
0.017
0.02
0.024
0.047
0.097
0.178
0.289
0.415
0.541
0.646
0.688
0.68
0.599
0.469
0.331
0.213
0.139
0.113
0.107
0.103
0.1
0.096
0.092
0.088
0.085
0.081
0.076
0.069
0.063
0.06
0.064
0.07
0.076
0.081
0.085
0.09
0.093
0.094
0.093
0.089
0.086
0.083
0.081
0.08
0.079
0.078
0.077
0.076
0.075
0.074
0.072
0.07
0.068
0.065
0.063
0.061
0.059
0.057
0.054
0.051
0.049
0.047
0.043
0.038
0.033
0.029
0.028
0.029
0.032
0.034
0.037
0.039
0.043
0.047
0.052
0.058
0.063
0.067
0.071
0.076
0.08
0.084
0.087
0.089
0.091
0.093
0.095
0.099
0.102
0.104
0.104
0.101
0.097
0.091
0.082
0.058
0.033
0.014
0.0
-0.019
-0.044
-0.072
-0.096
-0.118
-0.14
-0.163
-0.183
-0.202
-0.218
-0.23
-0.238
-0.237
-0.222
-0.21
-0.201
-0.193
-0.186
-0.179
-0.173
-0.17
-0.167
-0.165
-0.163
-0.163
-0.162
-0.161
-0.16
-0.157
-0.153
-0.15
-0.146
-0.142
-0.138
-0.134
-0.13
-0.126
-0.123
-0.121
-0.119
-0.118
-0.115
-0.113
-0.112
-0.11
-0.108
-0.106
-0.104
-0.102
-0.101
-0.1
-0.099
-0.099
-0.098
-0.098
-0.097
-0.097
-0.097
-0.097
-0.097
-0.096
-0.095
-0.094
-0.093
-0.091
-0.089
-0.087
-0.084
-0.08
-0.076
-0.068
-0.06
-0.055
-0.052
-0.049
-0.048
-0.046
-0.045
-0.043
-0.042
-0.04
-0.038
-0.036
-0.033
-0.031
-0.028
-0.025
-0.021
-0.018
-0.014
-0.009
-0.003
0.001
0.005
0.008
0.01
0.013
0.014
0.016
0.017
0.018
0.019
0.021
0.022
0.024
0.026
0.028
0.03
0.033
0.037
0.04
0.044
0.052
0.067
0.077
0.083
0.087
0.091
0.094
0.096
0.098
0.097
0.093
0.087
0.081
0.074
0.067
0.056
0.046
0.039
0.034
0.03
0.027
0.023
0.019
0.018
0.02
0.026
0.033
0.037
0.041
0.045
0.048
0.049
0.051
0.051
0.049
0.046
0.042
0.037
0.032
0.025
0.02
0.02
0.027
0.041
0.083
0.154
0.249
0.364
0.489
0.609
0.699
0.713
0.692
0.583
0.438
0.3
0.202
0.163
0.152
0.145
0.137
0.13
0.123
0.116
0.11
0.104
0.099
0.094
0.089
0.084
0.079
0.07
0.057
0.05
0.047
0.044
0.04
0.04
0.051
0.061
0.071
0.078
0.084
0.091
0.098
0.098
0.088
0.082
0.077
0.072
0.068
0.066
0.065
0.066
0.068
0.069
0.071
0.072
0.073
0.075
0.076
0.078
0.079
0.08
0.081
0.083
0.084
0.085
0.087
0.088
0.09
0.092
0.093
0.094
0.096
0.097
0.098
0.099
0.1
0.102
0.103
0.105
0.107
0.109
0.109
0.109
0.108
0.106
0.104
0.102
0.1
0.096
0.091
0.085
0.079
0.065
0.037
0.013
-0.009
-0.032
-0.063
-0.085
-0.096
-0.104
-0.111
-0.116
-0.12
-0.123
-0.125
-0.128
-0.13
-0.132
-0.135
-0.137
-0.14
-0.142
-0.144
-0.146
-0.149
-0.152
-0.155
-0.156
-0.156
-0.153
-0.148
-0.141
-0.135
-0.13
-0.124
-0.118
-0.111
-0.106
-0.101
-0.098
-0.095
-0.093
-0.092
-0.09
-0.089
-0.089
-0.089
-0.089
-0.088
-0.087
-0.086
-0.085
-0.084
-0.083
-0.083
-0.082
-0.081
-0.079
-0.076
-0.075
-0.073
-0.072
-0.07
-0.067
-0.065
-0.062
-0.06
-0.057
-0.052
-0.045
-0.039
-0.034
-0.033
-0.034
-0.036
-0.039
-0.043
-0.047
-0.053
-0.059
-0.06
-0.059
-0.056
-0.054
-0.053
-0.051
-0.05
-0.048
-0.046
-0.044
-0.042
-0.041
-0.041
-0.041
-0.042
-0.043
-0.044
-0.045
-0.046
-0.046
-0.047
-0.047
-0.047
-0.048
-0.048
-0.048
-0.048
-0.049
-0.05
-0.051
-0.053
-0.054
-0.056
-0.056
-0.056
-0.054
-0.052
-0.05
-0.045
-0.04
-0.033
-0.023
-0.005
0.006
0.012
0.017
0.022
0.025
0.026
0.023
0.017
0.009
0.003
0.0
-0.003
-0.006
-0.01
-0.013
-0.016
-0.019
-0.02
-0.022
-0.024
-0.025
-0.027
-0.027
-0.028
-0.028
-0.028
-0.028
-0.028
-0.029
-0.029
-0.029
-0.029
-0.03
-0.03
-0.03
-0.032
-0.025
0.016
0.076
0.155
0.249
0.361
0.482
0.591
0.649
0.651
0.598
0.48
0.339
0.207
0.108
0.067
0.052
0.052
0.056
0.061
0.065
0.064
0.053
0.043
0.034
0.029
0.034
0.046
0.053
0.059
0.064
0.067
0.069
0.068
0.066
0.063
0.061
0.06
0.059
0.058
0.057
0.055
0.054
0.053
0.052
0.053
0.054
0.055
0.057
0.059
0.061
0.063
0.066
0.069
0.073
0.08
0.087
0.087
0.082
0.075
0.071
0.067
0.064
0.061
0.058
0.056
0.055
0.055
0.056
0.059
0.064
0.069
0.074
0.08
0.089
0.098
0.107
0.117
0.125
0.132
0.139
0.146
0.15
0.152
0.153
0.154
0.154
0.156
0.157
0.159
0.159
0.157
0.151
0.144
0.137
0.129
0.121
0.113
0.104
0.096
0.088
0.081
0.073
0.066
0.059
0.053
0.046
0.04
0.034
0.029
0.024
0.021
0.019
0.018
0.017
0.016
0.015
0.014
0.014
0.013
0.012
0.011
0.01
0.01
0.009
0.009
0.009
0.008
0.009
0.009
0.009
0.009
0.009
0.01
0.01
0.009
0.008
0.007
0.006
0.005
0.003
0.003
0.002
0.002
0.001
0.0
0.0
-0.001
-0.002
-0.004
-0.007
-0.011
-0.016
-0.021
-0.025
-0.03
-0.035
-0.039
-0.044
-0.048
-0.052
-0.057
-0.061
-0.064
-0.067
-0.071
-0.075
-0.08
-0.083
-0.087
-0.09
-0.093
-0.096
-0.1
-0.102
-0.102
-0.101
-0.099
-0.097
-0.095
-0.093
-0.09
-0.087
-0.082
-0.076
-0.071
-0.066
-0.06
-0.052
-0.053
-0.065
-0.072
-0.076
-0.08
-0.083
-0.085
-0.087
-0.089
-0.091
-0.093
-0.094
-0.094
-0.094
-0.095
-0.095
-0.096
-0.097
-0.099
-0.103
-0.101
-0.087
-0.077
-0.071
-0.064
-0.057
-0.051
-0.045
-0.04
-0.037
-0.034
-0.031
-0.03
-0.029
-0.027
-0.027
-0.025
-0.024
-0.021
-0.019
-0.017
-0.015
-0.012
-0.01
-0.007
-0.005
-0.002
0.001
0.009
0.015
0.017
0.017
0.018
0.018
0.019
0.019
0.02
0.021
0.021
0.02
0.019
0.018
0.016
0.014
0.011
0.009
0.012
0.024
0.057
0.117
0.208
0.319
0.443
0.565
0.673
0.737
0.743
0.711
0.626
0.505
0.365
0.24
0.152
0.109
0.096
0.11
0.126
0.138
0.139
0.131
0.121
0.112
0.123
0.141
0.158
0.167
0.174
0.177
0.172
0.161
0.148
0.135
0.129
0.126
0.124
0.121
0.12
0.119
0.12
0.121
0.124
0.127
0.13
0.134
0.138
0.14
0.137
0.13
0.121
0.114
0.107
0.101
0.096
0.095
0.094
0.093
0.093
0.092
0.092
0.092
0.092
0.092
0.092
0.094
0.097
0.101
0.105
0.11
0.117
0.123
0.126
0.125
0.123
0.12
0.119
0.117
0.115
0.113
0.112
0.111
0.112
0.113
0.114
0.115
0.116
0.118
0.121
0.122
0.123
0.123
0.122
0.12
0.119
0.117
0.107
0.087
0.066
0.048
0.035
0.026
0.018
0.009
-0.003
-0.013
-0.019
-0.024
-0.029
-0.034
-0.039
-0.043
-0.047
-0.051
-0.055
-0.059
-0.062
-0.062
-0.06
-0.057
-0.054
-0.051
-0.049
-0.047
-0.043
-0.04
-0.038
-0.036
-0.035
-0.034
-0.035
-0.036
-0.037
-0.039
-0.041
-0.043
-0.045
-0.047
-0.048
-0.05
-0.052
-0.054
-0.057
-0.059
-0.062
-0.064
-0.065
-0.066
-0.065
-0.064
-0.063
-0.061
-0.059
-0.056
-0.054
-0.051
-0.049
-0.047
-0.043
-0.039
-0.035
-0.034
-0.035
-0.038
-0.043
-0.047
-0.052
-0.061
-0.067
-0.069
-0.071
-0.073
-0.074
-0.075
-0.07
-0.06
-0.053
-0.048
-0.044
-0.04
-0.037
-0.036
-0.034
-0.033
-0.032
-0.031
-0.03
-0.029
-0.026
-0.023
-0.026
-0.031
-0.036
-0.041
-0.045
-0.047
-0.043
-0.035
-0.027
-0.022
-0.017
-0.012
-0.008
-0.005
-0.002
-0.002
-0.005
-0.008
-0.011
-0.014
-0.018
-0.021
-0.026
-0.031
-0.035
-0.037
-0.036
-0.035
-0.033
-0.029
-0.024
-0.015
-0.008
-0.005
-0.004
-0.002
-0.001
0.0
0.002
0.004
0.005
0.007
0.009
0.012
0.014
0.018
0.026
0.024
0.009
0.0
-0.009
-0.015
-0.019
-0.021
-0.022
-0.022
-0.023
-0.024
-0.026
-0.029
-0.036
-0.045
-0.053
-0.064
-0.072
-0.079
-0.09
-0.105
-0.115
-0.121
-0.112
-0.086
-0.043
0.011
0.089
0.198
0.327
0.454
0.555
0.583
0.573
0.496
0.382
0.256
0.136
0.042
0.004
-0.004
-0.01
-0.014
-0.018
-0.022
-0.027
-0.03
-0.033
-0.036
-0.039
-0.042
-0.048
-0.059
-0.061
-0.06
-0.059
-0.059
-0.058
-0.058
-0.058
-0.059
-0.059
-0.059
-0.059
-0.058
-0.056
-0.054
-0.052
-0.05
-0.048
-0.046
-0.045
-0.044
-0.044
-0.043
-0.041
-0.04
-0.038
-0.036
-0.034
-0.032
-0.031
-0.029
-0.027
-0.024
-0.021
-0.012
0.005
0.014
0.019
0.023
0.025
0.026
0.024
0.022
0.019
0.016
0.012
0.009
0.016
0.028
0.038
0.047
0.055
0.062
0.067
0.071
0.076
0.082
0.087
0.091
0.095
0.098
0.101
0.104
0.107
0.109
0.107
0.103
0.096
0.087
0.075
0.057
0.046
0.038
0.031
0.025
0.019
0.013
0.008
0.004
0.002
0.0
-0.002
-0.004
-0.005
-0.007
-0.009
-0.011
-0.013
-0.016
-0.019
-0.021
-0.023
-0.026
-0.029
-0.031
-0.033
-0.036
-0.039
-0.043
-0.046
-0.048
-0.049
-0.047
-0.044
-0.039
-0.034
-0.029
-0.022
-0.01
-0.004
-0.004
-0.004
-0.005
-0.005
-0.004
-0.004
-0.002
-0.002
-0.002
-0.002
-0.002
-0.003
-0.004
-0.005
-0.007
-0.01
-0.012
-0.014
-0.015
-0.015
-0.016
-0.016
-0.017
-0.019
-0.021
-0.021
-0.02
-0.017
-0.013
-0.01
-0.009
-0.007
-0.005
-0.003
0.0
0.001
0.003
0.006
0.007
0.007
0.007
0.006
0.004
0.001
-0.001
-0.003
-0.006
-0.009
-0.011
-0.012
-0.013
-0.015
-0.018
-0.021
-0.023
-0.024
-0.024
-0.025
-0.025
-0.026
-0.026
-0.025
-0.023
-0.021
-0.019
-0.018
-0.018
-0.017
-0.016
-0.014
-0.013
-0.013
-0.013
-0.013
-0.012
-0.01
-0.009
-0.007
-0.007
-0.008
-0.011
-0.014
-0.016
-0.018
-0.02
-0.024
-0.027
-0.03
-0.033
-0.036
-0.038
-0.041
-0.044
-0.048
-0.05
-0.052
-0.053
-0.055
-0.058
-0.061
-0.064
-0.068
-0.071
-0.074
-0.076
-0.078
-0.081
-0.084
-0.086
-0.088
-0.092
-0.099
-0.104
-0.104
-0.098
-0.086
-0.051
0.017
0.11
0.217
0.331
0.44
0.52
0.531
0.501
0.386
0.238
0.093
-0.016
-0.072
-0.091
-0.074
-0.06
-0.049
-0.042
-0.043
-0.05
-0.059
-0.069
-0.084
-0.1
-0.107
-0.111
-0.114
-0.118
-0.122
-0.125
-0.128
-0.13
-0.131
-0.132
-0.131
-0.131
-0.131
-0.131
-0.13
-0.129
-0.128
-0.128
-0.127
-0.128
-0.128
-0.129
-0.127
-0.121
-0.114
-0.109
-0.104
-0.099
-0.094
-0.09
-0.085
-0.08
-0.076
-0.072
-0.069
-0.065
-0.062
-0.06
-0.057
-0.054
-0.05
-0.047
-0.045
-0.042
-0.038
-0.032
-0.019
0.006
0.026
0.041
0.052
0.058
0.062
0.066
0.07
0.073
0.077
0.079
0.082
0.086
0.091
0.099
0.112
0.124
0.13
0.134
0.138
0.141
0.143
0.144
0.143
0.142
0.14
0.138
0.136
0.133
0.127
0.124
0.126
0.131
0.134
0.136
0.139
0.14
0.141
0.141
0.141
0.141
0.14
0.138
0.135
0.131
0.125
0.114
0.104
0.099
0.095
0.092
0.09
0.087
0.085
0.083
0.081
0.078
0.076
0.073
0.07
0.065
0.061
0.061
0.066
0.073
0.085
0.105
0.123
0.135
0.143
0.151
0.159
0.167
0.174
0.18
0.182
0.179
0.177
0.175
0.172
0.166
0.159
0.147
0.132
0.125
0.121
0.116
0.107
0.097
0.091
0.085
0.078
0.073
0.07
0.07
0.071
0.073
0.074
0.074
0.075
0.077
0.08
0.082
0.083
0.079
0.072
0.066
0.061
0.058
0.054
0.049
0.044
0.039
0.035
0.031
0.026
0.018
0.013
0.014
0.016
0.019
0.023
0.013
0.005
0.0
-0.004
-0.007
-0.009
-0.008
-0.007
-0.006
-0.004
-0.003
-0.002
-0.001
0.0
0.001
0.002
0.003
0.003
0.003
0.004
0.006
0.007
0.007
0.006
0.005
0.003
0.002
0.001
0.0
-0.001
-0.003
-0.005
-0.008
-0.011
-0.018
-0.025
-0.031
-0.041
-0.055
-0.062
-0.065
-0.067
-0.069
-0.07
-0.072
-0.074
-0.077
-0.079
-0.081
-0.083
-0.086
-0.09
-0.097
-0.105
-0.115
-0.132
-0.15
-0.162
-0.17
-0.161
-0.132
-0.08
-0.005
0.1
0.226
0.351
0.45
0.488
0.485
0.432
0.341
0.236
0.133
0.047
-0.005
-0.037
-0.055
-0.066
-0.071
-0.076
-0.083
-0.09
-0.1
-0.122
-0.139
-0.145
-0.148
-0.147
-0.136
-0.128
-0.122
-0.117
-0.114
-0.111
-0.109
-0.106
-0.104
-0.101
-0.098
-0.096
-0.093
-0.091
-0.087
-0.082
-0.074
-0.062
-0.055
-0.049
-0.044
-0.044
-0.053
-0.059
-0.064
-0.068
-0.071
-0.071
-0.067
-0.061
-0.054
-0.049
-0.044
-0.039
-0.034
-0.03
-0.026
-0.023
-0.019
-0.017
-0.014
-0.01
-0.005
0.0
0.005
0.008
0.01
0.013
0.015
0.018
0.02
0.023
0.026
0.028
0.031
0.033
0.035
0.038
0.041
0.048
0.061
0.066
0.07
0.073
0.075
0.075
0.07
0.063
0.055
0.042
0.025
0.014
0.006
0.0
-0.005
-0.011
-0.017
-0.023
-0.027
-0.03
-0.034
-0.037
-0.04
-0.043
-0.045
-0.046
-0.046
-0.046
-0.045
-0.044
-0.041
-0.038
-0.035
-0.032
-0.029
-0.027
-0.026
-0.024
-0.022
-0.021
-0.02
-0.019
-0.018
-0.018
-0.017
-0.016
-0.015
-0.015
-0.015
-0.015
-0.015
-0.015
-0.015
-0.015
-0.015
-0.015
-0.015
-0.014
-0.014
-0.012
-0.011
-0.011
-0.011
-0.01
-0.009
-0.008
-0.008
-0.007
-0.006
-0.005
-0.004
-0.002
-0.001
0.0
0.001
0.002
0.002
0.002
0.002
0.002
0.001
0.001
0.001
0.001
0.001
0.001
0.001
0.002
0.002
0.003
0.003
0.002
0.001
0.001
0.001
0.0
0.0
-0.001
-0.004
-0.006
-0.008
-0.009
-0.011
-0.013
-0.015
-0.017
-0.019
-0.02
-0.022
-0.026
-0.032
-0.037
-0.041
-0.042
-0.041
-0.038
-0.034
-0.03
-0.025
-0.016
-0.01
-0.011
-0.012
-0.012
-0.012
-0.012
-0.013
-0.014
-0.015
-0.017
-0.019
-0.022
-0.024
-0.027
-0.03
-0.033
-0.035
-0.038
-0.041
-0.044
-0.048
-0.052
-0.056
-0.06
-0.062
-0.064
-0.065
-0.066
-0.065
-0.065
-0.065
-0.065
-0.065
-0.065
-0.066
-0.067
-0.068
-0.07
-0.073
-0.08
-0.087
-0.095
-0.105
-0.11
-0.105
-0.092
-0.056
0.007
0.098
0.214
0.338
0.443
0.509
0.518
0.496
0.413
0.295
0.169
0.066
0.022
0.006
0.005
0.012
0.022
0.021
-0.007
-0.049
-0.068
-0.076
-0.079
-0.082
-0.084
-0.086
-0.087
-0.088
-0.089
-0.089
-0.089
-0.089
-0.087
-0.085
-0.083
-0.081
-0.079
-0.079
-0.078
-0.077
-0.074
-0.071
-0.067
-0.065
-0.064
-0.065
-0.065
-0.066
-0.066
-0.066
-0.067
-0.069
-0.069
-0.07
-0.07
-0.07
-0.07
-0.069
-0.067
-0.064
-0.06
-0.055
-0.05
-0.046
-0.042
-0.037
-0.031
-0.026
-0.022
-0.019
-0.015
-0.011
-0.005
0.005
0.021
0.03
0.034
0.038
0.041
0.044
0.047
0.05
0.052
0.055
0.057
0.06
0.062
0.064
0.067
0.07
0.074
0.077
0.078
0.078
0.076
0.072
0.067
0.062
0.054
0.04
0.024
0.012
0.002
-0.004
-0.007
-0.009
-0.011
-0.012
-0.012
-0.012
-0.012
-0.012
-0.012
-0.012
-0.012
-0.013
-0.013
-0.014
-0.014
-0.014
-0.014
-0.014
-0.014
-0.013
-0.013
-0.013
-0.013
-0.012
-0.011
-0.011
-0.011
-0.011
-0.01
-0.01
-0.01
-0.01
-0.009
-0.009
-0.01
-0.011
-0.012
-0.013
-0.014
-0.015
-0.017
-0.019
-0.022
-0.025
-0.027
-0.029
-0.033
-0.038
-0.044
-0.048
-0.049
-0.049
-0.049
-0.049
-0.049
-0.049
-0.047
-0.044
-0.045
-0.048
-0.05
-0.051
-0.048
-0.047
-0.047
-0.046
-0.046
-0.046
-0.047
-0.048
-0.047
-0.046
-0.045
-0.046
-0.046
-0.046
-0.047
-0.046
-0.046
-0.045
-0.044
-0.044
-0.043
-0.041
-0.04
-0.038
-0.037
-0.036
-0.035
-0.034
-0.032
-0.028
-0.023
-0.021
-0.025
-0.034
-0.044
-0.054
-0.065
-0.074
-0.075
-0.07
-0.063
-0.056
-0.047
-0.039
-0.033
-0.03
-0.027
-0.025
-0.022
-0.021
-0.019
-0.018
-0.018
-0.018
-0.02
-0.022
-0.024
-0.027
-0.03
-0.034
-0.036
-0.039
-0.041
-0.043
-0.045
-0.046
-0.047
-0.048
-0.048
-0.048
-0.048
-0.047
-0.047
-0.046
-0.045
-0.045
-0.044
-0.043
-0.04
-0.052
-0.072
-0.089
-0.1
-0.106
-0.098
-0.072
-0.018
0.068
0.186
0.324
0.459
0.563
0.587
0.574
0.483
0.346
0.2
0.083
0.031
0.016
0.006
0.0
-0.004
-0.008
-0.018
-0.04
-0.058
-0.068
-0.075
-0.078
-0.075
-0.068
-0.061
-0.057
-0.054
-0.05
-0.047
-0.045
-0.042
-0.04
-0.037
-0.035
-0.033
-0.032
-0.031
-0.03
-0.029
-0.028
-0.026
-0.025
-0.023
-0.021
-0.018
-0.015
-0.01
-0.005
0.0
0.004
0.011
0.023
0.034
0.042
0.048
0.055
0.062
0.068
0.069
0.068
0.066
0.063
0.058
0.059
0.07
0.079
0.087
0.093
0.098
0.101
0.103
0.105
0.107
0.109
0.113
0.117
0.12
0.124
0.127
0.13
0.134
0.138
0.141
0.142
0.142
0.14
0.139
0.137
0.136
0.135
0.133
0.131
0.129
0.126
0.124
0.121
0.118
0.114
0.109
0.101
0.088
0.077
0.071
0.067
0.064
0.061
0.059
0.056
0.054
0.052
0.05
0.048
0.045
0.04
0.031
0.02
0.008
0.0
-0.002
-0.004
-0.006
0.005
0.017
0.027
0.037
0.048
0.062
0.076
0.078
0.079
0.08
0.081
0.081
0.081
0.081
0.081
0.079
0.075
0.07
0.063
0.051
0.029
0.019
0.012
0.008
0.006
0.005
0.007
0.01
0.014
0.019
0.025
0.033
0.039
0.041
0.044
0.045
0.047
0.048
0.046
0.041
0.037
0.034
0.031
0.027
0.022
0.017
0.011
0.004
-0.004
-0.012
-0.019
-0.026
-0.032
-0.035
-0.031
-0.021
-0.006
0.009
0.013
0.015
0.017
0.018
0.018
0.019
0.02
0.02
0.021
0.021
0.021
0.021
0.021
0.02
0.019
0.017
0.015
0.013
0.01
0.005
0.011
0.016
0.019
0.022
0.024
0.025
0.025
0.023
0.02
0.018
0.016
0.013
0.01
0.007
0.005
0.003
0.001
0.0
-0.002
-0.005
-0.007
-0.01
-0.012
-0.014
-0.017
-0.02
-0.023
-0.026
-0.029
-0.033
-0.037
-0.04
-0.044
-0.047
-0.05
-0.053
-0.056
-0.059
-0.059
-0.058
-0.055
-0.051
-0.045
-0.022
0.023
0.095
0.193
0.319
0.463
0.602
0.692
0.701
0.656
0.509
0.316
0.131
0.0
-0.049
-0.065
-0.053
-0.034
-0.012
0.0
0.007
0.012
0.011
0.007
0.0
-0.012
-0.029
-0.038
-0.044
-0.048
-0.049
-0.047
-0.042
-0.035
-0.027
-0.015
-0.01
-0.007
-0.004
-0.002
-0.002
-0.008
-0.017
-0.033
-0.046
-0.049
-0.053
-0.052
-0.045
-0.039
-0.034
-0.028
-0.02
-0.01
-0.002
0.004
0.011
0.017
0.022
0.026
0.029
0.031
0.033
0.035
0.037
0.038
0.038
0.038
0.037
0.036
0.035
0.034
0.034
0.033
0.032
0.031
0.03
0.03
0.03
0.03
0.032
0.034
0.036
0.039
0.043
0.047
0.051
0.055
0.059
0.063
0.066
0.066
0.065
0.063
0.059
0.054
0.044
0.023
0.004
-0.009
-0.022
-0.034
-0.043
-0.053
-0.062
-0.07
-0.077
-0.084
-0.09
-0.096
-0.1
-0.105
-0.109
-0.113
-0.114
-0.113
-0.111
-0.109
-0.107
-0.106
-0.104
-0.101
-0.098
-0.096
-0.097
-0.1
-0.105
-0.109
-0.112
-0.115
-0.118
-0.122
-0.125
-0.127
-0.127
-0.125
-0.121
-0.117
-0.113
-0.109
-0.104
-0.098
-0.092
-0.088
-0.084
-0.081
-0.079
-0.077
-0.075
-0.074
-0.073
-0.072
-0.071
-0.069
-0.066
-0.064
-0.061
-0.059
-0.058
-0.057
-0.056
-0.055
-0.054
-0.053
-0.052
-0.05
-0.048
-0.046
-0.043
-0.041
-0.039
-0.037
-0.036
-0.035
-0.033
-0.032
-0.031
-0.031
-0.031
-0.03
-0.029
-0.028
-0.026
-0.024
-0.022
-0.019
-0.014
-0.003
0.007
0.018
0.028
0.036
0.045
0.053
0.061
0.071
0.082
0.087
0.09
0.093
0.097
0.099
0.098
0.09
0.081
0.077
0.073
0.068
0.064
0.059
0.056
0.054
0.053
0.053
0.053
0.054
0.055
0.058
0.061
0.065
0.07
0.075
0.083
0.1
0.107
0.112
0.115
0.119
0.123
0.13
0.141
0.178
0.262
0.386
0.539
0.705
0.863
0.979
1.018
0.961
0.818
0.621
0.431
0.295
0.253
0.239
0.249
0.262
0.272
0.254
0.224
0.195
0.177
0.165
0.153
0.14
0.13
0.12
0.111
0.104
0.098
0.09
0.081
0.068
0.063
0.061
0.058
0.055
0.053
0.052
0.052
0.052
0.051
0.05
0.048
0.046
0.045
0.045
0.045
0.045
0.045
0.045
0.045
0.045
0.045
0.043
0.04
0.037
0.035
0.036
0.041
