-0.152
-0.138
-0.124
-0.111
-0.101
-0.094
-0.088
-0.08
-0.077
-0.081
-0.091
-0.119
-0.165
-0.221
-0.286
-0.36
-0.429
-0.489
-0.544
-0.603
-0.667
-0.737
-0.808
-0.875
-0.942
-1.012
-1.087
-1.175
-1.276
-1.382
-1.494
-1.602
-1.702
-1.81
-1.928
-2.045
-2.157
-2.262
-2.357
-2.431
-2.487
-2.538
-2.572
-2.599
-2.617
-2.627
-2.634
-2.639
-2.645
-2.649
-2.649
-2.641
-2.629
-2.615
-2.595
-2.573
-2.544
-2.508
-2.47
-2.442
-2.422
-2.398
-2.372
-2.341
-2.304
-2.273
-2.248
-2.225
-2.191
-2.143
-2.072
-1.992
-1.904
-1.808
-1.71
-1.612
-1.522
-1.461
-1.439
-1.438
-1.45
-1.484
-1.544
-1.617
-1.698
-1.772
-1.828
-1.879
-1.911
-1.947
-1.981
-2.035
-2.081
-2.097
-2.106
-2.111
-2.118
-2.126
-2.108
-2.077
-2.051
-2.033
-2.023
-2.037
-2.083
-2.142
-2.189
-2.214
-2.256
-2.307
-2.322
-2.327
-2.33
-2.313
-2.262
-2.2
-2.142
-2.09
-2.043
-1.995
-1.965
-1.911
-1.862
-1.811
-1.755
-1.696
-1.64
-1.583
-1.521
-1.455
-1.386
-1.325
-1.275
-1.246
-1.218
-1.193
-1.172
-1.147
-1.118
-1.09
-1.044
-0.997
-0.949
-0.9
-0.847
-0.795
-0.74
-0.684
-0.633
-0.587
-0.54
-0.509
-0.48
-0.459
-0.44
-0.422
-0.403
-0.389
-0.371
-0.346
-0.318
-0.295
-0.277
-0.253
-0.223
-0.193
-0.162
-0.131
-0.104
-0.085
-0.07
-0.056
-0.041
-0.024
-0.011
-0.001
0.007
0.017
0.028
0.049
0.082
0.117
0.148
0.177
0.206
0.224
0.235
0.249
0.264
0.282
0.303
0.326
0.357
0.392
0.417
0.437
0.456
0.471
0.483
0.493
0.5
0.507
0.516
0.528
0.538
0.564
0.61
0.656
0.673
0.688
0.699
0.709
0.721
0.735
0.754
0.773
0.784
0.794
0.806
0.824
0.844
0.863
0.885
0.905
0.92
0.935
0.949
0.972
1.006
1.024
1.032
1.038
1.043
1.047
1.05
1.052
1.054
1.054
1.055
1.057
1.059
1.061
1.064
1.066
1.07
1.074
1.079
1.087
1.098
1.121
1.14
1.145
1.148
1.144
1.122
1.103
1.087
1.075
1.068
1.062
1.059
1.057
1.054
1.052
1.05
1.048
1.048
1.048
1.047
1.046
1.046
1.047
1.048
1.05
1.051
1.052
1.051
1.05
1.05
1.05
1.05
1.05
1.05
1.05
1.051
1.051
1.051
1.051
1.05
1.049
1.049
1.047
1.046
1.044
1.041
1.039
1.036
1.029
1.004
0.985
0.976
0.969
0.963
0.956
0.95
0.943
0.936
0.927
0.918
0.908
0.898
0.879
0.847
0.819
0.798
0.782
0.762
0.733
0.71
0.697
0.684
0.671
0.658
0.645
0.639
0.637
0.635
0.634
0.632
0.63
0.628
0.626
0.626
0.625
0.625
0.625
0.625
0.624
0.624
0.623
0.621
0.619
0.616
0.612
0.606
0.6
0.593
0.585
0.571
0.558
0.541
0.513
0.491
0.48
0.471
0.463
0.455
0.449
0.442
0.43
0.413
0.398
0.387
0.381
0.377
0.373
0.371
0.367
0.363
0.357
0.348
0.35
0.37
0.387
0.402
0.409
0.402
0.39
0.379
0.368
0.355
0.341
0.296
0.242
0.22
0.209
0.201
0.202
0.221
0.248
0.285
0.348
0.431
0.518
0.599
0.667
0.698
0.709
0.692
0.639
0.556
0.465
0.382
0.306
0.24
0.186
0.153
0.118
0.085
0.053
0.022
0.004
-0.006
-0.013
-0.016
-0.011
0.0
0.012
0.022
0.032
0.041
0.05
0.057
0.062
0.066
0.072
0.081
0.097
0.112
0.129
0.141
0.125
0.099
0.073
0.051
0.031
0.003
-0.045
-0.075
-0.102
-0.12
-0.129
-0.134
-0.137
-0.139
-0.14
-0.14
-0.138
-0.133
-0.125
-0.112
-0.084
-0.063
-0.052
-0.045
-0.038
-0.031
-0.025
-0.021
-0.018
-0.015
-0.012
-0.01
-0.008
-0.009
-0.011
-0.014
-0.016
-0.018
-0.023
-0.033
-0.033
-0.022
-0.013
-0.006
0.0
0.002
0.001
-0.002
-0.011
-0.021
-0.039
-0.073
-0.11
-0.143
-0.167
-0.184
-0.2
-0.208
-0.214
-0.219
-0.223
-0.226
-0.229
-0.231
-0.232
-0.234
-0.234
-0.235
-0.234
-0.232
-0.231
-0.23
-0.228
-0.226
-0.223
-0.22
-0.217
-0.211
-0.2
-0.189
-0.179
-0.17
-0.159
-0.148
-0.138
-0.128
-0.123
-0.121
-0.12
-0.119
-0.118
-0.117
-0.115
-0.112
-0.11
-0.108
-0.106
-0.105
-0.107
-0.107
-0.105
-0.103
-0.1
-0.094
-0.087
-0.081
-0.075
-0.069
-0.062
-0.057
-0.051
-0.045
-0.039
-0.032
-0.026
-0.02
-0.014
-0.008
-0.002
0.002
0.007
0.013
0.018
0.024
0.034
0.045
0.052
0.055
0.058
0.062
0.067
0.07
0.074
0.078
0.081
0.083
0.084
0.086
0.086
0.085
0.085
0.089
0.095
0.097
0.089
0.078
0.071
0.063
0.056
0.05
0.05
0.058
0.069
0.082
0.096
0.114
0.121
0.122
0.124
0.128
0.133
0.133
0.13
0.124
0.117
0.11
0.096
0.092
0.095
0.097
0.099
0.101
0.103
0.104
0.099
0.09
0.081
0.063
0.046
0.042
0.037
0.036
0.041
0.042
0.044
0.047
0.05
0.051
0.051
0.052
0.054
0.054
0.052
0.047
0.042
0.039
0.036
0.031
0.029
0.027
0.025
0.023
0.022
0.022
0.022
0.021
0.019
0.019
0.02
0.02
0.019
0.021
0.026
0.031
0.033
0.034
0.034
0.033
0.031
0.03
0.032
0.036
0.046
0.072
0.119
0.196
0.306
0.443
0.584
0.71
0.776
0.797
0.778
0.721
0.647
0.563
0.493
0.419
0.346
0.287
0.241
0.191
0.124
0.072
0.038
0.016
0.008
0.003
-0.004
-0.015
-0.024
-0.034
-0.048
-0.067
-0.073
-0.077
-0.082
-0.089
-0.093
-0.094
-0.094
-0.091
-0.085
-0.077
-0.067
-0.058
-0.046
-0.024
-0.01
0.0
0.007
0.011
0.009
0.004
0.001
-0.002
-0.008
-0.014
-0.018
-0.021
-0.021
-0.021
-0.021
-0.021
-0.016
-0.008
0.0
0.005
0.012
0.024
0.044
0.044
0.042
0.039
0.037
0.038
0.04
0.042
0.045
0.048
0.052
0.055
0.057
0.058
0.061
0.068
0.079
0.09
0.098
0.097
0.088
0.077
0.067
0.054
0.038
0.023
0.011
-0.001
-0.018
-0.043
-0.071
-0.098
-0.119
-0.13
-0.136
-0.137
-0.136
-0.134
-0.128
-0.12
-0.111
-0.106
-0.103
-0.098
-0.09
-0.084
-0.079
-0.073
-0.069
-0.069
-0.072
-0.079
-0.085
-0.09
-0.095
-0.1
-0.104
-0.104
-0.103
-0.103
-0.104
-0.105
-0.109
-0.112
-0.114
-0.115
-0.115
-0.116
-0.117
-0.12
-0.12
-0.12
-0.121
-0.121
-0.122
-0.123
-0.123
-0.124
-0.125
-0.126
-0.126
-0.126
-0.124
-0.122
-0.119
-0.116
-0.113
-0.11
-0.107
-0.104
-0.102
-0.1
-0.099
-0.098
-0.097
-0.094
-0.092
-0.088
-0.084
-0.079
-0.074
-0.07
-0.066
-0.062
-0.059
-0.057
-0.054
-0.052
-0.049
-0.046
-0.042
-0.038
-0.033
-0.029
-0.025
-0.022
-0.02
-0.018
-0.017
-0.015
-0.013
-0.011
-0.007
0.001
0.001
-0.006
-0.01
-0.013
-0.016
-0.019
-0.021
-0.023
-0.025
-0.026
-0.026
-0.025
-0.023
-0.019
-0.014
-0.01
-0.005
0.0
0.005
0.011
0.021
0.031
0.036
0.032
0.024
0.016
0.011
0.007
0.003
0.0
-0.003
-0.008
-0.014
-0.019
-0.024
-0.029
-0.034
-0.04
-0.048
-0.064
-0.092
-0.1
-0.108
-0.116
-0.116
-0.103
-0.095
-0.09
-0.085
-0.081
-0.077
-0.076
-0.076
-0.077
-0.078
-0.08
-0.083
-0.087
-0.092
-0.096
-0.097
-0.097
-0.096
-0.096
-0.096
-0.095
-0.094
-0.094
-0.097
-0.101
-0.106
-0.114
-0.113
-0.094
-0.04
0.031
0.124
0.237
0.36
0.483
0.596
0.651
0.67
0.642
0.554
0.436
0.32
0.228
0.182
0.169
0.157
0.146
0.132
0.081
0.016
-0.053
-0.128
-0.167
-0.192
-0.208
-0.215
-0.207
-0.189
-0.168
-0.141
-0.118
-0.106
-0.1
-0.095
-0.091
-0.086
-0.082
-0.079
-0.076
-0.073
-0.072
-0.07
-0.068
-0.066
-0.063
-0.06
-0.057
-0.053
-0.048
-0.043
-0.038
-0.032
-0.023
-0.014
-0.005
0.003
0.013
0.022
0.031
0.039
0.046
0.054
0.061
0.068
0.074
0.08
0.086
0.091
0.096
0.1
0.104
0.107
0.111
0.117
0.123
0.127
0.13
0.133
0.136
0.138
0.142
0.145
0.147
0.148
0.146
0.142
0.136
0.128
0.118
0.107
0.09
0.072
0.054
0.036
0.018
0.005
-0.005
-0.009
-0.013
-0.015
-0.017
-0.018
-0.019
-0.02
-0.022
-0.024
-0.025
-0.028
-0.03
-0.031
-0.033
-0.034
-0.037
-0.039
-0.042
-0.045
-0.048
-0.052
-0.059
-0.067
-0.072
-0.072
-0.066
-0.058
-0.049
-0.041
-0.033
-0.025
-0.017
-0.011
-0.006
-0.001
0.001
0.004
0.007
0.01
0.013
0.015
0.018
0.021
0.024
0.027
0.03
0.033
0.035
0.038
0.04
0.044
0.047
0.053
0.059
0.065
0.067
0.066
0.06
0.054
0.047
0.043
0.038
0.034
0.029
0.025
0.021
0.018
0.016
0.016
0.016
0.019
0.022
0.027
0.032
0.038
0.044
0.05
0.054
0.058
0.062
0.066
0.07
0.074
0.078
0.082
0.087
0.091
0.094
0.096
0.098
0.099
0.099
0.097
0.096
0.094
0.092
0.09
0.088
0.087
0.085
0.083
0.082
0.08
0.078
0.075
0.069
0.061
0.056
0.057
0.061
0.064
0.067
0.069
0.071
0.073
0.077
0.082
0.087
0.091
0.096
0.1
0.105
0.109
0.112
0.115
0.117
0.12
0.123
0.127
0.132
0.135
0.139
0.142
0.143
0.143
0.142
0.139
0.136
0.132
0.128
0.124
0.121
0.118
0.115
0.111
0.107
0.103
0.097
0.092
0.087
0.083
0.078
0.074
0.068
0.061
0.052
0.037
0.024
0.013
0.005
-0.002
-0.009
-0.014
-0.014
-0.012
-0.006
0.002
0.033
0.093
0.19
0.322
0.473
0.626
0.751
0.811
0.815
0.773
0.678
0.562
0.448
0.357
0.289
0.254
0.223
0.198
0.163
0.115
0.061
0.003
-0.042
-0.059
-0.059
-0.042
-0.016
0.009
0.022
0.03
0.033
0.024
0.006
-0.013
-0.036
-0.056
-0.068
-0.077
-0.084
-0.088
-0.088
-0.083
-0.075
-0.066
-0.052
-0.031
-0.009
0.002
0.01
0.016
0.021
0.025
0.031
0.037
0.041
0.046
0.052
0.063
0.082
0.096
0.11
0.123
0.143
0.157
0.167
0.176
0.186
0.195
0.204
0.214
0.224
0.232
0.237
0.239
0.241
0.246
0.252
0.235
0.219
0.208
0.198
0.19
0.184
0.179
0.175
0.171
0.167
0.163
0.158
0.152
0.146
0.138
0.125
0.104
0.085
0.069
0.058
0.048
0.038
0.028
0.019
0.01
0.002
-0.002
-0.006
-0.009
-0.012
-0.016
-0.022
-0.022
-0.015
-0.01
-0.007
-0.004
-0.003
-0.001
0.0
0.001
0.003
0.005
0.008
0.011
0.015
0.023
0.02
0.0
-0.016
-0.032
-0.04
-0.036
-0.026
0.001
0.066
0.146
0.227
0.294
0.344
0.361
0.352
0.324
0.25
0.161
0.072
0.0
-0.032
-0.052
-0.068
-0.09
-0.119
-0.151
-0.169
-0.178
-0.184
-0.192
-0.201
-0.211
-0.223
-0.238
-0.246
-0.241
-0.229
-0.208
-0.188
-0.182
-0.181
-0.181
-0.181
-0.182
-0.182
-0.182
-0.181
-0.18
-0.179
-0.178
-0.175
-0.174
-0.172
-0.17
-0.167
-0.163
-0.159
-0.154
-0.149
-0.143
-0.136
-0.124
-0.111
-0.101
-0.093
-0.085
-0.078
-0.072
-0.067
-0.061
-0.057
-0.052
-0.048
-0.044
-0.04
-0.036
-0.032
-0.026
-0.019
-0.006
0.003
0.01
0.016
0.021
0.025
0.027
0.023
0.014
0.001
-0.011
-0.028
-0.042
-0.053
-0.063
-0.071
-0.079
-0.086
-0.093
-0.099
-0.107
-0.117
-0.125
-0.132
-0.136
-0.139
-0.141
-0.143
-0.145
-0.146
-0.147
-0.146
-0.144
-0.142
-0.139
-0.136
-0.132
-0.128
-0.123
-0.115
-0.107
-0.101
-0.096
-0.09
-0.084
-0.08
-0.082
-0.087
-0.091
-0.095
-0.098
-0.1
-0.1
-0.098
-0.092
-0.087
-0.083
-0.081
-0.079
-0.076
-0.073
-0.071
-0.07
-0.068
-0.066
-0.064
-0.063
-0.061
-0.06
-0.06
-0.059
-0.058
-0.057
-0.057
-0.057
-0.056
-0.056
-0.055
-0.054
-0.052
-0.051
-0.048
-0.044
-0.04
-0.036
-0.032
-0.029
-0.023
-0.016
-0.028
-0.037
-0.042
-0.047
-0.05
-0.052
-0.052
-0.048
-0.042
-0.036
-0.03
-0.023
-0.015
-0.006
0.0
0.005
0.009
0.015
0.024
0.023
0.01
0.002
-0.002
-0.007
-0.011
-0.016
-0.021
-0.025
-0.03
-0.034
-0.038
-0.041
-0.045
-0.049
-0.052
-0.052
-0.051
-0.048
-0.045
-0.042
-0.039
-0.036
-0.031
-0.025
-0.022
-0.019
-0.017
-0.013
-0.007
-0.006
-0.012
-0.016
-0.02
-0.023
-0.025
-0.025
-0.022
-0.017
-0.012
-0.008
-0.002
0.003
0.007
0.008
0.007
0.004
0.0
-0.005
-0.013
-0.013
-0.006
-0.003
0.0
0.002
0.004
0.005
0.006
0.007
0.006
0.005
0.003
0.001
-0.001
-0.005
0.005
0.025
0.04
0.047
0.053
0.054
0.052
0.051
0.049
0.048
0.047
0.047
0.048
0.051
0.055
0.059
0.064
0.072
0.074
0.067
0.06
0.052
0.053
0.068
0.077
0.084
0.091
0.095
0.097
0.095
0.091
0.085
0.077
0.061
0.039
0.033
0.029
0.026
0.024
0.022
0.02
0.019
0.016
0.014
0.011
0.01
0.008
0.007
0.005
0.003
0.0
-0.004
-0.008
-0.01
-0.007
-0.002
0.007
0.038
0.101
0.185
0.286
0.4
0.511
0.579
0.601
0.579
0.511
0.399
0.291
0.226
0.199
0.182
0.16
0.135
0.109
0.081
0.056
0.041
0.032
0.023
0.015
0.002
-0.016
-0.028
-0.036
-0.04
-0.034
-0.022
-0.016
-0.011
-0.007
-0.004
-0.001
0.001
0.005
0.008
0.01
0.012
0.014
0.017
0.02
0.026
0.03
0.034
0.036
0.037
0.039
0.04
0.041
0.042
0.044
0.046
0.047
0.049
0.051
0.054
0.057
0.062
0.073
0.097
0.112
0.121
0.128
0.135
0.141
0.152
0.166
0.173
0.177
0.18
0.182
0.183
0.183
0.181
0.179
0.176
0.173
0.169
0.165
0.158
0.15
0.14
0.131
0.121
0.112
0.103
0.095
0.085
0.071
0.058
0.049
0.042
0.036
0.028
0.02
0.011
0.0
-0.013
-0.025
-0.037
-0.048
-0.059
-0.071
-0.084
-0.093
-0.101
-0.108
-0.113
-0.115
-0.114
-0.111
-0.105
-0.099
-0.092
-0.084
-0.075
-0.066
-0.062
-0.059
-0.058
-0.057
-0.055
-0.052
-0.05
-0.05
-0.05
-0.051
-0.052
-0.053
-0.054
-0.055
-0.056
-0.057
-0.058
-0.059
-0.059
-0.06
-0.06
-0.06
-0.059
-0.059
-0.058
-0.057
-0.057
-0.058
-0.058
-0.058
-0.058
-0.058
-0.058
-0.058
-0.057
-0.056
-0.055
-0.054
-0.052
-0.051
-0.051
-0.051
-0.05
-0.05
-0.05
-0.05
-0.049
-0.048
-0.045
-0.043
-0.04
-0.038
-0.037
-0.036
-0.036
-0.036
-0.037
-0.039
-0.042
-0.046
-0.049
-0.052
-0.053
-0.056
-0.059
-0.064
-0.067
-0.069
-0.067
-0.063
-0.058
-0.055
-0.054
-0.052
-0.051
-0.049
-0.047
-0.045
-0.045
-0.044
-0.044
-0.043
-0.042
-0.041
-0.04
-0.04
-0.039
-0.037
-0.035
-0.033
-0.03
-0.028
-0.026
-0.024
-0.023
-0.021
-0.019
-0.017
-0.014
-0.011
-0.008
-0.005
-0.002
0.0
0.003
0.004
0.005
0.004
0.002
0.0
0.0
-0.001
-0.003
-0.004
-0.006
-0.008
-0.009
-0.009
-0.01
-0.012
-0.014
-0.017
-0.02
-0.022
-0.023
-0.024
-0.025
-0.026
-0.027
-0.028
-0.028
-0.028
-0.028
-0.029
-0.03
-0.032
-0.035
-0.037
-0.039
-0.042
-0.045
-0.053
-0.051
-0.019
0.043
0.127
0.229
0.343
0.455
0.548
0.608
0.629
0.619
0.591
0.514
0.422
0.333
0.259
0.211
0.182
0.154
0.123
0.066
-0.004
-0.074
-0.117
-0.131
-0.139
-0.141
-0.135
-0.122
-0.11
-0.104
-0.099
-0.095
-0.091
-0.088
-0.085
-0.082
-0.079
-0.075
-0.072
-0.067
-0.064
-0.063
-0.062
-0.061
-0.06
-0.058
-0.054
-0.05
-0.037
-0.011
0.003
0.013
0.018
0.014
0.006
0.001
-0.003
-0.007
-0.01
-0.009
-0.002
0.006
0.016
0.025
0.036
0.046
0.054
0.059
0.064
0.069
0.075
0.084
0.095
0.109
0.12
0.13
0.137
0.141
0.144
0.146
0.149
0.152
0.155
0.154
0.148
0.139
0.128
0.112
0.094
0.079
0.066
0.053
0.04
0.032
0.026
0.021
0.016
0.013
0.01
0.007
0.003
0.0
-0.002
-0.004
-0.006
-0.009
-0.012
-0.016
-0.019
-0.022
-0.024
-0.025
-0.026
-0.026
-0.025
-0.023
-0.02
-0.017
-0.013
-0.01
-0.007
-0.005
-0.003
0.0
0.002
0.005
0.009
0.012
0.014
0.014
0.013
0.011
0.008
0.006
0.004
0.001
-0.003
-0.007
-0.01
-0.01
-0.008
-0.003
0.002
0.007
0.01
0.013
0.017
0.022
0.026
0.028
0.029
0.029
0.028
0.027
0.025
0.023
0.019
0.014
0.009
0.005
0.001
-0.003
-0.007
-0.01
-0.013
-0.014
-0.014
-0.014
-0.014
-0.015
-0.017
-0.019
-0.02
-0.019
-0.015
-0.01
-0.006
-0.005
-0.003
-0.001
0.0
0.002
0.004
0.005
0.006
0.007
0.008
0.009
0.011
0.012
0.013
0.014
0.016
0.017
0.019
0.021
0.023
0.024
0.026
0.029
0.032
0.034
0.037
0.04
0.043
0.046
0.049
0.052
0.054
0.057
0.059
0.061
0.065
0.068
0.07
0.071
0.071
0.07
0.069
0.067
0.064
0.061
0.055
0.05
0.047
0.05
0.056
0.062
0.064
0.066
0.067
0.068
0.071
0.074
0.076
0.078
0.08
0.082
0.083
0.084
0.084
0.084
0.084
0.083
0.081
0.081
0.081
0.081
0.082
0.083
0.085
0.088
0.093
0.077
0.064
0.056
0.049
0.042
0.035
0.029
0.023
0.018
0.011
0.004
-0.003
-0.015
-0.028
-0.042
-0.059
-0.068
-0.065
-0.053
-0.02
0.05
0.158
0.295
0.438
0.568
0.664
0.69
0.699
0.674
0.599
0.523
0.453
0.394
0.334
0.268
0.192
0.128
0.073
0.035
0.011
0.0
-0.007
-0.013
-0.02
-0.026
-0.032
-0.038
-0.044
-0.053
-0.06
-0.063
-0.059
-0.05
-0.04
-0.025
-0.006
0.004
0.008
0.01
0.012
0.014
0.016
0.017
0.018
0.018
0.018
0.019
0.021
0.022
0.023
0.023
0.023
0.023
0.024
0.025
0.028
0.03
0.033
0.037
0.043
0.056
0.071
0.088
0.105
0.122
0.137
0.148
0.155
0.161
0.165
0.168
0.171
0.175
0.18
0.184
0.188
0.192
0.197
0.205
0.218
0.241
0.253
0.262
0.269
0.272
0.268
0.258
0.248
0.233
0.209
0.174
0.135
0.112
0.098
0.087
0.078
0.07
0.056
0.031
0.013
0.003
-0.004
-0.013
-0.023
-0.033
-0.04
-0.048
-0.056
-0.06
-0.061
-0.061
-0.061
-0.06
-0.061
-0.062
-0.064
-0.065
-0.065
-0.065
-0.065
-0.066
-0.066
-0.066
-0.066
-0.065
-0.065
-0.065
-0.066
-0.068
-0.069
-0.07
-0.072
-0.077
-0.071
-0.064
-0.058
-0.058
-0.065
-0.069
-0.072
-0.076
-0.079
-0.08
-0.079
-0.076
-0.073
-0.071
-0.069
-0.067
-0.065
-0.062
-0.059
-0.057
-0.056
-0.056
-0.055
-0.054
-0.052
-0.05
-0.05
-0.049
-0.048
-0.047
-0.046
-0.045
-0.045
-0.047
-0.049
-0.051
-0.053
-0.055
-0.057
-0.06
-0.063
-0.067
-0.069
-0.071
-0.073
-0.075
-0.077
-0.079
-0.082
-0.084
-0.087
-0.09
-0.093
-0.095
-0.097
-0.099
-0.1
-0.101
-0.102
-0.103
-0.104
-0.105
-0.106
-0.107
-0.109
-0.11
-0.11
-0.111
-0.112
-0.114
-0.117
-0.119
-0.12
-0.122
-0.125
-0.133
-0.142
-0.148
-0.152
-0.155
-0.157
-0.161
-0.165
-0.166
-0.164
-0.156
-0.146
-0.134
-0.118
-0.107
-0.102
-0.099
-0.095
-0.092
-0.09
-0.089
-0.09
-0.092
-0.095
-0.097
-0.101
-0.104
-0.109
-0.115
-0.122
-0.125
-0.121
-0.112
-0.103
-0.096
-0.089
-0.082
-0.077
-0.075
-0.075
-0.078
-0.085
-0.094
-0.11
-0.138
-0.15
-0.155
-0.159
-0.164
-0.167
-0.17
-0.173
-0.175
-0.176
-0.178
-0.179
-0.18
-0.18
-0.181
-0.182
-0.186
-0.193
-0.181
-0.145
-0.1
-0.039
0.042
0.143
0.252
0.361
0.455
0.506
0.523
0.51
0.467
0.382
0.276
0.168
0.07
0.003
-0.028
-0.052
-0.077
-0.101
-0.131
-0.149
-0.157
-0.163
-0.168
-0.171
-0.173
-0.174
-0.173
-0.17
-0.165
-0.16
-0.155
-0.151
-0.146
-0.141
-0.136
-0.132
-0.128
-0.127
-0.127
-0.127
-0.128
-0.13
-0.131
-0.134
-0.137
-0.14
-0.144
-0.147
-0.151
-0.156
-0.162
-0.165
-0.166
-0.163
-0.158
-0.152
-0.14
-0.113
-0.092
-0.081
-0.07
-0.057
-0.043
-0.033
-0.024
-0.016
-0.009
-0.004
-0.002
0.0
0.005
0.015
0.032
0.041
0.046
0.049
0.052
0.053
0.054
0.053
0.051
0.048
0.044
0.039
0.033
0.027
0.018
0.007
-0.007
-0.023
-0.035
-0.046
-0.055
-0.064
-0.071
-0.076
-0.08
-0.082
-0.082
-0.083
-0.084
-0.086
-0.087
-0.089
-0.09
-0.09
-0.092
-0.094
-0.096
-0.097
-0.098
-0.099
-0.1
-0.101
-0.101
-0.101
-0.101
-0.1
-0.099
-0.098
-0.097
-0.096
-0.095
-0.094
-0.092
-0.089
-0.087
-0.085
-0.084
-0.083
-0.082
-0.08
-0.078
-0.075
-0.073
-0.07
-0.067
-0.063
-0.058
-0.052
-0.047
-0.042
-0.038
-0.034
-0.031
-0.028
-0.026
-0.025
-0.024
-0.023
-0.022
-0.02
-0.018
-0.016
-0.014
-0.013
-0.011
-0.01
-0.01
-0.009
-0.009
-0.009
-0.009
-0.01
-0.011
-0.012
-0.013
-0.012
-0.011
-0.01
-0.009
-0.008
-0.006
-0.004
-0.001
0.001
0.003
0.005
0.007
0.01
0.014
0.018
0.023
0.027
0.031
0.035
0.039
0.045
0.051
0.056
0.062
0.067
0.073
0.083
0.094
0.102
0.109
0.114
0.118
0.124
0.129
0.134
0.137
0.136
0.132
0.126
0.12
0.113
0.104
0.096
0.095
0.101
0.108
0.112
0.116
0.12
0.124
0.127
0.128
0.128
0.128
0.127
0.125
0.124
0.122
0.119
0.114
0.11
0.107
0.106
0.106
0.105
0.104
0.104
0.105
0.107
0.109
0.111
0.113
0.113
0.113
0.115
0.117
0.119
0.121
0.123
0.126
0.13
0.132
0.132
0.127
0.118
0.106
0.095
0.078
0.069
0.073
0.083
0.112
0.17
0.248
0.341
0.447
0.547
0.61
0.63
0.614
0.565
0.469
0.374
0.293
0.23
0.193
0.157
0.12
0.097
0.086
0.077
0.067
0.057
0.047
0.037
0.026
0.016
0.012
0.016
0.024
0.033
0.04
0.045
0.05
0.055
0.058
0.059
0.057
0.053
0.047
0.042
0.038
0.035
0.031
0.028
0.024
0.02
0.018
0.015
0.013
0.011
0.009
0.008
0.007
0.008
0.009
0.011
0.012
0.014
0.017
0.021
0.025
0.03
0.035
0.039
0.044
0.055
0.069
0.082
0.095
0.109
0.126
0.139
0.149
0.161
0.172
0.184
0.197
0.205
0.212
0.219
0.223
0.225
0.223
0.217
0.208
0.198
0.184
0.161
0.141
0.125
0.114
0.105
0.097
0.09
0.082
0.072
0.059
0.045
0.031
0.017
0.002
-0.009
-0.018
-0.023
-0.028
-0.031
-0.034
-0.036
-0.037
-0.036
-0.035
-0.031
-0.027
-0.021
-0.015
-0.008
0.001
0.02
0.027
0.029
0.031
0.031
0.032
0.034
0.035
0.036
0.037
0.035
0.032
0.028
0.023
0.019
0.014
0.008
0.001
-0.006
-0.016
-0.025
-0.03
-0.034
-0.038
-0.042
-0.046
-0.05
-0.053
-0.055
-0.057
-0.058
-0.06
-0.06
-0.059
-0.058
-0.057
-0.057
-0.058
-0.059
-0.063
-0.065
-0.058
-0.047
-0.043
-0.04
-0.037
-0.033
-0.029
-0.026
-0.022
-0.019
-0.017
-0.016
-0.015
-0.014
-0.013
-0.013
-0.012
-0.011
-0.009
-0.006
-0.005
-0.005
-0.009
-0.016
-0.024
-0.035
-0.052
-0.071
-0.079
-0.083
-0.088
-0.092
-0.095
-0.098
-0.1
-0.101
-0.102
-0.104
-0.105
-0.106
-0.106
-0.105
-0.105
-0.106
-0.107
-0.107
-0.107
-0.106
-0.104
-0.102
-0.101
-0.099
-0.097
-0.093
-0.089
-0.085
-0.081
-0.077
-0.073
-0.066
-0.047
-0.03
-0.015
-0.007
0.0
0.005
0.011
0.015
0.018
0.019
0.016
0.011
0.004
-0.001
-0.008
-0.014
-0.023
-0.033
-0.04
-0.043
-0.045
-0.046
-0.047
-0.049
-0.052
-0.054
-0.056
-0.057
-0.058
-0.06
-0.062
-0.064
-0.066
-0.066
-0.067
-0.067
-0.069
-0.074
-0.078
-0.081
-0.077
-0.067
-0.056
-0.049
-0.043
-0.037
-0.031
-0.026
-0.021
-0.017
-0.015
-0.013
-0.009
-0.004
0.015
0.067
0.135
0.217
0.31
0.409
0.501
0.572
0.596
0.587
0.562
0.492
0.406
0.313
0.22
0.15
0.113
0.085
0.063
0.047
0.007
-0.042
-0.098
-0.119
-0.125
-0.127
-0.13
-0.132
-0.134
-0.135
-0.135
-0.135
-0.135
-0.135
-0.134
-0.131
-0.126
-0.121
-0.116
-0.111
-0.106
-0.099
-0.087
