-0.329
-0.35
-0.383
-0.399
-0.409
-0.411
-0.408
-0.404
-0.404
-0.402
-0.398
-0.397
-0.402
-0.41
-0.424
-0.451
-0.493
-0.525
-0.558
-0.593
-0.625
-0.661
-0.702
-0.747
-0.791
-0.822
-0.842
-0.862
-0.879
-0.895
-0.907
-0.92
-0.932
-0.942
-0.951
-0.956
-0.961
-0.967
-0.97
-0.969
-0.963
-0.956
-0.948
-0.938
-0.925
-0.904
-0.883
-0.86
-0.83
-0.8
-0.777
-0.745
-0.71
-0.681
-0.647
-0.606
-0.569
-0.536
-0.502
-0.465
-0.424
-0.349
-0.276
-0.205
-0.128
-0.078
-0.024
0.014
0.038
0.057
0.058
0.028
-0.018
-0.074
-0.126
-0.178
-0.234
-0.294
-0.357
-0.414
-0.465
-0.51
-0.537
-0.556
-0.582
-0.624
-0.674
-0.71
-0.734
-0.754
-0.77
-0.784
-0.8
-0.816
-0.84
-0.869
-0.895
-0.925
-0.96
-0.986
-1.006
-1.008
-0.981
-0.908
-0.788
-0.636
-0.478
-0.338
-0.266
-0.242
-0.286
-0.423
-0.654
-0.929
-1.197
-1.421
-1.555
-1.597
-1.57
-1.487
-1.341
-1.194
-1.078
-0.996
-0.967
-0.951
-0.941
-0.926
-0.909
-0.884
-0.849
-0.805
-0.766
-0.738
-0.714
-0.693
-0.678
-0.662
-0.643
-0.62
-0.594
-0.572
-0.541
-0.496
-0.457
-0.432
-0.407
-0.386
-0.367
-0.355
-0.343
-0.33
-0.314
-0.296
-0.279
-0.257
-0.234
-0.211
-0.191
-0.172
-0.161
-0.158
-0.157
-0.156
-0.153
-0.147
-0.14
-0.13
-0.12
-0.109
-0.083
-0.029
0.0
0.011
0.015
0.021
0.025
0.029
0.031
0.035
0.041
0.045
0.052
0.072
0.103
0.149
0.201
0.25
0.297
0.326
0.341
0.353
0.365
0.377
0.389
0.395
0.381
0.351
0.322
0.294
0.271
0.246
0.214
0.172
0.134
0.113
0.102
0.093
0.083
0.074
0.062
0.046
0.032
0.019
0.008
-0.003
-0.016
-0.028
-0.035
-0.039
-0.044
-0.048
-0.049
-0.047
-0.047
-0.048
-0.046
-0.04
-0.037
-0.037
-0.037
-0.036
-0.036
-0.036
-0.037
-0.039
-0.039
-0.035
-0.031
-0.027
-0.022
-0.018
-0.014
-0.009
0.001
0.013
0.021
0.027
0.034
0.04
0.046
0.052
0.058
0.063
0.067
0.072
0.076
0.077
0.076
0.077
0.084
0.096
0.114
0.141
0.163
0.18
0.192
0.202
0.208
0.211
0.213
0.214
0.21
0.198
0.182
0.164
0.147
0.132
0.12
0.112
0.108
0.106
0.107
0.108
0.108
0.108
0.107
0.104
0.101
0.099
0.1
0.101
0.103
0.104
0.106
0.105
0.103
0.1
0.102
0.107
0.113
0.121
0.132
0.143
0.152
0.158
0.162
0.167
0.174
0.183
0.19
0.196
0.199
0.202
0.201
0.197
0.194
0.194
0.197
0.197
0.195
0.189
0.182
0.174
0.167
0.162
0.161
0.164
0.171
0.177
0.178
0.177
0.175
0.174
0.175
0.176
0.177
0.178
0.178
0.176
0.172
0.166
0.158
0.143
0.128
0.114
0.102
0.091
0.081
0.074
0.069
0.066
0.065
0.063
0.06
0.06
0.06
0.058
0.054
0.05
0.047
0.046
0.047
0.049
0.05
0.05
0.051
0.052
0.053
0.055
0.062
0.074
0.087
0.099
0.116
0.145
0.166
0.174
0.178
0.178
0.176
0.176
0.178
0.18
0.181
0.181
0.18
0.173
0.161
0.148
0.134
0.121
0.112
0.107
0.103
0.099
0.096
0.093
0.088
0.083
0.081
0.08
0.079
0.08
0.083
0.085
0.085
0.08
0.072
0.062
0.051
0.039
0.023
0.004
-0.009
-0.009
0.003
0.032
0.119
0.266
0.457
0.688
0.942
1.181
1.353
1.38
1.34
1.122
0.812
0.473
0.175
-0.043
-0.128
-0.157
-0.119
-0.052
0.004
0.024
0.038
0.054
0.066
0.073
0.075
0.071
0.064
0.055
0.048
0.043
0.039
0.035
0.03
0.018
0.005
-0.003
-0.004
-0.001
0.008
0.023
0.039
0.051
0.059
0.064
0.066
0.069
0.071
0.07
0.068
0.065
0.063
0.061
0.06
0.059
0.057
0.054
0.051
0.051
0.051
0.053
0.057
0.062
0.064
0.065
0.067
0.07
0.074
0.077
0.083
0.089
0.093
0.098
0.103
0.105
0.107
0.111
0.117
0.124
0.129
0.133
0.137
0.141
0.145
0.149
0.152
0.155
0.16
0.166
0.172
0.175
0.174
0.172
0.169
0.162
0.149
0.131
0.112
0.094
0.08
0.065
0.05
0.033
0.016
0.005
-0.002
-0.012
-0.024
-0.038
-0.054
-0.071
-0.087
-0.1
-0.111
-0.119
-0.123
-0.124
-0.127
-0.133
-0.14
-0.145
-0.146
-0.143
-0.138
-0.132
-0.125
-0.119
-0.114
-0.112
-0.112
-0.112
-0.109
-0.103
-0.098
-0.094
-0.107
-0.105
-0.102
-0.1
-0.098
-0.096
-0.093
-0.091
-0.088
-0.087
-0.086
-0.084
-0.083
-0.081
-0.08
-0.078
-0.077
-0.077
-0.077
-0.077
-0.075
-0.074
-0.072
-0.07
-0.068
-0.067
-0.065
-0.064
-0.063
-0.063
-0.063
-0.064
-0.065
-0.066
-0.066
-0.065
-0.064
-0.064
-0.063
-0.063
-0.063
-0.061
-0.06
-0.058
-0.057
-0.057
-0.057
-0.057
-0.057
-0.056
-0.055
-0.054
-0.054
-0.053
-0.052
-0.05
-0.047
-0.045
-0.043
-0.042
-0.041
-0.04
-0.039
-0.037
-0.037
-0.038
-0.04
-0.042
-0.043
-0.045
-0.046
-0.048
-0.05
-0.054
-0.056
-0.058
-0.059
-0.06
-0.061
-0.063
-0.066
-0.068
-0.069
-0.069
-0.069
-0.069
-0.069
-0.07
-0.069
-0.069
-0.068
-0.068
-0.067
-0.067
-0.067
-0.068
-0.068
-0.067
-0.066
-0.065
-0.064
-0.063
-0.062
-0.061
-0.061
-0.06
-0.06
-0.06
-0.06
-0.061
-0.061
-0.061
-0.06
-0.058
-0.056
-0.053
-0.049
-0.044
-0.038
-0.033
-0.027
-0.022
-0.018
-0.013
-0.009
-0.005
0.0
0.004
0.008
0.013
0.019
0.025
0.032
0.04
0.047
0.054
0.061
0.065
0.068
0.069
0.07
0.069
0.068
0.066
0.062
0.058
0.054
0.051
0.048
0.046
0.042
0.038
0.033
0.028
0.023
0.019
0.013
0.006
-0.002
-0.01
-0.017
-0.023
-0.028
-0.032
-0.037
-0.042
-0.048
-0.054
-0.062
-0.074
-0.097
-0.111
-0.103
-0.076
0.003
0.136
0.323
0.555
0.804
1.032
1.18
1.198
1.133
0.904
0.592
0.274
0.011
-0.173
-0.215
-0.221
-0.225
-0.175
-0.142
-0.125
-0.111
-0.1
-0.09
-0.082
-0.074
-0.068
-0.06
-0.053
-0.049
-0.046
-0.045
-0.044
-0.042
-0.04
-0.038
-0.034
-0.03
-0.026
-0.021
-0.016
-0.012
-0.008
-0.005
-0.003
-0.001
0.0
0.003
0.005
0.008
0.011
0.014
0.017
0.022
0.026
0.03
0.034
0.037
0.041
0.044
0.047
0.05
0.054
0.058
0.062
0.067
0.073
0.08
0.087
0.095
0.104
0.113
0.122
0.133
0.146
0.16
0.175
0.188
0.198
0.206
0.212
0.218
0.224
0.23
0.235
0.24
0.246
0.252
0.259
0.263
0.265
0.262
0.255
0.245
0.233
0.219
0.203
0.176
0.151
0.128
0.108
0.089
0.072
0.056
0.041
0.024
0.006
-0.012
-0.033
-0.051
-0.07
-0.084
-0.093
-0.1
-0.103
-0.106
-0.109
-0.113
-0.116
-0.118
-0.119
-0.12
-0.12
-0.121
-0.12
-0.119
-0.117
-0.115
-0.112
-0.109
-0.107
-0.104
-0.1
-0.095
-0.089
-0.084
-0.078
-0.073
-0.068
-0.062
-0.057
-0.051
-0.048
-0.045
-0.042
-0.039
-0.036
-0.033
-0.03
-0.027
-0.024
-0.021
-0.018
-0.015
-0.012
-0.01
-0.008
-0.006
-0.005
-0.004
-0.003
-0.001
0.001
0.003
0.005
0.008
0.01
0.013
0.016
0.018
0.021
0.023
0.025
0.027
0.03
0.032
0.033
0.033
0.031
0.029
0.025
0.019
0.013
0.007
0.0
-0.007
-0.014
-0.019
-0.024
-0.028
-0.033
-0.039
-0.047
-0.056
-0.065
-0.075
-0.084
-0.093
-0.102
-0.109
-0.115
-0.12
-0.124
-0.128
-0.13
-0.133
-0.137
-0.142
-0.148
-0.155
-0.162
-0.168
-0.172
-0.174
-0.176
-0.178
-0.179
-0.179
-0.179
-0.179
-0.18
-0.181
-0.182
-0.182
-0.18
-0.175
-0.169
-0.163
-0.16
-0.157
-0.153
-0.15
-0.147
-0.144
-0.141
-0.138
-0.134
-0.13
-0.127
-0.124
-0.121
-0.119
-0.115
-0.112
-0.108
-0.105
-0.102
-0.1
-0.097
-0.094
-0.091
-0.088
-0.086
-0.084
-0.081
-0.078
-0.074
-0.07
-0.068
-0.065
-0.063
-0.061
-0.058
-0.054
-0.05
-0.046
-0.042
-0.037
-0.03
-0.02
-0.008
0.004
0.016
0.027
0.039
0.052
0.064
0.075
0.084
0.093
0.101
0.109
0.116
0.121
0.125
0.127
0.128
0.13
0.133
0.134
0.134
0.134
0.136
0.137
0.139
0.14
0.134
0.121
0.105
0.091
0.083
0.076
0.069
0.061
0.052
0.044
0.037
0.03
0.025
0.021
0.018
0.014
0.011
0.008
0.005
0.0
-0.01
-0.018
-0.017
0.0
0.032
0.128
0.281
0.482
0.72
0.97
1.194
1.33
1.342
1.265
1.033
0.728
0.419
0.155
-0.042
-0.144
-0.18
-0.179
-0.14
-0.083
-0.02
0.005
0.017
0.026
0.032
0.036
0.038
0.04
0.04
0.038
0.034
0.028
0.022
0.014
0.007
0.002
-0.003
-0.008
-0.012
-0.017
-0.021
-0.024
-0.027
-0.029
-0.031
-0.032
-0.031
-0.03
-0.027
-0.023
-0.017
-0.011
-0.005
0.001
0.008
0.015
0.021
0.027
0.033
0.039
0.045
0.05
0.057
0.063
0.069
0.075
0.081
0.086
0.09
0.093
0.097
0.102
0.106
0.11
0.114
0.117
0.121
0.125
0.129
0.134
0.139
0.143
0.147
0.151
0.154
0.156
0.157
0.157
0.155
0.152
0.149
0.145
0.141
0.137
0.13
0.123
0.112
0.101
0.09
0.08
0.068
0.051
0.027
0.0
-0.019
-0.033
-0.044
-0.054
-0.064
-0.073
-0.083
-0.093
-0.102
-0.112
-0.122
-0.133
-0.147
-0.164
-0.174
-0.182
-0.186
-0.19
-0.193
-0.196
-0.197
-0.198
-0.195
-0.19
-0.182
-0.173
-0.164
-0.154
-0.142
-0.129
-0.119
-0.113
-0.107
-0.102
-0.098
-0.093
-0.088
-0.084
-0.08
-0.076
-0.071
-0.066
-0.06
-0.056
-0.052
-0.05
-0.048
-0.046
-0.045
-0.043
-0.041
-0.04
-0.038
-0.036
-0.034
-0.032
-0.031
-0.031
-0.031
-0.032
-0.032
-0.033
-0.034
-0.035
-0.037
-0.038
-0.038
-0.037
-0.037
-0.037
-0.038
-0.039
-0.04
-0.041
-0.042
-0.043
-0.043
-0.044
-0.044
-0.044
-0.043
-0.043
-0.043
-0.042
-0.042
-0.043
-0.043
-0.044
-0.044
-0.04
-0.035
-0.028
-0.022
-0.019
-0.015
-0.012
-0.009
-0.005
-0.002
0.0
0.001
0.002
0.003
0.004
0.005
0.004
0.004
0.003
0.001
0.001
0.001
0.001
0.001
0.0
0.001
0.002
0.003
0.004
0.004
0.005
0.006
0.006
0.006
0.007
0.008
0.01
0.012
0.019
0.027
0.03
0.025
0.015
0.005
0.0
-0.005
-0.01
-0.015
-0.02
-0.024
-0.027
-0.027
-0.025
-0.022
-0.019
-0.014
-0.009
-0.003
0.001
0.007
0.013
0.019
0.024
0.03
0.036
0.042
0.049
0.056
0.064
0.071
0.08
0.089
0.097
0.104
0.11
0.115
0.119
0.123
0.127
0.131
0.135
0.138
0.141
0.142
0.143
0.143
0.142
0.14
0.136
0.131
0.124
0.116
0.108
0.1
0.094
0.087
0.079
0.072
0.064
0.058
0.053
0.049
0.045
0.042
0.039
0.036
0.032
0.026
0.012
-0.006
-0.021
-0.033
-0.04
-0.04
-0.029
-0.005
0.065
0.2
0.393
0.63
0.886
1.123
1.288
1.311
1.266
1.064
0.773
0.449
0.161
-0.044
-0.16
-0.198
-0.186
-0.152
-0.075
-0.05
-0.038
-0.031
-0.041
-0.051
-0.059
-0.062
-0.056
-0.046
-0.04
-0.038
-0.036
-0.035
-0.036
-0.036
-0.035
-0.035
-0.033
-0.031
-0.029
-0.027
-0.025
-0.024
-0.022
-0.02
-0.017
-0.013
-0.01
-0.007
-0.005
-0.004
-0.002
0.0
0.002
0.005
0.009
0.013
0.018
0.022
0.026
0.03
0.033
0.035
0.037
0.039
0.042
0.046
0.052
0.066
0.079
0.093
0.1
0.107
0.113
0.118
0.123
0.127
0.131
0.135
0.139
0.143
0.147
0.151
0.154
0.157
0.161
0.166
0.17
0.175
0.178
0.181
0.184
0.185
0.184
0.183
0.181
0.177
0.172
0.165
0.159
0.15
0.132
0.094
0.07
0.055
0.038
0.02
0.003
-0.011
-0.025
-0.038
-0.048
-0.054
-0.059
-0.064
-0.068
-0.072
-0.076
-0.08
-0.082
-0.084
-0.085
-0.087
-0.088
-0.09
-0.091
-0.094
-0.098
-0.101
-0.103
-0.099
-0.092
-0.084
-0.08
-0.077
-0.075
-0.073
-0.071
-0.07
-0.069
-0.067
-0.064
-0.061
-0.058
-0.055
-0.052
-0.049
-0.046
-0.043
-0.04
-0.037
-0.035
-0.033
-0.03
-0.027
-0.023
-0.019
-0.015
-0.012
-0.009
-0.008
-0.008
-0.008
-0.008
-0.009
-0.011
-0.012
-0.014
-0.016
-0.017
-0.018
-0.019
-0.021
-0.022
-0.024
-0.025
-0.027
-0.029
-0.03
-0.032
-0.035
-0.036
-0.037
-0.037
-0.037
-0.037
-0.037
-0.037
-0.037
-0.038
-0.039
-0.04
-0.041
-0.042
-0.044
-0.045
-0.047
-0.048
-0.048
-0.049
-0.049
-0.049
-0.049
-0.049
-0.048
-0.049
-0.049
-0.05
-0.05
-0.051
-0.052
-0.056
-0.059
-0.062
-0.062
-0.057
-0.05
-0.042
-0.037
-0.031
-0.024
-0.018
-0.013
-0.012
-0.014
-0.017
-0.02
-0.023
-0.025
-0.028
-0.032
-0.036
-0.039
-0.039
-0.036
-0.029
-0.022
-0.014
-0.007
0.001
0.01
0.019
0.026
0.031
0.036
0.039
0.042
0.046
0.05
0.054
0.057
0.059
0.06
0.061
0.062
0.062
0.062
0.061
0.06
0.059
0.058
0.056
0.054
0.051
0.047
0.042
0.034
0.015
-0.006
-0.026
-0.042
-0.059
-0.077
-0.088
-0.096
-0.102
-0.108
-0.113
-0.118
-0.122
-0.126
-0.13
-0.133
-0.137
-0.143
-0.15
-0.163
-0.169
-0.164
-0.151
-0.119
-0.029
0.105
0.28
0.492
0.726
0.956
1.139
1.224
1.172
0.979
0.687
0.364
0.073
-0.145
-0.255
-0.291
-0.28
-0.249
-0.192
-0.154
-0.12
-0.097
-0.084
-0.08
-0.079
-0.077
-0.076
-0.075
-0.074
-0.074
-0.073
-0.073
-0.072
-0.071
-0.07
-0.069
-0.068
-0.068
-0.068
-0.068
-0.068
-0.067
-0.066
-0.065
-0.063
-0.061
-0.058
-0.055
-0.052
-0.048
-0.045
-0.041
-0.038
-0.034
-0.03
-0.026
-0.022
-0.018
-0.015
-0.011
-0.007
-0.003
0.0
0.006
0.012
0.017
0.023
0.029
0.035
0.04
0.046
0.052
0.059
0.067
0.08
0.093
0.106
0.118
0.133
0.15
0.157
0.16
0.162
0.164
0.165
0.166
0.166
0.167
0.167
0.167
0.168
0.167
0.166
0.162
0.159
0.154
0.15
0.145
0.138
0.13
0.113
0.096
0.079
0.058
0.035
0.018
0.005
-0.003
-0.012
-0.022
-0.033
-0.045
-0.059
-0.071
-0.083
-0.087
-0.09
-0.093
-0.096
-0.098
-0.099
-0.1
-0.1
-0.1
-0.101
-0.102
-0.104
-0.105
-0.105
-0.105
-0.105
-0.105
-0.104
-0.104
-0.104
-0.104
-0.104
-0.104
-0.105
-0.108
-0.111
-0.111
-0.105
-0.097
-0.093
-0.09
-0.086
-0.083
-0.079
-0.075
-0.072
-0.071
-0.071
-0.071
-0.071
-0.071
