0.179
0.179
0.178
0.176
0.175
0.174
0.173
0.174
0.174
0.175
0.175
0.175
0.176
0.176
0.177
0.177
0.177
0.177
0.175
0.173
0.171
0.169
0.167
0.165
0.163
0.162
0.161
0.161
0.161
0.16
0.16
0.159
0.158
0.157
0.157
0.156
0.156
0.156
0.156
0.156
0.157
0.158
0.16
0.162
0.164
0.166
0.169
0.171
0.174
0.176
0.179
0.182
0.185
0.188
0.191
0.196
0.202
0.208
0.214
0.217
0.218
0.217
0.214
0.209
0.202
0.195
0.183
0.161
0.148
0.135
0.121
0.103
0.088
0.074
0.063
0.053
0.038
0.014
-0.006
-0.022
-0.04
-0.057
-0.075
-0.096
-0.106
-0.112
-0.116
-0.12
-0.124
-0.128
-0.132
-0.135
-0.138
-0.14
-0.143
-0.147
-0.152
-0.167
-0.187
-0.196
-0.203
-0.201
-0.182
-0.131
-0.05
0.065
0.217
0.394
0.588
0.779
0.942
1.054
1.07
1.04
0.876
0.614
0.299
-0.029
-0.32
-0.529
-0.628
-0.659
-0.669
-0.653
-0.602
-0.537
-0.477
-0.427
-0.402
-0.387
-0.379
-0.372
-0.362
-0.351
-0.342
-0.333
-0.325
-0.319
-0.313
-0.309
-0.306
-0.304
-0.302
-0.301
-0.299
-0.297
-0.295
-0.293
-0.29
-0.288
-0.285
-0.282
-0.278
-0.275
-0.271
-0.266
-0.257
-0.248
-0.241
-0.234
-0.228
-0.224
-0.22
-0.216
-0.213
-0.209
-0.205
-0.202
-0.199
-0.194
-0.188
-0.178
-0.161
-0.146
-0.135
-0.126
-0.117
-0.107
-0.097
-0.089
-0.081
-0.074
-0.07
-0.067
-0.064
-0.062
-0.06
-0.059
-0.058
-0.056
-0.055
-0.053
-0.053
-0.054
-0.055
-0.057
-0.059
-0.062
-0.065
-0.069
-0.073
-0.077
-0.081
-0.083
-0.086
-0.088
-0.09
-0.092
-0.094
-0.095
-0.096
-0.096
-0.097
-0.098
-0.099
-0.099
-0.099
-0.099
-0.099
-0.099
-0.1
-0.1
-0.1
-0.098
-0.096
-0.094
-0.091
-0.089
-0.086
-0.083
-0.081
-0.078
-0.076
-0.075
-0.074
-0.073
-0.071
-0.07
-0.068
-0.065
-0.062
-0.059
-0.055
-0.052
-0.049
-0.045
-0.043
-0.04
-0.038
-0.036
-0.035
-0.033
-0.032
-0.03
-0.029
-0.027
-0.026
-0.024
-0.023
-0.021
-0.02
-0.018
-0.017
-0.015
-0.014
-0.013
-0.012
-0.011
-0.01
-0.01
-0.01
-0.01
-0.01
-0.011
-0.011
-0.011
-0.01
-0.01
-0.01
-0.009
-0.009
-0.008
-0.008
-0.008
-0.009
-0.01
-0.011
-0.011
-0.011
-0.011
-0.011
-0.01
-0.01
-0.009
-0.008
-0.007
-0.007
-0.007
-0.008
-0.008
-0.007
-0.006
-0.006
-0.005
-0.004
-0.003
-0.002
0.0
0.0
0.002
0.003
0.004
0.006
0.01
0.015
0.021
0.027
0.033
0.04
0.047
0.055
0.062
0.069
0.073
0.078
0.082
0.087
0.091
0.095
0.097
0.099
0.099
0.098
0.097
0.094
0.09
0.085
0.079
0.073
0.067
0.06
0.052
0.044
0.035
0.027
0.019
0.011
0.001
-0.011
-0.024
-0.038
-0.05
-0.058
-0.064
-0.07
-0.075
-0.08
-0.083
-0.084
-0.083
-0.082
-0.079
-0.075
-0.069
-0.06
-0.026
0.026
0.105
0.212
0.343
0.5
0.67
0.843
1.014
1.152
1.228
1.224
1.127
0.917
0.611
0.274
-0.03
-0.234
-0.33
-0.365
-0.366
-0.35
-0.332
-0.312
-0.293
-0.266
-0.232
-0.213
-0.205
-0.199
-0.194
-0.189
-0.183
-0.177
-0.172
-0.166
-0.161
-0.155
-0.15
-0.145
-0.141
-0.136
-0.132
-0.127
-0.123
-0.118
-0.114
-0.111
-0.107
-0.104
-0.102
-0.099
-0.096
-0.094
-0.091
-0.088
-0.086
-0.083
-0.081
-0.078
-0.077
-0.074
-0.072
-0.07
-0.067
-0.064
-0.06
-0.056
-0.05
-0.044
-0.037
-0.031
-0.024
-0.017
-0.01
-0.003
0.005
0.015
0.024
0.03
0.033
0.036
0.038
0.04
0.041
0.042
0.043
0.044
0.045
0.044
0.041
0.036
0.031
0.025
0.021
0.018
0.015
0.012
0.009
0.006
0.004
0.002
0.0
-0.001
-0.003
-0.005
-0.007
-0.008
-0.009
-0.01
-0.011
-0.013
-0.014
-0.015
-0.017
-0.018
-0.02
-0.022
-0.024
-0.027
-0.03
-0.034
-0.038
-0.039
-0.037
-0.031
-0.025
-0.019
-0.015
-0.012
-0.009
-0.005
-0.001
0.002
0.006
0.009
0.012
0.014
0.015
0.016
0.017
0.018
0.018
0.019
0.021
0.025
0.027
0.029
0.028
0.026
0.022
0.02
0.018
0.015
0.011
0.008
0.007
0.008
0.01
0.014
0.016
0.018
0.019
0.02
0.021
0.023
0.024
0.025
0.025
0.025
0.025
0.024
0.024
0.024
0.023
0.022
0.022
0.021
0.021
0.02
0.02
0.02
0.019
0.018
0.018
0.017
0.017
0.016
0.016
0.016
0.016
0.015
0.015
0.015
0.014
0.014
0.012
0.011
0.009
0.008
0.007
0.006
0.005
0.003
0.0
-0.002
-0.005
-0.006
-0.004
0.0
0.007
0.014
0.022
0.035
0.042
0.041
0.04
0.039
0.039
0.039
0.039
0.036
0.033
0.032
0.031
0.029
0.028
0.026
0.025
0.023
0.022
0.021
0.022
0.022
0.023
0.024
0.026
0.028
0.03
0.033
0.035
0.038
0.041
0.043
0.047
0.052
0.059
0.065
0.07
0.075
0.08
0.086
0.094
0.107
0.113
0.115
0.117
0.118
0.12
0.122
0.123
0.122
0.119
0.114
0.109
0.106
0.103
0.099
0.094
0.088
0.083
0.078
0.073
0.066
0.055
0.038
0.023
0.004
-0.016
-0.026
-0.033
-0.038
-0.042
-0.044
-0.044
-0.044
-0.044
-0.043
-0.042
-0.042
-0.041
-0.039
-0.036
-0.029
-0.01
0.034
0.094
0.18
0.295
0.44
0.607
0.786
0.96
1.116
1.225
1.273
1.221
1.06
0.795
0.473
0.16
-0.092
-0.27
-0.327
-0.347
-0.347
-0.33
-0.312
-0.292
-0.271
-0.243
-0.209
-0.183
-0.165
-0.152
-0.147
-0.143
-0.14
-0.138
-0.137
-0.136
-0.134
-0.133
-0.132
-0.13
-0.128
-0.127
-0.126
-0.124
-0.122
-0.12
-0.117
-0.115
-0.112
-0.108
-0.103
-0.097
-0.091
-0.085
-0.079
-0.074
-0.069
-0.064
-0.06
-0.056
-0.052
-0.049
-0.046
-0.043
-0.039
-0.036
-0.033
-0.029
-0.025
-0.02
-0.014
-0.006
0.002
0.012
0.019
0.025
0.031
0.036
0.04
0.042
0.044
0.045
0.045
0.046
0.047
0.048
0.05
0.051
0.052
0.052
0.051
0.051
0.05
0.049
0.047
0.044
0.04
0.036
0.031
0.027
0.023
0.019
0.014
0.009
0.004
0.0
-0.002
-0.004
-0.007
-0.009
-0.011
-0.013
-0.016
-0.02
-0.023
-0.025
-0.024
-0.02
-0.015
-0.01
-0.008
-0.005
-0.003
-0.001
0.0
0.001
0.002
0.002
0.001
0.0
-0.002
-0.005
-0.007
-0.009
-0.012
-0.015
-0.018
-0.02
-0.02
-0.018
-0.015
-0.011
-0.008
-0.006
-0.004
-0.002
0.0
0.001
0.002
0.004
0.005
0.005
0.006
0.006
0.006
0.006
0.005
0.005
0.006
0.006
0.007
0.007
0.007
0.006
0.006
0.005
0.005
0.005
0.004
0.003
0.002
0.002
0.001
0.001
0.002
0.002
0.001
0.001
0.001
0.001
0.001
0.0
0.0
0.0
0.0
0.0
0.001
0.001
0.001
0.001
0.001
0.002
0.002
0.002
0.001
0.0
0.0
-0.001
-0.002
-0.002
-0.002
-0.002
-0.003
-0.003
-0.003
-0.003
-0.004
-0.005
-0.006
-0.008
-0.01
-0.011
-0.012
-0.012
-0.012
-0.011
-0.008
-0.005
-0.001
0.003
0.007
0.012
0.018
0.024
0.031
0.037
0.043
0.05
0.06
0.075
0.084
0.088
0.091
0.094
0.096
0.097
0.098
0.098
0.097
0.095
0.092
0.088
0.084
0.079
0.072
0.063
0.056
0.049
0.035
0.012
-0.003
-0.011
-0.016
-0.022
-0.028
-0.034
-0.038
-0.043
-0.046
-0.05
-0.053
-0.057
-0.061
-0.065
-0.07
-0.076
-0.084
-0.097
-0.103
-0.099
-0.086
-0.051
0.01
0.097
0.223
0.379
0.562
0.757
0.945
1.109
1.22
1.263
1.215
1.043
0.771
0.436
0.116
-0.178
-0.389
-0.489
-0.512
-0.506
-0.452
-0.384
-0.326
-0.287
-0.239
-0.213
-0.196
-0.184
-0.176
-0.17
-0.165
-0.162
-0.159
-0.157
-0.154
-0.15
-0.146
-0.141
-0.136
-0.13
-0.122
-0.115
-0.109
-0.104
-0.099
-0.096
-0.093
-0.09
-0.088
-0.086
-0.084
-0.082
-0.08
-0.078
-0.076
-0.074
-0.072
-0.069
-0.065
-0.06
-0.055
-0.048
-0.041
-0.033
-0.025
-0.015
-0.007
-0.001
0.003
0.007
0.011
0.014
0.018
0.023
0.029
0.035
0.042
0.051
0.065
0.073
0.078
0.081
0.085
0.088
0.09
0.089
0.085
0.078
0.071
0.066
0.06
0.055
0.051
0.046
0.042
0.039
0.036
0.033
0.03
0.026
0.018
0.01
0.001
-0.003
-0.006
-0.009
-0.011
-0.013
-0.014
-0.016
-0.017
-0.018
-0.019
-0.021
-0.021
-0.022
-0.022
-0.023
-0.024
-0.024
-0.025
-0.025
-0.026
-0.026
-0.027
-0.029
-0.03
-0.031
-0.03
-0.028
-0.024
-0.02
-0.016
-0.013
-0.01
-0.006
-0.003
0.0
0.002
0.004
0.007
0.009
0.011
0.013
0.014
0.015
0.017
0.018
0.02
0.02
0.02
0.02
0.019
0.018
0.017
0.016
0.014
0.012
0.01
0.008
0.006
0.004
0.003
0.002
0.001
0.001
0.001
0.002
0.004
0.005
0.008
0.01
0.012
0.015
0.019
0.023
0.025
0.023
0.018
0.011
0.0
-0.019
-0.031
-0.039
-0.039
-0.031
-0.019
-0.004
0.001
0.003
0.005
0.006
0.008
0.008
0.009
0.009
0.009
0.01
0.01
0.01
0.01
0.01
0.01
0.011
0.011
0.012
0.012
0.012
0.013
0.015
0.017
0.019
0.021
0.023
0.029
0.043
0.053
0.063
0.073
0.084
0.093
0.102
0.109
0.116
0.122
0.127
0.13
0.13
0.127
0.122
0.118
0.114
0.109
0.101
0.092
0.082
0.07
0.062
0.056
0.049
0.04
0.026
0.006
-0.011
-0.022
-0.029
-0.035
-0.04
-0.044
-0.049
-0.052
-0.052
-0.05
-0.047
-0.043
-0.039
-0.039
-0.046
-0.053
-0.06
-0.06
-0.053
-0.035
0.008
0.082
0.191
0.334
0.495
0.671
0.85
1.018
1.161
1.219
1.214
1.13
0.918
0.652
0.344
0.058
-0.179
-0.325
-0.365
-0.378
-0.367
-0.334
-0.304
-0.284
-0.263
-0.246
-0.222
-0.195
-0.176
-0.163
-0.155
-0.15
-0.147
-0.144
-0.143
-0.141
-0.138
-0.134
-0.129
-0.121
-0.116
-0.112
-0.109
-0.106
-0.103
-0.1
-0.096
-0.093
-0.088
-0.083
-0.078
-0.073
-0.068
-0.064
-0.061
-0.059
-0.057
-0.055
-0.053
-0.052
-0.05
-0.049
-0.047
-0.045
-0.044
-0.042
-0.041
-0.039
-0.036
-0.031
-0.021
-0.006
0.005
0.015
0.022
0.026
0.03
0.036
0.043
0.05
0.053
0.056
0.059
0.061
0.062
0.06
0.055
0.049
0.044
0.04
0.036
0.033
0.029
0.025
0.022
0.02
0.019
0.018
0.017
0.015
0.014
0.013
0.011
0.01
0.008
0.006
0.002
0.0
-0.004
-0.008
-0.012
-0.016
-0.021
-0.026
-0.03
-0.031
-0.03
-0.028
-0.025
-0.022
-0.019
-0.013
-0.009
-0.008
-0.012
-0.018
-0.021
-0.023
-0.024
-0.025
-0.026
-0.027
-0.027
-0.025
-0.022
-0.017
-0.013
-0.009
-0.007
-0.005
-0.002
0.0
0.001
0.003
0.004
0.005
0.006
0.006
0.007
0.007
0.006
0.006
0.005
0.004
0.004
0.004
0.003
0.003
0.002
0.001
0.002
0.002
0.003
0.004
0.005
0.006
0.007
0.008
0.009
0.01
0.01
0.011
0.011
0.012
0.013
0.013
0.014
0.014
0.014
0.015
0.015
0.016
0.016
0.016
0.016
0.016
0.016
0.016
0.016
0.016
0.016
0.016
0.016
0.016
0.016
0.016
0.015
0.015
0.014
0.013
0.013
0.013
0.012
0.011
0.011
0.01
0.01
0.01
0.009
0.009
0.009
0.008
0.007
0.006
0.006
0.006
0.006
0.006
0.006
0.006
0.007
0.008
0.008
0.008
0.008
0.007
0.008
0.008
0.009
0.01
0.011
0.011
0.012
0.013
0.014
0.015
0.015
0.015
0.014
0.014
0.016
0.017
0.019
0.02
0.019
0.018
0.016
0.014
0.013
0.012
0.01
0.008
0.006
0.005
0.004
0.004
0.006
0.009
0.013
0.017
0.023
0.028
0.036
0.044
0.051
0.057
0.062
0.067
0.071
0.076
0.08
0.085
0.089
0.092
0.095
0.098
0.101
0.102
0.1
0.095
0.089
0.082
0.076
0.069
0.062
0.056
0.052
0.049
0.045
0.042
0.038
0.033
0.027
0.019
0.005
-0.016
-0.031
-0.04
-0.047
-0.053
-0.058
-0.061
-0.064
-0.067
-0.07
-0.071
-0.071
-0.07
-0.067
-0.062
-0.055
-0.03
0.035
0.127
0.249
0.399
0.563
0.741
0.912
1.079
1.203
1.257
1.22
1.091
0.862
0.565
0.237
-0.04
-0.25
-0.371
-0.4
-0.4
-0.373
-0.333
-0.309
-0.285
-0.259
-0.23
-0.202
-0.187
-0.179
-0.175
-0.17
-0.166
-0.162
-0.159
-0.155
-0.151
-0.147
-0.141
-0.136
-0.131
-0.125
-0.12
-0.116
-0.113
-0.112
-0.11
-0.109
-0.108
-0.107
-0.105
-0.104
-0.102
-0.1
-0.098
-0.097
-0.095
-0.094
-0.093
-0.092
-0.09
-0.089
-0.086
-0.081
-0.071
-0.062
-0.054
-0.048
-0.042
-0.038
-0.032
-0.026
-0.02
-0.014
-0.006
0.003
0.014
0.025
0.035
0.044
0.051
0.054
0.057
0.06
0.063
0.065
0.065
0.058
0.05
0.046
0.042
0.038
0.035
0.032
0.029
0.026
0.023
0.021
0.02
0.018
0.016
0.014
0.011
0.008
0.005
0.002
0.0
-0.003
-0.007
-0.01
-0.014
-0.017
-0.02
-0.023
-0.028
-0.032
-0.035
-0.036
-0.034
-0.028
-0.022
-0.017
-0.014
-0.012
-0.009
-0.006
-0.004
-0.002
0.0
0.001
0.003
0.005
0.006
0.007
0.008
0.007
0.006
0.006
0.004
0.003
0.002
0.001
0.001
0.0
0.0
0.0
0.0
-0.001
0.0
0.0
0.0
-0.001
-0.002
0.002
0.011
0.017
0.02
0.024
0.026
0.028
0.03
0.03
0.03
0.029
0.027
0.024
0.022
0.02
0.019
0.017
0.015
0.013
0.011
0.009
0.007
0.006
0.004
0.002
0.001
0.0
0.0
-0.001
-0.002
-0.002
-0.003
-0.004
-0.005
-0.005
-0.005
-0.006
-0.007
-0.007
-0.008
-0.008
-0.008
-0.008
-0.009
-0.01
-0.011
-0.011
-0.011
-0.011
-0.011
-0.01
-0.009
-0.007
-0.006
-0.004
-0.002
-0.001
0.0
0.0
0.0
0.001
0.002
0.002
0.002
0.003
0.005
0.008
0.011
0.013
0.016
0.019
0.022
0.024
0.027
0.029
0.031
0.033
0.036
0.039
0.043
0.047
0.051
0.056
0.06
0.064
0.066
0.068
0.07
0.071
0.073
0.075
0.077
0.081
0.085
0.086
0.084
0.078
0.071
0.065
0.057
0.05
0.041
0.031
0.022
0.013
0.003
-0.004
-0.012
-0.02
-0.03
-0.04
-0.05
-0.055
-0.06
-0.064
-0.068
-0.071
-0.073
-0.074
-0.074
-0.074
-0.074
-0.074
-0.073
-0.071
-0.069
-0.067
-0.062
-0.046
0.0
0.075
0.184
0.327
0.498
0.688
0.879
1.053
1.185
1.233
1.217
1.085
0.837
0.5
0.134
-0.166
-0.372
-0.458
-0.468
-0.434
-0.381
-0.33
-0.304
-0.288
-0.278
-0.268
-0.26
-0.245
-0.225
-0.204
-0.18
-0.159
-0.143
-0.135
-0.131
-0.128
-0.127
-0.126
-0.125
-0.125
-0.124
-0.123
-0.121
-0.12
-0.118
-0.117
-0.116
-0.114
-0.113
-0.11
-0.107
-0.103
-0.099
-0.093
-0.085
-0.079
-0.072
-0.066
-0.061
-0.055
-0.05
-0.045
-0.04
-0.034
-0.029
-0.022
-0.014
-0.007
-0.002
0.001
0.005
0.01
0.015
0.023
0.033
0.04
0.047
0.053
0.059
0.063
0.066
0.069
0.071
0.074
0.078
0.081
0.083
0.082
0.08
0.075
0.07
0.065
0.06
0.052
0.044
0.035
0.027
0.022
0.019
0.016
0.013
0.011
0.008
0.006
0.003
0.0
-0.002
-0.004
-0.007
-0.01
-0.012
-0.014
-0.015
-0.017
-0.019
-0.021
-0.023
-0.025
-0.027
-0.028
-0.029
-0.03
-0.031
-0.031
-0.031
-0.03
-0.028
-0.026
-0.024
-0.022
-0.019
-0.016
-0.014
-0.012
-0.009
-0.007
-0.006
-0.004
-0.003
-0.001
0.001
0.003
0.006
0.008
0.01
0.012
0.013
0.015
0.016
0.017
0.017
0.016
0.016
0.015
0.015
0.015
0.015
0.016
0.016
0.017
0.018
0.019
0.02
0.02
0.02
0.02
0.019
0.017
0.016
0.014
0.012
0.011
0.009
0.008
0.007
0.006
0.006
0.004
0.003
0.002
0.001
0.0
0.0
0.0
0.0
0.0
0.0
0.001
0.002
0.004
0.005
0.006
0.007
0.008
0.008
0.008
0.009
0.009
0.009
0.011
0.012
0.013
0.014
0.014
0.014
0.013
0.012
0.011
0.009
0.008
0.007
0.006
0.004
0.003
0.003
0.003
0.005
0.007
0.011
0.014
0.018
0.022
0.027
0.032
0.038
0.042
0.047
0.053
0.064
0.086
0.099
0.105
0.11
0.113
0.115
0.115
0.113
0.11
0.106
0.102
0.097
0.092
0.087
0.081
0.076
0.069
0.06
0.047
0.033
0.02
0.01
0.0
-0.013
-0.02
-0.025
-0.03
-0.034
-0.037
-0.041
-0.044
-0.046
-0.048
-0.051
-0.054
-0.058
-0.065
-0.077
-0.081
-0.084
-0.087
-0.074
-0.033
0.028
0.123
0.25
0.403
0.574
0.748
0.914
1.069
1.183
1.237
1.201
1.06
0.817
0.515
0.195
-0.081
-0.276
-0.346
-0.372
-0.374
-0.361
-0.343
-0.318
-0.294
-0.267
-0.238
-0.209
-0.186
-0.169
-0.156
-0.15
-0.146
-0.144
-0.142
-0.14
-0.139
-0.137
-0.134
-0.132
-0.129
-0.128
-0.126
-0.124
-0.122
-0.12
-0.117
-0.114
-0.111
-0.108
-0.104
-0.1
-0.096
-0.093
-0.089
-0.085
-0.08
-0.076
-0.071
-0.066
-0.061
-0.057
-0.053
-0.048
-0.043
-0.038
-0.033
-0.028
-0.024
-0.019
-0.014
-0.01
-0.005
0.0
0.004
0.01
0.016
0.023
0.03
0.036
0.041
0.044
0.046
0.047
0.049
0.05
0.051
0.052
0.053
0.053
0.054
0.053
0.053
0.053
0.052
0.049
0.046
0.043
0.04
0.037
0.033
0.029
0.023
0.016
0.009
0.001
-0.005
-0.013
-0.02
-0.024
-0.026
-0.027
-0.027
-0.028
-0.03
-0.027
-0.014
-0.007
-0.001
0.004
0.009
0.011
0.012
0.011
0.008
0.005
0.002
-0.001
-0.004
-0.007
-0.01
-0.012
-0.014
-0.015
-0.016
-0.016
-0.016
-0.014
-0.012
-0.009
-0.006
-0.003
0.0
0.008
0.013
0.016
0.018
0.019
0.02
0.021
0.023
0.023
0.023
0.021
0.019
0.015
0.011
0.007
0.003
0.0
-0.003
-0.004
-0.001
0.004
0.01
0.017
0.025
0.031
0.032
0.033
0.034
0.036
0.036
0.03
0.02
0.017
0.016
0.015
0.014
0.013
0.012
0.011
0.01
0.009
0.008
0.007
0.007
0.006
0.005
0.005
0.005
0.004
0.004
0.004
0.004
0.005
0.005
0.005
0.005
0.004
0.004
0.003
0.002
0.002
0.001
0.001
0.0
0.0
0.0
0.0
0.0
0.001
0.002
0.002
0.002
0.003
0.003
0.003
0.003
0.004
0.004
0.004
0.004
0.004
0.005
0.006
0.007
0.008
0.009
0.01
0.01
0.012
0.013
0.014
0.015
0.018
0.026
0.036
0.046
0.057
0.067
0.075
0.082
0.087
0.092
0.096
0.099
0.099
0.096
0.093
0.089
0.086
0.083
0.081
0.079
0.077
0.074
0.072
0.069
0.067
0.064
0.06
0.056
0.046
0.028
0.012
-0.007
-0.024
-0.035
-0.044
-0.051
-0.055
-0.058
-0.061
-0.063
-0.065
-0.066
-0.068
-0.069
-0.069
-0.07
-0.072
-0.077
-0.075
-0.05
-0.005
0.062
0.155
0.276
0.425
0.589
0.757
0.917
1.068
1.172
1.215
1.165
0.998
0.727
0.395
0.066
-0.204
-0.379
-0.42
-0.419
-0.371
-0.334
-0.322
-0.312
-0.302
-0.288
-0.263
-0.234
-0.21
-0.193
-0.18
-0.164
-0.155
-0.151
-0.147
-0.144
-0.141
-0.138
-0.135
-0.132
-0.129
-0.127
-0.124
-0.121
-0.118
-0.115
-0.111
-0.106
-0.102
-0.098
-0.095
-0.093
-0.09
-0.086
-0.08
-0.072
-0.065
-0.06
-0.056
-0.054
-0.053
-0.051
-0.05
-0.048
-0.046
-0.043
-0.04
-0.036
-0.032
-0.022
-0.002
0.011
0.02
0.027
0.034
0.04
0.042
0.044
0.046
0.048
0.05
0.052
0.053
0.054
0.055
0.056
0.056
0.057
0.056
0.055
0.054
0.052
0.051
0.049
0.047
0.044
0.041
0.038
0.035
0.031
0.027
0.018
0.008
0.0
-0.007
-0.01
-0.012
-0.014
-0.016
-0.018
-0.02
-0.021
-0.023
-0.024
-0.025
-0.026
-0.027
-0.028
-0.028
-0.028
-0.027
-0.025
-0.024
-0.022
-0.021
-0.019
-0.018
-0.017
-0.017
-0.016
-0.016
-0.016
-0.016
-0.016
-0.015
-0.015
-0.015
-0.014
-0.013
-0.012
-0.012
-0.011
-0.011
-0.011
-0.011
-0.01
-0.01
-0.01
-0.01
-0.009
-0.008
-0.006
-0.004
-0.003
-0.001
0.0
0.002
0.003
0.005
0.005
0.006
0.006
0.006
0.006
0.006
0.007
0.007
0.007
0.007
0.007
0.007
0.006
0.006
0.005
0.005
0.004
0.003
0.002
0.002
0.002
0.002
0.002
0.002
0.003
0.003
0.004
0.005
0.006
0.007
0.007
0.007
0.007
0.007
0.007
0.007
0.007
0.007
0.007
0.008
0.009
0.01
0.01
0.011
0.012
0.013
0.014
0.015
0.016
0.017
0.019
0.025
0.032
0.041
0.05
0.057
0.062
0.067
0.072
0.075
0.079
0.082
0.084
0.086
0.088
0.09
0.092
0.094
0.096
0.099
0.102
0.104
0.105
0.104
0.102
0.098
0.093
0.088
0.082
0.07
0.06
0.052
0.039
0.017
0.002
-0.005
-0.011
-0.016
-0.022
-0.026
-0.029
-0.032
-0.035
-0.038
-0.041
-0.044
-0.046
-0.049
-0.052
-0.058
-0.067
-0.067
-0.058
-0.033
0.012
0.087
0.192
0.329
0.489
0.667
0.848
1.018
1.157
1.224
1.22
1.128
0.911
0.637
0.312
0.013
-0.214
-0.344
-0.386
-0.4
-0.386
-0.365
-0.343
-0.32
-0.295
-0.247
-0.211
-0.183
-0.176
-0.171
-0.168
-0.165
-0.162
-0.158
-0.153
-0.149
-0.144
-0.14
-0.135
-0.13
-0.125
-0.121
-0.117
-0.114
-0.112
-0.109
-0.106
-0.102
-0.099
-0.096
-0.093
-0.09
-0.088
-0.085
-0.081
-0.077
-0.073
-0.069
-0.065
-0.061
-0.057
-0.053
-0.049
-0.045
-0.041
-0.038
-0.036
-0.033
-0.03
-0.026
-0.02
-0.01
0.0
0.012
0.021
0.028
0.035
0.04
0.044
0.047
0.05
0.052
0.054
0.057
0.059
0.061
0.061
0.059
0.056
0.053
0.05
0.047
0.044
