-0.053
-0.133
-0.245
-0.387
-0.544
-0.69
-0.79
-0.825
-0.808
-0.753
-0.609
-0.425
-0.232
-0.057
0.071
0.125
0.144
0.118
0.103
0.098
0.094
0.09
0.085
0.082
0.078
0.073
0.067
0.061
0.056
0.052
0.049
0.046
0.043
0.037
0.027
0.018
0.012
0.013
0.017
0.022
0.026
0.029
0.033
0.038
0.042
0.042
0.034
0.022
0.01
0.003
-0.002
-0.008
-0.014
-0.021
-0.028
-0.034
-0.039
-0.041
-0.042
-0.045
-0.05
-0.055
-0.068
-0.097
-0.113
-0.12
-0.125
-0.13
-0.136
-0.142
-0.148
-0.153
-0.158
-0.164
-0.169
-0.174
-0.178
-0.182
-0.185
-0.189
-0.192
-0.196
-0.199
-0.203
-0.205
-0.206
-0.204
-0.2
-0.195
-0.189
-0.182
-0.175
-0.167
-0.158
-0.148
-0.141
-0.134
-0.126
-0.112
-0.09
-0.075
-0.057
-0.03
-0.003
0.014
0.031
0.042
0.052
0.059
0.063
0.067
0.07
0.072
0.075
0.078
0.081
0.083
0.084
0.084
0.083
0.081
0.078
0.076
0.072
0.066
0.08
0.096
0.109
0.108
0.093
0.085
0.079
0.074
0.07
0.067
0.068
0.071
0.074
0.078
0.081
0.084
0.088
0.093
0.098
0.102
0.103
0.102
0.099
0.095
0.091
0.086
0.077
0.071
0.077
0.09
0.099
0.107
0.115
0.119
0.119
0.114
0.107
0.099
0.087
0.07
0.051
0.041
0.034
0.028
0.024
0.021
0.02
0.021
0.024
0.028
0.033
0.039
0.045
0.053
0.062
0.069
0.071
0.071
0.07
0.068
0.067
0.064
0.061
0.059
0.059
0.06
0.063
0.066
0.07
0.072
0.065
0.053
0.046
0.041
0.036
0.031
0.026
0.024
0.023
0.024
0.028
0.032
0.036
0.042
0.052
0.059
0.056
0.047
0.041
0.035
0.03
0.026
0.024
0.025
0.027
0.03
0.034
0.041
0.053
0.053
0.038
0.022
0.006
0.0
-0.003
-0.004
-0.004
-0.005
-0.006
-0.008
-0.009
-0.009
-0.007
-0.004
0.0
0.002
0.005
0.008
0.011
0.014
0.017
0.019
0.021
0.022
0.022
0.022
0.02
0.018
0.014
0.009
0.004
0.0
-0.005
-0.009
-0.014
-0.019
-0.024
-0.03
-0.036
-0.043
-0.048
-0.053
-0.057
-0.059
-0.06
-0.06
-0.058
-0.056
-0.053
-0.05
-0.047
-0.043
-0.039
-0.035
-0.031
-0.025
-0.019
-0.012
-0.006
0.0
0.006
0.011
0.016
0.021
0.027
0.034
0.041
0.045
0.043
0.037
0.028
0.019
0.009
-0.002
-0.015
-0.024
-0.036
-0.076
-0.151
-0.264
-0.401
-0.545
-0.678
-0.791
-0.861
-0.866
-0.816
-0.67
-0.47
-0.252
-0.056
0.072
0.119
0.121
0.085
0.048
0.039
0.033
0.03
0.029
0.029
0.032
0.038
0.045
0.052
0.06
0.072
0.082
0.083
0.074
0.06
0.047
0.032
0.022
0.018
0.016
0.015
0.013
0.012
0.01
0.008
0.005
0.002
0.0
-0.001
-0.004
-0.007
-0.008
-0.008
-0.006
-0.002
0.0
0.002
0.006
0.008
0.007
-0.002
-0.016
-0.026
-0.037
-0.049
-0.059
-0.069
-0.077
-0.085
-0.091
-0.097
-0.103
-0.11
-0.118
-0.125
-0.13
-0.136
-0.142
-0.147
-0.152
-0.156
-0.16
-0.162
-0.165
-0.167
-0.17
-0.173
-0.175
-0.179
-0.186
-0.191
-0.184
-0.169
-0.154
-0.138
-0.121
-0.104
-0.093
-0.086
-0.079
-0.071
-0.062
-0.054
-0.046
-0.036
-0.025
-0.011
0.003
0.02
0.038
0.053
0.07
0.083
0.086
0.088
0.088
0.087
0.086
0.084
0.083
0.083
0.082
0.081
0.078
0.074
0.07
0.068
0.067
0.066
0.064
0.061
0.059
0.057
0.055
0.054
0.053
0.052
0.052
0.053
0.054
0.055
0.057
0.058
0.058
0.059
0.059
0.059
0.059
0.058
0.058
0.057
0.056
0.055
0.055
0.055
0.055
0.056
0.058
0.06
0.061
0.061
0.061
0.061
0.06
0.058
0.058
0.057
0.056
0.055
0.054
0.053
0.052
0.053
0.053
0.054
0.055
0.055
0.055
0.055
0.053
0.051
0.05
0.051
0.053
0.054
0.054
0.055
0.056
0.057
0.059
0.061
0.064
0.067
0.07
0.072
0.073
0.073
0.073
0.074
0.076
0.078
0.079
0.079
0.08
0.083
0.087
0.091
0.095
0.098
0.1
0.101
0.101
0.1
0.098
0.094
0.088
0.082
0.077
0.073
0.068
0.063
0.056
0.049
0.043
0.038
0.036
0.035
0.034
0.032
0.03
0.03
0.03
0.03
0.03
0.029
0.027
0.025
0.023
0.021
0.018
0.012
0.006
0.001
-0.002
-0.006
-0.009
-0.014
-0.02
-0.026
-0.032
-0.036
-0.039
-0.042
-0.044
-0.045
-0.044
-0.041
-0.036
-0.031
-0.025
-0.02
-0.015
-0.009
0.002
0.013
0.02
0.023
0.026
0.031
0.038
0.038
0.027
0.02
0.016
0.012
0.009
0.006
0.002
0.0
-0.005
-0.012
-0.02
-0.052
-0.124
-0.221
-0.336
-0.465
-0.609
-0.759
-0.881
-0.933
-0.927
-0.838
-0.646
-0.403
-0.163
0.028
0.122
0.128
0.07
-0.027
-0.063
-0.073
-0.033
-0.007
0.006
0.018
0.027
0.033
0.037
0.038
0.038
0.037
0.035
0.032
0.028
0.022
0.016
0.01
0.005
0.002
-0.001
-0.004
-0.008
-0.014
-0.02
-0.026
-0.032
-0.038
-0.044
-0.049
-0.054
-0.058
-0.061
-0.064
-0.068
-0.073
-0.08
-0.087
-0.094
-0.101
-0.107
-0.113
-0.12
-0.125
-0.13
-0.134
-0.138
-0.144
-0.151
-0.157
-0.16
-0.16
-0.157
-0.151
-0.144
-0.138
-0.129
-0.111
-0.113
-0.139
-0.168
-0.198
-0.219
-0.24
-0.259
-0.273
-0.285
-0.296
-0.293
-0.265
-0.239
-0.214
-0.198
-0.186
-0.171
-0.154
-0.133
-0.12
-0.111
-0.105
-0.098
-0.089
-0.08
-0.071
-0.062
-0.052
-0.04
-0.028
-0.017
-0.006
0.002
0.007
0.011
0.016
0.02
0.024
0.027
0.03
0.032
0.035
0.038
0.041
0.042
0.043
0.042
0.041
0.04
0.041
0.041
0.042
0.042
0.044
0.045
0.048
0.05
0.051
0.051
0.049
0.047
0.044
0.043
0.042
0.041
0.04
0.039
0.038
0.038
0.038
0.039
0.04
0.041
0.041
0.04
0.04
0.041
0.041
0.039
0.037
0.035
0.032
0.03
0.03
0.029
0.028
0.026
0.023
0.021
0.019
0.016
0.012
0.009
0.005
0.003
0.004
0.007
0.011
0.014
0.018
0.02
0.024
0.028
0.031
0.033
0.034
0.032
0.027
0.021
0.014
0.007
0.002
-0.002
-0.008
-0.013
-0.018
-0.023
-0.028
-0.032
-0.035
-0.035
-0.035
-0.033
-0.031
-0.027
-0.023
-0.017
-0.01
-0.004
0.002
0.008
0.016
0.031
0.048
0.058
0.065
0.07
0.074
0.079
0.084
0.088
0.09
0.089
0.084
0.077
0.069
0.06
0.053
0.043
0.033
0.025
0.022
0.023
0.026
0.03
0.034
0.039
0.047
0.046
0.025
-0.03
-0.111
-0.222
-0.361
-0.518
-0.683
-0.831
-0.928
-0.938
-0.89
-0.73
-0.51
-0.273
-0.052
0.109
0.154
0.17
0.141
0.091
0.055
0.048
0.045
0.043
0.042
0.042
0.041
0.041
0.04
0.039
0.039
0.039
0.039
0.039
0.038
0.036
0.034
0.033
0.031
0.028
0.026
0.023
0.019
0.016
0.012
0.008
0.004
0.0
-0.007
-0.018
-0.03
-0.039
-0.042
-0.043
-0.044
-0.044
-0.044
-0.044
-0.039
-0.011
0.03
0.081
0.129
0.175
0.22
0.26
0.285
0.301
0.309
0.302
0.285
0.266
0.242
0.223
0.208
0.194
0.18
0.164
0.139
0.104
0.079
0.064
0.048
0.033
0.007
-0.018
-0.028
-0.034
-0.038
-0.041
-0.041
-0.038
-0.029
-0.017
0.003
0.04
0.065
0.081
0.089
0.089
0.085
0.082
0.078
0.075
0.075
0.081
0.091
0.107
0.128
0.139
0.145
0.15
0.149
0.141
0.13
0.123
0.117
0.111
0.105
0.099
0.094
0.09
0.085
0.081
0.076
0.07
0.065
0.06
0.056
0.051
0.047
0.04
0.035
0.035
0.041
0.05
0.057
0.064
0.07
0.074
0.075
0.072
0.066
0.059
0.052
0.044
0.036
0.032
0.031
0.03
0.03
0.03
0.03
0.03
0.031
0.031
0.031
0.028
0.025
0.021
0.019
0.016
0.012
0.009
0.005
0.001
-0.001
-0.003
-0.006
-0.009
-0.012
-0.014
-0.016
-0.018
-0.021
-0.023
-0.026
-0.028
-0.031
-0.034
-0.04
-0.046
-0.048
-0.045
-0.037
-0.029
-0.024
-0.021
-0.017
-0.014
-0.011
-0.008
-0.006
-0.005
-0.004
-0.005
-0.005
-0.005
-0.006
-0.008
-0.009
-0.011
-0.012
-0.013
-0.014
-0.017
-0.02
-0.022
-0.02
-0.016
-0.011
-0.007
-0.001
0.002
0.001
-0.005
-0.015
-0.023
-0.032
-0.04
-0.048
-0.056
-0.063
-0.071
-0.077
-0.081
-0.078
-0.07
-0.062
-0.057
-0.052
-0.047
-0.042
-0.038
-0.035
-0.032
-0.03
-0.029
-0.03
-0.031
-0.033
-0.036
-0.039
-0.042
-0.044
-0.047
-0.051
-0.061
-0.067
-0.072
-0.076
-0.08
-0.083
-0.084
-0.08
-0.075
-0.072
-0.068
-0.064
-0.062
-0.062
-0.065
-0.072
-0.082
-0.1
-0.133
-0.168
-0.186
-0.192
-0.196
-0.182
-0.158
-0.134
-0.112
-0.088
-0.073
-0.066
-0.061
-0.058
-0.055
-0.051
-0.048
-0.046
-0.044
-0.043
-0.041
-0.038
-0.034
-0.03
-0.027
-0.028
-0.032
-0.039
-0.045
-0.051
-0.058
-0.064
-0.065
-0.064
-0.061
-0.057
-0.052
-0.063
-0.096
-0.163
-0.267
-0.402
-0.549
-0.686
-0.794
-0.851
-0.87
-0.846
-0.773
-0.631
-0.443
-0.245
-0.075
0.038
0.077
0.079
0.049
0.009
-0.009
-0.019
-0.026
-0.029
-0.024
-0.014
0.0
0.023
0.033
0.038
0.042
0.045
0.047
0.048
0.048
0.048
0.047
0.046
0.044
0.042
0.039
0.035
0.031
0.027
0.023
0.019
0.015
0.01
0.006
0.002
0.0
-0.004
-0.007
-0.01
-0.014
-0.017
-0.02
-0.022
-0.026
-0.03
-0.033
-0.036
-0.04
-0.044
-0.05
-0.061
-0.085
-0.109
-0.135
-0.153
-0.164
-0.171
-0.175
-0.177
-0.178
-0.18
-0.183
-0.175
-0.166
-0.16
-0.157
-0.162
-0.171
-0.179
-0.186
-0.193
-0.199
-0.204
-0.21
-0.218
-0.222
-0.215
-0.196
-0.175
-0.149
-0.132
-0.116
-0.1
-0.079
-0.06
-0.044
-0.03
-0.017
-0.009
-0.004
0.0
0.004
0.009
0.016
0.024
0.032
0.039
0.046
0.053
0.061
0.067
0.072
0.075
0.076
0.076
0.076
0.075
0.075
0.074
0.073
0.072
0.071
0.071
0.071
0.069
0.067
0.064
0.062
0.061
0.06
0.058
0.057
0.055
0.054
0.054
0.055
0.057
0.058
0.06
0.062
0.065
0.067
0.069
0.072
0.073
0.074
0.074
0.074
0.071
0.067
0.062
0.056
0.05
0.041
0.032
0.025
0.024
0.026
0.032
0.038
0.043
0.048
0.051
0.055
0.058
0.061
0.063
0.065
0.067
0.068
0.069
0.07
0.074
0.078
0.076
0.064
0.051
0.046
0.044
0.041
0.039
0.036
0.032
0.028
0.025
0.023
0.023
0.022
0.02
0.019
0.019
0.02
0.022
0.024
0.025
0.025
0.024
0.023
0.023
0.023
0.024
0.023
0.022
0.022
0.022
0.022
0.023
0.024
0.024
0.024
0.024
0.023
0.023
0.022
0.02
0.017
0.014
0.011
0.009
0.008
0.006
0.003
0.0
-0.005
-0.009
-0.012
-0.016
-0.02
-0.024
-0.029
-0.033
-0.037
-0.04
-0.042
-0.044
-0.046
-0.049
-0.054
-0.063
-0.06
-0.037
-0.021
-0.008
0.002
0.006
0.006
0.006
0.005
0.005
0.006
0.006
0.008
0.009
0.009
0.009
0.009
0.008
0.008
0.008
0.007
0.006
0.004
0.002
0.0
0.0
-0.003
-0.006
-0.011
-0.017
-0.029
-0.057
-0.101
-0.162
-0.249
-0.364
-0.498
-0.637
-0.75
-0.808
-0.811
-0.763
-0.636
-0.459
-0.266
-0.091
0.027
0.054
0.064
0.068
0.063
0.053
0.041
0.025
0.005
-0.012
-0.029
-0.028
-0.008
0.001
0.007
0.014
0.02
0.025
0.029
0.031
0.032
0.033
0.032
0.03
0.027
0.022
0.016
0.011
0.006
0.003
0.001
0.0
-0.001
-0.003
-0.006
-0.01
-0.015
-0.02
-0.025
-0.029
-0.033
-0.036
-0.04
-0.045
-0.049
-0.054
-0.061
-0.077
-0.091
-0.105
-0.116
-0.127
-0.136
-0.14
-0.138
-0.134
-0.131
-0.129
-0.127
-0.124
-0.121
-0.119
-0.119
-0.123
-0.132
-0.142
-0.151
-0.158
-0.166
-0.176
-0.185
-0.192
-0.195
-0.193
-0.188
-0.183
-0.177
-0.172
-0.167
-0.16
-0.151
-0.141
-0.129
-0.118
-0.105
-0.088
-0.064
-0.045
-0.031
-0.01
0.026
0.053
0.068
0.079
0.086
0.089
0.09
0.089
0.089
0.089
0.088
0.088
0.087
0.087
0.085
0.085
0.085
0.085
0.085
0.085
0.085
0.084
0.083
0.083
0.082
0.082
0.081
0.08
0.079
0.079
0.078
0.078
0.078
0.078
0.077
0.077
0.075
0.073
0.071
0.07
0.068
0.067
0.066
0.065
0.064
0.063
0.061
0.059
0.057
0.054
0.051
0.049
0.047
0.046
0.045
0.043
0.042
0.041
0.041
0.042
0.044
0.046
0.046
0.046
0.046
0.046
0.048
0.05
0.052
0.053
0.054
0.056
0.059
0.061
0.064
0.065
0.066
0.068
0.071
0.075
0.076
0.075
0.071
0.065
0.059
0.054
0.051
0.048
0.044
0.039
0.036
0.033
0.033
0.034
0.036
0.039
0.043
0.047
0.051
0.055
0.06
0.067
0.075
0.08
0.082
0.079
0.07
0.061
0.052
0.045
0.036
0.027
0.019
0.014
0.013
0.016
0.021
0.025
0.028
0.031
0.035
0.039
0.044
0.047
0.048
0.048
0.044
0.039
0.032
0.026
0.019
0.013
0.006
0.0
-0.005
-0.01
-0.014
-0.017
-0.019
-0.018
-0.016
-0.012
-0.007
-0.002
0.001
0.005
0.009
0.012
0.014
0.018
0.021
0.026
0.03
0.035
0.039
0.043
0.046
0.049
0.05
0.051
0.051
0.05
0.049
0.047
0.045
0.043
0.042
0.041
0.039
0.037
0.034
0.031
0.028
0.023
0.01
-0.016
-0.056
-0.12
-0.2
-0.288
-0.381
-0.477
-0.576
-0.667
-0.716
-0.732
-0.696
-0.585
-0.41
-0.218
-0.044
0.06
0.094
0.074
0.052
0.033
0.034
0.056
0.075
0.092
0.1
0.093
0.082
0.076
0.073
0.071
0.071
0.071
0.071
0.071
0.069
0.067
0.065
0.062
0.06
0.058
0.057
0.055
0.054
0.052
0.05
0.047
0.044
0.036
0.018
0.01
0.006
0.002
0.0
-0.003
-0.005
-0.007
-0.011
-0.014
-0.018
-0.021
-0.025
-0.028
-0.031
-0.035
-0.04
-0.044
-0.048
-0.051
-0.056
-0.061
-0.067
-0.073
-0.078
-0.084
-0.09
-0.096
-0.102
-0.108
-0.113
-0.116
-0.118
-0.122
-0.126
-0.131
-0.137
-0.144
-0.147
-0.146
-0.142
-0.136
-0.13
-0.123
-0.113
-0.107
-0.109
-0.112
-0.114
-0.118
-0.115
-0.099
-0.076
-0.05
-0.009
0.033
0.065
0.082
0.088
0.094
0.1
0.104
0.107
0.109
0.111
0.113
0.114
0.116
0.116
0.115
0.113
0.11
0.108
0.105
0.102
0.099
0.096
0.092
0.088
0.084
0.079
0.068
0.056
0.046
0.037
0.028
0.018
0.012
0.02
0.034
0.044
0.053
0.061
0.067
0.071
0.072
0.074
0.078
0.084
0.067
0.053
0.046
0.039
0.034
0.031
0.028
0.027
0.025
0.022
0.017
0.032
0.048
0.06
0.066
0.062
0.054
0.047
0.041
0.033
0.025
0.014
-0.005
-0.027
-0.036
-0.041
-0.046
-0.053
-0.061
-0.07
-0.078
-0.086
-0.093
-0.101
-0.107
-0.112
-0.118
-0.124
-0.133
-0.14
-0.141
-0.134
-0.124
-0.113
-0.101
-0.088
-0.073
-0.063
-0.056
-0.05
-0.045
-0.041
-0.039
-0.037
-0.037
-0.036
-0.034
-0.033
-0.031
-0.03
-0.029
-0.027
-0.025
-0.02
-0.012
-0.003
0.005
0.017
0.026
0.027
0.022
0.012
-0.014
-0.065
-0.136
-0.224
-0.325
-0.445
-0.583
-0.727
-0.849
-0.91
-0.911
-0.85
-0.71
-0.528
-0.339
-0.17
-0.045
0.024
0.048
0.041
0.019
-0.008
-0.018
-0.021
-0.015
-0.005
0.0
0.002
0.006
0.008
0.011
0.012
0.014
0.016
0.017
0.018
0.017
0.016
0.014
0.01
0.006
0.002
-0.001
-0.005
-0.011
-0.023
-0.04
-0.059
-0.075
-0.081
-0.083
-0.086
-0.089
-0.091
-0.091
-0.089
-0.086
-0.082
-0.078
-0.073
-0.07
-0.08
-0.098
-0.111
-0.123
-0.135
-0.144
-0.153
-0.16
-0.166
-0.172
-0.178
-0.184
-0.192
-0.2
-0.207
-0.214
-0.221
-0.231
-0.241
-0.247
-0.249
-0.249
-0.249
-0.25
-0.252
-0.254
-0.256
-0.254
-0.249
-0.242
-0.23
-0.205
-0.183
-0.171
-0.159
-0.147
-0.134
-0.114
-0.081
-0.055
-0.039
-0.027
-0.019
-0.004
0.016
0.028
0.033
0.038
0.043
0.048
0.053
0.058
0.063
0.066
0.069
0.072
0.074
0.075
0.075
0.076
0.077
0.08
0.082
0.084
0.086
0.086
0.087
0.089
0.091
0.092
0.092
0.091
0.091
0.091
0.091
0.091
0.09
0.088
0.086
0.084
0.083
0.081
0.079
0.076
0.073
0.071
0.066
0.05
0.039
0.031
0.023
0.016
0.016
0.026
0.039
0.05
0.062
0.072
0.077
0.074
0.066
0.058
0.051
0.041
0.034
0.034
0.041
0.051
0.06
0.073
0.083
0.091
0.099
0.109
0.108
0.093
0.083
0.075
0.069
0.063
0.058
0.054
0.05
0.044
0.035
0.03
0.037
0.049
0.062
0.074
0.084
0.092
0.097
0.101
0.106
0.11
0.111
0.11
0.106
0.102
0.098
0.096
