0.057
0.062
0.064
0.066
0.068
0.071
0.073
0.075
0.077
0.079
0.083
0.088
0.094
0.097
0.101
0.104
0.107
0.109
0.109
0.108
0.105
0.102
0.098
0.095
0.092
0.088
0.085
0.083
0.082
0.083
0.087
0.092
0.098
0.102
0.105
0.108
0.111
0.113
0.115
0.117
0.119
0.121
0.123
0.124
0.126
0.127
0.128
0.129
0.13
0.132
0.133
0.135
0.138
0.141
0.145
0.151
0.156
0.164
0.182
0.191
0.196
0.198
0.199
0.2
0.202
0.203
0.204
0.205
0.205
0.206
0.206
0.207
0.207
0.207
0.207
0.206
0.206
0.204
0.203
0.202
0.201
0.199
0.198
0.196
0.193
0.189
0.186
0.183
0.18
0.175
0.164
0.154
0.147
0.141
0.138
0.135
0.133
0.131
0.129
0.127
0.125
0.123
0.121
0.119
0.116
0.115
0.113
0.111
0.109
0.107
0.105
0.102
0.1
0.097
0.095
0.093
0.09
0.088
0.087
0.086
0.086
0.085
0.083
0.082
0.081
0.08
0.078
0.077
0.076
0.076
0.075
0.074
0.074
0.073
0.072
0.071
0.07
0.068
0.066
0.062
0.051
0.039
0.026
0.021
0.018
0.015
0.012
0.01
0.008
0.005
0.004
0.003
0.001
0.0
0.0
-0.001
-0.002
-0.002
-0.003
-0.004
-0.006
-0.007
-0.009
-0.011
-0.012
-0.014
-0.015
-0.017
-0.018
-0.02
-0.021
-0.022
-0.024
-0.027
-0.03
-0.033
-0.036
-0.038
-0.04
-0.042
-0.044
-0.045
-0.044
-0.043
-0.042
-0.041
-0.039
-0.036
-0.032
-0.029
-0.025
-0.021
-0.018
-0.014
-0.008
-0.002
0.002
0.005
0.005
0.003
0.0
-0.005
-0.011
-0.022
-0.037
-0.039
-0.04
-0.042
-0.044
-0.045
-0.044
-0.04
-0.036
-0.033
-0.029
-0.026
-0.026
-0.033
-0.043
-0.054
-0.069
-0.079
-0.087
-0.091
-0.095
-0.098
-0.101
-0.102
-0.102
-0.099
-0.095
-0.091
-0.086
-0.082
-0.076
-0.071
-0.066
-0.064
-0.066
-0.071
-0.078
-0.086
-0.096
-0.11
-0.12
-0.126
-0.138
-0.136
-0.099
-0.035
0.057
0.172
0.289
0.396
0.488
0.566
0.605
0.617
0.593
0.525
0.424
0.308
0.191
0.085
0.001
-0.061
-0.103
-0.111
-0.119
-0.125
-0.129
-0.133
-0.136
-0.139
-0.14
-0.142
-0.143
-0.143
-0.142
-0.139
-0.136
-0.135
-0.133
-0.13
-0.127
-0.124
-0.121
-0.119
-0.117
-0.114
-0.111
-0.107
-0.102
-0.097
-0.092
-0.088
-0.083
-0.079
-0.076
-0.073
-0.07
-0.066
-0.062
-0.058
-0.055
-0.052
-0.049
-0.047
-0.043
-0.04
-0.037
-0.035
-0.034
-0.033
-0.03
-0.022
0.004
0.024
0.034
0.04
0.046
0.05
0.053
0.056
0.057
0.059
0.06
0.063
0.066
0.069
0.073
0.077
0.081
0.085
0.089
0.092
0.094
0.097
0.1
0.104
0.108
0.112
0.116
0.122
0.128
0.131
0.13
0.126
0.122
0.12
0.117
0.115
0.113
0.11
0.106
0.101
0.096
0.091
0.085
0.079
0.073
0.063
0.046
0.036
0.032
0.027
0.022
0.018
0.018
0.024
0.032
0.037
0.042
0.047
0.052
0.053
0.051
0.044
0.036
0.029
0.025
0.022
0.018
0.015
0.012
0.011
0.01
0.009
0.007
0.005
0.003
0.001
0.001
0.001
0.0
0.0
-0.001
-0.001
-0.002
-0.002
-0.002
-0.003
-0.004
-0.006
-0.009
-0.011
-0.013
-0.016
-0.022
-0.035
-0.044
-0.05
-0.055
-0.059
-0.062
-0.062
-0.058
-0.052
-0.047
-0.043
-0.04
-0.037
-0.033
-0.03
-0.029
-0.031
-0.036
-0.04
-0.044
-0.046
-0.048
-0.05
-0.053
-0.056
-0.058
-0.059
-0.06
-0.061
-0.062
-0.062
-0.061
-0.06
-0.059
-0.057
-0.057
-0.056
-0.055
-0.053
-0.051
-0.049
-0.047
-0.045
-0.042
-0.04
-0.036
-0.032
-0.027
-0.023
-0.016
-0.009
-0.002
0.002
0.006
0.01
0.013
0.018
0.022
0.026
0.027
0.025
0.02
0.013
0.006
0.002
-0.001
-0.005
-0.01
-0.015
-0.02
-0.024
-0.028
-0.031
-0.035
-0.038
-0.041
-0.043
-0.045
-0.047
-0.049
-0.052
-0.054
-0.056
-0.058
-0.06
-0.062
-0.063
-0.065
-0.065
-0.065
-0.065
-0.064
-0.064
-0.065
-0.066
-0.065
-0.064
-0.063
-0.062
-0.06
-0.058
-0.056
-0.053
-0.05
-0.045
-0.041
-0.016
0.037
0.123
0.246
0.402
0.575
0.732
0.833
0.846
0.808
0.666
0.468
0.26
0.086
-0.033
-0.084
-0.102
-0.102
-0.091
-0.082
-0.072
-0.068
-0.074
-0.083
-0.088
-0.092
-0.094
-0.097
-0.099
-0.102
-0.105
-0.107
-0.108
-0.109
-0.108
-0.107
-0.106
-0.104
-0.102
-0.101
-0.101
-0.1
-0.099
-0.097
-0.094
-0.09
-0.082
-0.076
-0.075
-0.076
-0.077
-0.078
-0.08
-0.082
-0.083
-0.084
-0.082
-0.076
-0.069
-0.061
-0.053
-0.045
-0.037
-0.029
-0.022
-0.016
-0.011
-0.005
0.0
0.005
0.009
0.013
0.016
0.019
0.022
0.026
0.029
0.031
0.034
0.036
0.04
0.044
0.048
0.053
0.057
0.062
0.068
0.074
0.079
0.083
0.086
0.09
0.094
0.098
0.102
0.105
0.108
0.111
0.114
0.115
0.115
0.114
0.111
0.107
0.103
0.099
0.094
0.089
0.083
0.077
0.069
0.051
0.038
0.028
0.025
0.022
0.02
0.018
0.016
0.014
0.012
0.011
0.01
0.009
0.009
0.009
0.009
0.01
0.01
0.01
0.01
0.009
0.008
0.006
0.004
0.002
0.001
0.001
0.001
0.002
0.002
0.003
0.005
0.006
0.009
0.012
0.015
0.017
0.019
0.042
0.084
0.139
0.207
0.289
0.379
0.445
0.467
0.442
0.366
0.248
0.135
0.059
0.035
0.02
0.01
-0.007
-0.042
-0.076
-0.097
-0.106
-0.102
-0.096
-0.093
-0.09
-0.088
-0.086
-0.086
-0.086
-0.086
-0.085
-0.084
-0.083
-0.083
-0.084
-0.085
-0.086
-0.087
-0.086
-0.085
-0.084
-0.083
-0.082
-0.081
-0.081
-0.08
-0.079
-0.078
-0.076
-0.074
-0.071
-0.067
-0.061
-0.052
-0.042
-0.03
-0.017
-0.007
0.002
0.011
0.019
0.024
0.028
0.031
0.033
0.036
0.039
0.042
0.046
0.051
0.056
0.064
0.073
0.085
0.1
0.114
0.125
0.139
0.154
0.171
0.185
0.195
0.204
0.21
0.215
0.22
0.224
0.228
0.23
0.228
0.222
0.215
0.205
0.19
0.176
0.157
0.133
0.117
0.109
0.102
0.095
0.089
0.082
0.072
0.056
0.044
0.031
0.019
0.009
-0.003
-0.022
-0.038
-0.047
-0.053
-0.057
-0.06
-0.061
-0.062
-0.062
-0.063
-0.063
-0.063
-0.064
-0.064
-0.065
-0.065
-0.066
-0.066
-0.066
-0.066
-0.066
-0.066
-0.066
-0.065
-0.066
-0.067
-0.068
-0.069
-0.07
-0.071
-0.071
-0.072
-0.072
-0.072
-0.072
-0.072
-0.073
-0.073
-0.074
-0.075
-0.079
-0.082
-0.081
-0.078
-0.076
-0.075
-0.073
-0.072
-0.07
-0.068
-0.067
-0.066
-0.064
-0.064
-0.064
-0.064
-0.065
-0.066
-0.066
-0.065
-0.063
-0.062
-0.062
-0.062
-0.063
-0.063
-0.064
-0.064
-0.065
-0.066
-0.067
-0.067
-0.068
-0.068
-0.067
-0.067
-0.066
-0.065
-0.063
-0.06
-0.058
-0.056
-0.054
-0.053
-0.052
-0.05
-0.049
-0.047
-0.045
-0.044
-0.043
-0.043
-0.043
-0.043
-0.045
-0.047
-0.05
-0.053
-0.058
-0.066
-0.065
-0.05
-0.042
-0.035
-0.03
-0.025
-0.022
-0.022
-0.023
-0.026
-0.029
-0.032
-0.036
-0.041
-0.045
-0.045
-0.04
-0.033
-0.027
-0.022
-0.018
-0.015
-0.013
-0.012
-0.011
-0.01
-0.009
-0.007
-0.006
-0.006
-0.009
-0.014
-0.018
-0.021
-0.024
-0.027
-0.029
-0.031
-0.032
-0.031
-0.028
-0.024
-0.021
-0.018
-0.017
-0.015
-0.014
-0.012
-0.01
-0.008
-0.006
-0.005
-0.004
-0.004
-0.003
-0.004
-0.004
-0.004
-0.004
-0.004
-0.004
-0.004
-0.005
-0.005
-0.005
-0.005
-0.005
-0.005
-0.005
-0.006
-0.006
-0.006
-0.006
-0.006
-0.005
-0.005
-0.004
-0.003
-0.002
-0.002
-0.001
-0.001
0.0
0.0
0.0
0.0
0.001
0.002
0.003
0.006
0.008
0.011
0.017
0.021
0.021
0.018
0.013
0.012
0.01
0.009
0.008
0.007
0.006
0.004
0.003
0.001
0.0
0.0
0.0
0.0
0.001
0.001
0.002
0.003
0.005
0.007
0.009
0.011
0.013
0.015
0.017
0.019
0.022
0.025
0.028
0.032
0.037
0.04
0.042
0.043
0.044
0.045
0.046
0.048
0.052
0.051
0.041
0.036
0.033
0.031
0.028
0.027
0.025
0.022
0.019
0.015
0.012
0.009
0.006
0.003
0.0
-0.001
-0.005
-0.01
-0.014
-0.016
-0.016
-0.014
-0.012
-0.009
-0.007
-0.005
-0.003
-0.001
0.0
0.002
0.005
0.007
0.009
0.011
0.013
0.014
0.016
0.017
0.019
0.022
0.038
0.074
0.13
0.211
0.318
0.445
0.569
0.645
0.65
0.601
0.476
0.327
0.186
0.073
0.0
-0.029
-0.034
-0.038
-0.041
-0.044
-0.046
-0.048
-0.049
-0.05
-0.051
-0.052
-0.054
-0.055
-0.055
-0.055
-0.056
-0.056
-0.057
-0.058
-0.059
-0.059
-0.06
-0.061
-0.063
-0.064
-0.066
-0.067
-0.068
-0.068
-0.067
-0.065
-0.064
-0.061
-0.057
-0.053
-0.049
-0.042
-0.029
-0.024
-0.023
-0.022
-0.021
-0.02
-0.019
-0.018
-0.017
-0.016
-0.015
-0.014
-0.013
-0.013
-0.012
-0.011
-0.01
-0.008
-0.005
0.0
0.017
0.038
0.059
0.076
0.087
0.097
0.104
0.109
0.112
0.114
0.117
0.121
0.127
0.134
0.14
0.146
0.153
0.159
0.165
0.171
0.176
0.181
0.184
0.188
0.192
0.196
0.199
0.2
0.2
0.197
0.193
0.187
0.18
0.173
0.164
0.15
0.136
0.128
0.12
0.111
0.1
0.09
0.08
0.072
0.066
0.06
0.054
0.047
0.039
0.032
0.027
0.023
0.019
0.015
0.013
0.011
0.01
0.009
0.009
0.008
0.007
0.007
0.007
0.007
0.007
0.006
0.006
0.006
0.007
0.008
0.008
0.004
-0.001
-0.007
-0.011
-0.014
-0.016
-0.019
-0.021
-0.023
-0.025
-0.027
-0.028
-0.029
-0.031
-0.033
-0.035
-0.037
-0.039
-0.041
-0.042
-0.043
-0.044
-0.045
-0.045
-0.046
-0.048
-0.05
-0.052
-0.054
-0.055
-0.057
-0.058
-0.059
-0.06
-0.06
-0.061
-0.061
-0.061
-0.061
-0.062
-0.062
-0.062
-0.062
-0.063
-0.063
-0.064
-0.065
-0.065
-0.065
-0.065
-0.065
-0.068
-0.07
-0.069
-0.062
-0.054
-0.051
-0.049
-0.048
-0.046
-0.044
-0.041
-0.039
-0.038
-0.037
-0.036
-0.035
-0.034
-0.033
-0.033
-0.033
-0.033
-0.033
-0.032
-0.031
-0.029
-0.029
-0.028
-0.028
-0.027
-0.026
-0.026
-0.026
-0.026
-0.027
-0.026
-0.024
-0.02
-0.018
-0.018
-0.022
-0.029
-0.034
-0.037
-0.039
-0.041
-0.043
-0.046
-0.049
-0.051
-0.052
-0.052
-0.051
-0.051
-0.051
-0.051
-0.05
-0.049
-0.048
-0.048
-0.048
-0.049
-0.049
-0.048
-0.047
-0.047
-0.046
-0.046
-0.046
-0.045
-0.043
-0.04
-0.035
-0.03
-0.009
0.036
0.103
0.198
0.32
0.457
0.578
0.628
0.62
0.524
0.355
0.164
0.005
-0.069
-0.094
-0.075
-0.055
-0.04
-0.032
-0.041
-0.056
-0.069
-0.082
-0.092
-0.093
-0.088
-0.081
-0.075
-0.069
-0.065
-0.064
-0.067
-0.072
-0.078
-0.082
-0.089
-0.092
-0.086
-0.075
-0.07
-0.065
-0.062
-0.058
-0.055
-0.052
-0.048
-0.044
-0.041
-0.038
-0.036
-0.034
-0.033
-0.031
-0.028
-0.025
-0.023
-0.02
-0.018
-0.016
-0.014
-0.01
-0.007
-0.004
0.0
0.003
0.01
0.018
0.026
0.035
0.044
0.052
0.057
0.062
0.065
0.067
0.068
0.07
0.071
0.072
0.074
0.075
0.077
0.079
0.081
0.083
0.085
0.086
0.087
0.089
0.091
0.092
0.094
0.095
0.099
0.108
0.113
0.109
0.101
0.087
0.067
0.057
0.052
0.049
0.046
0.044
0.043
0.041
0.039
0.037
0.036
0.035
0.034
0.034
0.032
0.031
0.03
0.029
0.028
0.028
0.027
0.026
0.024
0.024
0.024
0.024
0.025
0.026
0.026
0.026
0.026
0.027
0.029
0.03
0.031
0.033
0.038
0.038
0.032
0.03
0.028
0.027
0.026
0.025
0.024
0.024
0.023
0.021
0.019
0.018
0.017
0.015
0.014
0.011
0.008
0.004
0.0
-0.005
-0.011
-0.016
-0.024
-0.034
-0.04
-0.042
-0.044
-0.047
-0.048
-0.043
-0.033
-0.026
-0.018
-0.012
-0.009
-0.006
-0.004
-0.001
0.001
0.0
-0.005
-0.012
-0.015
-0.017
-0.02
-0.023
-0.025
-0.027
-0.029
-0.031
-0.032
-0.034
-0.035
-0.035
-0.034
-0.033
-0.032
-0.031
-0.03
-0.03
-0.028
-0.026
-0.025
-0.024
-0.023
-0.022
-0.021
-0.018
-0.014
-0.011
-0.008
-0.006
-0.004
-0.002
0.0
0.001
0.002
0.003
0.003
0.004
0.006
0.007
0.008
0.009
0.008
0.009
0.009
0.01
0.01
0.01
0.009
0.008
0.007
0.006
0.005
0.003
0.0
-0.001
-0.004
-0.006
-0.008
-0.015
-0.022
-0.025
-0.026
-0.027
-0.027
-0.028
-0.029
-0.031
-0.032
-0.032
-0.032
-0.032
-0.032
-0.032
-0.031
-0.03
-0.029
-0.027
-0.025
-0.023
-0.02
-0.015
-0.015
-0.025
-0.034
-0.042
-0.046
-0.043
-0.037
-0.018
0.027
0.103
0.21
0.342
0.482
0.612
0.703
0.735
0.691
0.571
0.406
0.237
0.101
0.017
-0.012
-0.029
-0.047
-0.067
-0.084
-0.097
-0.098
-0.088
-0.061
-0.028
-0.017
-0.016
-0.026
-0.04
-0.061
-0.072
-0.077
-0.081
-0.084
-0.086
-0.088
-0.087
-0.086
-0.083
-0.08
-0.076
-0.073
-0.07
-0.064
-0.057
-0.051
-0.046
-0.041
-0.038
-0.036
-0.033
-0.03
-0.028
-0.027
-0.028
-0.03
-0.032
-0.034
-0.037
-0.041
-0.048
-0.047
-0.033
-0.017
0.0
0.01
0.019
0.026
0.032
0.038
0.042
0.045
0.047
0.049
0.051
0.054
0.057
0.061
0.064
0.067
0.07
0.073
0.075
0.078
0.08
0.083
0.087
0.092
0.097
0.102
0.108
0.119
0.124
0.121
0.115
0.11
0.104
0.097
0.088
0.083
0.08
0.077
0.074
0.071
0.068
0.066
0.064
0.063
0.062
0.059
0.054
0.04
0.03
0.025
0.022
0.019
0.017
0.016
0.016
0.018
0.02
0.023
0.026
0.031
0.034
0.032
0.029
0.027
0.025
0.024
0.023
0.023
0.022
0.02
0.018
0.016
0.015
0.014
0.014
0.013
0.012
0.011
0.009
0.008
0.007
0.006
0.004
0.003
0.001
0.0
0.0
0.0
0.0
-0.001
-0.001
-0.002
-0.003
-0.003
-0.004
-0.006
-0.007
-0.009
-0.011
-0.013
-0.014
-0.015
-0.016
-0.019
-0.023
-0.026
-0.028
-0.028
-0.027
-0.026
-0.024
-0.023
-0.022
-0.019
-0.017
-0.015
-0.016
-0.019
-0.025
-0.035
-0.046
-0.049
-0.051
-0.054
-0.055
-0.055
-0.052
-0.048
-0.044
-0.04
-0.035
-0.033
-0.033
-0.034
-0.036
-0.038
-0.042
-0.044
-0.045
-0.042
-0.038
-0.037
-0.036
-0.036
-0.036
-0.034
-0.032
-0.03
-0.028
-0.026
-0.023
-0.02
-0.018
-0.015
-0.013
-0.011
-0.009
-0.005
0.0
0.004
0.007
0.008
0.006
0.003
0.0
-0.002
-0.004
-0.007
-0.011
-0.014
-0.017
-0.02
-0.022
-0.023
-0.024
-0.025
-0.027
-0.029
-0.03
-0.032
-0.035
-0.039
-0.039
-0.039
-0.038
-0.038
-0.036
-0.038
-0.046
-0.05
-0.053
-0.055
-0.057
-0.058
-0.059
-0.058
-0.056
-0.053
-0.049
-0.046
-0.043
-0.04
-0.037
-0.033
-0.03
-0.027
-0.024
-0.02
-0.014
0.009
0.084
0.204
0.366
0.552
0.731
0.86
0.906
0.852
0.706
0.505
0.302
0.132
0.013
-0.035
-0.049
-0.057
-0.061
-0.065
-0.069
-0.072
-0.075
-0.078
-0.081
-0.084
-0.087
-0.09
-0.092
-0.094
-0.097
-0.099
-0.102
-0.104
-0.107
-0.11
-0.112
-0.113
-0.111
-0.106
-0.101
-0.095
-0.091
-0.087
-0.083
-0.079
-0.075
-0.073
-0.07
-0.068
-0.066
-0.064
-0.062
-0.06
-0.058
-0.056
-0.054
-0.051
-0.047
-0.042
-0.037
-0.033
-0.027
-0.021
-0.015
-0.008
-0.002
0.002
0.006
0.01
0.014
0.018
0.022
0.026
0.029
0.032
0.036
0.042
0.049
0.059
0.068
0.074
0.078
0.083
0.087
0.091
0.095
0.098
0.099
0.1
0.101
0.102
0.104
0.105
0.106
0.107
0.108
0.109
0.11
0.111
0.111
0.11
0.106
0.102
0.096
0.085
0.065
0.055
0.049
0.045
0.04
0.036
0.033
0.03
0.028
0.026
0.023
0.02
0.018
0.018
0.019
0.021
0.023
0.026
0.028
0.03
0.033
0.036
0.039
0.042
0.043
0.046
0.052
0.071
0.112
0.168
0.237
0.305
0.347
0.361
0.348
0.314
0.259
0.203
0.151
0.109
0.089
0.063
0.028
-0.023
-0.054
-0.062
-0.067
-0.071
-0.073
-0.075
-0.077
-0.078
-0.08
-0.081
-0.082
-0.084
-0.084
-0.085
-0.087
-0.089
-0.09
-0.092
-0.092
-0.092
-0.092
-0.092
-0.092
-0.092
-0.091
-0.09
-0.089
-0.088
-0.088
-0.088
-0.086
-0.084
-0.08
-0.072
-0.063
-0.054
-0.044
-0.034
-0.026
-0.019
-0.014
-0.011
-0.007
-0.003
0.0
0.004
0.007
0.011
0.016
0.026
0.037
0.048
0.056
0.064
0.07
0.077
0.084
0.093
0.103
0.111
0.118
0.125
0.131
0.137
0.148
0.166
0.178
0.185
0.19
0.193
0.193
0.19
0.184
0.176
0.162
0.135
0.115
0.103
0.094
0.088
0.082
0.076
0.07
0.065
0.058
0.05
0.04
0.015
-0.011
-0.02
-0.024
-0.027
-0.027
-0.022
-0.019
-0.016
-0.014
-0.012
-0.012
-0.015
-0.021
-0.027
-0.034
-0.042
-0.047
-0.045
-0.041
-0.036
-0.031
-0.041
-0.048
-0.052
-0.056
-0.059
-0.06
-0.061
-0.06
-0.058
-0.056
-0.055
-0.054
-0.053
-0.052
-0.051
-0.049
-0.048
-0.046
-0.045
-0.044
-0.043
-0.042
-0.042
-0.042
-0.043
-0.044
-0.045
-0.046
-0.046
-0.047
-0.048
-0.048
-0.049
-0.05
-0.051
-0.056
-0.059
-0.06
-0.056
-0.052
-0.051
-0.05
-0.049
-0.049
-0.048
-0.047
-0.046
-0.045
-0.044
-0.044
-0.043
-0.042
-0.041
-0.041
-0.041
-0.041
-0.041
-0.041
-0.041
-0.04
-0.04
-0.039
-0.038
-0.038
-0.037
-0.036
-0.035
-0.034
-0.033
-0.032
-0.031
-0.031
-0.03
-0.03
-0.029
-0.029
-0.029
-0.029
-0.029
-0.03
-0.029
-0.029
-0.029
-0.028
-0.027
-0.027
-0.027
-0.027
-0.027
-0.027
-0.027
-0.026
-0.026
-0.026
-0.026
-0.026
-0.026
-0.025
-0.024
-0.023
-0.022
-0.021
-0.02
-0.018
-0.016
-0.013
-0.01
-0.008
-0.006
-0.005
-0.002
0.0
0.0
0.0
0.0
0.0
0.0
-0.001
-0.002
-0.004
-0.007
-0.01
-0.013
-0.016
-0.02
-0.025
-0.027
-0.027
-0.024
-0.02
-0.012
0.0
0.008
0.013
0.016
0.013
0.006
0.001
-0.002
-0.006
-0.008
-0.009
-0.007
-0.005
-0.002
0.0
0.0
0.002
0.004
0.006
0.007
0.008
0.01
0.011
0.012
0.013
0.014
0.015
0.015
0.016
0.017
0.018
0.018
0.016
0.013
0.009
0.005
-0.001
-0.004
-0.006
-0.007
-0.008
-0.01
-0.01
-0.009
-0.006
-0.002
0.002
0.009
0.015
0.019
0.024
0.026
0.022
0.016
0.013
0.012
0.011
0.01
0.009
0.008
0.006
0.005
0.004
0.004
0.003
0.003
0.002
0.002
0.002
0.002
0.003
0.004
0.004
0.005
0.006
0.006
0.006
0.006
0.005
0.005
0.004
0.003
0.003
0.003
0.003
0.003
0.003
0.003
0.003
0.003
0.005
0.006
0.008
0.01
0.012
0.014
0.017
0.023
0.029
0.035
0.043
0.052
0.059
0.064
0.067
0.07
0.071
0.069
0.065
0.059
0.051
0.039
0.028
0.022
0.019
0.016
0.014
0.012
0.01
0.008
0.007
0.005
0.004
0.003
0.002
0.0
0.0
-0.001
-0.002
-0.003
-0.004
-0.005
-0.007
-0.009
-0.01
-0.012
-0.014
-0.015
-0.018
-0.02
-0.022
-0.024
-0.026
-0.028
-0.032
-0.038
-0.038
-0.031
-0.012
0.034
0.112
0.228
0.379
0.551
0.718
0.846
0.887
0.875
0.778
0.609
0.419
0.246
0.11
0.019
-0.034
-0.065
-0.08
-0.086
-0.09
-0.092
-0.093
-0.095
-0.096
-0.098
-0.099
-0.1
-0.102
-0.104
-0.107
-0.11
-0.11
-0.105
-0.099
-0.094
-0.09
-0.087
-0.086
-0.088
-0.09
-0.092
-0.094
-0.096
-0.099
-0.1
-0.1
-0.099
-0.096
-0.093
-0.09
-0.086
-0.083
-0.079
-0.074
-0.07
-0.066
-0.063
-0.06
-0.058
-0.056
-0.053
-0.051
-0.049
-0.047
-0.044
-0.042
-0.038
-0.032
-0.022
-0.014
-0.006
0.0
0.009
0.015
0.02
0.025
0.031
0.038
0.048
0.06
0.068
0.075
0.081
0.087
0.093
0.1
0.107
0.115
0.125
0.14
0.16
0.179
0.198
0.214
0.224
0.23
0.234
0.236
0.238
0.24
0.24
0.239
0.235
0.23
0.224
0.217
0.207
0.197
0.187
0.176
0.163
0.149
0.137
0.127
0.117
0.107
0.097
0.089
0.082
0.076
0.071
0.063
0.047
0.033
0.022
0.011
0.005
0.002
0.0
-0.003
-0.005
-0.007
-0.009
-0.011
-0.014
-0.016
-0.018
-0.02
-0.021
-0.021
-0.021
-0.022
-0.023
-0.024
-0.025
-0.027
-0.029
-0.031
-0.034
-0.036
-0.038
-0.039
-0.039
-0.039
-0.039
-0.039
-0.04
-0.04
-0.04
-0.039
-0.04
-0.04
-0.041
-0.042
-0.043
-0.044
-0.044
-0.044
-0.045
-0.045
-0.046
-0.046
-0.046
-0.046
-0.046
-0.046
-0.047
-0.048
-0.049
-0.051
-0.052
-0.054
-0.055
-0.057
-0.058
-0.06
-0.061
-0.063
-0.064
-0.064
-0.064
-0.064
-0.062
-0.06
-0.058
-0.056
-0.053
-0.05
-0.047
-0.044
-0.04
-0.035
-0.031
-0.029
-0.028
-0.027
-0.026
-0.024
-0.021
-0.022
-0.032
-0.039
-0.044
-0.049
-0.052
-0.052
-0.05
-0.046
-0.041
-0.033
-0.018
-0.01
-0.008
-0.005
-0.001
0.001
0.003
0.003
0.004
0.005
0.006
0.007
0.007
0.007
0.005
0.003
0.002
0.0
-0.001
-0.003
-0.006
-0.009
-0.012
-0.014
-0.017
-0.024
-0.031
-0.035
-0.039
-0.041
-0.042
-0.043
-0.045
-0.047
-0.049
-0.05
-0.052
-0.052
-0.053
-0.053
-0.052
-0.052
-0.052
-0.051
-0.051
-0.05
-0.049
-0.048
-0.046
-0.045
-0.044
-0.042
-0.037
-0.028
-0.02
-0.001
0.042
0.114
0.227
0.38
0.56
0.732
0.851
0.879
0.798
0.624
0.414
0.227
0.096
0.032
0.006
-0.01
-0.028
-0.046
-0.063
-0.078
-0.095
-0.108
-0.115
-0.12
-0.122
-0.12
-0.115
-0.108
-0.095
-0.08
-0.076
-0.072
-0.07
-0.068
-0.068
-0.072
-0.076
-0.081
-0.087
-0.091
-0.086
-0.077
-0.073
-0.07
-0.068
-0.065
-0.062
-0.059
-0.057
-0.054
-0.05
-0.047
-0.044
-0.041
-0.037
-0.032
-0.024
-0.017
-0.013
-0.009
-0.005
0.0
0.001
0.0
-0.005
-0.011
-0.017
-0.016
-0.003
0.008
0.02
0.029
0.035
0.04
0.046
0.053
0.061
0.068
0.075
0.081
0.084
0.086
0.089
0.092
0.094
0.091
0.083
0.076
0.068
0.064
0.069
0.079
0.09
0.101
0.107
0.11
0.114
0.118
0.117
0.103
0.088
0.071
0.06
0.054
0.05
0.047
0.044
0.042
0.038
0.035
0.033
0.03
0.027
0.025
0.022
0.018
0.014
0.012
0.011
0.012
0.013
0.015
0.016
0.018
0.021
0.024
0.024
0.019
0.013
0.01
0.007
0.004
0.002
0.0
0.0
-0.001
-0.002
-0.002
-0.001
0.0
0.0
0.002
0.002
0.003
0.005
0.006
0.007
0.008
0.008
0.005
0.0
-0.003
-0.007
-0.009
-0.011
-0.013
-0.015
-0.017
-0.019
-0.02
-0.021
-0.022
-0.023
-0.024
-0.024
-0.025
-0.025
-0.025
-0.026
-0.026
-0.026
-0.026
-0.026
-0.026
-0.026
-0.026
-0.026
-0.026
-0.026
-0.026
-0.026
-0.026
-0.025
-0.025
-0.024
-0.024
-0.024
-0.024
-0.025
-0.026
-0.026
-0.027
-0.028
-0.028
-0.029
-0.029
-0.029
-0.029
-0.028
-0.028
-0.029
-0.031
-0.032
-0.032
-0.028
-0.023
-0.019
-0.017
-0.016
-0.014
-0.011
-0.008
-0.006
-0.004
-0.002
0.0
0.0
0.002
0.003
0.004
0.003
0.002
0.001
0.0
0.0
0.0
0.001
0.002
0.003
0.004
0.006
0.007
0.008
0.009
0.008
0.007
0.004
0.001
-0.002
-0.006
-0.01
-0.014
-0.022
-0.029
-0.032
-0.034
-0.035
-0.036
-0.038
-0.039
-0.04
-0.04
-0.039
-0.038
-0.036
-0.035
-0.035
-0.033
-0.031
-0.029
-0.027
-0.025
-0.024
-0.022
-0.02
-0.018
-0.015
-0.011
-0.006
0.017
0.089
0.195
0.331
0.488
0.639
0.736
0.746
0.695
0.548
0.368
0.202
0.076
-0.001
-0.032
-0.043
-0.043
-0.033
-0.025
-0.017
-0.013
-0.023
-0.04
-0.05
-0.056
-0.063
-0.068
-0.071
-0.075
-0.077
-0.079
-0.08
-0.081
-0.08
-0.078
-0.075
-0.071
-0.066
-0.062
-0.058
-0.054
-0.051
-0.047
-0.043
-0.039
-0.037
-0.034
-0.033
-0.031
-0.031
-0.031
-0.031
-0.032
-0.032
-0.033
-0.033
-0.034
-0.034
-0.035
