0.323
0.391
0.458
0.522
0.569
0.586
0.573
0.558
0.547
0.533
0.518
0.507
0.499
0.492
0.487
0.486
0.486
0.486
0.487
0.488
0.489
0.49
0.491
0.491
0.492
0.493
0.494
0.495
0.496
0.498
0.5
0.501
0.502
0.501
0.498
0.492
0.486
0.479
0.47
0.455
0.441
0.426
0.408
0.389
0.37
0.344
0.316
0.295
0.28
0.265
0.259
0.254
0.251
0.247
0.244
0.242
0.241
0.241
0.241
0.242
0.245
0.249
0.254
0.26
0.266
0.273
0.282
0.297
0.311
0.323
0.331
0.338
0.345
0.349
0.352
0.35
0.346
0.339
0.329
0.317
0.296
0.28
0.267
0.258
0.248
0.236
0.224
0.216
0.209
0.203
0.198
0.192
0.187
0.183
0.179
0.174
0.165
0.15
0.135
0.115
0.095
0.082
0.074
0.083
0.112
0.162
0.231
0.303
0.353
0.369
0.361
0.337
0.288
0.229
0.161
0.09
0.023
-0.029
-0.048
-0.046
-0.023
0.012
0.049
0.06
0.064
0.069
0.073
0.077
0.08
0.084
0.087
0.089
0.09
0.09
0.09
0.089
0.087
0.086
0.084
0.082
0.081
0.079
0.077
0.076
0.075
0.074
0.073
0.071
0.069
0.067
0.065
0.063
0.061
0.06
0.059
0.058
0.058
0.057
0.057
0.056
0.056
0.055
0.054
0.052
0.051
0.049
0.048
0.046
0.045
0.044
0.042
0.041
0.039
0.036
0.032
0.026
0.021
0.016
0.011
0.007
0.002
-0.001
-0.004
-0.007
-0.008
-0.01
-0.011
-0.012
-0.014
-0.016
-0.018
-0.02
-0.021
-0.021
-0.021
-0.02
-0.018
-0.016
-0.013
-0.01
-0.007
-0.004
-0.002
0.0
0.0
0.001
0.001
0.001
0.001
0.002
0.003
0.004
0.005
0.005
0.005
0.004
0.002
0.001
0.0
-0.002
-0.006
-0.01
-0.016
-0.021
-0.022
-0.019
-0.015
-0.013
-0.011
-0.008
-0.005
-0.002
0.0
0.002
0.005
0.007
0.009
0.009
0.01
0.01
0.011
0.013
0.015
0.017
0.018
0.019
0.018
0.015
0.011
0.005
-0.001
-0.008
-0.016
-0.023
-0.031
-0.038
-0.045
-0.053
-0.059
-0.065
-0.07
-0.074
-0.078
-0.082
-0.086
-0.089
-0.093
-0.096
-0.098
-0.1
-0.102
-0.104
-0.105
-0.106
-0.107
-0.108
-0.109
-0.11
-0.11
-0.11
-0.11
-0.109
-0.109
-0.109
-0.109
-0.109
-0.108
-0.108
-0.109
-0.109
-0.111
-0.112
-0.113
-0.115
-0.115
-0.116
-0.117
-0.118
-0.12
-0.121
-0.123
-0.126
-0.128
-0.13
-0.132
-0.133
-0.135
-0.136
-0.136
-0.136
-0.135
-0.135
-0.134
-0.133
-0.133
-0.134
-0.135
-0.137
-0.138
-0.139
-0.139
-0.14
-0.141
-0.143
-0.144
-0.146
-0.148
-0.153
-0.164
-0.176
-0.188
-0.206
-0.234
-0.267
-0.298
-0.328
-0.358
-0.387
-0.419
-0.453
-0.486
-0.518
-0.55
-0.575
-0.593
-0.611
-0.628
-0.645
-0.656
-0.661
-0.665
-0.669
-0.671
-0.672
-0.67
-0.665
-0.658
-0.649
-0.632
-0.6
-0.543
-0.471
-0.389
-0.313
-0.267
-0.252
-0.261
-0.291
-0.338
-0.398
-0.47
-0.547
-0.62
-0.671
-0.688
-0.679
-0.65
-0.602
-0.552
-0.52
-0.485
-0.453
-0.429
-0.411
-0.394
-0.381
-0.371
-0.363
-0.354
-0.344
-0.332
-0.315
-0.291
-0.272
-0.257
-0.245
-0.235
-0.227
-0.22
-0.213
-0.207
-0.2
-0.193
-0.186
-0.178
-0.167
-0.154
-0.141
-0.129
-0.123
-0.12
-0.117
-0.116
-0.115
-0.114
-0.113
-0.112
-0.11
-0.106
-0.103
-0.099
-0.096
-0.094
-0.092
-0.09
-0.088
-0.086
-0.084
-0.08
-0.076
-0.071
-0.067
-0.065
-0.064
-0.064
-0.065
-0.067
-0.069
-0.072
-0.076
-0.081
-0.085
-0.085
-0.081
-0.073
-0.065
-0.057
-0.049
-0.04
-0.03
-0.017
-0.007
0.0
0.003
0.006
0.009
0.012
0.015
0.018
0.021
0.024
0.026
0.028
0.03
0.032
0.034
0.037
0.041
0.051
0.062
0.074
0.086
0.098
0.113
0.128
0.138
0.145
0.151
0.157
0.161
0.164
0.166
0.167
0.167
0.167
0.168
0.168
0.17
0.174
0.176
0.171
0.161
0.157
0.154
0.151
0.148
0.146
0.145
0.144
0.144
0.145
0.147
0.149
0.151
0.153
0.156
0.158
0.159
0.16
0.161
0.161
0.162
0.162
0.161
0.161
0.16
0.159
0.158
0.157
0.157
0.156
0.156
0.156
0.157
0.158
0.16
0.162
0.164
0.168
0.172
0.175
0.179
0.184
0.193
0.203
0.211
0.217
0.223
0.227
0.231
0.234
0.237
0.238
0.239
0.238
0.237
0.236
0.233
0.23
0.227
0.224
0.222
0.221
0.221
0.22
0.218
0.216
0.214
0.213
0.212
0.211
0.21
0.208
0.207
0.207
0.207
0.208
0.209
0.209
0.209
0.21
0.211
0.213
0.214
0.215
0.215
0.216
0.218
0.219
0.22
0.221
0.222
0.224
0.227
0.231
0.233
0.236
0.237
0.237
0.236
0.233
0.229
0.223
0.217
0.211
0.204
0.195
0.187
0.181
0.176
0.173
0.171
0.169
0.167
0.165
0.163
0.161
0.158
0.155
0.151
0.147
0.144
0.139
0.134
0.126
0.11
0.1
0.095
0.088
0.08
0.08
0.096
0.139
0.205
0.293
0.389
0.46
0.467
0.428
0.294
0.119
-0.04
-0.116
-0.121
-0.073
0.006
0.073
0.103
0.118
0.128
0.139
0.154
0.167
0.183
0.191
0.183
0.17
0.161
0.155
0.15
0.146
0.142
0.137
0.132
0.128
0.124
0.121
0.116
0.109
0.096
0.085
0.074
0.066
0.059
0.052
0.043
0.032
0.022
0.012
0.002
-0.006
-0.014
-0.021
-0.028
-0.032
-0.035
-0.037
-0.04
-0.042
-0.044
-0.046
-0.049
-0.052
-0.054
-0.057
-0.059
-0.061
-0.064
-0.067
-0.073
-0.082
-0.093
-0.103
-0.113
-0.121
-0.129
-0.137
-0.143
-0.149
-0.153
-0.156
-0.158
-0.16
-0.163
-0.165
-0.167
-0.169
-0.17
-0.171
-0.172
-0.172
-0.172
-0.172
-0.171
-0.171
-0.17
-0.169
-0.168
-0.166
-0.164
-0.162
-0.16
-0.158
-0.156
-0.155
-0.154
-0.153
-0.153
-0.153
-0.153
-0.153
-0.152
-0.151
-0.149
-0.148
-0.146
-0.145
-0.144
-0.144
-0.143
-0.144
-0.144
-0.144
-0.144
-0.142
-0.139
-0.137
-0.137
-0.14
-0.145
-0.149
-0.151
-0.153
-0.155
-0.157
-0.16
-0.163
-0.165
-0.167
-0.168
-0.169
-0.169
-0.167
-0.165
-0.162
-0.158
-0.154
-0.151
-0.147
-0.143
-0.139
-0.136
-0.133
-0.13
-0.127
-0.123
-0.118
-0.113
-0.108
-0.103
-0.098
-0.094
-0.09
-0.086
-0.083
-0.08
-0.078
-0.075
-0.073
-0.07
-0.067
-0.065
-0.062
-0.06
-0.058
-0.056
-0.056
-0.055
-0.054
-0.053
-0.051
-0.05
-0.048
-0.046
-0.043
-0.039
-0.036
-0.032
-0.027
-0.023
-0.018
-0.013
-0.006
0.001
0.009
0.016
0.022
0.028
0.033
0.037
0.04
0.042
0.044
0.046
0.048
0.05
0.052
0.054
0.057
0.06
0.062
0.065
0.067
0.069
0.073
0.079
0.089
0.1
0.11
0.119
0.129
0.139
0.147
0.151
0.154
0.157
0.16
0.162
0.163
0.163
0.158
0.151
0.142
0.13
0.111
0.089
0.076
0.068
0.062
0.057
0.054
0.05
0.047
0.045
0.043
0.041
0.038
0.033
0.025
0.014
0.0
-0.014
-0.025
-0.035
-0.044
-0.052
-0.059
-0.067
-0.072
-0.075
-0.073
-0.064
-0.05
-0.004
0.075
0.184
0.3
0.372
0.374
0.307
0.149
-0.042
-0.216
-0.313
-0.325
-0.288
-0.211
-0.145
-0.096
-0.08
-0.078
-0.077
-0.075
-0.075
-0.074
-0.075
-0.079
-0.083
-0.086
-0.088
-0.091
-0.094
-0.096
-0.097
-0.098
-0.096
-0.092
-0.087
-0.081
-0.075
-0.07
-0.066
-0.063
-0.059
-0.055
-0.052
-0.048
-0.046
-0.043
-0.041
-0.039
-0.036
-0.034
-0.031
-0.029
-0.025
-0.021
-0.016
-0.011
-0.006
-0.001
0.002
0.006
0.01
0.015
0.019
0.023
0.027
0.032
0.037
0.042
0.044
0.043
0.04
0.037
0.032
0.028
0.023
0.018
0.012
0.006
0.001
-0.001
-0.003
-0.005
-0.007
-0.008
-0.008
-0.009
-0.009
-0.01
-0.011
-0.012
-0.013
-0.014
-0.015
-0.016
-0.016
-0.015
-0.014
-0.013
-0.012
-0.011
-0.01
-0.008
-0.006
-0.005
-0.003
-0.002
-0.001
0.0
0.002
0.005
0.007
0.008
0.011
0.015
0.018
0.02
0.019
0.016
0.011
0.006
0.001
0.0
-0.002
-0.004
-0.006
-0.007
-0.009
-0.011
-0.013
-0.016
-0.018
-0.019
-0.021
-0.022
-0.023
-0.023
-0.023
-0.024
-0.026
-0.028
-0.03
-0.032
-0.035
-0.039
-0.043
-0.048
-0.053
-0.059
-0.064
-0.069
-0.076
-0.083
-0.09
-0.098
-0.105
-0.11
-0.114
-0.118
-0.121
-0.124
-0.127
-0.13
-0.131
-0.132
-0.133
-0.133
-0.134
-0.134
-0.135
-0.135
-0.135
-0.135
-0.135
-0.136
-0.138
-0.139
-0.139
-0.138
-0.137
-0.136
-0.135
-0.135
-0.134
-0.132
-0.13
-0.128
-0.127
-0.126
-0.125
-0.121
-0.117
-0.111
-0.105
-0.101
-0.098
-0.094
-0.089
-0.084
-0.078
-0.072
-0.067
-0.063
-0.058
-0.054
-0.051
-0.048
-0.046
-0.046
-0.045
-0.044
-0.043
-0.041
-0.038
-0.036
-0.033
-0.03
-0.027
-0.024
-0.021
-0.018
-0.015
-0.012
-0.008
-0.003
0.003
0.011
0.016
0.018
0.019
0.021
0.023
0.026
0.028
0.03
0.031
0.031
0.031
0.029
0.027
0.023
0.019
0.015
0.01
0.004
-0.002
-0.009
-0.016
-0.023
-0.032
-0.042
-0.05
-0.058
-0.063
-0.068
-0.073
-0.077
-0.081
-0.087
-0.096
-0.106
-0.097
-0.073
-0.026
0.044
0.137
0.235
0.297
0.298
0.242
0.098
-0.074
-0.227
-0.299
-0.323
-0.301
-0.235
-0.164
-0.112
-0.088
-0.075
-0.068
-0.061
-0.052
-0.043
-0.038
-0.034
-0.031
-0.029
-0.027
-0.025
-0.023
-0.022
-0.02
-0.019
-0.018
-0.017
-0.016
-0.014
-0.013
-0.011
-0.009
-0.007
-0.006
-0.004
-0.002
-0.001
0.0
0.0
0.0
0.001
0.002
0.004
0.006
0.008
0.01
0.012
0.014
0.016
0.018
0.019
0.02
0.02
0.021
0.021
0.022
0.023
0.025
0.026
0.027
0.026
0.025
0.023
0.02
0.017
0.014
0.011
0.008
0.006
0.004
0.002
0.001
0.0
-0.001
-0.002
-0.003
-0.003
-0.002
-0.001
-0.001
0.0
0.0
0.002
0.004
0.006
0.008
0.013
0.023
0.032
0.038
0.043
0.049
0.055
0.059
0.062
0.064
0.067
0.069
0.072
0.076
0.079
0.082
0.085
0.088
0.092
0.096
0.099
0.102
0.105
0.107
0.111
0.115
0.122
0.134
0.147
0.156
0.161
0.165
0.17
0.174
0.179
0.182
0.185
0.188
0.191
0.194
0.197
0.199
0.202
0.204
0.207
0.21
0.213
0.216
0.219
0.221
0.224
0.227
0.229
0.231
0.232
0.232
0.231
0.23
0.229
0.227
0.225
0.223
0.222
0.22
0.217
0.213
0.21
0.208
0.207
0.207
0.209
0.211
0.212
0.213
0.214
0.216
0.218
0.22
0.221
0.223
0.223
0.223
0.223
0.221
0.22
0.217
0.214
0.21
0.207
0.203
0.199
0.191
0.182
0.176
0.17
0.162
0.151
0.139
0.13
0.123
0.116
0.108
0.1
0.091
0.081
0.074
0.068
0.065
0.062
0.06
0.058
0.055
0.052
0.049
0.045
0.039
0.029
0.008
-0.003
-0.009
-0.014
-0.018
-0.02
-0.019
-0.016
-0.011
-0.006
-0.002
0.001
0.005
0.009
0.013
0.017
0.019
0.021
0.023
0.024
0.026
0.028
0.029
0.031
0.035
0.034
0.02
0.007
-0.004
-0.014
-0.021
-0.027
-0.032
-0.036
-0.036
-0.031
-0.025
-0.022
-0.02
-0.019
-0.017
-0.015
-0.013
-0.011
-0.009
-0.006
-0.003
-0.001
0.0
0.003
0.006
0.012
0.039
0.092
0.169
0.262
0.348
0.384
0.375
0.293
0.135
-0.051
-0.212
-0.283
-0.284
-0.219
-0.11
-0.01
0.055
0.076
0.083
0.085
0.082
0.077
0.073
0.069
0.067
0.068
0.075
0.085
0.098
0.113
0.123
0.127
0.13
0.131
0.132
0.133
0.134
0.136
0.137
0.138
0.139
0.141
0.142
0.143
0.144
0.145
0.146
0.148
0.153
0.169
0.183
0.193
0.2
0.206
0.212
0.215
0.211
0.204
0.201
0.199
0.197
0.195
0.194
0.193
0.191
0.189
0.187
0.185
0.183
0.181
0.18
0.177
0.175
0.172
0.168
0.163
0.152
0.142
0.135
0.126
0.118
0.113
0.111
0.109
0.108
0.106
0.105
0.105
0.105
0.106
0.109
0.113
0.118
0.125
0.134
0.149
0.159
0.168
0.175
0.182
0.187
0.191
0.194
0.197
0.199
0.202
0.204
0.207
0.211
0.214
0.218
0.221
0.224
0.227
0.23
0.233
0.235
0.237
0.238
0.237
0.234
0.231
0.227
0.223
0.221
0.219
0.216
0.214
0.211
0.209
0.207
0.206
0.205
0.204
0.203
0.202
0.2
0.199
0.198
0.198
0.197
0.196
0.194
0.193
0.192
0.19
0.188
0.185
0.177
0.168
0.158
0.148
0.138
0.131
0.126
0.122
0.119
0.117
0.115
0.113
0.109
0.105
0.1
0.094
0.084
0.067
0.053
0.034
0.013
-0.001
-0.012
-0.026
-0.036
-0.044
-0.051
-0.057
-0.063
-0.07
-0.078
-0.087
-0.098
-0.11
-0.125
-0.138
-0.154
-0.176
-0.191
-0.199
-0.205
-0.211
-0.217
-0.221
-0.225
-0.227
-0.229
-0.231
-0.234
-0.236
-0.239
-0.242
-0.245
-0.248
-0.251
-0.255
-0.261
-0.267
-0.274
-0.281
-0.288
-0.297
-0.306
-0.313
-0.318
-0.321
-0.323
-0.325
-0.327
-0.329
-0.331
-0.332
-0.332
-0.332
-0.332
-0.333
-0.333
-0.332
-0.332
-0.33
-0.329
-0.327
-0.326
-0.324
-0.323
-0.322
-0.32
-0.319
-0.318
-0.317
-0.316
-0.315
-0.313
-0.312
-0.311
-0.311
-0.311
-0.311
-0.311
-0.312
-0.313
-0.314
-0.316
-0.318
-0.321
-0.324
-0.326
-0.33
-0.338
-0.339
-0.33
-0.307
-0.259
-0.189
-0.1
-0.008
0.059
0.065
0.031
-0.094
-0.266
-0.434
-0.553
-0.583
-0.574
-0.498
-0.411
-0.34
-0.299
-0.288
-0.282
-0.277
-0.273
-0.27
-0.266
-0.261
-0.256
-0.251
-0.249
-0.251
-0.255
-0.261
-0.265
-0.27
-0.274
-0.274
-0.27
-0.263
-0.256
-0.244
-0.229
-0.222
-0.217
-0.214
-0.211
-0.208
-0.205
-0.203
-0.201
-0.199
-0.198
-0.196
-0.193
-0.191
-0.188
-0.185
-0.18
-0.175
-0.168
-0.161
-0.153
-0.142
-0.127
-0.124
-0.122
-0.121
-0.12
-0.119
-0.117
-0.116
-0.115
-0.115
-0.115
-0.115
-0.116
-0.117
-0.12
-0.122
-0.125
-0.128
-0.131
-0.133
-0.135
-0.136
-0.137
-0.138
-0.14
-0.141
-0.143
-0.145
-0.146
-0.147
-0.147
-0.146
-0.145
-0.142
-0.139
-0.136
-0.131
-0.126
-0.117
-0.1
-0.083
-0.077
-0.074
-0.072
-0.07
-0.067
-0.066
-0.064
-0.064
-0.063
-0.062
-0.061
-0.06
-0.06
-0.059
-0.059
-0.058
-0.058
-0.057
-0.056
-0.056
-0.055
-0.055
-0.053
-0.052
-0.051
-0.05
-0.049
-0.048
-0.047
-0.046
-0.045
-0.044
-0.043
-0.043
-0.042
-0.04
-0.038
-0.034
-0.031
-0.027
-0.023
-0.019
-0.015
-0.011
-0.008
-0.005
-0.003
-0.001
0.0
0.0
0.0
0.001
0.001
0.002
0.003
0.005
0.006
0.006
0.006
0.006
0.006
0.006
0.006
0.006
0.005
0.005
0.005
0.005
0.006
0.007
0.007
0.007
0.006
0.006
0.007
0.007
0.007
0.007
0.007
0.008
0.009
0.01
0.011
0.011
0.011
0.011
0.011
0.011
0.012
0.012
0.012
0.012
0.012
0.012
0.013
0.013
0.014
0.014
0.015
0.015
0.016
0.016
0.017
0.017
0.018
0.019
0.02
0.021
0.022
0.024
0.025
0.027
0.028
0.03
0.033
0.037
0.041
0.045
0.048
0.052
0.054
0.056
0.059
0.061
0.063
0.065
0.067
0.069
0.071
0.074
0.077
0.078
0.078
0.076
0.073
0.068
0.063
0.057
0.051
0.041
0.032
0.024
0.017
0.013
0.009
0.006
0.002
0.0
-0.002
-0.004
-0.006
-0.008
-0.009
-0.01
-0.011
-0.012
-0.012
-0.014
-0.018
-0.026
-0.025
-0.008
0.036
0.114
0.224
0.346
0.423
0.428
0.368
0.217
0.036
-0.123
-0.208
-0.218
-0.185
-0.108
-0.036
0.002
0.008
0.013
0.017
0.02
0.022
0.024
0.026
0.028
0.03
0.032
0.033
0.034
0.034
0.034
0.034
0.035
0.038
0.04
0.044
0.053
0.076
0.099
0.115
0.133
0.141
0.146
0.15
0.154
0.157
0.16
0.163
0.164
0.166
0.166
0.166
0.165
0.164
0.162
0.16
0.156
0.153
0.149
0.146
0.144
0.142
0.141
0.138
0.134
0.13
0.126
0.122
0.118
0.115
0.112
0.108
0.105
0.102
0.098
0.094
0.088
0.08
0.071
0.062
0.053
0.044
0.034
0.025
0.018
0.013
0.01
0.008
0.006
0.004
0.001
0.0
0.0
0.0
0.0
0.0
0.001
0.002
0.003
0.005
0.007
0.009
0.011
0.012
0.013
0.013
0.014
0.015
0.016
0.017
0.018
0.019
0.02
0.02
0.02
0.02
0.02
0.02
0.019
0.019
0.018
0.018
0.018
0.018
0.018
0.018
0.017
0.017
0.016
0.015
0.014
0.013
0.011
0.009
0.008
0.007
0.005
0.004
0.002
0.0
-0.001
-0.003
-0.004
-0.006
-0.007
-0.009
-0.011
-0.013
-0.014
-0.015
-0.016
-0.017
-0.018
-0.02
-0.021
-0.022
-0.022
-0.023
-0.024
-0.024
-0.024
-0.025
-0.025
-0.025
-0.025
-0.024
-0.024
-0.023
-0.023
-0.022
-0.022
-0.023
-0.023
-0.024
-0.024
-0.025
-0.026
-0.026
-0.026
-0.026
-0.026
-0.026
-0.026
-0.026
-0.025
-0.025
-0.025
-0.025
-0.026
-0.027
-0.027
-0.027
-0.028
-0.029
-0.03
-0.03
-0.031
-0.031
-0.031
-0.032
-0.032
-0.032
-0.033
-0.032
-0.032
-0.031
-0.031
-0.03
-0.03
-0.03
-0.03
-0.03
-0.03
-0.03
-0.031
-0.032
-0.032
-0.032
-0.031
-0.031
-0.03
-0.03
-0.03
-0.032
-0.033
-0.031
-0.023
-0.013
-0.007
-0.002
0.002
0.007
0.01
0.012
0.012
0.01
0.006
0.002
0.0
-0.004
-0.006
-0.009
-0.012
-0.014
-0.016
-0.018
-0.019
-0.021
-0.024
-0.027
-0.029
-0.031
-0.032
-0.033
-0.035
-0.037
-0.04
-0.044
-0.054
-0.058
-0.059
-0.062
-0.065
-0.049
0.0
0.079
0.188
0.31
0.414
0.464
0.427
0.297
0.105
-0.084
-0.222
-0.275
-0.244
-0.161
-0.081
-0.028
-0.008
0.0
0.005
0.011
0.017
0.019
0.021
0.022
0.023
0.024
0.025
0.026
0.027
0.028
0.029
0.03
0.031
0.032
0.032
0.032
0.031
0.03
0.03
0.031
0.031
0.033
0.035
0.038
0.042
0.043
0.041
0.039
0.037
0.035
0.032
0.03
0.03
0.033
0.037
0.04
0.043
0.045
0.047
0.049
0.051
0.054
0.055
0.056
0.057
0.056
0.056
0.055
0.053
0.05
0.047
0.043
0.039
0.034
0.029
0.017
0.008
0.0
-0.006
-0.012
-0.017
-0.022
-0.026
-0.028
-0.031
-0.033
-0.035
-0.036
-0.037
-0.038
-0.037
-0.037
-0.036
-0.034
-0.032
-0.029
-0.025
-0.022
-0.019
-0.017
-0.015
-0.013
-0.012
-0.011
-0.01
-0.009
-0.008
-0.007
-0.007
-0.006
-0.006
-0.005
-0.005
-0.005
-0.005
-0.005
-0.005
-0.005
-0.005
-0.005
-0.004
-0.004
-0.003
-0.003
-0.002
-0.002
-0.002
-0.002
-0.003
-0.002
-0.002
-0.001
0.0
0.0
0.001
0.003
0.004
0.005
0.006
0.007
0.008
0.008
0.008
0.007
0.007
0.007
0.007
0.009
0.01
0.006
0.0
-0.003
-0.004
-0.006
-0.008
-0.009
-0.01
-0.011
-0.012
-0.012
-0.012
-0.012
-0.011
-0.011
-0.011
-0.01
-0.01
-0.009
-0.008
-0.007
-0.006
-0.005
-0.003
-0.002
-0.004
-0.007
-0.012
-0.016
-0.02
-0.024
-0.026
-0.026
-0.025
-0.023
-0.02
-0.018
-0.016
-0.014
-0.011
-0.009
-0.005
-0.002
0.001
0.005
0.009
0.013
0.016
0.017
0.017
0.015
0.013
0.011
0.008
0.004
0.001
0.004
0.011
0.017
0.024
0.028
0.03
0.032
0.035
0.039
0.032
0.026
0.022
0.019
0.017
0.015
0.013
0.012
0.008
0.004
0.012
0.021
0.028
0.035
0.041
0.05
0.065
0.074
0.078
0.082
0.085
0.087
0.087
0.086
0.084
0.081
0.077
0.074
0.071
0.066
0.06
0.053
0.047
0.044
0.04
0.037
0.034
0.032
0.03
0.03
0.03
0.03
0.031
0.031
0.032
0.034
0.036
0.036
0.031
0.026
0.021
0.021
0.034
0.068
0.137
0.247
0.379
0.488
0.528
0.471
0.316
0.105
-0.097
-0.233
-0.272
-0.223
-0.128
-0.036
0.019
0.038
0.044
0.047
0.047
0.042
0.035
0.026
0.015
0.004
0.0
-0.004
-0.007
-0.01
-0.011
-0.012
-0.012
-0.012
-0.012
-0.013
-0.013
-0.013
-0.013
-0.013
-0.013
-0.013
-0.012
-0.012
-0.012
-0.011
-0.011
-0.011
-0.011
-0.011
-0.011
-0.011
-0.011
-0.01
-0.01
-0.009
-0.008
-0.007
-0.005
-0.004
-0.002
-0.001
0.0
0.001
0.005
0.009
0.009
0.006
0.0
-0.003
-0.007
-0.011
-0.014
-0.017
-0.021
-0.026
-0.033
-0.04
-0.047
-0.052
-0.056
-0.059
-0.063
-0.066
-0.069
-0.072
-0.074
-0.076
-0.078
-0.08
-0.082
-0.083
-0.084
-0.084
-0.084
-0.083
-0.082
-0.08
-0.078
-0.076
-0.072
-0.065
-0.057
-0.053
-0.051
-0.048
-0.046
-0.044
-0.043
-0.041
-0.04
-0.039
-0.038
-0.038
-0.037
-0.036
-0.034
-0.032
-0.03
-0.029
-0.03
-0.032
-0.034
-0.035
-0.038
-0.04
-0.042
-0.04
-0.036
-0.031
-0.023
-0.014
-0.013
-0.012
-0.01
-0.01
-0.015
-0.02
-0.023
-0.026
-0.028
-0.03
-0.031
-0.033
-0.034
-0.036
-0.037
-0.037
-0.036
-0.033
-0.029
-0.024
-0.017
-0.013
-0.01
-0.006
-0.007
-0.016
-0.021
-0.024
-0.027
-0.029
-0.031
-0.033
-0.033
-0.034
-0.034
-0.034
-0.035
-0.035
-0.035
-0.035
-0.035
-0.036
-0.037
-0.034
-0.032
-0.031
-0.03
-0.03
-0.03
-0.03
-0.03
-0.03
-0.029
-0.028
-0.028
-0.027
-0.027
-0.027
-0.026
-0.026
-0.026
-0.025
-0.025
-0.024
-0.023
-0.022
-0.021
-0.019
-0.015
-0.013
-0.014
-0.016
-0.019
-0.023
-0.019
-0.016
-0.014
-0.013
-0.012
-0.012
-0.012
-0.013
-0.016
-0.018
-0.021
-0.024
-0.03
-0.033
-0.03
-0.023
-0.018
-0.013
-0.008
-0.006
-0.006
-0.006
-0.006
-0.005
-0.004
-0.004
-0.003
-0.001
0.0
0.004
0.007
0.012
0.018
0.023
0.032
0.045
0.069
0.093
0.115
0.128
0.143
0.156
0.165
0.17
0.163
0.153
0.14
0.127
0.112
0.1
0.09
0.079
0.067
0.056
0.048
0.043
0.039
0.037
0.035
0.034
0.035
0.036
0.04
0.045
0.064
0.1
0.159
0.24
0.336
0.422
0.46
0.422
0.303
0.131
-0.046
-0.184
-0.23
-0.226
-0.159
-0.072
-0.007
0.024
0.036
0.043
0.049
0.054
0.057
0.053
0.046
0.043
0.041
0.039
0.036
0.034
0.033
0.031
0.029
0.028
0.027
0.026
0.026
0.027
0.028
0.03
0.031
0.032
0.033
0.034
0.035
0.036
0.036
0.037
0.038
0.041
0.043
0.045
0.046
0.047
0.047
0.047
0.048
0.047
0.046
0.045
0.044
0.045
0.047
0.049
0.05
0.052
0.053
0.053
0.054
0.055
0.055
0.055
0.054
0.052
0.05
0.047
0.044
0.039
0.03
0.023
0.014
0.003
-0.008
-0.022
-0.03
-0.033
-0.036
-0.038
-0.04
-0.042
-0.043
-0.044
-0.044
-0.044
-0.044
-0.045
-0.045
-0.044
-0.044
-0.044
-0.044
-0.045
-0.044
-0.033
-0.024
-0.016
-0.01
-0.008
-0.007
-0.005
-0.003
-0.004
-0.01
-0.013
-0.016
-0.018
-0.02
-0.021
-0.021
-0.019
-0.017
-0.014
-0.013
-0.012
-0.011
-0.01
-0.009
-0.008
-0.007
-0.006
-0.005
-0.004
-0.003
-0.002
-0.001
-0.001
-0.001
-0.001
-0.002
-0.002
-0.003
-0.004
-0.005
-0.006
-0.007
-0.009
-0.01
-0.011
-0.012
-0.013
-0.015
-0.017
-0.022
-0.028
-0.032
-0.034
-0.036
-0.04
-0.045
-0.045
-0.038
-0.032
-0.028
-0.024
-0.021
-0.022
-0.025
-0.029
-0.033
-0.036
-0.038
-0.041
-0.043
-0.046
-0.047
-0.047
-0.046
-0.045
-0.043
-0.041
-0.04
-0.038
-0.036
-0.034
-0.032
-0.03
-0.028
-0.026
-0.024
-0.023
-0.022
-0.021
-0.02
-0.019
-0.019
-0.018
-0.016
-0.013
-0.009
-0.01
-0.015
-0.021
-0.026
-0.031
-0.035
-0.037
-0.037
-0.034
-0.03
-0.026
-0.022
-0.018
-0.014
-0.011
-0.01
-0.011
-0.013
-0.016
-0.019
-0.021
-0.024
-0.027
-0.029
-0.029
-0.027
-0.023
-0.018
-0.008
0.009
0.016
0.019
0.022
0.025
0.028
0.03
0.031
0.032
0.033
0.033
0.032
0.032
0.03
0.028
0.025
0.022
0.019
0.016
0.011
0.001
-0.008
-0.013
-0.015
-0.017
-0.018
-0.02
-0.022
-0.024
-0.027
-0.029
-0.03
-0.032
-0.033
-0.035
-0.036
-0.038
-0.039
-0.044
-0.053
-0.054
-0.048
-0.033
