-0.019
-0.02
-0.022
-0.025
-0.029
-0.035
-0.041
-0.047
-0.051
-0.053
-0.054
-0.053
-0.051
-0.048
-0.044
-0.04
-0.036
-0.034
-0.033
-0.032
-0.032
-0.031
-0.03
-0.028
-0.027
-0.025
-0.022
-0.02
-0.018
-0.016
-0.015
-0.015
-0.014
-0.013
-0.012
-0.011
-0.011
-0.01
-0.008
-0.006
-0.003
0.0
0.002
0.005
0.009
0.015
0.026
0.038
0.047
0.055
0.065
0.075
0.082
0.084
0.086
0.087
0.088
0.088
0.086
0.078
0.065
0.045
0.015
-0.007
-0.022
-0.026
-0.027
-0.028
-0.028
-0.028
-0.028
-0.027
-0.027
-0.027
-0.025
-0.022
-0.018
-0.013
-0.009
-0.005
-0.002
0.0
0.003
0.005
0.008
0.009
0.011
0.012
0.013
0.013
0.013
0.012
0.012
0.011
0.01
0.009
0.007
0.005
0.003
0.001
-0.001
-0.005
-0.008
-0.012
-0.016
-0.022
-0.033
-0.045
-0.056
-0.066
-0.076
-0.088
-0.1
-0.113
-0.118
-0.122
-0.124
-0.126
-0.128
-0.129
-0.131
-0.132
-0.134
-0.136
-0.138
-0.14
-0.142
-0.143
-0.145
-0.146
-0.147
-0.148
-0.15
-0.151
-0.153
-0.156
-0.161
-0.166
-0.17
-0.171
-0.167
-0.162
-0.157
-0.155
-0.153
-0.151
-0.149
-0.147
-0.145
-0.143
-0.141
-0.14
-0.139
-0.138
-0.137
-0.136
-0.134
-0.133
-0.132
-0.131
-0.131
-0.129
-0.128
-0.126
-0.124
-0.122
-0.119
-0.117
-0.115
-0.11
-0.1
-0.09
-0.078
-0.06
-0.033
-0.004
0.023
0.07
0.132
0.204
0.276
0.34
0.362
0.374
0.369
0.323
0.26
0.186
0.111
0.035
-0.035
-0.098
-0.13
-0.142
-0.146
-0.139
-0.127
-0.121
-0.117
-0.114
-0.112
-0.11
-0.107
-0.104
-0.1
-0.096
-0.092
-0.088
-0.085
-0.082
-0.08
-0.077
-0.075
-0.074
-0.073
-0.072
-0.07
-0.069
-0.068
-0.066
-0.065
-0.063
-0.061
-0.06
-0.058
-0.057
-0.056
-0.055
-0.054
-0.053
-0.052
-0.05
-0.048
-0.044
-0.037
-0.026
-0.013
-0.002
0.009
0.021
0.033
0.044
0.055
0.064
0.069
0.073
0.076
0.079
0.081
0.083
0.084
0.085
0.085
0.083
0.081
0.078
0.075
0.071
0.066
0.059
0.05
0.04
0.03
0.02
0.01
0.0
-0.007
-0.012
-0.015
-0.018
-0.022
-0.025
-0.027
-0.028
-0.026
-0.02
-0.013
-0.006
0.0
0.01
0.02
0.029
0.037
0.042
0.045
0.048
0.051
0.053
0.056
0.06
0.063
0.066
0.071
0.076
0.084
0.102
0.134
0.183
0.234
0.287
0.34
0.391
0.444
0.499
0.536
0.575
0.615
0.657
0.682
0.693
0.699
0.676
0.607
0.519
0.414
0.301
0.184
0.064
-0.048
-0.142
-0.198
-0.217
-0.225
-0.224
-0.212
-0.2
-0.194
-0.191
-0.188
-0.185
-0.183
-0.18
-0.178
-0.176
-0.175
-0.173
-0.172
-0.171
-0.171
-0.171
-0.172
-0.173
-0.174
-0.174
-0.175
-0.176
-0.178
-0.178
-0.177
-0.177
-0.177
-0.176
-0.175
-0.173
-0.171
-0.169
-0.166
-0.164
-0.159
-0.146
-0.133
-0.12
-0.099
-0.074
-0.051
-0.027
-0.003
0.023
0.047
0.064
0.083
0.094
0.101
0.107
0.112
0.114
0.113
0.109
0.103
0.095
0.087
0.079
0.066
0.056
0.051
0.048
0.046
0.044
0.043
0.041
0.041
0.04
0.04
0.039
0.038
0.036
0.035
0.033
0.033
0.032
0.032
0.031
0.029
0.028
0.027
0.026
0.026
0.025
0.024
0.022
0.021
0.02
0.02
0.02
0.02
0.021
0.022
0.023
0.024
0.025
0.025
0.025
0.025
0.024
0.024
0.024
0.024
0.024
0.024
0.023
0.024
0.024
0.024
0.023
0.022
0.021
0.02
0.019
0.019
0.018
0.017
0.016
0.015
0.014
0.014
0.013
0.012
0.011
0.01
0.01
0.009
0.009
0.009
0.008
0.008
0.008
0.007
0.006
0.005
0.003
0.002
0.0
0.0
0.0
0.0
0.0
-0.001
-0.002
-0.003
-0.004
-0.005
-0.007
-0.009
-0.011
-0.013
-0.015
-0.017
-0.018
-0.019
-0.019
-0.02
-0.02
-0.019
-0.019
-0.019
-0.019
-0.021
-0.022
-0.024
-0.026
-0.029
-0.031
-0.034
-0.036
-0.037
-0.038
-0.038
-0.038
-0.037
-0.037
-0.036
-0.035
-0.033
-0.032
-0.03
-0.028
-0.026
-0.023
-0.021
-0.018
-0.016
-0.015
-0.013
-0.012
-0.011
-0.01
-0.009
-0.008
-0.007
-0.007
-0.006
-0.004
-0.003
-0.003
-0.002
-0.002
-0.002
-0.002
-0.002
-0.002
-0.001
-0.001
0.0
0.001
0.002
0.004
0.007
0.01
0.012
0.016
0.024
0.033
0.043
0.059
0.083
0.109
0.134
0.178
0.221
0.266
0.31
0.36
0.383
0.401
0.412
0.391
0.326
0.215
0.089
-0.016
-0.059
-0.075
-0.061
-0.049
-0.041
-0.036
-0.036
-0.043
-0.051
-0.054
-0.056
-0.058
-0.059
-0.061
-0.063
-0.066
-0.067
-0.068
-0.069
-0.069
-0.068
-0.068
-0.067
-0.066
-0.065
-0.065
-0.064
-0.064
-0.063
-0.062
-0.06
-0.058
-0.056
-0.053
-0.051
-0.048
-0.045
-0.042
-0.04
-0.037
-0.035
-0.032
-0.026
-0.018
-0.011
-0.005
-0.001
0.001
0.005
0.009
0.014
0.02
0.027
0.037
0.049
0.059
0.069
0.078
0.083
0.086
0.089
0.092
0.094
0.096
0.098
0.1
0.1
0.1
0.098
0.094
0.088
0.081
0.073
0.066
0.056
0.046
0.037
0.031
0.025
0.021
0.018
0.015
0.013
0.011
0.01
0.009
0.008
0.007
0.006
0.006
0.006
0.007
0.009
0.011
0.013
0.017
0.021
0.025
0.03
0.034
0.039
0.045
0.051
0.056
0.058
0.059
0.06
0.06
0.061
0.063
0.065
0.066
0.066
0.061
0.053
0.047
0.042
0.039
0.035
0.033
0.031
0.029
0.026
0.023
0.021
0.018
0.015
0.012
0.008
0.005
0.001
-0.002
-0.005
-0.007
-0.01
-0.012
-0.015
-0.017
-0.02
-0.022
-0.025
-0.027
-0.03
-0.032
-0.034
-0.036
-0.037
-0.038
-0.039
-0.04
-0.04
-0.039
-0.039
-0.039
-0.039
-0.04
-0.041
-0.041
-0.042
-0.042
-0.042
-0.041
-0.04
-0.039
-0.037
-0.035
-0.034
-0.031
-0.029
-0.027
-0.024
-0.021
-0.019
-0.012
0.008
0.026
0.051
0.078
0.12
0.17
0.226
0.291
0.362
0.432
0.467
0.464
0.41
0.298
0.156
0.007
-0.106
-0.134
-0.145
-0.147
-0.147
-0.146
-0.145
-0.143
-0.142
-0.14
-0.138
-0.135
-0.129
-0.121
-0.114
-0.11
-0.108
-0.107
-0.106
-0.104
-0.102
-0.1
-0.098
-0.096
-0.095
-0.092
-0.09
-0.089
-0.088
-0.088
-0.088
-0.088
-0.088
-0.088
-0.088
-0.088
-0.087
-0.086
-0.084
-0.082
-0.079
-0.077
-0.074
-0.07
-0.063
-0.054
-0.045
-0.035
-0.025
-0.016
-0.007
0.002
0.012
0.022
0.031
0.037
0.042
0.047
0.052
0.056
0.059
0.06
0.058
0.056
0.052
0.047
0.042
0.037
0.032
0.025
0.018
0.011
0.005
0.0
-0.004
-0.009
-0.014
-0.018
-0.02
-0.023
-0.026
-0.029
-0.031
-0.034
-0.037
-0.039
-0.04
-0.041
-0.04
-0.039
-0.036
-0.032
-0.028
-0.024
-0.021
-0.017
-0.013
-0.01
-0.008
-0.006
-0.005
-0.003
-0.001
0.0
0.002
0.004
0.006
0.008
0.01
0.011
0.012
0.012
0.013
0.012
0.012
0.012
0.012
0.011
0.011
0.01
0.01
0.01
0.01
0.011
0.012
0.011
0.003
-0.006
-0.013
-0.02
-0.027
-0.032
-0.035
-0.034
-0.032
-0.029
-0.025
-0.022
-0.017
-0.013
-0.01
-0.009
-0.009
-0.009
-0.01
-0.01
-0.01
-0.01
-0.011
-0.011
-0.012
-0.013
-0.014
-0.015
-0.015
-0.014
-0.013
-0.012
-0.01
-0.009
-0.007
-0.005
-0.002
0.0
0.001
0.003
0.005
0.009
0.015
0.019
0.023
0.027
0.032
0.043
0.059
0.083
0.126
0.187
0.258
0.335
0.419
0.501
0.557
0.576
0.552
0.478
0.32
0.131
-0.041
-0.171
-0.221
-0.219
-0.16
-0.09
-0.056
-0.045
-0.061
-0.073
-0.081
-0.087
-0.09
-0.09
-0.086
-0.082
-0.078
-0.077
-0.076
-0.075
-0.075
-0.074
-0.073
-0.072
-0.07
-0.069
-0.067
-0.066
-0.065
-0.064
-0.063
-0.063
-0.062
-0.061
-0.061
-0.06
-0.059
-0.057
-0.056
-0.054
-0.051
-0.048
-0.044
-0.039
-0.033
-0.028
-0.024
-0.018
-0.007
0.01
0.025
0.036
0.049
0.061
0.074
0.088
0.096
0.101
0.106
0.109
0.111
0.112
0.112
0.11
0.108
0.105
0.102
0.098
0.093
0.083
0.075
0.068
0.063
0.06
0.057
0.054
0.05
0.047
0.044
0.042
0.04
0.037
0.033
0.027
0.023
0.019
0.016
0.013
0.01
0.007
0.005
0.004
0.005
0.007
0.011
0.017
0.026
0.045
0.064
0.082
0.112
0.152
0.197
0.242
0.291
0.345
0.401
0.458
0.509
0.555
0.596
0.632
0.665
0.676
0.663
0.621
0.515
0.363
0.174
-0.014
-0.17
-0.271
-0.292
-0.287
-0.238
-0.187
-0.147
-0.125
-0.117
-0.114
-0.116
-0.12
-0.123
-0.126
-0.127
-0.128
-0.127
-0.122
-0.118
-0.114
-0.11
-0.106
-0.105
-0.106
-0.11
-0.115
-0.123
-0.139
-0.152
-0.162
-0.168
-0.172
-0.175
-0.178
-0.178
-0.173
-0.166
-0.154
-0.137
-0.122
-0.107
-0.09
-0.072
-0.053
-0.035
-0.018
-0.002
0.014
0.031
0.049
0.067
0.083
0.094
0.1
0.104
0.107
0.11
0.111
0.111
0.107
0.102
0.093
0.08
0.075
0.073
0.071
0.069
0.066
0.063
0.059
0.055
0.051
0.044
0.035
0.028
0.024
0.021
0.016
0.014
0.018
0.024
0.027
0.029
0.031
0.033
0.035
0.035
0.036
0.036
0.036
0.036
0.036
0.036
0.035
0.035
0.034
0.034
0.033
0.033
0.032
0.031
0.03
0.029
0.028
0.027
0.026
0.024
0.023
0.022
0.02
0.018
0.017
0.015
0.013
0.012
0.01
0.009
0.008
0.006
0.005
0.004
0.003
0.001
-0.001
-0.003
-0.002
0.0
0.001
0.003
0.006
0.009
0.008
0.005
0.001
-0.001
-0.005
-0.009
-0.01
-0.009
-0.006
-0.003
-0.001
0.0
0.0
0.001
0.002
0.003
0.005
0.007
0.008
0.01
0.011
0.011
0.012
0.012
0.013
0.013
0.014
0.014
0.015
0.016
0.017
0.018
0.02
0.022
0.024
0.025
0.027
0.029
0.03
0.032
0.034
0.037
0.042
0.046
0.048
0.047
0.042
0.037
0.032
0.025
0.02
0.016
0.013
0.01
0.007
0.006
0.006
0.009
0.012
0.015
0.018
0.02
0.022
0.024
0.026
0.028
0.028
0.028
0.027
0.024
0.022
0.018
0.014
0.009
-0.002
-0.011
-0.02
-0.027
-0.029
-0.029
-0.03
-0.032
-0.024
-0.016
-0.011
-0.006
-0.004
-0.002
-0.001
0.001
0.004
0.005
0.004
0.003
0.002
0.001
0.0
0.0
0.0
0.001
0.002
0.003
0.004
0.005
0.007
0.01
0.012
0.017
0.03
0.053
0.081
0.118
0.161
0.208
0.256
0.307
0.359
0.406
0.427
0.42
0.365
0.26
0.123
-0.001
-0.083
-0.098
-0.093
-0.075
-0.065
-0.066
-0.077
-0.083
-0.087
-0.09
-0.093
-0.095
-0.097
-0.097
-0.096
-0.095
-0.094
-0.092
-0.09
-0.087
-0.084
-0.08
-0.075
-0.072
-0.068
-0.065
-0.061
-0.057
-0.053
-0.05
-0.047
-0.045
-0.043
-0.042
-0.041
-0.041
-0.04
-0.039
-0.038
-0.037
-0.036
-0.036
-0.035
-0.034
-0.033
-0.031
-0.029
-0.023
-0.009
0.004
0.014
0.022
0.029
0.037
0.047
0.055
0.06
0.064
0.068
0.07
0.074
0.08
0.089
0.093
0.096
0.098
0.098
0.095
0.09
0.085
0.076
0.066
0.051
0.038
0.032
0.029
0.025
0.018
0.01
0.006
0.002
0.0
-0.003
-0.006
-0.009
-0.01
-0.012
-0.013
-0.014
-0.015
-0.017
-0.018
-0.019
-0.021
-0.022
-0.024
-0.025
-0.026
-0.025
-0.023
-0.02
-0.017
-0.013
-0.009
-0.005
0.0
0.005
0.008
0.009
0.01
0.012
0.014
0.016
0.012
0.005
0.002
0.0
0.0
-0.001
-0.002
-0.003
-0.005
-0.006
-0.008
-0.011
-0.013
-0.015
-0.017
-0.018
-0.019
-0.02
-0.021
-0.021
-0.022
-0.023
-0.025
-0.028
-0.03
-0.033
-0.035
-0.037
-0.038
-0.039
-0.038
-0.037
-0.035
-0.033
-0.03
-0.028
-0.025
-0.023
-0.022
-0.02
-0.018
-0.017
-0.016
-0.015
-0.014
-0.012
-0.011
-0.01
-0.008
-0.007
-0.006
-0.005
-0.003
-0.001
0.001
0.003
0.012
0.031
0.052
0.071
0.101
0.136
0.178
0.225
0.277
0.333
0.396
0.457
0.509
0.516
0.5
0.407
0.27
0.118
-0.02
-0.115
-0.146
-0.145
-0.114
-0.088
-0.079
-0.08
-0.088
-0.096
-0.104
-0.104
-0.094
-0.079
-0.063
-0.057
-0.054
-0.051
-0.05
-0.05
-0.051
-0.051
-0.051
-0.051
-0.05
-0.05
-0.05
-0.051
-0.052
-0.053
-0.053
-0.053
-0.052
-0.051
-0.051
-0.049
-0.048
-0.047
-0.045
-0.043
-0.041
-0.04
-0.038
-0.036
-0.034
-0.031
-0.028
-0.026
-0.024
-0.021
-0.016
-0.007
0.011
0.032
0.049
0.055
0.058
0.061
0.063
0.065
0.066
0.066
0.066
0.066
0.065
0.064
0.062
0.059
0.055
0.051
0.046
0.038
0.022
0.014
0.009
0.006
0.002
-0.001
-0.005
-0.011
-0.021
-0.036
-0.05
-0.062
-0.069
-0.073
-0.076
-0.077
-0.076
-0.072
-0.067
-0.056
-0.048
-0.045
-0.043
-0.047
-0.051
-0.054
-0.053
-0.045
-0.038
-0.031
-0.026
-0.021
-0.012
-0.003
0.002
0.005
0.007
0.003
-0.004
-0.01
-0.016
-0.02
-0.023
-0.025
-0.027
-0.029
-0.03
-0.03
-0.031
-0.032
-0.032
-0.032
-0.032
-0.032
-0.032
-0.032
-0.033
-0.034
-0.035
-0.035
-0.036
-0.037
-0.038
-0.039
-0.041
-0.042
-0.043
-0.043
-0.044
-0.046
-0.047
-0.049
-0.051
-0.052
-0.053
-0.054
-0.053
-0.052
-0.05
-0.048
-0.046
-0.044
-0.042
-0.04
-0.039
-0.038
-0.036
-0.035
-0.034
-0.033
-0.032
-0.031
-0.03
-0.029
-0.028
-0.027
-0.027
-0.026
-0.025
-0.023
-0.022
-0.019
-0.012
0.002
0.028
0.064
0.109
0.164
0.23
0.304
0.388
0.476
0.564
0.633
0.656
0.614
0.503
0.333
0.135
-0.039
-0.145
-0.167
-0.163
-0.119
-0.082
-0.062
-0.055
-0.051
-0.051
-0.054
-0.057
-0.061
-0.066
-0.065
-0.057
-0.048
-0.038
-0.031
-0.023
-0.017
-0.015
-0.015
-0.014
-0.013
-0.012
-0.012
-0.013
-0.015
-0.016
-0.017
-0.018
-0.019
-0.02
-0.021
-0.022
-0.023
-0.023
-0.023
-0.022
-0.022
-0.021
-0.019
-0.017
-0.015
-0.012
-0.008
0.0
0.007
0.015
0.024
0.036
0.052
0.071
0.088
0.105
0.12
0.131
0.137
0.141
0.143
0.139
0.131
0.125
0.118
0.112
0.108
0.105
0.101
0.097
0.092
0.086
0.077
0.062
0.05
0.044
0.04
0.037
0.035
0.034
0.033
0.032
0.032
0.031
0.03
0.028
0.027
0.025
0.023
0.02
0.019
0.021
0.024
0.027
0.028
0.03
0.031
0.033
0.035
0.037
0.04
0.042
0.045
0.049
0.056
0.058
0.058
0.058
0.059
0.059
0.06
0.061
0.062
0.062
0.063
0.064
0.064
0.064
0.063
0.063
0.063
0.062
0.061
0.059
0.057
0.054
0.051
0.048
0.041
0.036
0.031
0.026
0.019
0.016
0.014
0.012
0.011
0.011
0.012
0.017
0.022
0.026
0.031
0.034
0.037
0.038
0.04
0.041
0.042
0.044
0.045
0.045
0.045
0.043
0.042
0.039
0.038
0.04
0.046
0.053
0.061
0.069
0.074
0.077
0.08
0.082
0.085
0.088
0.091
0.095
0.112
0.147
0.189
0.242
0.303
0.367
0.428
0.482
0.515
0.517
0.494
0.43
0.326
0.197
0.08
0.002
-0.022
-0.022
0.0
0.03
0.04
0.045
0.048
0.037
0.03
0.026
0.022
0.02
0.018
0.016
0.014
0.012
0.01
0.008
0.003
-0.008
-0.017
-0.021
-0.024
-0.025
-0.026
-0.025
-0.024
-0.022
-0.02
-0.017
-0.012
-0.01
-0.012
-0.017
-0.021
-0.025
-0.029
-0.032
-0.035
-0.04
-0.045
-0.037
-0.03
-0.025
-0.019
-0.013
-0.006
0.001
0.012
0.02
0.027
0.033
0.04
0.048
0.053
0.056
0.06
0.062
0.064
0.065
0.065
0.063
0.061
0.058
0.055
0.048
0.035
0.026
0.022
0.019
0.016
0.013
0.011
0.008
0.006
0.003
0.001
-0.001
-0.005
-0.009
-0.012
-0.016
-0.019
-0.023
-0.025
-0.028
-0.03
-0.032
-0.034
-0.036
-0.039
-0.041
-0.042
-0.041
-0.038
-0.035
-0.033
-0.03
-0.028
-0.026
-0.024
-0.022
-0.02
-0.018
-0.016
-0.015
-0.014
-0.012
-0.011
-0.01
-0.009
-0.008
-0.007
-0.006
-0.005
-0.004
-0.002
-0.001
0.0
0.0
0.0
0.0
0.0
-0.001
-0.002
-0.002
-0.004
-0.005
-0.007
-0.009
-0.011
-0.013
-0.015
-0.017
-0.018
-0.021
-0.024
-0.027
-0.029
-0.03
-0.03
-0.028
-0.025
-0.023
-0.021
-0.019
-0.018
-0.017
-0.016
-0.015
-0.013
-0.012
-0.011
-0.011
-0.01
-0.01
-0.009
-0.009
-0.008
-0.007
-0.007
-0.007
-0.007
-0.006
-0.005
-0.004
-0.003
-0.002
0.0
0.001
0.005
0.01
0.014
0.017
0.021
0.03
0.044
0.061
0.08
0.116
0.164
0.222
0.288
0.356
0.417
0.46
0.465
0.444
0.362
0.233
0.091
-0.034
-0.124
-0.154
-0.153
-0.12
-0.081
-0.059
-0.052
-0.06
-0.074
-0.087
-0.094
-0.098
-0.1
-0.1
-0.094
-0.087
-0.083
-0.08
-0.078
-0.075
-0.072
-0.07
-0.068
-0.066
-0.064
-0.064
-0.064
-0.064
-0.065
-0.066
-0.068
-0.07
-0.072
-0.075
-0.077
-0.079
-0.084
-0.095
-0.104
-0.111
-0.116
-0.12
-0.122
-0.121
-0.118
-0.113
-0.105
-0.091
-0.076
-0.061
-0.049
-0.039
-0.028
-0.016
-0.005
0.006
0.013
0.016
0.02
0.023
0.025
0.026
0.027
0.028
0.028
0.027
0.026
0.025
0.023
0.02
0.017
0.012
0.004
-0.013
-0.027
-0.035
-0.042
-0.048
-0.052
-0.057
-0.061
-0.063
-0.062
-0.06
-0.057
-0.056
-0.054
-0.052
-0.05
-0.049
-0.049
-0.05
-0.05
-0.052
-0.053
-0.055
-0.059
-0.059
-0.053
-0.049
-0.047
-0.045
-0.043
-0.042
-0.04
-0.038
-0.036
-0.033
-0.031
-0.029
-0.027
-0.025
-0.023
-0.021
-0.019
-0.017
-0.015
-0.014
-0.013
-0.011
-0.01
-0.009
-0.009
-0.008
-0.007
-0.004
-0.002
-0.002
-0.006
-0.012
-0.017
-0.023
-0.027
-0.029
-0.03
-0.031
-0.031
-0.033
-0.033
-0.034
-0.034
-0.03
-0.026
-0.022
-0.019
-0.018
-0.016
-0.014
-0.012
-0.01
-0.008
-0.006
-0.005
-0.004
-0.003
-0.002
-0.001
0.0
0.0
0.001
0.002
0.004
0.006
0.008
0.01
0.012
0.015
0.022
0.034
0.052
0.082
0.121
0.169
0.23
0.301
0.379
0.458
0.528
0.571
0.571
0.529
0.411
0.246
0.069
-0.073
-0.141
-0.151
-0.134
-0.1
-0.088
-0.094
-0.103
-0.109
-0.104
-0.089
-0.061
-0.035
-0.013
-0.002
0.002
0.006
0.008
0.005
0.0
-0.002
-0.006
-0.008
-0.01
-0.01
-0.007
-0.004
-0.001
0.001
0.003
0.006
0.009
0.01
0.01
0.009
0.008
0.006
0.003
0.001
0.0
-0.003
-0.006
-0.007
-0.006
-0.004
0.0
0.003
0.007
0.012
0.017
0.022
0.027
0.032
0.041
0.057
0.073
0.089
0.098
0.104
0.107
0.109
0.109
0.107
0.103
0.099
0.094
0.086
0.081
0.077
0.072
0.066
0.058
0.05
0.044
0.037
0.027
0.019
0.012
0.006
0.001
-0.001
-0.003
-0.004
-0.006
-0.007
-0.008
-0.008
-0.009
-0.01
-0.01
-0.011
-0.011
-0.012
-0.011
-0.011
-0.01
-0.009
-0.007
-0.005
-0.004
-0.002
0.0
0.0
0.001
0.002
0.004
0.006
0.008
0.01
0.01
0.01
0.01
0.01
0.011
0.01
0.01
0.009
0.008
0.007
0.008
0.011
0.015
0.017
0.021
0.024
0.026
0.024
0.02
0.016
0.011
0.006
0.001
-0.002
-0.006
-0.009
-0.012
-0.014
-0.016
-0.017
-0.019
-0.021
-0.023
-0.025
-0.028
-0.031
-0.034
-0.036
-0.039
-0.042
-0.044
-0.046
-0.047
-0.046
-0.044
-0.041
-0.037
-0.034
-0.031
-0.027
-0.023
-0.019
-0.017
-0.015
-0.013
-0.011
-0.009
-0.007
-0.005
-0.003
-0.002
-0.001
0.0
0.0
0.0
0.001
0.003
0.012
0.035
0.069
0.112
0.163
0.22
0.284
0.352
0.421
0.49
0.547
0.576
0.554
0.47
0.328
0.164
0.007
-0.098
-0.128
-0.096
-0.039
0.0
0.013
0.009
0.0
-0.026
-0.047
-0.055
-0.054
-0.045
-0.038
-0.032
-0.028
-0.025
-0.026
-0.028
-0.03
-0.033
-0.035
-0.036
-0.039
-0.04
-0.041
-0.041
-0.039
-0.038
-0.037
-0.036
-0.034
-0.033
-0.031
-0.03
-0.03
-0.033
-0.037
-0.04
-0.044
-0.049
-0.054
-0.054
-0.052
-0.047
-0.039
-0.025
-0.013
-0.004
0.003
0.014
0.028
0.043
0.057
0.069
0.078
0.085
0.09
0.094
0.096
0.097
0.096
0.095
0.093
0.091
0.089
0.086
0.084
0.08
0.075
0.071
0.066
0.06
0.053
0.046
0.04
0.036
0.032
0.027
0.023
0.019
0.015
0.012
0.008
0.004
0.002
0.0
0.0
0.0
-0.001
-0.003
-0.004
-0.002
0.0
0.002
0.003
0.004
0.005
0.005
0.006
0.006
0.007
0.008
0.01
0.01
0.011
0.012
0.013
0.014
0.016
0.017
0.019
0.02
0.023
0.026
0.03
0.033
0.035
0.037
0.04
0.043
0.045
0.047
0.046
0.042
0.037
0.028
0.015
0.008
0.003
0.0
0.0
0.004
0.008
0.01
0.012
0.014
0.016
0.018
0.019
0.02
0.021
0.022
0.023
0.023
0.022
0.022
0.021
0.021
0.02
0.02
0.019
0.019
0.018
0.017
0.017
0.016
0.014
0.013
0.012
0.015
0.021
0.031
0.044
0.055
0.066
0.078
0.089
0.108
0.131
0.164
0.207
0.254
0.313
0.381
0.442
0.47
0.47
0.435
0.354
0.247
0.14
0.05
0.004
-0.01
0.0
0.021
0.032
0.036
0.03
0.014
0.005
0.001
-0.001
-0.002
-0.003
-0.003
-0.004
-0.004
-0.005
-0.007
-0.008
-0.01
-0.011
-0.013
-0.014
-0.016
-0.018
-0.022
-0.029
-0.034
-0.037
-0.04
-0.043
-0.046
-0.047
-0.047
-0.044
-0.041
-0.034
-0.024
-0.018
-0.014
-0.012
-0.012
-0.013
-0.013
-0.014
-0.014
-0.008
-0.002
0.002
0.009
0.016
0.025
0.035
0.042
0.05
0.058
0.067
0.073
0.078
0.082
0.081
0.078
0.073
0.066
0.053
0.04
0.024
0.017
0.014
0.013
0.011
0.01
0.008
0.007
0.006
0.004
0.003
0.002
0.0
0.0
0.0
-0.001
-0.001
-0.002
-0.006
-0.013
-0.017
-0.02
-0.022
-0.024
-0.025
-0.026
-0.026
-0.024
-0.022
-0.019
-0.016
-0.014
-0.011
-0.008
-0.004
0.0
0.002
0.005
0.008
0.01
0.012
0.014
0.016
0.017
0.018
0.019
0.02
0.02
0.021
0.022
0.023
0.024
0.025
0.026
0.025
0.024
0.022
0.02
0.019
0.018
0.017
0.016
0.015
0.013
0.012
0.011
0.009
0.009
0.008
0.007
0.006
0.004
0.002
-0.003
-0.01
-0.014
-0.017
-0.019
-0.021
-0.022
-0.022
-0.021
-0.019
-0.017
-0.014
-0.012
-0.011
-0.01
-0.009
-0.008
-0.006
-0.005
-0.004
-0.003
-0.002
-0.001
0.0
0.0
0.0
0.0
0.0
0.0
0.0
0.0
0.0
0.001
0.002
0.003
0.004
0.005
0.007
0.011
0.015
0.02
0.028
0.053
0.086
0.129
0.186
0.258
0.337
0.42
0.495
0.546
0.551
0.525
0.425
0.268
0.081
-0.082
-0.178
-0.205
-0.184
-0.134
-0.083
-0.066
-0.062
-0.059
-0.057
-0.053
-0.05
-0.047
-0.043
-0.039
-0.033
-0.028
-0.027
-0.027
-0.026
-0.026
-0.025
-0.024
-0.023
-0.023
-0.023
-0.025
-0.027
-0.029
-0.031
-0.032
-0.034
-0.036
-0.038
-0.04
-0.041
-0.041
-0.042
-0.042
-0.042
-0.043
-0.043
-0.043
-0.043
-0.044
-0.046
-0.045
-0.037
-0.028
-0.018
-0.012
-0.003
0.005
0.021
0.043
0.059
0.069
0.074
0.078
0.081
0.083
0.083
0.081
0.079
0.076
0.074
0.071
0.068
0.064
0.059
0.054
0.048
0.041
0.033
0.026
0.021
0.013
0.0
-0.009
-0.014
-0.019
-0.023
-0.027
-0.034
-0.041
-0.044
-0.045
-0.046
-0.047
-0.047
-0.046
-0.043
-0.038
-0.032
-0.025
-0.018
-0.015
-0.014
-0.013
-0.012
-0.011
-0.01
-0.01
-0.01
-0.01
-0.009
-0.009
-0.009
-0.009
-0.009
-0.008
-0.008
-0.008
-0.007
-0.007
-0.007
-0.006
-0.006
-0.006
-0.006
-0.005
-0.004
-0.004
-0.003
-0.001
0.001
0.002
0.001
-0.002
-0.008
-0.019
-0.033
-0.04
-0.043
-0.046
-0.048
-0.05
-0.05
-0.051
-0.051
-0.051
-0.052
-0.052
-0.053
-0.054
-0.056
-0.056
-0.054
-0.05
-0.048
-0.047
-0.046
-0.045
-0.044
-0.043
-0.043
-0.042
-0.041
-0.04
-0.039
-0.038
-0.038
-0.038
-0.037
-0.036
-0.035
-0.033
-0.031
-0.025
-0.013
0.007
0.032
0.061
0.097
0.143
0.202
