-0.196
-0.215
-0.238
-0.26
-0.285
-0.307
-0.323
-0.333
-0.34
-0.346
-0.35
-0.349
-0.339
-0.328
-0.324
-0.321
-0.318
-0.316
-0.313
-0.311
-0.31
-0.309
-0.308
-0.307
-0.306
-0.305
-0.305
-0.304
-0.304
-0.303
-0.301
-0.3
-0.299
-0.296
-0.294
-0.291
-0.288
-0.285
-0.281
-0.277
-0.271
-0.256
-0.245
-0.24
-0.237
-0.233
-0.228
-0.225
-0.236
-0.257
-0.278
-0.301
-0.313
-0.32
-0.326
-0.331
-0.335
-0.337
-0.337
-0.332
-0.326
-0.318
-0.31
-0.301
-0.291
-0.278
-0.265
-0.255
-0.246
-0.237
-0.23
-0.227
-0.228
-0.233
-0.24
-0.248
-0.255
-0.266
-0.272
-0.264
-0.246
-0.227
-0.205
-0.189
-0.168
-0.139
-0.118
-0.104
-0.096
-0.094
-0.1
-0.108
-0.116
-0.126
-0.133
-0.133
-0.126
-0.117
-0.108
-0.099
-0.093
-0.093
-0.1
-0.114
-0.153
-0.208
-0.228
-0.247
-0.201
-0.093
0.074
0.294
0.559
0.851
1.129
1.333
1.396
1.27
0.965
0.563
0.16
-0.157
-0.297
-0.309
-0.236
-0.142
-0.099
-0.089
-0.083
-0.079
-0.075
-0.071
-0.066
-0.061
-0.056
-0.051
-0.045
-0.037
-0.024
-0.009
0.007
0.025
0.044
0.052
0.055
0.056
0.057
0.058
0.059
0.06
0.061
0.062
0.064
0.067
0.069
0.072
0.075
0.079
0.083
0.088
0.096
0.104
0.112
0.119
0.125
0.134
0.145
0.163
0.184
0.199
0.211
0.219
0.223
0.219
0.212
0.201
0.187
0.169
0.164
0.16
0.156
0.153
0.154
0.162
0.173
0.182
0.192
0.199
0.199
0.191
0.182
0.174
0.167
0.159
0.151
0.142
0.132
0.119
0.102
0.099
0.105
0.113
0.121
0.101
0.084
0.072
0.063
0.059
0.056
0.054
0.051
0.046
0.047
0.057
0.062
0.066
0.07
0.074
0.076
0.076
0.074
0.07
0.066
0.062
0.059
0.056
0.052
0.048
0.045
0.043
0.043
0.047
0.053
0.06
0.066
0.073
0.077
0.082
0.086
0.091
0.095
0.098
0.101
0.103
0.105
0.107
0.107
0.106
0.104
0.103
0.101
0.099
0.096
0.094
0.09
0.085
0.077
0.072
0.079
0.093
0.109
0.128
0.142
0.153
0.162
0.172
0.183
0.191
0.198
0.205
0.209
0.209
0.206
0.2
0.191
0.177
0.15
0.12
0.088
0.062
0.045
0.031
0.019
0.011
0.005
0.0
-0.003
-0.008
-0.012
-0.015
-0.019
-0.026
-0.036
-0.036
-0.023
0.011
0.079
0.181
0.33
0.522
0.744
0.963
1.133
1.203
1.147
0.96
0.653
0.282
-0.066
-0.339
-0.443
-0.446
-0.354
-0.233
-0.128
-0.057
-0.027
-0.016
-0.01
-0.006
-0.001
0.004
0.013
0.021
0.031
0.045
0.053
0.047
0.032
0.008
-0.019
-0.036
-0.047
-0.051
-0.045
-0.032
-0.017
0.001
0.016
0.036
0.063
0.08
0.09
0.097
0.102
0.105
0.107
0.109
0.112
0.117
0.115
0.097
0.076
0.054
0.037
0.019
0.005
0.003
0.002
0.0
0.002
0.014
0.021
0.026
0.031
0.034
0.037
0.04
0.042
0.043
0.044
0.044
0.042
0.039
0.036
0.032
0.028
0.024
0.02
0.016
0.011
0.006
0.001
-0.004
-0.01
-0.016
-0.022
-0.027
-0.032
-0.037
-0.041
-0.047
-0.055
-0.063
-0.069
-0.073
-0.08
-0.088
-0.086
-0.075
-0.07
-0.069
-0.067
-0.065
-0.064
-0.064
-0.063
-0.062
-0.061
-0.06
-0.058
-0.056
-0.054
-0.054
-0.053
-0.053
-0.052
-0.051
-0.05
-0.049
-0.048
-0.046
-0.043
-0.039
-0.033
-0.03
-0.029
-0.031
-0.035
-0.042
-0.051
-0.064
-0.076
-0.085
-0.092
-0.097
-0.097
-0.091
-0.081
-0.063
-0.039
-0.018
0.005
0.03
0.056
0.072
0.08
0.087
0.091
0.093
0.092
0.09
0.087
0.084
0.08
0.076
0.071
0.069
0.071
0.078
0.085
0.092
0.102
0.108
0.102
0.09
0.077
0.061
0.046
0.036
0.029
0.024
0.018
0.014
0.01
0.004
-0.005
-0.025
-0.048
-0.067
-0.082
-0.092
-0.078
-0.036
0.051
0.185
0.363
0.58
0.817
1.032
1.137
1.132
0.999
0.719
0.376
0.04
-0.216
-0.336
-0.345
-0.274
-0.162
-0.086
-0.061
-0.076
-0.098
-0.116
-0.125
-0.131
-0.119
-0.111
-0.107
-0.104
-0.103
-0.101
-0.1
-0.1
-0.098
-0.096
-0.094
-0.092
-0.09
-0.089
-0.088
-0.086
-0.084
-0.08
-0.074
-0.058
-0.041
-0.03
-0.023
-0.017
-0.013
-0.009
-0.006
-0.003
0.0
0.002
0.005
0.01
0.014
0.016
0.012
0.005
-0.002
-0.009
-0.019
-0.028
-0.033
-0.037
-0.041
-0.047
-0.044
-0.026
-0.015
-0.006
0.001
0.008
0.012
0.013
0.012
0.01
0.008
0.007
0.004
0.0
0.001
0.009
0.018
0.028
0.028
0.014
0.007
0.001
-0.004
-0.009
-0.013
-0.015
-0.017
-0.018
-0.019
-0.019
-0.017
-0.015
-0.012
-0.007
-0.003
0.001
0.006
0.015
0.035
0.046
0.053
0.059
0.063
0.065
0.061
0.052
0.043
0.035
0.023
0.014
0.013
0.017
0.022
0.026
0.03
0.035
0.038
0.038
0.037
0.035
0.031
0.028
0.026
0.023
0.02
0.016
0.014
0.013
0.014
0.015
0.016
0.018
0.022
0.026
0.031
0.037
0.044
0.051
0.055
0.061
0.07
0.084
0.096
0.104
0.111
0.116
0.115
0.106
0.094
0.081
0.065
0.054
0.046
0.04
0.033
0.028
0.028
0.036
0.047
0.055
0.066
0.074
0.074
0.067
0.058
0.051
0.045
0.039
0.032
0.025
0.016
-0.001
-0.029
-0.048
-0.061
-0.062
-0.053
-0.03
0.044
0.16
0.327
0.536
0.771
0.999
1.175
1.255
1.201
1.008
0.707
0.353
0.028
-0.202
-0.28
-0.283
-0.221
-0.137
-0.063
-0.012
0.007
0.023
0.037
0.05
0.05
0.035
0.024
0.013
0.004
0.003
0.009
0.018
0.029
0.044
0.052
0.056
0.059
0.061
0.064
0.066
0.066
0.065
0.063
0.061
0.06
0.059
0.058
0.055
0.053
0.051
0.053
0.056
0.06
0.065
0.069
0.072
0.077
0.083
0.087
0.089
0.085
0.077
0.068
0.061
0.056
0.05
0.042
0.035
0.031
0.031
0.035
0.04
0.047
0.053
0.06
0.068
0.077
0.084
0.088
0.091
0.094
0.101
0.11
0.101
0.07
0.026
0.003
-0.007
-0.015
-0.019
-0.021
-0.021
-0.019
-0.015
-0.011
-0.006
0.002
0.004
0.003
0.002
0.001
0.0
0.001
0.007
0.016
0.027
0.041
0.052
0.061
0.07
0.071
0.063
0.057
0.052
0.046
0.038
0.027
0.015
0.003
-0.009
-0.02
-0.025
-0.027
-0.027
-0.029
-0.031
-0.033
-0.029
-0.02
-0.017
-0.014
-0.011
-0.008
-0.007
-0.006
-0.006
-0.005
-0.003
-0.001
0.0
0.0
0.001
0.002
0.004
0.006
0.008
0.01
0.011
0.013
0.016
0.019
0.023
0.029
0.038
0.046
0.046
0.039
0.032
0.026
0.02
0.012
0.004
-0.005
-0.013
-0.02
-0.028
-0.035
-0.042
-0.047
-0.051
-0.053
-0.057
-0.06
-0.065
-0.069
-0.074
-0.078
-0.084
-0.093
-0.107
-0.121
-0.139
-0.16
-0.18
-0.18
-0.147
-0.059
0.08
0.268
0.495
0.729
0.92
1.018
0.975
0.776
0.477
0.156
-0.141
-0.377
-0.495
-0.51
-0.468
-0.376
-0.269
-0.168
-0.106
-0.083
-0.082
-0.098
-0.123
-0.144
-0.151
-0.155
-0.158
-0.159
-0.156
-0.151
-0.145
-0.141
-0.136
-0.131
-0.125
-0.12
-0.114
-0.107
-0.102
-0.097
-0.093
-0.09
-0.088
