-0.228
-0.271
-0.319
-0.374
-0.398
-0.409
-0.414
-0.416
-0.419
-0.423
-0.427
-0.432
-0.439
-0.453
-0.481
-0.508
-0.539
-0.578
-0.612
-0.64
-0.67
-0.702
-0.734
-0.749
-0.756
-0.761
-0.766
-0.769
-0.769
-0.769
-0.766
-0.763
-0.759
-0.753
-0.747
-0.739
-0.723
-0.71
-0.706
-0.703
-0.7
-0.697
-0.694
-0.693
-0.691
-0.69
-0.689
-0.688
-0.688
-0.687
-0.687
-0.686
-0.685
-0.684
-0.683
-0.681
-0.678
-0.675
-0.672
-0.669
-0.667
-0.665
-0.663
-0.66
-0.657
-0.653
-0.65
-0.646
-0.642
-0.638
-0.632
-0.627
-0.622
-0.615
-0.607
-0.598
-0.591
-0.586
-0.582
-0.579
-0.577
-0.575
-0.572
-0.57
-0.567
-0.565
-0.562
-0.558
-0.554
-0.551
-0.547
-0.543
-0.539
-0.533
-0.526
-0.518
-0.51
-0.503
-0.496
-0.49
-0.485
-0.48
-0.477
-0.474
-0.472
-0.47
-0.468
-0.465
-0.462
-0.459
-0.456
-0.452
-0.449
-0.446
-0.441
-0.434
-0.419
-0.387
-0.361
-0.343
-0.328
-0.322
-0.319
-0.317
-0.315
-0.314
-0.312
-0.31
-0.307
-0.304
-0.3
-0.296
-0.292
-0.288
-0.284
-0.28
-0.276
-0.273
-0.269
-0.263
-0.256
-0.249
-0.242
-0.235
-0.229
-0.223
-0.218
-0.214
-0.211
-0.209
-0.207
-0.205
-0.202
-0.199
-0.196
-0.193
-0.189
-0.186
-0.183
-0.18
-0.179
-0.177
-0.175
-0.172
-0.168
-0.163
-0.157
-0.15
-0.143
-0.135
-0.127
-0.121
-0.116
-0.112
-0.109
-0.107
-0.104
-0.1
-0.097
-0.093
-0.089
-0.085
-0.081
-0.077
-0.073
-0.068
-0.06
-0.048
-0.035
-0.026
-0.017
-0.004
0.01
0.018
0.023
0.026
0.028
0.029
0.03
0.03
0.03
0.028
0.023
0.017
0.011
0.004
-0.002
-0.011
-0.02
-0.027
-0.03
-0.033
-0.036
-0.041
-0.047
-0.032
-0.008
0.011
0.018
0.021
0.024
0.025
0.026
0.024
0.019
0.014
0.009
0.005
0.002
-0.001
-0.004
-0.007
-0.009
-0.011
-0.011
-0.012
-0.013
-0.012
-0.009
-0.007
-0.004
-0.002
0.0
-0.001
-0.013
-0.022
-0.028
-0.033
-0.039
-0.043
-0.047
-0.051
-0.058
-0.067
-0.058
-0.052
-0.048
-0.045
-0.043
-0.042
-0.042
-0.043
-0.044
-0.045
-0.047
-0.05
-0.054
-0.058
-0.061
-0.06
-0.055
-0.048
-0.04
-0.031
-0.019
-0.006
0.007
0.03
0.053
0.061
0.066
0.069
0.071
0.071
0.07
0.066
0.061
0.056
0.051
0.048
0.045
0.041
0.039
0.038
0.037
0.036
0.035
0.034
0.034
0.034
0.035
0.034
0.034
0.034
0.034
0.034
0.033
0.032
0.031
0.029
0.028
0.027
0.026
0.024
0.021
0.017
0.011
0.0
-0.006
0.001
0.023
0.087
0.187
0.306
0.439
0.584
0.731
0.858
0.933
0.941
0.906
0.803
0.658
0.493
0.33
0.181
0.047
-0.066
-0.139
-0.164
-0.165
-0.149
-0.136
-0.125
-0.116
-0.106
-0.099
-0.094
-0.092
-0.089
-0.086
-0.083
-0.079
-0.076
-0.074
-0.071
-0.069
-0.065
-0.062
-0.058
-0.054
-0.049
-0.039
-0.028
-0.018
-0.007
0.0
0.007
0.014
0.02
0.025
0.029
0.033
0.037
0.041
0.044
0.048
0.053
0.058
0.063
0.07
0.077
0.085
0.094
0.104
0.112
0.118
0.124
0.133
0.145
0.157
0.17
0.182
0.194
0.206
0.219
0.233
0.246
0.255
0.262
0.268
0.273
0.277
0.279
0.279
0.274
0.266
0.256
0.243
0.222
0.202
0.19
0.181
0.174
0.169
0.163
0.159
0.154
0.148
0.142
0.135
0.126
0.117
0.108
0.096
0.08
0.06
0.051
0.047
0.044
0.041
0.038
0.035
0.032
0.028
0.023
0.019
0.014
0.009
0.005
0.002
0.0
-0.001
-0.003
-0.006
-0.009
-0.011
-0.015
-0.018
-0.022
-0.027
-0.03
-0.033
-0.035
-0.036
-0.037
-0.038
-0.038
-0.039
-0.04
-0.042
-0.044
-0.047
-0.05
-0.052
-0.053
-0.053
-0.052
-0.051
-0.05
-0.049
-0.046
-0.043
-0.04
-0.036
-0.033
-0.034
-0.042
-0.05
-0.053
-0.055
-0.057
-0.059
-0.061
-0.064
-0.066
-0.069
-0.07
-0.072
-0.073
-0.074
-0.075
-0.077
-0.078
-0.079
-0.079
-0.079
-0.08
-0.081
-0.084
-0.088
-0.093
-0.098
-0.104
-0.11
-0.118
-0.126
-0.134
-0.139
-0.143
-0.146
-0.149
-0.152
-0.156
-0.159
-0.164
-0.168
-0.173
-0.177
-0.18
-0.183
-0.185
-0.187
-0.189
-0.193
-0.197
-0.201
-0.205
-0.208
-0.211
-0.213
-0.215
-0.215
-0.214
-0.211
-0.207
-0.203
-0.198
-0.193
-0.188
-0.182
-0.169
-0.156
-0.144
-0.135
-0.125
-0.119
-0.118
-0.125
-0.135
-0.145
-0.157
-0.171
-0.187
-0.194
-0.199
-0.203
-0.207
-0.211
-0.213
-0.215
-0.217
-0.218
-0.22
-0.222
-0.224
-0.224
-0.225
-0.225
-0.225
-0.226
-0.227
-0.228
-0.229
-0.23
-0.231
-0.233
-0.234
-0.236
-0.237
-0.239
-0.241
-0.246
-0.261
-0.276
-0.29
-0.301
-0.301
-0.284
-0.237
-0.136
0.008
0.191
0.397
0.598
0.757
0.818
0.811
0.715
0.534
0.306
0.065
-0.156
-0.342
-0.478
-0.54
-0.546
-0.515
-0.445
-0.389
-0.368
-0.36
-0.361
-0.363
-0.367
-0.371
-0.355
-0.334
-0.317
-0.305
-0.3
-0.299
-0.298
-0.297
-0.295
-0.292
-0.29
-0.287
-0.283
-0.28
-0.278
-0.276
-0.275
-0.273
-0.27
-0.267
-0.263
-0.257
-0.252
-0.246
-0.24
-0.235
-0.23
-0.225
-0.219
-0.213
-0.204
-0.19
-0.175
-0.16
-0.141
-0.119
-0.1
-0.085
-0.073
-0.06
-0.046
-0.036
-0.027
-0.02
-0.013
-0.006
-0.001
0.005
0.014
0.027
0.036
0.042
0.046
0.049
0.051
0.053
0.055
0.055
0.055
0.054
0.052
0.048
0.042
0.035
0.029
0.023
0.018
0.013
0.007
0.001
-0.004
-0.009
-0.013
-0.014
-0.014
-0.015
-0.015
-0.014
-0.013
-0.012
-0.011
-0.011
-0.01
-0.01
-0.008
-0.001
0.006
0.01
0.013
0.016
0.019
0.023
0.027
0.031
0.035
0.039
0.043
0.049
0.054
0.06
0.065
0.074
0.083
0.09
0.094
0.096
0.098
0.1
0.101
0.101
0.103
0.104
0.103
0.102
0.102
0.103
0.104
0.106
0.107
0.108
0.109
0.11
0.113
0.116
0.119
0.12
0.121
0.123
0.125
0.129
0.133
0.137
0.141
0.145
0.149
0.154
0.159
0.163
0.167
0.17
0.172
0.175
0.179
0.182
0.186
0.189
0.191
0.194
0.197
0.2
0.202
0.205
0.207
0.21
0.213
0.22
0.234
0.251
0.269
0.285
0.297
0.305
0.312
0.317
0.316
0.307
0.292
0.273
0.252
0.248
0.245
0.244
0.242
0.241
0.241
0.246
0.253
0.261
0.269
0.279
0.289
0.299
0.309
0.323
0.34
0.352
0.359
0.364
0.369
0.372
0.373
0.371
0.365
0.359
0.352
0.347
0.342
0.337
0.331
0.326
0.321
0.317
0.314
0.312
0.309
0.307
0.304
0.302
0.301
0.3
0.299
0.297
0.296
0.296
0.295
0.295
0.294
0.293
0.291
0.29
0.29
0.289
0.288
0.288
0.286
0.285
0.282
0.28
0.277
0.271
0.259
0.272
0.313
0.39
0.505
0.656
0.831
1.008
1.16
1.264
1.28
1.257
1.124
0.917
0.657
0.391
0.165
0.016
-0.022
-0.021
0.023
0.066
0.077
0.083
0.088
0.092
0.097
0.102
0.107
0.112
0.118
0.124
0.13
0.136
0.142
0.147
0.151
0.154
0.156
0.158
0.16
0.162
0.163
0.164
0.165
0.167
0.169
0.171
0.172
0.173
0.174
0.174
0.174
0.175
0.176
0.178
0.18
0.186
0.202
0.22
0.239
0.257
0.279
0.296
0.308
0.32
0.331
0.342
0.348
0.354
0.359
0.363
0.367
0.369
0.37
0.369
0.366
0.363
0.359
0.355
0.35
0.345
0.337
0.329
0.321
0.313
0.306
0.299
0.294
0.289
0.284
0.278
0.273
0.266
0.257
0.244
0.223
0.202
0.174
0.14
0.118
0.103
0.09
0.078
0.073
0.071
0.069
0.067
0.066
0.065
0.064
0.064
0.064
0.064
0.064
0.064
0.064
0.064
0.063
0.063
0.062
0.061
0.06
0.059
0.058
0.057
0.054
0.052
0.05
0.048
0.047
0.045
0.044
0.042
0.04
0.038
0.035
0.033
0.03
0.026
0.023
0.02
0.017
0.014
0.011
0.007
0.003
0.0
-0.004
-0.009
-0.017
-0.03
-0.044
-0.052
-0.057
-0.061
-0.064
-0.067
-0.069
-0.072
-0.073
-0.074
-0.074
-0.073
-0.072
-0.07
-0.067
-0.064
-0.061
-0.057
-0.054
-0.052
-0.048
-0.045
-0.042
-0.04
-0.039
-0.04
-0.045
-0.051
-0.057
-0.062
-0.065
-0.068
-0.07
-0.073
-0.076
-0.079
-0.082
-0.083
-0.085
-0.087
-0.089
-0.09
-0.092
-0.093
-0.093
-0.094
-0.095
-0.096
-0.098
-0.099
-0.099
-0.1
-0.102
-0.104
-0.107
-0.11
-0.113
-0.115
-0.117
-0.117
-0.116
-0.115
-0.112
-0.109
-0.105
-0.102
-0.095
-0.089
-0.089
-0.097
-0.109
-0.123
-0.139
-0.152
-0.163
-0.169
-0.174
-0.179
-0.184
-0.189
-0.194
-0.199
-0.204
-0.211
-0.219
-0.232
-0.254
-0.264
-0.268
-0.272
-0.275
-0.277
-0.278
-0.276
-0.271
-0.266
-0.261
-0.257
-0.252
-0.248
-0.243
-0.239
-0.235
-0.231
-0.229
-0.227
-0.224
-0.221
-0.217
-0.196
-0.134
-0.041
0.087
0.246
0.419
0.586
0.722
0.789
0.79
0.72
0.556
0.329
0.075
-0.162
-0.348
-0.425
-0.45
-0.426
-0.351
-0.276
-0.237
-0.227
-0.22
-0.212
-0.205
-0.197
-0.178
-0.149
-0.133
-0.124
-0.118
-0.116
-0.118
-0.123
-0.128
-0.13
-0.133
-0.136
-0.138
-0.139
-0.134
-0.126
-0.116
-0.104
-0.086
-0.081
-0.078
-0.076
-0.074
-0.073
-0.071
-0.071
-0.07
-0.069
-0.065
-0.061
-0.055
-0.047
-0.037
-0.018
-0.001
0.011
0.021
0.031
0.046
0.06
0.069
0.077
0.084
0.09
0.094
0.099
0.102
0.103
0.104
0.106
0.108
0.111
0.112
0.113
0.114
0.115
0.117
0.119
0.121
0.122
0.12
0.116
0.109
0.102
0.094
0.084
0.067
0.052
0.038
0.022
0.004
-0.01
-0.02
-0.028
-0.035
-0.045
-0.057
-0.067
-0.073
-0.077
-0.081
-0.085
-0.089
-0.093
-0.096
-0.098
-0.1
-0.103
-0.107
-0.11
-0.113
-0.114
-0.114
-0.115
-0.117
-0.119
-0.12
-0.121
-0.121
-0.121
-0.123
-0.125
-0.128
-0.131
-0.132
-0.133
-0.135
-0.138
-0.14
-0.143
-0.145
-0.146
-0.148
-0.152
-0.161
-0.169
-0.173
-0.174
-0.177
-0.18
-0.183
-0.181
-0.177
-0.176
-0.175
-0.174
-0.172
-0.171
-0.169
-0.167
-0.165
-0.164
-0.163
-0.164
-0.164
-0.166
-0.167
-0.169
-0.17
-0.171
-0.172
-0.173
-0.174
-0.175
-0.177
-0.178
-0.181
-0.187
-0.191
-0.187
-0.179
-0.176
-0.173
-0.17
-0.167
-0.165
-0.164
-0.164
-0.163
-0.163
-0.163
-0.164
-0.166
-0.169
-0.173
-0.176
-0.179
-0.182
-0.186
-0.191
-0.194
-0.19
-0.182
-0.171
-0.157
-0.137
-0.123
-0.116
-0.11
-0.105
-0.1
-0.095
-0.09
-0.086
-0.081
-0.075
-0.066
-0.05
-0.034
-0.024
-0.018
-0.013
-0.01
-0.009
-0.011
-0.016
-0.024
-0.034
-0.047
-0.066
-0.07
-0.069
-0.069
-0.069
-0.069
-0.069
-0.069
-0.068
-0.067
-0.067
-0.066
-0.065
-0.064
-0.062
-0.06
-0.058
-0.057
-0.056
-0.055
-0.054
-0.052
-0.05
-0.048
-0.046
-0.045
-0.044
-0.042
-0.04
-0.036
-0.018
0.039
0.139
0.286
0.474
0.683
0.876
1.012
1.064
1.021
0.885
0.661
0.382
0.105
-0.118
-0.231
-0.269
-0.249
-0.19
-0.125
-0.093
-0.081
-0.077
-0.08
-0.084
-0.087
-0.091
-0.092
-0.092
-0.088
-0.08
-0.07
-0.058
-0.041
-0.023
-0.015
-0.01
-0.006
-0.003
-0.001
0.0
0.0
0.001
0.002
0.003
0.004
0.005
0.007
0.008
0.01
0.011
0.012
0.013
0.014
0.015
0.017
0.021
0.025
0.033
0.052
0.066
0.081
0.096
0.109
0.126
0.154
0.177
0.188
0.197
0.203
0.209
0.213
0.216
0.219
0.222
0.224
0.226
0.228
0.23
0.23
0.229
0.227
0.224
0.22
0.214
0.208
0.199
0.181
0.163
0.146
0.129
0.115
0.101
0.086
0.073
0.064
0.059
0.055
0.051
0.045
0.038
0.031
0.024
0.016
0.006
-0.002
-0.006
-0.008
-0.009
-0.011
-0.013
-0.015
-0.016
-0.017
-0.017
-0.016
-0.014
-0.012
-0.01
-0.008
-0.006
-0.005
-0.004
-0.003
-0.002
-0.002
-0.001
-0.001
0.0
0.0
0.001
0.002
0.003
0.004
0.005
0.006
0.007
0.007
0.008
0.009
0.011
0.014
0.018
0.029
0.028
0.013
0.005
0.0
-0.003
-0.007
-0.011
-0.013
-0.012
-0.01
-0.008
-0.005
-0.002
0.0
0.001
0.003
0.005
0.007
0.008
0.009
0.009
0.01
0.011
0.013
0.014
0.014
0.014
0.014
0.013
0.014
0.014
0.014
0.013
0.011
0.008
0.006
0.003
0.002
0.001
0.0
-0.001
-0.002
-0.003
-0.004
-0.004
-0.005
-0.008
-0.01
-0.014
-0.017
-0.019
-0.021
-0.021
-0.021
-0.02
-0.018
-0.016
-0.012
-0.008
-0.004
-0.001
0.0
0.001
0.003
0.007
0.011
0.014
0.017
0.018
0.019
0.019
0.02
0.021
0.02
0.017
0.013
0.007
-0.002
-0.021
-0.033
-0.043
-0.045
-0.044
-0.043
-0.041
-0.039
-0.038
-0.038
-0.043
-0.05
-0.056
-0.06
-0.064
-0.067
-0.071
-0.075
-0.078
-0.081
-0.084
-0.087
-0.09
-0.093
-0.095
-0.097
-0.099
-0.101
-0.105
-0.11
-0.114
-0.114
-0.11
-0.104
-0.093
-0.056
0.034
0.164
0.333
0.528
0.724
0.889
0.981
0.986
0.919
0.745
0.515
0.266
0.026
-0.181
-0.33
-0.393
-0.399
-0.366
-0.307
-0.253
-0.206
-0.188
-0.178
-0.172
-0.168
-0.165
-0.161
-0.155
-0.148
-0.142
-0.139
-0.136
-0.134
-0.133
-0.132
-0.131
-0.129
-0.126
-0.124
-0.122
-0.12
-0.119
-0.118
-0.117
-0.115
-0.114
-0.113
-0.111
-0.108
-0.101
-0.093
-0.084
-0.074
-0.066
-0.058
-0.049
-0.041
-0.034
-0.026
-0.015
0.0
0.011
0.021
0.03
0.041
0.056
0.078
0.108
0.132
0.15
0.165
0.173
0.178
0.181
0.184
0.187
0.188
0.189
0.188
0.186
0.182
0.178
0.173
0.168
0.162
0.153
0.144
0.135
0.128
0.121
0.113
0.104
0.095
0.087
0.078
0.068
0.055
0.041
0.03
0.022
0.015
0.009
0.004
0.0
-0.002
-0.005
-0.007
-0.009
-0.011
-0.013
-0.015
-0.016
-0.017
-0.018
-0.02
-0.023
-0.024
-0.025
-0.024
-0.02
-0.016
-0.012
-0.009
-0.006
-0.002
0.0
0.003
0.004
0.004
0.005
0.005
0.007
0.011
0.013
0.007
-0.002
-0.008
-0.011
-0.014
-0.016
-0.018
-0.021
-0.024
-0.027
-0.029
-0.031
-0.032
-0.033
-0.034
-0.036
-0.036
-0.037
-0.038
-0.04
-0.042
-0.044
-0.046
-0.048
-0.049
-0.05
-0.05
-0.05
-0.05
-0.05
-0.048
-0.046
-0.045
-0.044
-0.045
-0.045
-0.045
-0.044
-0.042
-0.041
-0.043
-0.046
-0.05
-0.053
-0.056
-0.058
-0.061
-0.064
-0.067
-0.07
-0.072
-0.073
-0.073
-0.073
-0.073
-0.072
-0.07
-0.068
-0.065
-0.062
-0.058
-0.054
-0.05
-0.038
-0.022
-0.019
-0.017
-0.015
-0.014
-0.013
-0.012
-0.01
-0.006
-0.001
0.003
0.01
0.016
0.024
0.036
0.047
0.054
0.061
0.07
0.081
0.084
0.086
0.088
0.09
0.091
0.092
0.091
0.089
0.086
0.081
0.077
0.073
0.07
0.066
0.062
0.059
0.055
0.051
0.048
0.043
0.038
0.031
0.02
0.002
-0.009
-0.018
-0.027
-0.037
-0.051
-0.059
-0.065
-0.071
-0.075
-0.078
-0.079
-0.08
-0.08
-0.079
-0.079
-0.077
-0.075
-0.072
-0.062
-0.007
0.082
0.213
0.38
0.564
0.739
0.884
0.967
0.973
0.915
0.762
0.553
0.307
0.064
-0.133
-0.26
-0.295
-0.29
-0.229
-0.161
-0.117
-0.101
-0.108
-0.115
-0.121
-0.123
-0.118
-0.105
-0.086
-0.058
-0.046
-0.042
-0.039
-0.038
-0.036
-0.034
-0.032
-0.03
-0.028
-0.026
-0.024
-0.023
-0.022
-0.021
-0.02
-0.019
-0.017
-0.014
-0.006
0.011
0.027
0.046
0.068
0.083
0.088
0.091
0.094
0.095
0.096
0.098
0.101
0.104
0.107
0.111
0.117
0.128
0.154
0.186
0.215
0.243
0.268
0.28
0.288
0.294
0.298
0.299
0.297
0.292
0.285
0.274
0.25
0.235
0.229
0.224
0.22
0.217
0.213
0.21
0.207
0.206
0.203
0.2
0.195
0.184
0.158
0.134
0.12
0.108
0.099
0.086
0.058
0.043
0.037
0.031
0.027
0.023
0.021
0.019
0.018
0.016
0.015
0.014
0.013
0.012
0.012
0.012
0.012
0.011
0.011
0.012
0.013
0.014
0.015
0.015
0.015
0.016
0.016
0.016
0.016
0.015
0.014
0.013
0.011
0.009
0.007
0.006
0.004
0.002
0.001
0.0
-0.001
-0.001
-0.002
-0.004
-0.006
-0.008
-0.011
-0.013
-0.015
-0.017
-0.019
-0.02
-0.021
-0.022
-0.022
-0.022
-0.022
-0.022
-0.023
-0.024
-0.024
-0.025
-0.025
-0.025
-0.026
-0.027
-0.028
-0.029
-0.029
-0.03
-0.03
-0.031
-0.031
-0.032
-0.033
-0.033
-0.033
-0.032
-0.032
-0.032
-0.033
-0.033
-0.034
-0.034
-0.035
-0.037
-0.039
-0.042
-0.043
-0.045
-0.045
-0.047
-0.048
-0.05
-0.052
-0.053
-0.053
-0.053
-0.055
-0.057
-0.059
-0.061
-0.061
-0.06
-0.059
-0.059
-0.058
-0.057
-0.054
-0.05
-0.044
-0.038
-0.024
-0.007
-0.003
0.0
0.001
0.003
0.004
0.003
0.001
-0.002
-0.007
-0.013
-0.018
-0.024
-0.032
-0.04
-0.048
-0.056
-0.061
-0.066
-0.07
-0.075
-0.079
-0.084
-0.087
-0.09
-0.094
-0.098
-0.105
-0.114
-0.13
-0.14
-0.146
-0.151
-0.155
-0.158
-0.159
-0.159
-0.156
-0.153
-0.15
-0.146
-0.142
-0.137
-0.134
-0.134
-0.135
-0.138
-0.141
-0.146
-0.152
-0.135
-0.088
0.003
0.132
0.29
0.47
0.654
0.818
0.919
0.927
0.866
0.679
0.42
0.135
-0.129
-0.328
-0.425
-0.436
-0.396
-0.313
-0.261
-0.248
-0.24
-0.232
-0.225
-0.219
-0.211
-0.196
-0.175
-0.166
-0.161
-0.156
-0.154
-0.159
-0.165
-0.168
-0.17
-0.172
-0.174
-0.175
-0.173
-0.169
-0.163
-0.157
-0.151
-0.144
-0.136
-0.128
-0.121
-0.114
-0.105
-0.092
-0.079
-0.069
-0.062
-0.056
-0.049
-0.041
-0.032
-0.022
-0.013
-0.003
0.003
0.008
0.014
0.026
0.049
0.07
0.085
0.105
0.12
0.132
0.141
0.148
0.153
0.156
0.159
0.162
0.164
0.166
0.167
0.167
0.165
0.161
0.156
0.15
0.143
0.135
0.123
0.111
0.102
0.093
0.076
0.052
0.034
0.02
0.002
-0.009
-0.017
-0.023
-0.029
-0.035
-0.04
-0.043
-0.047
-0.051
-0.055
-0.059
-0.061
-0.061
-0.057
-0.052
-0.046
-0.039
-0.032
-0.023
-0.013
-0.005
0.001
0.009
0.026
0.052
0.077
0.103
0.125
0.141
0.157
0.168
0.177
0.183
0.186
0.182
0.174
0.165
0.158
0.152
0.146
0.139
0.134
0.129
0.124
0.12
0.115
0.109
0.101
0.091
0.078
0.066
0.053
0.043
0.042
0.046
0.051
0.054
0.057
0.059
0.062
0.064
0.065
0.066
0.066
0.066
0.065
0.063
0.06
0.055
0.051
0.046
0.043
0.04
0.038
0.036
0.034
0.032
0.031
0.029
0.028
0.027
0.025
0.022
0.02
0.018
0.016
0.015
0.015
0.014
0.013
0.011
0.01
0.008
0.005
0.002
-0.001
-0.006
-0.014
-0.032
-0.039
-0.042
-0.044
-0.046
-0.048
-0.049
-0.05
-0.051
-0.051
-0.051
-0.051
-0.049
-0.047
-0.044
-0.041
-0.038
-0.036
-0.033
-0.03
-0.027
-0.025
-0.022
-0.018
-0.014
-0.011
-0.009
-0.009
-0.011
-0.014
-0.018
-0.023
-0.029
-0.038
-0.051
-0.064
-0.077
-0.083
-0.087
-0.091
-0.095
-0.098
-0.101
-0.103
-0.106
-0.109
-0.112
-0.116
-0.12
-0.123
-0.128
-0.133
-0.14
-0.147
-0.153
-0.16
-0.166
-0.17
-0.175
-0.18
-0.185
-0.189
-0.192
-0.194
-0.195
-0.198
-0.201
-0.208
-0.218
-0.206
-0.172
-0.103
0.003
0.148
0.32
0.5
0.67
0.797
0.845
0.797
0.657
0.44
0.177
-0.093
-0.325
-0.482
-0.536
-0.538
-0.49
-0.425
-0.356
-0.295
-0.275
-0.27
-0.267
-0.265
-0.262
-0.259
-0.253
-0.248
-0.243
-0.241
-0.239
-0.237
-0.236
-0.236
-0.235
-0.234
-0.231
-0.228
-0.225
-0.222
-0.22
-0.219
-0.217
-0.216
-0.214
-0.212
-0.21
-0.206
-0.2
-0.193
-0.185
-0.179
-0.173
-0.167
-0.158
-0.147
-0.137
-0.126
-0.111
-0.085
-0.066
-0.056
-0.047
-0.037
-0.027
-0.014
0.003
0.02
0.033
0.042
0.05
0.058
0.067
0.074
0.079
0.084
0.089
0.094
0.097
0.098
0.097
0.095
0.09
0.083
0.076
0.064
0.044
0.027
0.012
0.0
-0.014
-0.033
-0.042
-0.047
-0.052
-0.056
-0.059
-0.062
-0.065
-0.067
-0.069
-0.07
-0.072
-0.074
-0.076
-0.078
-0.078
-0.078
-0.078
-0.078
-0.079
-0.08
-0.08
-0.08
-0.08
-0.08
-0.081
-0.082
-0.083
-0.083
-0.082
-0.081
-0.08
-0.079
-0.078
-0.076
-0.075
-0.072
-0.07
-0.068
-0.068
-0.068
-0.068
-0.067
-0.067
-0.066
-0.066
-0.065
-0.065
-0.063
-0.061
-0.058
-0.054
-0.051
-0.047
-0.044
-0.04
-0.037
-0.034
-0.032
-0.031
-0.029
-0.027
-0.025
-0.022
-0.019
-0.017
-0.014
-0.011
-0.009
-0.007
-0.005
-0.004
-0.004
-0.004
-0.003
-0.002
-0.002
-0.001
0.0
0.001
0.003
0.005
0.007
0.009
0.011
0.013
0.014
0.017
0.019
0.02
0.021
0.022
0.023
0.025
0.027
0.029
0.031
0.032
0.033
0.034
0.035
0.037
0.039
0.041
0.043
0.044
0.045
0.047
0.048
0.051
0.053
0.056
0.059
0.062
0.066
0.075
0.085
0.093
0.102
0.11
0.115
0.121
0.126
0.13
0.134
0.136
0.137
0.137
0.135
0.132
0.129
0.125
0.12
0.114
0.108
0.1
0.084
0.076
0.073
0.07
0.066
0.063
0.06
0.059
0.06
0.061
0.063
0.064
0.065
0.066
0.067
0.069
0.07
0.072
0.072
0.071
0.069
0.066
0.063
0.058
0.053
0.046
0.034
0.046
0.083
0.154
0.257
0.396
0.565
0.748
0.926
1.064
1.101
1.085
0.961
0.754
0.499
0.233
0.0
-0.168
-0.241
-0.247
-0.202
-0.133
-0.09
-0.058
-0.04
-0.027
-0.015
-0.005
0.006
0.02
0.034
0.047
0.051
0.054
0.055
0.057
0.058
0.058
0.059
0.06
0.061
0.062
0.064
0.065
0.067
0.069
0.07
0.072
0.074
0.075
0.077
0.078
0.08
0.082
0.085
0.087
0.09
0.094
0.098
0.102
0.108
0.122
0.136
0.148
0.16
0.173
0.185
0.197
0.209
0.221
0.227
0.233
0.238
0.242
0.246
0.249
0.251
0.253
0.254
0.255
0.255
0.254
0.252
0.25
0.248
0.246
0.242
0.238
0.232
0.219
0.187
0.161
0.144
0.131
0.12
0.108
0.093
0.072
0.056
0.044
0.034
0.024
0.015
0.01
0.006
0.002
0.0
-0.004
-0.008
-0.011
-0.015
-0.017
-0.02
-0.023
-0.025
-0.028
-0.03
-0.034
-0.038
-0.042
-0.043
-0.042
-0.038
-0.033
-0.028
-0.023
-0.018
-0.012
-0.007
-0.005
-0.006
-0.01
-0.015
-0.02
-0.024
-0.028
-0.034
-0.039
-0.043
-0.046
-0.049
-0.051
-0.054
-0.056
-0.06
-0.062
-0.064
-0.066
-0.068
-0.07
-0.071
-0.073
-0.073
-0.074
-0.074
-0.075
-0.076
-0.078
-0.079
-0.08
-0.08
-0.08
-0.081
-0.082
-0.082
-0.081
-0.08
-0.079
-0.077
-0.076
-0.075
-0.073
-0.07
-0.067
-0.068
-0.073
-0.08
-0.086
-0.092
-0.098
-0.1
-0.099
-0.095
-0.091
-0.087
-0.083
-0.079
-0.077
-0.077
-0.079
-0.083
-0.086
-0.088
-0.09
-0.093
-0.096
-0.099
-0.101
-0.102
-0.104
-0.104
-0.103
-0.101
-0.097
-0.093
-0.089
-0.084
-0.08
-0.076
-0.073
-0.068
-0.063
-0.058
-0.054
-0.05
-0.047
-0.046
-0.045
-0.045
-0.046
-0.046
-0.047
-0.048
-0.049
-0.05
-0.051
-0.052
-0.053
-0.054
-0.056
-0.058
-0.06
-0.062
-0.065
-0.068
-0.072
-0.078
-0.088
-0.1
-0.106
-0.109
-0.112
-0.113
-0.115
-0.116
-0.117
-0.118
-0.117
-0.117
-0.116
-0.114
-0.112
-0.11
-0.106
-0.1
-0.1
-0.107
-0.116
-0.123
-0.115
-0.088
-0.028
0.069
0.211
0.391
0.587
0.772
0.911
0.965
0.957
0.864
0.667
0.416
0.153
-0.084
-0.254
-0.327
-0.336
-0.303
-0.246
-0.191
-0.175
-0.171
-0.17
-0.169
-0.168
-0.168
-0.167
-0.165
-0.162
-0.158
-0.155
-0.151
-0.148
-0.145
-0.142
-0.137
-0.131
-0.124
-0.115
-0.107
-0.101
-0.094
-0.088
-0.083
-0.078
-0.075
-0.071
-0.068
-0.065
-0.062
-0.058
-0.054
-0.051
-0.047
-0.043
-0.038
-0.034
-0.03
-0.025
-0.018
-0.003
0.021
0.045
0.07
0.091
0.107
0.122
0.137
0.152
0.166
0.177
0.185
0.193
0.202
