0.103
0.122
0.139
0.151
0.159
0.158
0.144
0.13
0.116
0.114
0.121
0.141
0.18
0.194
0.202
0.206
0.191
0.167
0.139
0.112
0.087
0.047
0.006
-0.006
-0.013
-0.009
0.011
0.031
0.051
0.07
0.102
0.146
0.199
0.245
0.271
0.28
0.268
0.229
0.169
0.113
0.084
0.074
0.069
0.069
0.077
0.089
0.101
0.117
0.117
0.103
0.079
0.062
0.052
0.057
0.081
0.103
0.121
0.132
0.13
0.112
0.085
0.051
0.02
-0.008
-0.031
-0.047
-0.06
-0.067
-0.072
-0.076
-0.079
-0.082
-0.083
-0.083
-0.081
-0.078
-0.073
-0.067
-0.06
-0.049
-0.03
-0.016
0.001
0.023
0.045
0.063
0.077
0.085
0.071
0.049
0.021
-0.01
-0.037
-0.061
-0.082
-0.096
-0.105
-0.11
-0.102
-0.088
-0.079
-0.073
-0.067
-0.061
-0.055
-0.049
-0.044
-0.038
-0.03
-0.014
0.014
0.04
0.069
0.088
0.099
0.105
0.105
0.098
0.085
0.044
-0.001
-0.025
-0.048
-0.071
-0.085
-0.095
-0.1
-0.101
-0.095
-0.085
-0.074
-0.058
-0.047
-0.031
-0.01
0.003
0.012
0.018
0.021
0.022
0.019
0.014
0.008
0.0
-0.013
-0.022
-0.031
-0.04
-0.052
-0.08
-0.121
-0.134
-0.141
-0.139
-0.117
-0.086
-0.068
-0.05
-0.033
-0.016
0.0
0.011
0.018
0.001
-0.009
-0.017
-0.022
-0.027
-0.029
-0.03
-0.028
-0.025
-0.021
-0.016
-0.01
-0.003
0.009
0.018
0.026
0.031
0.035
0.038
0.041
0.042
0.042
0.04
0.037
0.033
0.03
0.027
0.024
0.021
0.018
0.014
0.012
0.011
0.01
0.008
0.004
-0.01
-0.049
-0.09
-0.127
-0.163
-0.197
-0.214
-0.226
-0.233
-0.241
-0.251
-0.28
-0.309
-0.319
-0.31
-0.281
-0.226
-0.169
-0.114
-0.076
-0.055
-0.036
-0.015
0.006
0.029
0.049
0.063
0.07
0.076
0.082
0.095
0.114
0.132
0.144
0.151
0.151
0.14
0.124
0.102
0.091
0.088
0.086
0.084
0.082
0.081
0.08
0.08
0.079
0.077
0.075
0.073
0.071
0.071
0.07
0.068
0.067
0.064
0.062
0.058
0.048
0.034
0.028
0.023
0.037
0.054
0.069
0.079
0.089
0.099
0.103
0.108
0.112
0.111
0.098
0.077
0.058
0.051
0.047
0.043
0.042
0.044
0.048
0.052
0.057
0.062
0.066
0.066
0.061
0.055
0.044
0.026
0.015
0.009
0.004
0.002
0.001
0.003
0.007
0.012
0.018
0.022
0.029
0.036
0.039
0.037
0.032
0.025
0.012
-0.007
-0.026
-0.042
-0.051
-0.058
-0.061
-0.057
-0.045
-0.035
-0.024
-0.016
-0.012
-0.01
-0.007
-0.004
-0.005
-0.012
-0.018
-0.021
-0.025
-0.03
-0.036
-0.045
-0.058
-0.085
-0.11
-0.118
-0.124
-0.127
-0.127
-0.124
-0.116
-0.106
-0.087
-0.062
-0.051
-0.045
-0.041
-0.036
-0.03
-0.025
-0.018
-0.007
0.008
0.021
0.03
0.038
0.043
0.042
0.036
0.027
0.018
0.003
-0.012
-0.022
-0.03
-0.036
-0.04
-0.04
-0.038
-0.033
-0.025
-0.013
0.009
0.024
0.032
0.038
0.04
0.039
0.033
0.024
0.013
-0.001
-0.01
-0.016
-0.022
-0.026
-0.022
-0.015
-0.01
-0.006
-0.002
0.0
0.0
0.0
-0.003
-0.008
-0.015
-0.028
-0.05
-0.062
-0.069
-0.074
-0.074
-0.069
-0.06
-0.047
-0.024
-0.01
-0.002
0.002
0.005
0.005
0.002
-0.003
-0.01
-0.018
-0.028
-0.035
-0.038
-0.041
-0.046
-0.052
-0.052
-0.038
0.0
0.039
0.087
0.141
0.159
0.167
0.158
0.096
0.013
-0.064
-0.124
-0.146
-0.147
-0.135
-0.119
-0.098
-0.066
-0.029
0.001
0.01
0.002
-0.021
-0.058
-0.099
-0.126
-0.143
-0.154
-0.161
-0.163
-0.164
-0.164
-0.166
-0.168
-0.166
-0.15
-0.126
-0.096
-0.083
-0.077
-0.073
-0.07
-0.067
-0.063
-0.059
-0.057
-0.055
-0.052
-0.048
-0.038
-0.018
0.002
0.024
0.043
0.057
0.072
0.081
0.087
0.092
0.096
0.098
0.098
0.096
0.092
0.088
0.083
0.073
0.054
0.034
0.011
-0.014
-0.031
-0.039
-0.044
-0.047
-0.042
-0.031
-0.02
-0.007
0.003
0.014
0.024
0.035
0.047
0.061
0.104
0.147
0.162
0.162
0.15
0.135
0.113
0.096
0.086
0.074
0.061
0.039
0.007
-0.015
-0.03
-0.036
-0.032
-0.02
0.0
0.027
0.049
0.065
0.073
0.078
0.082
0.086
0.089
0.086
0.078
0.067
0.056
0.041
0.028
0.015
0.003
-0.006
-0.017
-0.031
-0.046
-0.058
-0.072
-0.082
-0.088
-0.091
-0.094
-0.097
-0.103
-0.105
-0.097
-0.081
-0.057
-0.022
-0.003
0.006
0.013
0.018
0.02
0.017
0.009
0.0
-0.009
-0.015
-0.022
-0.029
-0.036
-0.042
-0.046
-0.047
-0.045
-0.042
-0.039
-0.035
-0.03
-0.026
-0.021
-0.016
-0.011
-0.008
-0.006
-0.005
-0.005
-0.005
-0.006
-0.009
-0.012
-0.017
-0.022
-0.035
-0.051
-0.057
-0.061
-0.063
-0.058
-0.047
-0.035
-0.021
-0.015
-0.009
-0.004
-0.014
-0.045
-0.085
-0.11
-0.128
-0.14
-0.144
-0.141
-0.133
-0.111
-0.072
-0.034
0.002
0.028
0.047
0.06
0.065
0.061
0.05
0.035
0.011
-0.008
-0.023
-0.036
-0.053
-0.079
-0.105
-0.123
-0.131
-0.142
-0.14
-0.109
-0.066
-0.049
-0.039
-0.044
-0.071
-0.092
-0.104
-0.112
-0.115
-0.11
-0.101
-0.091
-0.079
-0.065
-0.048
-0.021
0.0
0.015
0.022
0.018
0.009
-0.005
-0.027
-0.05
-0.076
-0.097
-0.111
-0.117
-0.111
-0.097
-0.079
-0.059
-0.05
-0.046
-0.044
-0.042
-0.041
-0.038
-0.035
-0.032
-0.028
-0.025
-0.022
-0.016
-0.012
-0.013
-0.018
-0.027
-0.035
-0.044
-0.055
-0.067
-0.079
-0.092
-0.103
-0.113
-0.127
-0.151
-0.179
-0.2
-0.213
-0.223
-0.223
-0.209
-0.171
-0.127
-0.085
-0.059
-0.043
-0.036
-0.03
-0.025
-0.02
-0.017
-0.014
-0.011
-0.003
0.012
0.039
0.071
0.108
0.123
0.13
0.135
0.134
0.123
0.106
0.085
0.068
0.056
0.049
0.044
0.041
0.038
0.036
0.037
0.04
0.046
0.054
0.062
0.073
0.082
0.089
0.097
0.105
0.105
0.097
0.087
0.071
0.053
0.031
0.016
0.008
0.002
0.0
0.002
0.01
0.019
0.029
0.043
0.054
0.062
0.069
0.076
0.082
0.088
0.093
0.099
0.111
0.13
0.15
0.169
0.18
0.188
0.192
0.191
0.184
0.173
0.155
0.131
0.111
0.09
0.072
0.058
0.044
0.033
0.025
0.017
0.01
0.003
-0.006
-0.018
-0.028
-0.033
-0.037
-0.041
-0.043
-0.043
-0.041
-0.039
-0.035
-0.022
0.0
0.031
0.044
0.051
0.056
0.058
0.054
0.044
0.028
0.008
-0.011
-0.03
-0.04
-0.045
-0.049
-0.052
-0.054
-0.055
-0.054
-0.053
-0.051
-0.048
-0.045
-0.038
-0.023
-0.004
0.014
0.033
0.049
0.058
0.063
0.066
0.066
0.063
0.058
0.049
0.035
0.022
0.007
-0.007
-0.017
-0.027
-0.039
-0.054
-0.07
-0.085
-0.102
-0.12
-0.141
-0.155
-0.162
-0.167
-0.167
-0.158
-0.133
-0.107
-0.093
-0.071
-0.046
-0.033
-0.01
0.021
0.062
0.1
0.133
0.144
0.137
0.119
0.076
0.032
0.004
-0.004
-0.009
-0.012
-0.022
-0.047
-0.078
-0.093
-0.098
-0.1
-0.099
-0.096
-0.092
-0.088
-0.089
-0.1
-0.116
-0.137
-0.148
-0.155
-0.159
-0.16
-0.159
-0.155
-0.148
-0.136
-0.118
-0.102
-0.087
-0.078
-0.072
-0.07
-0.072
-0.078
-0.088
-0.09
-0.072
-0.046
-0.012
0.018
0.047
0.077
0.108
0.12
0.128
0.127
0.106
0.075
0.046
0.016
0.0
-0.014
-0.024
-0.032
-0.042
-0.058
-0.076
-0.093
-0.103
-0.108
-0.112
-0.117
-0.121
-0.125
-0.135
-0.151
-0.165
-0.175
-0.185
-0.192
-0.198
-0.202
-0.202
-0.198
-0.19
-0.167
-0.136
-0.119
-0.103
-0.086
-0.054
-0.018
0.016
0.054
0.076
0.094
0.106
0.108
0.109
0.11
0.111
0.112
0.112
0.111
0.109
0.108
0.106
0.102
0.1
0.106
0.12
0.141
0.17
0.19
0.203
0.209
0.207
0.201
0.185
0.15
0.107
0.063
0.037
0.028
0.03
0.042
0.059
0.081
0.099
0.112
0.122
0.13
0.137
0.144
0.15
0.159
0.167
0.154
0.117
0.074
0.041
0.029
0.03
0.045
0.067
0.087
0.095
0.099
0.106
0.116
0.129
0.143
0.148
0.151
0.153
0.155
0.156
0.157
0.157
0.156
0.154
0.152
0.148
0.142
0.13
0.109
0.091
0.073
0.043
0.012
-0.004
-0.014
-0.02
-0.025
-0.029
-0.03
-0.029
-0.027
-0.024
-0.02
-0.015
-0.006
-0.006
-0.012
-0.016
-0.019
-0.022
-0.023
-0.024
-0.026
-0.027
-0.03
-0.033
-0.036
-0.039
-0.043
-0.048
-0.057
-0.063
-0.06
-0.052
-0.042
-0.021
0.006
0.021
0.027
0.032
0.022
-0.006
-0.043
-0.055
-0.06
-0.063
-0.065
-0.061
-0.051
-0.037
-0.023
-0.018
-0.016
-0.014
-0.013
-0.012
-0.012
-0.013
-0.015
-0.018
-0.022
-0.027
-0.034
-0.047
-0.064
-0.077
-0.087
-0.093
-0.094
-0.09
-0.083
-0.073
-0.056
-0.038
-0.017
-0.003
0.003
0.009
0.011
0.009
0.004
-0.003
-0.012
-0.025
-0.035
-0.042
-0.048
-0.052
-0.053
-0.048
-0.04
-0.026
-0.01
0.0
0.005
-0.004
-0.035
-0.073
-0.098
-0.125
-0.152
-0.18
-0.199
-0.208
-0.215
-0.213
-0.194
-0.178
-0.165
-0.155
-0.15
-0.145
-0.137
-0.12
-0.099
-0.075
-0.048
-0.021
0.008
0.034
0.061
0.076
0.081
0.085
0.085
0.076
0.052
0.018
-0.016
-0.052
-0.068
-0.076
-0.082
-0.081
-0.068
-0.048
-0.025
0.007
0.048
0.061
0.067
0.07
0.062
0.036
0.003
-0.033
-0.067
-0.103
-0.144
-0.185
-0.224
-0.262
-0.304
-0.348
-0.392
-0.43
-0.443
-0.437
-0.419
-0.383
-0.347
-0.292
-0.227
-0.165
-0.118
-0.093
-0.073
-0.059
-0.045
-0.028
-0.008
0.009
0.029
0.053
0.07
0.077
0.08
0.082
0.083
0.085
0.088
0.092
0.096
0.101
0.107
0.115
0.129
0.151
0.158
0.163
0.168
0.17
0.166
0.157
0.145
0.124
0.1
0.078
0.061
0.05
0.046
0.044
0.043
0.041
0.043
0.054
0.07
0.091
0.101
0.105
0.109
0.112
0.116
0.118
0.12
0.12
0.12
0.12
0.119
0.118
0.116
0.114
0.112
0.11
0.109
0.107
0.104
0.1
0.096
0.094
0.094
0.097
0.101
0.104
0.107
0.111
0.115
0.118
0.115
0.106
0.095
0.081
0.063
0.055
0.052
0.049
0.046
0.044
0.042
0.041
0.041
0.042
0.043
0.045
0.047
0.049
0.052
0.055
0.057
0.054
0.046
0.035
0.016
-0.013
-0.031
-0.041
-0.049
-0.055
-0.059
-0.061
-0.064
-0.069
-0.072
-0.066
-0.053
-0.038
-0.02
-0.004
0.013
0.028
0.034
0.04
0.045
0.028
0.0
-0.034
-0.056
-0.069
-0.078
-0.082
-0.079
-0.071
-0.059
-0.039
-0.004
0.026
0.047
0.049
0.052
0.055
0.041
0.026
0.015
0.004
-0.007
-0.016
-0.024
-0.031
-0.037
-0.042
-0.047
-0.053
-0.065
-0.088
-0.103
-0.113
-0.118
-0.118
-0.11
-0.097
-0.076
-0.044
-0.013
0.017
0.038
0.052
0.058
0.054
0.043
0.026
-0.002
-0.022
-0.032
-0.04
-0.048
-0.054
-0.063
-0.079
-0.11
-0.149
-0.168
-0.175
-0.18
-0.164
-0.148
-0.137
-0.129
-0.124
-0.121
-0.115
-0.108
-0.108
-0.114
-0.121
-0.128
-0.109
-0.052
0.003
0.057
0.076
0.082
0.086
0.084
0.071
0.052
0.029
0.004
-0.02
-0.044
-0.068
-0.084
-0.094
-0.1
-0.1
-0.094
-0.083
-0.067
-0.037
-0.018
-0.008
-0.001
0.003
0.006
0.006
0.004
0.0
-0.005
-0.012
-0.026
-0.054
-0.077
-0.095
-0.113
-0.132
-0.148
-0.156
-0.161
-0.164
-0.168
-0.173
-0.18
-0.188
-0.196
-0.204
-0.211
-0.214
-0.212
-0.205
-0.195
-0.179
-0.147
-0.108
-0.075
-0.044
-0.015
0.009
0.036
0.063
0.089
0.102
0.108
0.113
0.118
0.121
0.122
0.122
0.123
0.123
0.123
0.122
0.12
0.117
0.114
0.112
0.111
0.109
0.107
0.104
0.101
0.098
0.097
0.096
0.098
0.1
0.104
0.109
0.116
0.125
0.141
0.153
0.162
0.17
0.179
0.184
0.179
0.166
0.145
0.117
0.072
0.02
-0.039
-0.057
-0.066
-0.057
0.006
0.086
0.164
0.24
0.261
0.269
0.254
0.204
0.16
0.132
