0.027
0.04
0.053
0.066
0.078
0.091
0.103
0.116
0.127
0.139
0.151
0.164
0.175
0.186
0.195
0.205
0.219
0.238
0.256
0.272
0.287
0.292
0.294
0.295
0.297
0.298
0.29
0.276
0.264
0.255
0.246
0.237
0.228
0.218
0.204
0.185
0.17
0.15
0.121
0.099
0.087
0.079
0.071
0.064
0.058
0.053
0.049
0.045
0.04
0.031
0.022
0.013
0.007
0.001
-0.004
-0.009
-0.013
-0.016
-0.018
-0.019
-0.017
-0.015
-0.012
-0.009
-0.005
-0.001
0.002
0.005
0.009
0.012
0.017
0.022
0.027
0.031
0.036
0.042
0.051
0.07
0.106
0.128
0.141
0.15
0.16
0.169
0.176
0.183
0.189
0.194
0.199
0.205
0.21
0.216
0.221
0.226
0.232
0.236
0.24
0.243
0.243
0.241
0.236
0.23
0.224
0.219
0.216
0.212
0.209
0.205
0.201
0.197
0.194
0.19
0.186
0.182
0.179
0.176
0.173
0.17
0.165
0.154
0.145
0.135
0.126
0.117
0.11
0.109
0.116
0.128
0.152
0.171
0.173
0.174
0.175
0.177
0.179
0.182
0.185
0.188
0.191
0.195
0.198
0.201
0.204
0.207
0.212
0.217
0.222
0.226
0.228
0.228
0.226
0.222
0.217
0.211
0.205
0.197
0.189
0.182
0.177
0.174
0.171
0.168
0.165
0.162
0.159
0.157
0.158
0.161
0.166
0.171
0.173
0.176
0.18
0.185
0.189
0.191
0.193
0.193
0.193
0.192
0.19
0.188
0.184
0.179
0.172
0.149
0.102
0.041
-0.028
-0.095
-0.15
-0.182
-0.207
-0.225
-0.225
-0.205
-0.173
-0.135
-0.119
-0.111
-0.104
-0.099
-0.095
-0.092
-0.089
-0.086
-0.083
-0.081
-0.08
-0.078
-0.075
-0.07
-0.067
-0.075
-0.089
-0.102
-0.117
-0.128
-0.138
-0.146
-0.155
-0.162
-0.163
-0.155
-0.144
-0.131
-0.114
-0.099
-0.09
-0.083
-0.077
-0.073
-0.073
-0.077
-0.083
-0.09
-0.096
-0.102
-0.109
-0.114
-0.116
-0.115
-0.112
-0.106
-0.098
-0.083
-0.057
-0.036
-0.02
0.0
0.01
0.018
0.025
0.03
0.032
0.032
0.03
0.025
0.019
0.013
0.006
-0.005
-0.018
-0.031
-0.044
-0.057
-0.069
-0.078
-0.087
-0.094
-0.103
-0.112
-0.122
-0.131
-0.139
-0.147
-0.156
-0.167
-0.176
-0.181
-0.186
-0.191
-0.196
-0.2
-0.204
-0.207
-0.21
-0.212
-0.213
-0.213
-0.212
-0.21
-0.208
-0.206
-0.204
-0.2
-0.196
-0.192
-0.187
-0.18
-0.168
-0.156
-0.145
-0.135
-0.125
-0.117
-0.108
-0.099
-0.09
-0.082
-0.07
-0.052
-0.032
-0.015
0.0
0.013
0.025
0.031
0.037
0.042
0.046
0.05
0.051
0.052
0.052
0.051
0.05
0.047
0.045
0.042
0.039
0.037
0.036
0.034
0.03
0.025
0.02
0.017
0.017
0.018
0.02
0.021
0.022
0.024
0.027
0.03
0.034
0.037
0.038
0.039
0.038
0.036
0.033
0.028
0.023
0.018
0.013
0.009
0.005
0.002
-0.003
-0.009
-0.014
-0.017
-0.016
-0.014
-0.012
-0.009
-0.006
-0.002
0.001
0.005
0.009
0.013
0.016
0.017
0.017
0.017
0.015
0.012
0.007
0.001
-0.005
-0.012
-0.02
-0.034
-0.048
-0.061
-0.074
-0.085
-0.095
-0.105
-0.111
-0.114
-0.115
-0.115
-0.115
-0.116
-0.118
-0.119
-0.12
-0.12
-0.118
-0.113
-0.107
-0.099
-0.09
-0.077
-0.063
-0.052
-0.034
-0.006
0.026
0.059
0.096
0.13
0.155
0.172
0.173
0.162
0.13
0.068
-0.006
-0.077
-0.139
-0.169
-0.188
-0.201
-0.202
-0.187
-0.146
-0.094
-0.044
-0.014
0.0
0.006
0.011
0.015
0.018
0.02
0.02
0.019
0.019
0.019
0.018
0.016
0.015
0.013
0.012
0.012
0.011
0.011
0.013
0.016
0.021
0.025
0.028
0.03
0.032
0.034
0.035
0.037
0.039
0.041
0.042
0.044
0.046
0.046
0.047
0.047
0.048
0.05
0.053
0.061
0.077
0.091
0.103
0.114
0.126
0.141
0.158
0.176
0.191
0.201
0.208
0.214
0.219
0.223
0.227
0.23
0.234
0.237
0.239
0.24
0.239
0.234
0.227
0.22
0.21
0.196
0.183
0.173
0.157
0.131
0.107
0.089
0.07
0.059
0.051
0.046
0.041
0.036
0.032
0.028
0.022
0.012
-0.002
-0.018
-0.035
-0.052
-0.072
-0.087
-0.097
-0.105
-0.109
-0.109
-0.109
-0.108
-0.108
-0.108
-0.105
-0.088
-0.069
-0.049
-0.034
-0.024
-0.015
-0.009
-0.009
-0.015
-0.024
-0.037
-0.054
-0.063
-0.069
-0.074
-0.077
-0.079
-0.079
-0.078
-0.077
-0.077
-0.077
-0.077
-0.077
-0.077
-0.077
-0.077
-0.077
-0.077
-0.076
-0.076
-0.076
-0.076
-0.075
-0.073
-0.07
-0.067
-0.064
-0.06
-0.054
-0.045
-0.035
-0.025
-0.015
-0.005
0.005
0.013
0.015
0.012
0.008
0.006
0.005
0.004
0.003
0.001
-0.001
-0.003
-0.006
-0.008
-0.009
-0.009
-0.008
-0.008
-0.007
-0.006
-0.005
-0.003
-0.001
0.0
0.002
0.005
0.007
0.011
0.014
0.018
0.023
0.032
0.042
0.046
0.046
0.045
0.044
0.043
0.043
0.044
0.045
0.046
0.046
0.046
0.044
0.043
0.04
0.037
0.034
0.03
0.027
0.024
0.021
0.018
0.012
0.006
0.004
0.006
0.011
0.016
0.019
0.02
0.022
0.024
0.027
0.03
0.035
0.039
0.043
0.046
0.051
0.057
0.071
0.1
0.129
0.151
0.164
0.174
0.173
0.156
0.106
0.031
-0.069
-0.175
-0.266
-0.302
-0.314
-0.291
-0.222
-0.153
-0.097
-0.047
-0.022
-0.009
-0.002
0.001
0.007
0.013
0.019
0.026
0.036
0.051
0.072
0.077
0.08
0.083
0.084
0.077
0.064
0.049
0.032
0.022
0.018
0.016
0.013
0.011
0.009
0.007
0.006
0.005
0.004
0.004
0.003
0.003
0.003
0.003
0.003
0.004
0.006
0.009
0.012
0.014
0.017
0.019
0.022
0.026
0.03
0.033
0.038
0.044
0.053
0.061
0.067
0.073
0.077
0.082
0.087
0.093
0.098
0.103
0.106
0.11
0.114
0.123
0.134
0.119
0.099
0.081
0.06
0.039
0.019
-0.002
-0.024
-0.047
-0.068
-0.078
-0.083
-0.087
-0.09
-0.092
-0.095
-0.099
-0.103
-0.106
-0.11
-0.114
-0.118
-0.122
-0.127
-0.132
-0.141
-0.149
-0.154
-0.155
-0.156
-0.157
-0.159
-0.163
-0.165
-0.158
-0.145
-0.139
-0.136
-0.133
-0.13
-0.128
-0.125
-0.121
-0.117
-0.112
-0.108
-0.104
-0.101
-0.099
-0.097
-0.095
-0.093
-0.09
-0.086
-0.081
-0.077
-0.073
-0.071
-0.07
-0.069
-0.07
-0.071
-0.072
-0.074
-0.076
-0.078
-0.08
-0.083
-0.085
-0.088
-0.089
-0.09
-0.09
-0.09
-0.088
-0.087
-0.084
-0.082
-0.08
-0.077
-0.075
-0.074
-0.073
-0.071
-0.07
-0.068
-0.066
-0.065
-0.064
-0.063
-0.062
-0.061
-0.059
-0.057
-0.055
-0.054
-0.052
-0.051
-0.048
-0.044
-0.041
-0.038
-0.036
-0.034
-0.033
-0.03
-0.027
-0.024
-0.021
-0.018
-0.014
-0.009
-0.003
0.002
0.007
0.011
0.013
0.015
0.016
0.017
0.018
0.019
0.021
0.023
0.029
0.033
0.024
0.009
0.0
-0.006
-0.012
-0.018
-0.022
-0.026
-0.029
-0.032
-0.034
-0.036
-0.038
-0.041
-0.044
-0.049
-0.053
-0.052
-0.044
-0.033
-0.022
-0.01
0.0
0.009
0.018
0.029
0.044
0.061
0.085
0.114
0.144
0.17
0.188
0.201
0.199
0.173
0.101
-0.006
-0.128
-0.238
-0.314
-0.323
-0.291
-0.206
-0.124
-0.064
-0.032
-0.009
0.008
0.027
0.037
0.043
0.047
0.052
0.056
0.06
0.065
0.07
0.073
0.077
0.08
0.083
0.089
0.094
0.099
0.102
0.103
0.102
0.102
0.101
0.1
0.099
0.097
0.094
0.094
0.103
0.114
0.121
0.126
0.13
0.135
0.139
0.144
0.148
0.152
0.155
0.158
0.161
0.165
0.168
0.172
0.175
0.178
0.181
0.183
0.184
0.185
0.187
0.187
0.187
0.187
0.187
0.188
0.188
0.189
0.192
0.194
0.188
0.175
0.167
0.16
0.154
0.148
0.14
0.134
0.126
0.117
0.103
0.081
0.06
0.039
0.019
-0.001
-0.024
-0.044
-0.057
-0.064
-0.069
-0.073
-0.076
-0.078
-0.078
-0.077
-0.075
-0.071
-0.068
-0.065
-0.061
-0.056
-0.053
-0.055
-0.058
-0.063
-0.066
-0.069
-0.072
-0.075
-0.076
-0.077
-0.074
-0.07
-0.064
-0.059
-0.054
-0.05
-0.046
-0.041
-0.037
-0.033
-0.03
-0.028
-0.027
-0.027
-0.027
-0.026
-0.026
-0.026
-0.026
-0.026
-0.026
-0.026
-0.026
-0.025
-0.025
-0.025
-0.025
-0.025
-0.025
-0.025
-0.026
-0.028
-0.03
-0.032
-0.034
-0.036
-0.039
-0.042
-0.044
-0.046
-0.048
-0.051
-0.054
-0.057
-0.059
-0.059
-0.055
-0.048
-0.04
-0.033
-0.027
-0.02
-0.012
-0.005
-0.001
-0.001
-0.002
-0.005
-0.008
-0.011
-0.013
-0.016
-0.019
-0.023
-0.026
-0.029
-0.03
-0.031
-0.031
-0.03
-0.028
-0.024
-0.02
-0.014
-0.008
-0.002
0.007
0.018
0.027
0.036
0.046
0.057
0.064
0.066
0.067
0.067
0.068
0.068
0.067
0.062
0.054
0.045
0.032
0.01
-0.013
-0.034
-0.038
-0.04
-0.043
-0.045
-0.046
-0.046
-0.043
-0.038
-0.035
-0.032
-0.029
-0.026
-0.022
-0.018
-0.013
-0.008
-0.003
0.005
0.023
0.05
0.067
0.079
0.086
0.093
0.1
0.099
0.08
0.03
-0.049
-0.15
-0.257
-0.353
-0.398
-0.398
-0.349
-0.259
-0.174
-0.12
-0.102
-0.09
-0.081
-0.067
-0.043
-0.028
-0.021
-0.015
-0.01
-0.006
-0.004
-0.003
-0.002
-0.002
-0.002
-0.002
-0.002
-0.002
-0.002
-0.002
-0.002
-0.001
-0.001
0.0
0.0
0.0
0.001
0.004
0.007
0.011
0.014
0.018
0.022
0.028
0.035
0.042
0.048
0.055
0.062
0.069
0.076
0.084
0.09
0.097
0.102
0.108
0.118
0.132
0.144
0.15
0.154
0.158
0.161
0.163
0.165
0.166
0.166
0.166
0.166
0.164
0.161
0.157
0.152
0.147
0.141
0.131
0.111
0.095
0.082
0.07
0.06
0.05
0.042
0.035
0.028
0.019
0.007
-0.003
-0.016
-0.03
-0.042
-0.049
-0.055
-0.06
-0.064
-0.067
-0.069
-0.071
-0.073
-0.076
-0.078
-0.079
-0.081
-0.082
-0.084
-0.087
-0.089
-0.091
-0.09
-0.087
-0.082
-0.077
-0.073
-0.07
-0.067
-0.064
-0.061
-0.058
-0.056
-0.055
-0.053
-0.052
-0.051
-0.049
-0.048
-0.046
-0.044
-0.042
-0.04
-0.039
-0.037
-0.036
-0.035
-0.034
-0.033
-0.033
-0.033
-0.033
-0.032
-0.031
-0.03
-0.029
-0.028
-0.028
-0.028
-0.027
-0.026
-0.025
-0.025
-0.024
-0.023
-0.022
-0.021
-0.02
-0.019
-0.018
-0.018
-0.018
-0.018
-0.017
-0.016
-0.016
-0.016
-0.015
-0.014
-0.013
-0.011
-0.009
-0.007
-0.005
-0.004
-0.003
-0.002
0.0
0.001
0.003
0.006
0.009
0.013
0.018
0.023
0.027
0.031
0.034
0.037
0.039
0.04
0.042
0.043
0.044
0.045
0.046
0.047
0.047
0.048
0.048
0.046
0.043
0.04
0.035
0.031
0.026
0.021
0.016
0.011
0.007
0.002
-0.001
-0.004
-0.007
-0.01
-0.013
-0.016
-0.02
-0.025
-0.036
-0.041
-0.035
-0.023
-0.004
0.023
0.05
0.076
0.104
0.123
0.134
0.142
0.126
0.077
0.004
-0.088
-0.191
-0.288
-0.351
-0.373
-0.357
-0.308
-0.232
-0.167
-0.114
-0.084
-0.066
-0.056
-0.049
-0.041
-0.034
-0.026
-0.017
-0.005
0.001
0.005
0.007
0.008
0.009
0.009
0.009
0.01
0.01
0.011
0.011
0.013
0.014
0.015
0.015
0.016
0.016
0.018
0.02
0.022
0.025
0.027
0.03
0.034
0.04
0.046
0.053
0.059
0.065
0.072
0.08
0.091
0.105
0.117
0.126
0.129
0.131
0.133
0.135
0.137
0.138
0.139
0.14
0.141
0.143
0.144
0.145
0.145
0.144
0.143
0.141
0.139
0.137
0.134
0.13
0.126
0.122
0.118
0.112
0.098
0.064
0.031
0.002
-0.013
-0.021
-0.028
-0.037
-0.047
-0.057
-0.067
-0.077
-0.085
-0.087
-0.088
-0.089
-0.09
-0.09
-0.091
-0.092
-0.093
-0.094
-0.097
-0.1
-0.104
-0.108
-0.112
-0.117
-0.124
-0.13
-0.133
-0.135
-0.137
-0.14
-0.144
-0.146
-0.14
-0.128
-0.118
-0.109
-0.101
-0.095
-0.09
-0.086
-0.083
-0.081
-0.079
-0.077
-0.075
-0.073
-0.072
-0.071
-0.07
-0.069
-0.068
-0.067
-0.066
-0.066
-0.066
-0.066
-0.065
-0.065
-0.064
-0.063
-0.063
-0.063
-0.062
-0.062
-0.061
-0.061
-0.061
-0.062
-0.063
-0.064
-0.066
-0.069
-0.073
-0.077
-0.081
-0.085
-0.088
-0.091
-0.094
-0.098
-0.1
-0.101
-0.1
-0.098
-0.096
-0.093
-0.091
-0.089
-0.088
-0.086
-0.084
-0.082
-0.08
-0.077
-0.075
-0.072
-0.07
-0.067
-0.064
-0.061
-0.059
-0.056
-0.053
-0.047
-0.04
-0.034
-0.029
-0.025
-0.021
-0.018
-0.014
-0.01
-0.008
-0.006
-0.005
-0.005
-0.006
-0.008
-0.011
-0.015
-0.02
-0.026
-0.033
-0.046
-0.075
-0.088
-0.094
-0.099
-0.103
-0.107
-0.11
-0.111
-0.112
-0.113
-0.113
-0.111
-0.109
-0.106
-0.102
-0.098
-0.093
-0.087
-0.076
-0.064
-0.051
-0.035
-0.018
-0.007
0.001
0.009
0.013
0.008
-0.003
-0.04
-0.102
-0.189
-0.294
-0.396
-0.458
-0.478
-0.457
-0.394
-0.294
-0.211
-0.153
-0.125
-0.109
-0.098
-0.092
-0.089
-0.085
-0.081
-0.078
-0.078
-0.083
-0.091
-0.099
-0.11
-0.115
-0.11
-0.097
-0.082
-0.064
-0.053
-0.048
-0.045
-0.043
-0.041
-0.038
-0.036
-0.034
-0.031
-0.029
-0.026
-0.024
-0.021
-0.018
-0.016
-0.013
-0.008
-0.002
0.004
0.01
0.016
0.023
0.031
0.04
0.049
0.058
0.067
0.078
0.092
0.11
0.129
0.147
0.162
0.171
0.178
0.184
0.187
0.187
0.183
0.177
0.169
0.161
0.149
0.139
0.132
0.12
0.098
0.069
0.04
0.017
0.002
-0.006
-0.013
-0.017
-0.02
-0.023
-0.026
-0.03
-0.035
-0.041
-0.048
-0.055
-0.068
-0.088
-0.101
-0.106
-0.109
-0.111
-0.112
-0.114
-0.115
-0.117
-0.119
-0.119
-0.119
-0.118
-0.118
-0.118
-0.118
-0.117
-0.115
-0.113
-0.112
-0.111
-0.11
-0.11
-0.109
-0.107
-0.106
-0.106
-0.106
-0.106
-0.105
-0.103
-0.101
-0.099
-0.097
-0.095
-0.093
-0.09
-0.087
-0.084
-0.08
-0.077
-0.075
-0.073
-0.071
-0.07
-0.07
-0.069
-0.069
-0.069
-0.068
-0.067
-0.066
-0.065
-0.064
-0.063
-0.063
-0.063
-0.063
-0.064
-0.064
-0.064
-0.064
-0.065
-0.065
-0.065
-0.065
-0.065
-0.063
-0.062
-0.062
-0.062
-0.061
-0.061
-0.06
-0.058
-0.057
-0.055
-0.054
-0.052
-0.05
-0.046
-0.043
-0.039
-0.036
-0.033
-0.03
-0.027
-0.022
-0.017
-0.012
-0.008
-0.005
-0.001
0.001
0.005
0.008
0.011
0.013
0.016
0.019
0.022
0.025
0.027
0.028
0.03
0.03
0.03
0.03
0.029
0.027
0.024
0.02
0.015
0.009
-0.002
-0.026
-0.039
-0.047
-0.052
-0.054
-0.052
-0.047
-0.041
-0.037
-0.033
-0.029
-0.024
-0.019
-0.015
-0.01
-0.003
0.009
0.033
0.056
0.081
0.109
0.127
0.135
0.142
0.14
0.122
0.072
-0.002
-0.095
-0.198
-0.289
-0.343
-0.362
-0.346
-0.297
-0.211
-0.125
-0.051
-0.017
-0.009
-0.004
-0.001
0.003
0.009
0.016
0.023
0.029
0.036
0.045
0.053
0.058
0.06
0.061
0.061
0.062
0.064
0.066
0.067
0.069
0.071
0.072
0.073
0.076
0.079
0.084
0.088
0.093
0.097
0.103
0.11
0.117
0.121
0.125
0.128
0.131
0.135
0.14
0.145
0.151
0.157
0.164
0.178
0.201
0.218
0.229
0.242
0.257
0.265
0.272
0.279
0.284
0.288
0.289
0.288
0.286
0.282
0.278
0.274
0.27
0.264
0.257
0.25
0.242
0.233
0.22
0.202
0.189
0.176
0.162
0.142
0.116
0.084
0.061
0.047
0.035
0.026
0.01
-0.009
-0.017
-0.02
-0.023
-0.025
-0.027
-0.029
-0.031
-0.032
-0.034
-0.035
-0.036
-0.038
-0.038
-0.037
-0.037
-0.037
-0.038
-0.04
-0.042
-0.044
-0.045
-0.047
-0.049
-0.05
-0.052
-0.053
-0.053
-0.052
-0.05
-0.049
-0.047
-0.047
-0.046
-0.046
-0.045
-0.045
-0.046
-0.046
-0.046
-0.045
-0.044
-0.042
-0.039
-0.037
-0.035
-0.034
-0.033
-0.032
-0.032
-0.032
-0.032
-0.033
-0.034
-0.034
-0.033
-0.031
-0.028
-0.026
-0.026
-0.029
-0.032
-0.035
-0.038
-0.042
-0.042
-0.038
-0.033
-0.031
-0.03
-0.029
-0.028
-0.027
-0.026
-0.024
-0.022
-0.019
-0.017
-0.015
-0.013
-0.011
-0.01
-0.008
-0.007
-0.005
-0.003
0.0
0.002
0.006
0.011
0.016
0.02
0.024
0.028
0.03
0.032
0.034
0.036
0.038
0.04
0.044
0.048
0.049
0.046
0.038
0.029
0.02
0.011
0.003
-0.002
-0.007
-0.01
-0.013
-0.016
-0.018
-0.02
-0.022
-0.023
-0.023
-0.021
-0.019
-0.015
-0.01
-0.006
-0.002
0.002
0.008
0.013
0.018
0.022
0.027
0.032
0.039
0.054
0.082
0.112
0.128
0.137
0.131
0.083
-0.003
-0.12
-0.248
-0.354
-0.398
-0.396
-0.338
-0.239
-0.153
-0.098
-0.066
-0.033
-0.007
0.005
0.015
0.015
0.006
-0.002
-0.011
-0.009
0.006
0.014
0.018
0.02
0.022
0.024
0.025
0.027
0.029
0.032
0.035
0.037
0.04
0.042
0.043
0.044
0.045
0.046
0.048
0.05
0.054
0.059
0.064
0.07
0.076
0.081
0.087
0.092
0.097
0.103
0.11
0.117
0.125
0.133
0.141
0.149
0.157
0.165
0.171
0.177
0.183
0.191
0.2
0.206
0.21
0.214
0.216
0.219
0.22
0.221
0.221
0.219
0.215
0.209
0.202
0.187
0.161
0.136
0.113
0.094
0.071
0.049
0.034
0.026
0.021
0.018
0.016
0.014
0.01
0.005
0.0
-0.008
-0.024
-0.048
-0.061
-0.069
-0.075
-0.079
-0.083
-0.087
-0.092
-0.095
-0.09
-0.081
-0.077
-0.075
-0.073
-0.071
-0.07
-0.069
-0.068
-0.067
-0.065
-0.062
-0.06
-0.058
-0.056
-0.054
-0.052
-0.05
-0.049
-0.048
-0.047
-0.046
-0.045
-0.044
-0.042
-0.04
-0.037
-0.033
-0.03
-0.028
-0.026
-0.025
-0.025
-0.024
-0.024
-0.025
-0.026
-0.027
-0.027
-0.027
-0.026
-0.024
-0.023
-0.022
-0.022
-0.023
-0.023
-0.024
-0.024
-0.025
-0.026
-0.028
-0.03
-0.032
-0.032
-0.033
-0.032
-0.032
-0.032
-0.03
-0.029
-0.026
-0.024
-0.022
-0.021
-0.02
-0.019
-0.018
-0.017
-0.017
-0.016
-0.014
-0.013
-0.011
-0.008
-0.006
-0.002
0.0
0.003
0.006
0.009
0.011
0.014
0.017
0.022
0.032
0.039
0.041
0.042
0.044
0.046
0.048
0.049
0.048
0.045
0.039
0.032
0.023
0.009
-0.004
-0.016
-0.026
-0.033
-0.038
-0.041
-0.042
-0.044
-0.046
-0.047
-0.048
-0.048
-0.048
-0.048
-0.047
-0.045
-0.042
-0.038
-0.032
-0.026
-0.018
-0.001
0.009
0.023
0.043
0.063
0.085
0.112
0.128
0.136
0.141
0.124
0.072
-0.019
-0.142
-0.277
-0.387
-0.417
-0.408
-0.334
-0.243
-0.165
-0.11
-0.075
-0.065
-0.059
-0.053
-0.046
-0.04
-0.033
-0.028
-0.023
-0.017
-0.01
-0.003
0.002
0.006
0.01
0.014
0.018
0.022
0.025
0.027
0.029
0.03
0.031
0.032
0.034
0.035
0.037
0.039
0.04
0.041
0.043
0.044
0.046
0.048
0.05
0.052
0.053
0.056
0.06
0.069
0.088
0.111
0.132
0.145
0.152
0.158
0.164
0.17
0.175
0.179
0.182
0.187
0.191
0.195
0.197
0.196
0.193
0.188
0.182
0.175
0.165
0.151
0.138
0.128
0.119
0.111
0.104
0.096
0.087
0.075
0.06
0.044
0.024
0.0
-0.018
-0.03
-0.041
-0.053
-0.057
-0.058
-0.06
-0.062
-0.065
-0.067
-0.069
-0.071
-0.072
-0.074
-0.075
-0.076
-0.076
-0.076
-0.076
-0.075
-0.075
-0.074
-0.074
-0.074
-0.074
-0.074
-0.074
-0.074
-0.074
-0.074
-0.074
-0.073
-0.073
-0.072
-0.072
-0.072
-0.071
-0.071
-0.071
-0.071
-0.071
-0.07
-0.069
-0.068
-0.067
-0.066
-0.065
-0.064
-0.062
-0.061
-0.06
-0.059
-0.058
-0.058
-0.057
-0.056
-0.055
-0.054
-0.053
-0.052
-0.051
-0.049
-0.048
-0.046
-0.045
-0.045
-0.045
-0.045
-0.044
-0.044
-0.044
-0.045
-0.045
-0.045
-0.045
-0.045
-0.044
-0.044
-0.044
-0.044
-0.044
-0.043
-0.042
-0.042
-0.041
-0.041
-0.042
-0.042
-0.043
-0.043
-0.042
-0.042
-0.042
-0.041
-0.039
-0.037
-0.035
-0.032
-0.03
-0.027
-0.024
-0.022
-0.019
-0.016
-0.013
-0.011
-0.009
-0.007
-0.006
-0.005
-0.005
-0.005
-0.006
-0.008
-0.011
-0.015
-0.019
-0.024
-0.031
-0.047
-0.063
-0.077
-0.089
-0.101
-0.113
-0.118
-0.123
-0.127
-0.13
-0.132
-0.134
-0.135
-0.136
-0.136
-0.134
-0.131
-0.128
-0.123
-0.117
-0.11
-0.094
-0.067
-0.047
-0.023
-0.002
0.011
0.012
0.003
-0.023
-0.106
-0.222
-0.35
-0.461
-0.508
-0.506
-0.446
-0.35
-0.263
-0.203
-0.157
-0.132
-0.12
-0.115
-0.111
-0.108
-0.102
-0.095
-0.088
-0.081
-0.075
-0.069
-0.063
-0.059
-0.056
-0.054
-0.053
-0.051
-0.049
-0.046
-0.043
-0.041
-0.039
-0.037
-0.035
-0.033
-0.03
-0.026
-0.023
-0.019
-0.014
-0.01
-0.006
-0.002
0.001
0.005
0.01
0.015
0.021
0.026
0.033
0.039
0.048
0.062
0.075
0.085
0.098
0.114
0.128
0.137
0.143
0.149
0.154
0.158
0.162
0.165
0.169
0.173
0.178
0.18
0.177
0.171
0.162
0.152
0.137
0.121
0.107
0.094
0.083
0.073
0.063
0.054
0.045
0.037
0.024
0.004
-0.011
-0.022
-0.029
-0.034
-0.038
-0.04
-0.042
-0.045
-0.048
-0.053
-0.059
-0.064
-0.069
-0.074
-0.079
-0.084
-0.086
-0.087
-0.088
-0.088
-0.089
-0.091
-0.09
-0.084
-0.079
-0.075
-0.071
-0.067
-0.062
-0.057
-0.05
-0.041
-0.041
-0.05
-0.057
-0.064
-0.069
-0.072
-0.074
-0.076
-0.078
-0.082
-0.08
-0.068
-0.059
-0.053
-0.047
-0.043
-0.041
-0.039
-0.038
-0.037
-0.035
-0.033
-0.032
-0.032
-0.035
-0.039
-0.045
-0.05
-0.059
-0.061
-0.062
-0.063
-0.065
-0.066
-0.065
-0.06
-0.054
-0.05
-0.047
-0.044
-0.041
-0.039
-0.037
-0.036
-0.036
-0.036
-0.037
-0.038
-0.04
-0.043
-0.046
-0.047
-0.045
-0.043
-0.042
-0.041
-0.041
-0.04
-0.038
-0.036
-0.034
-0.032
-0.029
-0.027
-0.024
-0.02
-0.016
-0.005
0.017
0.029
0.037
0.042
0.045
0.045
0.042
0.037
0.031
0.019
-0.001
-0.016
-0.024
-0.031
-0.037
-0.042
-0.044
-0.046
-0.048
-0.049
-0.051
-0.052
-0.053
-0.054
-0.054
-0.054
-0.054
-0.054
-0.053
-0.051
-0.049
-0.047
-0.044
-0.042
-0.039
-0.036
-0.03
-0.018
-0.008
0.003
0.02
0.04
0.054
0.064
0.062
0.037
-0.008
-0.071
-0.147
-0.226
-0.297
-0.338
-0.34
-0.308
-0.241
-0.176
-0.124
-0.084
-0.069
-0.063
-0.06
-0.058
-0.056
-0.054
-0.047
-0.036
-0.015
0.002
0.007
0.011
0.014
0.014
0.014
0.012
0.011
0.011
0.011
0.01
0.009
0.009
0.008
0.009
0.01
0.012
0.016
0.019
0.024
0.032
0.042
0.054
0.063
0.071
0.077
0.082
0.085
0.088
0.091
0.094
0.097
0.1
0.104
0.107
0.111
0.115
0.122
0.134
0.146
0.163
0.182
0.191
0.196
0.2
0.203
0.204
0.203
0.199
0.193
0.186
0.178
0.166
0.157
0.148
0.135
0.116
0.098
0.079
0.06
0.042
0.025
0.007
-0.005
-0.011
-0.017
-0.023
-0.029
-0.034
-0.037
-0.04
-0.042
-0.044
-0.046
-0.049
-0.052
-0.056
-0.059
-0.062
-0.065
-0.067
-0.069
-0.071
-0.073
-0.076
-0.078
-0.08
-0.082
-0.084
-0.084
-0.084
-0.084
-0.082
-0.081
-0.079
-0.078
-0.076
-0.074
-0.072
-0.071
-0.07
-0.069
-0.068
-0.067
-0.066
-0.064
-0.062
-0.059
-0.057
-0.054
-0.052
-0.05
-0.048
-0.048
-0.048
-0.048
-0.048
-0.049
-0.05
-0.05
-0.051
-0.051
-0.049
-0.047
-0.045
-0.042
-0.039
-0.036
-0.033
-0.03
-0.027
-0.025
-0.024
-0.023
-0.023
-0.022
-0.02
-0.019
-0.018
-0.017
-0.016
-0.014
-0.013
-0.013
-0.012
-0.013
-0.013
-0.013
-0.013
-0.013
-0.013
-0.012
-0.01
-0.009
-0.008
-0.006
-0.005
-0.003
-0.001
0.001
0.004
0.01
0.017
0.024
0.029
0.034
0.039
0.043
0.048
0.052
0.056
0.059
0.062
0.064
0.065
0.066
0.066
0.067
0.068
0.069
0.07
0.071
0.072
0.073
0.072
0.067
0.06
0.051
0.041
0.025
0.02
0.019
0.018
0.017
0.016
0.015
0.015
0.014
0.014
0.014
0.015
0.017
0.019
0.023
0.027
0.032
0.039
0.053
0.07
0.092
0.118
0.142
0.162
0.176
0.185
0.177
0.154
0.105
0.04
-0.033
