0.239
0.292
0.365
0.436
0.457
0.463
0.47
0.467
0.438
0.413
0.392
0.376
0.363
0.353
0.346
0.34
0.335
0.331
0.328
0.324
0.321
0.319
0.316
0.312
0.309
0.306
0.304
0.3
0.294
0.286
0.278
0.271
0.265
0.258
0.253
0.248
0.245
0.242
0.239
0.236
0.232
0.228
0.224
0.22
0.216
0.213
0.211
0.209
0.206
0.204
0.201
0.199
0.197
0.195
0.194
0.192
0.191
0.19
0.188
0.186
0.185
0.183
0.182
0.18
0.179
0.177
0.176
0.174
0.173
0.172
0.171
0.17
0.169
0.168
0.167
0.166
0.165
0.165
0.165
0.165
0.165
0.165
0.165
0.165
0.166
0.167
0.168
0.17
0.172
0.174
0.176
0.178
0.179
0.18
0.181
0.182
0.183
0.183
0.184
0.184
0.185
0.187
0.19
0.191
0.188
0.18
0.169
0.159
0.147
0.135
0.125
0.117
0.109
0.103
0.097
0.089
0.079
0.068
0.055
0.039
0.031
0.037
0.055
0.105
0.184
0.28
0.387
0.492
0.576
0.608
0.619
0.596
0.526
0.429
0.32
0.207
0.104
0.024
-0.017
-0.032
-0.038
-0.036
-0.031
-0.029
-0.028
-0.028
-0.028
-0.028
-0.028
-0.028
-0.027
-0.027
-0.027
-0.027
-0.028
-0.028
-0.029
-0.03
-0.03
-0.03
-0.03
-0.029
-0.028
-0.028
-0.027
-0.026
-0.025
-0.024
-0.022
-0.02
-0.018
-0.016
-0.015
-0.013
-0.011
-0.009
-0.008
-0.006
-0.003
0.0
0.003
0.007
0.011
0.016
0.02
0.026
0.031
0.037
0.043
0.048
0.055
0.063
0.07
0.075
0.078
0.079
0.081
0.082
0.084
0.086
0.087
0.089
0.091
0.091
0.09
0.087
0.081
0.075
0.066
0.054
0.034
0.015
0.0
-0.014
-0.027
-0.039
-0.049
-0.057
-0.064
-0.072
-0.08
-0.088
-0.094
-0.098
-0.103
-0.107
-0.111
-0.114
-0.117
-0.119
-0.121
-0.123
-0.124
-0.124
-0.125
-0.125
-0.126
-0.126
-0.127
-0.128
-0.129
-0.129
-0.13
-0.13
-0.129
-0.126
-0.122
-0.118
-0.113
-0.109
-0.106
-0.103
-0.101
-0.099
-0.097
-0.096
-0.094
-0.093
-0.092
-0.091
-0.09
-0.088
-0.087
-0.085
-0.083
-0.081
-0.079
-0.077
-0.075
-0.074
-0.072
-0.07
-0.067
-0.064
-0.061
-0.056
-0.052
-0.047
-0.043
-0.038
-0.033
-0.029
-0.025
-0.021
-0.017
-0.012
-0.007
-0.003
0.001
0.005
0.008
0.011
0.013
0.014
0.016
0.017
0.019
0.02
0.022
0.024
0.025
0.026
0.025
0.021
0.016
0.01
0.003
-0.003
-0.011
-0.018
-0.025
-0.031
-0.037
-0.041
-0.046
-0.053
-0.063
-0.068
-0.061
-0.044
0.004
0.087
0.193
0.31
0.425
0.518
0.565
0.581
0.564
0.514
0.421
0.309
0.189
0.075
-0.018
-0.069
-0.088
-0.095
-0.09
-0.079
-0.074
-0.071
-0.069
-0.066
-0.064
-0.062
-0.059
-0.055
-0.051
-0.048
-0.045
-0.042
-0.039
-0.035
-0.031
-0.026
-0.016
-0.006
0.0
0.007
0.01
0.013
0.015
0.017
0.018
0.02
0.021
0.023
0.025
0.027
0.029
0.031
0.033
0.034
0.036
0.039
0.041
0.045
0.049
0.054
0.06
0.066
0.071
0.077
0.081
0.085
0.089
0.092
0.095
0.098
0.101
0.104
0.107
0.11
0.112
0.113
0.112
0.11
0.107
0.102
0.097
0.09
0.082
0.069
0.055
0.041
0.024
0.005
-0.011
-0.025
-0.037
-0.049
-0.06
-0.069
-0.076
-0.083
-0.089
-0.094
-0.099
-0.103
-0.105
-0.107
-0.108
-0.109
-0.11
-0.111
-0.111
-0.111
-0.111
-0.111
-0.11
-0.108
-0.107
-0.106
-0.105
-0.104
-0.102
-0.101
-0.1
-0.1
-0.1
-0.1
-0.1
-0.1
-0.101
-0.101
-0.101
-0.102
-0.103
-0.104
-0.105
-0.107
-0.108
-0.109
-0.11
-0.112
-0.113
-0.115
-0.116
-0.117
-0.118
-0.118
-0.118
-0.119
-0.119
-0.12
-0.12
-0.121
-0.122
-0.123
-0.124
-0.124
-0.123
-0.119
-0.112
-0.105
-0.098
-0.092
-0.087
-0.082
-0.076
-0.071
-0.066
-0.062
-0.058
-0.054
-0.051
-0.048
-0.046
-0.045
-0.044
-0.043
-0.042
-0.04
-0.039
-0.037
-0.035
-0.033
-0.032
-0.032
-0.032
-0.034
-0.037
-0.041
-0.045
-0.049
-0.054
-0.059
-0.065
-0.072
-0.087
-0.094
-0.09
-0.081
-0.056
0.011
0.116
0.253
0.415
0.577
0.71
0.757
0.746
0.638
0.445
0.225
0.027
-0.108
-0.147
-0.146
-0.1
-0.043
-0.004
0.002
0.008
0.012
0.015
0.017
0.018
0.021
0.023
0.025
0.027
0.028
0.028
0.028
0.029
0.03
0.032
0.034
0.038
0.047
0.058
0.071
0.086
0.104
0.123
0.138
0.151
0.165
0.18
0.187
0.191
0.195
0.198
0.2
0.203
0.205
0.207
0.21
0.212
0.214
0.216
0.218
0.22
0.222
0.224
0.227
0.229
0.233
0.236
0.24
0.244
0.247
0.25
0.251
0.251
0.249
0.246
0.241
0.236
0.229
0.219
0.2
0.182
0.169
0.159
0.151
0.143
0.135
0.127
0.118
0.107
0.095
0.082
0.069
0.057
0.042
0.027
0.014
0.004
-0.004
-0.009
-0.012
-0.014
-0.016
-0.017
-0.018
-0.019
-0.02
-0.02
-0.021
-0.022
-0.022
-0.022
-0.022
-0.021
-0.02
-0.019
-0.016
-0.014
-0.011
-0.009
-0.006
-0.003
0.0
0.002
0.005
0.009
0.013
0.017
0.023
0.028
0.033
0.036
0.039
0.042
0.044
0.046
0.047
0.049
0.05
0.051
0.052
0.053
0.054
0.055
0.055
0.055
0.054
0.054
0.052
0.051
0.049
0.048
0.047
0.045
0.044
0.042
0.041
0.039
0.038
0.037
0.035
0.034
0.034
0.033
0.034
0.034
0.035
0.035
0.035
0.035
0.034
0.034
0.033
0.033
0.034
0.034
0.036
0.037
0.039
0.041
0.042
0.042
0.041
0.039
0.037
0.034
0.032
0.03
0.027
0.024
0.022
0.014
-0.007
-0.014
-0.022
-0.02
0.01
0.074
0.178
0.318
0.482
0.644
0.772
0.805
0.788
0.663
0.468
0.261
0.082
-0.032
-0.053
-0.06
-0.044
-0.037
-0.034
-0.032
-0.029
-0.026
-0.025
-0.023
-0.021
-0.02
-0.02
-0.02
-0.021
-0.022
-0.023
-0.024
-0.024
-0.025
-0.026
-0.027
-0.028
-0.03
-0.031
-0.031
-0.032
-0.032
-0.031
-0.031
-0.03
-0.029
-0.027
-0.026
-0.024
-0.021
-0.017
-0.013
-0.009
-0.002
0.014
0.029
0.044
0.053
0.061
0.067
0.072
0.077
0.081
0.084
0.089
0.094
0.104
0.12
0.136
0.152
0.167
0.187
0.199
0.207
0.213
0.218
0.22
0.22
0.218
0.214
0.208
0.201
0.193
0.18
0.166
0.153
0.136
0.117
0.1
0.084
0.068
0.052
0.037
0.021
0.007
-0.002
-0.008
-0.013
-0.017
-0.02
-0.022
-0.024
-0.026
-0.027
-0.028
-0.03
-0.031
-0.033
-0.034
-0.035
-0.035
-0.036
-0.036
-0.036
-0.036
-0.035
-0.034
-0.032
-0.03
-0.028
-0.026
-0.023
-0.02
-0.017
-0.014
-0.011
-0.007
-0.003
0.001
0.006
0.01
0.013
0.016
0.019
0.023
0.028
0.035
0.042
0.048
0.054
0.059
0.063
0.066
0.07
0.074
0.078
0.083
0.088
0.096
0.106
0.116
0.126
0.133
0.139
0.144
0.149
0.154
0.16
0.166
0.171
0.176
0.18
0.184
0.188
0.192
0.195
0.199
0.201
0.204
0.207
0.21
0.212
0.215
0.216
0.217
0.218
0.218
0.218
0.218
0.217
0.216
0.214
0.212
0.209
0.205
0.2
0.19
0.168
0.148
0.129
0.109
0.087
0.07
0.059
0.05
0.042
0.034
0.027
0.019
0.009
-0.005
-0.026
-0.04
-0.051
-0.051
-0.038
-0.001
0.082
0.202
0.355
0.523
0.68
0.782
0.792
0.742
0.583
0.374
0.16
-0.013
-0.099
-0.128
-0.117
-0.084
-0.055
-0.046
-0.043
-0.048
-0.057
-0.067
-0.08
-0.092
-0.096
-0.099
-0.101
-0.103
-0.105
-0.106
-0.108
-0.109
-0.111
-0.111
-0.112
-0.113
-0.113
-0.113
-0.113
-0.112
-0.111
-0.11
-0.108
-0.107
-0.105
-0.103
-0.101
-0.099
-0.096
-0.094
-0.091
-0.089
-0.085
-0.08
-0.076
-0.071
-0.067
-0.063
-0.059
-0.055
-0.05
-0.045
-0.039
-0.034
-0.028
-0.022
-0.019
-0.016
-0.013
-0.01
-0.008
-0.006
-0.005
-0.004
-0.004
-0.005
-0.005
-0.007
-0.009
-0.012
-0.016
-0.02
-0.025
-0.034
-0.051
-0.062
-0.078
-0.097
-0.116
-0.135
-0.153
-0.169
-0.184
-0.201
-0.215
-0.224
-0.232
-0.24
-0.244
-0.246
-0.249
-0.251
-0.252
-0.254
-0.255
-0.257
-0.258
-0.258
-0.259
-0.259
-0.259
-0.258
-0.258
-0.258
-0.258
-0.257
-0.256
-0.256
-0.255
-0.254
-0.253
-0.252
-0.25
-0.249
-0.247
-0.245
-0.244
-0.242
-0.241
-0.239
-0.237
-0.232
-0.228
-0.223
-0.217
-0.211
-0.207
-0.204
-0.201
-0.198
-0.196
-0.193
-0.19
-0.186
-0.183
-0.181
-0.178
-0.176
-0.174
-0.172
-0.171
-0.168
-0.166
-0.164
-0.161
-0.158
-0.155
-0.153
-0.151
-0.149
-0.148
-0.147
-0.146
-0.144
-0.143
-0.142
-0.14
-0.139
-0.138
-0.136
-0.135
-0.134
-0.134
-0.133
-0.132
-0.131
-0.13
-0.128
-0.127
-0.126
-0.125
-0.123
-0.122
-0.121
-0.119
-0.118
-0.116
-0.115
-0.114
-0.114
-0.115
-0.116
-0.118
-0.119
-0.121
-0.123
-0.124
-0.126
-0.128
-0.129
-0.132
-0.134
-0.134
-0.133
-0.129
-0.124
-0.119
-0.115
-0.11
-0.105
-0.1
-0.096
-0.092
-0.088
-0.084
-0.081
-0.078
-0.075
-0.072
-0.069
-0.067
-0.064
-0.063
-0.063
-0.064
-0.066
-0.069
-0.074
-0.078
-0.082
-0.085
-0.089
-0.093
-0.097
-0.102
-0.106
-0.11
-0.113
-0.116
-0.118
-0.12
-0.123
-0.128
-0.141
-0.153
-0.159
-0.157
-0.141
-0.101
-0.016
0.109
0.268
0.44
0.592
0.681
0.686
0.623
0.466
0.267
0.074
-0.073
-0.14
-0.163
-0.152
-0.12
-0.089
-0.08
-0.075
-0.07
-0.066
-0.062
-0.058
-0.054
-0.051
-0.049
-0.047
-0.045
-0.043
-0.041
-0.038
-0.035
-0.032
-0.027
-0.021
-0.013
-0.005
0.0
0.002
0.004
0.007
0.009
0.011
0.013
0.015
0.017
0.019
0.022
0.025
0.033
0.05
0.062
0.071
0.082
0.093
0.105
0.116
0.124
0.13
0.136
0.144
0.152
0.159
0.166
0.173
0.178
0.182
0.186
0.189
0.191
0.194
0.196
0.198
0.199
0.2
0.2
0.199
0.198
0.196
0.193
0.19
0.186
0.182
0.175
0.16
0.149
0.137
0.125
0.112
0.099
0.087
0.074
0.064
0.056
0.049
0.044
0.039
0.036
0.033
0.031
0.033
0.038
0.044
0.048
0.052
0.057
0.061
0.066
0.071
0.075
0.078
0.08
0.081
0.082
0.083
0.083
0.084
0.086
0.088
0.09
0.092
0.094
0.096
0.098
0.099
0.102
0.107
0.118
0.131
0.141
0.147
0.153
0.157
0.16
0.162
0.164
0.165
0.167
0.17
0.173
0.177
0.182
0.189
0.202
0.222
0.234
0.241
0.244
0.24
0.233
0.222
0.206
0.179
0.15
0.134
0.122
0.114
0.111
0.114
0.122
0.135
0.152
0.164
0.172
0.176
0.173
0.167
0.159
0.149
0.136
0.117
0.099
0.072
0.044
0.025
0.011
0.001
-0.004
-0.01
-0.013
-0.014
-0.015
-0.016
-0.018
-0.02
-0.022
-0.024
-0.027
-0.03
-0.032
-0.036
-0.043
-0.053
-0.062
-0.069
-0.078
-0.086
-0.093
-0.102
-0.11
-0.118
-0.126
-0.133
-0.146
-0.164
-0.179
-0.19
-0.197
-0.202
-0.206
-0.209
-0.214
-0.219
-0.225
-0.237
-0.256
-0.275
-0.296
-0.319
-0.339
-0.351
-0.36
-0.363
-0.359
-0.349
-0.337
-0.323
-0.313
-0.308
-0.303
-0.299
-0.296
-0.295
-0.295
-0.297
-0.301
-0.306
-0.313
-0.325
-0.337
-0.352
-0.372
-0.393
-0.413
-0.431
-0.447
-0.462
-0.477
-0.489
-0.498
-0.507
-0.519
-0.536
-0.555
-0.575
-0.595
-0.616
-0.637
-0.658
-0.678
-0.699
-0.717
-0.73
-0.744
-0.763
-0.785
-0.808
-0.82
-0.825
-0.821
-0.791
-0.729
-0.633
-0.503
-0.35
-0.195
-0.065
-0.014
-0.023
-0.12
-0.3
-0.509
-0.707
-0.856
-0.923
-0.946
-0.935
-0.902
-0.872
-0.857
-0.846
-0.83
-0.811
-0.79
-0.775
-0.767
-0.761
-0.756
-0.753
-0.749
-0.743
-0.735
-0.726
-0.713
-0.695
-0.681
-0.672
-0.665
-0.659
-0.648
-0.632
-0.622
-0.616
-0.611
-0.604
-0.596
-0.586
-0.572
-0.561
-0.551
-0.541
-0.528
-0.51
-0.489
-0.468
-0.448
-0.429
-0.412
-0.388
-0.359
-0.327
-0.296
-0.265
-0.224
-0.176
