-0.089
-0.098
-0.107
-0.116
-0.124
-0.131
-0.136
-0.14
-0.143
-0.145
-0.147
-0.15
-0.152
-0.155
-0.157
-0.16
-0.163
-0.165
-0.168
-0.173
-0.183
-0.2
-0.21
-0.216
-0.225
-0.237
-0.248
-0.26
-0.265
-0.261
-0.251
-0.244
-0.236
-0.23
-0.23
-0.233
-0.239
-0.244
-0.253
-0.263
-0.276
-0.295
-0.305
-0.31
-0.314
-0.318
-0.32
-0.321
-0.321
-0.32
-0.318
-0.316
-0.313
-0.31
-0.304
-0.301
-0.304
-0.311
-0.316
-0.321
-0.326
-0.328
-0.329
-0.327
-0.325
-0.323
-0.32
-0.317
-0.315
-0.313
-0.314
-0.315
-0.317
-0.322
-0.328
-0.317
-0.305
-0.296
-0.288
-0.282
-0.277
-0.272
-0.268
-0.268
-0.27
-0.273
-0.276
-0.278
-0.281
-0.282
-0.284
-0.284
-0.286
-0.287
-0.287
-0.286
-0.285
-0.282
-0.279
-0.276
-0.273
-0.27
-0.266
-0.259
-0.252
-0.242
-0.226
-0.208
-0.201
-0.196
-0.193
-0.194
-0.196
-0.198
-0.201
-0.202
-0.202
-0.199
-0.193
-0.183
-0.168
-0.143
-0.118
-0.1
-0.093
-0.088
-0.085
-0.084
-0.087
-0.094
-0.101
-0.11
-0.121
-0.129
-0.132
-0.134
-0.138
-0.143
-0.133
-0.117
-0.102
-0.095
-0.09
-0.086
-0.079
-0.071
-0.065
-0.059
-0.052
-0.045
-0.038
-0.03
-0.012
0.009
0.04
0.075
0.13
0.2
0.269
0.314
0.318
0.299
0.226
0.115
-0.009
-0.111
-0.158
-0.161
-0.128
-0.073
-0.02
0.029
0.048
0.054
0.059
0.065
0.073
0.087
0.111
0.138
0.159
0.17
0.176
0.181
0.186
0.191
0.199
0.209
0.219
0.231
0.249
0.266
0.278
0.291
0.308
0.331
0.357
0.382
0.399
0.41
0.418
0.426
0.437
0.451
0.46
0.465
0.469
0.475
0.481
0.494
0.509
0.515
0.518
0.52
0.522
0.524
0.526
0.529
0.532
0.538
0.548
0.566
0.577
0.584
0.587
0.587
0.584
0.579
0.57
0.554
0.535
0.513
0.498
0.491
0.486
0.482
0.477
0.473
0.469
0.464
0.456
0.443
0.434
0.415
0.384
0.35
0.314
0.287
0.269
0.261
0.254
0.249
0.245
0.241
0.239
0.237
0.234
0.229
0.223
0.217
0.211
0.205
0.2
0.196
0.191
0.185
0.176
0.168
0.163
0.157
0.153
0.148
0.145
0.142
0.138
0.135
0.131
0.126
0.121
0.117
0.112
0.107
0.1
0.092
0.086
0.08
0.075
0.071
0.068
0.065
0.062
0.059
0.057
0.056
0.054
0.053
0.051
0.049
0.048
0.047
0.046
0.046
0.045
0.045
0.044
0.045
0.045
0.046
0.046
0.047
0.047
0.048
0.048
0.049
0.049
0.05
0.05
0.051
0.051
0.051
0.051
0.051
0.051
0.051
0.05
0.05
0.049
0.049
0.049
0.048
0.047
0.046
0.044
0.042
0.04
0.038
0.035
0.032
0.029
0.027
0.025
0.022
0.018
0.009
-0.007
-0.016
-0.021
-0.024
-0.024
-0.019
-0.013
-0.009
-0.005
-0.001
0.001
0.0
-0.005
-0.014
-0.024
-0.034
-0.048
-0.057
-0.061
-0.064
-0.067
-0.07
-0.073
-0.076
-0.074
-0.068
-0.06
-0.052
-0.042
-0.034
-0.034
-0.042
-0.051
-0.058
-0.064
-0.069
-0.074
-0.076
-0.074
-0.069
-0.063
-0.056
-0.05
-0.04
-0.033
-0.033
-0.039
-0.049
-0.061
-0.077
-0.092
-0.098
-0.101
-0.104
-0.108
-0.111
-0.113
-0.116
-0.118
-0.119
-0.119
-0.119
-0.119
-0.118
-0.117
-0.115
-0.112
-0.108
-0.105
-0.101
-0.097
-0.089
-0.067
-0.029
0.029
0.103
0.18
0.236
0.24
0.202
0.098
-0.03
-0.147
-0.217
-0.244
-0.246
-0.231
-0.207
-0.184
-0.175
-0.171
-0.168
-0.165
-0.16
-0.154
-0.147
-0.141
-0.135
-0.129
-0.123
-0.119
-0.116
-0.117
-0.12
-0.125
-0.13
-0.135
-0.14
-0.148
-0.156
-0.157
-0.153
-0.146
-0.134
-0.113
-0.093
-0.08
-0.075
-0.07
-0.065
-0.077
-0.095
-0.109
-0.113
-0.115
-0.116
-0.117
-0.118
-0.115
-0.11
-0.103
-0.094
-0.08
-0.061
-0.052
-0.047
-0.043
-0.04
-0.037
-0.034
-0.031
-0.029
-0.027
-0.025
-0.023
-0.021
-0.019
-0.018
-0.017
-0.015
-0.013
-0.009
-0.006
-0.003
-0.003
-0.005
-0.008
-0.011
-0.017
-0.028
-0.055
-0.069
-0.073
-0.077
-0.079
-0.081
-0.083
-0.085
-0.088
-0.09
-0.092
-0.094
-0.096
-0.098
-0.099
-0.099
-0.099
-0.099
-0.1
-0.101
-0.103
-0.105
-0.107
-0.113
-0.118
-0.118
-0.108
-0.096
-0.09
-0.085
-0.08
-0.075
-0.072
-0.068
-0.065
-0.061
-0.058
-0.056
-0.054
-0.052
-0.05
-0.049
-0.048
-0.048
-0.047
-0.046
-0.046
-0.047
-0.047
-0.047
-0.048
-0.048
-0.049
-0.049
-0.05
-0.05
-0.05
-0.049
-0.048
-0.046
-0.045
-0.045
-0.045
-0.045
-0.045
-0.044
-0.044
-0.044
-0.044
-0.043
-0.041
-0.039
-0.036
-0.033
-0.031
-0.028
-0.026
-0.023
-0.022
-0.022
-0.023
-0.025
-0.027
-0.028
-0.029
-0.028
-0.028
-0.027
-0.026
-0.025
-0.024
-0.024
-0.024
-0.024
-0.025
-0.027
-0.029
-0.03
-0.031
-0.031
-0.031
-0.031
-0.03
-0.028
-0.024
-0.021
-0.018
-0.016
-0.015
-0.014
-0.01
-0.004
0.0
0.001
0.001
0.0
-0.001
-0.002
-0.003
-0.004
-0.007
-0.011
-0.014
-0.016
-0.016
-0.015
-0.013
-0.013
-0.011
-0.009
-0.006
-0.004
-0.004
-0.004
-0.005
-0.007
-0.008
-0.008
-0.004
0.0
0.006
0.009
0.012
0.016
0.021
0.026
0.03
0.033
0.036
0.038
0.041
0.044
0.048
0.05
0.053
0.059
0.066
0.071
0.071
0.065
0.055
0.045
0.036
0.027
0.019
0.012
0.008
0.005
0.003
0.001
0.0
-0.001
-0.003
-0.006
-0.007
-0.005
0.0
0.007
0.015
0.022
0.029
0.037
0.045
0.054
0.064
0.076
0.101
0.138
0.192
0.236
0.253
0.251
0.224
0.151
0.052
-0.038
-0.077
-0.09
-0.095
-0.09
-0.079
-0.066
-0.052
-0.036
-0.024
-0.017
-0.011
-0.003
0.006
0.016
0.03
0.047
0.047
0.031
0.014
-0.002
-0.009
-0.014
-0.018
-0.019
-0.012
0.003
0.02
0.039
0.045
0.047
0.048
0.049
0.051
0.053
0.054
0.055
0.056
0.056
0.055
0.054
0.054
0.053
0.05
0.044
0.058
0.067
0.072
0.076
0.08
0.084
0.087
0.09
0.094
0.098
0.102
0.105
0.107
0.108
0.11
0.113
0.116
0.119
0.122
0.122
0.121
0.119
0.117
0.114
0.109
0.104
0.096
0.083
0.068
0.053
0.039
0.027
0.014
0.001
-0.009
-0.017
-0.022
-0.027
-0.031
-0.034
-0.038
-0.042
-0.046
-0.05
-0.055
-0.059
-0.064
-0.068
-0.073
-0.079
-0.084
-0.088
-0.091
-0.093
-0.094
-0.093
-0.092
-0.089
-0.086
-0.082
-0.079
-0.076
-0.075
-0.074
-0.073
-0.072
-0.07
-0.069
-0.067
-0.066
-0.065
-0.064
-0.063
-0.062
-0.061
-0.061
-0.061
-0.061
-0.061
-0.061
-0.06
-0.059
-0.059
-0.06
-0.06
-0.06
-0.06
-0.059
-0.059
-0.059
-0.059
-0.058
-0.055
-0.052
-0.051
-0.055
-0.06
-0.064
-0.066
-0.069
-0.073
-0.076
-0.079
-0.08
-0.081
-0.08
-0.078
-0.076
-0.075
-0.073
-0.069
-0.065
-0.064
-0.068
-0.075
-0.08
-0.085
-0.09
-0.094
-0.095
-0.095
-0.095
-0.094
-0.092
-0.091
-0.089
-0.087
-0.086
-0.086
-0.085
-0.085
-0.084
-0.082
-0.082
-0.084
-0.086
-0.088
-0.09
-0.092
-0.093
-0.096
-0.099
-0.101
-0.102
-0.1
-0.097
-0.091
-0.086
-0.081
-0.076
-0.071
-0.065
-0.059
-0.053
-0.046
-0.039
-0.032
-0.025
-0.019
-0.014
-0.009
-0.004
-0.001
0.002
0.005
0.007
0.01
0.012
0.013
0.015
0.018
0.021
0.025
0.03
0.034
0.037
0.039
0.041
0.044
0.047
0.049
0.05
0.052
0.054
0.056
0.059
0.063
0.066
0.068
0.069
0.069
0.067
0.063
0.058
0.052
0.045
0.039
0.033
0.028
0.025
0.02
0.016
0.011
0.006
0.001
-0.002
-0.006
-0.01
-0.013
-0.014
-0.015
-0.014
-0.012
-0.008
-0.004
0.0
0.004
0.01
0.016
0.022
0.032
0.058
0.082
0.113
0.151
0.211
0.269
0.288
0.279
0.248
0.155
0.045
-0.054
-0.108
-0.128
-0.127
-0.104
-0.068
-0.034
-0.022
-0.018
-0.014
-0.009
-0.003
0.005
0.015
0.026
0.036
0.045
0.053
0.061
0.066
0.071
0.074
0.076
0.078
0.081
0.083
0.084
0.085
0.086
0.087
0.087
0.089
0.09
0.092
0.095
0.099
0.102
0.105
0.107
0.109
0.112
0.114
0.117
0.12
0.123
0.126
0.13
0.134
0.139
0.143
0.147
0.151
0.155
0.158
0.162
0.165
0.171
0.18
0.19
0.197
0.204
0.21
0.216
0.221
0.224
0.224
0.218
0.208
0.198
0.189
0.179
0.169
0.16
0.155
0.15
0.144
0.135
0.121
0.099
0.084
0.075
0.068
0.061
0.055
0.05
0.044
0.037
0.029
0.017
0.006
-0.004
-0.016
-0.026
-0.036
-0.045
-0.051
-0.055
-0.058
-0.061
-0.065
-0.069
-0.072
-0.074
-0.073
-0.068
-0.062
-0.055
-0.047
-0.034
-0.026
-0.032
-0.042
-0.046
-0.048
-0.049
-0.051
-0.052
-0.053
-0.054
-0.055
-0.058
-0.059
-0.06
-0.061
-0.061
-0.062
-0.062
-0.062
-0.063
-0.064
-0.064
-0.063
-0.063
-0.064
-0.064
-0.066
-0.068
-0.07
-0.071
-0.072
-0.073
-0.074
-0.076
-0.078
-0.078
-0.079
-0.078
-0.078
-0.078
-0.079
-0.079
-0.078
-0.077
-0.077
-0.077
-0.077
-0.078
-0.079
-0.079
-0.078
-0.078
-0.078
-0.079
-0.08
-0.08
-0.079
-0.077
-0.076
-0.076
-0.075
-0.075
-0.074
-0.073
-0.071
-0.071
-0.071
-0.072
-0.073
-0.074
-0.073
-0.072
-0.071
-0.071
-0.07
-0.069
-0.068
-0.068
-0.068
-0.068
-0.07
-0.071
-0.073
-0.074
-0.075
-0.076
-0.076
-0.077
-0.076
-0.074
-0.072
-0.07
-0.068
-0.066
-0.065
-0.063
-0.063
-0.062
-0.061
-0.061
-0.06
-0.059
-0.057
-0.055
-0.053
-0.05
-0.047
-0.043
-0.039
-0.035
-0.031
-0.027
-0.023
-0.018
-0.014
-0.01
-0.008
-0.005
-0.002
0.0
0.004
0.007
0.011
0.014
0.017
0.018
0.019
0.019
0.019
0.018
0.017
0.017
0.016
0.016
0.017
0.017
0.018
0.018
0.017
0.015
0.013
0.012
0.011
0.011
0.011
0.011
0.011
0.012
0.015
0.019
0.023
0.027
0.031
0.036
0.051
0.086
0.143
0.206
0.273
0.299
0.319
0.316
0.266
0.19
0.103
0.011
-0.074
-0.122
-0.14
-0.141
-0.123
-0.073
-0.01
0.012
0.019
0.028
0.018
-0.01
-0.026
-0.033
-0.023
-0.007
0.002
0.01
0.017
0.023
0.027
0.028
0.027
0.025
0.024
0.023
0.022
0.021
0.018
0.013
0.009
0.007
0.008
0.014
0.021
0.027
0.03
0.033
0.037
0.041
0.045
0.048
0.051
0.054
0.056
0.059
0.062
0.064
0.065
0.066
0.066
0.068
0.071
0.075
0.079
0.084
0.09
0.097
0.104
0.111
0.119
0.125
0.131
0.136
0.141
0.148
0.155
0.16
0.164
0.163
0.159
0.151
0.141
0.13
0.119
0.103
0.086
0.073
0.06
0.044
0.024
0.019
0.017
0.015
0.014
0.013
0.013
0.013
0.011
0.007
0.002
-0.002
-0.007
-0.01
-0.014
-0.018
-0.022
-0.025
-0.024
-0.021
-0.018
-0.015
-0.012
-0.011
-0.01
-0.009
-0.007
-0.005
-0.004
-0.004
-0.003
-0.002
-0.001
-0.001
-0.001
-0.002
-0.003
-0.005
-0.006
-0.007
-0.008
-0.01
-0.013
-0.015
-0.017
-0.019
-0.02
-0.021
-0.021
-0.022
-0.023
-0.023
-0.023
-0.023
-0.024
-0.025
-0.026
-0.027
-0.028
-0.028
-0.028
-0.027
-0.026
-0.025
-0.022
-0.019
-0.016
-0.011
-0.003
-0.016
-0.026
-0.031
-0.035
-0.039
-0.041
-0.041
-0.04
-0.038
-0.035
-0.031
-0.028
-0.025
-0.021
-0.017
-0.014
-0.012
-0.012
-0.013
-0.015
-0.019
-0.022
-0.026
-0.029
-0.034
-0.038
-0.041
-0.044
-0.047
-0.048
-0.049
-0.048
-0.048
-0.047
-0.045
-0.043
-0.041
-0.039
-0.037
-0.035
-0.033
-0.031
-0.03
-0.028
-0.027
-0.026
-0.026
-0.026
-0.026
-0.026
-0.025
-0.024
-0.022
-0.018
-0.015
-0.013
-0.013
-0.016
-0.02
-0.022
-0.025
-0.028
-0.031
-0.032
-0.03
-0.024
-0.016
-0.007
0.003
0.02
0.03
0.025
0.015
0.006
-0.002
-0.009
-0.011
-0.012
-0.013
-0.014
-0.015
-0.017
-0.019
-0.02
-0.022
-0.023
-0.025
-0.026
-0.026
-0.027
-0.027
-0.027
-0.028
-0.029
-0.03
-0.032
-0.038
-0.042
-0.037
-0.024
0.015
0.065
0.128
0.201
0.281
0.332
0.349
0.321
0.236
0.095
-0.05
-0.164
-0.211
-0.213
-0.175
-0.119
-0.093
-0.082
-0.077
-0.073
-0.066
-0.057
-0.048
-0.04
-0.032
-0.025
-0.018
-0.012
-0.006
-0.001
0.001
0.004
0.005
0.007
0.008
0.009
0.01
0.012
0.012
0.013
0.014
0.016
0.018
0.021
0.023
0.024
0.025
0.026
0.027
0.028
0.028
0.029
0.029
0.03
0.032
0.034
0.037
0.041
0.044
0.048
0.051
0.055
0.059
0.063
0.068
0.073
0.083
0.102
0.115
0.122
0.128
0.134
0.138
0.14
0.14
0.138
0.134
0.129
0.122
0.115
0.105
0.095
0.083
0.073
0.064
0.056
0.049
0.042
0.035
0.029
0.022
0.007
-0.017
-0.032
-0.04
-0.047
-0.054
-0.061
-0.065
-0.067
-0.07
-0.072
-0.074
-0.076
-0.078
-0.079
-0.081
-0.082
-0.083
-0.082
-0.081
-0.079
-0.076
-0.074
-0.073
-0.071
-0.069
-0.067
-0.064
-0.061
-0.057
-0.053
-0.048
-0.043
-0.039
-0.036
-0.033
-0.031
-0.029
-0.027
-0.026
-0.026
-0.026
-0.026
-0.026
-0.026
-0.025
-0.024
-0.023
-0.022
-0.022
-0.023
-0.024
-0.024
-0.025
-0.025
-0.025
-0.026
-0.028
-0.029
-0.03
-0.03
-0.03
-0.03
-0.03
-0.031
-0.032
-0.033
-0.033
-0.032
-0.032
-0.032
-0.032
-0.033
-0.034
-0.035
-0.036
-0.04
-0.043
-0.041
-0.037
-0.033
-0.029
-0.026
-0.025
-0.027
-0.029
-0.03
-0.031
-0.031
-0.033
-0.034
-0.034
-0.035
-0.035
-0.036
-0.036
-0.036
-0.036
-0.036
-0.035
-0.034
-0.034
-0.033
-0.032
-0.032
-0.032
-0.032
-0.032
-0.032
-0.032
-0.031
-0.031
-0.026
-0.019
-0.016
-0.014
-0.012
-0.011
-0.01
-0.009
-0.007
-0.005
-0.004
-0.002
-0.001
0.0
0.0
0.0
0.001
0.003
0.004
0.005
0.006
0.008
0.012
0.018
0.025
0.032
0.039
0.044
0.049
0.053
0.057
0.058
0.056
0.052
0.046
0.039
0.025
0.003
-0.004
-0.009
-0.014
-0.018
-0.02
-0.02
-0.02
-0.018
-0.016
-0.014
-0.01
-0.007
-0.003
0.002
0.008
0.014
0.023
0.039
0.065
0.109
0.162
0.221
0.284
0.325
0.325
0.286
0.197
0.086
-0.016
-0.082
-0.103
-0.093
-0.064
-0.033
-0.022
-0.02
-0.022
-0.022
-0.023
-0.023
-0.024
-0.022
-0.018
-0.014
-0.011
-0.009
-0.008
-0.006
-0.003
0.0
0.003
0.006
0.009
0.013
0.017
0.025
0.039
0.043
0.046
0.049
0.05
0.049
0.041
0.031
0.024
0.018
0.012
0.007
0.005
0.007
0.012
0.018
0.025
0.031
0.036
0.042
0.048
0.054
0.058
0.06
0.062
0.064
0.067
0.071
0.073
0.075
0.077
0.079
0.081
0.084
0.086
0.088
0.09
0.091
0.093
0.095
0.097
0.098
0.097
0.094
0.09
0.085
0.079
0.072
0.06
0.051
0.043
0.031
0.01
-0.004
-0.011
-0.016
-0.02
-0.024
-0.027
-0.029
-0.032
-0.034
-0.035
-0.037
-0.039
-0.042
-0.044
-0.046
-0.048
-0.049
-0.05
-0.052
-0.055
-0.058
-0.066
-0.081
-0.09
-0.096
-0.098
-0.095
-0.087
-0.081
-0.075
-0.069
-0.064
-0.059
-0.055
-0.051
-0.046
-0.043
-0.041
-0.042
-0.045
-0.049
-0.053
-0.055
-0.058
-0.06
-0.063
-0.065
-0.067
-0.067
-0.066
-0.064
-0.061
-0.058
-0.054
-0.049
-0.045
-0.037
-0.031
-0.028
-0.03
-0.035
-0.041
-0.049
-0.06
-0.066
-0.07
-0.073
-0.078
-0.076
-0.062
-0.056
-0.052
-0.048
-0.045
-0.042
-0.04
-0.038
-0.037
-0.037
-0.036
-0.035
-0.034
-0.032
-0.03
-0.026
-0.024
-0.025
-0.028
-0.031
-0.033
-0.036
-0.038
-0.038
-0.037
-0.035
-0.034
-0.034
-0.034
-0.034
-0.033
-0.033
-0.032
-0.031
-0.031
-0.031
-0.032
-0.031
-0.031
-0.03
-0.03
-0.029
-0.029
-0.028
-0.027
-0.026
-0.024
-0.023
-0.022
-0.02
-0.018
-0.016
-0.014
-0.012
-0.011
-0.01
-0.011
-0.012
-0.014
-0.017
-0.021
-0.026
-0.032
-0.041
-0.046
-0.043
-0.034
-0.021
-0.003
0.015
0.033
0.05
0.065
0.074
0.081
0.08
0.067
0.047
0.028
0.02
0.015
0.01
0.003
-0.004
-0.009
-0.015
-0.02
-0.024
-0.025
-0.024
-0.019
-0.012
-0.005
-0.001
0.003
0.008
0.014
0.018
0.022
0.025
0.029
0.033
0.042
0.061
0.082
0.104
0.14
0.19
0.253
0.306
0.324
0.301
0.23
0.087
-0.066
-0.177
-0.211
-0.17
-0.097
-0.025
0.008
0.02
0.004
-0.023
-0.039
-0.043
-0.045
-0.046
-0.045
-0.041
-0.034
-0.028
-0.023
-0.017
-0.009
0.0
0.006
0.012
0.019
0.024
0.026
0.026
0.024
0.021
0.017
0.013
0.008
0.0
0.0
0.007
0.014
0.018
0.023
0.029
0.036
0.042
0.045
0.049
0.052
0.056
0.058
0.06
0.062
0.065
0.067
0.07
0.073
0.076
0.079
0.082
0.086
0.094
0.104
0.112
0.121
0.139
0.155
0.164
0.17
0.16
0.151
0.145
0.138
0.129
0.119
0.112
0.107
0.101
0.096
0.09
0.083
0.078
0.072
0.067
0.061
0.055
0.049
0.043
0.038
0.032
0.027
0.022
0.018
0.012
0.007
0.001
-0.004
-0.01
-0.016
-0.022
-0.028
-0.035
-0.04
-0.042
-0.041
-0.037
-0.032
-0.027
-0.022
-0.017
-0.009
-0.002
0.001
0.002
0.002
0.003
0.004
0.007
0.009
0.01
0.007
0.001
-0.004
-0.009
-0.013
-0.017
-0.02
-0.023
-0.025
-0.026
-0.027
-0.027
-0.027
-0.027
-0.028
-0.028
-0.029
-0.032
-0.033
-0.03
-0.029
-0.028
-0.026
-0.025
-0.024
-0.024
-0.028
-0.032
-0.036
-0.038
-0.04
-0.042
-0.045
-0.047
-0.05
-0.053
-0.055
-0.056
-0.057
-0.058
-0.059
-0.058
-0.057
-0.056
-0.054
-0.053
-0.053
-0.052
-0.052
-0.052
-0.053
-0.053
-0.053
-0.054
-0.054
-0.054
-0.053
-0.051
-0.049
-0.047
-0.047
-0.048
-0.05
-0.052
-0.055
-0.057
-0.059
-0.056
-0.05
-0.044
-0.04
-0.035
-0.03
-0.024
-0.021
-0.02
-0.02
-0.022
-0.024
-0.026
-0.027
-0.03
-0.033
-0.037
-0.039
-0.038
-0.034
-0.03
-0.025
-0.022
-0.019
-0.016
-0.012
-0.009
-0.007
-0.007
-0.009
-0.012
-0.016
-0.02
-0.025
-0.033
-0.032
-0.015
-0.003
0.004
0.012
0.02
0.027
0.035
0.042
0.051
0.062
0.071
0.071
0.064
0.053
0.044
0.034
0.023
0.01
-0.002
-0.012
-0.023
-0.032
-0.039
-0.042
-0.043
-0.044
-0.044
-0.045
-0.046
-0.047
-0.048
-0.048
-0.048
-0.046
-0.043
-0.037
-0.03
-0.022
-0.01
0.01
0.031
0.058
0.091
0.124
0.158
0.195
0.224
0.248
0.249
0.21
0.11
-0.023
-0.155
-0.222
-0.243
-0.228
-0.184
-0.119
-0.058
-0.034
-0.026
-0.02
-0.017
-0.015
-0.015
-0.017
-0.022
-0.027
-0.031
-0.036
-0.04
-0.044
-0.046
-0.046
-0.042
-0.035
-0.028
-0.022
-0.016
-0.01
-0.003
0.002
0.007
0.011
0.015
0.019
0.023
0.029
0.033
0.033
0.03
0.026
0.022
0.017
0.018
0.028
0.037
0.043
0.05
0.057
0.064
0.07
0.076
0.082
0.088
0.094
0.098
0.102
0.105
0.109
0.115
0.121
0.125
0.126
0.123
0.118
0.113
0.109
0.104
0.099
0.099
0.104
0.11
0.116
0.125
0.125
0.111
0.098
0.087
0.076
0.066
0.051
0.024
0.01
0.005
0.0
-0.002
-0.004
-0.005
-0.006
-0.008
-0.011
-0.014
-0.018
-0.021
-0.024
-0.025
-0.026
-0.028
-0.03
-0.032
-0.033
-0.035
-0.038
-0.043
-0.047
-0.051
-0.051
-0.049
-0.047
-0.043
-0.041
-0.04
-0.04
-0.039
-0.038
-0.036
-0.034
-0.033
-0.032
-0.03
-0.029
-0.028
-0.026
-0.025
-0.024
-0.024
-0.024
-0.023
-0.022
-0.02
-0.019
-0.017
-0.016
-0.015
-0.014
-0.011
-0.009
-0.008
-0.007
-0.006
-0.006
-0.005
-0.004
-0.003
-0.003
-0.003
-0.003
-0.003
-0.003
-0.003
-0.003
-0.004
-0.005
-0.006
-0.006
-0.006
-0.006
-0.005
-0.004
-0.003
-0.002
-0.001
-0.001
-0.001
-0.002
-0.002
-0.002
-0.001
-0.001
0.0
0.002
0.01
-0.001
-0.009
-0.014
-0.018
-0.022
-0.024
-0.023
-0.02
-0.015
-0.011
-0.008
-0.005
0.0
0.004
0.009
0.012
0.012
0.009
0.004
0.0
-0.002
-0.003
-0.006
-0.01
-0.014
-0.018
-0.02
-0.02
-0.019
-0.019
-0.018
-0.018
-0.017
-0.016
-0.015
-0.014
-0.013
-0.012
-0.011
-0.012
-0.013
-0.016
-0.02
-0.025
-0.029
-0.035
-0.041
-0.044
-0.039
-0.029
-0.018
-0.013
-0.009
-0.005
-0.001
0.003
0.007
0.012
0.016
0.019
0.019
0.017
0.015
0.012
0.008
0.004
0.0
-0.006
-0.012
-0.018
-0.022
-0.026
-0.029
-0.033
-0.038
-0.043
-0.048
-0.051
-0.054
-0.056
-0.058
-0.058
-0.056
-0.053
-0.048
-0.042
-0.035
-0.028
-0.02
-0.009
0.01
0.027
0.039
0.076
0.13
0.197
0.256
0.278
0.278
0.253
0.179
0.056
-0.079
-0.195
-0.246
-0.263
-0.241
-0.171
-0.078
-0.018
0.002
0.008
0.0
-0.016
-0.025
-0.031
-0.036
-0.04
-0.042
-0.043
-0.044
-0.043
-0.041
-0.038
-0.033
-0.028
-0.022
-0.018
-0.014
-0.012
-0.01
-0.008
-0.007
-0.006
-0.005
-0.003
0.0
0.002
0.006
0.009
0.012
0.014
0.016
0.018
0.02
0.022
0.024
0.026
0.028
0.03
0.033
0.037
0.04
0.043
0.047
0.05
0.055
0.059
0.063
0.067
0.071
0.074
0.077
0.08
0.083
0.085
0.088
0.091
0.095
0.099
0.103
0.11
0.118
0.125
0.131
0.133
0.132
0.127
0.121
0.112
0.101
0.084
0.055
0.034
0.02
0.011
0.004
-0.001
-0.006
-0.011
-0.014
-0.017
-0.019
-0.021
-0.025
-0.028
-0.03
-0.031
-0.031
-0.03
-0.028
-0.026
-0.024
-0.02
-0.012
-0.012
-0.026
-0.035
-0.041
-0.047
-0.051
-0.052
-0.05
-0.046
-0.042
-0.04
-0.038
-0.037
-0.035
-0.034
-0.033
-0.031
-0.03
-0.029
-0.027
-0.025
-0.024
-0.023
-0.023
-0.022
-0.022
-0.022
-0.023
-0.023
-0.023
-0.023
-0.022
-0.02
-0.018
-0.017
-0.014
-0.008
-0.009
-0.024
-0.032
-0.038
-0.043
-0.047
-0.05
-0.05
-0.049
-0.047
-0.044
-0.04
-0.037
-0.033
-0.028
-0.023
-0.017
-0.012
-0.01
-0.011
-0.015
-0.02
-0.026
-0.031
-0.039
-0.047
-0.051
-0.05
-0.046
-0.041
-0.04
-0.038
-0.036
-0.034
-0.031
-0.029
-0.027
-0.024
-0.022
-0.02
-0.018
-0.018
-0.019
-0.02
-0.021
-0.021
-0.021
-0.021
-0.02
-0.02
-0.02
-0.02
-0.019
-0.018
-0.017
-0.016
-0.016
-0.015
-0.015
-0.014
-0.014
-0.015
-0.015
-0.016
-0.016
-0.016
-0.015
-0.014
-0.012
-0.011
-0.011
-0.012
-0.014
-0.018
-0.023
-0.028
-0.035
-0.041
-0.04
-0.03
-0.017
-0.007
0.001
0.008
0.015
0.019
0.022
0.025
0.028
0.03
0.033
0.035
0.036
0.035
0.028
0.019
0.012
0.008
0.005
0.002
0.0
-0.002
-0.005
-0.008
-0.012
-0.015
-0.017
-0.019
-0.021
-0.021
-0.022
-0.023
-0.024
-0.025
-0.026
-0.028
-0.034
-0.039
-0.037
-0.029
-0.015
0.007
0.039
0.067
0.097
0.129
0.159
0.189
0.218
0.244
0.26
0.244
0.195
0.111
0.004
-0.1
-0.183
-0.229
-0.244
-0.228
-0.18
-0.087
0.0
0.046
0.062
0.045
0.017
-0.015
-0.035
-0.047
-0.055
-0.057
-0.055
-0.047
-0.036
-0.016
0.014
0.033
0.044
0.051
0.051
0.044
0.035
0.031
0.027
0.024
0.02
0.017
0.015
0.014
0.013
0.014
0.015
0.017
0.02
0.025
0.031
0.038
0.049
0.069
0.079
0.083
0.084
0.086
0.087
0.087
0.087
0.089
0.09
0.093
0.095
0.098
0.1
0.102
0.104
0.107
0.111
0.114
0.118
0.122
0.127
0.133
0.139
0.142
0.142
0.139
0.132
0.123
0.111
0.088
0.052
0.037
0.028
0.021
0.016
0.014
0.013
0.013
0.013
0.015
0.017
0.023
0.029
0.009
-0.012
-0.029
-0.036
-0.039
-0.038
-0.037
-0.037
-0.038
-0.038
-0.039
-0.039
-0.038
-0.038
-0.038
-0.037
-0.037
-0.037
-0.036
-0.036
-0.036
-0.036
-0.036
-0.035
-0.036
-0.036
-0.036
-0.037
-0.037
-0.038
-0.039
-0.04
-0.042
-0.043
-0.045
-0.046
-0.047
-0.047
-0.048
-0.048
-0.048
-0.049
-0.05
-0.052
-0.054
-0.056
-0.059
-0.06
-0.062
-0.063
-0.064
-0.066
-0.067
-0.068
-0.068
-0.069
-0.07
-0.072
-0.073
-0.074
