0.16
0.194
0.229
0.262
0.295
0.315
0.321
0.325
0.327
0.328
0.327
0.322
0.313
0.3
0.279
0.245
0.214
0.184
0.169
0.162
0.158
0.154
0.15
0.145
0.141
0.138
0.134
0.128
0.119
0.103
0.089
0.074
0.06
0.041
0.027
0.017
0.009
0.001
-0.004
-0.011
-0.021
-0.035
-0.056
-0.074
-0.089
-0.104
-0.118
-0.125
-0.131
-0.135
-0.138
-0.142
-0.145
-0.149
-0.152
-0.154
-0.157
-0.16
-0.162
-0.165
-0.168
-0.172
-0.175
-0.18
-0.185
-0.19
-0.195
-0.2
-0.204
-0.209
-0.214
-0.219
-0.224
-0.229
-0.233
-0.237
-0.241
-0.248
-0.263
-0.295
-0.357
-0.442
-0.55
-0.676
-0.815
-0.966
-1.119
-1.244
-1.305
-1.309
-1.268
-1.168
-1.035
-0.88
-0.72
-0.565
-0.419
-0.293
-0.198
-0.144
-0.125
-0.118
-0.125
-0.14
-0.162
-0.193
-0.225
-0.259
-0.296
-0.333
-0.371
-0.394
-0.4
-0.403
-0.406
-0.408
-0.41
-0.411
-0.412
-0.412
-0.412
-0.411
-0.409
-0.406
-0.402
-0.399
-0.395
-0.392
-0.389
-0.386
-0.383
-0.379
-0.374
-0.369
-0.363
-0.357
-0.351
-0.346
-0.34
-0.334
-0.328
-0.321
-0.314
-0.303
-0.291
-0.281
-0.273
-0.266
-0.26
-0.255
-0.25
-0.246
-0.243
-0.24
-0.239
-0.238
-0.238
-0.238
-0.24
-0.243
-0.246
-0.249
-0.252
-0.254
-0.257
-0.26
-0.265
-0.269
-0.272
-0.274
-0.274
-0.273
-0.271
-0.268
-0.263
-0.257
-0.244
-0.217
-0.191
-0.173
-0.159
-0.147
-0.137
-0.127
-0.118
-0.112
-0.108
-0.105
-0.102
-0.099
-0.097
-0.097
-0.096
-0.096
-0.096
-0.098
-0.1
-0.103
-0.105
-0.106
-0.106
-0.107
-0.108
-0.11
-0.112
-0.113
-0.116
-0.118
-0.12
-0.122
-0.122
-0.122
-0.12
-0.117
-0.113
-0.108
-0.105
-0.109
-0.117
-0.123
-0.128
-0.133
-0.138
-0.143
-0.148
-0.157
-0.184
-0.236
-0.307
-0.396
-0.505
-0.637
-0.778
-0.903
-0.979
-1.006
-0.989
-0.938
-0.837
-0.707
-0.552
-0.377
-0.2
-0.04
0.087
0.178
0.219
0.234
0.234
0.221
0.202
0.174
0.141
0.11
0.08
0.05
0.035
0.026
0.018
0.013
0.01
0.009
0.008
0.008
0.008
0.007
0.007
0.007
0.006
0.006
0.005
0.005
0.005
0.005
0.006
0.006
0.007
0.009
0.011
0.014
0.015
0.016
0.017
0.018
0.019
0.019
0.02
0.021
0.021
0.022
0.023
0.024
0.025
0.023
0.02
0.017
0.014
0.011
0.009
0.006
0.004
0.002
0.001
0.0
-0.001
-0.002
-0.004
-0.006
-0.008
-0.009
-0.01
-0.01
-0.011
-0.012
-0.013
-0.014
-0.016
-0.019
-0.021
-0.024
-0.027
-0.028
-0.029
-0.029
-0.027
-0.023
-0.018
-0.012
-0.006
-0.002
0.0
0.003
0.006
0.008
0.01
0.012
0.015
0.017
0.02
0.022
0.024
0.025
0.025
0.025
0.024
0.023
0.023
0.023
0.023
0.024
0.027
0.032
0.015
-0.033
-0.096
-0.182
-0.294
-0.42
-0.544
-0.65
-0.724
-0.749
-0.736
-0.699
-0.604
-0.478
-0.333
-0.179
-0.033
0.087
0.172
0.222
0.24
0.249
0.249
0.242
0.23
0.213
0.184
0.168
0.16
0.153
0.149
0.147
0.146
0.147
0.147
0.148
0.149
0.149
0.151
0.152
0.154
0.154
0.152
0.149
0.147
0.146
0.145
0.145
0.144
0.143
0.142
0.141
0.141
0.14
0.139
0.139
0.139
0.14
0.14
0.14
0.14
0.14
0.14
0.14
0.139
0.138
0.136
0.134
0.132
0.131
0.129
0.127
0.125
0.122
0.119
0.112
0.104
0.096
0.087
0.077
0.069
0.059
0.051
0.045
0.043
0.042
0.042
0.041
0.04
0.04
0.04
0.04
0.041
0.041
0.041
0.043
0.045
0.048
0.051
0.054
0.057
0.059
0.061
0.064
0.066
0.067
0.068
0.067
0.066
0.064
0.061
0.057
0.053
0.049
0.043
0.038
0.034
0.033
0.035
0.039
0.044
0.05
0.059
0.059
0.045
0.007
-0.062
-0.16
-0.282
-0.427
-0.588
-0.747
-0.881
-0.959
-0.964
-0.915
-0.774
-0.574
-0.342
-0.11
0.086
0.224
0.308
0.359
0.378
0.388
0.394
0.379
0.334
0.284
0.238
0.206
0.183
0.17
0.162
0.158
0.156
0.154
0.154
0.154
0.154
0.154
0.153
0.151
0.15
0.15
0.149
0.147
0.144
0.141
0.138
0.135
0.132
0.129
0.126
0.123
0.119
0.116
0.114
0.112
0.11
0.108
0.106
0.105
0.103
0.101
0.099
0.096
0.094
0.092
0.09
0.089
0.089
0.088
0.088
0.087
0.085
0.083
0.08
0.077
0.073
0.069
0.065
0.06
0.054
0.047
0.036
0.017
0.0
-0.019
-0.038
-0.052
-0.06
-0.066
-0.071
-0.074
-0.076
-0.075
-0.072
-0.068
-0.064
-0.06
-0.058
-0.056
-0.054
-0.052
-0.05
-0.049
-0.047
-0.046
-0.045
-0.045
-0.045
-0.044
-0.044
-0.044
-0.045
-0.046
-0.047
-0.048
-0.049
-0.049
-0.049
-0.049
-0.048
-0.048
-0.047
-0.046
-0.045
-0.045
-0.047
-0.05
-0.055
-0.06
-0.064
-0.069
-0.074
-0.078
-0.083
-0.087
-0.091
-0.098
-0.109
-0.151
-0.209
-0.293
-0.408
-0.554
-0.717
-0.879
-1.015
-1.086
-1.09
-1.039
-0.902
-0.701
-0.455
-0.209
0.002
0.159
0.24
0.27
0.27
0.255
0.233
0.202
0.175
0.156
0.138
0.12
0.103
0.088
0.08
0.075
0.071
0.068
0.066
0.065
0.065
0.065
0.065
0.065
0.065
0.066
0.067
0.069
0.07
0.071
0.072
0.074
0.076
0.078
0.079
0.079
0.076
0.071
0.064
0.058
0.054
0.049
0.045
0.04
0.037
0.035
0.035
0.036
0.037
0.039
0.041
0.044
0.048
0.052
0.055
0.058
0.061
0.064
0.068
0.069
0.068
0.065
0.059
0.052
0.044
0.037
0.027
0.016
0.007
0.0
-0.005
-0.01
-0.013
-0.016
-0.019
-0.022
-0.024
-0.024
-0.024
-0.022
-0.02
-0.016
-0.013
-0.009
-0.005
-0.002
0.0
0.003
0.007
0.009
0.011
0.013
0.014
0.014
0.014
0.013
0.013
0.012
0.012
0.011
0.01
0.009
0.008
0.006
0.005
0.003
0.001
0.0
-0.002
-0.004
-0.005
-0.006
-0.008
-0.009
-0.01
-0.01
-0.011
-0.013
-0.015
-0.018
-0.02
-0.021
-0.019
-0.017
-0.013
-0.009
-0.005
0.001
0.006
0.002
-0.005
-0.013
-0.021
-0.028
-0.033
-0.036
-0.039
-0.042
-0.044
-0.046
-0.048
-0.048
-0.046
-0.043
-0.039
-0.037
-0.035
-0.033
-0.029
-0.026
-0.023
-0.022
-0.022
-0.023
-0.024
-0.024
-0.024
-0.024
-0.025
-0.026
-0.027
-0.028
-0.028
-0.027
-0.026
-0.024
-0.023
-0.021
-0.018
-0.015
-0.012
-0.009
-0.008
-0.006
-0.006
-0.006
-0.006
-0.007
-0.007
-0.008
-0.008
-0.008
-0.007
-0.006
-0.005
-0.005
-0.004
-0.003
-0.001
0.001
0.005
0.009
0.016
0.026
0.026
0.015
-0.01
-0.071
-0.162
-0.283
-0.428
-0.587
-0.748
-0.894
-1.005
-1.043
-1.034
-0.947
-0.785
-0.582
-0.366
-0.158
0.021
0.155
0.238
0.291
0.307
0.314
0.318
0.305
0.268
0.231
0.196
0.173
0.149
0.125
0.099
0.077
0.069
0.065
0.063
0.061
0.06
0.059
0.058
0.057
0.056
0.055
0.055
0.055
0.054
0.054
0.054
0.054
0.054
0.054
0.053
0.052
0.051
0.049
0.047
0.045
0.044
0.041
0.039
0.036
0.029
0.021
0.014
0.011
0.009
0.008
0.007
0.005
0.004
0.003
0.002
0.002
0.002
0.002
0.001
0.0
-0.001
-0.003
-0.005
-0.006
-0.008
-0.01
-0.013
-0.016
-0.019
-0.022
-0.025
-0.03
-0.035
-0.04
-0.044
-0.046
-0.045
-0.042
-0.039
-0.036
-0.033
-0.03
-0.028
-0.025
-0.023
-0.021
-0.019
-0.017
-0.015
-0.012
-0.01
-0.009
-0.008
-0.008
-0.007
-0.005
-0.003
-0.001
0.004
0.015
0.019
0.022
0.024
0.025
0.026
0.025
0.025
0.025
0.026
0.025
0.023
0.021
0.017
0.013
0.005
-0.008
-0.014
-0.019
-0.022
-0.023
-0.019
-0.014
-0.005
0.009
0.022
0.031
0.031
0.023
0.002
-0.036
-0.09
-0.165
-0.268
-0.398
-0.551
-0.717
-0.878
-1.01
-1.084
-1.087
-1.031
-0.876
-0.66
-0.421
-0.189
0.005
0.152
0.25
0.306
0.321
0.327
0.314
0.275
0.217
0.159
0.115
0.1
0.097
0.095
0.094
0.093
0.092
0.091
0.091
0.091
0.092
0.092
0.093
0.094
0.096
0.098
0.1
0.101
0.103
0.107
0.11
0.109
0.104
0.097
0.094
0.092
0.09
0.088
0.086
0.084
0.082
0.081
0.079
0.078
0.077
0.076
0.074
0.073
0.072
0.071
0.07
0.069
0.067
0.063
0.06
0.058
0.055
0.052
0.05
0.047
0.044
0.04
0.036
0.033
0.028
0.021
0.014
0.008
0.001
-0.006
-0.015
-0.02
-0.023
-0.027
-0.029
-0.032
-0.033
-0.034
-0.035
-0.035
-0.034
-0.033
-0.031
-0.029
-0.027
-0.024
-0.021
-0.018
-0.016
-0.014
-0.012
-0.009
-0.007
-0.004
-0.002
-0.001
0.0
-0.001
-0.001
-0.002
-0.004
-0.006
-0.008
-0.011
-0.014
-0.019
-0.024
-0.027
-0.026
-0.023
-0.018
-0.012
-0.004
-0.002
0.0
0.002
-0.003
-0.007
-0.01
-0.013
-0.015
-0.018
-0.019
-0.022
-0.026
-0.031
-0.028
-0.023
-0.02
-0.027
-0.037
-0.044
-0.034
-0.023
-0.014
-0.014
-0.02
-0.025
-0.028
-0.032
-0.036
-0.04
-0.044
-0.05
-0.057
-0.056
-0.048
-0.043
-0.039
-0.035
-0.031
-0.027
-0.024
-0.022
-0.019
-0.015
-0.011
-0.009
-0.01
-0.013
-0.018
-0.022
-0.028
-0.033
-0.037
-0.04
-0.043
-0.045
-0.046
-0.047
-0.048
-0.049
-0.05
-0.051
-0.053
-0.055
-0.058
-0.064
-0.064
-0.06
-0.059
-0.058
-0.057
-0.056
-0.055
-0.054
-0.052
-0.05
-0.049
-0.048
-0.046
-0.044
-0.041
-0.034
-0.021
-0.016
-0.014
-0.012
-0.01
-0.009
-0.007
-0.007
-0.006
-0.005
-0.005
-0.006
-0.006
-0.006
-0.007
-0.008
-0.009
-0.009
-0.01
-0.011
-0.014
-0.004
0.012
0.022
0.028
0.023
-0.013
-0.07
-0.147
-0.25
-0.383
-0.537
-0.701
-0.859
-0.992
-1.082
-1.116
-1.076
-0.944
-0.73
-0.466
-0.203
0.01
0.154
0.237
0.274
0.291
0.304
0.311
0.304
0.283
0.239
0.198
0.174
0.159
0.151
0.146
0.142
0.138
0.135
0.131
0.124
0.114
0.11
0.108
0.107
0.106
0.105
0.104
0.103
0.102
0.101
0.099
0.097
0.095
0.094
0.092
0.089
0.085
0.081
0.077
0.073
0.07
0.069
0.067
0.065
0.064
0.063
0.062
0.061
0.06
0.058
0.057
0.056
0.055
0.054
0.053
0.052
0.052
0.051
0.051
0.05
0.05
0.049
0.049
0.048
0.047
0.045
0.044
0.042
0.041
0.04
0.039
0.039
0.038
0.036
0.034
0.032
0.019
0.0
-0.022
-0.036
-0.044
-0.049
-0.053
-0.055
-0.054
-0.051
-0.047
-0.043
-0.039
-0.035
-0.031
-0.028
-0.025
-0.022
-0.02
-0.019
-0.018
-0.016
-0.015
-0.015
-0.014
-0.014
-0.013
-0.012
-0.011
-0.01
-0.01
-0.009
-0.009
-0.008
-0.007
-0.007
-0.006
-0.005
-0.004
-0.003
-0.002
0.001
0.004
0.006
0.004
0.0
-0.005
-0.01
-0.017
-0.022
-0.025
-0.027
-0.031
-0.035
-0.035
-0.027
-0.022
-0.018
-0.015
-0.012
-0.011
-0.012
-0.013
-0.016
-0.019
-0.033
-0.069
-0.123
-0.199
-0.301
-0.431
-0.582
-0.745
-0.904
-1.038
-1.127
-1.15
-1.096
-0.966
-0.772
-0.538
-0.293
-0.071
0.101
0.218
0.292
0.324
0.335
0.329
0.313
0.279
0.237
0.199
0.167
0.148
0.129
0.11
0.096
0.085
0.076
0.072
0.069
0.066
0.065
0.064
0.063
0.064
0.066
0.069
0.072
0.077
0.084
0.087
0.092
0.095
0.088
0.08
0.076
0.07
0.065
0.059
0.048
0.039
0.037
0.036
0.034
0.034
0.034
0.036
0.039
0.042
0.046
0.052
0.051
0.043
0.036
0.031
0.026
0.021
0.016
0.012
0.009
0.006
0.003
0.002
0.002
0.002
0.003
0.004
0.005
0.007
-0.002
-0.012
-0.019
-0.025
-0.03
-0.039
-0.052
-0.062
-0.068
-0.068
-0.058
-0.05
-0.044
-0.037
-0.032
-0.026
-0.022
-0.018
-0.016
-0.013
-0.01
-0.007
-0.004
-0.002
0.0
0.001
0.003
0.005
0.007
0.009
0.011
0.013
0.015
0.017
0.019
0.021
0.024
0.027
0.031
0.034
0.034
0.032
0.029
0.026
0.024
0.023
0.021
0.019
0.017
0.014
0.012
0.01
0.007
0.004
0.001
0.0
-0.002
-0.003
-0.004
-0.006
-0.008
-0.011
-0.013
-0.015
-0.016
-0.018
-0.02
-0.021
-0.022
-0.023
-0.023
-0.024
-0.025
-0.028
-0.031
-0.034
-0.036
-0.041
-0.046
-0.038
-0.028
-0.018
-0.01
-0.006
-0.003
-0.001
0.0
0.0
0.001
0.002
0.001
0.0
-0.001
-0.004
-0.008
-0.023
-0.074
-0.151
-0.257
-0.389
-0.541
-0.701
-0.854
-0.981
-1.047
-1.048
-0.986
-0.837
-0.63
-0.401
-0.185
-0.01
0.12
0.222
0.297
0.334
0.338
0.319
0.273
0.222
0.177
0.147
0.134
0.125
0.115
0.104
0.091
0.083
0.079
0.077
0.075
0.074
0.072
0.07
0.068
0.065
0.063
0.061
0.059
0.057
0.054
0.052
0.052
0.052
0.052
0.052
0.052
0.051
0.05
0.049
0.049
0.05
0.051
0.051
0.053
0.056
0.049
0.039
0.026
0.018
0.013
0.009
0.008
0.009
0.012
0.016
0.019
0.021
0.023
0.025
0.026
0.027
0.029
0.03
0.03
0.031
0.032
0.033
0.036
0.033
0.022
0.017
0.012
0.007
0.002
-0.007
-0.017
-0.021
-0.023
-0.025
-0.026
-0.028
-0.031
-0.033
-0.035
-0.038
-0.041
-0.04
-0.036
-0.03
-0.022
-0.012
-0.004
0.0
0.005
0.011
0.018
0.027
0.036
0.042
0.046
0.049
0.051
0.052
0.05
0.046
0.042
0.039
0.036
0.033
0.031
0.029
0.029
0.03
0.032
0.033
0.035
0.036
0.038
0.04
0.043
0.045
0.047
0.048
0.049
0.054
0.052
0.037
0.024
0.015
0.01
0.005
0.002
0.0
-0.004
-0.009
-0.009
-0.002
0.002
0.007
0.011
0.015
0.02
0.024
0.028
0.033
0.037
0.04
0.04
0.038
0.032
0.023
-0.002
-0.064
-0.149
-0.259
-0.398
-0.561
-0.734
-0.892
-1.013
-1.065
-1.06
-0.983
-0.816
-0.592
-0.341
-0.107
0.068
0.174
0.23
0.261
0.284
0.292
0.295
0.288
0.245
0.191
0.141
0.104
0.088
0.082
0.079
0.077
0.076
0.073
0.07
0.067
0.064
0.061
0.057
0.053
0.05
0.047
0.045
0.043
0.04
0.038
0.036
0.035
0.033
0.031
0.029
0.027
0.025
0.022
0.019
0.013
0.003
-0.006
-0.011
-0.014
-0.016
-0.018
-0.02
-0.023
-0.026
-0.028
-0.031
-0.033
-0.039
-0.047
-0.053
-0.058
-0.062
-0.064
-0.066
-0.067
-0.07
-0.073
-0.072
-0.063
-0.058
-0.054
-0.05
-0.048
-0.047
-0.047
-0.049
-0.052
-0.057
-0.075
-0.098
-0.106
-0.108
-0.109
-0.111
-0.112
-0.112
-0.111
-0.107
-0.104
-0.1
-0.098
-0.095
-0.093
-0.089
-0.086
-0.082
-0.078
-0.075
-0.072
-0.069
-0.066
-0.063
-0.06
-0.058
-0.057
-0.055
-0.054
-0.053
-0.051
-0.05
-0.05
-0.05
-0.049
-0.048
-0.047
-0.045
-0.044
-0.042
-0.041
-0.039
-0.037
-0.035
-0.033
-0.031
-0.029
-0.028
-0.026
-0.024
-0.023
-0.022
-0.022
-0.023
-0.024
-0.025
-0.028
-0.032
-0.048
-0.087
-0.148
-0.235
-0.35
-0.492
-0.652
-0.816
-0.968
-1.086
-1.13
-1.121
-1.03
-0.845
-0.601
-0.34
-0.103
0.078
0.186
0.223
0.235
0.24
0.246
0.251
0.245
0.229
0.195
0.156
0.122
0.102
0.097
0.093
0.091
0.089
0.087
0.085
0.084
0.082
0.08
0.078
0.075
0.07
0.067
0.067
0.071
0.075
0.077
0.08
0.083
0.085
0.085
0.083
0.079
0.074
0.067
0.059
0.057
0.057
0.055
0.054
0.053
0.053
0.053
0.052
0.051
0.049
0.048
0.046
0.044
0.041
0.038
0.041
0.046
0.05
0.054
0.057
0.06
0.063
0.065
0.069
0.074
0.067
0.056
0.043
0.03
0.016
0.003
-0.008
-0.013
-0.017
-0.02
-0.021
-0.021
-0.019
-0.014
-0.008
0.0
0.011
0.02
0.027
0.033
0.04
0.048
0.056
0.066
0.076
0.081
0.083
0.086
0.088
0.09
0.09
0.091
0.092
0.092
0.091
0.09
0.089
0.087
0.084
0.082
0.079
0.076
0.068
0.061
0.054
0.05
0.047
0.044
0.041
0.039
0.037
0.036
0.035
0.035
0.034
0.032
0.03
0.025
0.019
0.013
0.007
0.002
-0.001
-0.004
-0.01
-0.024
-0.035
-0.041
-0.045
-0.047
-0.048
-0.048
-0.048
-0.048
-0.048
-0.048
-0.05
-0.054
-0.057
-0.06
-0.063
-0.067
-0.07
-0.073
-0.076
-0.078
-0.081
-0.085
-0.089
-0.094
-0.099
-0.103
-0.109
-0.112
-0.109
-0.104
-0.102
-0.1
-0.098
-0.096
-0.095
-0.094
-0.092
-0.091
-0.089
-0.087
-0.085
-0.084
-0.083
-0.082
-0.081
-0.08
-0.078
-0.076
-0.074
-0.074
-0.074
-0.075
-0.076
-0.079
-0.082
-0.086
-0.093
-0.093
-0.085
-0.078
-0.074
-0.069
-0.066
-0.061
-0.052
-0.043
-0.038
-0.035
-0.044
-0.06
-0.07
-0.072
-0.073
-0.075
-0.076
-0.077
-0.077
-0.077
-0.078
-0.078
-0.077
-0.076
-0.074
-0.072
-0.069
-0.065
-0.061
-0.051
-0.035
-0.023
-0.023
-0.044
-0.098
-0.177
