-0.006
-0.008
-0.009
-0.01
-0.011
-0.012
-0.014
-0.016
-0.019
-0.022
-0.025
-0.033
-0.043
-0.052
-0.056
-0.058
-0.06
-0.061
-0.062
-0.062
-0.063
-0.063
-0.063
-0.063
-0.063
-0.064
-0.064
-0.063
-0.062
-0.061
-0.06
-0.06
-0.06
-0.062
-0.064
-0.066
-0.069
-0.072
-0.076
-0.08
-0.085
-0.09
-0.095
-0.101
-0.113
-0.125
-0.131
-0.134
-0.136
-0.138
-0.14
-0.141
-0.142
-0.143
-0.144
-0.145
-0.146
-0.146
-0.146
-0.145
-0.143
-0.141
-0.138
-0.134
-0.13
-0.125
-0.12
-0.114
-0.106
-0.091
-0.077
-0.066
-0.053
-0.037
-0.021
-0.013
-0.008
-0.004
-0.001
0.0
0.002
0.005
0.008
0.01
0.013
0.016
0.019
0.021
0.024
0.028
0.031
0.034
0.037
0.041
0.044
0.047
0.051
0.055
0.059
0.063
0.068
0.072
0.076
0.08
0.084
0.087
0.09
0.092
0.094
0.096
0.097
0.099
0.101
0.103
0.104
0.105
0.106
0.107
0.108
0.11
0.111
0.112
0.113
0.113
0.114
0.115
0.117
0.119
0.121
0.124
0.127
0.13
0.135
0.139
0.142
0.145
0.148
0.149
0.15
0.149
0.148
0.146
0.143
0.139
0.135
0.13
0.124
0.116
0.099
0.085
0.074
0.064
0.056
0.049
0.041
0.035
0.028
0.023
0.017
0.012
0.009
0.009
0.012
0.019
0.029
0.059
0.105
0.168
0.241
0.32
0.396
0.464
0.505
0.519
0.516
0.494
0.436
0.357
0.271
0.185
0.107
0.044
0.017
0.012
0.008
0.005
0.003
0.002
0.0
0.0
-0.001
-0.001
-0.002
-0.003
-0.004
-0.004
-0.005
-0.007
-0.009
-0.011
-0.014
-0.016
-0.019
-0.022
-0.025
-0.027
-0.03
-0.033
-0.036
-0.039
-0.042
-0.045
-0.049
-0.052
-0.055
-0.058
-0.06
-0.061
-0.061
-0.061
-0.06
-0.059
-0.057
-0.055
-0.053
-0.051
-0.049
-0.047
-0.044
-0.042
-0.04
-0.037
-0.034
-0.03
-0.025
-0.02
-0.015
-0.011
-0.006
-0.002
0.001
0.005
0.008
0.012
0.015
0.018
0.021
0.024
0.027
0.031
0.035
0.039
0.042
0.045
0.047
0.048
0.05
0.051
0.053
0.055
0.057
0.059
0.062
0.065
0.067
0.068
0.067
0.063
0.057
0.05
0.042
0.033
0.02
0.008
0.0
-0.009
-0.02
-0.031
-0.043
-0.056
-0.066
-0.076
-0.085
-0.096
-0.106
-0.116
-0.126
-0.134
-0.139
-0.143
-0.146
-0.148
-0.15
-0.152
-0.153
-0.155
-0.157
-0.158
-0.159
-0.159
-0.159
-0.159
-0.158
-0.156
-0.153
-0.15
-0.146
-0.143
-0.14
-0.138
-0.136
-0.134
-0.132
-0.13
-0.128
-0.126
-0.123
-0.121
-0.12
-0.119
-0.117
-0.116
-0.115
-0.115
-0.115
-0.115
-0.114
-0.114
-0.113
-0.112
-0.111
-0.11
-0.11
-0.11
-0.111
-0.111
-0.112
-0.112
-0.111
-0.11
-0.109
-0.108
-0.107
-0.106
-0.104
-0.101
-0.098
-0.095
-0.091
-0.084
-0.074
-0.066
-0.057
-0.047
-0.034
-0.02
-0.008
0.0
0.005
0.009
0.012
0.015
0.018
0.021
0.025
0.029
0.032
0.036
0.04
0.044
0.049
0.053
0.058
0.063
0.067
0.072
0.077
0.083
0.09
0.098
0.109
0.119
0.126
0.132
0.135
0.137
0.139
0.141
0.142
0.143
0.144
0.145
0.146
0.148
0.15
0.153
0.155
0.157
0.16
0.163
0.166
0.17
0.173
0.178
0.184
0.192
0.199
0.206
0.211
0.216
0.22
0.224
0.231
0.24
0.251
0.263
0.27
0.276
0.281
0.285
0.287
0.287
0.284
0.279
0.272
0.264
0.255
0.239
0.225
0.21
0.196
0.182
0.168
0.156
0.141
0.123
0.105
0.086
0.067
0.048
0.028
0.009
-0.01
-0.029
-0.049
-0.071
-0.087
-0.1
-0.108
-0.108
-0.104
-0.094
-0.065
-0.014
0.05
0.126
0.203
0.275
0.29
0.291
0.276
0.201
0.103
-0.009
-0.124
-0.233
-0.325
-0.396
-0.428
-0.441
-0.447
-0.447
-0.439
-0.429
-0.422
-0.416
-0.411
-0.406
-0.401
-0.394
-0.387
-0.381
-0.376
-0.374
-0.372
-0.371
-0.37
-0.369
-0.368
-0.366
-0.364
-0.363
-0.361
-0.359
-0.358
-0.357
-0.356
-0.356
-0.355
-0.354
-0.353
-0.352
-0.351
-0.349
-0.346
-0.344
-0.341
-0.338
-0.335
-0.332
-0.327
-0.318
-0.309
-0.302
-0.297
-0.293
-0.29
-0.287
-0.284
-0.282
-0.28
-0.278
-0.277
-0.274
-0.272
-0.27
-0.268
-0.266
-0.262
-0.257
-0.252
-0.242
-0.222
-0.205
-0.189
-0.172
-0.151
-0.138
-0.13
-0.123
-0.117
-0.111
-0.104
-0.097
-0.09
-0.085
-0.078
-0.072
-0.066
-0.062
-0.059
-0.059
-0.06
-0.06
-0.06
-0.061
-0.062
-0.063
-0.064
-0.065
-0.066
-0.067
-0.069
-0.073
-0.077
-0.08
-0.083
-0.086
-0.089
-0.092
-0.095
-0.097
-0.098
-0.099
-0.099
-0.099
-0.098
-0.096
-0.093
-0.089
-0.084
-0.079
-0.074
-0.069
-0.064
-0.058
-0.05
-0.04
-0.033
-0.029
-0.026
-0.024
-0.023
-0.022
-0.02
-0.019
-0.017
-0.015
-0.013
-0.011
-0.009
-0.006
-0.002
0.001
0.004
0.007
0.01
0.013
0.017
0.02
0.024
0.028
0.032
0.036
0.04
0.044
0.048
0.051
0.054
0.057
0.06
0.064
0.067
0.07
0.073
0.076
0.08
0.084
0.089
0.093
0.097
0.101
0.105
0.108
0.111
0.115
0.117
0.12
0.124
0.127
0.13
0.133
0.135
0.137
0.139
0.141
0.142
0.143
0.143
0.143
0.143
0.144
0.145
0.146
0.148
0.151
0.153
0.156
0.158
0.16
0.162
0.163
0.165
0.166
0.166
0.165
0.164
0.163
0.161
0.159
0.157
0.154
0.15
0.146
0.141
0.134
0.123
0.111
0.105
0.1
0.096
0.094
0.092
0.089
0.088
0.087
0.086
0.085
0.085
0.084
0.085
0.085
0.086
0.087
0.089
0.091
0.094
0.096
0.098
0.1
0.101
0.102
0.103
0.104
0.105
0.106
0.107
0.109
0.111
0.113
0.115
0.117
0.119
0.121
0.123
0.124
0.125
0.126
0.126
0.127
0.127
0.129
0.131
0.133
0.136
0.138
0.139
0.138
0.134
0.128
0.119
0.108
0.092
0.077
0.07
0.066
0.062
0.06
0.058
0.056
0.055
0.055
0.055
0.055
0.056
0.058
0.062
0.066
0.07
0.075
0.081
0.09
0.109
0.127
0.172
0.243
0.343
0.466
0.595
0.707
0.77
0.791
0.763
0.679
0.528
0.349
0.173
0.028
-0.059
-0.089
-0.079
-0.049
0.008
0.024
0.027
0.029
0.03
0.03
0.03
0.031
0.03
0.029
0.028
0.027
0.026
0.024
0.023
0.021
0.02
0.019
0.019
0.018
0.018
0.016
0.015
0.014
0.013
0.013
0.013
0.012
0.011
0.01
0.008
0.006
0.003
0.0
-0.002
-0.006
-0.009
-0.012
-0.014
-0.017
-0.019
-0.021
-0.023
-0.024
-0.025
-0.026
-0.028
-0.03
-0.032
-0.033
-0.034
-0.035
-0.036
-0.036
-0.037
-0.037
-0.036
-0.035
-0.034
-0.033
-0.032
-0.03
-0.028
-0.026
-0.023
-0.02
-0.017
-0.014
-0.01
-0.006
-0.002
0.003
0.013
0.024
0.032
0.039
0.044
0.048
0.052
0.056
0.06
0.063
0.064
0.064
0.062
0.058
0.053
0.047
0.041
0.033
0.022
0.01
-0.001
-0.012
-0.019
-0.025
-0.03
-0.035
-0.039
-0.044
-0.048
-0.051
-0.055
-0.058
-0.062
-0.066
-0.069
-0.073
-0.076
-0.08
-0.083
-0.084
-0.084
-0.081
-0.077
-0.072
-0.067
-0.062
-0.059
-0.055
-0.052
-0.049
-0.045
-0.042
-0.039
-0.035
-0.032
-0.028
-0.026
-0.023
-0.021
-0.018
-0.014
-0.011
-0.006
0.001
0.01
0.018
0.027
0.034
0.039
0.042
0.045
0.048
0.051
0.053
0.056
0.058
0.061
0.064
0.068
0.072
0.075
0.078
0.08
0.082
0.084
0.086
0.087
0.088
0.089
0.089
0.09
0.091
0.092
0.093
0.094
0.095
0.095
0.095
0.095
0.094
0.094
0.093
0.093
0.092
0.091
0.091
0.092
0.092
0.092
0.093
0.093
0.094
0.094
0.095
0.095
0.095
0.095
0.096
0.097
0.099
0.1
0.102
0.103
0.105
0.106
0.108
0.109
0.11
0.111
0.112
0.114
0.116
0.119
0.121
0.122
0.121
0.119
0.114
0.108
0.102
0.098
0.094
0.091
0.088
0.084
0.081
0.077
0.074
0.071
0.068
0.066
0.064
0.063
0.064
0.065
0.067
0.069
0.071
0.073
0.074
0.075
0.076
0.077
0.079
0.08
0.081
0.083
0.085
0.088
0.091
0.094
0.096
0.098
0.1
0.101
0.1
0.097
0.093
0.088
0.082
0.076
0.07
0.064
0.056
0.047
0.038
0.032
0.027
0.022
0.016
0.008
-0.001
-0.013
-0.026
-0.032
-0.036
-0.039
-0.042
-0.045
-0.048
-0.05
-0.052
-0.054
-0.055
-0.055
-0.055
-0.055
-0.053
-0.051
-0.048
-0.045
-0.04
-0.034
-0.028
-0.021
0.014
0.07
0.148
0.248
0.362
0.476
0.572
0.62
0.623
0.585
0.483
0.332
0.153
-0.019
-0.162
-0.242
-0.269
-0.255
-0.211
-0.151
-0.1
-0.084
-0.075
-0.069
-0.065
-0.063
-0.061
-0.06
-0.058
-0.056
-0.055
-0.053
-0.052
-0.05
-0.048
-0.045
-0.042
-0.038
-0.035
-0.032
-0.029
-0.026
-0.023
-0.021
-0.02
-0.019
-0.018
-0.018
-0.017
-0.016
-0.016
-0.015
-0.014
-0.013
-0.011
-0.009
-0.008
-0.006
-0.005
-0.004
-0.003
-0.002
-0.001
0.0
0.002
0.005
0.009
0.014
0.019
0.025
0.03
0.035
0.04
0.044
0.048
0.052
0.056
0.061
0.067
0.074
0.081
0.089
0.097
0.103
0.11
0.116
0.122
0.128
0.134
0.139
0.144
0.148
0.152
0.157
0.16
0.163
0.165
0.166
0.166
0.165
0.164
0.161
0.158
0.155
0.15
0.145
0.138
0.13
0.123
0.116
0.107
0.094
0.08
0.065
0.051
0.038
0.025
0.011
-0.006
-0.017
-0.023
-0.029
-0.033
-0.037
-0.039
-0.04
-0.041
-0.042
-0.042
-0.042
-0.043
-0.043
-0.043
-0.043
-0.042
-0.041
-0.037
-0.032
-0.027
-0.023
-0.02
-0.019
-0.017
-0.015
-0.013
-0.012
-0.01
-0.009
-0.008
-0.007
-0.006
-0.006
-0.005
-0.005
-0.005
-0.005
-0.006
-0.006
-0.007
-0.008
-0.009
-0.01
-0.011
-0.012
-0.013
-0.015
-0.016
-0.018
-0.019
-0.02
-0.02
-0.021
-0.022
-0.023
-0.024
-0.026
-0.029
-0.031
-0.035
-0.039
-0.042
-0.045
-0.048
-0.05
-0.052
-0.054
-0.055
-0.057
-0.057
-0.058
-0.059
-0.061
-0.063
-0.066
-0.068
-0.07
-0.072
-0.074
-0.075
-0.077
-0.077
-0.077
-0.077
-0.077
-0.077
-0.078
-0.079
-0.081
-0.082
-0.084
-0.085
-0.087
-0.088
-0.088
-0.089
-0.089
-0.088
-0.088
-0.086
-0.086
-0.085
-0.085
-0.084
-0.084
-0.084
-0.083
-0.083
-0.083
-0.083
-0.083
-0.082
-0.081
-0.081
-0.081
-0.082
-0.084
-0.086
-0.088
-0.09
-0.092
-0.095
-0.097
-0.099
-0.1
-0.1
-0.099
-0.097
-0.093
-0.089
-0.084
-0.079
-0.075
-0.07
-0.065
-0.06
-0.056
-0.052
-0.048
-0.044
-0.04
-0.037
-0.034
-0.031
-0.029
-0.026
-0.022
-0.019
-0.016
-0.015
-0.014
-0.014
-0.014
-0.014
-0.013
-0.013
-0.013
-0.013
-0.013
-0.013
-0.012
-0.013
-0.019
-0.027
-0.035
-0.042
-0.049
-0.057
-0.064
-0.069
-0.074
-0.078
-0.082
-0.084
-0.084
-0.084
-0.082
-0.08
-0.077
-0.073
-0.065
-0.051
-0.029
0.003
0.053
0.127
0.224
0.338
0.456
0.554
0.604
0.605
0.557
0.438
0.278
0.104
-0.052
-0.165
-0.217
-0.234
-0.222
-0.202
-0.174
-0.153
-0.141
-0.133
-0.129
-0.126
-0.125
-0.124
-0.123
-0.122
-0.121
-0.121
-0.12
-0.12
-0.119
-0.118
-0.117
-0.116
-0.115
-0.113
-0.112
-0.111
-0.108
-0.105
-0.101
-0.093
-0.078
-0.065
-0.057
-0.05
-0.045
-0.038
-0.032
-0.026
-0.023
-0.021
-0.019
-0.018
-0.016
-0.014
-0.013
-0.012
-0.01
-0.009
-0.008
-0.007
-0.006
-0.005
-0.004
-0.003
-0.002
-0.001
0.0
0.0
0.001
0.003
0.004
0.007
0.011
0.016
0.021
0.028
0.037
0.049
0.067
0.079
0.086
0.091
0.095
0.099
0.103
0.108
0.113
0.118
0.121
0.124
0.126
0.129
0.131
0.134
0.135
0.136
0.137
0.137
0.136
0.136
0.135
0.133
0.131
0.127
0.123
0.118
0.108
0.089
0.074
0.057
0.042
0.03
0.016
0.006
0.0
-0.006
-0.011
-0.015
-0.018
-0.021
-0.022
-0.024
-0.025
-0.027
-0.028
-0.029
-0.029
-0.03
-0.03
-0.03
-0.03
-0.029
-0.028
-0.027
-0.025
-0.023
-0.021
-0.019
-0.017
-0.015
-0.013
-0.011
-0.01
-0.009
-0.007
-0.006
-0.006
-0.008
-0.01
-0.012
-0.014
-0.016
-0.018
-0.02
-0.022
-0.024
-0.025
-0.026
-0.027
-0.029
-0.03
-0.032
-0.033
-0.033
-0.032
-0.031
-0.029
-0.028
-0.027
-0.025
-0.024
-0.022
-0.02
-0.02
-0.019
-0.019
-0.019
-0.018
-0.017
-0.015
-0.013
-0.011
-0.009
-0.008
-0.007
-0.006
-0.005
-0.004
-0.004
-0.004
-0.003
-0.002
0.0
0.002
0.003
0.003
0.002
0.0
0.0
-0.001
-0.002
-0.002
-0.003
-0.004
-0.005
-0.006
-0.006
-0.005
-0.005
-0.004
-0.004
-0.004
-0.004
-0.003
-0.003
-0.003
-0.004
-0.006
-0.007
-0.008
-0.009
-0.009
-0.01
-0.011
-0.014
-0.016
-0.019
-0.021
-0.024
-0.028
-0.034
-0.039
-0.044
-0.047
-0.05
-0.052
-0.054
-0.055
-0.058
-0.06
-0.061
-0.062
-0.063
-0.063
-0.063
-0.063
-0.062
-0.06
-0.058
-0.054
-0.05
-0.046
-0.041
-0.028
-0.014
-0.013
-0.011
-0.01
-0.009
-0.009
-0.008
-0.006
-0.003
0.0
0.002
0.005
0.008
0.01
0.014
0.018
0.021
0.023
0.021
0.017
0.011
0.003
-0.01
-0.037
-0.055
-0.066
-0.074
-0.081
-0.086
-0.089
-0.092
-0.096
-0.099
-0.101
-0.103
-0.103
-0.102
-0.099
-0.095
-0.089
-0.069
-0.032
0.016
0.078
0.153
0.243
0.344
0.448
0.537
0.577
0.572
0.508
0.376
0.208
0.035
-0.109
-0.21
-0.248
-0.26
-0.249
-0.216
-0.18
-0.151
-0.131
-0.12
-0.116
-0.113
-0.111
-0.108
-0.106
-0.103
-0.1
-0.097
-0.095
-0.092
-0.089
-0.086
-0.085
-0.084
-0.083
-0.083
-0.082
-0.08
-0.078
-0.076
-0.075
-0.073
-0.072
-0.071
-0.07
-0.07
-0.069
-0.068
-0.068
-0.068
-0.067
-0.066
-0.065
-0.065
-0.064
-0.064
-0.065
-0.065
-0.064
-0.063
-0.062
-0.061
-0.059
-0.057
-0.054
-0.051
-0.046
-0.041
-0.035
-0.029
-0.023
-0.015
-0.008
-0.003
-0.001
0.0
0.001
0.002
0.004
0.005
0.007
0.008
0.011
0.014
0.017
0.02
0.022
0.024
0.027
0.03
0.034
0.038
0.043
0.049
0.055
0.063
0.07
0.076
0.08
0.084
0.088
0.092
0.094
0.095
0.092
0.087
0.08
0.072
0.059
0.047
0.031
0.011
-0.01
-0.028
-0.034
-0.037
-0.039
-0.042
-0.044
-0.046
-0.047
-0.048
-0.048
-0.048
-0.047
-0.045
-0.043
-0.04
-0.038
-0.036
-0.034
-0.032
-0.03
-0.028
-0.026
-0.025
-0.024
-0.023
-0.021
-0.02
-0.017
-0.015
-0.013
-0.012
-0.011
-0.011
-0.01
-0.009
-0.007
-0.006
-0.005
-0.003
-0.002
0.0
0.001
0.003
0.006
0.008
0.01
0.013
0.016
0.018
0.019
0.018
0.016
0.014
0.011
0.009
0.007
0.005
0.002
0.0
-0.002
-0.005
-0.007
-0.009
-0.011
-0.012
-0.013
-0.014
-0.014
-0.014
-0.014
-0.015
-0.016
-0.018
-0.022
-0.022
-0.02
-0.018
-0.017
-0.017
-0.016
-0.016
-0.016
-0.018
-0.02
-0.022
-0.024
-0.026
-0.027
-0.029
-0.03
-0.032
-0.033
-0.034
-0.034
-0.035
-0.035
-0.035
-0.035
-0.036
-0.036
-0.037
-0.038
-0.04
-0.041
-0.042
-0.043
-0.043
-0.044
-0.044
-0.044
-0.043
-0.044
-0.044
-0.044
-0.045
-0.045
-0.045
-0.046
-0.047
-0.048
-0.049
-0.05
-0.051
-0.051
-0.052
-0.052
-0.052
-0.052
-0.052
-0.053
-0.053
-0.054
-0.055
-0.056
-0.058
-0.06
-0.06
-0.059
-0.054
-0.049
-0.043
-0.038
-0.032
-0.026
-0.022
-0.019
-0.02
-0.022
-0.026
-0.031
-0.039
-0.056
-0.07
-0.078
-0.087
-0.097
-0.102
-0.106
-0.109
-0.111
-0.114
-0.116
-0.117
-0.119
-0.121
-0.122
-0.123
-0.124
-0.125
-0.127
-0.128
-0.131
-0.134
-0.134
-0.128
-0.12
-0.107
-0.086
-0.048
0.004
0.078
0.173
0.283
0.393
0.481
0.508
0.499
0.426
0.296
0.134
-0.03
-0.174
-0.277
-0.321
-0.324
-0.296
-0.245
-0.198
-0.179
-0.174
-0.17
-0.168
-0.167
-0.165
-0.165
-0.163
-0.161
-0.16
-0.158
-0.157
-0.157
-0.157
-0.155
-0.153
-0.151
-0.148
-0.147
-0.146
-0.145
-0.144
-0.142
-0.14
-0.138
-0.137
-0.134
-0.132
-0.128
-0.124
-0.119
-0.115
-0.111
-0.108
-0.104
-0.099
-0.095
-0.09
-0.087
-0.084
-0.081
-0.079
-0.076
-0.073
-0.069
-0.065
-0.056
-0.05
-0.045
-0.04
-0.036
-0.031
-0.024
-0.017
-0.007
0.004
0.014
0.022
0.027
0.033
0.041
0.049
0.06
0.074
0.086
0.099
0.111
0.125
0.133
0.139
0.143
0.146
0.15
0.154
0.158
0.162
0.166
0.169
0.173
0.177
0.18
0.182
0.183
0.181
0.18
0.177
0.174
0.17
0.166
0.159
0.153
0.148
0.144
0.137
0.129
0.115
0.107
0.101
0.097
0.093
0.092
0.091
0.091
0.09
0.09
0.091
0.091
0.091
0.091
0.091
0.091
0.091
0.092
0.095
0.097
0.1
0.103
0.106
0.108
0.111
0.114
0.117
0.121
0.124
0.128
0.132
0.137
0.145
0.151
0.153
0.154
0.156
0.159
0.161
0.161
0.161
0.161
0.16
0.159
0.159
0.159
0.159
0.158
0.158
0.158
0.158
0.159
0.16
0.163
0.164
0.166
0.167
0.168
0.17
0.171
0.173
0.172
0.17
0.167
0.163
0.159
0.156
0.152
0.147
0.144
0.141
0.141
0.141
0.141
0.141
0.141
0.142
0.144
0.145
0.14
0.131
0.127
0.125
0.123
0.122
0.12
0.119
0.117
0.116
0.115
0.114
0.113
0.112
0.112
0.111
0.11
0.11
0.111
0.11
0.11
0.109
0.108
0.107
0.106
0.105
0.103
0.1
0.093
0.083
0.077
0.074
0.071
0.068
0.065
0.064
0.062
0.061
0.06
0.059
0.058
0.058
0.057
0.057
0.056
0.054
0.052
0.051
0.051
0.052
0.054
0.056
0.057
0.059
0.061
0.063
0.065
0.067
0.069
0.071
0.073
0.076
0.078
0.08
0.082
0.084
0.087
0.089
0.091
0.093
0.092
0.089
0.085
0.079
0.073
0.064
0.049
0.04
0.03
0.015
-0.001
-0.015
-0.022
-0.026
-0.03
-0.032
-0.033
-0.032
-0.031
-0.03
-0.028
-0.027
-0.026
-0.024
-0.02
-0.014
-0.006
0.017
0.059
0.119
0.198
0.296
0.407
0.517
0.607
0.656
0.657
0.61
0.496
0.342
0.172
0.015
-0.107
-0.17
-0.191
-0.181
-0.151
-0.103
-0.059
-0.037
-0.029
-0.028
-0.031
-0.035
-0.039
-0.027
-0.008
0.006
0.01
0.012
0.013
0.013
0.014
0.014
0.014
0.014
0.014
0.013
0.013
0.012
0.011
0.01
0.008
0.007
0.006
0.005
0.004
0.003
0.003
0.002
0.002
0.005
0.009
0.014
0.018
0.021
0.024
0.026
0.028
0.03
0.032
0.033
0.035
0.036
0.037
0.039
0.04
0.041
0.041
0.041
0.041
0.042
0.043
0.045
0.046
0.048
0.051
0.056
0.06
0.066
0.072
0.081
0.092
0.101
0.108
0.113
0.119
0.126
0.134
0.14
0.146
0.152
0.155
0.156
0.156
0.157
0.157
0.157
0.158
0.159
0.159
0.158
0.155
0.151
0.146
0.14
0.131
0.123
0.114
0.104
0.093
0.078
0.059
0.039
0.028
0.02
0.011
0.001
-0.011
-0.023
-0.024
-0.024
-0.025
-0.025
-0.025
-0.021
-0.014
-0.006
0.002
0.01
0.014
0.017
0.02
0.023
0.025
0.026
0.025
0.023
0.021
0.018
0.016
0.015
0.012
0.009
0.007
0.004
0.002
0.0
-0.001
-0.003
-0.007
-0.01
-0.013
-0.016
-0.019
-0.022
-0.026
-0.029
-0.032
-0.034
-0.036
-0.037
-0.039
-0.041
-0.043
-0.046
-0.05
-0.055
-0.06
-0.064
-0.069
-0.074
-0.08
-0.086
-0.092
-0.099
-0.106
-0.113
-0.122
-0.13
-0.139
-0.148
-0.156
-0.165
-0.173
-0.179
-0.183
-0.187
-0.193
-0.202
-0.214
-0.22
-0.223
-0.226
-0.229
-0.231
-0.233
-0.234
-0.235
-0.237
-0.239
-0.241
-0.242
-0.243
-0.244
-0.245
-0.245
-0.246
-0.246
-0.247
-0.247
-0.247
-0.247
-0.248
-0.249
-0.251
-0.253
-0.255
-0.257
-0.259
-0.261
-0.264
-0.267
-0.269
-0.271
-0.273
-0.275
-0.277
-0.28
-0.284
-0.288
-0.292
-0.295
-0.298
-0.3
-0.302
-0.303
-0.302
-0.302
-0.3
-0.298
-0.296
-0.293
-0.29
-0.287
-0.284
-0.281
-0.278
-0.272
-0.266
-0.262
-0.26
-0.258
-0.256
-0.254
-0.251
-0.248
-0.247
-0.249
-0.255
-0.262
-0.269
-0.277
-0.283
-0.286
-0.288
-0.289
-0.29
-0.292
-0.292
-0.293
-0.293
-0.294
-0.294
-0.294
-0.294
-0.293
-0.292
-0.29
-0.287
-0.284
-0.28
-0.276
-0.257
-0.224
-0.173
-0.102
-0.006
0.112
0.242
0.366
0.461
0.486
0.473
0.385
0.239
0.06
-0.122
-0.277
-0.378
-0.399
-0.392
-0.337
-0.276
-0.236
-0.224
-0.218
-0.213
-0.209
-0.206
-0.203
-0.2
-0.197
-0.195
-0.195
-0.195
-0.198
-0.202
-0.207
-0.213
-0.218
-0.227
-0.234
-0.237
-0.24
-0.243
-0.246
-0.249
-0.25
-0.248
-0.242
-0.236
-0.232
-0.229
-0.226
-0.223
-0.219
-0.216
-0.212
-0.207
-0.203
-0.198
-0.194
-0.19
-0.185
-0.18
-0.175
-0.171
-0.167
-0.164
-0.16
-0.156
-0.15
-0.144
-0.136
-0.128
-0.12
-0.108
-0.092
-0.079
-0.07
-0.065
-0.059
-0.053
-0.047
-0.04
-0.032
-0.021
-0.012
-0.005
0.007
0.027
0.046
0.06
0.071
0.082
0.092
0.106
0.118
0.128
0.137
0.144
0.148
0.151
0.154
0.157
0.159
0.161
0.163
0.163
0.163
0.163
0.162
0.159
0.156
0.152
0.146
0.141
0.135
0.13
0.125
0.116
0.107
0.099
0.096
0.093
0.092
0.09
0.089
0.087
0.085
0.083
0.082
0.082
0.082
0.082
0.082
0.082
0.082
0.083
0.084
0.085
0.086
0.087
0.087
0.088
0.09
0.092
0.094
0.096
0.098
0.099
0.1
0.102
0.104
0.106
0.108
0.11
0.111
0.111
0.111
0.111
0.111
0.111
0.11
0.108
0.107
0.106
0.105
0.105
0.104
0.104
0.103
0.102
0.102
0.102
0.101
0.099
0.097
0.095
0.095
0.097
0.102
0.106
0.109
0.112
0.115
0.118
0.121
0.122
0.121
0.119
0.115
0.112
0.109
0.106
0.102
0.099
0.096
0.096
0.099
0.104
0.111
0.117
0.121
0.126
0.13
0.134
0.138
0.142
0.145
0.147
0.149
0.151
0.153
0.154
0.156
0.157
0.159
0.161
0.163
0.166
0.169
0.173
0.178
0.182
0.188
0.194
0.201
0.207
0.215
0.224
0.233
0.239
0.24
0.242
0.243
0.244
0.246
0.247
0.24
0.226
0.21
0.191
0.173
0.156
0.14
0.137
0.136
0.135
0.134
0.133
0.132
0.133
0.134
0.135
0.136
0.136
0.137
0.138
0.139
0.142
0.147
0.154
0.163
0.196
0.253
0.332
0.437
0.56
0.69
0.807
0.883
0.89
0.851
0.718
0.53
0.323
0.137
0.002
-0.053
-0.071
-0.06
-0.04
-0.017
0.0
0.011
0.018
0.022
0.026
0.029
0.031
0.033
0.035
0.036
0.036
0.037
0.037
0.037
0.037
0.037
0.037
0.037
0.037
0.038
0.038
0.039
0.039
0.039
0.039
0.037
0.035
0.031
0.028
0.025
0.023
0.021
0.02
0.018
0.017
0.016
0.015
0.014
0.013
0.012
0.011
0.009
0.008
0.008
0.008
0.008
0.007
0.007
0.007
0.006
0.007
0.007
0.008
0.009
0.01
0.011
0.012
0.014
0.016
0.018
0.019
0.021
0.024
0.027
0.03
0.033
0.037
0.04
0.044
0.056
0.067
0.074
0.08
0.084
0.087
0.089
0.092
0.094
0.096
0.097
0.098
0.098
0.098
0.097
0.094
0.091
0.086
0.081
0.075
0.069
0.061
0.046
0.03
0.015
0.003
-0.006
-0.014
-0.021
-0.029
-0.035
-0.042
-0.051
-0.062
-0.067
-0.07
-0.071
-0.072
-0.073
-0.073
-0.073
-0.073
-0.074
-0.076
-0.077
-0.078
-0.079
-0.079
-0.078
-0.077
-0.077
-0.075
-0.073
-0.071
-0.068
-0.065
-0.063
-0.061
-0.06
-0.058
-0.056
-0.054
-0.052
-0.05
-0.048
-0.047
-0.045
-0.043
-0.042
-0.041
-0.04
-0.04
-0.04
-0.04
-0.041
-0.041
-0.042
-0.042
-0.042
-0.042
-0.042
-0.042
-0.041
-0.04
-0.039
-0.039
-0.037
-0.034
-0.03
-0.024
-0.01
0.023
0.06
0.097
0.136
0.172
0.208
0.238
0.251
0.259
0.264
0.267
0.269
0.268
0.266
0.263
0.26
0.258
0.256
0.254
0.251
0.249
0.247
0.245
0.246
0.248
