0.364
0.37
0.376
0.382
0.388
0.4
0.409
0.414
0.418
0.42
0.422
0.423
0.424
0.426
0.427
0.428
0.429
0.43
0.43
0.431
0.43
0.429
0.428
0.426
0.423
0.421
0.418
0.415
0.412
0.408
0.405
0.402
0.397
0.386
0.375
0.367
0.36
0.354
0.349
0.344
0.34
0.336
0.331
0.325
0.317
0.31
0.305
0.301
0.298
0.295
0.292
0.288
0.285
0.282
0.28
0.278
0.276
0.275
0.274
0.273
0.273
0.273
0.274
0.274
0.275
0.277
0.278
0.278
0.278
0.277
0.276
0.275
0.274
0.274
0.275
0.275
0.275
0.275
0.276
0.276
0.276
0.276
0.276
0.275
0.274
0.273
0.272
0.27
0.269
0.268
0.264
0.259
0.277
0.333
0.436
0.591
0.798
1.043
1.307
1.56
1.758
1.845
1.794
1.615
1.34
1.031
0.759
0.566
0.459
0.413
0.386
0.339
0.291
0.237
0.212
0.201
0.194
0.19
0.185
0.181
0.177
0.173
0.168
0.164
0.161
0.162
0.167
0.173
0.178
0.182
0.185
0.189
0.192
0.195
0.196
0.197
0.196
0.193
0.19
0.187
0.183
0.178
0.175
0.173
0.171
0.169
0.166
0.164
0.161
0.158
0.155
0.153
0.152
0.151
0.15
0.148
0.145
0.142
0.138
0.132
0.125
0.117
0.108
0.098
0.085
0.065
0.037
0.025
0.009
-0.013
-0.039
-0.069
-0.104
-0.132
-0.155
-0.179
-0.203
-0.232
-0.261
-0.282
-0.295
-0.307
-0.321
-0.342
-0.356
-0.366
-0.374
-0.379
-0.382
-0.384
-0.385
-0.387
-0.389
-0.39
-0.383
-0.369
-0.357
-0.347
-0.338
-0.33
-0.324
-0.319
-0.316
-0.313
-0.31
-0.309
-0.307
-0.307
-0.307
-0.307
-0.308
-0.308
-0.308
-0.309
-0.309
-0.31
-0.31
-0.311
-0.311
-0.312
-0.314
-0.316
-0.316
-0.315
-0.312
-0.309
-0.307
-0.304
-0.302
-0.298
-0.296
-0.293
-0.291
-0.289
-0.286
-0.283
-0.281
-0.279
-0.277
-0.274
-0.272
-0.269
-0.267
-0.265
-0.264
-0.263
-0.263
-0.263
-0.262
-0.261
-0.26
-0.257
-0.255
-0.252
-0.249
-0.246
-0.242
-0.237
-0.23
-0.222
-0.209
-0.195
-0.185
-0.176
-0.17
-0.167
-0.164
-0.16
-0.158
-0.156
-0.153
-0.15
-0.146
-0.143
-0.141
-0.138
-0.133
-0.127
-0.119
-0.109
-0.093
-0.079
-0.07
-0.065
-0.063
-0.063
-0.062
-0.061
-0.062
-0.061
-0.06
-0.06
-0.06
-0.061
-0.062
-0.064
-0.065
-0.065
-0.064
-0.061
-0.058
-0.054
-0.049
-0.044
-0.04
-0.036
-0.032
-0.029
-0.023
-0.016
-0.01
-0.006
-0.004
-0.006
-0.011
-0.017
-0.024
-0.03
-0.036
-0.042
-0.049
-0.054
-0.059
-0.063
-0.065
-0.066
-0.066
-0.067
-0.068
-0.069
-0.071
-0.073
-0.075
-0.078
-0.08
-0.08
-0.079
-0.074
-0.066
-0.057
-0.048
-0.039
-0.027
-0.016
-0.007
0.0
0.007
0.012
0.015
0.017
0.019
0.02
0.02
0.021
0.022
0.023
0.025
0.026
0.026
0.027
0.028
0.029
0.03
0.032
0.035
0.04
0.045
0.049
0.053
0.054
0.054
0.05
0.045
0.04
0.036
0.03
0.019
0.021
0.045
0.105
0.231
0.42
0.668
0.954
1.234
1.453
1.522
1.504
1.34
1.073
0.786
0.534
0.346
0.227
0.159
0.107
0.053
0.0
-0.03
-0.042
-0.047
-0.052
-0.055
-0.056
-0.057
-0.058
-0.059
-0.06
-0.062
-0.064
-0.067
-0.071
-0.075
-0.079
-0.082
-0.085
-0.087
-0.091
-0.096
-0.098
-0.093
-0.081
-0.069
-0.061
-0.054
-0.047
-0.039
-0.034
-0.03
-0.031
-0.032
-0.034
-0.038
-0.043
-0.049
-0.055
-0.061
-0.068
-0.074
-0.08
-0.086
-0.091
-0.095
-0.098
-0.102
-0.107
-0.111
-0.115
-0.12
-0.124
-0.129
-0.134
-0.14
-0.151
-0.172
-0.193
-0.209
-0.22
-0.23
-0.24
-0.25
-0.26
-0.269
-0.278
-0.287
-0.294
-0.298
-0.301
-0.303
-0.306
-0.309
-0.311
-0.313
-0.315
-0.315
-0.312
-0.306
-0.298
-0.288
-0.275
-0.253
-0.228
-0.212
-0.203
-0.196
-0.19
-0.184
-0.178
-0.173
-0.169
-0.164
-0.161
-0.159
-0.156
-0.154
-0.152
-0.149
-0.146
-0.142
-0.138
-0.134
-0.131
-0.128
-0.125
-0.123
-0.121
-0.12
-0.118
-0.115
-0.113
-0.111
-0.109
-0.108
-0.108
-0.11
-0.11
-0.11
-0.11
-0.111
-0.112
-0.114
-0.115
-0.116
-0.116
-0.116
-0.115
-0.115
-0.115
-0.115
-0.115
-0.115
-0.115
-0.115
-0.115
-0.115
-0.115
-0.114
-0.112
-0.111
-0.109
-0.108
-0.105
-0.102
-0.099
-0.096
-0.092
-0.09
-0.086
-0.08
-0.072
-0.063
-0.056
-0.05
-0.044
-0.038
-0.033
-0.028
-0.024
-0.019
-0.016
-0.013
-0.009
-0.005
-0.002
0.0
0.003
0.005
0.007
0.009
0.011
0.012
0.014
0.017
0.02
0.024
0.026
0.027
0.027
0.025
0.024
0.023
0.022
0.02
0.016
0.012
0.013
0.022
0.036
0.053
0.076
0.088
0.095
0.102
0.106
0.109
0.104
0.093
0.082
0.076
0.072
0.067
0.063
0.059
0.056
0.052
0.049
0.046
0.044
0.044
0.044
0.046
0.048
0.052
0.055
0.06
0.065
0.071
0.077
0.082
0.09
0.107
0.118
0.126
0.13
0.134
0.137
0.139
0.142
0.145
0.149
0.156
0.163
0.171
0.178
0.184
0.188
0.193
0.199
0.204
0.21
0.216
0.221
0.227
0.231
0.235
0.236
0.235
0.233
0.229
0.226
0.223
0.219
0.216
0.211
0.206
0.201
0.194
0.18
0.172
0.178
0.197
0.248
0.368
0.543
0.772
1.047
1.324
1.553
1.65
1.64
1.493
1.22
0.914
0.64
0.443
0.341
0.3
0.279
0.262
0.24
0.22
0.203
0.193
0.186
0.182
0.179
0.177
0.176
0.175
0.174
0.173
0.174
0.175
0.176
0.178
0.18
0.183
0.185
0.188
0.192
0.195
0.196
0.194
0.187
0.178
0.166
0.146
0.112
0.095
0.086
0.079
0.074
0.07
0.069
0.069
0.071
0.073
0.075
0.078
0.079
0.082
0.086
0.089
0.09
0.09
0.087
0.083
0.078
0.072
0.066
0.059
0.051
0.043
0.035
0.026
0.018
0.01
0.004
-0.002
-0.008
-0.014
-0.022
-0.03
-0.038
-0.047
-0.055
-0.066
-0.076
-0.083
-0.088
-0.091
-0.094
-0.097
-0.102
-0.106
-0.108
-0.107
-0.102
-0.095
-0.087
-0.074
-0.057
-0.034
-0.005
0.007
0.012
0.017
0.02
0.022
0.023
0.024
0.025
0.026
0.028
0.029
0.03
0.031
0.032
0.033
0.035
0.037
0.038
0.039
0.041
0.042
0.043
0.045
0.046
0.047
0.047
0.047
0.047
0.048
0.05
0.052
0.054
0.056
0.059
0.061
0.064
0.068
0.072
0.075
0.078
0.08
0.082
0.085
0.089
0.092
0.096
0.1
0.104
0.108
0.112
0.115
0.118
0.12
0.122
0.123
0.125
0.127
0.129
0.131
0.133
0.135
0.135
0.134
0.132
0.128
0.122
0.116
0.109
0.101
0.09
0.079
0.069
0.06
0.051
0.044
0.037
0.032
0.026
0.021
0.017
0.014
0.012
0.01
0.008
0.006
0.004
0.002
0.0
-0.001
-0.003
-0.005
-0.006
-0.006
-0.004
0.0
0.004
0.009
0.015
0.02
0.026
0.032
0.038
0.042
0.045
0.046
0.047
0.048
0.049
0.051
0.052
0.053
0.05
0.043
0.034
0.026
0.023
0.02
0.017
0.013
0.01
0.008
0.006
0.004
0.002
0.0
-0.002
-0.003
-0.003
-0.003
-0.003
-0.003
-0.004
-0.003
-0.002
-0.001
0.0
0.0
0.001
0.001
0.0
0.001
0.001
0.001
0.0
0.0
0.0
0.0
0.001
0.003
0.005
0.006
0.007
0.008
0.01
0.012
0.014
0.016
0.018
0.019
0.023
0.033
0.045
0.056
0.067
0.074
0.081
0.087
0.091
0.095
0.096
0.095
0.091
0.086
0.08
0.073
0.065
0.051
0.044
0.048
0.057
0.082
0.169
0.308
0.501
0.742
1.016
1.285
1.499
1.57
1.552
1.394
1.122
0.821
0.564
0.38
0.273
0.218
0.18
0.144
0.122
0.118
0.117
0.116
0.116
0.116
0.116
0.116
0.121
0.128
0.136
0.144
0.15
0.157
0.164
0.171
0.177
0.182
0.186
0.191
0.197
0.202
0.207
0.211
0.214
0.217
0.22
0.223
0.227
0.23
0.234
0.237
0.24
0.244
0.247
0.249
0.251
0.252
0.254
0.255
0.257
0.26
0.262
0.264
0.266
0.268
0.27
0.271
0.272
0.272
0.271
0.27
0.268
0.266
0.262
0.258
0.252
0.247
0.24
0.229
0.206
0.187
0.171
0.157
0.142
0.126
0.106
0.084
0.069
0.055
0.04
0.021
0.007
-0.002
-0.01
-0.017
-0.023
-0.029
-0.038
-0.052
-0.067
-0.083
-0.099
-0.115
-0.139
-0.165
-0.189
-0.214
-0.235
-0.25
-0.265
-0.277
-0.286
-0.293
-0.297
-0.3
-0.303
-0.305
-0.308
-0.31
-0.309
-0.306
-0.299
-0.29
-0.275
-0.245
-0.21
-0.178
-0.153
-0.134
-0.113
-0.097
-0.085
-0.075
-0.066
-0.057
-0.05
-0.043
-0.038
-0.034
-0.031
-0.03
-0.028
-0.027
-0.025
-0.024
-0.022
-0.021
-0.02
-0.02
-0.02
-0.021
-0.022
-0.024
-0.027
-0.031
-0.034
-0.037
-0.04
-0.042
-0.043
-0.045
-0.047
-0.049
-0.051
-0.054
-0.056
-0.06
-0.063
-0.065
-0.068
-0.071
-0.075
-0.08
-0.086
-0.099
-0.111
-0.122
-0.133
-0.143
-0.153
-0.162
-0.169
-0.173
-0.177
-0.179
-0.182
-0.184
-0.186
-0.187
-0.187
-0.187
-0.186
-0.185
-0.184
-0.182
-0.18
-0.179
-0.177
-0.176
-0.175
-0.174
-0.174
-0.172
-0.17
-0.167
-0.165
-0.164
-0.163
-0.163
-0.164
-0.165
-0.166
-0.167
-0.17
-0.173
-0.174
-0.173
-0.171
-0.17
-0.169
-0.167
-0.166
-0.168
-0.173
-0.18
-0.187
-0.19
-0.193
-0.196
-0.199
-0.201
-0.203
-0.204
-0.205
-0.207
-0.208
-0.209
-0.209
-0.209
-0.21
-0.211
-0.211
-0.211
-0.211
-0.211
-0.21
-0.209
-0.207
-0.206
-0.204
-0.202
-0.2
-0.198
-0.197
-0.196
-0.195
-0.194
-0.192
-0.19
-0.187
-0.185
-0.182
-0.177
-0.172
-0.167
-0.162
-0.157
-0.153
-0.15
-0.147
-0.144
-0.141
-0.138
-0.134
-0.127
-0.12
-0.115
-0.108
-0.103
-0.096
-0.092
-0.093
-0.101
-0.113
-0.127
-0.143
-0.144
-0.123
-0.067
0.054
0.235
0.474
0.763
1.066
1.337
1.519
1.56
1.441
1.19
0.874
0.568
0.328
0.189
0.119
0.076
0.032
-0.012
-0.061
-0.101
-0.114
-0.121
-0.124
-0.124
-0.12
-0.113
-0.107
-0.103
-0.101
-0.098
-0.096
-0.093
-0.09
-0.087
-0.084
-0.082
-0.079
-0.077
-0.075
-0.073
-0.071
-0.069
-0.068
-0.066
-0.063
-0.058
-0.049
-0.039
-0.031
-0.024
-0.021
-0.019
-0.016
-0.014
-0.012
-0.01
-0.008
-0.007
-0.005
-0.004
-0.002
-0.001
0.0
0.0
0.0
0.0
0.0
0.0
0.0
-0.002
-0.003
-0.005
-0.007
-0.01
-0.013
-0.016
-0.023
-0.04
-0.057
-0.074
-0.091
-0.109
-0.119
-0.126
-0.132
-0.137
-0.14
-0.142
-0.143
-0.143
-0.141
-0.138
-0.133
-0.127
-0.119
-0.111
-0.099
-0.078
-0.059
-0.043
-0.029
-0.018
-0.008
0.001
0.01
0.018
0.023
0.027
0.03
0.033
0.036
0.04
0.043
0.046
0.048
0.049
0.05
0.05
0.049
0.048
0.046
0.044
0.042
0.04
0.04
0.039
0.039
0.038
0.038
0.037
0.036
0.033
0.029
0.026
0.025
0.03
0.039
0.048
0.055
0.063
0.07
0.077
0.082
0.086
0.088
0.088
0.088
0.087
0.086
0.085
0.084
0.084
0.085
0.085
0.085
0.085
0.083
0.082
0.081
0.08
0.078
0.076
0.073
0.072
0.071
0.074
0.078
0.084
0.09
0.095
0.099
0.103
0.107
0.11
0.112
0.113
0.114
0.115
0.116
0.117
0.119
0.12
0.121
0.122
0.124
0.126
0.128
0.131
0.133
0.135
0.138
0.14
0.141
0.143
0.144
0.146
0.147
0.148
0.149
0.15
0.152
0.154
0.157
0.159
0.162
0.165
0.167
0.17
0.173
0.176
0.178
0.181
0.182
0.184
0.186
0.188
0.189
0.191
0.194
0.197
0.202
0.208
0.213
0.217
0.218
0.217
0.213
0.206
0.197
0.187
0.173
0.151
0.138
0.131
0.128
0.124
0.122
0.119
0.118
0.117
0.116
0.115
0.115
0.115
0.116
0.118
0.121
0.125
0.129
0.133
0.137
0.142
0.148
0.157
0.166
0.173
0.178
0.182
0.187
0.194
0.199
0.198
0.187
0.174
0.167
0.161
0.156
