0.141
0.116
0.089
0.067
0.037
0.001
-0.034
-0.062
-0.079
-0.094
-0.105
-0.113
-0.12
-0.125
-0.128
-0.129
-0.128
-0.123
-0.117
-0.109
-0.099
-0.083
-0.066
-0.055
-0.047
-0.04
-0.037
-0.038
-0.039
-0.04
-0.039
-0.039
-0.04
-0.043
-0.045
-0.048
-0.051
-0.053
-0.054
-0.052
-0.049
-0.045
-0.04
-0.035
-0.031
-0.027
-0.023
-0.015
0.0
0.004
0.008
0.013
0.0
-0.044
-0.108
-0.205
-0.334
-0.488
-0.663
-0.841
-0.98
-1.016
-0.997
-0.862
-0.634
-0.368
-0.138
-0.004
0.03
0.04
0.05
0.054
0.055
0.052
0.047
0.041
0.035
0.028
0.017
0.012
0.019
0.031
0.046
0.063
0.069
0.073
0.078
0.082
0.084
0.084
0.078
0.068
0.057
0.041
0.018
0.003
-0.01
-0.024
-0.039
-0.045
-0.049
-0.053
-0.056
-0.059
-0.061
-0.061
-0.06
-0.057
-0.055
-0.054
-0.054
-0.054
-0.055
-0.057
-0.059
-0.061
-0.061
-0.061
-0.061
-0.061
-0.062
-0.064
-0.067
-0.071
-0.075
-0.078
-0.081
-0.083
-0.085
-0.086
-0.089
-0.094
-0.099
-0.105
-0.111
-0.117
-0.124
-0.132
-0.143
-0.162
-0.184
-0.197
-0.207
-0.215
-0.222
-0.228
-0.233
-0.235
-0.237
-0.237
-0.238
-0.238
-0.239
-0.24
-0.238
-0.227
-0.211
-0.191
-0.164
-0.141
-0.127
-0.118
-0.111
-0.106
-0.102
-0.098
-0.095
-0.093
-0.09
-0.086
-0.081
-0.074
-0.065
-0.052
-0.038
-0.022
-0.007
0.0
0.004
0.009
0.012
0.013
0.014
0.016
0.017
0.019
0.02
0.023
0.025
0.027
0.027
0.028
0.028
0.029
0.031
0.034
0.038
0.044
0.055
0.068
0.08
0.093
0.106
0.115
0.122
0.129
0.135
0.14
0.144
0.146
0.149
0.151
0.152
0.152
0.152
0.152
0.151
0.15
0.148
0.147
0.146
0.142
0.137
0.131
0.126
0.122
0.118
0.114
0.11
0.105
0.101
0.099
0.099
0.1
0.103
0.109
0.117
0.125
0.133
0.141
0.148
0.156
0.162
0.168
0.172
0.171
0.166
0.159
0.152
0.145
0.139
0.133
0.128
0.123
0.117
0.111
0.107
0.103
0.098
0.093
0.088
0.084
0.078
0.071
0.064
0.06
0.057
0.055
0.053
0.051
0.049
0.046
0.044
0.043
0.043
0.044
0.046
0.048
0.051
0.054
0.057
0.059
0.06
0.058
0.051
0.042
0.035
0.03
0.026
0.022
0.019
0.017
0.013
0.011
0.008
0.005
0.002
-0.001
-0.004
-0.006
-0.008
-0.01
-0.012
-0.013
-0.014
-0.016
-0.017
-0.018
-0.019
-0.021
-0.021
-0.022
-0.023
-0.026
-0.028
-0.031
-0.034
-0.037
-0.039
-0.042
-0.044
-0.047
-0.05
-0.053
-0.057
-0.063
-0.068
-0.074
-0.08
-0.086
-0.091
-0.096
-0.099
-0.103
-0.106
-0.109
-0.112
-0.117
-0.122
-0.128
-0.132
-0.134
-0.133
-0.129
-0.121
-0.111
-0.099
-0.08
-0.05
-0.029
-0.016
-0.008
-0.002
0.0
0.002
0.001
-0.002
-0.007
-0.013
-0.017
-0.021
-0.025
-0.03
-0.036
-0.04
-0.043
-0.043
-0.04
-0.035
-0.029
-0.023
-0.015
-0.007
0.003
0.014
0.019
0.016
0.007
-0.008
-0.049
-0.138
-0.266
-0.429
-0.616
-0.811
-0.989
-1.089
-1.096
-1.026
-0.835
-0.584
-0.339
-0.16
-0.064
-0.017
0.01
0.03
0.045
0.055
0.058
0.059
0.062
0.064
0.067
0.069
0.07
0.072
0.073
0.073
0.073
0.073
0.074
0.075
0.075
0.076
0.076
0.076
0.074
0.073
0.072
0.072
0.071
0.071
0.071
0.071
0.072
0.072
0.072
0.072
0.072
0.071
0.071
0.071
0.072
0.072
0.071
0.071
0.071
0.07
0.068
0.066
0.065
0.062
0.06
0.058
0.056
0.053
0.051
0.049
0.047
0.045
0.042
0.041
0.04
0.039
0.037
0.034
0.029
0.025
0.019
0.013
0.006
-0.001
-0.009
-0.018
-0.028
-0.042
-0.064
-0.079
-0.084
-0.088
-0.091
-0.095
-0.098
-0.101
-0.103
-0.104
-0.105
-0.105
-0.103
-0.1
-0.097
-0.093
-0.089
-0.084
-0.079
-0.075
-0.069
-0.063
-0.053
-0.041
-0.028
-0.016
-0.005
0.004
0.016
0.033
0.042
0.042
0.041
0.042
0.043
0.044
0.044
0.039
0.029
0.018
0.012
0.006
0.0
-0.006
-0.012
-0.016
-0.019
-0.016
-0.017
-0.017
-0.017
-0.017
-0.016
-0.015
-0.014
-0.013
-0.012
-0.012
-0.012
-0.012
-0.012
-0.012
-0.011
-0.01
-0.01
-0.009
-0.009
-0.009
-0.008
-0.008
-0.008
-0.009
-0.009
-0.01
-0.009
-0.007
-0.005
-0.003
-0.001
0.0
0.003
0.006
0.008
0.011
0.015
0.018
0.022
0.026
0.03
0.034
0.038
0.042
0.047
0.052
0.058
0.066
0.077
0.089
0.098
0.105
0.109
0.113
0.117
0.122
0.127
0.131
0.133
0.133
0.13
0.126
0.122
0.118
0.115
0.112
0.108
0.104
0.1
0.099
0.098
0.099
0.1
0.102
0.104
0.108
0.113
0.118
0.122
0.124
0.125
0.126
0.127
0.128
0.129
0.13
0.13
0.131
0.132
0.134
0.135
0.137
0.138
0.138
0.137
0.137
0.137
0.137
0.137
0.137
0.136
0.135
0.134
0.133
0.132
0.132
0.131
0.13
0.129
0.127
0.125
0.124
0.122
0.12
0.118
0.116
0.113
0.11
0.108
0.107
0.106
0.105
0.104
0.103
0.102
0.101
0.101
0.1
0.099
0.097
0.096
0.096
0.097
0.099
0.101
0.104
0.108
0.111
0.115
0.119
0.123
0.127
0.129
0.131
0.133
0.135
0.14
0.145
0.151
0.156
0.159
0.16
0.158
0.154
0.149
0.143
0.137
0.131
0.126
0.12
0.113
0.107
0.1
0.095
0.09
0.086
0.082
0.078
0.074
0.069
0.063
0.056
0.047
0.039
0.032
0.025
0.015
-0.005
-0.047
-0.133
-0.264
-0.454
-0.72
-1.068
-1.465
-1.865
-2.2
-2.406
-2.434
-2.372
-2.16
-1.917
-1.699
-1.558
-1.481
-1.439
-1.399
-1.362
-1.302
-1.227
-1.182
-1.14
-1.1
-1.071
-1.049
-1.024
-0.999
-0.974
-0.955
-0.93
-0.894
-0.863
-0.84
-0.818
-0.799
-0.784
-0.769
-0.755
-0.745
-0.737
-0.73
-0.722
-0.714
-0.706
-0.694
-0.67
-0.633
-0.605
-0.584
-0.558
-0.536
-0.517
-0.501
-0.485
-0.477
-0.471
-0.467
-0.463
-0.459
-0.455
-0.45
-0.444
-0.438
-0.432
-0.427
-0.422
-0.418
-0.414
-0.411
-0.408
-0.404
-0.401
-0.397
-0.393
-0.389
-0.385
-0.381
-0.378
-0.376
-0.375
-0.375
-0.375
-0.376
-0.377
-0.379
-0.38
-0.379
-0.379
-0.378
-0.376
-0.374
-0.372
-0.37
-0.367
-0.36
-0.351
-0.341
-0.329
-0.311
-0.299
-0.292
-0.279
-0.255
-0.227
-0.197
-0.174
-0.159
-0.147
-0.138
-0.126
-0.111
-0.098
-0.089
-0.083
-0.077
-0.069
-0.059
-0.047
-0.029
-0.006
0.004
0.008
0.011
0.012
0.014
0.015
0.017
0.02
0.023
0.026
0.029
0.033
0.037
0.041
0.046
0.05
0.056
0.063
0.069
0.073
0.076
0.079
0.081
0.083
0.086
0.089
0.09
0.092
0.093
0.094
0.095
0.096
0.097
0.098
0.098
0.098
0.098
0.099
0.099
0.099
0.097
0.096
0.094
0.092
0.09
0.087
0.083
0.079
0.075
0.072
0.07
0.066
0.057
0.046
0.038
0.037
0.042
0.05
0.056
0.06
0.063
0.066
0.07
0.074
0.078
0.081
0.084
0.086
0.088
0.091
0.094
0.097
0.099
0.102
0.105
0.108
0.112
0.116
0.12
0.125
0.129
0.135
0.14
0.148
0.154
0.157
0.154
0.148
0.143
0.141
0.14
0.139
0.138
0.137
0.136
0.134
0.133
0.132
0.131
0.13
0.128
0.128
0.127
0.126
0.125
0.124
0.123
0.121
0.119
0.115
0.111
0.103
0.084
0.063
0.042
0.022
0.007
-0.013
-0.038
-0.061
-0.086
-0.116
-0.136
-0.145
-0.151
-0.153
-0.148
-0.132
-0.086
-0.03
0.03
0.091
0.15
0.199
0.217
0.225
0.232
0.23
0.214
0.189
0.156
0.127
0.106
0.09
0.078
0.068
0.056
0.042
0.03
0.02
0.012
0.008
0.005
0.003
0.0
-0.004
0.013
0.04
0.072
0.093
0.105
0.116
0.129
0.14
0.149
0.157
0.164
0.17
0.173
0.173
0.171
0.166
0.159
0.149
0.13
0.101
0.082
0.068
0.069
0.085
0.099
0.11
0.121
0.131
0.141
0.156
0.174
0.181
0.186
0.191
0.191
0.179
0.147
0.09
-0.001
-0.131
-0.29
-0.464
-0.627
-0.745
-0.773
-0.754
-0.625
-0.412
-0.182
0.018
0.167
0.232
0.255
0.263
0.26
0.252
0.245
0.236
0.236
0.249
0.26
0.271
0.276
0.268
0.252
0.24
0.23
0.221
0.214
0.209
0.204
0.198
0.189
0.174
0.156
0.147
0.14
0.135
0.131
0.129
0.129
0.131
0.134
0.139
0.144
0.148
0.153
0.158
0.16
0.158
0.15
0.141
0.133
0.124
0.116
0.11
0.105
0.101
0.098
0.096
0.093
0.092
0.09
0.088
0.086
0.083
0.08
0.078
0.075
0.072
0.068
0.064
0.059
0.055
0.048
0.041
0.033
0.027
0.022
0.017
0.013
0.007
0.001
-0.005
-0.013
-0.025
-0.037
-0.048
-0.059
-0.071
-0.081
-0.089
-0.097
-0.105
-0.114
-0.121
-0.121
-0.113
-0.1
-0.084
-0.062
-0.037
-0.011
0.012
0.031
0.041
0.049
0.054
0.058
0.06
0.059
0.056
0.05
0.045
0.04
0.036
0.033
0.029
0.025
0.021
0.017
0.015
0.013
0.014
0.015
0.018
0.022
0.027
0.033
0.039
0.046
0.051
0.055
0.059
0.062
0.064
0.067
0.069
0.071
0.073
0.074
0.075
0.076
0.077
0.078
0.078
0.077
0.074
0.072
0.069
0.067
0.064
0.061
0.058
0.055
0.052
0.05
0.048
0.047
0.045
0.042
0.04
0.038
0.036
0.034
0.032
0.029
0.027
0.024
0.021
0.019
0.018
0.018
0.018
0.019
0.02
0.022
0.024
0.027
0.03
0.034
0.038
0.042
0.047
0.052
0.057
0.061
0.065
0.068
