0.226
0.203
0.186
0.175
0.163
0.143
0.12
0.096
0.071
0.049
0.034
0.022
0.005
-0.017
-0.045
-0.061
-0.068
-0.074
-0.08
-0.089
-0.098
-0.107
-0.113
-0.119
-0.125
-0.131
-0.135
-0.137
-0.137
-0.134
-0.131
-0.127
-0.124
-0.121
-0.118
-0.116
-0.114
-0.113
-0.113
-0.112
-0.112
-0.112
-0.111
-0.11
-0.109
-0.109
-0.108
-0.106
-0.105
-0.103
-0.101
-0.099
-0.098
-0.096
-0.095
-0.093
-0.091
-0.088
-0.086
-0.083
-0.08
-0.077
-0.074
-0.071
-0.068
-0.066
-0.065
-0.064
-0.064
-0.063
-0.064
-0.064
-0.064
-0.064
-0.064
-0.064
-0.065
-0.066
-0.067
-0.067
-0.067
-0.067
-0.066
-0.064
-0.063
-0.061
-0.06
-0.058
-0.057
-0.057
-0.057
-0.057
-0.057
-0.057
-0.057
-0.056
-0.055
-0.054
-0.053
-0.053
-0.053
-0.054
-0.055
-0.057
-0.059
-0.063
-0.065
-0.061
-0.051
-0.045
-0.041
-0.038
-0.034
-0.031
-0.026
-0.022
-0.016
-0.011
-0.005
0.0
0.006
0.017
0.028
0.038
0.048
0.064
0.082
0.085
0.088
0.09
0.088
0.073
0.056
0.038
0.02
0.002
-0.014
-0.025
-0.03
-0.033
-0.036
-0.038
-0.04
-0.043
-0.045
-0.047
-0.048
-0.048
-0.048
-0.048
-0.047
-0.045
-0.044
-0.041
-0.039
-0.035
-0.031
-0.025
0.002
0.068
0.166
0.289
0.446
0.628
0.821
1.0
1.135
1.184
1.125
0.954
0.708
0.431
0.182
-0.001
-0.047
-0.062
-0.047
-0.025
-0.009
-0.025
-0.044
-0.06
-0.064
-0.065
-0.067
-0.069
-0.065
-0.049
-0.04
-0.035
-0.031
-0.027
-0.023
-0.02
-0.017
-0.013
-0.01
-0.006
-0.002
0.0
0.004
0.007
0.011
0.016
0.021
0.027
0.031
0.035
0.04
0.046
0.054
0.066
0.081
0.099
0.13
0.161
0.174
0.181
0.188
0.196
0.206
0.216
0.226
0.237
0.248
0.259
0.272
0.296
0.323
0.334
0.341
0.346
0.349
0.346
0.339
0.329
0.313
0.289
0.269
0.245
0.223
0.205
0.188
0.173
0.161
0.149
0.139
0.123
0.098
0.07
0.045
0.022
-0.005
-0.02
-0.027
-0.032
-0.036
-0.039
-0.042
-0.044
-0.047
-0.049
-0.051
-0.053
-0.056
-0.058
-0.06
-0.062
-0.064
-0.066
-0.069
-0.071
-0.074
-0.076
-0.077
-0.077
-0.078
-0.078
-0.078
-0.078
-0.076
-0.074
-0.072
-0.071
-0.069
-0.067
-0.064
-0.061
-0.058
-0.055
-0.053
-0.051
-0.05
-0.048
-0.045
-0.044
-0.042
-0.041
-0.04
-0.039
-0.038
-0.036
-0.034
-0.033
-0.032
-0.031
-0.03
-0.028
-0.028
-0.027
-0.027
-0.028
-0.029
-0.029
-0.03
-0.03
-0.031
-0.031
-0.031
-0.031
-0.031
-0.03
-0.029
-0.029
-0.03
-0.032
-0.033
-0.035
-0.037
-0.04
-0.043
-0.045
-0.047
-0.048
-0.047
-0.045
-0.043
-0.04
-0.038
-0.035
-0.032
-0.03
-0.027
-0.025
-0.024
-0.023
-0.022
-0.02
-0.018
-0.015
-0.012
-0.009
-0.006
-0.002
0.001
0.004
0.007
0.01
0.013
0.016
0.02
0.025
0.033
0.046
0.058
0.065
0.071
0.077
0.084
0.089
0.088
0.076
0.06
0.046
0.031
0.017
0.008
-0.001
-0.015
-0.032
-0.037
-0.039
-0.04
-0.041
-0.042
-0.044
-0.045
-0.045
-0.046
-0.046
-0.046
-0.046
-0.044
-0.042
-0.038
-0.034
-0.028
-0.022
-0.015
0.018
0.082
0.182
0.325
0.51
0.72
0.923
1.095
1.182
1.184
1.101
0.905
0.66
0.411
0.186
0.025
-0.043
-0.066
-0.077
-0.077
-0.073
-0.069
-0.066
-0.064
-0.064
-0.063
-0.063
-0.062
-0.06
-0.057
-0.055
-0.053
-0.051
-0.05
-0.048
-0.046
-0.042
-0.037
-0.031
-0.021
-0.002
0.016
0.025
0.03
0.034
0.037
0.039
0.043
0.048
0.052
0.056
0.06
0.064
0.069
0.076
0.086
0.098
0.11
0.123
0.138
0.155
0.171
0.186
0.2
0.214
0.227
0.241
0.253
0.265
0.275
0.283
0.29
0.295
0.301
0.306
0.309
0.309
0.305
0.298
0.287
0.27
0.239
0.214
0.195
0.18
0.165
0.15
0.133
0.112
0.086
0.059
0.029
0.002
-0.017
-0.039
-0.062
-0.082
-0.094
-0.101
-0.107
-0.112
-0.115
-0.117
-0.117
-0.116
-0.114
-0.112
-0.11
-0.105
-0.101
-0.1
-0.103
-0.106
-0.107
-0.108
-0.109
-0.11
-0.11
-0.111
-0.113
-0.114
-0.114
-0.114
-0.114
-0.114
-0.114
-0.114
-0.114
-0.114
-0.114
-0.113
-0.113
-0.113
-0.113
-0.112
-0.111
-0.11
-0.109
-0.109
-0.109
-0.11
-0.111
-0.112
-0.112
-0.113
-0.114
-0.114
-0.113
-0.113
-0.112
-0.111
-0.11
-0.109
-0.109
-0.109
-0.109
-0.11
-0.11
-0.111
-0.111
-0.111
-0.112
-0.112
-0.111
-0.11
-0.109
-0.108
-0.106
-0.105
-0.104
-0.103
-0.102
-0.101
-0.1
-0.1
-0.099
-0.098
-0.097
-0.096
-0.096
-0.095
-0.095
-0.094
-0.091
-0.088
-0.085
-0.083
-0.081
-0.08
-0.079
-0.078
-0.077
-0.076
-0.075
-0.075
-0.074
-0.073
-0.072
-0.07
-0.069
-0.067
-0.064
-0.061
-0.057
-0.053
-0.048
-0.043
-0.036
-0.025
-0.012
0.0
0.011
0.019
0.024
0.029
0.034
0.037
0.039
0.04
0.038
0.034
0.03
0.025
0.019
0.012
0.003
-0.013
-0.025
-0.036
-0.041
-0.045
-0.049
-0.053
-0.056
-0.06
-0.061
-0.062
-0.063
-0.063
-0.062
-0.061
-0.059
-0.056
-0.052
-0.045
-0.039
-0.031
0.002
0.066
0.173
0.317
0.501
0.708
0.919
1.082
1.126
1.105
0.949
0.688
0.393
0.13
-0.046
-0.106
-0.126
-0.103
-0.082
-0.065
-0.056
-0.057
-0.067
-0.08
-0.09
-0.1
-0.11
-0.114
-0.114
-0.108
-0.1
-0.091
-0.085
-0.079
-0.072
-0.066
-0.06
-0.053
-0.047
-0.041
-0.037
-0.033
-0.029
-0.025
-0.02
-0.014
-0.008
-0.002
0.004
0.011
0.02
0.029
0.037
0.044
0.051
0.058
0.067
0.078
0.09
0.104
0.12
0.141
0.166
0.187
0.202
0.213
0.224
0.24
0.257
0.269
0.28
0.291
0.299
0.303
0.303
0.301
0.295
0.288
0.278
0.259
0.227
0.206
0.193
0.179
0.163
0.145
0.124
0.104
0.085
0.066
0.05
0.03
0.004
-0.023
-0.042
-0.052
-0.059
-0.057
-0.041
-0.03
-0.021
-0.014
-0.012
-0.013
-0.019
-0.027
-0.04
-0.068
-0.103
-0.13
-0.142
-0.148
-0.154
-0.157
-0.158
-0.157
-0.152
-0.147
-0.142
-0.14
-0.139
-0.138
-0.136
-0.134
-0.132
-0.131
-0.13
-0.13
-0.13
-0.129
-0.128
-0.127
-0.126
-0.126
-0.126
-0.125
-0.125
-0.124
-0.123
-0.121
-0.119
-0.118
-0.117
-0.115
-0.114
-0.112
-0.11
-0.109
-0.108
-0.107
-0.106
-0.105
-0.104
-0.102
-0.1
-0.098
-0.097
-0.094
-0.091
-0.088
-0.084
-0.081
-0.078
-0.075
-0.072
-0.069
-0.066
-0.062
-0.059
-0.055
-0.052
-0.048
-0.045
-0.041
-0.039
-0.037
-0.035
-0.034
-0.033
-0.031
-0.03
-0.029
-0.028
-0.027
-0.026
-0.025
-0.023
-0.021
-0.02
-0.018
-0.015
-0.01
0.001
0.013
0.024
0.032
0.037
0.042
0.047
0.052
0.058
0.063
0.068
0.072
0.075
0.079
0.083
0.087
0.09
0.091
0.091
0.089
0.085
0.081
0.075
0.069
0.062
0.052
0.041
0.03
0.021
0.016
0.012
0.008
0.005
0.002
0.0
-0.003
-0.006
-0.009
-0.012
-0.015
-0.019
-0.022
-0.027
-0.034
-0.047
-0.054
-0.049
-0.038
-0.004
0.052
0.14
0.265
0.426
0.611
0.802
0.961
1.042
1.043
0.959
0.761
0.497
0.217
-0.01
-0.151
-0.186
-0.178
-0.133
-0.106
-0.098
-0.095
-0.093
-0.091
-0.088
-0.086
-0.082
-0.079
-0.074
-0.068
-0.062
-0.054
-0.04
-0.03
-0.022
-0.016
-0.012
-0.009
-0.006
-0.003
0.0
0.005
0.011
0.018
0.024
0.031
0.039
0.047
0.055
0.063
0.07
0.078
0.086
0.095
0.105
0.112
0.117
0.122
0.129
0.138
0.148
0.16
0.173
0.185
0.198
0.213
0.236
0.27
0.294
0.308
0.317
0.322
0.325
0.328
0.332
0.335
0.334
0.324
0.309
0.296
0.282
0.269
0.257
0.245
0.223
0.189
0.152
0.118
0.094
0.074
0.054
0.029
-0.005
-0.031
-0.046
-0.059
-0.072
-0.083
-0.092
-0.1
-0.108
-0.114
-0.118
-0.121
-0.123
-0.124
-0.124
-0.125
-0.127
-0.128
-0.129
-0.129
-0.129
-0.13
-0.13
-0.132
-0.133
-0.133
-0.132
-0.131
-0.131
-0.131
-0.131
-0.131
-0.13
-0.128
-0.127
-0.126
-0.125
-0.124
-0.123
-0.122
-0.12
-0.119
-0.118
-0.117
-0.116
-0.115
-0.114
-0.112
-0.11
-0.109
-0.107
-0.106
-0.105
-0.105
-0.105
-0.105
-0.105
-0.104
-0.104
-0.103
-0.102
-0.099
-0.096
-0.093
-0.09
-0.088
-0.087
-0.086
-0.084
-0.082
-0.08
-0.079
-0.078
-0.078
-0.078
-0.077
-0.077
-0.077
-0.077
-0.078
-0.079
-0.08
-0.081
-0.081
-0.081
-0.081
-0.079
-0.078
-0.075
-0.073
-0.07
-0.067
-0.064
-0.062
-0.059
-0.057
-0.054
-0.051
-0.047
-0.042
-0.038
-0.034
-0.03
-0.026
-0.022
-0.018
-0.014
-0.01
-0.008
-0.006
-0.004
-0.001
0.0
0.003
0.006
0.009
0.011
0.014
0.019
0.025
0.031
0.034
0.034
0.029
0.022
0.013
0.001
-0.015
-0.041
-0.054
-0.059
-0.063
-0.066
-0.069
-0.072
-0.074
-0.076
-0.077
-0.078
-0.077
-0.077
-0.076
-0.073
-0.07
-0.066
-0.061
-0.053
-0.045
-0.009
0.04
0.116
0.231
0.382
0.566
0.766
0.967
1.122
1.162
1.14
0.985
0.727
0.437
0.181
0.005
-0.059
-0.082
-0.089
-0.084
-0.074
-0.071
-0.069
-0.068
-0.067
-0.066
-0.065
-0.064
-0.061
-0.057
-0.054
-0.051
-0.048
-0.046
-0.043
-0.041
-0.039
-0.036
-0.033
-0.029
-0.022
-0.014
-0.006
0.001
0.007
0.014
0.021
0.028
0.036
0.044
0.053
0.062
0.07
0.076
0.081
0.085
0.09
0.095
0.101
0.106
0.111
0.118
0.128
0.149
0.186
0.221
0.253
0.272
0.284
0.293
0.299
0.303
0.307
0.311
0.315
0.317
0.318
0.317
0.312
0.305
0.295
0.277
0.248
0.224
0.198
0.172
0.144
0.113
0.084
0.065
0.053
0.04
0.029
0.011
-0.016
-0.035
-0.045
-0.055
-0.066
-0.076
-0.083
-0.089
-0.095
-0.099
-0.104
-0.109
-0.113
-0.116
-0.119
-0.121
-0.124
-0.126
-0.129
-0.13
-0.129
-0.128
-0.126
-0.126
-0.126
-0.126
-0.125
-0.125
-0.124
-0.124
-0.124
-0.125
-0.126
-0.126
-0.126
-0.126
-0.127
-0.128
-0.13
-0.131
-0.132
-0.132
-0.131
-0.13
-0.129
-0.129
-0.127
-0.125
-0.123
-0.121
-0.118
-0.116
-0.115
-0.114
-0.112
-0.11
-0.109
-0.108
-0.107
-0.107
-0.106
-0.105
-0.104
-0.103
-0.103
-0.103
-0.102
-0.102
-0.101
-0.1
-0.099
-0.099
-0.099
-0.099
-0.098
-0.097
-0.096
-0.096
-0.095
-0.095
-0.094
-0.093
-0.092
-0.091
-0.089
-0.088
-0.087
-0.086
-0.085
-0.084
-0.084
-0.084
-0.084
-0.084
-0.084
-0.084
-0.084
-0.082
-0.081
-0.078
-0.075
-0.072
-0.068
-0.065
-0.06
-0.055
-0.05
-0.046
-0.042
-0.039
-0.036
-0.033
-0.03
-0.027
-0.024
-0.02
-0.017
-0.013
-0.01
-0.008
-0.006
-0.005
-0.004
-0.002
-0.001
0.0
0.0
0.0
0.0
0.0
0.0
0.0
-0.002
-0.004
-0.006
-0.008
-0.011
-0.013
-0.016
-0.02
-0.024
-0.027
-0.03
-0.034
-0.042
-0.052
-0.061
-0.068
-0.076
-0.085
-0.096
-0.097
-0.079
-0.032
0.075
0.231
0.434
0.666
0.896
1.094
1.217
1.231
1.179
0.995
0.744
0.468
0.229
0.051
-0.009
-0.024
-0.035
-0.043
-0.049
-0.053
-0.055
-0.055
-0.053
-0.051
-0.048
-0.044
-0.039
-0.033
-0.026
-0.018
-0.009
-0.001
0.006
0.014
0.022
0.031
0.041
0.05
0.059
0.064
0.068
0.072
0.075
0.079
0.082
0.085
0.088
0.091
0.094
0.098
0.104
0.113
0.129
0.144
0.158
0.173
0.187
0.207
0.234
0.26
0.278
0.295
0.315
0.34
0.363
0.388
0.405
0.414
0.421
0.428
0.433
0.438
0.442
0.446
0.45
0.453
0.454
0.453
0.449
0.443
0.435
0.42
0.389
0.363
0.346
0.334
0.325
0.311
0.288
0.264
0.248
0.238
0.229
0.222
0.215
0.207
0.202
0.199
0.196
0.194
0.191
0.189
0.186
0.183
0.18
0.176
0.172
0.167
0.161
0.152
0.143
0.138
0.132
0.121
0.1
0.082
0.073
0.065
0.058
0.052
0.044
0.036
0.027
0.019
0.014
0.011
0.008
0.004
0.001
-0.002
-0.007
-0.011
-0.016
-0.021
-0.029
-0.037
-0.044
-0.049
-0.053
-0.056
-0.059
-0.062
-0.065
-0.069
-0.073
-0.076
-0.078
-0.08
-0.082
-0.084
-0.086
-0.088
-0.089
-0.091
-0.093
-0.096
-0.1
-0.104
-0.106
-0.108
-0.11
-0.112
-0.115
-0.118
-0.12
-0.123
-0.124
-0.126
-0.126
-0.127
-0.127
-0.127
-0.126
-0.125
-0.124
-0.122
-0.121
-0.12
-0.118
-0.116
-0.114
-0.112
-0.109
-0.107
-0.104
-0.101
-0.098
-0.092
-0.089
-0.095
-0.105
-0.112
-0.118
-0.124
-0.127
-0.128
-0.128
-0.128
-0.129
-0.129
-0.129
-0.129
-0.127
-0.122
-0.117
-0.114
-0.11
-0.105
-0.097
-0.089
-0.081
-0.072
-0.063
-0.055
-0.047
-0.04
-0.031
-0.025
-0.025
-0.028
-0.033
-0.038
-0.043
-0.049
-0.056
-0.064
-0.078
-0.101
-0.117
-0.127
-0.133
-0.136
-0.138
-0.14
-0.142
-0.145
-0.146
-0.141
-0.135
-0.13
-0.142
-0.158
-0.171
-0.176
-0.18
-0.182
-0.168
-0.127
-0.048
0.07
0.229
0.421
0.631
0.843
1.019
1.103
1.1
0.995
0.773
0.507
0.237
0.032
-0.096
-0.133
-0.145
-0.132
-0.12
-0.112
-0.107
-0.107
-0.11
-0.115
-0.119
-0.123
-0.127
-0.128
-0.128
-0.125
-0.121
-0.118
-0.115
-0.112
-0.108
-0.102
-0.094
-0.085
-0.077
-0.071
-0.064
-0.059
-0.054
-0.05
-0.047
-0.043
-0.039
-0.035
-0.03
-0.025
-0.02
-0.015
-0.009
0.0
0.009
0.019
0.031
0.045
0.057
0.073
0.092
0.111
0.132
0.148
0.157
0.167
0.177
0.188
0.201
0.217
0.232
0.245
0.253
0.258
0.264
0.27
0.272
0.267
0.254
0.234
0.208
0.185
0.164
0.144
0.122
0.097
0.071
0.043
0.018
-0.004
-0.025
-0.044
-0.069
-0.085
-0.093
-0.099
-0.103
-0.107
-0.11
-0.113
-0.116
-0.118
-0.12
-0.121
-0.123
-0.125
-0.126
-0.127
-0.129
-0.13
-0.131
-0.132
-0.133
-0.133
-0.133
-0.132
-0.13
-0.127
-0.124
-0.122
-0.12
-0.117
-0.115
-0.112
-0.109
-0.107
-0.106
-0.104
-0.102
-0.1
-0.097
-0.095
-0.094
-0.094
-0.094
-0.095
-0.096
-0.097
-0.099
-0.102
-0.104
-0.106
-0.108
-0.109
-0.111
-0.114
-0.117
-0.118
-0.118
-0.115
-0.11
-0.106
-0.101
-0.098
-0.095
-0.091
-0.088
-0.086
-0.084
-0.083
-0.083
-0.083
-0.083
-0.083
-0.085
-0.086
-0.088
-0.089
-0.089
-0.09
-0.091
-0.094
-0.097
-0.1
-0.1
-0.094
-0.086
-0.078
