-0.073
-0.068
-0.064
-0.056
-0.042
-0.027
-0.009
0.01
0.029
0.042
0.056
0.078
0.104
0.127
0.141
0.151
0.158
0.164
0.171
0.175
0.178
0.176
0.167
0.153
0.132
0.104
0.06
0.021
-0.018
-0.06
-0.095
-0.13
-0.166
-0.192
-0.203
-0.209
-0.213
-0.217
-0.219
-0.215
-0.21
-0.209
-0.212
-0.214
-0.213
-0.21
-0.207
-0.204
-0.2
-0.196
-0.194
-0.192
-0.185
-0.172
-0.159
-0.149
-0.142
-0.136
-0.125
-0.114
-0.105
-0.1
-0.094
-0.088
-0.085
-0.082
-0.078
-0.074
-0.071
-0.071
-0.073
-0.075
-0.071
-0.064
-0.057
-0.046
-0.041
-0.037
-0.035
-0.029
-0.022
-0.017
-0.013
-0.008
-0.004
-0.001
0.003
0.008
0.011
0.014
0.019
0.025
0.028
0.031
0.036
0.045
0.055
0.064
0.07
0.072
0.074
0.078
0.083
0.088
0.092
0.097
0.101
0.102
0.098
0.093
0.088
0.086
0.087
0.088
0.085
0.082
0.083
0.082
0.078
0.073
0.072
0.072
0.07
0.067
0.065
0.064
0.063
0.065
0.069
0.072
0.078
0.085
0.092
0.096
0.102
0.111
0.121
0.136
0.17
0.21
0.257
0.326
0.408
0.527
0.647
0.699
0.738
0.734
0.653
0.517
0.37
0.233
0.188
0.18
0.179
0.179
0.175
0.169
0.161
0.157
0.157
0.16
0.161
0.158
0.156
0.154
0.15
0.145
0.141
0.14
0.143
0.148
0.154
0.16
0.162
0.164
0.167
0.17
0.171
0.174
0.178
0.18
0.182
0.184
0.188
0.193
0.198
0.203
0.206
0.208
0.209
0.215
0.225
0.235
0.247
0.259
0.27
0.279
0.285
0.29
0.295
0.301
0.309
0.318
0.327
0.337
0.347
0.358
0.369
0.377
0.383
0.388
0.393
0.398
0.405
0.41
0.413
0.415
0.417
0.418
0.417
0.409
0.395
0.375
0.353
0.326
0.287
0.256
0.231
0.212
0.196
0.181
0.164
0.145
0.126
0.107
0.09
0.07
0.052
0.043
0.036
0.029
0.023
0.016
0.011
0.009
0.011
0.014
0.013
0.011
0.01
0.009
0.007
0.007
0.007
0.004
0.002
0.0
-0.001
-0.004
-0.004
-0.001
0.0
0.002
0.004
0.004
0.002
0.002
0.006
0.011
0.013
0.014
0.015
0.017
0.016
0.016
0.015
0.014
0.013
0.012
0.009
0.006
0.002
-0.001
-0.004
-0.007
-0.01
-0.014
-0.017
-0.019
-0.019
-0.02
-0.021
-0.021
-0.02
-0.018
-0.018
-0.018
-0.017
-0.017
-0.017
-0.018
-0.018
-0.017
-0.018
-0.02
-0.022
-0.022
-0.021
-0.021
-0.019
-0.017
-0.016
-0.016
-0.018
-0.02
-0.022
-0.025
-0.027
-0.03
-0.034
-0.039
-0.045
-0.052
-0.058
-0.065
-0.072
-0.076
-0.078
-0.079
-0.079
-0.078
-0.077
-0.076
-0.076
-0.075
-0.072
-0.066
-0.061
-0.048
-0.021
0.049
0.135
0.242
0.361
0.48
0.535
0.553
0.514
0.399
0.261
0.137
0.03
-0.02
-0.036
-0.04
-0.044
-0.05
-0.056
-0.06
-0.062
-0.064
-0.066
-0.067
-0.068
-0.069
-0.069
-0.068
-0.068
-0.069
-0.071
-0.072
-0.073
-0.074
-0.074
-0.074
-0.075
-0.076
-0.078
-0.079
-0.078
-0.077
-0.079
-0.08
-0.079
-0.076
-0.072
-0.068
-0.065
-0.061
-0.058
-0.056
-0.052
-0.048
-0.043
-0.04
-0.036
-0.032
-0.029
-0.022
-0.003
0.019
0.048
0.074
0.098
0.119
0.135
0.148
0.16
0.171
0.182
0.193
0.204
0.213
0.218
0.222
0.228
0.236
0.241
0.242
0.238
0.229
0.215
0.197
0.176
0.144
0.113
0.085
0.055
0.023
-0.001
-0.022
-0.04
-0.057
-0.074
-0.089
-0.101
-0.11
-0.119
-0.129
-0.137
-0.142
-0.146
-0.15
-0.154
-0.157
-0.16
-0.162
-0.164
-0.164
-0.164
-0.165
-0.167
-0.168
-0.17
-0.173
-0.175
-0.177
-0.18
-0.183
-0.188
-0.19
-0.195
-0.204
-0.2
-0.177
-0.155
-0.136
-0.123
-0.114
-0.108
-0.105
-0.104
-0.104
-0.101
-0.099
-0.097
-0.095
-0.093
-0.092
-0.091
-0.091
-0.09
-0.091
-0.091
-0.091
-0.09
-0.089
-0.088
-0.087
-0.085
-0.084
-0.083
-0.084
-0.092
-0.102
-0.109
-0.116
-0.121
-0.125
-0.127
-0.123
-0.114
-0.102
-0.091
-0.083
-0.076
-0.069
-0.063
-0.057
-0.052
-0.046
-0.041
-0.037
-0.034
-0.032
-0.032
-0.033
-0.034
-0.034
-0.034
-0.033
-0.031
-0.03
-0.029
-0.031
-0.034
-0.036
-0.038
-0.041
-0.045
-0.05
-0.055
-0.06
-0.062
-0.063
-0.062
-0.059
-0.056
-0.051
-0.044
-0.036
-0.027
-0.017
0.006
0.049
0.112
0.176
0.246
0.317
0.393
0.462
0.489
0.49
0.456
0.361
0.216
0.088
0.027
0.003
0.002
0.017
0.032
0.046
0.042
0.016
0.005
0.0
-0.005
-0.009
-0.013
-0.016
-0.02
-0.023
-0.024
-0.025
-0.025
-0.023
-0.022
-0.021
-0.021
-0.022
-0.023
-0.024
-0.024
-0.022
-0.02
-0.017
-0.014
-0.011
-0.007
-0.003
0.0
0.003
0.007
0.017
0.027
0.037
0.047
0.053
0.059
0.064
0.067
0.069
0.071
0.074
0.078
0.084
0.089
0.095
0.099
0.103
0.108
0.113
0.118
0.124
0.131
0.138
0.146
0.153
0.161
0.168
0.173
0.175
0.174
0.171
0.168
0.163
0.157
0.15
0.143
0.134
0.125
0.108
0.07
0.046
0.014
-0.021
-0.041
-0.052
-0.062
-0.072
-0.08
-0.087
-0.095
-0.101
-0.108
-0.115
-0.121
-0.128
-0.136
-0.146
-0.15
-0.141
-0.125
-0.114
-0.103
-0.095
-0.091
-0.092
-0.096
-0.103
-0.112
-0.124
-0.142
-0.163
-0.173
-0.18
-0.185
-0.189
-0.193
-0.197
-0.199
-0.199
-0.198
-0.197
-0.196
-0.194
-0.196
-0.195
-0.193
-0.192
-0.19
-0.188
-0.185
-0.181
-0.18
-0.184
-0.189
-0.194
-0.2
-0.206
-0.208
-0.204
-0.195
-0.187
-0.183
-0.18
-0.177
-0.175
-0.172
-0.168
-0.164
-0.161
-0.158
-0.155
-0.153
-0.151
-0.15
-0.149
-0.148
-0.147
-0.146
-0.143
-0.139
-0.134
-0.128
-0.122
-0.117
-0.111
-0.104
-0.096
-0.083
-0.065
-0.052
-0.045
-0.04
-0.035
-0.032
-0.031
-0.036
-0.044
-0.053
-0.062
-0.075
-0.084
-0.084
-0.076
-0.067
-0.062
-0.06
-0.058
-0.056
-0.054
-0.052
-0.049
-0.046
-0.042
-0.039
-0.036
-0.033
-0.031
-0.028
-0.023
-0.018
-0.012
0.005
0.045
0.115
0.21
0.312
0.409
0.489
0.517
0.501
0.452
0.334
0.186
0.042
-0.053
-0.085
-0.075
-0.047
-0.009
0.004
0.002
-0.017
-0.025
-0.029
-0.033
-0.036
-0.039
-0.041
-0.043
-0.046
-0.049
-0.052
-0.054
-0.055
-0.056
-0.055
-0.054
-0.053
-0.053
-0.052
-0.052
-0.051
-0.05
-0.049
-0.047
-0.045
-0.042
-0.039
-0.036
-0.031
-0.019
-0.006
0.007
0.021
0.034
0.048
0.062
0.076
0.09
0.103
0.117
0.133
0.152
0.172
0.191
0.211
0.233
0.25
0.264
0.275
0.283
0.29
0.296
0.301
0.305
0.31
0.317
0.324
0.331
0.339
0.348
0.356
0.359
0.357
0.351
0.343
0.33
0.306
0.279
0.251
0.22
0.194
0.172
0.147
0.12
0.095
0.071
0.048
0.024
0.001
-0.015
-0.026
-0.034
-0.041
-0.048
-0.055
-0.064
-0.073
-0.077
-0.079
-0.081
-0.083
-0.085
-0.086
-0.087
-0.089
-0.09
-0.091
-0.092
-0.092
-0.092
-0.092
-0.092
-0.091
-0.09
-0.089
-0.087
-0.086
-0.084
-0.082
-0.081
-0.079
-0.078
-0.076
-0.075
-0.073
-0.072
-0.07
-0.065
-0.059
-0.055
-0.057
-0.063
-0.071
-0.082
