-0.061
-0.066
-0.072
-0.08
-0.086
-0.087
-0.083
-0.078
-0.07
-0.06
-0.047
-0.028
-0.013
-0.004
0.001
-0.015
-0.024
-0.028
-0.032
-0.036
-0.039
-0.041
-0.042
-0.043
-0.044
-0.045
-0.046
-0.046
-0.046
-0.046
-0.046
-0.047
-0.048
-0.049
-0.05
-0.05
-0.051
-0.051
-0.052
-0.052
-0.052
-0.052
-0.052
-0.052
-0.052
-0.054
-0.055
-0.056
-0.058
-0.06
-0.061
-0.063
-0.063
-0.063
-0.062
-0.06
-0.057
-0.055
-0.052
-0.048
-0.044
-0.04
-0.036
-0.028
-0.011
0.003
0.011
0.015
0.019
0.022
0.024
0.027
0.028
0.029
0.03
0.03
0.029
0.028
0.026
0.025
0.023
0.02
0.016
0.011
0.003
-0.011
-0.024
-0.03
-0.034
-0.038
-0.042
-0.045
-0.047
-0.048
-0.048
-0.047
-0.047
-0.046
-0.044
-0.043
-0.041
-0.039
-0.038
-0.036
-0.034
-0.029
-0.024
-0.021
-0.024
-0.03
-0.038
-0.046
-0.057
-0.062
-0.056
-0.041
0.0
0.074
0.175
0.308
0.477
0.662
0.841
0.978
1.03
0.952
0.74
0.435
0.108
-0.178
-0.389
-0.484
-0.495
-0.455
-0.392
-0.339
-0.296
-0.25
-0.192
-0.135
-0.089
-0.063
-0.05
-0.043
-0.038
-0.033
-0.029
-0.025
-0.022
-0.019
-0.017
-0.015
-0.014
-0.014
-0.013
-0.013
-0.012
-0.01
-0.008
-0.006
-0.004
-0.002
0.0
0.003
0.006
0.009
0.013
0.017
0.023
0.035
0.047
0.057
0.065
0.074
0.083
0.093
0.101
0.11
0.124
0.147
0.168
0.183
0.195
0.207
0.219
0.229
0.235
0.239
0.243
0.246
0.246
0.242
0.236
0.228
0.217
0.2
0.183
0.166
0.149
0.132
0.112
0.087
0.067
0.052
0.039
0.032
0.029
0.026
0.023
0.021
0.019
0.016
0.012
0.01
0.007
0.004
0.001
-0.002
-0.01
-0.024
-0.035
-0.042
-0.047
-0.052
-0.055
-0.055
-0.051
-0.045
-0.039
-0.035
-0.032
-0.028
-0.024
-0.021
-0.018
-0.017
-0.016
-0.016
-0.016
-0.016
-0.016
-0.018
-0.021
-0.023
-0.025
-0.026
-0.028
-0.03
-0.033
-0.037
-0.041
-0.045
-0.049
-0.056
-0.067
-0.059
-0.052
-0.047
-0.043
-0.04
-0.039
-0.041
-0.046
-0.053
-0.059
-0.064
-0.073
-0.081
-0.083
-0.08
-0.075
-0.072
-0.069
-0.067
-0.065
-0.064
-0.063
-0.06
-0.057
-0.054
-0.05
-0.047
-0.044
-0.041
-0.038
-0.032
-0.026
-0.023
-0.02
-0.018
-0.015
-0.013
-0.011
-0.008
-0.006
-0.002
0.0
0.004
0.008
0.012
0.017
0.022
0.028
0.034
0.038
0.042
0.045
0.048
0.052
0.054
0.056
0.056
0.053
0.048
0.041
0.035
0.029
0.022
0.015
0.008
0.002
-0.002
-0.007
-0.011
-0.015
-0.019
-0.024
-0.028
-0.032
-0.034
-0.033
-0.03
-0.026
-0.02
-0.015
-0.008
0.002
0.009
0.005
-0.003
-0.016
-0.037
-0.052
-0.062
-0.061
-0.048
-0.013
0.063
0.183
0.345
0.541
0.753
0.953
1.104
1.158
1.072
0.84
0.506
0.142
-0.197
-0.445
-0.546
-0.56
-0.529
-0.463
-0.386
-0.312
-0.244
-0.189
-0.155
-0.135
-0.119
-0.107
-0.097
-0.09
-0.084
-0.079
-0.072
-0.066
-0.06
-0.054
-0.049
-0.044
-0.039
-0.035
-0.031
-0.028
-0.026
-0.023
-0.02
-0.017
-0.013
-0.009
-0.005
0.0
0.006
0.015
0.024
0.032
0.04
0.049
0.06
0.069
0.075
0.082
0.088
0.097
0.109
0.121
0.132
0.141
0.149
0.156
0.164
0.17
0.176
0.18
0.183
0.185
0.188
0.189
0.19
0.19
0.189
0.187
0.184
0.179
0.174
0.166
0.152
0.135
0.113
0.086
0.06
0.035
0.016
0.003
-0.004
-0.009
-0.012
-0.015
-0.019
-0.026
-0.035
-0.044
-0.05
-0.058
-0.065
-0.07
-0.073
-0.072
-0.069
-0.066
-0.063
-0.06
-0.059
-0.056
-0.053
-0.05
-0.048
-0.046
-0.044
-0.042
-0.04
-0.038
-0.037
-0.038
-0.039
-0.04
-0.04
-0.041
-0.042
-0.044
-0.046
-0.048
-0.05
-0.051
-0.055
-0.065
-0.067
-0.062
-0.059
-0.056
-0.054
-0.053
-0.053
-0.055
-0.057
-0.06
-0.062
-0.065
-0.067
-0.069
-0.071
-0.072
-0.073
-0.074
-0.076
-0.077
-0.078
-0.078
-0.078
-0.077
-0.076
-0.075
-0.073
-0.072
-0.071
-0.069
-0.068
-0.067
-0.066
-0.065
-0.063
-0.061
-0.059
-0.055
-0.052
-0.052
-0.056
-0.061
-0.066
-0.07
-0.075
-0.078
-0.075
-0.067
-0.058
-0.049
-0.037
-0.027
-0.022
-0.017
-0.013
-0.009
-0.006
-0.003
0.0
0.002
0.004
0.006
0.009
0.011
0.013
0.012
0.007
0.0
-0.007
-0.015
-0.023
-0.031
-0.038
-0.043
-0.048
-0.055
-0.064
-0.069
-0.071
-0.074
-0.076
-0.078
-0.078
-0.078
-0.077
-0.074
-0.072
-0.07
-0.066
-0.064
-0.067
-0.074
-0.081
-0.088
-0.087
-0.075
-0.045
0.017
0.113
0.241
0.402
0.591
0.794
0.981
1.08
1.074
0.942
0.659
0.3
-0.053
-0.334
-0.476
-0.5
-0.477
-0.406
-0.338
-0.278
-0.224
-0.182
-0.155
-0.138
-0.129
-0.123
-0.117
-0.112
-0.108
-0.104
-0.101
-0.098
-0.094
-0.089
-0.084
-0.079
-0.074
-0.068
-0.06
-0.049
-0.037
-0.024
-0.018
-0.015
-0.012
-0.009
-0.006
-0.004
-0.001
0.001
0.003
0.005
0.008
0.011
0.014
0.018
0.022
0.035
0.057
0.075
0.097
0.121
0.144
0.153
0.158
0.163
0.168
0.171
0.173
0.174
0.174
0.174
0.173
0.173
0.17
0.167
0.163
0.158
0.153
0.148
0.143
0.135
0.125
0.116
0.108
0.101
0.089
0.073
0.062
0.053
0.046
0.039
0.03
0.022
0.016
0.01
0.005
0.0
-0.008
-0.017
-0.025
-0.03
-0.035
-0.039
-0.044
-0.048
-0.051
-0.053
-0.055
-0.056
-0.056
-0.055
-0.053
-0.05
-0.045
-0.04
-0.035
-0.031
-0.027
-0.024
-0.019
-0.014
-0.009
-0.006
-0.004
-0.006
-0.01
-0.014
-0.019
-0.022
-0.024
-0.027
-0.029
-0.031
-0.033
-0.035
-0.036
-0.037
-0.038
-0.039
-0.04
-0.041
-0.041
-0.041
-0.041
-0.04
-0.04
-0.04
-0.04
-0.04
-0.039
-0.039
-0.04
-0.041
-0.042
-0.043
-0.044
-0.045
-0.046
-0.048
-0.05
-0.052
-0.053
-0.055
-0.059
-0.057
-0.04
-0.031
-0.025
-0.021
-0.017
-0.014
-0.012
-0.009
-0.006
-0.002
0.0
0.002
0.004
0.006
0.009
0.013
0.018
0.029
0.037
0.043
0.046
0.05
0.053
0.055
0.054
0.05
0.042
0.032
0.02
0.001
-0.019
-0.037
-0.051
-0.06
-0.065
-0.067
-0.07
-0.073
-0.076
-0.076
-0.073
-0.068
-0.062
-0.058
-0.054
-0.049
-0.045
-0.043
-0.042
-0.043
-0.045
-0.047
-0.051
-0.055
-0.062
-0.061
-0.044
0.002
0.084
0.21
0.379
0.579
0.789
0.979
1.091
1.095
1.002
0.75
0.401
0.028
-0.285
-0.485
-0.551
-0.507
-0.404
-0.289
-0.218
-0.189
-0.172
-0.158
-0.14
-0.129
-0.122
-0.117
-0.112
-0.108
-0.103
-0.099
-0.096
-0.093
-0.088
-0.077
-0.053
-0.041
-0.033
-0.028
-0.026
-0.027
-0.032
-0.039
-0.048
-0.058
-0.074
-0.075
-0.061
-0.048
-0.036
-0.025
-0.016
-0.005
0.008
0.024
0.036
0.044
0.051
0.059
0.069
0.079
0.091
0.107
0.12
0.132
0.142
0.15
0.157
0.164
0.171
0.179
0.185
0.191
0.197
0.201
0.203
0.202
0.198
0.192
0.184
0.17
0.148
0.132
0.119
0.104
0.089
0.073
0.059
0.049
0.043
0.038
0.032
0.024
0.015
0.006
-0.005
-0.021
-0.031
-0.037
-0.04
-0.043
