-0.087
-0.086
-0.085
-0.084
-0.083
-0.081
-0.081
-0.08
-0.079
-0.078
-0.077
-0.076
-0.075
-0.074
-0.072
-0.07
-0.067
-0.063
-0.058
-0.054
-0.049
-0.039
-0.029
-0.024
-0.019
-0.017
-0.015
-0.014
-0.014
-0.013
-0.012
-0.009
-0.006
-0.004
0.0
0.003
0.007
0.012
0.016
0.022
0.028
0.034
0.045
0.058
0.068
0.073
0.076
0.078
0.08
0.083
0.086
0.089
0.092
0.096
0.102
0.108
0.116
0.123
0.132
0.142
0.15
0.157
0.163
0.168
0.174
0.179
0.184
0.187
0.187
0.183
0.176
0.167
0.158
0.148
0.133
0.119
0.108
0.096
0.083
0.069
0.055
0.042
0.032
0.024
0.017
0.008
-0.002
-0.012
-0.018
-0.023
-0.027
-0.032
-0.035
-0.039
-0.043
-0.047
-0.049
-0.051
-0.052
-0.053
-0.053
-0.054
-0.054
-0.054
-0.056
-0.06
-0.065
-0.068
-0.067
-0.065
-0.063
-0.063
-0.062
-0.062
-0.061
-0.06
-0.058
-0.056
-0.055
-0.055
-0.055
-0.055
-0.055
-0.055
-0.055
-0.055
-0.055
-0.054
-0.053
-0.05
-0.048
-0.045
-0.042
-0.04
-0.038
-0.036
-0.034
-0.032
-0.031
-0.031
-0.03
-0.03
-0.029
-0.029
-0.029
-0.029
-0.027
-0.026
-0.025
-0.024
-0.024
-0.024
-0.024
-0.023
-0.023
-0.022
-0.023
-0.023
-0.022
-0.021
-0.02
-0.019
-0.018
-0.016
-0.016
-0.015
-0.013
-0.012
-0.011
-0.01
-0.01
-0.008
-0.005
-0.002
0.0
0.003
0.006
0.008
0.009
0.01
0.011
0.011
0.01
0.01
0.009
0.008
0.008
0.008
0.009
0.01
0.011
0.011
0.012
0.012
0.012
0.012
0.011
0.01
0.008
0.007
0.007
0.009
0.01
0.011
0.013
0.014
0.015
0.016
0.018
0.019
0.019
0.019
0.018
0.018
0.018
0.019
0.02
0.02
0.02
0.02
0.021
0.022
0.023
0.022
0.02
0.02
0.027
0.032
0.036
0.04
0.042
0.042
0.04
0.037
0.034
0.031
0.029
0.024
0.019
0.015
0.014
0.017
0.023
0.032
0.04
0.047
0.055
0.063
0.071
0.078
0.083
0.087
0.091
0.093
0.096
0.099
0.102
0.103
0.104
0.104
0.103
0.1
0.094
0.087
0.08
0.072
0.065
0.06
0.055
0.051
0.047
0.043
0.04
0.037
0.035
0.033
0.031
0.029
0.028
0.027
0.026
0.025
0.023
0.022
0.021
0.021
0.022
0.022
0.021
0.02
0.02
0.02
0.02
0.018
0.015
0.011
0.007
0.005
0.004
0.005
0.007
0.009
0.011
0.015
0.022
0.022
0.013
0.005
-0.003
-0.005
0.001
0.02
0.074
0.186
0.365
0.611
0.923
1.292
1.677
1.999
2.12
2.098
1.867
1.459
0.989
0.567
0.263
0.087
0.016
-0.011
-0.031
-0.046
-0.06
-0.071
-0.081
-0.09
-0.098
-0.107
-0.114
-0.119
-0.122
-0.125
-0.128
-0.132
-0.136
-0.139
-0.139
-0.136
-0.131
-0.126
-0.122
-0.118
-0.113
-0.108
-0.102
-0.097
-0.093
-0.09
-0.087
-0.083
-0.079
-0.076
-0.077
-0.081
-0.088
-0.094
-0.1
-0.108
-0.114
-0.115
-0.109
-0.098
-0.084
-0.064
-0.049
-0.042
-0.037
-0.033
-0.03
-0.027
-0.025
-0.026
-0.029
-0.034
-0.04
-0.047
-0.056
-0.073
-0.073
-0.054
-0.04
-0.028
-0.016
-0.005
0.003
0.013
0.024
0.033
0.034
0.028
0.019
0.011
0.001
-0.003
0.004
0.019
0.034
0.05
0.064
0.076
0.09
0.106
0.115
0.119
0.121
0.124
0.126
0.128
0.129
0.129
0.13
0.131
0.132
0.133
0.133
0.132
0.131
0.13
0.129
0.127
0.125
0.123
0.119
0.115
0.11
0.106
0.094
0.064
0.042
0.028
0.013
-0.003
-0.015
-0.025
-0.034
-0.042
-0.049
-0.055
-0.059
-0.065
-0.07
-0.074
-0.078
-0.083
-0.088
-0.092
-0.094
-0.095
-0.096
-0.098
-0.099
-0.1
-0.1
-0.1
-0.1
-0.099
-0.1
-0.101
-0.101
-0.101
-0.102
-0.102
-0.103
-0.104
-0.105
-0.106
-0.106
-0.107
-0.108
-0.11
-0.112
-0.114
-0.118
-0.128
-0.134
-0.126
-0.111
-0.099
-0.086
-0.076
-0.07
-0.066
-0.065
-0.063
-0.061
-0.06
-0.06
-0.059
-0.059
-0.059
-0.06
-0.06
-0.06
-0.06
-0.06
-0.06
-0.059
-0.059
-0.058
-0.057
-0.055
-0.053
-0.052
-0.051
-0.051
-0.05
-0.049
-0.047
-0.046
-0.045
-0.043
-0.041
-0.039
-0.036
-0.033
-0.03
-0.029
-0.028
-0.026
-0.024
-0.023
-0.023
-0.023
-0.023
-0.023
-0.023
-0.022
-0.021
-0.02
-0.019
-0.018
-0.016
-0.013
-0.011
-0.009
-0.007
-0.006
-0.005
-0.005
-0.004
-0.003
-0.002
0.0
0.001
0.004
0.007
0.01
0.013
0.015
0.015
0.015
0.014
0.013
0.011
0.009
0.007
0.004
0.001
0.0
0.0
0.006
0.013
0.018
0.025
0.031
0.035
0.035
0.031
0.026
0.022
0.02
0.017
0.014
0.012
0.01
0.007
0.005
0.003
0.001
0.0
-0.002
-0.002
-0.001
0.0
0.001
0.003
0.005
0.007
0.01
0.013
0.016
0.018
0.02
0.021
0.024
0.028
0.033
0.038
0.043
0.047
0.052
0.057
0.063
0.068
0.073
0.076
0.08
0.084
0.087
0.091
0.093
0.095
0.095
0.094
0.092
0.089
0.085
0.08
0.075
0.071
0.066
0.061
0.056
0.051
0.047
0.043
0.04
0.037
0.035
0.033
0.031
0.029
0.027
0.024
0.021
0.017
0.014
0.013
0.013
0.014
0.015
0.016
0.017
0.018
0.02
0.022
0.024
0.026
0.027
0.028
0.029
0.03
0.031
0.031
0.031
0.03
0.03
0.031
0.033
0.034
0.037
0.044
0.044
0.034
0.024
0.014
0.016
0.043
0.116
0.25
0.45
0.724
1.065
1.443
1.802
2.072
2.185
2.092
1.802
1.378
0.907
0.48
0.168
-0.001
-0.046
-0.043
-0.008
0.008
0.014
0.019
0.002
-0.05
-0.103
-0.125
-0.135
-0.143
-0.146
-0.146
-0.138
-0.128
-0.121
-0.113
-0.105
-0.102
-0.103
-0.107
-0.112
-0.116
-0.12
-0.125
-0.129
-0.129
-0.124
-0.117
-0.11
-0.106
-0.101
-0.096
-0.09
-0.085
-0.08
-0.077
-0.075
-0.074
-0.073
-0.072
-0.073
-0.074
-0.076
-0.076
-0.076
-0.075
-0.073
-0.071
-0.07
-0.068
-0.065
-0.062
-0.059
-0.054
-0.05
-0.042
-0.027
-0.015
-0.009
-0.006
-0.003
0.0
0.002
0.006
0.011
0.016
0.022
0.028
0.034
0.04
0.048
0.058
0.069
0.078
0.086
0.094
0.101
0.107
0.112
0.118
0.124
0.129
0.135
0.141
0.148
0.153
0.158
0.164
0.169
0.174
0.179
0.182
0.185
0.187
0.187
0.185
0.183
0.18
0.176
0.171
0.164
0.157
0.145
0.121
0.097
0.085
0.078
0.072
0.065
0.058
0.051
0.045
0.039
0.033
0.026
0.012
-0.011
-0.041
-0.051
-0.056
-0.06
-0.065
-0.069
-0.073
-0.077
-0.08
-0.082
-0.084
-0.086
-0.088
-0.089
-0.089
-0.089
-0.089
-0.09
-0.091
-0.092
-0.092
-0.092
-0.092
-0.093
-0.094
-0.096
-0.097
-0.098
-0.1
-0.101
-0.103
-0.105
-0.106
-0.104
-0.099
-0.093
-0.086
-0.08
-0.075
-0.069
-0.064
-0.058
-0.053
-0.049
-0.046
-0.044
-0.042
-0.041
-0.039
-0.038
-0.037
-0.035
-0.031
-0.026
-0.022
-0.021
-0.023
-0.028
-0.032
-0.037
-0.042
-0.047
-0.05
-0.051
-0.047
-0.04
-0.032
-0.026
-0.019
-0.011
-0.004
0.0
0.001
0.0
0.0
-0.001
-0.003
-0.005
-0.009
-0.014
-0.018
-0.019
-0.017
-0.012
-0.007
-0.004
0.0
