-0.063
-0.061
-0.059
-0.055
-0.051
-0.048
-0.044
-0.04
-0.036
-0.032
-0.029
-0.026
-0.024
-0.023
-0.023
-0.023
-0.024
-0.026
-0.03
-0.034
-0.039
-0.043
-0.048
-0.054
-0.061
-0.069
-0.077
-0.085
-0.092
-0.1
-0.108
-0.113
-0.114
-0.113
-0.112
-0.112
-0.113
-0.113
-0.113
-0.112
-0.111
-0.108
-0.105
-0.103
-0.101
-0.1
-0.099
-0.098
-0.096
-0.094
-0.093
-0.092
-0.09
-0.089
-0.087
-0.086
-0.084
-0.081
-0.076
-0.054
0.0
0.072
0.148
0.208
0.233
0.252
0.254
0.219
0.138
0.023
-0.09
-0.171
-0.2
-0.198
-0.159
-0.101
-0.047
-0.029
-0.046
-0.098
-0.164
-0.203
-0.216
-0.201
-0.184
-0.17
-0.16
-0.152
-0.147
-0.145
-0.142
-0.139
-0.137
-0.134
-0.133
-0.132
-0.133
-0.133
-0.133
-0.132
-0.132
-0.131
-0.131
-0.13
-0.126
-0.125
-0.126
-0.127
-0.128
-0.13
-0.13
-0.13
-0.125
-0.119
-0.112
-0.106
-0.099
-0.09
-0.08
-0.071
-0.063
-0.055
-0.047
-0.039
-0.03
-0.019
-0.009
0.0
0.008
0.016
0.024
0.031
0.037
0.044
0.053
0.066
0.078
0.089
0.106
0.132
0.162
0.192
0.22
0.238
0.243
0.245
0.246
0.247
0.249
0.25
0.25
0.251
0.251
0.251
0.251
0.25
0.248
0.245
0.241
0.236
0.23
0.224
0.211
0.18
0.154
0.136
0.118
0.099
0.083
0.076
0.071
0.066
0.062
0.06
0.06
0.06
0.061
0.062
0.062
0.063
0.063
0.064
0.065
0.066
0.067
0.066
0.065
0.062
0.059
0.056
0.053
0.05
0.048
0.046
0.045
0.044
0.043
0.042
0.042
0.041
0.041
0.041
0.041
0.042
0.044
0.046
0.048
0.05
0.051
0.054
0.057
0.06
0.062
0.06
0.054
0.046
0.039
0.034
0.029
0.022
0.016
0.01
0.008
0.007
0.009
0.012
0.015
0.018
0.021
0.029
0.033
0.027
0.015
0.008
0.001
-0.005
-0.01
-0.013
-0.013
-0.01
-0.007
-0.004
-0.001
0.001
0.005
0.01
0.014
0.016
0.015
0.01
0.003
-0.003
-0.009
-0.015
-0.023
-0.033
-0.041
-0.044
-0.043
-0.04
-0.037
-0.035
-0.035
-0.034
-0.032
-0.029
-0.026
-0.025
-0.024
-0.024
-0.024
-0.024
-0.024
-0.026
-0.029
-0.032
-0.035
-0.039
-0.041
-0.043
-0.047
-0.053
-0.06
-0.064
-0.064
-0.06
-0.053
-0.047
-0.041
-0.034
-0.026
-0.021
-0.019
-0.022
-0.027
-0.033
-0.036
-0.038
-0.041
-0.044
-0.047
-0.051
-0.055
-0.057
-0.058
-0.059
-0.06
-0.061
-0.061
-0.06
-0.059
-0.057
-0.055
-0.054
-0.053
-0.053
-0.051
-0.048
-0.044
-0.04
-0.035
-0.031
-0.025
-0.018
-0.011
-0.006
-0.003
-0.001
0.0
0.002
0.005
0.01
0.013
0.015
0.011
0.001
-0.01
-0.023
-0.04
-0.054
-0.064
-0.07
-0.074
-0.077
-0.08
-0.083
-0.086
-0.088
-0.089
-0.089
-0.088
-0.088
-0.088
-0.087
-0.086
-0.084
-0.082
-0.08
-0.078
-0.077
-0.076
-0.075
-0.074
-0.073
-0.073
-0.074
-0.074
-0.073
-0.072
-0.07
-0.068
-0.066
-0.065
-0.064
-0.061
-0.056
-0.051
-0.046
-0.034
-0.001
0.063
0.14
0.227
0.315
0.384
0.408
0.389
0.331
0.22
0.097
-0.011
-0.047
-0.056
-0.062
-0.067
-0.07
-0.072
-0.073
-0.072
-0.07
-0.067
-0.063
-0.058
-0.049
-0.042
-0.043
-0.05
-0.056
-0.064
-0.068
-0.068
-0.06
-0.051
-0.047
-0.045
-0.045
-0.044
-0.043
-0.042
-0.041
-0.04
-0.039
-0.037
-0.035
-0.031
-0.028
-0.025
-0.023
-0.02
-0.017
-0.015
-0.013
-0.011
-0.009
-0.008
-0.006
-0.003
0.0
0.004
0.009
0.013
0.017
0.022
0.026
0.029
0.03
0.032
0.033
0.035
0.039
0.05
0.08
0.098
0.107
0.115
0.124
0.133
0.142
0.15
0.158
0.166
0.173
0.181
0.188
0.193
0.197
0.2
0.204
0.207
0.21
0.213
0.215
0.215
0.214
0.213
0.211
0.208
0.203
0.195
0.185
0.166
0.128
0.097
0.073
0.05
0.03
0.013
-0.005
-0.025
-0.032
-0.036
-0.039
-0.042
-0.045
-0.047
-0.049
-0.05
-0.051
-0.052
-0.053
-0.054
-0.054
-0.053
-0.053
-0.053
-0.054
-0.054
-0.054
-0.054
-0.055
-0.055
-0.056
-0.057
-0.057
-0.057
-0.056
-0.056
-0.057
-0.058
-0.058
-0.058
-0.058
-0.058
-0.058
-0.059
-0.059
-0.058
-0.055
-0.051
-0.048
-0.045
-0.043
-0.04
-0.034
-0.026
-0.021
-0.016
-0.013
-0.011
-0.007
-0.003
0.001
0.003
0.002
0.0
-0.005
-0.009
-0.014
-0.02
-0.025
-0.026
-0.021
-0.015
-0.011
-0.008
-0.005
-0.003
-0.002
-0.001
-0.001
0.0
0.0
0.0
-0.001
-0.003
-0.004
-0.003
-0.002
0.0
0.001
0.002
0.002
0.003
0.003
0.004
0.003
0.002
0.0
0.0
0.0
0.0
0.0
0.0
0.001
0.003
0.006
0.009
0.012
0.013
0.013
0.013
0.013
0.014
0.014
0.015
0.014
0.014
0.013
0.014
0.015
0.017
0.018
0.019
0.02
0.02
0.021
0.022
0.022
0.021
0.02
0.019
0.018
0.018
0.017
0.016
0.015
0.013
0.011
0.009
0.008
0.008
0.008
0.007
0.005
0.004
0.004
0.005
0.006
0.006
0.006
0.004
0.002
0.001
0.004
0.01
0.018
0.025
0.031
0.038
0.045
0.052
0.057
0.058
0.056
0.05
0.042
0.033
0.023
0.014
0.003
-0.006
-0.015
-0.021
-0.025
-0.028
-0.031
-0.034
-0.036
-0.039
-0.041
-0.045
-0.048
-0.051
-0.054
-0.055
-0.056
-0.058
-0.06
-0.062
-0.062
-0.062
-0.062
-0.063
-0.066
-0.07
-0.073
-0.075
-0.077
-0.077
-0.076
-0.076
-0.075
-0.071
-0.066
-0.059
-0.053
-0.046
-0.035
-0.014
0.003
0.053
0.113
0.191
0.225
0.251
0.248
0.19
0.105
0.016
-0.017
-0.025
-0.03
-0.036
-0.044
-0.054
-0.063
-0.069
-0.073
-0.077
-0.081
-0.084
-0.086
-0.087
-0.087
-0.089
-0.091
-0.092
-0.092
-0.089
-0.084
-0.079
-0.075
-0.071
-0.069
-0.068
-0.067
-0.066
-0.065
-0.065
-0.064
-0.063
-0.063
-0.062
-0.061
-0.061
-0.06
-0.059
-0.058
-0.056
-0.054
-0.051
-0.049
-0.046
-0.043
-0.039
-0.036
-0.032
-0.028
-0.023
-0.018
-0.013
-0.006
0.001
0.01
0.018
0.024
0.03
0.034
0.037
0.041
0.045
0.051
0.058
0.065
0.073
0.082
0.092
0.102
0.112
0.122
0.133
0.145
0.159
0.177
0.2
0.212
0.217
0.221
0.225
0.228
0.228
0.22
0.207
0.192
0.171
0.146
0.128
0.116
0.106
0.094
0.083
0.072
0.057
0.037
0.02
0.009
0.001
-0.005
-0.013
-0.022
-0.03
-0.037
-0.044
-0.051
-0.058
-0.066
-0.075
-0.085
-0.093
-0.101
-0.108
-0.115
-0.12
-0.123
-0.123
-0.12
-0.114
-0.108
-0.101
-0.095
-0.091
-0.087
-0.083
-0.079
-0.075
-0.072
-0.069
-0.066
-0.065
-0.064
-0.063
-0.063
-0.063
-0.065
-0.066
-0.068
-0.071
-0.077
-0.075
-0.058
-0.052
-0.048
-0.044
-0.04
-0.035
-0.031
-0.028
-0.024
-0.022
-0.02
-0.019
-0.019
-0.02
-0.021
-0.022
-0.022
-0.022
-0.021
-0.02
-0.018
-0.016
-0.014
-0.012
-0.011
-0.011
-0.011
-0.012
-0.014
-0.015
-0.015
-0.013
-0.01
-0.007
-0.005
-0.005
-0.007
-0.009
-0.012
-0.014
-0.017
-0.02
-0.022
-0.025
-0.026
-0.026
-0.025
-0.023
-0.019
-0.016
-0.013
-0.01
-0.006
-0.002
0.001
0.003
0.004
0.002
-0.001
-0.006
-0.01
-0.013
-0.016
-0.018
-0.021
-0.023
-0.024
-0.025
-0.025
-0.025
-0.025
-0.025
-0.025
-0.025
-0.025
-0.026
-0.026
-0.027
-0.028
-0.029
-0.029
-0.029
-0.028
-0.028
-0.027
-0.027
-0.027
-0.027
-0.028
-0.03
-0.032
-0.033
-0.033
-0.033
-0.033
-0.032
-0.031
-0.029
-0.028
-0.026
-0.023
-0.021
-0.018
-0.015
-0.013
-0.01
-0.007
-0.003
0.002
0.019
0.03
0.038
0.043
0.048
0.053
0.057
0.059
0.054
0.044
0.031
0.018
0.009
0.0
-0.01
-0.02
-0.029
-0.036
-0.041
-0.046
-0.05
-0.053
-0.056
-0.059
-0.062
-0.067
-0.072
-0.076
-0.077
-0.075
-0.071
-0.065
-0.06
-0.058
-0.056
-0.054
-0.052
-0.05
-0.049
-0.047
-0.046
-0.044
-0.042
-0.04
-0.038
-0.038
-0.037
-0.036
-0.034
-0.031
-0.029
-0.025
-0.02
-0.007
0.024
0.079
0.161
0.257
0.331
0.356
0.339
0.285
0.171
0.048
-0.031
-0.061
-0.065
-0.062
-0.061
-0.06
-0.06
-0.06
-0.061
-0.061
-0.062
-0.063
-0.064
-0.065
-0.066
-0.067
-0.07
-0.072
-0.074
-0.074
-0.075
-0.075
-0.075
-0.075
-0.075
-0.074
-0.071
-0.068
-0.064
-0.061
-0.058
-0.055
-0.052
-0.049
-0.047
-0.044
-0.042
-0.04
-0.038
-0.035
-0.032
-0.03
-0.028
-0.027
-0.026
-0.024
-0.022
-0.02
-0.017
-0.014
-0.011
-0.008
-0.004
0.0
0.004
0.009
0.014
0.019
0.024
0.03
0.036
0.044
0.056
0.077
0.093
0.105
0.115
0.122
0.129
0.137
0.146
0.155
0.163
0.17
0.177
0.184
0.19
0.193
0.196
0.198
0.2
0.203
0.206
0.21
0.211
0.207
0.198
0.185
0.169
0.146
0.124
0.101
0.078
0.059
0.043
0.03
0.016
0.001
-0.011
-0.022
-0.031
-0.038
-0.045
-0.051
-0.057
-0.062
-0.065
-0.066
-0.067
-0.067
-0.067
-0.067
-0.066
-0.065
-0.065
-0.064
-0.064
-0.064
-0.063
-0.064
-0.065
-0.066
-0.067
-0.068
-0.067
-0.066
-0.064
-0.062
-0.061
-0.058
-0.056
-0.053
-0.05
-0.048
-0.046
-0.046
-0.045
-0.044
-0.043
-0.041
-0.039
-0.036
-0.034
-0.032
-0.032
-0.031
-0.031
-0.03
-0.031
-0.031
-0.031
-0.031
-0.03
-0.028
-0.026
-0.025
-0.024
-0.022
-0.02
-0.018
-0.016
-0.015
-0.014
-0.014
-0.012
-0.008
-0.003
0.0
0.002
0.001
-0.001
-0.005
-0.009
-0.014
-0.019
-0.025
-0.035
-0.045
-0.051
-0.052
-0.048
-0.043
-0.038
-0.035
-0.032
-0.028
-0.024
-0.02
-0.016
-0.013
-0.011
-0.009
-0.007
-0.005
-0.004
-0.003
-0.003
-0.002
0.0
0.002
0.004
0.005
0.003
0.0
-0.001
-0.004
-0.005
-0.005
-0.007
-0.009
-0.011
-0.012
-0.012
-0.012
-0.012
-0.012
-0.012
-0.012
-0.012
-0.012
-0.011
-0.01
-0.009
-0.008
-0.007
-0.006
-0.004
-0.002
0.0
0.001
0.002
0.003
0.003
0.004
0.004
0.004
0.004
0.003
0.003
0.003
0.004
0.005
0.006
0.008
0.01
0.012
0.015
0.019
0.023
0.027
0.03
0.034
0.037
0.039
0.042
0.046
0.051
0.057
0.062
0.066
0.07
0.073
0.076
0.078
0.079
0.077
0.074
0.071
0.067
0.064
0.06
0.055
0.05
0.043
0.026
0.008
-0.001
-0.007
-0.013
-0.018
-0.021
-0.021
-0.02
-0.018
-0.015
-0.013
-0.012
-0.011
-0.009
-0.007
-0.006
-0.005
-0.005
-0.005
-0.004
-0.004
-0.004
-0.004
-0.003
-0.002
-0.002
-0.001
0.0
0.001
0.004
0.008
0.013
0.019
0.034
0.069
0.131
0.197
0.267
0.341
0.415
0.44
0.428
0.391
0.29
0.17
0.055
-0.005
-0.026
-0.009
0.019
0.044
0.06
0.07
0.05
0.019
-0.007
-0.018
-0.024
-0.028
-0.03
-0.028
-0.023
-0.016
-0.01
-0.006
-0.002
0.002
0.007
0.011
0.013
0.013
0.012
0.011
0.009
0.007
0.005
0.003
0.001
0.0
-0.001
-0.001
-0.001
-0.002
-0.002
0.0
0.003
0.008
0.014
0.019
0.024
0.028
0.033
0.041
0.048
0.051
0.05
0.047
0.043
0.04
0.037
0.033
0.029
0.023
0.018
0.016
0.019
0.028
0.039
0.051
0.063
0.082
0.099
0.112
0.123
0.132
0.141
0.148
0.155
0.161
0.167
0.171
0.174
0.177
0.181
0.185
0.187
0.186
0.182
0.175
0.167
0.158
0.148
0.131
0.115
0.102
0.08
0.047
0.022
0.01
0.0
-0.011
-0.021
-0.03
-0.041
-0.054
-0.065
-0.074
-0.086
-0.1
-0.116
-0.124
-0.129
-0.133
-0.137
-0.14
-0.141
-0.14
-0.138
-0.134
-0.13
-0.126
-0.124
-0.119
-0.114
-0.109
-0.104
-0.102
-0.102
-0.101
-0.101
-0.101
-0.102
-0.102
-0.103
-0.104
-0.105
-0.103
-0.101
-0.099
-0.099
-0.099
-0.098
-0.097
-0.096
-0.095
-0.094
-0.093
-0.092
-0.09
-0.088
-0.086
-0.084
-0.081
-0.078
-0.074
-0.07
-0.067
-0.062
-0.052
-0.041
-0.036
-0.038
-0.042
-0.048
-0.051
-0.054
-0.056
-0.059
-0.061
-0.062
-0.062
-0.06
-0.057
-0.054
-0.051
-0.048
-0.046
-0.044
-0.042
-0.041
-0.04
-0.04
-0.04
-0.039
-0.038
-0.037
-0.036
-0.035
-0.035
-0.035
-0.035
-0.035
-0.035
-0.036
-0.037
-0.039
-0.039
-0.039
-0.039
-0.038
-0.037
-0.037
-0.036
-0.035
-0.034
-0.033
-0.032
-0.032
-0.031
-0.031
-0.03
-0.03
-0.03
-0.029
-0.029
-0.027
-0.025
-0.023
-0.021
-0.015
-0.01
-0.01
-0.014
-0.02
-0.024
-0.03
-0.035
-0.038
-0.038
-0.034
-0.027
-0.021
-0.016
-0.011
-0.005
0.0
0.004
0.005
0.004
0.002
0.0
-0.001
-0.002
-0.003
-0.005
-0.008
-0.011
-0.013
-0.013
-0.011
-0.008
-0.004
0.0
0.004
0.01
0.018
0.03
0.042
0.053
0.058
0.062
0.066
0.07
0.073
0.076
0.078
0.078
0.078
0.077
0.076
0.073
0.069
0.064
0.059
0.053
0.045
0.029
0.012
0.003
-0.003
-0.009
-0.013
-0.015
-0.014
-0.013
-0.011
-0.009
-0.008
-0.005
-0.003
0.0
0.001
0.002
0.002
0.003
0.003
0.003
0.002
0.001
0.0
-0.002
-0.003
-0.004
-0.004
-0.002
0.0
0.004
0.007
0.011
0.016
0.022
0.028
0.034
0.043
0.056
0.079
0.116
0.174
0.244
0.321
0.37
0.386
0.355
0.264
0.127
0.013
-0.022
-0.035
-0.024
-0.015
-0.009
-0.004
-0.002
-0.001
-0.002
-0.004
-0.007
-0.011
-0.015
-0.021
-0.026
-0.019
-0.003
0.017
0.039
0.047
0.052
0.058
0.055
0.036
0.024
0.014
0.006
0.001
0.0
-0.001
-0.002
-0.005
-0.01
-0.009
0.004
0.01
0.013
0.016
0.019
0.021
0.022
0.024
0.026
0.028
0.031
0.032
0.033
0.034
0.034
0.036
0.037
0.039
0.04
0.041
0.042
0.044
0.051
0.06
0.074
0.089
0.1
0.11
0.119
0.127
0.135
0.141
0.146
0.151
0.158
0.165
0.174
0.183
0.194
0.204
0.211
0.217
0.224
0.229
0.234
0.236
0.236
0.234
0.231
0.227
0.221
0.214
0.205
0.19
0.174
0.16
0.139
0.103
0.069
0.044
0.021
0.0
-0.021
-0.035
-0.041
-0.044
-0.048
-0.051
-0.055
-0.058
-0.062
-0.067
-0.071
-0.075
-0.078
-0.081
-0.082
-0.083
-0.083
-0.084
-0.085
-0.087
-0.089
-0.091
-0.095
-0.098
-0.101
-0.104
-0.106
-0.107
-0.107
-0.106
-0.105
-0.103
-0.101
-0.098
-0.094
-0.091
-0.088
-0.086
-0.085
-0.083
-0.081
-0.078
-0.075
-0.072
-0.069
-0.067
-0.064
-0.061
-0.058
-0.056
-0.054
-0.053
-0.052
-0.052
-0.05
-0.049
-0.048
-0.048
-0.047
-0.047
-0.046
-0.045
-0.044
-0.043
-0.042
-0.043
-0.043
-0.044
-0.045
-0.046
-0.047
-0.048
-0.05
-0.051
-0.051
-0.052
-0.052
-0.052
-0.052
-0.052
-0.053
-0.054
-0.054
-0.054
-0.053
-0.052
-0.052
-0.052
-0.052
-0.052
-0.051
-0.051
-0.05
-0.049
-0.048
-0.048
-0.047
-0.045
-0.043
-0.04
-0.039
-0.039
-0.039
-0.04
-0.042
-0.044
-0.045
-0.046
-0.048
-0.049
-0.05
-0.051
-0.052
-0.051
-0.051
-0.05
-0.049
-0.047
-0.045
-0.043
-0.041
-0.039
-0.037
-0.035
-0.034
-0.032
-0.03
-0.028
-0.027
-0.026
-0.026
-0.026
-0.025
-0.025
-0.024
-0.024
-0.024
-0.024
-0.023
-0.021
-0.019
-0.016
-0.013
-0.01
-0.007
-0.003
0.0
0.005
0.01
0.015
0.023
0.034
0.041
0.046
0.049
0.052
0.054
0.056
0.059
0.061
0.063
0.062
0.057
0.048
0.038
0.03
0.024
0.019
0.013
0.007
0.002
-0.003
-0.007
-0.01
-0.012
-0.013
-0.015
-0.016
-0.017
-0.017
-0.018
-0.018
-0.019
-0.019
-0.02
-0.022
-0.024
-0.025
-0.026
-0.028
-0.029
-0.03
-0.031
-0.032
-0.032
-0.031
-0.03
-0.029
-0.028
-0.027
-0.026
-0.023
-0.019
-0.014
-0.01
-0.005
0.006
0.039
0.076
0.116
0.195
0.289
0.377
0.406
0.384
0.317
0.183
0.051
-0.037
-0.07
-0.073
-0.059
-0.042
-0.023
-0.007
0.006
0.02
0.018
-0.002
-0.014
-0.022
-0.028
-0.033
-0.037
-0.04
-0.041
-0.041
-0.04
-0.038
-0.034
-0.03
-0.025
-0.019
-0.014
-0.008
-0.001
0.006
0.012
0.016
0.016
0.014
0.012
0.011
0.01
0.009
0.008
0.007
0.005
0.004
0.002
0.001
0.0
0.0
0.001
0.003
0.007
0.012
0.017
0.023
0.029
0.033
0.039
0.044
0.05
0.056
0.063
0.069
0.075
0.082
0.09
0.098
0.108
0.117
0.127
0.137
0.148
0.161
0.177
0.192
0.202
0.211
0.217
0.222
0.227
0.23
0.233
0.236
0.237
0.238
0.237
0.234
0.23
0.225
0.218
0.209
0.199
0.183
0.153
0.133
0.114
0.095
0.076
0.063
0.053
0.044
0.034
0.023
0.011
-0.003
-0.023
-0.035
-0.044
-0.047
-0.05
-0.052
-0.055
-0.057
-0.059
-0.06
-0.061
-0.061
-0.062
-0.063
-0.064
-0.064
-0.064
-0.064
-0.064
-0.065
-0.065
-0.066
-0.065
-0.063
-0.061
-0.058
-0.056
-0.054
-0.052
-0.049
-0.047
-0.045
-0.044
-0.043
-0.04
-0.037
-0.033
-0.03
-0.03
-0.032
-0.036
-0.041
-0.046
-0.049
-0.052
-0.056
-0.06
-0.063
-0.065
-0.064
-0.06
-0.053
-0.046
-0.039
-0.034
-0.028
-0.022
-0.016
-0.01
-0.007
-0.007
-0.009
-0.013
-0.018
-0.022
-0.024
-0.028
-0.032
-0.037
-0.042
-0.045
-0.045
-0.044
-0.043
-0.042
-0.041
-0.041
-0.04
-0.038
-0.036
-0.034
-0.033
-0.032
-0.031
-0.03
-0.029
-0.027
-0.027
-0.027
-0.029
-0.03
-0.029
-0.027
-0.023
-0.019
-0.015
-0.015
-0.017
-0.02
-0.022
-0.023
-0.025
-0.028
-0.032
-0.035
-0.037
-0.037
-0.037
-0.036
-0.035
-0.034
-0.033
-0.031
-0.028
-0.025
-0.023
-0.022
-0.022
-0.022
-0.023
-0.024
-0.025
-0.027
-0.029
-0.031
-0.032
-0.032
-0.031
-0.031
-0.031
-0.033
-0.037
-0.042
-0.045
-0.046
-0.044
-0.042
-0.04
-0.039
-0.037
-0.035
-0.032
-0.031
-0.03
-0.029
-0.029
-0.028
-0.028
-0.029
-0.03
-0.032
-0.033
-0.034
-0.035
-0.036
-0.037
-0.038
-0.038
-0.037
-0.034
-0.031
-0.027
-0.023
-0.019
-0.014
-0.008
-0.003
0.001
0.006
0.009
0.013
0.018
0.022
0.027
0.03
0.034
0.037
0.041
0.044
0.045
0.045
0.043
0.041
0.037
0.034
0.031
0.027
0.022
0.018
0.013
0.009
0.004
0.0
-0.005
-0.01
-0.015
-0.02
-0.023
-0.026
-0.028
-0.03
-0.032
-0.034
-0.036
-0.038
-0.039
-0.041
-0.043
-0.045
-0.046
-0.046
-0.046
-0.045
-0.044
-0.042
-0.041
-0.038
-0.035
-0.03
-0.026
-0.022
-0.017
-0.013
-0.008
-0.004
0.0
0.002
0.007
0.015
0.045
0.11
0.194
0.29
0.379
0.421
0.416
0.353
0.242
0.136
0.061
0.03
0.016
0.009
0.002
-0.009
-0.023
-0.038
-0.055
-0.064
-0.059
-0.049
-0.045
-0.042
-0.041
-0.04
-0.04
-0.041
-0.041
-0.04
-0.039
-0.037
-0.036
-0.034
-0.033
-0.032
-0.03
-0.027
-0.024
-0.022
-0.02
-0.018
-0.015
-0.012
-0.009
-0.007
-0.005
-0.003
-0.001
0.0
0.003
0.006
0.009
0.01
0.011
0.013
0.015
0.018
0.019
0.02
0.02
0.02
0.021
0.023
0.026
0.029
0.032
0.036
0.041
0.054
0.068
0.081
0.094
0.105
0.114
0.123
0.132
0.14
0.147
0.154
0.164
0.18
0.202
0.219
0.231
0.24
0.243
0.244
0.245
0.246
0.247
0.248
0.248
0.249
0.249
0.248
0.244
0.238
0.229
0.218
0.196
0.153
0.122
0.101
0.084
0.07
0.048
0.015
-0.004
-0.015
-0.024
-0.031
-0.039
-0.046
-0.05
-0.052
-0.054
-0.055
-0.056
-0.057
-0.058
-0.058
-0.059
-0.061
-0.063
-0.064
-0.065
-0.065
-0.066
-0.066
-0.067
-0.069
-0.07
-0.071
-0.071
-0.072
-0.073
-0.074
-0.074
-0.075
-0.075
-0.075
-0.074
-0.074
-0.073
-0.073
-0.072
-0.071
-0.07
-0.07
-0.069
-0.068
-0.066
-0.065
-0.063
-0.061
-0.06
-0.059
-0.057
-0.056
-0.055
-0.054
-0.053
-0.053
-0.052
-0.052
-0.052
-0.052
-0.052
-0.051
-0.051
-0.051
-0.052
-0.052
-0.052
-0.052
-0.052
-0.051
-0.051
-0.051
-0.051
-0.051
-0.05
-0.05
-0.049
-0.049
-0.049
-0.049
-0.047
-0.044
-0.042
-0.04
-0.039
-0.039
-0.039
-0.039
-0.038
-0.037
-0.036
-0.036
-0.037
-0.038
-0.038
-0.039
-0.038
-0.038
-0.039
-0.039
-0.038
-0.037
-0.035
-0.033
-0.032
-0.032
-0.032
-0.032
-0.032
-0.032
-0.032
-0.033
-0.033
-0.033
-0.032
-0.031
-0.029
-0.028
-0.026
-0.026
-0.025
-0.025
-0.026
-0.026
-0.028
-0.029
-0.031
-0.032
-0.033
-0.034
-0.034
-0.034
-0.034
-0.034
-0.034
-0.035
-0.036
-0.038
-0.039
-0.041
-0.041
-0.042
-0.043
-0.043
-0.043
-0.042
-0.041
-0.039
-0.038
-0.036
-0.036
-0.036
-0.036
-0.035
-0.034
-0.033
-0.032
-0.032
-0.033
-0.032
-0.031
-0.028
-0.026
-0.023
-0.022
-0.02
-0.017
-0.013
-0.007
-0.002
0.002
0.007
0.011
0.016
0.022
0.028
0.034
0.039
0.043
0.046
0.05
0.053
0.056
0.058
0.059
0.06
0.063
0.071
0.075
0.066
0.049
0.035
0.022
0.011
0.003
-0.002
-0.007
-0.01
-0.014
-0.017
-0.018
-0.019
-0.02
-0.02
-0.02
-0.02
-0.021
-0.021
-0.021
-0.021
-0.022
-0.022
-0.022
-0.021
-0.021
-0.02
-0.019
-0.018
-0.018
-0.017
-0.017
-0.016
-0.016
-0.016
-0.017
-0.017
-0.016
-0.013
-0.007
0.002
0.019
0.048
0.097
0.163
0.244
0.325
0.379
0.398
0.373
0.297
0.171
0.044
-0.036
-0.065
-0.064
-0.043
-0.034
-0.031
-0.029
-0.027
-0.026
-0.025
-0.024
-0.024
-0.022
-0.02
-0.018
-0.016
-0.016
-0.016
-0.017
-0.017
-0.016
-0.016
-0.017
-0.017
-0.017
-0.017
-0.017
-0.016
-0.015
-0.013
-0.011
-0.009
-0.007
-0.005
-0.003
0.0
0.001
0.004
0.006
0.007
0.009
0.01
0.011
0.012
0.014
0.016
0.019
0.022
0.025
0.028
0.031
0.033
0.035
0.036
0.038
0.04
0.042
0.045
0.047
0.05
0.053
0.059
0.073
0.087
0.101
0.114
0.125
0.137
0.151
0.167
0.178
0.187
0.194
0.201
0.207
0.211
0.215
0.218
0.221
0.225
0.231
0.24
0.245
0.24
0.229
0.215
0.199
0.182
0.165
0.148
0.131
0.113
0.095
0.076
0.057
0.04
0.029
0.021
0.013
0.001
-0.014
-0.025
-0.032
-0.039
-0.045
-0.05
-0.056
-0.06
-0.064
-0.066
-0.069
-0.073
-0.077
-0.079
-0.079
-0.077
-0.074
-0.07
-0.067
-0.065
-0.063
-0.06
-0.056
-0.053
-0.05
-0.05
-0.051
-0.053
-0.056
-0.058
-0.06
-0.063
-0.07
-0.076
-0.077
-0.071
-0.063
-0.054
-0.043
-0.036
-0.032
-0.027
-0.021
-0.017
-0.018
-0.021
-0.022
-0.023
-0.024
-0.024
-0.024
-0.023
-0.023
-0.024
-0.024
-0.024
-0.024
-0.024
-0.025
-0.025
-0.026
-0.026
-0.026
-0.027
-0.028
-0.029
-0.031
-0.032
-0.032
-0.033
-0.036
-0.041
-0.045
-0.047
-0.045
-0.039
-0.033
-0.027
-0.023
-0.017
-0.01
-0.003
0.0
-0.001
-0.007
-0.014
-0.02
-0.023
-0.026
-0.03
-0.034
-0.039
-0.043
-0.046
-0.048
-0.049
-0.049
-0.049
-0.049
-0.048
-0.046
-0.045
-0.044
-0.043
-0.042
-0.042
-0.042
-0.041
-0.039
-0.037
-0.037
-0.04
-0.043
-0.046
-0.049
-0.052
-0.054
-0.054
-0.051
-0.044
-0.037
-0.029
-0.018
-0.011
-0.016
-0.025
-0.03
-0.034
-0.04
-0.044
-0.046
-0.046
-0.045
-0.043
-0.042
-0.04
-0.038
-0.034
-0.03
-0.027
-0.025
-0.026
-0.027
-0.029
-0.031
-0.034
-0.04
-0.028
-0.02
-0.016
-0.012
-0.008
-0.005
-0.003
-0.002
-0.003
-0.003
-0.004
-0.006
-0.009
-0.013
0.005
0.018
0.025
0.031
0.037
0.04
0.041
0.041
0.038
0.035
0.031
0.026
0.021
0.016
0.009
0.001
-0.006
-0.013
-0.018
-0.021
-0.023
-0.025
-0.028
-0.031
-0.033
-0.034
-0.034
-0.034
-0.035
-0.035
-0.035
-0.035
-0.034
-0.033
-0.032
-0.033
-0.034
-0.035
-0.036
-0.036
-0.036
-0.036
-0.036
-0.037
-0.037
-0.037
-0.037
-0.037
-0.039
-0.044
-0.03
-0.006
0.019
0.059
0.105
0.17
0.256
0.343
0.396
0.397
0.348
0.222
0.076
-0.044
-0.101
-0.107
-0.075
-0.035
-0.022
-0.014
-0.01
-0.01
-0.013
-0.02
-0.029
-0.038
-0.051
-0.058
-0.054
-0.048
-0.045
-0.043
-0.041
-0.039
-0.038
-0.036
-0.034
-0.031
-0.028
-0.026
-0.023
-0.022
