0.033
0.033
0.032
0.032
0.03
0.028
0.027
0.025
0.023
0.021
0.019
0.017
0.017
0.019
0.024
0.029
0.035
0.04
0.046
0.053
0.059
0.064
0.068
0.072
0.077
0.083
0.086
0.083
0.076
0.069
0.062
0.053
0.042
0.026
0.006
-0.005
-0.011
-0.017
-0.019
-0.019
-0.016
-0.011
-0.002
0.011
0.018
0.02
0.022
0.024
0.027
0.03
0.033
0.035
0.037
0.042
0.061
0.117
0.202
0.314
0.442
0.568
0.656
0.666
0.629
0.491
0.302
0.108
-0.038
-0.091
-0.108
-0.098
-0.082
-0.062
-0.047
-0.038
-0.029
-0.021
-0.013
-0.004
0.0
-0.003
-0.011
-0.017
-0.024
-0.029
-0.032
-0.031
-0.026
-0.019
-0.006
0.006
0.009
0.011
0.012
0.013
0.014
0.014
0.012
0.007
0.0
-0.025
-0.069
-0.108
-0.146
-0.196
-0.257
-0.317
-0.369
-0.41
-0.423
-0.429
-0.424
-0.402
-0.382
-0.364
-0.351
-0.345
-0.342
-0.339
-0.337
-0.334
-0.329
-0.324
-0.316
-0.302
-0.28
-0.264
-0.252
-0.237
-0.231
-0.229
-0.227
-0.225
-0.223
-0.221
-0.219
-0.218
-0.215
-0.213
-0.21
-0.207
-0.204
-0.202
-0.2
-0.198
-0.195
-0.193
-0.19
-0.188
-0.186
-0.184
-0.181
-0.178
-0.175
-0.173
-0.172
-0.171
-0.17
-0.168
-0.165
-0.162
-0.148
-0.11
-0.062
-0.014
0.03
0.076
0.104
0.135
0.154
0.163
0.169
0.155
0.143
0.133
0.127
0.127
0.134
0.144
0.151
0.159
0.165
0.167
0.164
0.157
0.15
0.142
0.13
0.122
0.115
0.107
0.099
0.099
0.112
0.127
0.141
0.145
0.148
0.152
0.15
0.136
0.124
0.114
0.107
0.103
0.101
0.097
0.092
0.093
0.102
0.108
0.112
0.116
0.118
0.12
0.119
0.117
0.113
0.107
0.101
0.09
0.074
0.065
0.059
0.054
0.05
0.049
0.051
0.058
0.067
0.084
0.102
0.108
0.112
0.115
0.117
0.115
0.108
0.098
0.079
0.062
0.059
0.057
0.055
0.053
0.052
0.051
0.051
0.052
0.052
0.053
0.054
0.057
0.06
0.064
0.066
0.068
0.07
0.073
0.076
0.079
0.081
0.08
0.077
0.072
0.068
0.064
0.061
0.059
0.056
0.053
0.05
0.048
0.047
0.046
0.046
0.047
0.048
0.049
0.051
0.053
0.057
0.06
0.063
0.065
0.068
0.071
0.074
0.077
0.08
0.082
0.083
0.084
0.084
0.085
0.085
0.085
0.085
0.085
0.086
0.09
0.089
0.075
0.069
0.066
0.063
0.059
0.056
0.054
0.052
0.049
0.047
0.046
0.044
0.044
0.043
0.044
0.044
0.043
0.043
0.043
0.042
0.039
0.038
0.043
0.055
0.072
0.098
0.143
0.21
0.306
0.426
0.553
0.662
0.701
0.689
0.588
0.407
0.188
-0.014
-0.152
-0.189
-0.186
-0.132
-0.063
-0.005
0.008
0.009
0.01
0.011
0.011
0.011
0.009
0.006
0.002
0.0
-0.001
-0.003
-0.005
-0.007
-0.009
-0.009
-0.009
-0.007
-0.005
-0.002
0.0
0.004
0.007
0.01
0.014
0.018
0.021
0.024
0.026
0.028
0.028
0.029
0.029
0.028
0.027
0.025
0.023
0.021
0.019
0.016
0.014
0.011
0.005
0.002
0.009
0.022
0.034
0.044
0.054
0.064
0.073
0.077
0.08
0.084
0.087
0.09
0.093
0.096
0.097
0.099
0.1
0.102
0.103
0.104
0.104
0.103
0.102
0.103
0.103
0.103
0.103
0.103
0.105
0.107
0.108
0.103
0.093
0.083
0.069
0.059
0.051
0.046
0.042
0.039
0.035
0.031
0.028
0.026
0.023
0.021
0.016
0.009
-0.004
-0.018
-0.032
-0.045
-0.045
-0.033
-0.029
-0.026
-0.022
-0.018
-0.015
-0.012
-0.011
-0.01
-0.009
-0.009
-0.009
-0.011
-0.014
-0.018
-0.023
-0.03
-0.037
-0.053
-0.089
-0.13
-0.168
-0.207
-0.239
-0.267
-0.294
-0.307
-0.314
-0.319
-0.322
-0.324
-0.325
-0.326
-0.324
-0.322
-0.317
-0.311
-0.306
-0.3
-0.293
-0.287
-0.281
-0.276
-0.271
-0.267
-0.264
-0.261
-0.259
-0.257
-0.255
-0.254
-0.252
-0.25
-0.247
-0.244
-0.241
-0.238
-0.235
-0.233
-0.232
-0.231
-0.231
-0.23
-0.228
-0.227
-0.225
-0.222
-0.219
-0.216
-0.213
-0.21
-0.207
-0.204
-0.202
-0.199
-0.196
-0.191
-0.177
-0.15
-0.108
-0.053
0.007
0.058
0.088
0.107
0.119
0.128
0.132
0.131
0.128
0.123
0.118
0.111
0.107
0.112
0.121
0.128
0.133
0.138
0.14
0.139
0.135
0.13
0.124
0.12
0.117
0.114
0.111
0.109
0.107
0.105
0.104
0.105
0.109
0.114
0.12
0.125
0.129
0.132
0.138
0.144
0.151
0.154
0.153
0.147
0.138
0.128
0.12
0.113
0.104
0.093
0.083
0.077
0.076
0.078
0.08
0.082
0.083
0.085
0.088
0.092
0.096
0.096
0.092
0.084
0.076
0.067
0.055
0.05
0.053
0.061
0.084
0.129
0.193
0.279
0.382
0.488
0.579
0.626
0.626
0.582
0.489
0.364
0.214
0.063
-0.051
-0.095
-0.109
-0.091
-0.062
-0.037
-0.027
-0.021
-0.017
-0.012
-0.006
0.002
0.019
0.045
0.062
0.074
0.072
0.053
0.039
0.027
0.019
0.016
0.02
0.029
0.037
0.044
0.052
0.059
0.063
0.062
0.055
0.046
0.038
0.032
0.026
0.02
0.014
0.01
0.01
0.014
0.021
0.029
0.036
0.041
0.047
0.054
0.061
0.068
0.074
0.079
0.082
0.086
0.089
0.091
0.093
0.094
0.094
0.094
0.094
0.096
0.098
0.1
0.102
0.103
0.104
0.105
0.106
0.107
0.108
0.109
0.108
0.107
0.106
0.105
0.104
0.102
0.099
0.095
0.092
0.089
0.086
0.084
0.08
0.076
0.071
0.067
0.062
0.054
0.044
0.033
0.023
0.014
0.007
0.0
-0.006
-0.015
-0.03
-0.041
-0.048
-0.052
-0.057
-0.064
-0.068
-0.061
-0.05
-0.042
-0.033
-0.025
-0.021
-0.023
-0.028
-0.033
-0.037
-0.04
-0.043
-0.046
-0.047
-0.05
-0.052
-0.054
-0.054
-0.052
-0.05
-0.047
-0.043
-0.04
-0.038
-0.036
-0.033
-0.031
-0.028
-0.026
-0.025
-0.023
-0.022
-0.02
-0.018
-0.016
-0.015
-0.015
-0.015
-0.015
-0.015
-0.015
-0.015
-0.016
-0.016
-0.016
-0.016
-0.015
-0.013
-0.012
-0.011
-0.01
-0.01
-0.009
-0.009
-0.008
-0.008
-0.008
-0.007
-0.007
-0.006
-0.005
-0.003
-0.001
0.001
0.003
0.005
0.007
0.008
0.008
0.008
0.008
0.008
0.008
0.008
0.007
0.007
0.006
0.005
0.004
0.004
0.004
0.004
0.003
0.003
0.003
0.003
0.003
0.004
0.004
0.004
0.003
0.003
0.003
0.003
0.003
0.002
0.002
0.002
0.002
0.003
0.005
0.006
0.007
0.007
0.008
0.01
0.011
0.013
0.014
0.014
0.015
0.017
0.02
0.025
0.03
0.034
0.036
0.04
0.044
0.047
0.05
0.049
0.045
0.038
0.03
0.024
0.021
0.019
0.016
0.013
0.009
0.005
0.002
0.0
-0.003
-0.006
-0.009
-0.01
-0.009
-0.007
-0.005
-0.002
0.0
0.005
0.01
0.016
0.023
0.031
0.04
0.094
0.192
0.325
0.479
0.617
0.682
0.678
0.59
0.416
0.212
0.025
-0.1
-0.137
-0.149
-0.12
-0.07
-0.034
-0.021
-0.013
-0.01
-0.018
-0.039
-0.095
-0.155
-0.216
-0.258
-0.279
-0.289
-0.296
-0.302
-0.307
-0.311
-0.314
-0.315
-0.316
-0.316
-0.315
-0.313
-0.31
-0.306
-0.301
-0.295
-0.289
-0.284
-0.276
-0.261
-0.247
-0.241
-0.238
-0.235
-0.233
-0.233
-0.232
-0.231
-0.229
-0.226
-0.223
-0.22
-0.218
-0.216
-0.214
-0.212
-0.208
-0.205
-0.201
-0.196
-0.188
-0.18
-0.172
-0.165
-0.158
-0.151
-0.144
-0.137
-0.129
-0.121
-0.115
-0.109
-0.101
-0.085
-0.053
-0.019
0.017
0.05
0.074
0.1
0.119
0.133
0.145
0.153
0.159
0.163
0.166
0.169
0.172
0.175
0.176
0.176
0.173
0.167
0.159
0.151
0.144
0.136
0.128
0.121
0.117
0.113
0.11
0.106
0.103
0.099
0.096
0.092
0.09
0.087
0.085
0.083
0.08
0.078
0.076
0.075
0.074
0.073
0.072
0.07
0.068
0.067
0.066
0.066
0.066
0.066
0.067
0.068
0.069
0.07
0.07
0.07
0.069
0.067
0.066
0.064
0.063
0.06
0.059
0.057
0.056
0.055
0.053
0.049
0.043
0.037
0.035
0.035
0.038
0.04
0.042
0.044
0.046
0.049
0.053
0.055
0.055
0.053
0.049
0.046
0.043
0.04
0.036
0.031
0.026
0.023
0.022
0.023
0.025
0.028
0.03
0.035
0.041
0.026
0.014
0.006
0.0
-0.003
-0.006
-0.005
0.0
0.006
0.015
0.031
0.05
0.059
0.066
0.047
0.03
0.019
0.011
0.006
0.003
0.001
-0.001
-0.004
-0.006
-0.001
0.006
0.01
0.014
0.018
0.021
0.023
0.024
0.023
0.022
0.021
0.019
0.018
0.017
0.016
0.014
0.013
0.013
0.013
0.013
0.014
0.014
0.016
0.018
0.021
0.025
0.028
0.031
0.034
0.039
0.043
0.045
0.046
0.043
0.039
0.034
0.03
0.028
0.025
0.021
0.018
0.014
0.011
0.008
0.005
0.002
0.0
-0.002
-0.004
-0.007
-0.01
-0.014
-0.02
-0.028
-0.036
-0.042
-0.051
-0.067
-0.094
-0.115
-0.131
-0.138
-0.148
-0.146
-0.115
-0.052
0.041
0.154
0.261
0.313
0.308
0.229
0.073
-0.116
-0.303
-0.435
-0.472
-0.469
-0.419
-0.353
-0.323
-0.313
-0.33
-0.348
-0.363
-0.362
-0.344
-0.332
-0.324
-0.318
-0.313
-0.308
-0.304
-0.3
-0.295
-0.29
-0.286
-0.282
-0.277
-0.273
-0.269
-0.265
-0.262
-0.259
-0.257
-0.254
-0.25
-0.247
-0.243
-0.24
-0.237
-0.233
-0.228
-0.223
-0.219
-0.216
-0.211
-0.205
-0.183
-0.144
-0.101
-0.052
-0.002
0.043
0.071
0.099
0.126
0.137
0.141
0.145
0.148
0.151
0.154
0.156
0.159
0.161
0.162
0.164
0.165
0.164
0.164
0.163
0.163
0.163
0.163
0.162
0.161
0.159
0.158
0.156
0.154
0.152
0.149
0.146
0.142
0.136
0.128
0.12
0.113
0.105
0.098
0.094
0.09
0.087
0.085
0.082
0.08
0.077
0.073
0.069
0.065
0.061
0.056
0.051
0.046
0.043
0.039
0.036
0.033
0.03
0.027
0.025
0.022
0.019
0.017
0.014
0.011
0.009
0.008
0.007
0.007
0.007
0.007
0.007
0.008
0.008
0.008
0.008
0.007
0.005
0.004
0.004
0.004
0.004
0.004
0.004
0.004
0.003
0.003
0.003
0.002
0.0
-0.003
-0.006
-0.006
-0.005
-0.002
0.0
0.002
0.005
0.008
0.012
0.016
0.018
0.018
0.014
0.007
0.0
-0.005
-0.01
-0.015
-0.02
-0.024
-0.028
-0.029
-0.03
-0.029
-0.028
-0.027
-0.025
-0.023
-0.02
-0.017
-0.015
-0.014
-0.012
-0.009
-0.006
-0.003
0.0
0.001
0.003
0.004
0.004
0.003
0.0
-0.002
-0.005
-0.008
-0.011
-0.014
-0.016
-0.017
-0.018
-0.019
-0.021
-0.024
-0.027
-0.029
-0.029
-0.026
-0.021
-0.017
-0.013
-0.011
-0.008
-0.005
-0.001
0.001
0.004
0.007
0.01
0.012
0.014
0.015
0.014
0.012
0.008
0.005
0.002
0.0
0.0
-0.001
-0.003
-0.004
-0.004
-0.005
-0.006
-0.007
-0.009
-0.011
-0.013
-0.014
-0.015
-0.015
-0.015
-0.015
-0.014
-0.013
-0.012
-0.011
-0.01
-0.01
-0.009
-0.008
-0.007
-0.003
0.0
-0.009
-0.025
-0.034
-0.042
-0.049
-0.055
-0.059
-0.061
-0.061
-0.06
-0.056
-0.051
-0.046
-0.033
-0.01
0.025
0.092
0.196
0.33
0.472
0.585
0.604
0.582
0.443
0.252
0.055
-0.101
-0.165
-0.186
-0.163
-0.125
-0.087
-0.064
-0.049
-0.042
-0.045
-0.055
-0.069
-0.082
-0.065
-0.037
-0.012
-0.004
-0.002
-0.001
-0.001
-0.001
0.0
0.001
0.003
0.004
0.004
0.005
0.007
0.008
0.01
0.011
0.013
0.015
0.017
0.019
0.022
0.026
0.029
0.032
0.036
0.039
0.042
0.046
0.049
0.052
0.055
0.059
0.062
0.066
0.069
0.072
0.075
0.078
0.081
0.084
0.088
0.094
0.1
0.105
0.11
0.113
0.116
0.118
0.12
0.122
0.123
0.124
0.126
0.128
0.131
0.133
0.133
0.131
0.127
0.122
0.117
0.111
0.101
0.092
0.091
0.095
0.103
0.11
0.118
0.124
0.122
0.112
0.099
0.09
0.083
0.075
0.067
0.061
0.056
0.052
0.046
0.038
0.025
0.012
0.005
0.0
-0.003
-0.006
-0.008
-0.009
-0.008
-0.007
-0.006
-0.004
-0.002
0.001
0.007
0.002
-0.002
-0.005
-0.005
0.0
0.006
0.011
0.002
-0.007
-0.016
-0.017
-0.011
-0.006
-0.001
0.001
0.003
0.002
-0.001
-0.007
-0.012
-0.016
-0.021
-0.025
-0.029
-0.031
-0.03
-0.027
-0.022
-0.018
-0.015
-0.012
-0.009
-0.006
-0.003
-0.001
0.0
0.0
0.0
-0.001
-0.004
-0.007
-0.012
-0.016
-0.019
-0.022
-0.026
-0.03
-0.034
-0.037
-0.039
-0.038
-0.036
-0.033
-0.029
-0.026
-0.023
-0.021
-0.019
-0.017
-0.016
-0.015
-0.014
-0.012
-0.01
-0.008
-0.006
-0.005
-0.004
-0.004
-0.005
-0.005
-0.006
-0.007
-0.008
-0.01
-0.012
-0.015
-0.017
-0.02
-0.024
-0.029
-0.051
-0.09
-0.116
-0.145
-0.174
-0.204
-0.232
-0.257
-0.28
-0.292
-0.298
-0.303
-0.306
-0.306
-0.304
-0.301
-0.296
-0.291
-0.284
-0.273
-0.261
-0.25
-0.239
-0.235
-0.234
-0.234
-0.234
-0.234
-0.233
-0.233
-0.232
-0.232
-0.232
-0.233
-0.233
-0.232
-0.232
-0.232
-0.233
-0.233
-0.233
-0.232
-0.228
-0.224
-0.219
-0.215
-0.212
-0.209
-0.207
-0.204
-0.201
-0.199
-0.196
-0.193
-0.191
-0.188
-0.184
-0.18
-0.174
-0.166
-0.129
-0.045
0.077
0.232
0.401
0.554
0.649
0.661
0.627
0.514
0.376
0.251
0.165
0.118
0.1
0.087
0.072
0.048
0.03
0.017
0.013
0.019
0.031
0.045
0.062
0.08
0.087
0.09
0.093
0.095
0.098
0.101
0.103
0.105
0.107
0.107
0.107
0.107
0.106
0.105
0.103
0.101
0.1
0.099
0.099
0.098
0.098
0.097
0.097
0.096
0.096
0.096
0.096
0.095
0.095
0.095
0.095
0.095
0.096
0.098
0.101
0.103
0.107
0.11
0.118
0.136
0.147
0.154
0.159
0.158
0.153
0.148
0.145
0.143
0.141
0.14
0.139
0.138
0.137
0.136
0.136
0.136
0.136
0.136
0.138
0.139
0.141
0.143
0.145
0.147
0.149
0.153
0.155
0.149
0.136
0.129
0.123
0.118
0.113
0.107
0.102
0.098
0.093
0.088
0.082
0.072
0.056
0.048
0.046
0.045
0.044
0.043
0.041
0.04
0.039
0.038
0.037
0.036
0.035
0.035
0.036
0.036
0.036
0.036
0.035
0.035
0.034
0.033
0.031
0.028
0.025
0.023
0.023
0.023
0.023
0.023
0.022
0.021
0.021
0.022
0.021
0.019
0.03
0.037
0.042
0.047
0.05
0.051
0.048
0.042
0.034
0.027
0.02
0.012
0.003
-0.003
-0.008
-0.012
-0.014
-0.015
-0.018
-0.021
-0.024
-0.023
-0.018
-0.01
-0.002
0.003
0.008
0.015
0.02
0.024
0.026
0.023
0.019
0.013
0.008
0.004
0.0
-0.003
-0.008
-0.012
-0.017
-0.022
-0.025
-0.029
-0.034
-0.038
-0.045
-0.054
-0.062
-0.062
-0.052
-0.04
-0.034
-0.029
-0.024
-0.02
-0.015
-0.012
-0.009
-0.006
-0.004
-0.003
-0.003
-0.003
-0.004
-0.006
-0.008
-0.01
-0.012
-0.014
-0.017
-0.019
-0.021
-0.023
-0.028
-0.034
-0.037
-0.034
-0.028
-0.019
-0.007
0.008
0.023
0.032
0.039
0.045
0.05
0.052
0.052
0.048
0.041
0.035
0.029
0.024
0.019
0.014
0.008
0.004
0.003
0.004
0.007
0.01
0.012
0.014
0.016
0.018
0.02
0.021
0.021
0.022
0.023
0.024
0.027
0.029
0.03
0.03
0.03
0.03
0.032
0.033
0.035
0.044
0.084
0.141
0.221
0.326
0.448
0.562
0.637
0.646
0.613
0.493
0.324
0.14
-0.014
-0.085
-0.111
-0.111
-0.094
-0.07
-0.039
-0.021
-0.009
-0.002
0.0
0.001
0.001
0.003
0.005
0.007
0.007
0.007
0.006
0.005
0.003
0.0
-0.002
-0.006
-0.01
-0.015
-0.018
-0.017
-0.013
-0.008
-0.003
0.0
0.001
0.004
0.007
0.009
0.01
0.011
0.012
0.013
0.015
0.016
0.018
0.019
0.021
0.023
0.026
0.029
0.032
0.035
0.037
0.039
0.041
0.044
0.047
0.051
0.054
0.058
0.062
0.065
0.067
0.069
0.071
0.073
0.074
0.076
0.077
0.078
0.079
0.081
0.083
0.084
0.085
0.086
0.087
0.088
0.087
0.087
0.086
0.084
0.081
0.078
0.074
0.069
0.059
0.035
0.011
-0.012
-0.058
-0.11
-0.17
-0.235
-0.29
-0.32
-0.347
-0.362
-0.368
-0.372
-0.355
-0.326
-0.296
-0.267
-0.245
-0.235
-0.228
-0.225
-0.231
-0.24
-0.245
-0.249
-0.253
-0.256
-0.259
-0.261
-0.262
-0.264
-0.265
-0.265
-0.265
-0.265
-0.265
-0.266
-0.268
-0.269
-0.265
-0.254
-0.237
-0.217
-0.21
-0.208
-0.206
-0.205
-0.205
-0.204
-0.202
-0.201
-0.199
-0.197
-0.195
-0.194
-0.192
-0.19
-0.187
-0.182
-0.176
-0.162
-0.13
-0.097
-0.071
-0.038
0.0
0.045
0.093
0.117
0.123
0.128
0.131
0.132
0.133
0.133
0.132
0.13
0.127
0.125
0.122
