-0.086
-0.103
-0.126
-0.152
-0.166
-0.175
-0.182
-0.184
-0.181
-0.175
-0.165
-0.154
-0.137
-0.12
-0.108
-0.099
-0.091
-0.082
-0.074
-0.066
-0.057
-0.044
-0.031
-0.018
-0.008
-0.001
0.004
0.009
0.015
0.02
0.024
0.03
0.038
0.049
0.061
0.073
0.092
0.117
0.141
0.167
0.192
0.209
0.217
0.222
0.226
0.229
0.23
0.227
0.217
0.204
0.188
0.164
0.148
0.132
0.115
0.096
0.07
0.037
0.0
-0.033
-0.065
-0.099
-0.136
-0.169
-0.199
-0.23
-0.248
-0.257
-0.264
-0.269
-0.274
-0.278
-0.281
-0.285
-0.289
-0.294
-0.296
-0.292
-0.283
-0.272
-0.256
-0.236
-0.226
-0.218
-0.21
-0.212
-0.232
-0.251
-0.269
-0.281
-0.29
-0.295
-0.299
-0.303
-0.306
-0.309
-0.312
-0.315
-0.318
-0.32
-0.324
-0.331
-0.334
-0.327
-0.311
-0.293
-0.271
-0.252
-0.239
-0.23
-0.221
-0.211
-0.2
-0.191
-0.184
-0.177
-0.171
-0.166
-0.163
-0.161
-0.163
-0.166
-0.172
-0.178
-0.186
-0.195
-0.21
-0.222
-0.232
-0.249
-0.273
-0.289
-0.299
-0.305
-0.304
-0.295
-0.28
-0.263
-0.24
-0.218
-0.207
-0.199
-0.192
-0.187
-0.183
-0.18
-0.179
-0.18
-0.183
-0.188
-0.193
-0.201
-0.21
-0.225
-0.25
-0.266
-0.275
-0.283
-0.289
-0.292
-0.293
-0.291
-0.287
-0.278
-0.253
-0.212
-0.167
-0.114
-0.048
0.012
0.061
0.11
0.129
0.142
0.135
0.076
0.0
-0.075
-0.143
-0.202
-0.239
-0.278
-0.306
-0.32
-0.331
-0.331
-0.322
-0.314
-0.31
-0.305
-0.297
-0.288
-0.273
-0.247
-0.207
-0.172
-0.136
-0.098
-0.067
-0.02
0.031
0.086
0.12
0.155
0.188
0.245
0.31
0.369
0.433
0.508
0.59
0.679
0.771
0.861
0.94
0.996
1.014
1.023
1.023
1.016
1.003
0.964
0.912
0.858
0.814
0.792
0.781
0.774
0.768
0.766
0.766
0.771
0.78
0.789
0.796
0.802
0.809
0.816
0.823
0.829
0.834
0.84
0.849
0.867
0.899
0.924
0.941
0.952
0.959
0.965
0.968
0.967
0.959
0.945
0.922
0.887
0.854
0.821
0.787
0.755
0.703
0.652
0.601
0.552
0.497
0.47
0.43
0.387
0.333
0.285
0.26
0.239
0.215
0.191
0.167
0.144
0.119
0.096
0.079
0.065
0.048
0.017
-0.007
-0.019
-0.027
-0.032
-0.035
-0.038
-0.04
-0.043
-0.044
-0.046
-0.047
-0.05
-0.054
-0.059
-0.065
-0.071
-0.078
-0.086
