-0.168
-0.165
-0.162
-0.158
-0.152
-0.145
-0.138
-0.128
-0.11
-0.09
-0.074
-0.063
-0.055
-0.044
-0.03
-0.012
0.002
0.013
0.021
0.026
0.03
0.033
0.033
0.03
0.024
0.015
0.002
-0.018
-0.04
-0.063
-0.088
-0.103
-0.117
-0.128
-0.14
-0.156
-0.174
-0.186
-0.194
-0.199
-0.204
-0.211
-0.221
-0.226
-0.228
-0.23
-0.232
-0.233
-0.233
-0.234
-0.234
-0.235
-0.235
-0.235
-0.236
-0.236
-0.235
-0.236
-0.238
-0.232
-0.225
-0.219
-0.212
-0.205
-0.194
-0.178
-0.149
-0.108
-0.049
0.031
0.128
0.22
0.271
0.268
0.2
0.04
-0.167
-0.37
-0.504
-0.548
-0.517
-0.444
-0.361
-0.294
-0.257
-0.24
-0.233
-0.229
-0.227
-0.224
-0.221
-0.219
-0.217
-0.214
-0.209
-0.2
-0.192
-0.183
-0.175
-0.167
-0.163
-0.16
-0.157
-0.154
-0.15
-0.146
-0.141
-0.13
-0.112
-0.099
-0.088
-0.078
-0.065
-0.048
-0.031
-0.015
-0.003
0.003
0.009
0.014
0.031
0.052
0.075
0.09
0.101
0.107
0.111
0.115
0.119
0.123
0.128
0.13
0.127
0.121
0.112
0.1
0.089
0.077
0.06
0.038
0.013
-0.013
-0.034
-0.046
-0.057
-0.071
-0.079
-0.083
-0.086
-0.088
-0.089
-0.09
-0.089
-0.088
-0.085
-0.083
-0.082
-0.08
-0.078
-0.076
-0.074
-0.072
-0.07
-0.067
-0.065
-0.061
-0.056
-0.046
-0.039
-0.032
-0.025
-0.018
-0.007
0.005
0.027
0.065
0.121
0.195
0.278
0.355
0.4
0.399
0.349
0.224
0.052
-0.133
-0.283
-0.348
-0.351
-0.304
-0.223
-0.149
-0.098
-0.067
-0.051
-0.042
-0.037
-0.033
-0.028
-0.023
-0.016
-0.007
-0.003
-0.001
0.0
0.0
0.0
0.001
0.003
0.005
0.008
0.012
0.017
0.023
0.032
0.039
0.044
0.05
0.058
0.065
0.072
0.078
0.084
0.091
0.102
0.114
0.125
0.135
0.144
0.156
0.169
0.184
0.2
0.211
0.222
0.23
0.237
0.242
0.243
0.244
0.245
0.246
0.247
0.245
0.239
0.224
0.202
0.178
0.155
0.133
0.109
0.082
0.054
0.029
0.007
-0.005
-0.014
-0.02
-0.024
-0.028
-0.032
-0.035
-0.037
-0.039
-0.041
-0.042
-0.043
-0.042
-0.041
-0.038
-0.035
-0.032
-0.029
-0.024
-0.019
-0.015
-0.012
-0.009
-0.002
0.007
0.022
0.042
0.07
0.107
0.153
0.208
0.273
0.346
0.415
0.457
0.454
0.399
0.271
0.101
-0.075
-0.214
-0.281
-0.288
-0.259
-0.197
-0.138
-0.095
-0.072
-0.063
-0.057
-0.053
-0.051
-0.047
-0.043
-0.037
-0.029
-0.02
-0.013
-0.008
-0.005
-0.003
0.0
0.002
0.006
0.011
0.022
0.038
0.052
0.066
0.077
0.085
0.093
0.101
0.108
0.115
0.12
0.124
0.128
0.133
0.138
0.143
0.148
0.153
0.157
0.161
0.166
0.173
0.181
0.189
0.196
0.205
0.211
0.216
0.219
0.221
0.219
0.215
0.209
0.189
0.166
0.143
0.128
0.11
0.091
0.071
0.057
0.052
0.049
0.047
0.046
0.045
0.046
0.047
0.049
0.051
0.054
0.058
0.06
0.056
0.048
0.039
0.028
0.021
0.016
0.011
0.008
0.005
0.001
-0.001
-0.001
0.007
0.015
0.022
0.03
0.038
0.049
0.066
0.099
0.143
0.197
0.262
0.338
0.414
0.455
0.45
0.382
0.229
0.028
-0.168
-0.307
-0.354
-0.351
-0.29
-0.206
-0.141
-0.113
-0.105
-0.098
-0.091
-0.085
-0.079
-0.072
-0.065
-0.062
-0.058
-0.054
-0.048
-0.044
-0.042
-0.041
-0.04
-0.039
-0.038
-0.038
-0.037
-0.036
-0.035
-0.034
-0.033
-0.033
-0.032
-0.03
-0.028
-0.025
-0.021
-0.015
-0.007
0.003
0.012
0.025
0.039
0.059
0.081
0.105
0.121
0.135
0.145
0.15
0.154
0.157
0.159
0.159
0.154
0.147
0.136
0.119
0.105
0.09
0.074
0.059
0.036
0.012
-0.013
-0.028
-0.04
-0.049
-0.058
-0.066
-0.073
-0.079
-0.083
-0.087
-0.089
-0.092
-0.096
-0.101
-0.106
-0.11
-0.113
-0.116
-0.118
-0.12
-0.121
-0.12
-0.118
-0.116
-0.112
-0.108
-0.101
-0.09
-0.081
-0.073
-0.065
-0.057
-0.04
-0.018
0.013
0.056
0.112
0.182
0.255
0.307
0.31
0.273
0.147
-0.041
-0.251
-0.423
-0.503
-0.509
-0.462
-0.379
-0.313
-0.28
-0.269
-0.262
-0.254
-0.242
-0.234
-0.23
-0.227
-0.225
-0.222
-0.22
-0.218
-0.215
-0.209
-0.196
-0.182
-0.171
-0.162
-0.152
-0.146
-0.141
-0.139
-0.141
-0.145
-0.149
-0.153
-0.155
-0.153
-0.147
-0.141
-0.134
-0.124
-0.11
-0.092
-0.071
-0.055
-0.041
-0.027
-0.014
0.0
0.016
0.032
0.047
0.057
0.063
0.067
0.071
0.073
0.069
0.06
0.047
0.031
0.007
-0.014
-0.037
-0.061
-0.085
-0.109
-0.135
-0.151
-0.164
-0.174
-0.18
-0.185
-0.19
-0.195
-0.201
-0.205
-0.209
-0.213
-0.215
-0.217
-0.219
-0.22
-0.222
-0.224
-0.225
-0.225
-0.225
-0.222
-0.218
-0.213
-0.204
-0.187
-0.169
-0.155
-0.145
-0.133
-0.12
-0.107
-0.085
-0.057
-0.016
0.04
0.111
0.187
0.239
0.24
0.193
0.059
-0.137
-0.361
-0.555
-0.674
-0.705
-0.66
-0.564
-0.456
-0.372
-0.325
-0.307
-0.298
-0.29
-0.279
-0.263
-0.244
-0.228
-0.217
-0.212
-0.209
-0.208
-0.207
-0.205
-0.203
-0.2
-0.196
-0.19
-0.182
-0.171
-0.164
-0.158
-0.151
-0.139
-0.123
-0.106
-0.095
-0.086
-0.079
-0.062
-0.041
-0.019
-0.005
0.005
0.012
0.019
0.026
0.038
0.054
0.069
0.083
0.094
0.107
0.122
0.132
0.139
0.143
0.135
0.121
0.106
0.081
0.056
0.031
0.007
-0.017
-0.039
-0.061
-0.084
-0.097
-0.111
-0.125
-0.137
-0.145
-0.154
-0.162
-0.171
-0.18
-0.185
-0.188
-0.191
-0.193
-0.195
-0.196
-0.197
-0.199
-0.2
-0.203
-0.205
-0.202
-0.196
-0.189
-0.181
-0.172
-0.159
-0.143
-0.127
-0.113
-0.093
-0.069
-0.032
0.019
0.087
0.167
0.254
0.34
0.392
0.392
0.337
0.199
0.017
-0.161
-0.289
-0.337
-0.315
-0.251
-0.177
-0.126
-0.1
-0.084
-0.068
-0.05
-0.029
-0.014
-0.008
-0.004
-0.001
0.002
0.006
0.013
0.025
0.043
0.06
0.077
0.085
0.088
0.091
0.093
0.095
0.098
0.1
0.101
0.103
0.106
0.112
0.127
0.148
0.165
0.178
0.193
0.21
0.228
0.247
0.263
0.275
0.284
0.293
0.305
0.321
0.334
0.343
0.347
0.35
0.352
0.351
0.343
0.331
0.314
0.286
0.259
0.232
0.205
0.172
0.139
0.11
0.086
0.068
0.056
0.05
0.045
0.042
0.04
0.039
0.038
0.037
0.036
0.035
0.034
0.033
0.033
0.033
0.035
0.038
0.043
0.047
0.053
0.06
0.066
0.071
0.076
0.081
0.087
0.092
0.096
0.102
0.111
0.125
0.149
0.184
0.229
0.284
0.347
0.419
0.486
0.513
0.503
0.424
0.267
0.071
-0.116
-0.25
-0.291
-0.287
-0.226
-0.144
-0.079
-0.045
-0.03
-0.022
-0.015
-0.006
0.006
0.019
0.026
0.03
0.032
0.029
0.023
0.019
0.014
0.01
0.01
0.013
0.019
0.027
0.04
0.051
0.058
0.066
0.072
0.077
0.082
0.086
0.091
0.095
0.101
0.107
0.112
0.118
0.124
0.129
0.134
0.14
0.152
0.167
0.183
0.193
0.198
0.202
0.204
0.204
0.202
0.197
0.19
0.178
0.159
0.14
0.125
0.114
0.104
0.091
0.069
0.042
0.014
-0.011
-0.034
-0.042
-0.049
-0.053
-0.056
-0.058
-0.06
-0.062
-0.064
-0.067
-0.07
-0.074
-0.078
-0.082
-0.085
-0.089
-0.092
-0.094
-0.097
-0.099
-0.102
-0.106
-0.109
-0.111
-0.111
-0.11
-0.107
-0.103
-0.097
-0.086
-0.066
-0.04
-0.009
0.029
0.081
0.146
0.222
0.294
0.337
0.335
0.281
0.145
-0.04
-0.235
-0.39
-0.456
-0.458
-0.404
-0.322
-0.253
-0.209
-0.184
-0.167
-0.157
-0.152
-0.149
-0.146
-0.143
-0.14
-0.138
-0.136
-0.134
-0.131
-0.126
-0.117
-0.11
-0.103
-0.095
-0.088
-0.082
-0.078
-0.073
-0.067
-0.061
-0.056
-0.051
-0.046
-0.042
-0.038
-0.033
-0.027
-0.02
-0.013
-0.008
-0.001
0.007
0.016
0.022
0.027
0.031
0.034
0.036
0.038
0.039
0.04
0.042
0.044
0.045
0.045
0.044
0.04
0.036
0.03
0.018
0.0
-0.015
-0.029
-0.041
-0.054
-0.068
-0.084
-0.103
-0.119
-0.126
-0.129
-0.132
-0.134
-0.135
-0.136
-0.135
-0.135
-0.133
-0.132
-0.13
-0.128
-0.124
-0.123
-0.125
-0.127
-0.129
-0.128
-0.121
-0.116
-0.112
-0.108
-0.102
-0.094
-0.084
-0.071
-0.063
-0.053
-0.038
-0.008
0.033
0.085
0.145
0.209
0.267
0.289
0.279
0.202
0.056
-0.12
-0.281
-0.388
-0.421
-0.386
-0.316
-0.246
-0.194
-0.167
-0.151
-0.142
-0.136
-0.132
-0.129
-0.126
-0.125
-0.124
-0.122
-0.118
-0.108
-0.102
-0.1
-0.098
-0.098
-0.097
-0.095
-0.093
-0.091
-0.088
-0.086
-0.083
-0.078
-0.068
-0.052
-0.04
-0.027
-0.015
0.0
0.017
0.034
0.044
0.05
0.054
0.059
0.066
0.072
0.077
0.081
0.085
0.089
0.091
0.092
0.09
0.088
0.085
0.082
0.079
0.076
0.071
0.067
0.063
0.06
0.056
0.047
0.034
0.023
0.01
-0.002
-0.02
-0.035
-0.044
-0.05
-0.054
-0.058
-0.063
-0.068
-0.07
-0.071
-0.073
-0.07
-0.068
-0.066
-0.065
-0.063
-0.061
-0.059
-0.058
-0.057
-0.055
-0.054
-0.053
-0.051
-0.049
-0.047
-0.043
-0.039
-0.033
-0.027
-0.017
-0.005
0.011
0.038
0.077
0.13
0.194
0.26
0.309
0.314
0.286
0.184
0.04
-0.115
-0.242
-0.307
-0.315
-0.289
-0.226
-0.158
-0.106
-0.09
-0.085
-0.08
-0.075
-0.058
-0.035
-0.027
-0.024
-0.023
-0.022
-0.021
-0.02
-0.018
-0.015
-0.011
-0.003
0.012
0.022
0.028
0.031
0.035
0.038
0.041
0.045
0.048
0.052
0.056
0.06
0.065
0.069
0.074
0.078
0.083
0.087
0.091
0.096
0.101
0.107
0.112
0.118
0.123
0.127
0.13
0.133
0.136
0.138
0.141
0.143
0.147
0.149
0.15
0.147
0.142
0.135
0.125
0.112
0.091
0.069
0.046
0.031
0.018
0.01
0.004
0.0
-0.003
-0.006
-0.009
-0.011
-0.013
-0.015
-0.016
-0.017
-0.018
-0.02
-0.021
-0.021
-0.02
-0.019
-0.018
-0.016
-0.015
-0.013
-0.011
-0.008
-0.006
-0.004
-0.002
0.001
0.007
0.017
0.031
0.055
0.09
0.138
0.194
0.258
0.319
0.368
0.375
0.356
0.263
0.125
-0.029
-0.161
-0.223
-0.227
-0.188
-0.126
-0.077
-0.058
-0.053
-0.049
-0.044
-0.04
-0.034
-0.028
-0.027
-0.032
-0.037
-0.042
-0.041
-0.032
-0.026
-0.021
-0.017
-0.014
-0.011
-0.008
-0.006
-0.002
0.001
0.005
0.01
0.015
0.021
0.029
0.037
0.046
0.054
0.06
0.068
0.079
0.092
0.107
0.124
0.138
0.146
0.153
0.161
0.168
0.175
0.183
0.192
0.2
0.205
0.208
0.211
0.213
0.213
0.213
0.21
0.204
0.188
0.167
0.139
0.113
0.091
0.077
0.061
0.046
0.037
0.032
0.028
0.026
0.025
0.025
0.024
0.024
0.023
0.022
0.02
0.019
0.02
0.023
0.027
0.03
0.033
0.036
0.038
0.037
0.037
0.035
0.034
0.032
0.033
0.04
0.051
0.064
0.085
0.11
0.139
0.171
0.211
0.261
0.325
0.389
0.435
0.438
0.404
0.296
0.139
-0.038
-0.19
-0.283
-0.306
-0.272
-0.205
-0.134
-0.079
-0.064
-0.059
-0.056
-0.054
-0.051
-0.049
-0.047
-0.045
-0.038
-0.024
-0.014
-0.01
-0.008
-0.006
-0.005
-0.002
0.0
0.0
0.001
0.002
0.003
0.007
0.017
0.028
0.042
0.058
0.071
0.077
0.081
0.084
0.089
0.095
0.106
0.121
0.131
0.137
0.143
0.15
0.161
0.178
0.199
0.209
0.211
0.213
0.214
0.211
0.206
0.198
0.186
0.166
0.137
0.102
0.071
0.046
0.03
0.018
0.009
0.001
-0.007
-0.015
-0.022
-0.029
-0.035
-0.044
-0.054
-0.064
-0.072
-0.084
-0.095
-0.1
-0.102
-0.103
-0.104
-0.106
-0.108
-0.109
-0.11
-0.112
-0.113
-0.114
-0.115
-0.116
-0.116
-0.114
-0.112
-0.11
-0.106
-0.091
-0.068
-0.031
0.025
0.099
0.178
0.245
0.268
0.26
0.195
0.068
-0.095
-0.266
-0.404
-0.468
-0.47
-0.418
-0.331
-0.255
-0.219
-0.206
-0.205
-0.209
-0.214
-0.218
-0.214
-0.209
-0.204
-0.205
-0.21
-0.215
-0.219
-0.223
-0.224
-0.223
-0.218
-0.212
-0.202
-0.188
-0.18
-0.176
-0.173
-0.169
-0.164
-0.159
-0.153
-0.143
-0.132
-0.122
-0.112
-0.102
-0.09
-0.076
-0.062
-0.048
-0.039
-0.033
-0.027
-0.021
-0.011
0.003
0.012
0.017
0.02
0.022
0.02
0.017
0.012
0.003
-0.011
-0.037
-0.063
-0.09
-0.116
-0.141
-0.163
-0.186
-0.212
-0.236
-0.259
-0.268
-0.271
-0.273
-0.274
-0.275
-0.276
-0.277
-0.279
-0.282
-0.285
-0.288
-0.291
-0.293
-0.296
-0.299
-0.302
-0.304
-0.306
-0.307
-0.308
-0.308
-0.308
-0.308
-0.307
-0.306
-0.303
-0.3
-0.295
-0.278
-0.244
-0.195
-0.134
-0.06
0.021
0.091
0.119
0.079
-0.042
-0.226
-0.429
-0.601
-0.711
-0.744
-0.706
-0.626
-0.537
-0.468
-0.422
-0.391
-0.376
-0.37
-0.368
-0.366
-0.365
-0.364
-0.363
-0.361
-0.36
-0.358
-0.357
-0.355
-0.354
-0.352
-0.349
-0.345
-0.335
-0.327
-0.316
-0.302
-0.291
-0.285
-0.279
-0.275
-0.268
-0.256
-0.241
-0.226
-0.209
-0.196
-0.184
-0.172
-0.16
-0.145
-0.131
-0.121
-0.115
-0.107
-0.096
-0.084
-0.074
-0.068
-0.064
-0.062
-0.066
-0.073
-0.085
-0.099
-0.119
-0.142
-0.166
-0.189
-0.206
-0.227
-0.247
-0.256
-0.261
-0.264
-0.267
-0.269
-0.271
-0.273
-0.274
-0.276
-0.277
-0.279
-0.281
-0.283
-0.286
-0.286
-0.284
-0.281
-0.277
-0.273
-0.269
-0.265
-0.261
-0.256
-0.249
-0.24
-0.233
-0.226
-0.218
-0.21
-0.199
-0.185
-0.16
-0.123
-0.067
0.012
0.107
0.198
0.249
0.248
0.191
0.054
-0.125
-0.307
-0.447
-0.495
-0.492
-0.427
-0.337
-0.263
-0.217
-0.195
-0.187
-0.183
-0.183
-0.183
-0.184
-0.185
-0.186
-0.178
-0.169
-0.161
-0.152
-0.146
-0.141
-0.138
-0.135
-0.133
-0.13
-0.126
-0.12
-0.113
-0.102
-0.087
-0.069
-0.052
-0.035
-0.022
-0.011
0.001
0.023
0.047
0.061
0.072
0.079
0.086
0.091
0.107
0.13
0.141
0.148
0.152
0.157
0.165
0.179
0.19
0.195
0.198
0.197
0.19
0.182
0.172
0.163
0.142
0.112
0.082
0.053
0.028
0.005
-0.016
-0.041
-0.057
-0.065
-0.069
-0.072
-0.075
-0.076
-0.077
-0.077
-0.076
-0.075
-0.072
-0.07
-0.066
-0.061
-0.051
-0.042
-0.035
-0.029
-0.025
-0.02
-0.017
-0.014
-0.012
-0.009
-0.006
-0.003
0.001
0.011
0.027
0.054
0.095
0.15
0.223
0.307
0.393
0.458
0.482
0.443
0.336
0.171
-0.022
-0.192
-0.299
-0.328
-0.284
-0.199
-0.114
-0.052
-0.016
0.0
0.012
0.026
0.038
0.047
0.054
0.062
0.07
0.078
0.089
0.104
0.112
0.116
0.12
0.122
0.125
0.127
0.13
0.133
0.136
0.14
0.145
0.15
0.155
0.16
0.164
0.169
0.173
0.179
0.187
0.194
0.203
0.214
0.225
0.238
0.25
0.256
0.26
0.262
0.262
0.263
0.264
0.265
0.265
0.265
0.265
0.264
0.263
0.26
0.25
0.23
0.204
0.179
0.154
0.124
0.09
0.054
0.019
-0.011
-0.035
-0.047
-0.056
-0.063
-0.074
-0.079
-0.082
-0.084
-0.086
-0.088
-0.09
-0.091
-0.091
-0.091
-0.091
-0.091
-0.091
-0.09
-0.088
-0.086
-0.084
-0.082
-0.078
-0.068
-0.059
-0.052
-0.045
-0.029
-0.003
0.031
0.073
0.126
0.19
0.265
0.349
0.423
0.447
0.436
0.357
0.209
0.017
-0.176
-0.318
-0.376
-0.356
-0.277
-0.177
-0.089
-0.042
-0.026
-0.018
-0.014
-0.011
-0.009
-0.008
-0.006
-0.005
-0.003
-0.002
-0.001
0.0
0.002
0.005
0.012
0.026
0.035
0.041
0.047
0.054
0.061
0.069
0.074
0.077
0.081
0.085
0.094
0.103
0.112
0.121
0.128
0.133
0.139
0.145
0.153
0.161
0.17
0.178
0.185
0.194
0.199
0.203
0.206
0.208
0.208
0.208
0.206
0.204
0.201
0.197
0.19
0.18
0.166
0.15
0.125
0.098
0.069
0.043
0.02
0.0
-0.012
-0.018
-0.021
-0.024
-0.025
-0.025
-0.024
-0.022
-0.022
-0.022
-0.021
-0.021
-0.021
-0.02
-0.02
-0.019
-0.019
-0.018
-0.018
-0.018
-0.018
-0.018
-0.017
-0.016
-0.015
-0.013
-0.01
-0.004
0.008
0.029
0.065
0.116
0.179
0.258
0.348
0.436
0.483
0.453
0.335
0.148
-0.067
-0.253
-0.349
-0.359
-0.318
-0.228
-0.145
-0.091
-0.063
-0.047
-0.029
-0.015
-0.008
-0.003
0.0
-0.003
-0.009
-0.014
-0.019
-0.023
-0.025
-0.027
-0.028
-0.031
-0.034
-0.034
-0.027
-0.02
-0.014
-0.009
-0.003
0.005
0.019
0.029
0.035
0.04
0.046
0.052
0.064
0.081
0.095
0.105
0.112
0.129
0.152
0.166
0.179
0.189
0.198
0.207
0.215
0.217
0.217
0.218
0.218
0.216
0.209
0.2
0.185
0.155
0.123
0.09
0.058
0.03
0.002
-0.025
-0.051
-0.077
-0.091
-0.104
-0.117
-0.129
-0.142
-0.153
-0.161
-0.17
-0.18
-0.189
-0.191
-0.192
-0.194
-0.194
-0.192
-0.187
-0.18
-0.167
-0.152
-0.136
-0.124
-0.116
-0.11
-0.104
-0.1
-0.096
-0.091
-0.087
-0.082
-0.065
-0.032
0.014
0.075
0.149
0.235
0.32
0.362
0.354
0.275
0.11
-0.095
-0.292
-0.437
-0.484
-0.479
-0.411
-0.32
-0.255
-0.223
-0.209
-0.2
-0.188
-0.175
-0.162
-0.155
-0.151
-0.149
-0.147
-0.145
-0.142
-0.14
-0.137
-0.13
-0.116
-0.102
-0.088
-0.072
-0.057
-0.044
-0.035
-0.026
-0.017
-0.009
-0.003
0.001
0.007
0.018
0.027
0.034
0.04
0.045
0.053
0.066
0.08
0.094
0.104
0.111
0.117
0.123
0.131
0.146
0.157
0.162
0.166
0.17
0.172
0.175
0.178
0.183
0.183
0.173
0.159
0.14
0.121
0.104
0.078
0.054
0.04
0.02
-0.004
-0.017
-0.024
-0.027
-0.029
-0.031
-0.033
-0.034
-0.035
-0.036
-0.036
-0.037
-0.037
-0.037
-0.037
-0.038
-0.039
-0.039
-0.039
-0.039
-0.039
-0.038
-0.036
-0.034
-0.032
-0.03
-0.024
-0.014
-0.001
0.019
0.053
0.104
0.171
0.253
0.342
0.422
0.464
0.46
0.399
0.253
0.057
-0.138
-0.284
-0.342
-0.345
-0.3
-0.229
-0.163
-0.116
-0.096
-0.089
-0.082
-0.075
-0.063
-0.047
-0.04
-0.037
-0.035
-0.033
-0.032
-0.03
-0.028
-0.027
-0.025
-0.024
-0.022
-0.019
-0.013
-0.008
-0.004
0.01
0.03
0.052
0.061
0.068
0.075
0.082
0.089
0.096
0.104
0.113
0.125
0.14
0.165
0.189
0.204
0.217
0.226
0.231
0.233
0.235
0.236
0.237
0.238
0.238
0.238
0.238
0.237
0.235
0.232
0.228
0.212
0.189
0.162
0.134
0.108
0.084
0.06
0.037
0.022
0.008
-0.001
-0.01
-0.016
-0.02
-0.023
-0.025
-0.027
-0.029
-0.031
-0.032
-0.034
-0.035
-0.036
-0.036
-0.037
-0.037
-0.036
-0.035
-0.032
-0.03
-0.027
-0.023
-0.019
-0.015
-0.011
-0.009
-0.005
0.008
0.037
0.078
0.135
0.211
0.299
0.382
0.427
0.406
0.307
0.14
-0.056
-0.237
-0.358
-0.397
-0.362
-0.288
-0.211
-0.161
-0.141
-0.133
-0.124
-0.112
-0.095
-0.085
-0.08
-0.077
-0.075
-0.072
-0.069
-0.066
-0.063
-0.06
-0.057
-0.054
-0.051
-0.048
-0.046
-0.044
-0.043
-0.041
-0.04
-0.038
-0.036
-0.034
-0.031
-0.027
-0.022
-0.017
-0.011
-0.006
-0.001
0.001
0.009
0.021
0.028
