-0.118
-0.148
-0.181
-0.218
-0.247
-0.266
-0.278
-0.265
-0.228
-0.166
-0.079
0.024
0.132
0.234
0.32
0.377
0.396
0.385
0.349
0.276
0.189
0.097
0.008
-0.067
-0.122
-0.152
-0.17
-0.181
-0.188
-0.194
-0.198
-0.202
-0.204
-0.207
-0.209
-0.211
-0.213
-0.214
-0.216
-0.216
-0.217
-0.216
-0.214
-0.211
-0.207
-0.203
-0.198
-0.193
-0.188
-0.182
-0.173
-0.163
-0.155
-0.149
-0.142
-0.134
-0.126
-0.117
-0.109
-0.1
-0.09
-0.079
-0.068
-0.057
-0.047
-0.039
-0.03
-0.02
-0.011
-0.002
0.006
0.015
0.024
0.032
0.037
0.041
0.045
0.049
0.053
0.057
0.059
0.06
0.061
0.061
0.061
0.06
0.058
0.056
0.054
0.051
0.049
0.046
0.041
0.028
0.007
-0.009
-0.021
-0.031
-0.041
-0.051
-0.059
-0.065
-0.069
-0.072
-0.075
-0.078
-0.08
-0.082
-0.083
-0.084
-0.085
-0.087
-0.087
-0.087
-0.086
-0.085
-0.082
-0.08
-0.076
-0.073
-0.069
-0.065
-0.061
-0.056
-0.052
-0.045
-0.038
-0.032
-0.029
-0.028
-0.027
-0.026
-0.024
-0.023
-0.022
-0.02
-0.019
-0.017
-0.016
-0.014
-0.01
-0.007
-0.004
-0.002
0.0
0.001
0.002
0.004
0.006
0.007
0.009
0.011
0.013
0.014
0.015
0.017
0.018
0.018
0.018
0.019
0.019
0.019
0.018
0.018
0.019
0.02
0.021
0.022
0.023
0.024
0.026
0.028
0.029
0.03
0.031
0.031
0.031
0.031
0.033
0.034
0.035
0.035
0.036
0.037
0.039
0.041
0.042
0.042
0.042
0.042
0.042
0.042
0.043
0.044
0.046
0.047
0.049
0.052
0.054
0.057
0.06
0.064
0.071
0.083
0.096
0.105
0.114
0.126
0.143
0.161
0.168
0.171
0.174
0.176
0.178
0.179
0.18
0.181
0.182
0.183
0.184
0.185
0.186
0.186
0.186
0.186
0.185
0.184
0.182
0.18
0.178
0.177
0.176
0.176
0.174
0.173
0.172
0.171
0.168
0.161
0.162
0.179
0.226
0.295
0.381
0.483
0.6
0.72
0.826
0.904
0.937
0.948
0.924
0.854
0.752
0.635
0.517
0.406
0.306
0.227
0.172
0.154
0.149
0.146
0.144
0.142
0.142
0.144
0.149
0.156
0.162
0.167
0.172
0.177
0.182
0.187
0.191
0.195
0.198
0.201
0.205
0.211
0.219
0.236
0.255
0.265
0.271
0.276
0.279
0.282
0.286
0.29
0.294
0.298
0.303
0.308
0.313
0.32
0.331
0.341
0.348
0.353
0.357
0.361
0.365
0.368
0.37
0.369
0.367
0.362
0.355
0.347
0.339
0.327
0.316
0.307
0.299
0.288
0.274
0.257
0.239
0.221
0.205
0.189
0.174
0.158
0.142
0.126
0.109
0.094
0.082
0.069
0.055
0.04
0.021
0.002
-0.012
-0.023
-0.032
-0.04
-0.046
-0.048
-0.05
-0.051
-0.052
-0.053
-0.053
-0.053
-0.052
-0.053
-0.053
-0.053
-0.053
-0.053
-0.053
-0.053
-0.054
-0.055
-0.057
-0.059
-0.061
-0.062
-0.064
-0.065
-0.067
-0.069
-0.072
-0.073
-0.075
-0.077
-0.08
-0.082
-0.085
-0.088
-0.091
-0.094
-0.097
-0.098
-0.099
-0.1
-0.101
-0.103
-0.106
-0.109
-0.113
-0.119
-0.132
-0.145
-0.16
-0.17
-0.177
-0.182
-0.187
-0.192
-0.196
-0.201
-0.205
-0.21
-0.216
-0.223
-0.23
-0.238
-0.245
-0.252
-0.256
-0.26
-0.264
-0.267
-0.269
-0.269
-0.267
-0.264
-0.261
-0.258
-0.255
-0.253
-0.25
-0.248
-0.246
-0.244
-0.242
-0.241
-0.241
-0.24
-0.241
-0.243
-0.246
-0.249
-0.252
-0.255
-0.257
-0.261
-0.265
-0.269
-0.271
-0.271
-0.266
-0.257
-0.244
-0.222
-0.186
-0.129
-0.054
0.043
0.152
0.262
0.361
0.44
0.478
0.49
0.471
0.413
0.322
0.21
0.084
-0.039
-0.145
-0.225
-0.287
-0.312
-0.324
-0.332
-0.335
-0.325
-0.308
-0.298
-0.292
-0.286
-0.282
-0.278
-0.273
-0.268
-0.264
-0.261
-0.259
-0.256
-0.254
-0.251
-0.247
-0.242
-0.236
-0.229
-0.222
-0.215
-0.209
-0.203
-0.197
-0.19
-0.184
-0.178
-0.172
-0.162
-0.15
-0.138
-0.127
-0.113
-0.097
-0.08
-0.067
-0.055
-0.048
-0.045
-0.043
-0.042
-0.041
-0.04
-0.038
-0.036
-0.035
-0.034
-0.034
-0.034
-0.034
-0.035
-0.037
-0.04
-0.043
-0.045
-0.048
-0.05
-0.053
-0.056
-0.059
-0.062
-0.066
-0.07
-0.075
-0.08
-0.086
-0.091
-0.097
-0.102
-0.107
-0.112
-0.117
-0.121
-0.126
-0.131
-0.137
-0.142
-0.146
-0.149
-0.151
-0.151
-0.15
-0.148
-0.146
-0.142
-0.138
-0.133
-0.127
-0.119
-0.105
-0.093
-0.083
-0.073
-0.063
-0.051
-0.038
-0.028
-0.022
-0.017
-0.012
-0.006
0.0
0.004
0.009
0.014
0.018
0.022
0.026
0.03
0.035
0.039
0.043
0.047
0.05
0.052
0.055
0.057
0.059
0.062
0.066
0.069
0.072
0.074
0.076
0.076
0.076
0.073
0.068
0.062
0.054
0.046
0.038
0.03
0.018
0.006
0.001
0.001
0.001
0.001
0.002
0.002
0.003
0.003
0.004
0.007
0.013
0.021
0.027
0.033
0.037
0.042
0.047
0.051
0.054
0.057
0.059
0.061
0.063
0.066
0.068
0.069
0.071
0.071
0.072
0.072
0.071
0.071
0.072
0.073
0.075
0.077
0.079
0.081
0.083
0.086
0.091
0.098
0.106
0.144
0.22
0.327
0.459
0.603
0.747
0.875
0.951
0.977
0.95
0.869
0.718
0.533
0.349
0.195
0.092
0.056
0.048
0.041
0.035
0.03
0.028
0.026
0.026
0.026
0.026
0.027
0.03
0.035
0.039
0.044
0.047
0.051
0.058
0.067
0.077
0.089
0.1
0.112
0.122
0.131
0.139
0.143
0.146
0.149
0.151
0.153
0.155
0.157
0.159
0.161
0.164
0.166
0.169
0.171
0.174
0.177
0.181
0.186
0.196
0.206
0.215
0.223
0.228
0.232
0.236
0.24
0.244
0.247
0.249
0.25
0.25
0.25
0.249
0.248
0.246
0.243
0.24
0.237
0.232
0.227
0.219
0.2
0.184
0.168
0.152
0.137
0.117
0.09
0.067
0.05
0.032
0.015
-0.002
-0.025
-0.033
-0.037
-0.039
-0.042
-0.044
-0.046
-0.048
-0.05
-0.052
-0.053
-0.054
-0.055
-0.055
-0.055
-0.055
-0.055
-0.055
-0.055
-0.055
-0.055
-0.055
-0.055
-0.055
-0.056
-0.057
-0.057
-0.058
-0.058
-0.058
-0.059
-0.06
-0.062
-0.063
-0.065
-0.066
-0.067
-0.069
-0.07
-0.071
-0.072
-0.072
-0.072
-0.073
-0.074
-0.076
-0.077
-0.079
-0.081
-0.083
-0.085
-0.086
-0.087
-0.088
-0.088
-0.087
-0.087
-0.086
-0.086
-0.085
-0.084
-0.084
-0.085
-0.085
-0.086
-0.087
-0.087
-0.087
-0.086
-0.086
-0.085
-0.084
-0.083
-0.082
-0.081
-0.081
-0.081
-0.082
-0.083
-0.083
-0.084
-0.085
-0.085
-0.086
-0.087
-0.088
-0.088
-0.089
-0.089
-0.09
-0.091
-0.091
-0.091
-0.091
-0.09
-0.09
-0.09
-0.089
-0.089
-0.088
-0.087
-0.086
-0.086
-0.085
-0.085
-0.085
-0.084
-0.083
-0.081
-0.081
-0.08
-0.079
-0.079
-0.079
-0.079
-0.079
-0.08
-0.08
-0.081
-0.081
-0.081
-0.081
-0.08
-0.079
-0.078
-0.077
-0.076
-0.076
-0.075
-0.075
-0.074
-0.074
-0.074
-0.073
-0.071
-0.069
-0.066
-0.063
-0.06
-0.058
-0.056
-0.053
-0.05
-0.048
-0.047
-0.046
-0.045
-0.044
-0.043
-0.041
-0.039
-0.037
-0.035
-0.032
-0.03
-0.027
-0.024
-0.022
-0.021
-0.019
-0.018
-0.018
-0.018
-0.017
-0.018
-0.018
-0.019
-0.02
-0.021
-0.021
-0.022
-0.023
-0.024
-0.026
-0.027
-0.029
-0.031
-0.033
-0.034
-0.035
-0.035
-0.035
-0.035
-0.035
-0.035
-0.034
-0.034
-0.034
-0.034
-0.034
-0.035
-0.036
-0.037
-0.037
-0.039
-0.041
-0.045
-0.049
-0.056
-0.072
-0.087
-0.095
-0.101
-0.106
-0.111
-0.114
-0.117
-0.119
-0.121
-0.122
-0.123
-0.124
-0.125
-0.125
-0.127
-0.132
-0.129
-0.107
-0.09
-0.075
-0.061
-0.05
-0.039
-0.028
-0.015
-0.001
0.011
0.017
0.02
0.022
0.024
0.026
0.028
0.029
0.031
0.032
0.033
0.034
0.035
0.036
0.037
0.038
0.039
0.04
0.04
0.041
0.043
0.044
0.047
0.05
0.053
0.058
0.071
0.1
0.152
0.227
0.323
0.44
0.572
0.708
0.837
0.937
0.969
0.958
0.861
0.692
0.485
0.279
0.104
-0.018
-0.058
-0.071
-0.05
-0.034
-0.026
-0.02
-0.015
-0.009
-0.003
0.0
0.005
0.013
0.031
0.059
0.082
0.106
0.125
0.139
0.156
0.168
0.177
0.185
0.194
0.202
0.21
0.218
0.226
0.235
0.245
0.255
0.26
0.264
0.267
0.271
0.274
0.277
0.281
0.284
0.287
0.289
0.291
0.292
0.293
0.294
0.294
0.293
0.293
0.293
0.294
0.296
0.297
0.299
0.3
0.301
0.302
0.302
0.301
0.3
0.297
0.294
0.29
0.286
0.282
0.278
0.275
0.271
0.267
0.262
0.258
0.254
0.25
0.246
0.239
0.225
0.199
0.171
0.142
0.118
0.1
0.079
0.066
0.058
0.051
0.045
0.039
0.035
0.031
0.029
0.027
0.025
0.023
0.022
0.02
0.02
0.02
0.019
0.018
0.016
0.013
0.011
0.009
0.007
0.006
0.005
0.004
0.003
0.002
0.002
0.001
0.0
-0.002
-0.005
-0.007
-0.01
-0.013
-0.016
-0.019
-0.021
-0.023
-0.025
-0.026
-0.027
-0.029
-0.03
-0.032
-0.034
-0.037
-0.04
-0.043
-0.046
-0.049
-0.053
-0.057
-0.061
-0.064
-0.068
-0.072
-0.079
-0.086
-0.092
-0.097
-0.102
-0.104
-0.107
-0.109
-0.112
-0.115
-0.117
-0.118
-0.118
-0.118
-0.118
-0.117
-0.114
-0.111
-0.107
-0.102
-0.098
-0.094
-0.09
-0.086
-0.082
-0.077
-0.072
-0.068
-0.064
-0.061
-0.058
-0.055
-0.052
-0.049
-0.047
-0.045
-0.044
-0.042
-0.039
-0.037
-0.036
-0.035
-0.035
-0.035
-0.036
-0.037
-0.038
-0.04
-0.042
-0.047
-0.045
-0.035
-0.009
0.036
0.107
0.2
0.311
0.436
0.568
0.688
0.777
0.8
0.787
0.695
0.538
0.353
0.173
0.013
-0.118
-0.207
-0.239
-0.24
-0.212
-0.173
-0.132
-0.119
-0.115
-0.111
-0.121
-0.128
-0.132
-0.136
-0.138
-0.139
-0.139
-0.138
-0.135
-0.132
-0.128
-0.123
-0.117
-0.108
-0.1
-0.095
-0.09
-0.088
-0.087
-0.085
-0.084
-0.083
-0.082
-0.081
-0.08
-0.078
-0.077
-0.075
-0.074
-0.073
-0.071
-0.068
-0.065
-0.061
-0.054
-0.038
-0.026
-0.018
-0.011
-0.004
0.003
0.011
0.022
0.035
0.049
0.057
0.062
0.067
0.07
0.073
0.074
0.075
0.074
0.075
0.075
0.075
0.075
0.074
0.074
0.075
0.076
0.076
0.075
0.073
0.069
0.064
0.06
0.057
0.054
0.05
0.047
0.043
0.041
0.038
0.035
0.03
0.026
0.026
0.028
0.031
0.032
0.034
0.036
0.037
0.037
0.035
0.032
0.028
0.021
0.012
0.009
0.007
0.005
0.004
0.007
0.011
0.013
0.014
0.016
0.017
0.018
0.018
0.018
0.017
0.016
0.015
0.014
0.012
0.011
0.01
0.009
0.008
0.007
0.006
0.005
0.003
0.002
0.0
0.0
-0.001
-0.003
-0.005
-0.008
-0.016
-0.033
-0.053
-0.069
-0.082
-0.092
-0.103
-0.114
-0.125
-0.132
-0.135
-0.138
-0.14
-0.141
-0.142
-0.143
-0.143
-0.143
-0.143
-0.143
-0.143
-0.142
-0.141
-0.14
-0.139
-0.137
-0.136
-0.134
-0.131
-0.129
-0.126
-0.124
-0.122
-0.12
-0.117
-0.115
-0.112
-0.11
-0.107
-0.105
-0.102
-0.101
-0.101
-0.101
-0.102
-0.104
-0.106
-0.109
-0.113
-0.113
-0.102
-0.073
-0.035
0.018
0.09
0.184
0.3
0.431
0.566
0.685
0.77
0.789
0.776
0.691
0.538
0.35
0.157
-0.001
-0.118
-0.193
-0.221
-0.222
-0.199
-0.162
-0.12
-0.091
-0.08
-0.076
-0.078
-0.081
-0.084
-0.087
-0.089
-0.085
-0.076
-0.068
-0.059
-0.052
-0.046
-0.039
-0.03
-0.02
-0.005
0.011
0.026
0.037
0.043
0.048
0.052
0.055
0.052
0.045
0.038
0.029
0.022
0.019
0.016
0.014
0.013
0.013
0.016
0.02
0.026
0.03
0.034
0.038
0.042
0.045
0.048
0.05
0.052
0.053
0.054
0.056
0.057
0.059
0.06
0.06
0.06
0.058
0.056
0.053
0.049
0.046
0.041
0.033
0.026
0.022
0.017
0.011
0.003
-0.005
-0.016
-0.032
-0.048
-0.059
-0.068
-0.079
-0.096
-0.105
-0.109
-0.112
-0.114
-0.116
-0.118
-0.12
-0.121
-0.123
-0.124
-0.125
-0.127
-0.13
-0.134
-0.136
-0.134
-0.127
-0.118
-0.103
-0.092
-0.083
-0.074
-0.062
-0.049
-0.038
-0.031
-0.023
-0.017
-0.012
-0.005
0.003
0.008
0.012
0.015
0.018
0.021
0.024
0.026
0.028
0.031
0.035
0.041
0.051
0.054
0.054
0.055
0.056
0.057
0.058
0.059
0.059
0.06
0.061
0.062
0.063
0.064
0.065
0.065
0.065
0.066
0.067
0.068
0.069
0.07
0.07
0.07
0.069
0.068
0.066
0.064
0.061
0.058
0.054
0.047
0.04
0.034
0.029
0.025
0.021
0.018
0.015
0.013
0.012
0.011
0.01
0.009
0.008
0.006
0.006
0.004
0.003
0.001
-0.001
-0.003
-0.005
-0.007
-0.01
-0.015
-0.021
-0.024
-0.027
-0.029
-0.032
-0.036
-0.038
-0.036
-0.029
-0.018
-0.003
0.008
0.021
0.035
0.049
0.059
0.066
0.066
0.059
0.052
0.045
0.041
0.039
0.036
0.039
0.061
0.1
0.158
0.236
0.336
0.456
0.594
0.733
0.85
0.904
0.904
0.844
0.709
0.527
0.335
0.169
0.048
-0.026
-0.069
-0.085
-0.091
-0.091
-0.083
-0.07
-0.053
-0.043
-0.037
-0.033
-0.031
-0.029
-0.029
-0.028
-0.028
-0.028
-0.028
-0.029
-0.028
-0.028
-0.028
-0.028
-0.028
-0.027
-0.027
-0.025
-0.023
-0.02
-0.016
-0.013
-0.008
0.0
0.007
0.012
0.018
0.026
0.037
0.047
0.058
0.069
0.075
0.08
0.083
0.085
0.088
0.091
0.093
0.096
0.098
0.1
0.102
0.104
0.106
0.106
0.106
0.105
0.103
0.101
0.098
0.093
0.084
0.079
0.077
0.075
0.073
0.072
0.069
0.065
0.062
0.057
0.051
0.042
0.035
0.03
0.021
0.006
-0.003
-0.008
-0.013
-0.018
-0.023
-0.028
-0.037
-0.052
-0.06
-0.065
-0.068
-0.07
-0.071
-0.069
-0.067
-0.063
-0.06
-0.056
-0.052
-0.048
-0.043
-0.039
-0.033
-0.014
0.014
0.062
0.138
0.244
0.374
0.507
0.619
0.676
0.677
0.626
0.496
0.328
0.162
0.034
-0.044
-0.062
-0.055
-0.032
-0.018
-0.018
-0.026
-0.031
-0.034
-0.037
-0.039
-0.04
-0.041
-0.041
-0.041
-0.04
-0.038
-0.036
-0.034
-0.03
-0.027
-0.024
-0.022
-0.021
-0.019
-0.017
-0.015
-0.012
-0.01
-0.008
-0.005
-0.003
-0.001
0.0
0.002
0.003
0.005
0.007
0.01
0.013
0.016
0.019
0.023
0.027
0.032
0.037
0.043
0.049
0.053
0.056
0.059
0.06
0.062
0.064
0.066
0.068
0.068
0.066
0.063
0.059
0.056
0.054
0.051
0.048
0.045
0.043
0.04
0.036
0.034
0.032
0.03
0.027
0.024
0.019
0.009
-0.013
-0.028
-0.037
-0.044
-0.05
-0.055
-0.06
-0.066
-0.071
-0.075
-0.078
-0.082
-0.087
-0.095
-0.103
-0.111
-0.116
-0.118
-0.119
-0.119
-0.12
-0.121
-0.122
-0.123
-0.124
-0.125
-0.126
-0.127
-0.127
-0.128
-0.13
-0.132
-0.136
-0.138
-0.135
-0.126
-0.102
-0.058
0.01
0.112
0.245
0.394
0.535
0.641
0.678
0.668
0.582
0.435
0.273
0.12
-0.016
-0.125
-0.205
-0.24
-0.252
-0.245
-0.224
-0.189
-0.15
-0.128
-0.12
-0.12
-0.127
-0.132
-0.136
-0.139
-0.138
-0.134
-0.127
-0.116
-0.098
-0.085
-0.077
-0.069
-0.062
-0.056
-0.051
-0.047
-0.043
-0.04
-0.037
-0.033
-0.029
-0.026
-0.025
-0.025
-0.026
-0.027
-0.028
-0.028
-0.029
-0.03
-0.03
-0.03
-0.029
-0.029
-0.028
-0.028
-0.028
-0.027
-0.027
-0.026
-0.025
-0.024
-0.023
-0.022
-0.02
-0.019
-0.017
-0.016
-0.014
-0.013
-0.011
-0.008
-0.004
-0.002
-0.002
-0.003
-0.006
-0.009
-0.015
-0.027
-0.035
-0.04
-0.044
-0.05
-0.055
-0.058
-0.061
-0.064
-0.066
-0.068
-0.068
-0.068
-0.066
-0.063
-0.059
-0.054
-0.046
-0.034
-0.028
-0.025
-0.024
-0.022
-0.02
-0.018
-0.016
-0.015
-0.014
-0.013
-0.013
-0.014
-0.014
-0.015
-0.016
-0.017
-0.018
-0.02
-0.022
-0.024
-0.026
-0.03
-0.037
-0.036
-0.024
0.006
0.073
0.173
0.304
0.459
0.614
0.742
0.815
0.823
0.791
0.685
0.536
0.369
0.214
0.081
-0.025
-0.096
-0.115
-0.112
-0.091
-0.078
-0.072
-0.07
-0.068
-0.066
-0.065
-0.063
-0.062
-0.061
-0.06
-0.058
-0.057
-0.056
-0.053
-0.05
-0.045
-0.037
-0.025
-0.016
-0.008
0.0
0.008
0.014
0.018
0.021
0.024
0.025
0.026
0.026
0.027
0.029
0.031
0.023
0.014
0.006
0.004
0.002
0.0
0.0
0.005
0.009
0.012
0.015
0.016
0.015
0.011
0.006
-0.001
-0.015
-0.026
-0.033
-0.041
-0.047
-0.053
-0.058
-0.062
-0.062
-0.059
-0.055
-0.051
-0.048
-0.044
-0.039
-0.032
-0.024
-0.014
-0.006
-0.002
0.001
0.005
0.007
0.006
0.004
0.001
-0.001
-0.006
-0.012
-0.015
-0.016
-0.019
-0.021
-0.012
-0.003
0.004
0.01
0.016
0.019
0.021
0.022
0.023
0.024
0.025
0.025
0.025
0.025
0.026
0.027
0.029
0.03
0.031
0.031
0.033
0.034
0.035
0.036
0.036
0.037
0.037
0.038
0.039
0.04
0.042
0.043
0.044
0.046
0.048
0.05
0.051
0.052
0.053
0.055
0.056
0.058
0.06
0.062
0.064
0.066
0.068
0.071
0.074
0.077
0.08
0.084
0.087
0.089
0.089
0.087
0.084
0.079
0.071
0.056
0.041
0.025
0.015
0.009
0.005
0.0
-0.003
-0.006
-0.01
-0.013
-0.016
-0.02
-0.023
-0.025
-0.028
-0.032
-0.04
-0.047
-0.053
-0.059
-0.069
-0.076
-0.081
-0.086
-0.092
-0.097
-0.101
-0.104
-0.107
-0.109
-0.111
-0.113
-0.115
-0.116
-0.117
-0.119
-0.12
-0.122
-0.124
-0.124
-0.123
-0.122
-0.12
-0.116
-0.103
-0.075
-0.029
0.035
0.119
0.228
0.357
0.496
0.627
0.733
0.782
0.778
0.705
0.553
0.36
0.16
-0.025
-0.172
-0.262
-0.284
-0.283
-0.258
-0.225
-0.19
-0.159
-0.144
-0.138
-0.135
-0.133
-0.131
-0.13
-0.127
-0.125
-0.122
-0.119
-0.115
-0.109
-0.099
-0.089
-0.083
-0.08
-0.077
-0.075
-0.073
-0.072
-0.07
-0.068
-0.067
-0.065
-0.063
-0.057
-0.045
-0.036
-0.031
-0.024
-0.014
-0.002
0.009
0.018
0.025
0.032
0.038
0.044
0.054
0.071
0.091
0.107
0.116
0.122
0.126
0.128
0.13
0.132
0.132
0.131
0.13
0.129
0.128
0.128
0.128
0.128
0.128
0.128
0.128
0.128
0.129
0.13
0.132
0.134
0.136
0.138
0.14
0.141
0.141
0.14
0.138
0.136
0.133
0.129
0.129
0.137
0.148
0.162
0.175
0.188
0.202
0.217
0.233
0.249
0.263
0.274
0.28
0.296
0.32
0.345
0.358
0.368
0.38
0.393
0.408
0.424
0.44
0.453
0.46
0.467
0.473
0.479
0.487
0.493
0.501
0.512
0.53
0.572
0.635
0.721
0.83
0.958
1.093
1.224
1.332
1.384
1.383
1.323
1.199
1.054
0.912
0.792
0.708
0.679
0.68
0.717
0.759
0.795
0.832
0.878
0.928
0.975
1.018
1.064
1.112
1.153
1.189
1.218
1.245
1.262
1.281
1.3
1.318
1.334
1.341
1.345
1.348
1.35
1.349
1.346
1.341
1.335
1.33
1.323
1.317
1.313
1.31
1.307
1.303
1.299
1.293
1.287
1.276
1.262
1.251
1.243
1.232
1.217
1.198
1.179
1.161
1.133
1.104
1.075
1.049
1.025
0.998
0.969
0.953
0.936
0.919
0.903
0.886
0.855
0.825
0.797
0.768
0.735
0.7
0.665
0.628
0.59
0.554
0.52
0.485
0.444
0.397
0.35
0.307
0.267
0.224
0.177
0.129
0.085
0.048
0.012
-0.03
-0.07
-0.099
-0.126
-0.157
-0.187
-0.213
-0.236
-0.261
-0.29
-0.305
-0.319
-0.332
-0.351
-0.379
-0.39
-0.397
-0.402
-0.406
-0.41
-0.413
-0.415
-0.417
-0.418
-0.419
-0.42
-0.421
-0.421
-0.422
-0.424
-0.425
-0.426
-0.428
-0.429
-0.431
-0.433
-0.437
-0.446
-0.462
-0.475
-0.489
-0.511
-0.543
-0.578
-0.612
-0.649
-0.691
-0.737
-0.78
-0.818
-0.852
-0.882
-0.907
-0.922
-0.937
-0.951
-0.963
-0.977
-0.987
-0.992
-0.996
-1.001
-1.006
-1.014
-1.027
-1.044
-1.067
-1.093
-1.118
-1.143
-1.173
-1.206
-1.237
-1.253
-1.267
-1.28
-1.299
-1.324
-1.352
-1.39
-1.438
-1.492
-1.544
-1.593
-1.644
-1.697
-1.745
-1.781
-1.811
-1.825
-1.833
-1.838
-1.838
-1.828
-1.813
-1.794
-1.766
-1.732
-1.689
-1.64
-1.587
-1.529
-1.468
-1.411
-1.361
-1.319
-1.283
-1.266
-1.261
-1.271
-1.301
-1.334
-1.362
-1.379
-1.392
-1.401
-1.406
-1.406
-1.4
-1.391
-1.379
-1.37
-1.364
-1.362
-1.364
-1.366
-1.37
-1.37
-1.363
-1.344
-1.313
-1.268
-1.211
-1.146
-1.07
-0.992
-0.924
-0.883
-0.878
-0.894
-0.965
-1.077
-1.217
-1.375
-1.535
-1.684
-1.801
-1.879
-1.926
-1.967
-2.019
-2.091
-2.185
-2.297
-2.417
-2.531
-2.632
-2.728
-2.815
-2.897
-2.963
-3.014
-3.048
-3.064
-3.089
-3.116
-3.135
-3.152
-3.164
-3.165
-3.159
-3.144
-3.111
-3.067
-3.009
-2.935
-2.854
-2.767
-2.671
-2.569
-2.465
-2.358
-2.248
-2.135
-2.019
-1.902
-1.782
-1.658
-1.53
-1.4
-1.27
-1.143
-1.017
-0.888
-0.755
-0.625
-0.503
-0.392
-0.282
-0.165
-0.046
0.073
0.199
0.331
0.469
0.614
0.772
0.936
1.105
1.27
1.415
1.546
1.673
1.792
1.89
1.97
2.045
2.124
2.205
2.286
2.361
2.438
2.516
2.584
2.647
2.711
2.771
2.814
2.833
2.855
2.881
2.911
2.943
2.962
2.983
3.002
3.019
3.036
3.066
3.102
3.132
3.152
3.174
3.195
3.227
3.258
3.287
3.303
3.32
3.339
3.357
3.379
3.418
3.47
3.553
3.659
3.782
3.908
4.009
4.041
4.029
3.936
3.781
3.607
3.429
3.261
3.13
3.048
3.011
2.99
2.971
2.953
2.925
2.885
2.833
2.779
2.725
2.676
2.63
2.583
2.534
2.479
2.422
2.369
2.317
2.266
2.213
2.157
2.1
2.045
1.994
1.948
1.907
1.866
1.82
1.773
1.73
1.691
1.655
1.634
1.603
1.572
1.542
1.514
1.498
1.482
1.463
1.449
1.438
1.426
1.409
1.389
1.369
1.351
1.324
1.294
1.259
1.238
1.205
1.171
1.135
1.113
1.09
1.067
1.044
1.022
1.0
0.978
0.954
0.934
0.905
0.876
0.841
0.807
0.774
0.742
0.71
0.676
0.657
0.627
0.599
0.568
0.536
0.5
0.46
0.418
0.376
0.334
0.296
0.265
0.239
0.229
0.225
0.222
0.221
0.223
0.232
0.236
0.238
0.241
0.245
0.249
0.252
0.253
0.254
0.255
0.257
0.262
0.276
0.295
0.316
0.324
0.331
0.341
0.351
0.37
0.4
0.447
0.515
0.609
0.727
0.861
0.99
1.103
1.148
1.144
1.077
0.944
0.772
0.587
0.409
0.265
0.169
0.149
0.151
0.173
0.192
0.217
0.231
0.235
0.239
0.24
0.235
0.231
0.232
0.239
0.244
0.242
0.237
0.236
0.241
0.253
0.27
0.284
0.3
0.311
0.315
0.32
0.345
0.385
0.418
0.432
0.444
0.456
0.473
0.489
0.505
0.527
0.555
0.572
0.577
0.573
0.557
0.535
0.489
0.413
0.327
0.237
0.143
0.038
-0.064
-0.144
-0.198
-0.234
-0.241
-0.239
-0.231
-0.227
-0.224
-0.221
-0.214
-0.208
-0.21
-0.217
-0.238
-0.263
-0.293
-0.31
-0.324
-0.335
-0.355
-0.382
-0.399
-0.416
-0.428
-0.447
-0.473
-0.506
-0.54
-0.578
-0.619
-0.652
-0.676
-0.694
-0.717
-0.746
-0.766
-0.772
-0.772
-0.771
-0.769
-0.765
-0.762
-0.76
-0.759
-0.751
-0.735
-0.708
-0.682
-0.656
-0.638
-0.624
-0.615
-0.613
-0.616
-0.622
-0.635
-0.656
-0.687
-0.721
-0.754
-0.767
-0.776
-0.785
-0.804
-0.829
-0.856
-0.885
-0.92
-0.952
-0.976
-0.997
-1.064
-1.069
-1.064
-1.064
-1.074
-1.087
-1.1
-1.107
-1.102
-1.075
-1.036
-0.999
-0.973
-0.955
-0.958
-0.986
-1.017
-1.049
-1.071
-1.075
-1.062
-1.032
-0.984
-0.935
-0.89
-0.85
-0.813
-0.779
-0.745
-0.715
-0.689
-0.662
-0.628
-0.6
-0.574
-0.542
-0.508
-0.477
-0.447
-0.422
-0.403
-0.39
-0.378
-0.366
-0.356
-0.342
-0.323
-0.308
-0.3
-0.289
-0.279
-0.276
-0.27
-0.255
-0.25
-0.252
-0.238
-0.216
-0.202
-0.185
-0.16
-0.148
-0.14
-0.122
-0.111
