0.233
0.255
0.282
0.318
0.372
0.443
0.523
0.58
0.586
0.557
0.461
0.34
0.235
0.185
0.183
0.221
0.275
0.286
0.279
0.258
0.245
0.252
0.263
0.273
0.277
0.28
0.281
0.281
0.277
0.271
0.261
0.247
0.233
0.22
0.207
0.194
0.187
0.183
0.181
0.177
0.173
0.168
0.164
0.159
0.153
0.148
0.143
0.139
0.135
0.132
0.129
0.126
0.124
0.122
0.121
0.121
0.123
0.125
0.128
0.131
0.136
0.145
0.153
0.159
0.164
0.17
0.178
0.187
0.198
0.206
0.217
0.226
0.231
0.234
0.235
0.233
0.226
0.215
0.201
0.189
0.177
0.155
0.131
0.116
0.104
0.094
0.085
0.074
0.06
0.053
0.051
0.048
0.046
0.044
0.043
0.041
0.041
0.04
0.04
0.041
0.041
0.042
0.043
0.044
0.045
0.047
0.049
0.052
0.056
0.064
0.073
0.081
0.089
0.094
0.097
0.099
0.101
0.102
0.103
0.102
0.1
0.097
0.093
0.088
0.079
0.072
0.065
0.059
0.054
0.048
0.044
0.041
0.039
0.036
0.034
0.032
0.03
0.027
0.023
0.021
0.024
0.03
0.049
0.079
0.121
0.177
0.252
0.346
0.449
0.52
0.525
0.479
0.338
0.16
0.003
-0.077
-0.088
-0.063
-0.007
0.029
0.042
0.047
0.043
0.038
0.032
0.026
0.019
0.013
0.006
-0.001
-0.009
-0.016
-0.022
-0.028
-0.035
-0.04
-0.043
-0.045
-0.047
-0.049
-0.049
-0.048
-0.046
-0.043
-0.038
-0.03
-0.02
-0.016
-0.014
-0.012
-0.011
-0.012
-0.014
-0.018
-0.024
-0.036
-0.052
-0.062
-0.065
-0.067
-0.069
-0.07
-0.069
-0.066
-0.061
-0.054
-0.041
-0.03
-0.024
-0.02
-0.016
-0.012
-0.008
-0.003
0.001
0.009
0.021
0.035
0.043
0.049
0.051
0.049
0.043
0.033
0.02
0.008
-0.007
-0.026
-0.043
-0.053
-0.059
-0.064
-0.067
-0.069
-0.072
-0.076
-0.078
-0.076
-0.073
-0.07
-0.067
-0.065
-0.064
-0.065
-0.067
-0.071
-0.074
-0.078
-0.081
-0.078
-0.071
-0.061
-0.045
-0.037
-0.031
-0.028
-0.025
-0.025
-0.026
-0.029
-0.031
-0.034
-0.038
-0.041
-0.042
-0.041
-0.039
-0.038
-0.036
-0.037
-0.043
-0.053
-0.064
-0.071
-0.076
-0.076
-0.069
-0.049
-0.019
0.017
0.062
0.116
0.183
0.26
0.323
0.348
0.314
0.224
0.1
-0.017
-0.093
-0.116
-0.095
-0.049
-0.001
0.015
0.021
0.024
0.024
0.02
0.013
0.001
-0.014
-0.023
-0.03
-0.03
-0.025
-0.02
-0.016
-0.014
-0.017
-0.023
-0.029
-0.038
-0.05
-0.059
-0.066
-0.071
-0.073
-0.074
-0.075
-0.075
-0.076
-0.076
-0.076
-0.077
-0.077
-0.077
-0.077
-0.077
-0.077
-0.076
-0.075
-0.074
-0.073
-0.07
-0.068
-0.065
-0.06
-0.052
-0.042
-0.034
-0.028
-0.022
-0.018
-0.012
-0.005
0.0
0.004
0.008
0.01
0.011
0.01
0.008
0.004
0.0
-0.01
-0.022
-0.035
-0.045
-0.052
-0.059
-0.065
-0.075
-0.09
-0.107
-0.122
-0.132
-0.139
-0.145
-0.151
-0.156
-0.161
-0.164
-0.161
-0.155
-0.151
-0.147
-0.143
-0.139
-0.135
-0.13
-0.127
-0.124
-0.122
-0.119
-0.117
-0.115
-0.113
-0.111
-0.109
-0.107
-0.104
-0.1
-0.094
-0.089
-0.084
-0.077
-0.065
-0.054
-0.046
-0.036
-0.029
-0.025
-0.021
-0.019
-0.018
-0.019
-0.021
-0.024
-0.027
-0.03
-0.033
-0.037
-0.041
-0.045
-0.049
-0.054
-0.057
-0.055
-0.046
-0.022
0.02
0.079
0.157
0.251
0.352
0.432
0.459
0.413
0.292
0.124
-0.037
-0.145
-0.176
-0.141
-0.069
-0.006
0.006
0.003
-0.027
-0.058
-0.076
-0.082
-0.082
-0.075
-0.065
-0.052
-0.044
-0.04
-0.037
-0.033
-0.029
-0.025
-0.021
-0.017
-0.014
-0.011
-0.01
-0.011
-0.013
-0.017
-0.022
-0.04
-0.06
-0.073
-0.082
-0.09
-0.098
-0.106
-0.113
-0.117
-0.12
-0.124
-0.119
-0.113
-0.108
-0.115
-0.126
-0.139
-0.151
-0.159
-0.168
-0.179
-0.189
-0.197
-0.201
-0.194
-0.181
-0.165
-0.146
-0.129
-0.114
-0.099
-0.076
-0.051
-0.027
-0.013
0.0
0.012
0.016
0.018
0.02
0.022
0.023
0.024
0.024
0.024
0.024
0.024
0.024
0.023
0.022
0.02
0.019
0.016
0.014
0.01
0.003
-0.004
-0.014
-0.028
-0.04
-0.048
-0.055
-0.062
-0.066
-0.069
-0.072
-0.074
-0.075
-0.077
-0.078
-0.079
-0.079
-0.08
-0.081
-0.082
-0.084
-0.085
-0.085
-0.083
-0.081
-0.078
-0.074
-0.069
-0.062
-0.055
-0.048
-0.04
-0.031
-0.022
-0.01
0.004
0.017
0.026
0.034
0.039
0.043
0.046
0.048
0.046
0.042
0.035
0.023
0.003
-0.011
-0.022
-0.021
-0.011
0.002
0.013
0.005
-0.015
-0.045
-0.051
-0.052
-0.052
-0.051
-0.051
-0.051
-0.049
-0.047
-0.043
-0.039
-0.036
-0.033
-0.029
-0.026
-0.023
-0.021
-0.02
-0.018
-0.017
-0.015
-0.014
-0.011
-0.008
-0.004
0.0
0.006
0.015
0.026
0.031
0.036
0.04
0.045
0.05
0.054
0.057
0.06
0.06
0.057
0.052
0.049
0.045
0.041
0.033
0.023
0.015
0.008
0.001
-0.003
-0.006
-0.007
-0.008
-0.009
-0.011
-0.012
-0.014
-0.015
-0.015
-0.015
-0.016
-0.016
-0.016
-0.016
-0.016
-0.016
-0.015
-0.014
-0.013
-0.012
-0.011
-0.009
-0.007
0.001
0.023
0.044
0.05
0.054
0.057
0.058
0.057
0.055
0.052
0.048
0.044
0.039
0.031
0.025
0.021
0.018
0.016
0.015
0.014
0.013
0.011
0.009
0.007
0.004
0.002
-0.001
-0.006
-0.009
-0.006
0.0
0.021
0.055
0.102
0.161
0.228
0.301
0.371
0.426
0.451
0.425
0.327
0.164
-0.023
-0.178
-0.249
-0.255
-0.215
-0.143
-0.085
-0.063
-0.056
-0.051
-0.044
-0.037
-0.027
-0.015
-0.011
-0.009
-0.008
-0.007
-0.006
-0.006
-0.006
-0.006
-0.008
-0.01
-0.012
-0.016
-0.024
-0.041
-0.051
-0.056
-0.06
-0.062
-0.065
-0.067
-0.068
-0.07
-0.071
-0.073
-0.076
-0.082
-0.09
-0.101
-0.114
-0.126
-0.134
-0.141
-0.146
-0.149
-0.152
-0.154
-0.154
-0.153
-0.15
-0.146
-0.141
-0.134
-0.122
-0.113
-0.102
-0.086
-0.068
-0.048
-0.034
-0.026
-0.02
-0.017
-0.014
-0.013
-0.012
-0.011
-0.01
-0.009
-0.008
-0.008
-0.009
-0.011
-0.014
-0.018
-0.021
-0.026
-0.032
-0.039
-0.045
-0.05
-0.053
-0.056
-0.058
-0.06
-0.062
-0.063
-0.064
-0.065
-0.065
-0.064
-0.064
-0.063
-0.061
-0.059
-0.057
-0.055
-0.051
-0.043
-0.035
-0.026
-0.017
-0.008
0.004
0.019
0.032
0.045
0.055
0.068
0.078
0.084
0.09
0.095
0.1
0.104
0.108
0.112
0.116
0.119
0.121
0.122
0.124
0.126
0.128
0.13
0.131
0.133
0.137
0.143
0.137
0.131
0.128
0.124
0.121
0.117
0.113
0.11
0.107
0.103
0.1
0.098
0.096
0.095
0.094
0.092
0.09
0.087
0.086
0.087
0.09
0.095
0.101
0.106
0.114
0.121
0.127
0.135
0.149
0.157
0.161
0.165
0.167
0.169
0.17
0.171
0.172
0.174
0.173
0.164
0.155
0.144
0.135
0.127
0.118
0.106
0.096
0.088
0.082
0.078
0.074
0.07
0.063
0.053
0.039
0.027
0.023
0.02
0.019
0.018
0.017
0.017
0.017
0.019
0.021
0.024
0.029
0.045
0.08
0.139
0.227
0.336
0.456
0.566
0.613
0.605
0.514
0.344
0.15
-0.005
-0.073
-0.076
-0.027
0.046
0.088
0.103
0.104
0.098
0.092
0.087
0.081
0.074
0.071
0.068
0.065
0.063
0.061
0.059
0.058
0.057
0.057
0.057
0.056
0.054
0.052
0.051
0.052
0.056
0.061
0.066
0.071
0.075
0.075
0.072
0.068
0.054
0.032
0.024
0.017
0.013
0.01
0.008
0.007
0.005
0.004
0.003
0.002
0.002
0.001
0.001
0.0
0.0
-0.001
-0.002
-0.001
0.0
0.004
0.009
0.014
0.023
0.03
0.036
0.041
0.044
0.045
0.046
0.047
0.048
0.049
0.049
0.048
0.047
0.045
0.044
0.043
0.042
0.041
0.039
0.037
0.035
0.034
0.032
0.03
0.026
0.019
0.005
-0.001
-0.005
-0.008
-0.01
-0.012
-0.013
-0.013
-0.012
-0.01
-0.008
-0.006
-0.004
-0.001
0.001
0.003
0.006
0.008
0.011
0.014
0.018
0.021
0.025
0.03
0.035
0.038
0.037
0.035
0.032
0.028
0.02
0.004
-0.008
-0.017
-0.024
-0.029
-0.035
-0.04
-0.047
-0.055
-0.065
-0.076
-0.086
-0.092
-0.097
-0.1
-0.102
-0.101
-0.097
-0.092
-0.087
-0.083
-0.08
-0.076
-0.073
-0.071
-0.069
-0.066
-0.065
-0.063
-0.061
-0.06
-0.059
-0.059
-0.058
-0.056
-0.055
-0.053
-0.052
-0.053
-0.055
-0.057
-0.06
-0.063
-0.069
-0.079
-0.087
-0.099
-0.114
-0.125
-0.131
-0.136
-0.139
-0.143
-0.145
-0.146
-0.147
-0.148
-0.149
-0.15
-0.15
-0.151
-0.152
-0.153
-0.154
-0.155
-0.155
-0.154
-0.153
-0.153
-0.152
-0.151
-0.149
-0.148
-0.146
-0.144
-0.141
-0.138
-0.13
-0.113
-0.103
-0.098
-0.093
-0.087
-0.081
-0.075
-0.068
-0.062
-0.056
-0.052
-0.049
-0.046
-0.044
-0.041
-0.038
-0.036
-0.034
-0.034
-0.035
-0.036
-0.037
-0.038
-0.039
-0.042
-0.042
-0.036
-0.027
-0.013
0.01
0.047
0.094
0.158
0.242
0.34
0.426
0.464
0.426
0.31
0.142
-0.02
-0.128
-0.149
-0.142
-0.083
-0.029
-0.01
-0.003
-0.001
-0.004
-0.013
-0.023
-0.034
-0.038
-0.04
-0.042
-0.044
-0.043
-0.042
-0.041
-0.04
-0.039
-0.043
-0.051
-0.057
-0.06
-0.064
-0.067
-0.07
-0.074
-0.078
-0.085
-0.094
-0.095
-0.096
-0.098
-0.099
-0.095
-0.087
-0.077
-0.065
-0.06
-0.057
-0.056
-0.055
-0.053
-0.052
-0.051
-0.05
-0.049
-0.047
-0.046
-0.044
-0.042
-0.04
-0.037
-0.031
-0.019
-0.009
0.0
0.01
0.019
0.027
0.036
0.044
