0.227
0.277
0.334
0.392
0.422
0.433
0.438
0.437
0.429
0.417
0.406
0.393
0.382
0.372
0.366
0.36
0.356
0.352
0.35
0.346
0.34
0.335
0.33
0.326
0.322
0.318
0.314
0.31
0.305
0.301
0.297
0.294
0.291
0.289
0.287
0.285
0.284
0.281
0.275
0.273
0.278
0.292
0.331
0.381
0.45
0.535
0.618
0.679
0.7
0.692
0.668
0.605
0.527
0.439
0.347
0.256
0.175
0.127
0.112
0.127
0.152
0.181
0.194
0.2
0.204
0.207
0.209
0.212
0.214
0.216
0.219
0.221
0.223
0.225
0.226
0.227
0.229
0.23
0.231
0.231
0.231
0.232
0.233
0.234
0.235
0.236
0.236
0.237
0.237
0.237
0.237
0.236
0.236
0.236
0.236
0.236
0.237
0.238
0.239
0.24
0.242
0.244
0.247
0.248
0.25
0.251
0.253
0.255
0.257
0.26
0.262
0.264
0.266
0.268
0.27
0.27
0.269
0.267
0.265
0.261
0.256
0.251
0.245
0.231
0.201
0.178
0.164
0.153
0.143
0.133
0.122
0.11
0.096
0.084
0.074
0.063
0.051
0.038
0.031
0.026
0.021
0.017
0.013
0.009
0.006
0.003
0.001
-0.001
-0.003
-0.004
-0.005
-0.006
-0.007
-0.008
-0.01
-0.013
-0.015
-0.017
-0.017
-0.015
-0.011
-0.005
0.001
0.009
0.018
0.031
0.04
0.044
0.047
0.048
0.05
0.051
0.052
0.053
0.054
0.054
0.053
0.052
0.05
0.048
0.045
0.041
0.037
0.034
0.031
0.029
0.029
0.028
0.028
0.027
0.026
0.025
0.024
0.023
0.021
0.019
0.018
0.017
0.016
0.014
0.012
0.01
0.008
0.006
0.004
0.002
0.001
-0.001
-0.003
-0.005
-0.007
-0.008
-0.01
-0.012
-0.014
-0.016
-0.019
-0.022
-0.025
-0.028
-0.03
-0.031
-0.033
-0.035
-0.037
-0.04
-0.044
-0.048
-0.052
-0.056
-0.059
-0.061
-0.062
-0.062
-0.061
-0.058
-0.054
-0.048
-0.041
-0.033
-0.017
0.009
0.047
0.1
0.174
0.253
0.305
0.324
0.323
0.302
0.243
0.167
0.091
0.017
-0.055
-0.124
-0.162
-0.175
-0.16
-0.135
-0.103
-0.087
-0.081
-0.077
-0.074
-0.071
-0.069
-0.065
-0.061
-0.056
-0.053
-0.049
-0.046
-0.043
-0.04
-0.037
-0.035
-0.032
-0.03
-0.027
-0.024
-0.021
-0.018
-0.015
-0.012
-0.009
-0.006
-0.004
-0.002
0.0
0.001
0.004
0.008
0.012
0.017
0.022
0.027
0.033
0.039
0.045
0.052
0.058
0.066
0.074
0.082
0.09
0.096
0.1
0.104
0.108
0.112
0.115
0.117
0.117
0.117
0.116
0.113
0.108
0.103
0.096
0.089
0.081
0.07
0.059
0.05
0.044
0.038
0.031
0.023
0.014
0.006
-0.002
-0.012
-0.026
-0.042
-0.059
-0.074
-0.079
-0.081
-0.082
-0.083
-0.083
-0.084
-0.085
-0.085
-0.086
-0.087
-0.087
-0.086
-0.084
-0.083
-0.082
-0.08
-0.079
-0.077
-0.075
-0.073
-0.072
-0.071
-0.07
-0.069
-0.067
-0.065
-0.064
-0.064
-0.064
-0.064
-0.064
-0.064
-0.064
-0.064
-0.063
-0.063
-0.062
-0.061
-0.06
-0.059
-0.057
-0.055
-0.054
-0.052
-0.05
-0.047
-0.045
-0.044
-0.041
-0.039
-0.036
-0.034
-0.031
-0.03
-0.029
-0.028
-0.027
-0.026
-0.025
-0.025
-0.025
-0.026
-0.025
-0.024
-0.023
-0.022
-0.022
-0.021
-0.02
-0.019
-0.018
-0.017
-0.016
-0.015
-0.014
-0.012
-0.009
-0.004
0.0
0.001
0.0
-0.007
-0.015
-0.022
-0.027
-0.031
-0.036
-0.041
-0.045
-0.049
-0.052
-0.055
-0.058
-0.061
-0.063
-0.065
-0.066
-0.068
-0.069
-0.07
-0.073
-0.075
-0.079
-0.086
-0.092
-0.091
-0.087
-0.078
-0.051
-0.007
0.051
0.131
0.218
0.283
0.306
0.306
0.287
0.233
0.155
0.072
-0.01
-0.09
-0.161
-0.203
-0.218
-0.217
-0.198
-0.168
-0.131
-0.109
-0.096
-0.086
-0.075
-0.067
-0.062
-0.058
-0.055
-0.053
-0.052
-0.05
-0.049
-0.047
-0.046
-0.043
-0.04
-0.038
-0.037
-0.035
-0.034
-0.033
-0.031
-0.029
-0.027
-0.024
-0.022
-0.019
-0.015
-0.012
-0.008
-0.004
-0.001
0.0
0.003
0.006
0.008
0.01
0.013
0.017
0.024
0.035
0.049
0.065
0.073
0.078
0.083
0.089
0.093
0.097
0.1
0.102
0.102
0.102
0.102
0.1
0.097
0.094
0.09
0.085
0.08
0.074
0.067
0.053
0.041
0.032
0.024
0.016
0.009
0.002
-0.004
-0.01
-0.017
-0.024
-0.031
-0.036
-0.04
-0.043
-0.046
-0.049
-0.051
-0.053
-0.055
-0.058
-0.059
-0.061
-0.061
-0.061
-0.061
-0.06
-0.059
-0.058
-0.057
-0.056
-0.054
-0.052
-0.05
-0.048
-0.047
-0.045
-0.043
-0.04
-0.038
-0.035
-0.033
-0.032
-0.031
-0.03
-0.029
-0.028
-0.027
-0.026
-0.025
-0.025
-0.024
-0.023
-0.022
-0.021
-0.021
-0.021
-0.022
-0.022
-0.023
-0.024
-0.026
-0.027
-0.028
-0.028
-0.029
-0.03
-0.03
-0.031
-0.031
-0.031
-0.032
-0.032
-0.033
-0.034
-0.035
-0.035
-0.036
-0.036
-0.037
-0.037
-0.037
-0.037
-0.036
-0.035
-0.033
-0.032
-0.031
-0.029
-0.028
-0.026
-0.023
-0.02
-0.016
-0.011
-0.007
-0.003
0.0
0.005
0.009
0.015
0.02
0.023
0.023
0.019
0.013
0.005
-0.002
-0.012
-0.022
-0.033
-0.044
-0.051
-0.057
-0.062
-0.066
-0.068
-0.069
-0.068
-0.067
-0.065
-0.064
-0.061
-0.059
-0.057
-0.056
-0.055
-0.053
-0.05
-0.047
-0.044
-0.042
-0.04
-0.038
-0.036
-0.033
-0.03
-0.026
-0.002
0.05
0.122
0.21
0.307
0.401
0.459
0.461
0.412
0.273
0.086
-0.1
-0.247
-0.309
-0.31
-0.256
-0.18
-0.122
-0.089
-0.074
-0.069
-0.065
-0.061
-0.058
-0.055
-0.053
-0.051
-0.05
-0.048
-0.046
-0.044
-0.043
-0.043
-0.042
-0.041
-0.04
-0.038
-0.036
-0.033
-0.029
-0.021
-0.013
-0.006
0.0
0.003
0.006
0.009
0.011
0.014
0.017
0.019
0.023
0.026
0.03
0.033
0.037
0.04
0.043
0.047
0.051
0.056
0.061
0.066
0.07
0.075
0.079
0.084
0.088
0.092
0.095
0.099
0.104
0.108
0.112
0.115
0.115
0.115
0.113
0.11
0.106
0.101
0.096
0.09
0.083
0.074
0.066
0.058
0.049
0.038
0.022
0.004
-0.011
-0.026
-0.031
-0.033
-0.033
-0.034
-0.034
-0.035
-0.035
-0.036
-0.036
-0.037
-0.038
-0.039
-0.039
-0.039
-0.038
-0.038
-0.039
-0.039
-0.04
-0.04
-0.04
-0.04
-0.039
-0.039
-0.038
-0.038
-0.037
-0.036
-0.036
-0.035
-0.035
-0.034
-0.033
-0.032
-0.031
-0.03
-0.028
-0.026
-0.024
-0.023
-0.022
-0.022
-0.022
-0.022
-0.022
-0.022
-0.022
-0.022
-0.022
-0.022
-0.022
-0.022
-0.023
-0.023
-0.023
-0.023
-0.023
-0.024
-0.024
-0.024
-0.024
-0.024
-0.024
-0.023
-0.023
-0.023
-0.023
-0.024
-0.024
-0.025
-0.026
-0.027
-0.028
-0.029
-0.03
-0.03
-0.03
-0.031
-0.035
-0.037
-0.037
-0.038
-0.039
-0.039
-0.041
-0.042
-0.044
-0.045
-0.046
-0.047
-0.047
-0.047
-0.047
-0.046
-0.046
-0.044
-0.042
-0.04
-0.039
-0.037
-0.035
-0.032
-0.029
-0.026
-0.022
-0.019
-0.013
-0.007
-0.001
0.003
0.006
0.008
0.008
0.009
0.009
0.01
0.012
0.014
0.014
0.009
0.0
-0.009
-0.013
-0.015
-0.018
-0.02
-0.023
-0.024
-0.026
-0.027
-0.029
-0.03
-0.031
-0.033
-0.034
-0.034
-0.035
-0.035
-0.035
-0.035
-0.035
-0.035
-0.035
-0.037
-0.038
-0.041
-0.045
-0.053
-0.057
-0.054
-0.043
-0.012
0.034
0.097
0.179
0.281
0.395
0.504
0.568
0.568
0.503
0.337
0.124
-0.077
-0.216
-0.245
-0.238
-0.17
-0.103
-0.067
-0.056
-0.05
-0.046
-0.045
-0.046
-0.047
-0.049
-0.05
-0.052
-0.055
-0.059
-0.06
-0.057
-0.047
-0.037
-0.032
-0.028
-0.025
-0.022
-0.018
-0.015
-0.011
-0.007
-0.004
-0.002
0.0
0.001
0.004
0.006
0.008
0.01
0.014
0.02
0.027
0.034
0.043
0.051
0.056
0.061
0.065
0.07
0.074
0.079
0.083
0.088
0.092
0.096
0.101
0.106
0.11
0.113
0.118
0.123
0.128
0.132
0.136
0.138
0.138
0.136
0.133
0.129
0.124
0.119
0.114
0.106
0.096
0.087
0.078
0.069
0.058
0.047
0.035
0.025
0.017
0.011
0.005
0.0
-0.004
-0.008
-0.01
-0.012
-0.014
-0.016
-0.017
-0.019
-0.021
-0.021
-0.021
-0.021
-0.02
-0.019
-0.019
-0.019
-0.018
-0.017
-0.016
-0.015
-0.015
-0.017
-0.02
-0.022
-0.023
-0.024
-0.025
-0.027
-0.028
-0.029
-0.03
-0.03
-0.03
-0.029
-0.029
-0.028
-0.028
-0.027
-0.027
-0.026
-0.026
-0.025
-0.024
-0.023
-0.021
-0.019
-0.021
-0.024
-0.027
-0.029
-0.03
-0.031
-0.032
-0.033
-0.034
-0.035
-0.035
-0.036
-0.036
-0.036
-0.035
-0.035
-0.035
-0.035
-0.035
-0.035
-0.034
-0.033
-0.032
-0.032
-0.032
-0.033
-0.033
-0.033
-0.033
-0.033
-0.034
-0.035
-0.036
-0.036
-0.036
-0.036
-0.036
-0.037
-0.037
-0.038
-0.037
-0.037
-0.037
-0.037
-0.039
-0.04
-0.04
-0.039
-0.037
-0.035
-0.033
-0.031
-0.03
-0.028
-0.027
-0.026
-0.026
-0.026
-0.026
-0.025
-0.024
-0.022
-0.02
-0.018
-0.017
-0.016
-0.014
-0.012
-0.01
-0.009
-0.007
-0.006
-0.005
-0.002
0.0
0.004
0.006
0.008
0.009
0.009
0.008
0.006
0.003
0.0
-0.005
-0.009
-0.013
-0.015
-0.018
-0.021
-0.025
-0.028
-0.031
-0.033
-0.036
-0.038
-0.04
-0.042
-0.044
-0.044
-0.045
-0.044
-0.044
-0.045
-0.045
-0.045
-0.046
-0.047
-0.048
-0.052
-0.051
-0.039
-0.006
0.042
0.114
0.21
0.325
0.445
0.553
0.599
0.59
0.495
0.308
0.082
-0.121
-0.252
-0.273
-0.265
-0.203
-0.14
-0.094
-0.08
-0.072
-0.067
-0.063
-0.059
-0.056
-0.054
-0.051
-0.048
-0.045
-0.042
-0.038
-0.035
-0.032
-0.029
-0.026
-0.024
-0.021
-0.018
-0.015
-0.012
-0.01
-0.009
-0.008
-0.008
-0.006
-0.005
-0.003
-0.002
0.0
0.002
0.006
0.009
0.014
0.017
0.021
0.025
0.029
0.036
0.043
0.051
0.058
0.064
0.069
0.074
0.079
0.082
0.084
0.086
0.087
0.088
0.089
0.089
0.09
0.09
0.091
0.091
0.091
0.092
0.092
0.091
0.09
0.089
0.087
0.084
0.08
0.077
0.072
0.063
0.044
0.032
0.025
0.018
0.012
0.005
-0.003
-0.014
-0.021
-0.025
-0.028
-0.029
-0.031
-0.032
-0.033
-0.033
-0.033
-0.032
-0.029
-0.026
-0.023
-0.02
-0.017
-0.014
-0.009
-0.006
-0.004
-0.003
-0.003
-0.003
-0.003
-0.003
-0.003
-0.003
-0.003
-0.003
-0.004
-0.004
-0.003
-0.003
-0.002
-0.002
-0.002
-0.002
-0.002
-0.001
-0.001
0.0
0.0
0.001
0.004
0.009
0.009
0.001
-0.004
-0.009
-0.012
-0.014
-0.014
-0.013
-0.013
-0.014
-0.015
-0.016
-0.016
-0.015
-0.014
-0.013
-0.011
-0.01
-0.009
-0.007
-0.006
-0.004
-0.004
-0.004
-0.004
-0.005
-0.007
-0.009
-0.012
-0.016
-0.019
-0.022
-0.024
-0.029
-0.034
-0.038
-0.039
-0.038
-0.035
-0.032
-0.029
-0.028
-0.026
-0.024
-0.021
-0.019
-0.018
-0.018
-0.018
-0.019
-0.02
-0.022
-0.023
-0.024
-0.027
-0.029
-0.03
-0.029
-0.025
-0.019
-0.014
-0.012
-0.009
-0.007
-0.004
-0.002
0.0
0.001
0.002
0.004
0.005
0.007
0.007
0.007
0.006
0.005
0.003
0.002
0.0
-0.001
-0.004
-0.006
-0.008
-0.009
-0.01
-0.011
-0.012
-0.013
-0.014
-0.015
-0.016
-0.018
-0.019
-0.021
-0.023
-0.025
-0.026
-0.027
-0.028
-0.029
-0.03
-0.032
-0.034
-0.037
-0.041
-0.046
-0.049
-0.052
-0.055
-0.058
-0.062
-0.064
-0.06
-0.049
-0.016
0.036
0.11
0.212
0.332
0.449
0.52
0.523
0.47
0.321
0.123
-0.076
-0.232
-0.296
-0.297
-0.24
-0.164
-0.112
-0.094
-0.088
-0.084
-0.078
-0.068
-0.063
-0.06
-0.057
-0.054
-0.053
-0.051
-0.049
-0.048
-0.047
-0.045
-0.044
-0.043
-0.042
-0.041
-0.04
-0.039
-0.036
-0.031
-0.024
-0.017
-0.013
-0.01
-0.007
-0.004
-0.002
0.0
0.002
0.004
0.006
0.009
0.012
0.015
0.019
0.025
0.032
0.038
0.043
0.048
0.051
0.054
0.057
0.06
0.063
0.066
0.069
0.071
0.073
0.076
0.078
0.08
0.081
0.083
0.083
0.083
0.083
0.083
0.081
0.079
0.076
0.073
0.07
0.063
0.051
0.042
0.03
0.014
0.0
-0.01
-0.017
-0.02
-0.023
-0.025
-0.027
-0.028
-0.03
-0.032
-0.034
-0.035
-0.037
-0.038
-0.039
-0.04
-0.042
-0.043
-0.045
-0.047
-0.048
-0.049
-0.05
-0.051
-0.051
-0.052
-0.051
-0.051
-0.05
-0.049
-0.048
-0.047
-0.046
-0.045
-0.044
-0.042
-0.041
-0.039
-0.037
-0.035
-0.031
-0.027
-0.024
-0.022
-0.02
-0.019
-0.018
-0.017
-0.017
-0.016
-0.015
-0.014
-0.014
-0.015
-0.016
-0.017
-0.018
-0.02
-0.021
-0.022
-0.024
-0.026
-0.027
-0.027
-0.027
-0.027
-0.027
-0.027
-0.027
-0.026
-0.025
-0.024
-0.023
-0.022
-0.022
-0.021
-0.019
-0.017
-0.016
-0.016
-0.017
-0.019
-0.022
-0.024
-0.027
-0.03
-0.03
-0.027
-0.024
-0.022
-0.02
-0.018
-0.017
-0.016
-0.015
-0.014
-0.013
-0.013
-0.013
-0.014
-0.015
-0.015
-0.016
-0.016
-0.017
-0.017
-0.018
-0.018
-0.015
-0.011
-0.007
-0.001
0.006
0.01
0.012
0.013
0.015
0.016
0.016
0.016
0.017
0.017
0.017
0.016
0.015
0.013
0.011
0.009
0.007
0.004
0.0
-0.007
-0.016
-0.019
-0.021
-0.023
-0.025
-0.027
-0.029
-0.03
-0.031
-0.031
-0.031
-0.031
-0.031
-0.03
-0.028
-0.027
-0.025
-0.023
-0.021
-0.011
0.01
0.043
0.093
0.164
0.256
0.359
0.448
0.496
0.475
0.372
0.2
-0.005
-0.191
-0.292
-0.303
-0.262
-0.177
-0.111
-0.085
-0.077
-0.071
-0.067
-0.052
-0.034
-0.028
-0.025
-0.026
-0.031
-0.034
-0.038
-0.041
-0.042
-0.04
-0.036
-0.03
-0.024
-0.016
-0.01
-0.006
-0.002
0.0
0.003
0.007
0.011
0.017
0.022
0.028
0.032
0.036
0.039
0.041
0.044
0.047
0.05
0.053
0.056
0.061
0.066
0.073
0.078
0.081
0.084
0.085
0.086
0.088
0.091
0.095
0.1
0.104
0.108
0.112
0.116
0.119
0.12
0.12
0.118
0.114
0.109
0.104
0.098
0.088
0.08
0.075
0.066
0.053
0.045
0.041
0.038
0.033
0.028
0.023
0.018
0.012
0.006
0.001
-0.004
-0.014
-0.029
-0.042
-0.05
-0.057
-0.061
-0.066
-0.069
-0.068
-0.065
-0.06
-0.057
-0.055
-0.052
-0.05
-0.049
-0.047
-0.046
-0.045
-0.044
-0.044
-0.043
-0.043
-0.042
-0.041
-0.04
-0.038
-0.037
-0.038
-0.04
-0.043
-0.046
-0.049
-0.051
-0.048
-0.042
-0.04
-0.038
-0.037
-0.035
-0.034
-0.033
-0.033
-0.032
-0.031
-0.031
-0.031
-0.031
-0.031
-0.031
-0.032
-0.032
-0.033
-0.034
-0.035
-0.038
-0.039
-0.036
-0.034
-0.033
-0.031
-0.03
-0.03
-0.03
-0.03
-0.031
-0.032
-0.033
-0.034
-0.033
-0.032
-0.031
-0.03
-0.029
-0.028
-0.029
-0.03
-0.031
-0.032
-0.032
-0.033
-0.034
-0.034
-0.035
-0.035
-0.036
-0.035
-0.033
-0.031
-0.028
-0.026
-0.024
-0.022
-0.021
-0.019
-0.018
-0.017
-0.016
-0.015
-0.013
-0.012
-0.01
-0.009
-0.008
-0.007
-0.006
-0.005
-0.004
-0.003
-0.001
0.0
0.003
0.008
0.014
0.018
0.022
0.025
0.029
0.032
0.032
0.031
0.027
0.023
0.017
0.008
0.001
-0.004
-0.009
-0.014
-0.017
-0.02
-0.025
-0.025
-0.022
-0.02
-0.018
-0.017
-0.016
-0.015
-0.016
-0.017
-0.018
-0.019
-0.021
-0.024
-0.025
-0.023
-0.017
-0.009
0.001
0.016
0.041
0.078
0.129
0.2
0.293
0.401
0.504
0.547
0.537
0.444
0.268
0.061
-0.125
-0.247
-0.278
-0.23
-0.146
-0.07
-0.04
-0.031
-0.036
-0.041
-0.044
-0.046
-0.046
-0.043
-0.039
-0.032
-0.018
-0.011
-0.008
-0.006
-0.004
-0.001
0.0
0.003
0.004
0.006
0.008
0.011
0.013
0.015
0.016
0.018
0.02
0.023
0.025
0.027
0.029
0.031
0.033
0.035
0.037
0.039
0.041
0.043
0.045
0.048
0.051
0.053
0.056
0.058
0.061
0.064
0.07
0.08
0.091
0.1
0.107
0.112
0.115
0.118
0.12
0.123
0.125
0.127
0.127
0.127
0.124
0.12
0.115
0.105
0.087
0.07
0.054
0.043
0.037
0.031
0.027
0.023
0.02
0.018
0.015
0.01
0.006
0.0
-0.006
-0.014
-0.022
-0.029
-0.033
-0.035
-0.037
-0.039
-0.041
-0.044
-0.046
-0.047
-0.048
-0.049
-0.049
-0.048
-0.047
-0.046
-0.045
-0.043
-0.041
-0.039
-0.038
-0.036
-0.034
-0.032
-0.028
-0.023
-0.02
-0.02
-0.02
-0.022
-0.023
-0.025
-0.028
-0.03
-0.028
-0.025
-0.023
-0.022
-0.021
-0.019
-0.019
-0.018
-0.017
-0.016
-0.016
-0.016
-0.017
-0.018
-0.019
-0.021
-0.022
-0.023
-0.024
-0.025
-0.026
-0.027
-0.028
-0.029
-0.031
-0.032
-0.032
-0.03
-0.027
-0.024
-0.022
-0.021
-0.019
-0.017
-0.016
-0.014
-0.014
-0.014
-0.016
-0.018
-0.02
-0.021
-0.022
-0.024
-0.025
-0.027
-0.028
-0.029
-0.029
-0.029
-0.029
-0.029
-0.029
-0.028
-0.027
-0.025
-0.023
-0.022
-0.021
-0.02
-0.019
-0.017
-0.015
-0.013
-0.012
-0.01
-0.008
-0.005
-0.002
0.001
0.008
0.02
0.027
0.031
0.034
0.037
0.039
0.039
0.036
0.032
0.026
0.019
0.008
-0.004
-0.014
-0.023
-0.029
-0.033
-0.034
-0.035
-0.036
-0.037
-0.038
-0.038
-0.038
-0.038
-0.036
-0.033
-0.029
-0.025
-0.021
-0.016
-0.011
-0.008
-0.007
-0.008
-0.01
-0.013
-0.02
-0.018
0.005
0.053
0.121
0.208
0.311
0.414
0.499
0.527
0.474
0.338
0.152
-0.04
-0.194
-0.259
-0.26
-0.202
-0.123
-0.081
-0.068
-0.061
-0.058
-0.056
-0.055
-0.054
-0.053
-0.052
-0.05
-0.049
-0.047
-0.043
-0.038
-0.031
-0.022
-0.016
-0.011
-0.009
-0.007
-0.006
-0.005
-0.003
-0.001
0.0
0.003
0.005
0.008
0.011
0.014
0.016
0.018
0.021
0.024
0.027
0.03
0.034
0.038
0.042
0.046
0.052
0.061
0.069
0.075
0.086
0.099
0.104
0.106
0.108
0.11
0.112
0.113
0.114
0.115
0.116
0.116
0.116
0.116
0.115
0.113
0.111
0.109
0.107
0.105
0.103
0.1
0.094
0.082
0.072
0.063
0.054
0.044
0.029
0.012
0.001
-0.006
-0.013
-0.021
-0.027
-0.032
-0.037
-0.041
-0.044
-0.047
-0.05
-0.052
-0.053
-0.053
-0.051
-0.048
-0.044
-0.041
-0.036
-0.032
-0.03
-0.029
-0.03
-0.032
-0.034
-0.034
-0.035
-0.037
-0.038
-0.04
-0.041
-0.042
-0.043
-0.043
-0.043
-0.043
-0.043
-0.042
-0.04
-0.038
-0.036
-0.033
-0.032
-0.03
-0.029
-0.027
-0.026
-0.024
-0.022
-0.021
-0.02
-0.02
-0.02
-0.02
-0.021
-0.022
-0.024
-0.027
-0.029
-0.032
-0.037
-0.041
-0.038
-0.033
-0.03
-0.027
-0.024
-0.021
-0.021
-0.021
-0.024
-0.026
-0.028
-0.031
-0.034
-0.037
-0.038
-0.037
-0.034
-0.03
-0.028
-0.026
-0.024
-0.023
-0.022
-0.021
-0.021
-0.021
-0.023
-0.025
-0.027
-0.028
-0.031
-0.033
-0.035
-0.035
-0.032
-0.028
-0.023
-0.016
-0.005
0.004
0.011
0.016
0.02
0.023
0.024
0.023
0.02
0.015
0.01
0.002
-0.009
-0.014
-0.016
-0.018
-0.02
-0.021
-0.023
-0.024
-0.025
-0.025
-0.026
-0.025
-0.025
-0.025
-0.024
-0.025
-0.025
-0.025
-0.026
-0.026
-0.026
-0.021
-0.017
-0.015
-0.013
-0.01
-0.008
-0.006
-0.002
0.009
0.04
0.094
0.178
0.283
0.389
0.463
0.469
0.426
0.289
0.102
-0.093
-0.244
-0.297
-0.294
-0.23
-0.157
-0.104
-0.074
-0.059
-0.045
-0.03
-0.023
-0.02
-0.019
-0.017
-0.016
-0.015
-0.014
-0.013
-0.012
-0.011
-0.01
-0.009
-0.008
-0.007
-0.007
-0.006
-0.005
-0.003
-0.001
0.002
0.012
0.022
0.03
0.037
0.043
0.047
0.05
0.052
0.053
0.054
0.055
0.055
0.056
0.057
0.058
0.06
0.061
0.063
0.065
0.068
0.071
0.078
0.094
0.106
0.115
0.125
0.131
0.136
0.139
0.142
0.143
0.143
0.142
0.14
0.136
0.131
0.124
0.113
0.106
0.098
0.09
0.081
0.069
0.053
0.042
0.037
0.032
0.027
0.022
0.013
0.0
-0.008
-0.012
-0.014
-0.018
-0.021
-0.025
-0.028
-0.031
-0.034
-0.037
-0.04
-0.041
-0.04
-0.038
-0.035
-0.033
-0.032
-0.031
-0.03
-0.029
-0.029
-0.028
-0.028
-0.027
-0.026
-0.025
-0.023
-0.022
-0.02
-0.019
-0.018
-0.017
-0.016
-0.015
-0.013
-0.012
-0.01
-0.008
-0.005
-0.003
-0.001
0.0
0.0
0.0
0.0
0.0
0.0
0.0
-0.001
-0.002
-0.003
-0.004
-0.005
-0.006
-0.007
-0.008
-0.008
-0.008
-0.008
-0.007
-0.007
-0.006
-0.006
-0.006
-0.006
-0.005
-0.005
-0.005
-0.006
-0.006
-0.007
-0.008
-0.008
-0.008
-0.008
-0.008
-0.008
-0.008
-0.008
-0.007
-0.007
-0.008
-0.008
-0.008
-0.009
-0.01
-0.012
-0.008
-0.001
0.004
0.01
0.016
0.019
0.021
0.023
0.025
0.027
0.029
0.03
0.03
0.026
0.021
0.014
0.009
0.003
-0.002
-0.006
-0.01
-0.014
-0.021
-0.028
-0.028
-0.028
-0.028
-0.029
-0.029
-0.029
-0.028
-0.027
-0.027
-0.026
-0.026
-0.025
-0.024
-0.023
-0.023
-0.024
-0.025
-0.027
-0.028
-0.03
-0.034
-0.034
-0.025
-0.001
0.045
0.115
0.208
0.312
0.411
0.46
0.456
0.385
0.225
0.023
-0.168
-0.304
-0.351
-0.314
-0.227
-0.132
-0.062
-0.044
-0.039
-0.036
-0.032
-0.027
-0.022
-0.015
-0.007
-0.004
-0.003
-0.002
-0.001
-0.001
-0.001
-0.001
-0.002
-0.003
-0.005
-0.006
-0.008
-0.01
-0.01
-0.006
-0.001
0.002
0.005
0.008
0.011
0.014
0.017
0.021
0.024
0.027
0.03
0.032
0.034
0.037
0.039
0.042
0.044
0.046
0.047
0.049
0.052
0.055
0.062
0.072
0.079
0.082
0.084
0.086
0.088
0.09
0.091
0.092
0.092
0.092
0.092
0.091
0.09
0.088
0.086
0.083
0.079
0.071
0.054
0.041
0.031
0.021
0.012
0.002
-0.012
-0.021
-0.028
-0.033
-0.037
-0.04
-0.041
-0.043
-0.043
-0.044
-0.046
-0.047
-0.049
-0.052
-0.054
-0.056
-0.057
-0.058
-0.06
-0.061
-0.063
-0.063
-0.063
-0.064
-0.064
-0.065
-0.064
-0.064
-0.064
-0.065
-0.066
-0.059
-0.049
-0.041
-0.033
-0.029
-0.026
-0.025
-0.023
-0.022
-0.021
-0.021
-0.021
-0.022
-0.022
-0.022
-0.022
-0.023
-0.023
-0.024
-0.025
-0.026
-0.027
-0.028
-0.029
-0.031
-0.032
-0.032
-0.032
-0.032
-0.031
-0.03
-0.029
-0.027
-0.025
-0.023
-0.021
-0.02
-0.019
-0.017
-0.016
-0.014
-0.014
-0.014
-0.016
-0.02
-0.023
-0.026
-0.029
-0.032
-0.035
-0.038
-0.04
-0.042
-0.042
-0.041
-0.039
-0.037
-0.034
-0.032
-0.03
-0.029
-0.027
-0.026
-0.025
-0.024
-0.022
-0.021
-0.019
-0.016
-0.014
-0.011
-0.009
-0.007
-0.005
-0.003
-0.001
0.0
0.002
0.006
0.01
0.015
0.018
0.018
0.018
0.016
0.014
0.011
0.007
0.001
-0.005
-0.011
-0.017
-0.021
-0.025
-0.029
-0.033
-0.036
-0.04
-0.044
-0.047
-0.049
-0.048
-0.044
-0.04
-0.035
-0.029
-0.025
-0.023
-0.02
-0.017
-0.018
-0.031
-0.041
-0.052
-0.057
-0.054
-0.044
-0.018
0.027
0.097
0.188
0.297
0.406
0.493
0.528
0.495
0.384
0.213
0.015
-0.16
-0.275
-0.309
-0.267
-0.187
-0.116
-0.069
-0.058
-0.057
-0.056
-0.056
-0.056
-0.056
-0.054
-0.05
-0.046
-0.041
-0.037
-0.03
-0.025
-0.022
-0.019
-0.017
-0.015
-0.013
-0.011
-0.009
-0.007
-0.004
-0.001
0.0
0.003
0.004
0.006
0.008
0.01
0.011
0.013
0.014
0.017
0.019
0.02
0.022
0.024
0.026
0.029
0.033
0.039
0.046
0.051
0.055
0.061
0.067
0.074
0.081
0.089
0.097
0.101
0.103
0.105
0.106
0.108
0.108
0.108
0.106
0.102
0.099
0.095
0.091
0.087
0.082
0.077
0.071
0.059
0.042
0.029
0.019
0.01
0.0
-0.008
-0.015
-0.02
-0.023
-0.025
-0.027
-0.03
-0.032
-0.035
-0.038
-0.042
-0.048
-0.058
-0.061
-0.062
-0.063
-0.064
-0.066
-0.066
-0.064
-0.062
-0.06
-0.059
-0.058
-0.057
-0.055
-0.053
-0.051
-0.05
-0.048
-0.048
-0.047
-0.046
-0.045
-0.045
-0.045
-0.045
-0.045
-0.044
-0.044
-0.042
-0.041
-0.04
-0.039
-0.038
-0.037
-0.036
-0.035
-0.034
-0.034
-0.034
-0.033
-0.033
-0.032
-0.032
-0.031
-0.03
-0.029
-0.027
-0.026
-0.025
-0.025
-0.026
-0.028
-0.031
