-0.02
-0.021
-0.025
-0.044
-0.057
-0.059
-0.061
-0.063
-0.064
-0.065
-0.065
-0.065
-0.065
-0.064
-0.064
-0.063
-0.062
-0.061
-0.06
-0.06
-0.06
-0.06
-0.062
-0.063
-0.064
-0.065
-0.066
-0.067
-0.069
-0.071
-0.072
-0.074
-0.075
-0.077
-0.079
-0.082
-0.084
-0.087
-0.09
-0.094
-0.101
-0.108
-0.116
-0.126
-0.14
-0.161
-0.179
-0.196
-0.213
-0.232
-0.251
-0.271
-0.286
-0.295
-0.301
-0.305
-0.309
-0.314
-0.318
-0.323
-0.33
-0.345
-0.369
-0.392
-0.415
-0.437
-0.465
-0.499
-0.53
-0.558
-0.585
-0.609
-0.639
-0.676
-0.714
-0.757
-0.793
-0.824
-0.853
-0.872
-0.888
-0.906
-0.923
-0.936
-0.948
-0.959
-0.991
-1.038
-1.106
-1.188
-1.279
-1.368
-1.446
-1.512
-1.534
-1.545
-1.537
-1.481
-1.394
-1.291
-1.189
-1.102
-1.031
-0.972
-0.931
-0.916
-0.91
-0.911
-0.913
-0.914
-0.914
-0.914
-0.915
-0.915
-0.916
-0.917
-0.918
-0.92
-0.92
-0.92
-0.918
-0.917
-0.915
-0.913
-0.911
-0.909
-0.907
-0.905
-0.904
-0.903
-0.902
-0.901
-0.901
-0.9
-0.9
-0.899
-0.898
-0.897
-0.896
-0.895
-0.894
-0.893
-0.892
-0.892
-0.892
-0.893
-0.894
-0.895
-0.895
-0.895
-0.894
-0.894
-0.894
-0.893
-0.892
-0.891
-0.89
-0.888
-0.887
-0.886
-0.884
-0.882
-0.88
-0.877
-0.87
-0.852
-0.835
-0.818
-0.801
-0.777
-0.743
-0.704
-0.667
-0.633
-0.6
-0.569
-0.538
-0.509
-0.483
-0.456
-0.434
-0.418
-0.4
-0.384
-0.371
-0.359
-0.349
-0.341
-0.335
-0.328
-0.321
-0.312
-0.303
-0.294
-0.283
-0.273
-0.263
-0.254
-0.248
-0.243
-0.239
-0.235
-0.232
-0.229
-0.226
-0.223
-0.22
-0.217
-0.214
-0.211
-0.208
-0.205
-0.202
-0.199
-0.197
-0.194
-0.191
-0.188
-0.185
-0.182
-0.179
-0.176
-0.172
-0.168
-0.163
-0.157
-0.15
-0.143
-0.137
-0.131
-0.125
-0.119
-0.114
-0.109
-0.103
-0.097
-0.091
-0.085
-0.08
-0.075
-0.07
-0.065
-0.06
-0.058
-0.058
-0.059
-0.061
-0.063
-0.066
-0.069
-0.074
-0.078
-0.08
-0.077
-0.069
-0.059
-0.048
-0.034
-0.021
-0.008
0.0
0.007
0.013
0.017
0.021
0.025
0.029
0.033
0.038
0.043
0.051
0.064
0.077
0.093
0.104
0.112
0.119
0.124
0.127
0.128
0.126
0.121
0.115
0.106
0.092
0.061
0.001
-0.065
-0.135
-0.205
-0.271
-0.32
-0.337
-0.327
-0.299
-0.227
-0.135
-0.035
0.058
0.139
0.206
0.268
0.288
0.296
0.302
0.283
0.271
0.264
0.259
0.254
0.251
0.249
0.247
0.246
0.246
0.248
0.251
0.255
0.261
0.267
0.274
0.282
0.298
0.312
0.324
0.331
0.337
0.342
0.347
0.35
0.351
0.349
0.345
0.34
0.334
0.328
0.322
0.317
0.311
0.304
0.299
0.294
0.29
0.286
0.281
0.275
0.265
0.248
0.233
0.219
0.203
0.186
0.168
0.151
0.134
0.125
0.117
0.111
0.107
0.106
0.108
0.113
0.12
0.129
0.142
0.162
0.178
0.194
0.21
0.232
0.251
0.267
0.282
0.296
0.307
0.316
0.324
0.332
0.34
0.347
0.352
0.356
0.361
0.364
0.368
0.37
0.372
0.372
0.372
0.37
0.367
0.364
0.36
0.355
0.35
0.345
0.341
0.337
0.333
0.328
0.322
0.316
0.311
0.307
0.303
0.299
0.295
0.29
0.286
0.281
0.275
0.269
0.263
0.258
0.254
0.25
0.248
0.245
0.243
0.24
0.238
0.236
0.235
0.233
0.23
0.227
0.223
0.219
0.216
0.212
0.209
0.206
0.202
0.199
0.195
0.192
0.189
0.185
0.182
0.179
0.176
0.173
0.17
0.165
0.159
0.15
0.14
0.129
0.117
0.1
0.08
0.075
0.073
0.071
0.07
0.069
0.068
0.068
0.068
0.068
0.07
0.072
0.076
0.08
0.083
0.087
0.091
0.094
0.097
0.101
0.105
0.109
0.112
0.115
0.116
0.117
0.117
0.116
0.114
0.111
0.106
0.1
0.092
0.084
0.047
-0.019
-0.107
-0.209
-0.317
-0.415
-0.486
-0.511
-0.502
-0.473
-0.384
-0.256
-0.106
0.039
0.159
0.216
0.235
0.217
0.16
0.117
0.108
0.102
0.098
0.094
0.092
0.091
0.088
0.086
0.083
0.081
0.078
0.077
0.076
0.074
0.071
0.069
0.066
0.064
0.062
0.06
0.059
0.057
0.054
0.051
0.048
0.045
0.043
0.041
0.038
0.037
0.035
0.032
0.03
0.026
0.017
0.006
-0.006
-0.021
-0.039
-0.055
-0.068
-0.076
-0.084
-0.093
-0.102
-0.11
-0.119
-0.128
-0.136
-0.143
-0.151
-0.158
-0.163
-0.17
-0.176
-0.18
-0.182
-0.18
-0.175
-0.168
-0.159
-0.14
-0.112
-0.09
-0.065
-0.039
-0.013
0.007
0.023
0.039
0.052
0.063
0.076
0.089
0.097
0.104
0.11
0.115
0.12
0.122
0.124
0.125
0.126
0.126
0.126
0.126
0.126
0.127
0.127
0.128
0.128
0.128
0.127
0.127
0.125
0.123
0.119
0.114
0.11
0.106
0.102
0.099
0.097
0.094
0.092
0.09
0.089
0.088
0.087
0.085
0.085
0.084
0.084
0.084
0.084
0.084
0.083
0.082
0.081
0.08
0.079
0.077
0.076
0.075
0.074
0.073
0.073
0.072
0.072
0.071
0.07
0.068
0.065
0.061
0.057
0.053
0.048
0.043
0.038
0.033
0.028
0.023
0.017
0.009
-0.004
-0.011
-0.01
-0.009
-0.009
-0.009
-0.01
-0.011
-0.012
-0.012
-0.013
-0.013
-0.012
-0.01
-0.007
-0.002
0.001
0.006
0.011
0.015
0.019
0.022
0.025
0.03
0.034
0.038
0.041
0.043
0.043
0.043
0.041
0.038
0.033
0.026
0.016
-0.001
-0.039
-0.102
-0.182
-0.276
-0.374
-0.464
-0.538
-0.563
-0.554
-0.524
-0.425
-0.287
-0.132
0.011
0.117
0.164
0.18
0.165
0.121
0.087
0.08
0.076
0.073
0.071
0.069
0.068
0.065
0.063
0.06
0.058
0.056
0.055
0.054
0.053
0.052
0.049
0.047
0.042
0.035
0.026
0.019
0.011
0.003
-0.003
-0.008
-0.012
-0.016
-0.019
-0.023
-0.027
-0.03
-0.034
-0.037
-0.042
-0.048
-0.056
-0.065
-0.075
-0.086
-0.098
-0.112
-0.125
-0.136
-0.15
-0.166
-0.181
-0.197
-0.213
-0.233
-0.244
-0.252
-0.258
-0.262
-0.265
-0.265
-0.263
-0.258
-0.253
-0.245
-0.236
-0.219
-0.204
-0.186
-0.159
-0.131
-0.101
-0.074
-0.054
-0.039
-0.021
0.003
0.029
0.052
0.069
0.082
0.098
0.109
0.116
0.121
0.125
0.128
0.13
0.132
0.133
0.134
0.135
0.136
0.136
0.136
0.136
0.136
0.136
0.136
0.136
0.136
0.135
0.134
0.132
0.129
0.127
0.125
0.122
0.119
0.117
0.114
0.108
0.102
0.1
0.102
0.106
0.11
0.112
0.116
0.119
0.121
0.123
0.122
0.12
0.116
0.112
0.108
0.102
0.096
0.093
0.093
0.095
0.098
0.099
0.101
0.102
0.103
0.105
0.106
0.106
0.104
0.1
0.096
0.091
0.086
0.081
0.076
0.07
0.065
0.059
0.054
0.05
0.047
0.043
0.04
0.037
0.034
0.033
0.031
0.031
0.03
0.031
0.032
0.035
0.038
0.042
0.046
0.05
0.055
0.061
0.067
0.073
0.081
0.087
0.092
0.096
0.101
0.105
0.108
0.11
0.111
0.112
0.112
0.111
0.11
0.108
0.103
0.097
0.09
0.063
0.008
-0.069
-0.164
-0.27
-0.378
-0.471
-0.528
-0.548
-0.531
-0.478
-0.366
-0.229
-0.083
0.051
0.129
0.155
0.142
0.102
0.066
0.054
0.05
0.05
0.05
0.05
0.05
0.051
0.051
0.05
0.05
0.05
0.05
0.051
0.052
0.051
0.049
0.047
0.044
0.041
0.038
0.036
0.034
0.032
0.03
0.027
0.025
0.022
0.019
0.016
0.013
0.009
0.006
0.002
-0.003
-0.008
-0.014
-0.019
-0.026
-0.035
-0.047
-0.059
-0.075
-0.095
-0.111
-0.123
-0.136
-0.153
-0.174
-0.191
-0.204
-0.215
-0.223
-0.229
-0.233
-0.235
-0.232
-0.225
-0.217
-0.207
-0.196
-0.185
-0.173
-0.154
-0.124
-0.092
-0.062
-0.037
-0.019
-0.006
0.01
0.03
0.045
0.053
0.06
0.066
0.071
0.079
0.089
0.101
0.111
0.12
0.124
0.126
0.127
0.128
0.129
0.13
0.13
0.13
0.129
0.127
0.126
0.125
0.124
0.123
0.122
0.121
0.12
0.119
0.118
0.117
0.116
0.115
0.113
0.113
0.112
0.112
0.111
0.11
0.109
0.107
0.105
0.103
0.101
0.098
0.095
0.092
0.089
0.087
0.085
0.083
0.081
0.08
0.079
0.078
0.077
0.076
0.075
0.074
0.072
0.07
0.069
0.068
0.067
0.067
0.065
0.063
0.061
0.057
0.052
0.042
0.031
0.023
0.015
0.006
-0.007
-0.014
-0.02
-0.025
-0.029
-0.032
-0.033
-0.033
-0.031
-0.029
-0.026
-0.023
-0.021
-0.019
-0.017
-0.014
-0.012
-0.01
-0.007
-0.005
-0.003
0.0
0.002
0.004
0.007
0.01
0.015
0.02
0.025
0.03
0.034
0.039
0.044
0.048
0.048
0.043
0.033
0.004
-0.047
-0.119
-0.209
-0.313
-0.421
-0.52
-0.592
-0.607
-0.593
-0.511
-0.373
-0.204
-0.036
0.095
0.159
0.181
0.171
0.142
0.103
0.078
0.072
0.067
0.065
0.062
0.059
0.056
0.053
0.05
0.046
0.043
0.04
0.037
0.033
0.03
0.027
0.024
0.022
0.019
0.016
0.012
0.008
0.003
-0.001
-0.006
-0.011
-0.016
-0.022
-0.027
-0.033
-0.039
-0.046
-0.052
-0.059
-0.065
-0.07
-0.074
-0.079
-0.088
-0.105
-0.12
-0.131
-0.145
-0.163
-0.184
-0.203
-0.222
-0.237
-0.246
-0.253
-0.26
-0.265
-0.27
-0.273
-0.275
-0.273
-0.268
-0.261
-0.252
-0.238
-0.224
-0.21
-0.196
-0.184
-0.168
-0.151
-0.134
-0.117
-0.099
-0.08
-0.057
-0.038
-0.024
-0.013
0.0
0.013
0.026
0.039
0.044
0.046
0.048
0.05
0.051
0.053
0.054
0.055
0.056
0.056
0.057
0.058
0.058
0.059
0.059
0.058
0.058
0.056
0.055
0.054
0.053
0.052
0.051
0.05
0.049
0.048
0.048
0.047
0.047
0.047
0.047
0.046
0.045
0.043
0.042
0.042
0.043
0.044
0.047
0.05
0.052
0.053
0.055
0.056
0.058
0.06
0.061
0.062
0.063
0.063
0.064
0.065
0.065
0.065
0.064
0.063
0.062
0.061
0.06
0.058
0.056
0.054
0.051
0.049
0.046
0.043
0.039
0.029
0.021
0.013
0.01
0.007
0.004
0.002
0.0
-0.001
-0.002
-0.002
-0.002
-0.001
0.0
0.002
0.004
0.007
0.01
0.014
0.019
0.025
0.032
0.04
0.048
0.053
0.058
0.063
0.067
0.07
0.072
0.073
0.073
0.072
0.071
0.068
0.064
0.059
0.04
0.004
-0.053
-0.135
-0.241
-0.362
-0.48
-0.573
-0.61
-0.604
-0.536
-0.407
-0.252
-0.093
0.052
0.168
0.221
0.239
0.224
0.178
0.131
0.109
0.101
0.098
0.1
0.105
0.109
0.113
0.115
0.11
0.101
0.094
0.086
0.08
0.076
0.073
0.071
0.07
0.068
0.067
0.066
0.065
0.064
0.062
0.061
0.059
0.058
0.056
0.053
0.051
0.048
0.042
0.032
0.024
0.018
0.011
0.003
-0.006
-0.021
-0.039
-0.053
-0.062
-0.07
-0.076
-0.087
-0.103
-0.119
-0.137
-0.151
-0.16
-0.168
-0.177
-0.186
-0.195
-0.199
-0.2
-0.201
-0.203
-0.202
-0.192
-0.181
-0.169
-0.157
-0.142
-0.121
-0.099
-0.076
-0.053
-0.032
-0.012
0.007
0.027
0.048
0.065
0.077
0.085
0.088
0.09
0.091
0.092
0.093
0.094
0.094
0.094
0.095
0.095
0.095
0.096
0.095
0.095
0.094
0.094
0.094
0.093
0.093
0.092
0.091
0.09
0.088
0.088
0.087
0.086
0.085
0.084
0.084
0.084
0.084
0.084
0.084
0.083
0.082
0.08
0.078
0.077
0.075
0.073
0.07
0.067
0.064
0.061
0.058
0.055
0.051
0.047
0.043
0.039
0.036
0.033
0.03
0.026
0.023
0.019
0.016
0.014
0.011
0.008
0.005
0.002
0.0
-0.002
-0.005
-0.008
-0.013
-0.019
-0.031
-0.042
-0.053
-0.064
-0.075
-0.08
-0.083
-0.087
-0.09
-0.092
-0.095
-0.096
-0.097
-0.098
-0.098
-0.098
-0.098
-0.097
-0.095
-0.092
-0.09
-0.087
-0.085
-0.083
-0.08
-0.078
-0.076
-0.073
-0.069
-0.067
-0.065
-0.064
-0.064
-0.064
-0.065
-0.067
-0.07
-0.082
-0.112
-0.157
-0.219
-0.301
-0.4
-0.508
-0.612
-0.693
-0.724
-0.717
-0.656
-0.542
-0.39
-0.219
-0.063
0.047
0.095
0.1
0.077
0.029
-0.013
-0.03
-0.036
-0.038
-0.04
-0.041
-0.042
-0.043
-0.045
-0.047
-0.049
-0.052
-0.055
-0.058
-0.061
-0.065
-0.073
-0.08
-0.086
-0.093
-0.098
-0.102
-0.105
-0.108
-0.111
-0.114
-0.116
-0.118
-0.12
-0.122
-0.124
-0.126
-0.128
-0.13
-0.132
-0.134
-0.136
-0.139
-0.144
-0.153
-0.171
-0.184
-0.194
-0.207
-0.221
-0.234
-0.246
-0.256
-0.264
-0.272
-0.278
-0.287
-0.296
-0.298
-0.299
-0.3
-0.3
-0.296
-0.286
-0.276
-0.262
-0.25
-0.234
-0.214
-0.195
-0.176
-0.157
-0.14
-0.115
-0.088
-0.058
-0.037
-0.011
0.009
0.027
0.044
0.057
0.067
0.079
0.088
0.094
0.101
0.108
0.115
0.123
0.132
0.14
0.148
0.152
0.154
0.155
0.157
0.159
0.16
0.162
0.163
0.163
0.164
0.164
0.165
0.166
0.166
0.165
0.164
0.163
0.162
0.161
0.161
0.16
0.159
0.158
0.157
0.157
0.157
0.157
0.156
0.156
0.155
0.154
0.153
0.153
0.153
0.152
0.151
0.15
0.149
0.149
0.149
0.148
0.147
0.145
0.142
0.14
0.134
0.118
0.103
0.092
0.083
0.07
0.055
0.047
0.043
0.04
0.037
0.037
0.037
0.04
0.043
0.048
0.054
0.064
0.075
0.086
0.098
0.109
0.121
0.132
0.142
0.15
0.156
0.162
0.168
0.173
0.177
0.18
0.182
0.182
0.18
0.175
0.168
0.158
0.138
0.101
0.053
-0.01
-0.093
-0.19
-0.287
-0.372
-0.423
-0.427
-0.393
-0.29
-0.143
0.017
0.161
0.269
0.322
0.339
0.328
0.297
0.262
0.244
0.236
0.233
0.231
0.229
0.228
0.227
0.225
0.223
0.221
0.219
0.218
0.216
0.215
0.213
0.211
0.208
0.205
0.2
0.195
0.19
0.186
0.18
0.169
0.152
0.138
0.128
0.118
0.105
0.09
0.076
0.06
0.045
0.034
0.027
0.018
0.005
-0.011
-0.026
-0.041
-0.055
-0.069
-0.085
-0.104
-0.122
-0.151
-0.182
-0.2
-0.21
-0.216
-0.22
-0.222
-0.222
-0.219
-0.214
-0.207
-0.2
-0.19
-0.183
-0.178
-0.169
-0.152
-0.13
-0.108
-0.085
-0.064
-0.048
-0.036
-0.024
-0.015
-0.008
-0.002
0.002
0.008
0.016
0.026
0.036
0.041
0.044
0.047
0.049
0.051
0.051
0.051
0.05
0.048
0.044
0.039
0.034
0.029
0.025
0.019
0.013
0.008
0.004
0.0
-0.001
-0.003
-0.004
-0.006
-0.006
-0.007
-0.007
-0.008
-0.008
-0.009
-0.009
-0.01
-0.01
-0.01
-0.011
-0.011
-0.011
-0.011
-0.01
-0.008
-0.006
-0.003
-0.001
0.0
0.003
0.006
0.009
0.011
0.014
0.016
0.019
0.023
0.027
0.03
0.032
0.032
0.03
0.026
0.022
0.016
0.009
0.001
-0.014
-0.025
-0.032
-0.038
-0.043
-0.047
-0.049
-0.05
-0.047
-0.042
-0.036
-0.028
-0.019
-0.009
0.002
0.016
0.033
0.051
0.061
0.067
0.072
0.076
0.079
0.081
0.083
0.085
0.086
0.087
0.088
0.089
0.091
0.093
0.096
0.095
0.083
0.051
-0.001
-0.07
-0.155
-0.252
-0.356
-0.452
-0.513
-0.533
-0.512
-0.451
-0.333
-0.188
-0.033
0.106
0.207
0.249
0.251
0.224
0.181
0.145
0.134
0.128
0.123
0.12
0.114
0.106
0.098
0.092
0.086
0.082
0.083
0.086
0.089
0.092
0.095
0.096
0.092
0.081
0.071
0.065
0.06
0.056
0.051
0.047
0.043
0.039
0.035
0.033
0.031
0.03
0.028
0.026
0.023
0.015
-0.002
-0.015
-0.023
-0.031
-0.038
-0.047
-0.057
-0.075
-0.09
-0.103
-0.114
-0.123
-0.134
-0.147
-0.16
-0.173
-0.185
-0.193
-0.198
-0.202
-0.206
-0.207
-0.207
-0.203
-0.196
-0.186
-0.168
-0.139
-0.111
-0.085
-0.06
-0.035
-0.01
0.014
0.039
0.064
0.081
0.091
0.102
0.113
0.119
0.122
0.125
0.128
0.13
0.132
0.134
0.135
0.136
0.136
0.135
0.135
0.133
0.131
0.128
0.124
0.121
0.117
0.113
0.11
0.105
0.099
0.093
0.088
0.084
0.081
0.078
0.075
0.071
0.066
0.061
0.056
0.051
0.047
0.044
0.042
0.039
0.038
0.036
0.034
0.033
0.031
0.029
0.027
0.026
0.024
0.023
0.022
0.022
0.021
0.021
0.021
0.02
0.019
0.018
0.017
0.016
0.015
0.014
0.013
0.011
0.01
0.008
0.006
0.004
0.001
-0.001
-0.005
-0.01
-0.021
-0.03
-0.038
-0.042
-0.045
-0.048
-0.05
-0.053
-0.054
-0.056
-0.056
-0.057
-0.057
-0.057
-0.056
-0.055
-0.053
-0.05
-0.047
-0.044
-0.04
-0.036
-0.031
-0.022
-0.012
-0.002
0.009
0.022
0.028
0.032
0.035
0.037
0.038
0.038
0.034
0.027
0.018
0.002
-0.022
-0.06
-0.115
-0.195
-0.302
-0.426
-0.55
-0.65
-0.694
-0.691
-0.632
-0.501
-0.326
-0.139
0.028
0.152
0.204
0.208
0.173
0.113
0.073
0.065
0.059
0.055
0.052
0.05
0.048
0.046
0.043
0.04
0.037
0.035
0.034
0.034
0.033
0.031
0.028
0.022
0.011
0.002
-0.005
-0.009
-0.012
-0.014
-0.016
-0.018
-0.02
-0.022
-0.024
-0.027
-0.03
-0.033
-0.036
-0.04
-0.045
-0.051
-0.059
-0.067
-0.074
-0.082
-0.094
-0.111
-0.125
-0.136
-0.146
-0.158
-0.171
-0.184
-0.197
-0.208
-0.218
-0.227
-0.235
-0.241
-0.245
-0.247
-0.25
-0.253
-0.255
-0.255
-0.249
-0.238
-0.221
-0.196
-0.17
-0.147
-0.125
-0.101
-0.075
-0.05
-0.03
-0.015
0.003
0.019
0.032
0.043
0.052
0.057
0.061
0.064
0.066
0.068
0.07
0.07
0.071
0.071
0.07
0.068
0.065
0.062
0.059
0.055
0.052
0.05
0.048
0.046
0.045
0.043
0.041
0.039
0.038
0.036
0.035
0.034
0.033
0.032
0.031
0.031
0.031
0.03
0.029
0.029
0.028
0.027
0.026
0.025
0.024
0.024
0.024
0.024
0.023
0.023
0.023
0.023
0.023
0.022
0.02
0.019
0.017
0.016
0.014
0.012
0.008
-0.001
-0.009
-0.015
-0.019
-0.022
-0.025
-0.027
-0.029
-0.029
-0.028
-0.025
-0.02
-0.015
-0.009
-0.003
0.006
0.016
0.026
0.037
0.056
0.081
0.091
0.096
0.1
0.104
0.106
0.107
0.108
0.109
0.108
0.107
0.105
0.102
0.098
0.091
0.084
0.07
0.043
0.002
-0.055
-0.131
-0.227
-0.337
-0.446
-0.532
-0.56
-0.55
-0.469
-0.32
-0.139
0.04
0.187
0.258
0.282
0.267
0.221
0.185
0.178
0.173
0.17
0.167
0.165
0.163
0.16
0.156
0.152
0.149
0.146
0.144
0.142
0.141
0.138
0.136
0.133
0.131
0.128
0.125
0.122
0.118
0.116
0.113
0.11
0.107
0.104
0.1
0.096
0.091
0.083
0.074
0.066
0.058
0.05
0.043
0.036
0.029
0.022
0.015
0.009
0.002
-0.012
-0.038
-0.059
-0.071
-0.082
-0.091
-0.098
-0.104
-0.109
-0.112
-0.112
-0.108
-0.102
-0.096
-0.09
-0.084
-0.077
-0.069
-0.06
-0.051
-0.042
-0.032
-0.022
-0.013
-0.004
0.011
0.042
0.063
0.073
0.081
0.087
0.092
0.095
0.1
0.11
0.118
0.12
0.121
0.12
0.114
0.109
0.105
0.101
0.096
0.09
0.084
0.08
0.075
0.07
0.067
0.064
0.062
0.06
0.059
0.057
0.056
0.055
0.055
0.056
0.056
0.055
0.054
0.053
0.051
0.049
0.047
0.045
0.042
0.04
0.038
0.036
0.033
0.029
0.025
0.02
0.019
0.02
0.022
0.025
0.028
0.031
0.036
0.034
0.015
0.001
-0.009
-0.019
-0.028
-0.037
-0.044
-0.051
-0.059
-0.066
-0.073
-0.078
-0.083
-0.093
-0.111
-0.12
-0.124
-0.128
-0.131
-0.133
-0.134
-0.133
-0.132
-0.131
-0.129
-0.126
-0.123
-0.119
-0.115
-0.11
-0.106
-0.103
-0.1
-0.098
-0.096
-0.095
-0.093
-0.092
-0.089
-0.086
-0.083
-0.083
-0.09
-0.101
-0.136
-0.182
-0.244
-0.319
-0.414
-0.527
-0.654
-0.779
-0.873
-0.899
-0.89
-0.823
-0.71
-0.572
-0.438
-0.327
-0.246
-0.203
-0.188
-0.183
-0.188
-0.196
-0.204
-0.211
-0.217
-0.221
-0.223
-0.226
-0.23
-0.233
-0.232
-0.224
-0.212
-0.2
-0.183
-0.179
-0.177
-0.176
-0.175
-0.174
-0.173
-0.172
-0.171
-0.169
-0.168
-0.167
-0.166
-0.164
-0.162
-0.158
-0.157
-0.163
-0.175
-0.188
-0.204
-0.215
-0.229
-0.248
-0.279
-0.314
-0.332
-0.343
-0.35
-0.354
-0.354
-0.348
-0.339
-0.325
-0.304
-0.283
-0.262
-0.242
-0.222
-0.202
-0.185
-0.173
-0.164
-0.157
-0.138
-0.109
-0.073
-0.054
-0.023
0.005
0.042
0.085
0.13
0.167
0.201
0.224
0.251
0.274
0.31
0.326
0.33
0.334
0.336
0.337
0.337
0.337
0.335
0.334
0.332
0.33
0.329
0.326
0.322
0.317
0.312
0.305
0.294
0.285
0.274
0.261
0.238
0.205
0.179
0.171
0.165
0.158
0.152
0.147
0.142
0.138
0.134
0.13
0.127
0.121
0.101
0.071
0.051
0.03
0.009
-0.009
-0.026
-0.04
-0.053
-0.061
-0.066
-0.065
-0.055
-0.039
-0.017
0.001
0.015
0.023
0.029
0.034
0.038
0.038
0.032
0.023
0.007
-0.01
-0.02
-0.029
-0.041
-0.057
-0.078
-0.102
-0.123
-0.136
-0.145
-0.145
-0.137
-0.125
-0.11
-0.088
-0.054
-0.014
0.022
0.041
0.053
0.059
0.064
0.07
0.074
0.079
0.084
0.09
0.095
0.098
0.099
0.1
0.102
0.104
0.103
0.096
0.076
0.048
0.007
-0.05
-0.126
-0.22
-0.323
-0.421
-0.496
-0.521
-0.513
-0.448
-0.332
-0.185
-0.027
0.129
0.256
0.328
0.339
0.323
0.27
0.215
0.182
0.172
0.178
0.186
0.192
0.182
0.166
0.146
0.132
0.125
0.119
0.115
0.112
0.108
0.102
0.092
0.087
0.085
0.083
0.081
0.08
0.078
0.077
0.075
0.073
0.071
0.069
0.066
0.064
0.061
0.057
0.05
0.042
0.036
0.029
0.015
-0.003
-0.015
-0.025
-0.034
-0.046
-0.06
-0.074
-0.089
-0.106
-0.123
-0.141
-0.159
-0.177
-0.195
-0.207
-0.214
-0.218
-0.218
-0.213
-0.203
-0.188
-0.166
-0.145
-0.125
-0.104
-0.084
-0.068
-0.055
-0.044
-0.03
-0.013
0.002
0.018
0.033
0.051
0.072
0.094
0.106
0.113
0.118
0.121
0.122
0.12
0.114
0.107
0.1
0.095
0.089
0.083
0.078
0.072
0.068
0.064
0.061
0.058
0.054
0.049
0.041
0.035
0.029
0.025
0.021
0.018
0.017
0.021
0.031
0.04
0.046
0.051
0.055
0.06
0.064
0.067
0.071
0.073
0.074
0.074
0.074
0.074
0.073
0.072
0.072
0.071
0.07
0.068
0.067
0.066
0.064
0.061
0.058
0.055
0.05
0.042
0.024
0.007
-0.003
-0.007
-0.009
-0.009
-0.01
-0.011
-0.012
-0.013
-0.014
-0.014
-0.014
-0.014
-0.014
-0.012
-0.009
-0.006
-0.002
0.002
0.006
0.012
0.025
0.037
0.051
0.063
0.069
0.072
0.075
0.077
0.079
0.081
0.081
0.08
0.077
0.072
0.066
0.042
0.007
-0.051
-0.141
-0.257
-0.389
-0.521
-0.631
-0.686
-0.688
-0.645
-0.531
-0.371
-0.192
-0.026
0.106
0.168
0.173
0.132
0.067
0.013
-0.005
-0.01
-0.012
-0.015
-0.019
-0.024
-0.029
-0.036
-0.043
-0.049
-0.051
-0.05
-0.045
-0.04
-0.036
-0.031
-0.028
-0.029
-0.035
-0.043
-0.05
-0.06
-0.068
-0.075
-0.081
-0.086
-0.091
-0.096
-0.101
-0.107
-0.111
-0.116
-0.12
-0.124
-0.128
-0.131
-0.134
-0.136
-0.139
-0.144
-0.153
-0.173
-0.188
-0.196
-0.203
-0.209
-0.216
-0.225
-0.236
-0.244
-0.249
-0.252
-0.255
-0.257
-0.258
-0.256
-0.252
-0.246
-0.24
-0.23
-0.214
-0.199
-0.178
-0.152
-0.126
-0.1
-0.074
-0.049
-0.026
-0.002
0.01
0.016
0.021
0.025
0.03
0.036
0.041
0.048
0.058
0.072
0.082
0.089
0.092
0.093
0.095
0.096
0.098
0.099
0.1
0.1
0.101
0.102
0.104
0.105
0.106
0.107
0.108
0.11
0.112
0.115
0.119
0.123
0.128
0.136
0.151
0.164
0.174
0.19
0.217
0.233
0.24
0.246
0.251
0.254
0.256
0.256
0.255
0.254
0.25
0.245
0.24
0.233
0.223
0.203
0.187
0.172
0.157
0.141
0.12
0.094
0.077
0.068
0.059
0.049
0.04
0.034
0.028
0.022
0.018
0.015
0.014
0.016
0.02
0.024
