-0.024
-0.021
-0.017
-0.011
-0.009
-0.013
-0.02
-0.024
-0.026
-0.029
-0.031
-0.034
-0.036
-0.036
-0.037
-0.037
-0.037
-0.036
-0.035
-0.033
-0.031
-0.028
-0.025
-0.023
-0.021
-0.019
-0.016
-0.013
-0.011
-0.011
-0.013
-0.016
-0.02
-0.022
-0.025
-0.028
-0.031
-0.035
-0.037
-0.037
-0.036
-0.034
-0.031
-0.029
-0.027
-0.025
-0.023
-0.021
-0.019
-0.017
-0.017
-0.017
-0.018
-0.019
-0.021
-0.022
-0.024
-0.025
-0.027
-0.028
-0.029
-0.03
-0.03
-0.031
-0.032
-0.033
-0.034
-0.036
-0.036
-0.037
-0.038
-0.038
-0.039
-0.04
-0.04
-0.041
-0.041
-0.043
-0.045
-0.047
-0.048
-0.049
-0.048
-0.046
-0.044
-0.042
-0.039
-0.037
-0.035
-0.033
-0.031
-0.028
-0.026
-0.023
-0.019
-0.015
-0.008
0.019
0.076
0.162
0.276
0.422
0.585
0.746
0.851
0.858
0.787
0.586
0.322
0.054
-0.151
-0.231
-0.237
-0.189
-0.134
-0.115
-0.11
-0.105
-0.099
-0.078
-0.043
-0.012
0.003
0.013
0.02
0.023
0.02
0.015
0.012
0.011
0.009
0.007
0.006
0.005
0.004
0.004
0.004
0.005
0.006
0.007
0.009
0.011
0.013
0.015
0.016
0.017
0.019
0.02
0.022
0.023
0.023
0.023
0.024
0.024
0.024
0.023
0.022
0.021
0.02
0.018
0.017
0.017
0.016
0.014
0.012
0.011
0.012
0.016
0.021
0.025
0.027
0.028
0.03
0.032
0.033
0.035
0.036
0.037
0.037
0.038
0.039
0.039
0.04
0.04
0.04
0.04
0.04
0.04
0.041
0.041
0.041
0.041
0.042
0.044
0.045
0.046
0.048
0.053
0.056
0.056
0.054
0.053
0.051
0.049
0.049
0.053
0.058
0.061
0.062
0.064
0.065
0.067
0.069
0.07
0.072
0.072
0.073
0.073
0.074
0.075
0.076
0.077
0.081
0.072
0.057
0.041
0.034
0.03
0.027
0.024
0.022
0.02
0.017
0.014
0.012
0.011
0.01
0.008
0.007
0.005
0.004
0.003
0.001
0.0
0.0
0.0
0.0
0.0
0.0
0.002
0.004
0.005
0.007
0.009
0.011
0.012
0.013
0.013
0.013
0.014
0.015
0.016
0.017
0.018
0.019
0.02
0.021
0.022
0.023
0.024
0.024
0.025
0.025
0.026
0.026
0.026
0.026
0.025
0.024
0.024
0.023
0.022
0.021
0.02
0.019
0.018
0.017
0.017
0.016
0.014
0.012
0.009
0.008
0.007
0.008
0.008
0.009
0.009
0.009
0.009
0.01
0.012
0.012
0.013
0.013
0.014
0.014
0.015
0.015
0.015
0.014
0.013
0.012
0.012
0.012
0.012
0.011
0.01
0.01
0.01
0.01
0.01
0.01
0.009
0.009
0.009
0.009
0.008
0.008
0.007
0.006
0.006
0.005
0.004
0.003
0.002
0.0
-0.002
-0.004
-0.006
-0.007
-0.009
-0.011
-0.013
-0.015
-0.017
-0.018
-0.019
-0.019
-0.019
-0.019
-0.02
-0.02
-0.02
-0.02
-0.02
-0.02
-0.021
-0.021
-0.022
-0.022
-0.023
-0.022
-0.022
-0.022
-0.022
-0.021
-0.02
-0.019
-0.018
-0.018
-0.018
-0.018
-0.018
-0.018
-0.018
-0.018
-0.018
-0.018
-0.018
-0.017
-0.017
-0.017
-0.017
-0.017
-0.017
-0.017
-0.017
-0.018
-0.018
-0.018
-0.018
-0.018
-0.018
-0.019
-0.019
-0.019
-0.019
-0.019
-0.018
-0.018
-0.017
-0.016
-0.016
-0.014
-0.013
-0.013
-0.012
-0.012
-0.01
-0.009
-0.008
-0.007
-0.004
-0.001
0.002
0.005
0.008
0.01
0.013
0.017
0.022
0.036
0.067
0.123
0.212
0.338
0.502
0.688
0.866
0.978
0.984
0.898
0.66
0.356
0.062
-0.148
-0.227
-0.23
-0.167
-0.09
-0.033
-0.02
-0.017
-0.025
-0.05
-0.072
-0.079
-0.082
-0.081
-0.077
-0.072
-0.064
-0.049
-0.043
-0.041
-0.039
-0.038
-0.037
-0.036
-0.035
-0.034
-0.032
-0.031
-0.029
-0.028
-0.027
-0.026
-0.025
-0.023
-0.022
-0.021
-0.021
-0.019
-0.017
-0.015
-0.013
-0.012
-0.011
-0.01
-0.01
-0.009
-0.008
-0.008
-0.009
-0.009
-0.009
-0.01
-0.011
-0.012
-0.009
-0.002
0.001
0.005
0.009
0.012
0.012
0.008
0.003
-0.001
-0.006
-0.012
-0.018
-0.021
-0.02
-0.017
-0.013
-0.006
0.002
0.007
0.011
0.016
0.016
0.014
0.013
0.012
0.011
0.011
0.01
0.009
0.008
0.006
0.005
0.003
0.002
0.0
0.0
-0.003
-0.01
-0.01
-0.001
0.007
0.016
0.023
0.026
0.028
0.03
0.031
0.032
0.032
0.031
0.029
0.026
0.023
0.018
0.009
0.0
-0.006
-0.009
-0.012
-0.015
-0.017
-0.02
-0.022
-0.023
-0.025
-0.027
-0.03
-0.034
-0.04
-0.044
-0.046
-0.047
-0.048
-0.049
-0.049
-0.05
-0.051
-0.051
-0.051
-0.052
-0.052
-0.051
-0.05
-0.048
-0.046
-0.044
-0.043
-0.041
-0.039
-0.037
-0.034
-0.031
-0.028
-0.025
-0.022
-0.02
-0.017
-0.015
-0.012
-0.009
-0.004
-0.001
0.0
0.001
0.001
0.001
0.001
0.001
0.002
0.002
0.002
0.002
0.003
0.003
0.002
0.002
0.002
0.001
0.0
0.0
0.0
0.0
0.0
0.001
0.001
0.001
0.001
0.001
0.001
0.0
0.0
0.0
0.0
0.0
0.0
0.0
0.0
0.0
0.0
0.0
0.001
0.001
0.002
0.002
0.002
0.002
0.002
0.002
0.002
0.003
0.003
0.003
0.003
0.003
0.003
0.003
0.003
0.003
0.003
0.003
0.003
0.003
0.003
0.003
0.002
0.002
0.002
0.003
0.002
0.002
0.002
0.002
0.002
0.003
0.003
0.004
0.004
0.004
0.004
0.006
0.007
0.006
0.005
0.005
0.004
0.003
0.002
0.002
0.004
0.006
0.009
0.011
0.013
0.014
0.015
0.017
0.018
0.02
0.023
0.025
0.028
0.031
0.034
0.038
0.042
0.047
0.051
0.053
0.055
0.058
0.062
0.068
0.077
0.088
0.097
0.105
0.112
0.118
0.122
0.125
0.127
0.128
0.13
0.131
0.132
0.132
0.13
0.128
0.125
0.122
0.119
0.115
0.113
0.113
0.114
0.115
0.116
0.116
0.117
0.118
0.119
0.12
0.121
0.122
0.125
0.128
0.131
0.144
0.18
0.237
0.321
0.445
0.613
0.81
0.995
1.103
1.103
0.997
0.742
0.425
0.12
-0.098
-0.172
-0.171
-0.097
-0.012
0.042
0.06
0.058
0.041
0.028
0.02
0.016
0.013
0.012
0.012
0.012
0.014
0.016
0.017
0.019
0.021
0.022
0.022
0.021
0.019
0.018
0.017
0.015
0.014
0.015
0.017
0.017
0.019
0.02
0.021
0.02
0.019
0.018
0.017
0.016
0.015
0.014
0.013
0.013
0.014
0.015
0.017
0.018
0.018
0.019
0.02
0.021
0.021
0.022
0.022
0.022
0.023
0.023
0.023
0.023
0.023
0.023
0.023
0.022
0.022
0.022
0.022
0.022
0.022
0.022
0.022
0.022
0.022
0.022
0.022
0.021
0.021
0.02
0.02
0.019
0.019
0.018
0.017
0.016
0.014
0.013
0.012
0.011
0.008
0.005
0.003
0.001
0.0
0.0
-0.001
-0.003
-0.005
-0.006
-0.005
-0.004
-0.002
-0.001
0.0
0.0
0.0
-0.003
-0.009
-0.015
-0.025
-0.035
-0.048
-0.065
-0.076
-0.082
-0.088
-0.094
-0.1
-0.105
-0.111
-0.116
-0.121
-0.126
-0.131
-0.138
-0.143
-0.146
-0.149
-0.152
-0.154
-0.15
-0.143
-0.139
-0.136
-0.133
-0.131
-0.129
-0.126
-0.123
-0.12
-0.116
-0.113
-0.111
-0.108
-0.106
-0.103
-0.101
-0.099
-0.097
-0.096
-0.094
-0.092
-0.091
-0.089
-0.087
-0.085
-0.083
-0.08
-0.077
-0.073
-0.07
-0.066
-0.063
-0.059
-0.055
-0.052
-0.049
-0.05
-0.052
-0.056
-0.06
-0.064
-0.068
-0.073
-0.074
-0.071
-0.066
-0.061
-0.058
-0.056
-0.055
-0.053
-0.051
-0.049
-0.047
-0.045
-0.044
-0.042
-0.04
-0.038
-0.037
-0.037
-0.036
-0.036
-0.036
-0.035
-0.035
-0.034
-0.033
-0.032
-0.031
-0.029
-0.028
-0.026
-0.025
-0.025
-0.024
-0.024
-0.024
-0.024
-0.024
-0.023
-0.023
-0.021
-0.019
-0.017
-0.016
-0.017
-0.02
-0.022
-0.024
-0.027
-0.029
-0.032
-0.032
-0.031
-0.028
-0.026
-0.024
-0.021
-0.018
-0.016
-0.015
-0.014
-0.014
-0.016
-0.017
-0.019
-0.021
-0.023
-0.024
-0.023
-0.019
-0.016
-0.013
-0.012
-0.009
-0.007
-0.005
-0.002
0.0
0.001
0.002
0.003
0.005
0.006
0.007
0.008
0.008
0.008
0.008
0.008
0.009
0.01
0.011
0.012
0.013
0.014
0.014
0.015
0.015
0.014
0.014
0.014
0.014
0.014
0.014
0.015
0.015
0.015
0.015
0.015
0.015
0.015
0.014
0.013
0.013
0.013
0.013
0.013
0.014
0.014
0.015
0.016
0.017
0.018
0.019
0.021
0.023
0.029
0.046
0.076
0.128
0.212
0.336
0.507
0.707
0.9
1.038
1.066
0.953
0.704
0.371
0.035
-0.219
-0.323
-0.328
-0.248
-0.134
-0.04
-0.007
-0.005
-0.03
-0.048
-0.054
-0.056
-0.051
-0.042
-0.037
-0.034
-0.031
-0.028
-0.026
-0.024
-0.022
-0.02
-0.018
-0.016
-0.014
-0.013
-0.012
-0.012
-0.011
-0.01
-0.009
-0.008
-0.006
-0.004
-0.003
-0.002
0.0
0.0
0.001
0.002
0.003
0.005
0.006
0.008
0.01
0.011
0.013
0.015
0.017
0.019
0.021
0.023
0.024
0.025
0.026
0.026
0.027
0.027
0.027
0.028
0.029
0.03
0.031
0.031
0.031
0.032
0.032
0.033
0.034
0.034
0.035
0.035
0.036
0.037
0.038
0.038
0.039
0.04
0.04
0.041
0.043
0.044
0.045
0.046
0.047
0.048
0.05
0.05
0.051
0.052
0.053
0.055
0.057
0.059
0.062
0.066
0.069
0.071
0.074
0.076
0.079
0.081
0.085
0.088
0.088
0.084
0.077
0.071
0.064
0.057
0.049
0.044
0.04
0.036
0.032
0.028
0.025
0.02
0.016
0.009
0.0
-0.006
-0.009
-0.01
-0.011
-0.012
-0.013
-0.014
-0.014
-0.014
-0.014
-0.013
-0.012
-0.01
-0.008
-0.005
-0.002
0.0
0.001
0.003
0.004
0.005
0.006
0.007
0.008
0.009
0.01
0.011
0.011
0.012
0.013
0.014
0.014
0.015
0.015
0.015
0.015
0.015
0.015
0.015
0.015
0.015
0.014
0.013
0.013
0.013
0.013
0.012
0.011
0.01
0.009
0.008
0.007
0.006
0.005
0.004
0.003
0.003
0.002
0.002
0.001
0.0
-0.001
-0.002
-0.003
-0.004
-0.005
-0.006
-0.007
-0.008
-0.009
-0.009
-0.01
-0.01
-0.011
-0.012
-0.014
-0.016
-0.017
-0.019
-0.02
-0.021
-0.022
-0.023
-0.024
-0.025
-0.026
-0.027
-0.028
-0.029
-0.03
-0.031
-0.032
-0.033
-0.034
-0.035
-0.036
-0.036
-0.037
-0.037
-0.037
-0.037
-0.038
-0.038
-0.039
-0.039
-0.039
-0.039
-0.038
-0.038
-0.038
-0.037
-0.037
-0.037
-0.036
-0.036
-0.036
-0.036
-0.036
-0.035
-0.035
-0.034
-0.034
-0.033
-0.033
-0.033
-0.033
-0.033
-0.033
-0.033
-0.033
-0.033
-0.032
-0.032
-0.031
-0.03
-0.03
-0.029
-0.028
-0.027
-0.026
-0.024
-0.022
-0.021
-0.02
-0.02
-0.02
-0.019
-0.019
-0.019
-0.019
-0.019
-0.018
-0.018
-0.017
-0.017
-0.017
-0.017
-0.017
-0.017
-0.016
-0.015
-0.015
-0.015
-0.015
-0.014
-0.013
-0.013
-0.011
-0.01
-0.009
-0.008
-0.006
-0.004
-0.001
0.002
0.007
0.027
0.063
0.118
0.203
0.322
0.472
0.639
0.796
0.889
0.893
0.82
0.614
0.326
0.029
-0.212
-0.349
-0.378
-0.327
-0.238
-0.147
-0.092
-0.069
-0.062
-0.059
-0.056
-0.054
-0.051
-0.05
-0.048
-0.047
-0.046
-0.045
-0.043
-0.042
-0.04
-0.039
-0.038
-0.036
-0.034
-0.033
-0.031
-0.029
-0.028
-0.026
-0.026
-0.025
-0.023
-0.022
-0.02
-0.019
-0.017
-0.015
-0.013
-0.011
-0.009
-0.007
-0.006
-0.005
-0.004
-0.002
-0.001
0.0
0.0
0.001
0.001
0.002
0.003
0.004
0.005
0.007
0.008
0.01
0.011
0.012
0.013
0.014
0.015
0.016
0.018
0.02
0.022
0.027
0.038
0.048
0.054
0.058
0.062
0.065
0.067
0.068
0.068
0.068
0.068
0.067
0.066
0.066
0.065
0.064
0.063
0.063
0.065
0.07
0.075
0.079
0.082
0.086
0.089
0.092
0.094
0.095
0.097
0.098
0.099
0.101
0.102
0.104
0.106
0.107
0.106
0.105
0.101
0.097
0.088
0.074
0.064
0.058
0.052
0.046
0.04
0.033
0.023
0.014
0.005
-0.001
-0.004
-0.006
-0.008
-0.01
-0.011
-0.011
-0.011
-0.011
-0.01
-0.009
-0.008
-0.006
-0.004
-0.002
0.0
0.0
0.001
0.002
0.003
0.004
0.005
0.005
0.006
0.006
0.007
0.008
0.009
0.009
0.01
0.01
0.011
0.011
0.011
0.01
0.011
0.011
0.011
0.01
0.01
0.01
0.009
0.009
0.008
0.008
0.007
0.005
0.004
0.003
0.001
0.0
-0.004
-0.007
-0.01
-0.013
-0.016
-0.018
-0.02
-0.022
-0.024
-0.026
-0.027
-0.028
-0.029
-0.03
-0.031
-0.031
-0.031
-0.031
-0.03
-0.029
-0.029
-0.028
-0.027
-0.026
-0.025
-0.024
-0.022
-0.016
-0.016
-0.021
-0.023
-0.025
-0.026
-0.027
-0.029
-0.029
-0.029
-0.029
-0.03
-0.03
-0.03
-0.03
-0.029
-0.029
-0.028
-0.027
-0.027
-0.026
-0.025
-0.022
-0.02
-0.022
-0.026
-0.029
-0.031
-0.033
-0.034
-0.035
-0.036
-0.035
-0.034
-0.032
-0.03
-0.029
-0.027
-0.025
-0.023
-0.022
-0.021
-0.02
-0.019
-0.019
-0.018
-0.018
-0.017
-0.017
-0.017
-0.016
-0.016
-0.015
-0.014
-0.013
-0.013
-0.013
-0.012
-0.012
-0.011
-0.009
-0.008
-0.007
-0.006
-0.005
-0.003
-0.002
-0.001
-0.001
-0.001
-0.002
-0.002
-0.003
-0.003
-0.004
-0.005
-0.005
-0.006
-0.006
-0.006
-0.006
-0.008
-0.009
-0.01
-0.011
-0.011
-0.01
-0.009
-0.008
-0.007
-0.006
-0.005
-0.004
-0.003
-0.002
-0.001
0.0
0.0
0.001
0.002
0.003
0.004
0.005
0.008
0.012
0.03
0.06
0.11
0.185
0.293
0.432
0.586
0.738
0.848
0.87
0.774
0.571
0.302
0.027
-0.189
-0.31
-0.332
-0.286
-0.216
-0.15
-0.109
-0.077
-0.048
-0.04
-0.038
-0.037
-0.037
-0.038
-0.039
-0.041
-0.042
-0.038
-0.033
-0.03
-0.028
-0.027
-0.026
-0.025
-0.023
-0.021
-0.019
-0.017
-0.015
-0.014
-0.012
-0.011
-0.01
-0.009
-0.008
-0.008
-0.007
-0.006
-0.005
-0.005
-0.004
-0.003
-0.002
0.0
0.001
0.002
0.004
0.005
0.006
0.007
0.008
0.009
0.01
0.011
0.012
0.014
0.016
0.018
0.021
0.023
0.026
0.028
0.03
0.031
0.033
0.034
0.035
0.037
0.038
0.04
0.042
0.045
0.048
0.05
0.052
0.054
0.056
0.059
0.065
0.08
0.09
0.095
0.099
0.101
0.099
0.096
0.092
0.09
0.088
0.086
0.085
0.083
0.081
0.08
0.079
0.079
0.078
0.077
0.076
0.075
0.074
0.074
0.073
0.071
0.069
0.067
0.065
0.062
0.058
0.052
0.042
0.036
0.029
0.022
0.012
0.002
-0.005
-0.014
-0.023
-0.03
-0.036
-0.041
-0.044
-0.044
-0.045
-0.045
-0.046
-0.047
-0.047
-0.048
-0.048
-0.045
-0.041
-0.038
-0.036
-0.034
-0.031
-0.029
-0.027
-0.025
-0.024
-0.022
-0.021
-0.019
-0.018
-0.016
-0.015
-0.013
-0.011
-0.009
-0.007
-0.005
-0.003
-0.002
-0.001
0.0
0.0
0.001
0.001
0.001
0.002
0.002
0.002
0.002
0.002
0.002
0.002
0.001
0.0
-0.003
-0.006
-0.009
-0.018
-0.027
-0.029
-0.031
-0.032
-0.03
-0.027
-0.025
-0.024
-0.022
-0.021
-0.02
-0.019
-0.018
-0.017
-0.016
-0.015
-0.015
-0.016
-0.016
-0.017
-0.018
-0.019
-0.02
-0.021
-0.022
-0.024
-0.025
-0.027
-0.03
-0.038
-0.042
-0.047
-0.051
-0.044
-0.04
-0.038
-0.036
-0.034
-0.034
-0.033
-0.033
-0.033
-0.033
-0.033
-0.034
-0.034
-0.035
-0.036
-0.037
-0.038
-0.04
-0.042
-0.044
-0.043
-0.04
-0.037
-0.035
-0.034
-0.033
-0.032
-0.031
-0.031
-0.03
-0.029
-0.029
-0.029
-0.028
-0.027
-0.025
-0.024
-0.023
-0.022
-0.021
-0.02
-0.019
-0.017
-0.015
-0.013
-0.011
-0.006
-0.001
0.002
0.003
0.002
0.0
0.0
-0.001
-0.003
-0.005
-0.006
-0.005
-0.003
0.0
0.001
0.002
0.004
0.005
0.006
0.007
0.007
0.007
0.007
0.006
0.004
0.002
0.001
0.0
-0.002
-0.004
-0.007
-0.009
-0.009
-0.008
-0.006
-0.004
-0.002
0.0
0.004
0.006
0.004
0.002
0.0
-0.001
-0.002
-0.004
-0.004
-0.004
-0.004
-0.004
-0.002
0.0
0.002
0.011
0.043
0.104
0.2
0.33
0.489
0.653
0.799
0.858
0.849
0.736
0.517
0.241
-0.019
-0.207
-0.283
-0.29
-0.246
-0.173
-0.106
-0.081
-0.075
-0.071
-0.068
-0.067
-0.065
-0.064
-0.063
-0.062
-0.061
-0.06
-0.058
-0.057
-0.056
-0.055
-0.053
-0.05
-0.046
-0.04
-0.031
-0.023
-0.018
-0.016
-0.013
-0.011
-0.01
-0.008
-0.007
-0.007
-0.007
-0.007
-0.007
-0.006
-0.006
-0.006
-0.005
-0.004
-0.004
-0.004
-0.005
-0.005
-0.006
-0.006
-0.007
-0.007
-0.006
-0.004
-0.001
0.0
0.002
0.003
0.005
0.006
0.007
0.007
0.008
0.008
0.008
0.009
0.009
0.01
0.01
0.011
0.012
0.012
0.013
0.013
0.013
0.013
0.014
0.014
0.014
0.014
0.015
0.016
0.016
0.017
0.018
0.019
0.02
0.021
0.022
0.023
0.024
0.025
0.026
0.026
0.028
0.028
0.029
0.03
0.031
0.031
0.032
0.033
0.035
0.037
0.039
0.04
0.038
0.036
0.032
0.027
0.023
0.019
0.014
0.01
0.007
0.004
0.0
-0.006
-0.015
-0.019
-0.022
-0.025
-0.027
-0.028
-0.03
-0.031
-0.032
-0.032
-0.033
-0.033
-0.034
-0.035
-0.036
-0.037
-0.038
-0.039
-0.039
-0.04
-0.041
-0.041
-0.041
-0.039
-0.036
-0.033
-0.03
-0.027
-0.025
-0.022
-0.019
-0.016
-0.014
-0.013
-0.012
-0.011
-0.011
-0.01
-0.009
-0.007
-0.006
-0.004
-0.002
-0.002
-0.004
-0.005
-0.006
-0.007
-0.007
-0.008
-0.008
-0.008
-0.008
-0.008
-0.008
-0.009
-0.009
-0.009
-0.01
-0.011
-0.012
-0.013
-0.015
-0.016
-0.018
-0.019
-0.02
-0.021
-0.021
-0.022
-0.023
-0.024
-0.025
-0.026
-0.027
-0.028
-0.03
-0.031
-0.032
-0.033
-0.033
-0.033
-0.033
-0.033
-0.033
-0.033
-0.033
-0.032
-0.032
-0.032
-0.033
-0.033
-0.033
-0.033
-0.034
-0.034
-0.036
-0.037
-0.038
-0.038
-0.037
-0.036
-0.036
-0.035
-0.034
-0.033
-0.032
-0.032
-0.033
-0.035
-0.036
-0.037
-0.039
-0.04
-0.041
-0.042
-0.041
-0.039
-0.035
-0.031
-0.028
-0.024
-0.02
-0.017
-0.015
-0.016
-0.017
-0.02
-0.022
-0.024
-0.027
-0.03
-0.031
-0.029
-0.025
-0.019
-0.011
0.0
0.01
0.019
0.026
0.031
0.032
0.033
0.033
0.033
0.033
0.033
0.033
0.033
0.034
0.034
0.033
0.033
0.033
0.033
0.032
0.032
0.031
0.031
0.03
0.03
0.031
0.031
0.03
0.03
0.031
0.031
0.032
0.033
0.034
0.035
0.035
0.036
0.036
0.037
0.038
0.038
0.038
0.039
0.04
0.043
0.046
0.048
0.048
0.047
0.044
0.042
0.039
0.035
0.032
0.035
0.041
0.051
0.064
0.087
0.128
0.198
0.303
0.442
0.608
0.774
0.912
0.975
0.92
0.745
0.481
0.209
-0.003
-0.127
-0.162
-0.128
-0.072
-0.026
0.0
0.006
0.011
0.014
0.015
0.015
0.014
0.013
0.011
0.01
0.008
0.005
0.002
0.001
0.004
0.01
0.016
0.019
0.021
0.023
0.025
0.028
0.03
0.033
0.036
0.038
0.04
0.042
0.044
0.046
0.047
0.048
0.048
0.049
0.05
0.05
0.051
0.052
0.053
0.054
0.055
0.056
0.057
0.057
0.057
0.057
0.057
0.057
0.057
0.058
0.059
0.059
0.06
0.061
0.061
0.062
0.062
0.062
0.063
0.064
0.064
0.065
0.066
0.068
0.069
0.07
0.071
0.071
0.071
0.07
0.068
0.065
0.063
0.06
0.057
0.056
0.054
0.052
0.051
0.05
0.05
0.049
0.049
0.048
0.047
0.047
0.046
0.046
0.045
0.045
0.045
0.045
0.045
0.046
0.046
0.045
0.045
0.043
0.042
0.04
0.037
0.028
0.019
0.012
0.006
0.001
-0.003
-0.009
-0.015
-0.022
-0.03
-0.038
-0.045
-0.051
-0.057
-0.061
-0.064
-0.066
-0.067
-0.068
-0.069
-0.07
-0.071
-0.071
-0.071
-0.072
-0.072
-0.073
-0.073
-0.074
-0.075
-0.075
-0.075
-0.074
-0.074
-0.073
-0.072
-0.071
-0.07
-0.068
-0.066
-0.065
-0.063
-0.059
-0.052
-0.046
-0.041
-0.034
-0.022
-0.013
-0.007
-0.003
-0.002
-0.001
-0.001
-0.001
-0.001
-0.001
-0.001
0.0
0.0
0.0
-0.001
-0.001
-0.002
-0.002
-0.002
-0.003
-0.003
-0.004
-0.004
-0.004
-0.004
-0.005
-0.005
-0.006
-0.006
-0.007
-0.008
-0.01
-0.012
-0.014
-0.017
-0.021
-0.027
-0.031
-0.034
-0.038
-0.042
-0.042
-0.034
-0.03
-0.028
-0.027
-0.025
-0.023
-0.021
-0.02
-0.018
-0.017
-0.016
-0.016
-0.016
-0.016
-0.017
-0.018
-0.019
-0.021
-0.022
-0.024
-0.025
-0.026
-0.027
-0.028
-0.028
-0.03
-0.031
-0.033
-0.034
-0.035
-0.035
-0.035
-0.034
-0.032
-0.03
-0.027
-0.025
-0.023
-0.021
-0.019
-0.016
-0.014
-0.011
-0.009
-0.008
-0.006
-0.005
-0.004
-0.003
-0.002
-0.002
-0.002
-0.001
-0.001
0.0
0.0
0.0
0.001
0.002
0.003
0.005
0.007
0.009
0.011
0.013
0.018
0.026
0.03
0.032
0.034
0.035
0.036
0.036
0.036
0.035
0.034
0.033
0.032
0.032
0.03
0.029
0.028
0.027
0.027
0.026
0.026
0.026
0.026
0.027
0.029
0.031
0.032
0.033
0.036
0.038
0.042
0.051
0.055
0.058
0.06
0.061
0.063
0.066
0.07
0.082
0.132
0.213
0.333
0.496
0.685
0.867
0.997
1.02
0.909
0.683
0.396
0.114
-0.092
-0.184
-0.195
-0.158
-0.1
-0.048
-0.018
-0.008
-0.004
-0.004
-0.004
-0.004
-0.004
-0.011
-0.017
-0.021
-0.025
-0.027
-0.028
-0.027
-0.024
-0.021
-0.018
-0.015
-0.013
-0.01
-0.007
-0.004
-0.001
0.0
0.002
0.003
0.006
0.01
0.017
0.019
0.019
0.02
0.02
0.021
0.02
0.017
0.015
0.013
0.012
0.01
0.01
0.01
0.01
0.011
0.013
0.015
0.017
0.018
0.02
0.021
0.023
0.024
0.025
0.027
0.027
0.028
0.028
0.028
0.028
0.028
0.029
0.03
0.033
0.035
0.033
0.03
0.028
0.026
0.024
0.023
0.023
0.023
0.024
0.026
0.027
0.028
0.028
0.03
0.031
0.032
0.033
0.034
0.035
0.036
0.037
0.038
0.038
0.038
0.038
0.038
0.038
0.038
0.038
0.038
0.039
0.04
0.04
0.041
0.042
0.043
0.042
0.042
0.04
0.038
0.035
0.031
0.024
0.009
-0.004
-0.014
-0.022
-0.028
-0.034
-0.038
-0.039
-0.041
-0.042
-0.043
-0.044
-0.045
-0.046
-0.047
-0.049
-0.051
-0.052
-0.054
-0.054
-0.054
-0.054
-0.053
-0.052
-0.052
-0.051
-0.051
-0.05
-0.049
-0.048
-0.046
-0.044
-0.042
-0.04
-0.037
-0.034
-0.03
-0.025
-0.022
-0.018
-0.016
-0.015
-0.013
-0.011
-0.01
-0.009
-0.009
-0.01
-0.012
-0.013
-0.014
-0.015
-0.016
-0.017
-0.018
-0.02
-0.021
-0.021
-0.022
-0.022
-0.023
-0.023
-0.023
-0.023
-0.022
-0.022
-0.022
-0.023
-0.024
-0.025
-0.025
-0.026
-0.026
-0.027
-0.027
-0.027
-0.026
-0.025
-0.025
-0.024
-0.024
-0.024
-0.023
-0.022
-0.022
-0.021
-0.02
-0.019
-0.018
-0.016
-0.015
-0.014
-0.014
-0.014
-0.014
-0.014
-0.014
-0.014
-0.014
-0.013
-0.012
-0.014
-0.019
-0.022
-0.024
-0.027
-0.029
-0.03
-0.029
-0.027
-0.025
-0.023
-0.021
-0.02
-0.019
-0.017
-0.016
-0.014
-0.013
-0.012
-0.012
-0.012
-0.012
-0.012
-0.013
-0.013
-0.014
-0.014
-0.015
-0.016
-0.016
-0.015
-0.015
-0.016
-0.019
-0.02
-0.019
-0.014
-0.007
0.004
0.009
0.011
0.013
0.015
0.017
0.019
0.02
0.021
0.022
0.022
0.022
0.023
0.023
0.023
0.022
0.022
0.023
0.024
0.025
0.026
0.027
0.027
0.026
0.025
0.023
0.021
0.018
0.015
0.017
0.02
0.023
0.026
0.028
0.03
0.031
0.031
0.03
0.029
0.027
0.024
0.02
0.017
0.02
0.024
0.027
0.029
0.03
0.032
0.034
0.036
0.039
0.042
0.046
0.06
0.102
0.171
0.271
0.406
0.575
0.757
0.918
0.992
0.983
0.863
0.623
0.33
0.058
-0.124
-0.183
-0.183
-0.127
-0.069
-0.045
-0.039
-0.035
-0.029
-0.024
-0.019
-0.013
-0.008
-0.007
-0.01
-0.014
-0.018
-0.021
-0.024
-0.026
-0.025
-0.023
-0.019
-0.016
-0.014
-0.011
-0.009
-0.007
-0.005
-0.004
-0.002
