-0.051
-0.088
-0.102
-0.107
-0.109
-0.11
-0.111
-0.112
-0.112
-0.113
-0.114
-0.115
-0.116
-0.116
-0.116
-0.116
-0.116
-0.117
-0.118
-0.118
-0.12
-0.123
-0.122
-0.114
-0.108
-0.104
-0.1
-0.094
-0.088
-0.081
-0.072
-0.06
-0.059
-0.072
-0.082
-0.091
-0.1
-0.106
-0.11
-0.115
-0.121
-0.124
-0.122
-0.117
-0.114
-0.111
-0.109
-0.106
-0.103
-0.101
-0.099
-0.097
-0.095
-0.091
-0.084
-0.068
-0.057
-0.05
-0.046
-0.044
-0.046
-0.052
-0.059
-0.065
-0.071
-0.077
-0.079
-0.078
-0.074
-0.07
-0.064
-0.054
-0.045
-0.034
-0.021
-0.015
-0.012
-0.009
-0.006
-0.005
-0.005
-0.007
-0.011
-0.014
-0.018
-0.021
-0.024
-0.028
-0.032
-0.034
-0.037
-0.038
-0.039
-0.04
-0.041
-0.042
-0.043
-0.043
-0.044
-0.047
-0.038
-0.024
-0.009
0.003
0.016
0.028
0.042
0.058
0.076
0.114
0.173
0.255
0.354
0.461
0.548
0.581
0.543
0.429
0.264
0.084
-0.069
-0.163
-0.187
-0.182
-0.136
-0.075
-0.045
-0.045
-0.067
-0.091
-0.099
-0.09
-0.062
-0.046
-0.04
-0.037
-0.039
-0.042
-0.045
-0.048
-0.05
-0.046
-0.038
-0.026
-0.012
-0.006
-0.003
0.0
0.0
0.002
0.004
0.006
0.01
0.014
0.002
-0.017
-0.037
-0.056
-0.066
-0.071
-0.073
-0.062
-0.031
0.004
0.043
0.079
0.099
0.117
0.131
0.14
0.146
0.145
0.132
0.112
0.09
0.076
0.068
0.059
0.051
0.043
0.034
0.03
0.033
0.041
0.065
0.092
0.103
0.113
0.121
0.127
0.132
0.137
0.142
0.148
0.153
0.158
0.163
0.169
0.174
0.178
0.181
0.184
0.184
0.182
0.179
0.174
0.169
0.162
0.152
0.143
0.136
0.13
0.123
0.119
0.118
0.119
0.12
0.122
0.124
0.125
0.118
0.105
0.09
0.072
0.062
0.056
0.05
0.046
0.044
0.044
0.046
0.049
0.051
0.052
0.055
0.057
0.058
0.059
0.056
0.051
0.046
0.043
0.041
0.04
0.037
0.035
0.033
0.031
0.03
0.029
0.028
0.027
0.026
0.025
0.025
0.025
0.026
0.026
0.027
0.027
0.027
0.027
0.027
0.027
0.026
0.025
0.024
0.023
0.022
0.02
0.019
0.018
0.014
0.003
-0.01
-0.029
-0.055
-0.086
-0.107
-0.118
-0.126
-0.125
-0.111
-0.096
-0.079
-0.064
-0.027
0.006
0.023
0.033
0.04
0.039
0.023
0.011
0.0
-0.007
-0.013
-0.018
-0.023
-0.028
-0.032
-0.034
-0.032
-0.026
-0.02
-0.015
-0.01
-0.006
0.0
0.006
0.016
0.025
0.032
0.039
0.045
0.05
0.054
0.055
0.054
0.051
0.047
0.04
0.032
0.014
-0.009
-0.02
-0.028
-0.029
-0.017
-0.004
0.008
0.019
0.031
0.041
0.048
0.056
0.062
0.045
0.015
-0.01
-0.026
-0.037
-0.043
-0.048
-0.052
-0.051
-0.039
-0.01
0.026
0.068
0.124
0.202
0.299
0.403
0.507
0.599
0.658
0.662
0.624
0.49
0.3
0.098
-0.069
-0.183
-0.223
-0.223
-0.187
-0.135
-0.09
-0.057
-0.047
-0.04
-0.038
-0.041
-0.048
-0.057
-0.069
-0.084
-0.085
-0.086
-0.087
-0.087
-0.087
-0.082
-0.076
-0.071
-0.067
-0.063
-0.059
-0.055
-0.049
-0.044
-0.039
-0.034
-0.029
-0.023
-0.019
-0.017
-0.018
-0.02
-0.023
-0.025
-0.027
-0.031
-0.034
-0.033
-0.028
-0.019
-0.004
0.02
0.05
0.07
0.079
0.086
0.086
0.075
0.062
0.048
0.037
0.03
0.025
0.022
0.019
0.017
0.015
0.014
0.014
0.013
0.013
0.013
0.013
0.013
0.012
0.012
0.013
0.018
0.024
0.028
0.033
0.037
0.04
0.039
0.033
0.024
0.014
0.007
0.0
-0.006
-0.013
-0.018
-0.022
-0.025
-0.027
-0.029
-0.033
-0.037
-0.042
-0.047
-0.053
-0.058
-0.063
-0.069
-0.075
-0.08
-0.083
-0.085
-0.086
-0.087
-0.09
-0.094
-0.097
-0.096
-0.092
-0.085
-0.079
-0.077
-0.076
-0.075
-0.073
-0.07
-0.067
-0.065
-0.064
-0.064
-0.063
-0.063
-0.062
-0.061
-0.06
-0.06
-0.061
-0.06
-0.06
-0.059
-0.057
-0.056
-0.054
-0.053
-0.052
-0.051
-0.051
-0.05
-0.051
-0.051
-0.051
-0.05
-0.049
-0.047
-0.045
-0.043
-0.041
-0.039
-0.035
-0.032
-0.029
-0.028
-0.026
-0.026
-0.025
-0.024
-0.023
-0.022
-0.022
-0.021
-0.021
-0.02
-0.02
-0.02
-0.021
-0.023
-0.025
-0.028
-0.03
-0.033
-0.036
-0.039
-0.043
-0.047
-0.045
-0.035
-0.024
-0.017
-0.012
-0.006
-0.001
0.002
0.005
0.007
0.009
0.011
0.013
0.015
0.016
0.017
0.017
0.018
0.019
0.02
0.02
0.02
0.019
0.018
0.017
0.016
0.015
0.013
0.011
0.01
0.008
0.006
0.003
0.001
0.0
-0.001
-0.002
-0.002
-0.001
0.0
0.001
0.004
0.006
0.01
0.014
0.024
0.048
0.064
0.071
0.076
0.081
0.087
0.092
0.099
0.112
0.161
0.259
0.385
0.508
0.586
0.592
0.546
0.409
0.232
0.061
-0.065
-0.144
-0.175
-0.185
-0.175
-0.145
-0.105
-0.064
-0.017
0.027
0.044
0.044
0.029
0.013
-0.001
-0.005
-0.007
-0.009
-0.011
-0.013
-0.013
-0.012
-0.011
-0.01
-0.01
-0.011
-0.01
-0.008
-0.006
-0.004
-0.001
0.0
0.002
0.005
0.008
0.012
0.015
0.019
0.026
0.039
0.045
0.038
0.024
0.013
0.002
-0.007
-0.016
-0.023
-0.03
-0.04
-0.045
-0.038
-0.026
-0.016
-0.007
0.002
0.01
0.018
0.022
0.026
0.029
0.032
0.034
0.037
0.039
0.039
0.038
0.035
0.033
0.03
0.028
0.025
0.022
0.019
0.016
0.013
0.01
0.007
0.004
-0.001
-0.005
-0.006
-0.002
0.002
0.006
0.011
0.013
0.007
-0.003
-0.011
-0.018
-0.024
-0.03
-0.034
-0.038
-0.045
-0.053
-0.042
-0.031
-0.022
-0.017
-0.02
-0.025
-0.028
-0.032
-0.035
-0.038
-0.038
-0.037
-0.036
-0.036
-0.036
-0.037
-0.037
-0.036
-0.034
-0.033
-0.032
-0.032
-0.033
-0.031
-0.028
-0.024
-0.02
-0.016
-0.01
-0.001
0.004
0.001
-0.003
-0.005
-0.007
-0.009
-0.01
-0.011
-0.012
-0.013
-0.014
-0.015
-0.017
-0.017
-0.017
-0.016
-0.015
-0.013
-0.012
-0.01
-0.009
-0.007
-0.005
-0.002
0.0
0.002
0.007
0.019
0.024
0.028
0.032
0.035
0.032
0.023
0.014
0.004
-0.003
-0.01
-0.017
-0.025
-0.024
-0.008
0.001
0.01
0.018
0.022
0.024
0.025
0.027
0.029
0.032
0.035
0.034
0.032
0.03
0.026
0.029
0.047
0.058
0.066
0.072
0.076
0.077
0.076
0.074
0.069
0.062
0.048
0.031
0.026
0.024
0.021
0.019
0.018
0.017
0.017
0.018
0.019
0.02
0.021
0.024
0.027
0.029
0.027
0.02
0.011
0.003
-0.006
-0.014
-0.014
-0.01
0.0
0.027
0.074
0.136
0.215
0.306
0.4
0.483
0.539
0.543
0.509
0.398
0.242
0.078
-0.06
-0.155
-0.187
-0.182
-0.151
-0.126
-0.111
-0.104
-0.095
-0.083
-0.07
-0.06
-0.051
-0.043
-0.037
-0.034
-0.033
-0.033
-0.033
-0.031
-0.028
-0.025
-0.024
-0.027
-0.034
-0.043
-0.048
-0.053
-0.057
-0.06
-0.063
-0.067
-0.069
-0.069
-0.068
-0.066
-0.064
-0.061
-0.057
-0.053
-0.047
-0.039
-0.028
-0.015
-0.007
-0.002
0.002
0.006
0.01
0.015
0.02
0.024
0.028
0.032
0.035
0.037
0.039
0.04
0.04
0.041
0.043
0.044
0.047
0.05
0.052
0.054
0.055
0.056
0.059
0.061
0.064
0.069
0.095
0.137
0.193
0.259
0.324
0.38
0.398
0.404
0.408
0.392
0.361
0.336
0.325
0.32
0.316
0.311
0.303
0.29
0.242
0.153
0.051
-0.035
-0.055
-0.061
-0.064
-0.07
-0.075
-0.084
-0.099
-0.127
-0.143
-0.15
-0.155
-0.159
-0.16
-0.161
-0.161
-0.16
-0.157
-0.152
-0.145
-0.139
-0.135
-0.132
-0.129
-0.124
-0.119
-0.114
-0.109
-0.105
-0.101
-0.098
-0.094
-0.09
-0.087
-0.084
-0.081
-0.078
-0.074
-0.069
-0.063
-0.057
-0.051
-0.045
-0.039
-0.033
-0.027
-0.021
-0.016
-0.013
-0.013
-0.015
-0.019
-0.025
-0.033
-0.049
-0.066
-0.072
-0.075
-0.078
-0.079
-0.077
-0.07
-0.06
-0.042
-0.024
-0.017
-0.011
-0.008
-0.011
-0.018
-0.022
-0.027
-0.032
-0.035
-0.036
-0.034
-0.03
-0.024
-0.019
-0.015
-0.013
-0.01
-0.006
-0.003
0.0
0.003
0.006
0.008
0.01
0.013
0.015
0.019
0.024
0.031
0.046
0.054
0.058
0.061
0.064
0.065
0.066
0.065
0.063
0.061
0.058
0.056
0.053
0.05
0.047
0.046
0.048
0.05
0.054
0.059
0.067
0.083
0.114
0.154
0.197
0.238
0.259
0.288
0.32
0.359
0.373
0.378
0.377
0.375
0.371
0.367
0.384
0.435
0.508
0.595
0.686
0.769
0.812
0.827
0.806
0.745
0.64
0.508
0.372
0.258
0.199
0.192
0.215
0.255
0.268
0.26
0.236
0.197
0.183
0.182
0.191
0.204
0.225
0.252
0.267
0.277
0.272
0.236
0.182
0.114
0.038
-0.038
-0.104
-0.15
-0.173
-0.185
-0.194
-0.198
-0.198
-0.194
-0.187
-0.179
-0.168
-0.159
-0.147
-0.13
-0.117
-0.109
-0.106
-0.109
-0.114
-0.118
-0.121
-0.124
-0.126
-0.126
-0.124
-0.118
-0.111
-0.098
-0.073
-0.056
-0.047
-0.041
-0.036
-0.032
-0.028
-0.026
-0.024
-0.022
-0.021
-0.019
-0.017
-0.016
-0.015
-0.015
-0.015
-0.015
-0.016
-0.016
-0.018
-0.02
-0.023
-0.026
-0.027
-0.029
-0.031
-0.034
-0.037
-0.039
-0.042
-0.044
-0.045
-0.046
-0.048
-0.05
-0.051
-0.052
-0.054
-0.059
-0.061
-0.059
-0.055
-0.051
-0.048
-0.044
-0.043
-0.044
-0.048
-0.053
-0.062
-0.075
-0.082
-0.085
-0.088
-0.091
-0.093
-0.094
-0.095
-0.095
-0.095
-0.095
-0.094
-0.092
-0.09
-0.087
-0.083
-0.078
-0.057
-0.028
-0.014
-0.007
-0.001
-0.001
-0.01
-0.023
-0.039
-0.056
