-0.126
-0.12
-0.112
-0.101
-0.082
-0.055
-0.047
-0.042
-0.037
-0.035
-0.039
-0.048
-0.054
-0.061
-0.066
-0.066
-0.06
-0.047
-0.009
0.045
0.105
0.137
0.161
0.179
0.18
0.163
0.137
0.1
0.057
0.031
0.018
0.01
0.03
0.055
0.077
0.098
0.128
0.157
0.173
0.185
0.183
0.163
0.133
0.095
0.035
-0.02
-0.051
-0.106
-0.168
-0.19
-0.202
-0.21
-0.198
-0.161
-0.1
-0.048
-0.033
-0.023
-0.015
-0.012
-0.013
-0.014
-0.017
-0.021
-0.028
-0.038
-0.035
-0.007
0.008
0.017
0.026
0.034
0.04
0.045
0.051
0.056
0.06
0.065
0.07
0.08
0.098
0.111
0.123
0.133
0.141
0.146
0.155
0.165
0.153
0.139
0.126
0.128
0.148
0.163
0.175
0.187
0.198
0.205
0.212
0.224
0.239
0.241
0.232
0.227
0.224
0.22
0.216
0.213
0.209
0.205
0.197
0.188
0.169
0.135
0.076
0.002
-0.081
-0.161
-0.227
-0.278
-0.295
-0.278
-0.225
-0.088
0.091
0.267
0.371
0.409
0.422
0.437
0.469
0.512
0.537
0.525
0.486
0.4
0.326
0.286
0.261
0.246
0.234
0.223
0.212
0.202
0.192
0.181
0.171
0.162
0.15
0.136
0.119
0.102
0.085
0.078
0.074
0.072
0.07
0.067
0.065
0.064
0.063
0.063
0.062
0.062
0.06
0.058
0.056
0.054
0.053
0.052
0.05
0.05
0.05
0.049
0.048
0.045
0.042
0.038
0.033
0.026
0.018
0.011
0.003
-0.006
-0.017
-0.028
-0.04
-0.053
-0.061
-0.067
-0.073
-0.085
-0.11
-0.13
-0.141
-0.152
-0.164
-0.178
-0.201
-0.232
-0.257
-0.273
-0.255
-0.224
-0.186
-0.164
-0.154
-0.147
-0.142
-0.137
-0.132
-0.128
-0.123
-0.117
-0.108
-0.091
-0.067
-0.043
-0.019
0.003
0.032
0.068
0.107
0.147
0.176
0.196
0.206
0.211
0.217
0.224
0.223
0.212
0.207
0.202
0.198
0.194
0.192
0.192
0.192
0.192
0.19
0.19
0.19
0.193
0.198
0.204
0.208
0.21
0.211
0.215
0.22
0.226
0.229
0.228
0.219
0.208
0.196
0.186
0.179
0.17
0.158
0.146
0.138
0.135
0.137
0.141
0.145
0.149
0.152
0.158
0.17
0.172
0.165
0.155
0.146
0.167
0.19
0.208
0.217
0.21
0.195
0.182
0.17
0.157
0.141
0.125
0.107
0.087
0.077
0.089
0.11
0.122
0.133
0.143
0.152
0.157
0.159
0.158
0.156
0.154
