0.513
0.612
0.718
0.822
0.894
0.919
0.904
0.894
0.89
0.886
0.882
0.878
0.875
0.872
0.869
0.865
0.859
0.854
0.85
0.844
0.837
0.83
0.823
0.815
0.807
0.799
0.793
0.787
0.78
0.773
0.769
0.768
0.77
0.774
0.779
0.784
0.79
0.797
0.804
0.811
0.816
0.818
0.82
0.821
0.823
0.824
0.826
0.827
0.828
0.828
0.829
0.829
0.828
0.825
0.821
0.816
0.811
0.805
0.795
0.784
0.768
0.742
0.709
0.679
0.649
0.63
0.62
0.61
0.596
0.58
0.566
0.552
0.541
0.531
0.524
0.517
0.51
0.504
0.497
0.492
0.487
0.483
0.479
0.475
0.47
0.465
0.46
0.454
0.448
0.441
0.431
0.416
0.413
0.413
0.413
0.412
0.412
0.412
0.411
0.41
0.406
0.402
0.396
0.39
0.383
0.375
0.367
0.362
0.357
0.353
0.352
0.35
0.347
0.345
0.342
0.34
0.336
0.331
0.326
0.322
0.317
0.312
0.306
0.3
0.293
0.286
0.28
0.275
0.271
0.268
0.265
0.262
0.26
0.258
0.257
0.255
0.253
0.251
0.249
0.246
0.242
0.237
0.232
0.227
0.221
0.212
0.199
0.188
0.18
0.174
0.172
0.17
0.168
0.166
0.165
0.164
0.164
0.164
0.163
0.162
0.161
0.16
0.159
0.158
0.157
0.155
0.153
0.152
0.15
0.148
0.146
0.144
0.143
0.142
0.141
0.139
0.137
0.133
0.13
0.127
0.123
0.12
0.117
0.112
0.107
0.102
0.097
0.094
0.09
0.085
0.081
0.076
0.072
0.068
0.065
0.063
0.062
0.062
0.063
0.064
0.067
0.069
0.071
0.075
0.08
0.09
0.089
0.07
0.057
0.045
0.037
0.032
0.029
0.027
0.023
0.018
0.02
0.035
0.043
0.048
0.053
0.057
0.06
0.063
0.064
0.064
0.064
0.062
0.06
0.057
0.054
0.051
0.049
0.047
0.043
0.04
0.036
0.034
0.033
0.036
0.04
0.045
0.05
0.056
0.063
0.071
0.074
0.071
0.063
0.052
0.039
0.018
-0.002
-0.016
-0.024
-0.031
-0.037
-0.044
-0.051
-0.057
-0.064
-0.07
-0.078
-0.086
-0.093
-0.098
-0.098
-0.098
-0.098
-0.098
-0.1
-0.101
-0.103
-0.103
-0.103
-0.104
-0.103
-0.102
-0.1
-0.096
-0.091
-0.085
-0.079
-0.07
-0.057
-0.045
-0.033
0.005
0.054
0.111
0.18
0.248
0.313
0.388
0.467
0.533
0.568
0.58
0.58
0.561
