0.275
0.332
0.388
0.44
0.487
0.502
0.516
0.528
0.549
0.582
0.622
0.649
0.662
0.671
0.671
0.654
0.608
0.559
0.496
0.423
0.355
0.328
0.319
0.314
0.314
0.322
0.332
0.339
0.347
0.354
0.358
0.357
0.351
0.342
0.334
0.328
0.323
0.319
0.315
0.31
0.305
0.301
0.296
0.292
0.288
0.284
0.281
0.277
0.273
0.268
0.262
0.255
0.25
0.246
0.245
0.244
0.245
0.245
0.246
0.247
0.248
0.249
0.25
0.251
0.251
0.251
0.252
0.253
0.254
0.255
0.256
0.257
0.258
0.26
0.262
0.264
0.266
0.268
0.27
0.272
0.275
0.277
0.28
0.283
0.29
0.298
0.302
0.305
0.308
0.311
0.315
0.318
0.32
0.317
0.31
0.299
0.286
0.266
0.251
0.231
0.206
0.179
0.152
0.125
0.096
0.072
0.054
0.036
0.023
0.014
0.005
-0.002
-0.01
-0.017
-0.019
-0.021
-0.023
-0.025
-0.027
-0.029
-0.031
-0.032
-0.033
-0.034
-0.036
-0.036
-0.037
-0.036
-0.036
-0.035
-0.033
-0.032
-0.03
-0.029
-0.027
-0.026
-0.025
-0.025
-0.024
-0.024
-0.023
-0.023
-0.022
-0.022
-0.022
-0.022
-0.022
-0.023
-0.024
-0.025
-0.026
-0.027
-0.029
-0.03
-0.031
-0.032
-0.033
-0.034
-0.035
-0.036
-0.036
-0.037
-0.037
-0.038
-0.039
-0.039
-0.04
-0.04
-0.04
-0.039
-0.039
-0.039
-0.038
-0.038
-0.038
-0.038
-0.039
-0.04
-0.041
-0.043
-0.044
-0.045
-0.045
-0.045
-0.046
-0.046
-0.045
-0.045
-0.045
-0.046
-0.049
-0.055
-0.059
-0.054
-0.045
-0.041
-0.037
-0.034
-0.03
-0.027
-0.024
-0.022
-0.022
-0.023
-0.026
-0.03
-0.035
-0.041
-0.047
-0.053
-0.061
-0.068
-0.074
-0.079
-0.082
-0.086
-0.089
-0.091
-0.094
-0.095
-0.095
-0.093
-0.09
-0.087
-0.083
-0.079
-0.073
-0.067
-0.061
-0.056
-0.049
-0.038
0.001
0.053
0.107
0.159
0.172
0.176
0.179
0.164
0.119
0.073
0.02
-0.037
-0.094
-0.115
-0.125
-0.132
-0.115
-0.092
-0.073
-0.056
-0.05
-0.047
-0.044
-0.042
-0.04
-0.038
-0.037
-0.037
-0.036
-0.036
-0.036
-0.035
-0.035
-0.034
-0.032
-0.031
-0.03
-0.028
-0.026
-0.024
-0.022
-0.019
-0.016
-0.013
-0.011
-0.009
-0.005
-0.001
0.001
0.004
0.008
0.011
0.014
0.017
0.021
0.023
0.025
0.026
0.027
0.028
0.03
0.032
0.034
0.037
0.043
0.058
0.073
0.087
0.102
0.118
0.127
0.134
0.139
0.144
0.15
0.155
0.159
0.165
0.171
0.181
0.195
0.202
0.205
0.208
0.211
0.213
0.212
0.204
0.192
0.177
0.156
0.137
0.116
0.096
0.082
0.068
0.054
0.036
0.024
0.017
0.011
0.005
-0.001
-0.007
-0.012
-0.017
-0.02
-0.023
-0.026
-0.03
-0.033
-0.036
-0.039
-0.043
-0.046
-0.049
-0.051
-0.054
-0.056
-0.059
-0.063
-0.068
-0.072
-0.076
-0.08
-0.084
-0.087
-0.089
-0.092
-0.094
-0.096
-0.098
-0.1
-0.104
-0.107
-0.111
-0.115
-0.118
-0.122
-0.124
-0.125
-0.126
-0.127
-0.127
-0.128
-0.129
-0.131
-0.133
-0.135
-0.137
-0.137
-0.133
-0.127
-0.119
-0.112
-0.108
-0.104
-0.1
-0.096
-0.094
-0.092
-0.091
-0.09
-0.087
-0.085
-0.082
-0.08
-0.078
-0.077
-0.075
-0.074
-0.072
-0.07
-0.068
-0.066
-0.064
-0.061
-0.058
-0.055
-0.052
-0.049
-0.045
-0.042
-0.038
-0.036
-0.034
-0.032
-0.03
-0.028
-0.025
-0.023
-0.022
-0.021
-0.021
-0.02
-0.019
-0.018
-0.016
-0.016
-0.015
-0.014
-0.014
-0.015
-0.016
-0.016
-0.017
-0.017
-0.017
-0.018
-0.018
-0.019
-0.02
-0.021
-0.021
-0.021
-0.02
-0.02
-0.02
-0.019
-0.018
-0.016
-0.013
-0.009
-0.005
-0.001
0.024
0.067
0.12
0.176
0.224
0.241
0.247
0.243
0.23
0.191
0.137
0.076
0.018
-0.02
-0.033
-0.038
-0.034
-0.025
-0.013
0.001
0.009
0.013
0.015
0.018
0.02
0.022
0.023
0.022
0.021
0.018
0.016
0.013
0.007
0.002
0.001
0.007
0.014
0.018
0.021
0.023
0.025
0.027
0.028
0.03
0.032
0.033
0.034
0.034
0.035
0.037
0.04
0.042
0.045
0.048
0.051
0.053
0.055
0.057
0.059
0.061
0.064
0.068
0.072
0.077
0.081
0.086
0.091
0.095
0.1
0.105
0.11
0.115
0.121
0.13
0.139
0.146
0.15
0.153
0.156
0.159
0.161
0.163
0.165
0.166
0.167
0.166
0.164
0.161
0.156
0.15
0.142
0.131
0.111
0.096
0.078
0.054
0.03
0.005
-0.016
-0.033
-0.054
-0.067
-0.076
-0.083
-0.088
-0.093
-0.096
-0.099
-0.102
-0.104
-0.106
-0.107
-0.108
-0.11
-0.111
-0.113
-0.114
-0.116
-0.117
-0.119
-0.12
-0.12
-0.12
-0.118
-0.115
-0.111
-0.107
-0.103
-0.099
-0.094
-0.09
-0.086
-0.083
-0.081
-0.078
-0.075
-0.072
-0.068
-0.064
-0.06
-0.056
-0.053
-0.05
-0.048
-0.046
-0.044
-0.043
-0.042
-0.04
-0.04
-0.039
-0.038
-0.037
-0.035
-0.033
-0.031
-0.029
-0.028
-0.026
-0.025
-0.024
-0.023
-0.021
-0.019
-0.018
-0.017
-0.016
-0.015
-0.014
-0.013
-0.012
-0.012
-0.013
-0.013
-0.014
-0.015
-0.015
-0.016
-0.016
-0.016
-0.017
-0.017
-0.017
-0.017
-0.017
-0.016
-0.015
-0.014
-0.013
-0.011
-0.01
-0.007
-0.004
-0.001
0.001
0.006
0.012
0.017
0.022
0.025
0.027
0.026
0.023
0.018
0.013
0.007
0.002
-0.003
-0.01
-0.017
-0.023
-0.028
-0.033
-0.038
-0.042
-0.045
-0.047
-0.05
-0.052
-0.055
-0.058
-0.061
-0.063
-0.064
-0.064
-0.063
-0.062
-0.061
-0.058
-0.055
-0.05
-0.046
-0.039
-0.032
0.001
0.05
0.11
0.179
0.244
0.28
0.278
0.23
0.128
0.01
-0.098
-0.164
-0.187
-0.188
-0.171
-0.123
-0.07
-0.04
-0.028
-0.024
-0.021
-0.018
-0.016
-0.013
-0.012
-0.011
-0.01
-0.009
-0.009
-0.008
-0.008
-0.008
-0.007
-0.006
-0.004
-0.002
-0.001
0.0
0.0
0.0
0.001
0.002
0.004
0.006
0.009
0.012
0.015
0.019
0.022
0.025
0.028
0.03
0.031
0.032
0.033
0.034
0.036
0.039
0.042
0.046
0.05
0.055
0.06
0.064
0.069
0.075
0.081
0.087
0.095
0.103
0.111
0.119
0.126
0.134
0.141
0.148
0.154
0.159
0.162
0.164
0.166
0.166
0.167
0.167
0.168
0.169
0.171
0.173
0.167
0.153
0.138
0.118
0.097
0.075
0.053
0.031
0.012
-0.004
-0.015
-0.023
-0.026
-0.028
-0.03
-0.031
-0.032
-0.034
-0.035
-0.036
-0.037
-0.037
-0.037
-0.036
-0.035
-0.034
-0.032
-0.031
-0.029
-0.028
-0.027
-0.026
-0.027
-0.028
-0.03
-0.032
-0.033
-0.034
-0.035
-0.035
-0.035
-0.035
-0.035
-0.035
-0.035
-0.034
-0.035
-0.035
-0.036
-0.036
-0.037
-0.038
-0.039
-0.039
-0.038
-0.037
-0.034
-0.032
-0.029
-0.026
-0.023
-0.019
-0.016
-0.013
-0.011
-0.01
-0.008
-0.006
-0.003
0.0
0.002
0.004
0.006
0.008
0.011
0.013
0.015
0.017
0.018
0.02
0.021
0.021
0.022
0.023
0.023
0.023
0.023
0.023
0.023
0.023
0.024
0.024
0.024
0.024
0.024
0.025
0.025
0.026
0.026
0.026
0.026
0.025
0.025
0.025
0.024
0.024
0.024
0.023
0.022
0.021
0.02
0.018
0.017
0.015
0.013
0.01
0.008
0.005
0.003
0.0
-0.002
-0.006
-0.011
-0.017
-0.023
-0.029
-0.034
-0.038
-0.041
-0.043
-0.046
-0.047
-0.049
-0.052
-0.054
-0.057
-0.06
-0.06
-0.059
-0.057
-0.054
-0.048
-0.039
-0.007
0.036
0.098
0.171
0.243
0.267
0.256
0.221
0.125
0.014
-0.09
-0.159
-0.183
-0.182
-0.163
-0.135
-0.099
-0.063
-0.03
-0.018
-0.015
-0.013
-0.011
-0.008
-0.006
-0.004
-0.002
-0.001
-0.001
0.0
0.0
0.001
0.0
0.0
0.0
0.0
0.0
0.0
0.0
0.0
-0.001
0.0
0.0
0.001
0.003
0.004
0.005
0.006
0.007
0.008
0.009
0.011
0.013
0.014
0.016
0.019
0.023
0.027
0.032
0.036
0.04
0.044
0.048
0.053
0.058
0.063
0.068
0.073
0.08
0.087
0.093
0.099
0.105
0.111
0.116
0.123
0.132
0.14
0.145
0.147
0.148
0.15
0.153
0.156
0.157
0.155
0.147
0.136
0.122
0.101
0.087
0.067
0.046
0.028
0.008
-0.012
-0.035
-0.054
-0.066
-0.076
-0.085
-0.092
-0.097
-0.101
-0.104
-0.108
-0.112
-0.115
-0.119
-0.122
-0.125
-0.127
-0.129
-0.13
-0.132
-0.133
-0.134
-0.134
-0.134
-0.134
-0.133
-0.132
-0.131
-0.13
-0.129
-0.128
-0.126
-0.125
-0.124
-0.123
-0.122
-0.121
-0.12
-0.12
-0.119
-0.118
-0.118
-0.119
-0.119
-0.12
-0.12
-0.12
-0.12
-0.12
-0.12
-0.119
-0.119
-0.118
-0.116
-0.115
-0.115
-0.114
-0.114
-0.114
-0.114
-0.114
-0.114
-0.114
-0.115
-0.115
-0.115
-0.115
-0.115
-0.115
-0.116
-0.116
-0.117
-0.117
-0.117
-0.117
-0.117
-0.117
-0.116
-0.116
-0.116
-0.116
-0.115
-0.114
-0.113
-0.112
-0.111
-0.109
-0.107
-0.104
-0.1
-0.096
-0.093
-0.089
-0.085
-0.081
-0.077
-0.073
-0.069
-0.064
-0.06
-0.055
-0.051
-0.047
-0.044
-0.041
-0.039
-0.036
-0.034
-0.031
-0.028
-0.026
-0.024
-0.025
-0.026
-0.029
-0.032
-0.034
-0.036
-0.037
-0.039
-0.04
-0.043
-0.045
-0.047
-0.049
-0.05
-0.051
-0.052
-0.053
-0.053
-0.054
-0.054
-0.054
-0.054
-0.058
-0.064
-0.056
-0.031
0.011
0.072
0.148
0.226
0.278
0.295
0.273
0.208
0.101
-0.011
-0.104
-0.148
-0.164
-0.157
-0.136
-0.096
-0.06
-0.022
-0.009
-0.004
-0.002
-0.001
0.0
0.002
0.006
0.011
0.016
0.021
0.025
0.029
0.032
0.035
0.04
0.045
0.05
0.055
0.058
0.061
0.065
0.068
0.071
0.074
0.077
0.079
0.082
0.085
0.088
0.091
0.094
0.097
0.101
0.105
0.109
0.113
0.116
0.119
0.122
0.125
0.13
0.136
0.143
0.149
0.154
0.158
0.161
0.163
0.166
0.168
0.171
0.174
0.177
0.18
0.184
0.187
0.19
0.193
0.197
0.202
0.207
0.212
0.215
0.215
0.213
0.21
0.206
0.201
0.194
0.181
0.169
0.154
0.135
0.117
0.099
0.083
0.067
0.05
0.034
0.019
0.003
-0.01
-0.02
-0.032
-0.043
-0.052
-0.06
-0.068
-0.071
-0.072
-0.074
-0.075
-0.076
-0.077
-0.078
-0.079
-0.079
-0.08
-0.08
-0.081
-0.081
-0.081
-0.081
-0.081
-0.08
-0.08
-0.08
-0.08
-0.08
-0.08
-0.079
-0.078
-0.077
-0.077
-0.077
-0.077
-0.077
-0.077
-0.077
-0.077
-0.077
-0.078
-0.078
-0.078
-0.078
-0.078
-0.078
-0.078
-0.079
-0.079
-0.08
-0.079
-0.079
-0.078
-0.077
-0.077
-0.076
-0.075
-0.074
-0.073
-0.072
-0.072
-0.071
-0.07
-0.068
-0.067
-0.065
-0.063
-0.061
-0.059
-0.057
-0.056
-0.054
-0.054
-0.054
-0.055
-0.056
-0.057
-0.058
-0.059
-0.06
-0.061
-0.062
-0.062
-0.062
-0.063
-0.063
-0.064
-0.065
-0.067
-0.068
-0.068
-0.069
-0.069
-0.069
-0.068
-0.067
-0.065
-0.064
-0.062
-0.06
-0.058
-0.056
-0.052
-0.046
-0.04
-0.034
-0.03
-0.027
-0.023
-0.022
-0.022
-0.026
-0.03
-0.036
-0.043
-0.052
-0.058
-0.062
-0.068
-0.075
-0.079
-0.081
-0.083
-0.085
-0.086
-0.087
-0.087
-0.088
-0.088
-0.087
-0.087
-0.086
-0.084
-0.081
-0.078
-0.073
-0.056
-0.014
0.046
0.123
0.208
0.277
0.308
0.284
0.21
0.108
-0.001
-0.091
-0.142
-0.158
-0.153
-0.135
-0.1
-0.065
-0.036
-0.021
-0.012
-0.006
-0.003
-0.006
-0.011
-0.014
-0.017
-0.02
-0.022
-0.023
-0.021
-0.018
-0.013
-0.008
-0.003
0.003
0.01
0.014
0.019
0.022
0.024
0.026
0.027
0.029
0.032
0.034
0.037
0.04
0.044
0.051
0.063
0.072
0.081
0.09
0.102
0.118
0.136
0.147
0.154
0.161
0.168
0.175
0.184
0.192
0.199
0.205
0.211
0.218
0.229
0.245
0.255
0.261
0.267
0.274
0.281
0.292
0.304
0.309
0.312
0.315
0.316
0.317
0.317
0.315
0.311
0.307
0.303
0.296
0.29
0.284
0.274
0.261
0.239
0.216
0.195
0.172
0.145
0.13
0.115
0.1
0.084
0.066
0.052
0.044
0.038
0.035
0.032
0.027
0.021
0.013
0.007
0.003
0.0
-0.003
-0.007
-0.012
-0.023
-0.031
-0.032
-0.032
-0.033
-0.034
-0.034
-0.034
-0.034
-0.036
-0.038
-0.04
-0.043
-0.046
-0.05
-0.053
-0.06
-0.066
-0.071
-0.073
-0.076
-0.082
-0.094
-0.104
-0.11
-0.117
-0.125
-0.131
-0.136
-0.14
-0.145
-0.149
-0.153
-0.158
-0.163
-0.168
-0.172
-0.176
-0.179
-0.18
-0.18
-0.177
-0.172
-0.167
-0.162
-0.158
-0.153
-0.15
-0.146
-0.144
-0.141
-0.139
-0.138
-0.137
-0.135
-0.134
-0.132
-0.131
-0.129
-0.128
-0.126
-0.124
-0.122
-0.12
-0.118
-0.116
-0.114
-0.11
-0.106
-0.103
-0.102
-0.103
-0.105
-0.107
-0.109
-0.112
-0.114
-0.111
-0.107
-0.105
-0.104
-0.103
-0.102
-0.102
-0.101
-0.1
-0.099
-0.098
-0.097
-0.096
-0.095
-0.094
-0.094
-0.094
-0.093
-0.092
-0.09
-0.088
-0.085
-0.076
-0.068
-0.063
-0.059
-0.055
-0.052
-0.05
-0.047
-0.045
-0.043
-0.04
-0.039
-0.039
-0.04
-0.043
-0.047
-0.052
-0.062
-0.079
-0.088
-0.095
-0.099
-0.101
-0.099
-0.096
-0.092
-0.089
-0.087
-0.085
-0.083
-0.081
-0.079
-0.076
-0.073
-0.071
-0.068
-0.063
-0.057
-0.03
0.019
0.082
0.153
0.221
0.264
0.267
0.237
0.151
0.038
-0.07
-0.155
-0.198
-0.212
-0.2
-0.164
-0.114
-0.062
-0.026
-0.014
-0.02
-0.038
-0.058
-0.065
-0.068
-0.067
-0.064
-0.058
-0.052
-0.043
-0.035
-0.032
-0.03
-0.028
-0.027
-0.025
-0.023
-0.021
-0.02
-0.019
-0.019
-0.017
-0.015
-0.012
-0.007
0.004
0.011
0.014
0.017
0.021
0.027
0.033
0.037
0.042
0.047
0.051
0.056
0.06
0.064
0.069
0.074
0.08
0.084
0.087
0.09
0.095
0.107
0.117
0.124
0.129
0.134
0.141
0.153
0.164
0.172
0.18
0.189
0.197
0.206
0.216
0.224
0.227
0.23
0.232
0.233
0.23
0.223
0.213
0.197
0.181
0.165
0.148
0.13
0.112
0.094
0.077
0.059
0.04
0.022
0.009
-0.001
-0.016
-0.023
-0.026
-0.028
-0.03
-0.032
-0.034
-0.035
-0.036
-0.037
-0.038
-0.04
-0.041
-0.042
-0.042
-0.042
-0.042
-0.042
-0.042
-0.042
-0.043
-0.043
-0.043
-0.045
-0.048
-0.049
-0.049
-0.046
-0.041
-0.036
-0.032
-0.027
-0.024
-0.02
-0.018
-0.016
-0.014
-0.013
-0.013
-0.012
-0.011
-0.009
-0.008
-0.007
-0.007
-0.009
-0.011
-0.014
-0.017
-0.021
-0.023
-0.022
-0.019
-0.017
-0.014
-0.012
-0.011
-0.012
-0.016
-0.021
-0.03
-0.048
-0.07
-0.088
-0.099
-0.107
-0.115
-0.124
-0.131
-0.137
-0.142
-0.146
-0.151
-0.156
-0.159
-0.163
-0.166
-0.168
-0.171
-0.173
-0.175
-0.177
-0.179
-0.181
-0.183
-0.185
-0.188
-0.191
-0.194
-0.195
-0.193
-0.189
-0.184
-0.178
-0.171
-0.16
-0.151
-0.143
-0.136
-0.128
-0.124
-0.122
-0.122
-0.121
-0.121
-0.121
-0.12
-0.121
-0.122
-0.125
-0.128
-0.131
-0.132
-0.134
-0.135
-0.136
-0.136
-0.137
-0.138
-0.139
-0.14
-0.141
-0.142
-0.143
-0.143
-0.144
-0.144
-0.144
-0.145
-0.146
-0.146
-0.148
-0.152
-0.16
-0.151
-0.126
-0.08
-0.016
0.058
0.128
0.17
0.17
0.134
0.042
-0.079
-0.208
-0.313
-0.383
-0.399
-0.393
-0.348
-0.287
-0.227
-0.189
-0.176
-0.184
-0.197
-0.212
-0.223
-0.231
-0.23
-0.219
-0.211
-0.204
-0.198
-0.194
-0.191
-0.188
-0.185
-0.181
-0.175
-0.168
-0.155
-0.135
-0.118
-0.106
-0.095
-0.088
-0.084
-0.081
-0.078
-0.074
-0.071
-0.069
-0.065
-0.059
-0.049
-0.039
-0.028
-0.017
-0.007
0.0
0.004
0.009
0.015
0.021
0.033
0.05
0.061
0.07
0.081
0.092
0.103
0.114
0.123
0.131
0.138
0.143
0.149
0.158
0.169
0.181
0.193
0.208
0.216
0.221
0.225
0.228
0.23
0.232
0.232
0.232
0.231
0.23
0.227
0.225
0.221
0.214
0.197
0.178
0.157
0.134
0.112
0.092
0.073
0.064
0.058
0.054
0.052
0.051
0.052
0.054
0.056
0.058
0.059
0.061
0.063
0.064
0.065
0.062
0.056
0.049
0.042
0.038
0.034
0.029
0.025
0.022
0.019
0.018
0.018
0.018
0.019
0.02
0.021
0.023
0.024
0.025
0.027
0.03
0.032
0.034
0.035
0.035
0.034
0.034
0.033
0.032
0.031
0.03
0.028
0.027
0.026
0.026
0.028
0.03
0.033
0.036
0.04
0.044
0.049
0.052
0.053
0.051
0.047
0.043
0.041
0.038
0.036
0.033
0.031
0.028
0.025
0.023
0.021
0.02
0.018
0.017
0.015
0.013
0.011
0.009
0.008
0.006
0.005
0.003
0.003
0.005
0.008
0.012
0.016
0.02
0.024
0.027
0.031
0.034
0.037
0.039
0.04
0.042
0.043
0.043
0.043
0.043
0.042
0.042
0.041
0.041
0.04
0.04
0.039
0.039
0.038
0.037
0.036
0.035
0.034
0.034
0.034
0.034
0.034
0.034
0.035
0.037
0.041
0.044
0.048
0.052
0.058
0.082
0.123
0.179
0.248
0.321
0.377
0.395
0.375
0.317
0.213
0.106
0.019
-0.025
-0.041
-0.042
-0.033
-0.019
0.001
0.026
0.041
0.044
0.046
0.047
0.048
0.048
0.048
0.048
0.049
0.048
0.048
0.047
0.044
0.042
0.04
0.038
0.036
0.033
0.031
0.03
0.031
0.035
0.04
0.045
0.049
0.053
0.057
0.061
0.065
0.069
0.073
0.076
0.078
0.08
0.082
0.085
0.087
0.089
0.091
0.094
0.096
0.1
0.104
0.109
0.116
0.123
0.13
0.137
0.143
0.149
0.155
0.161
0.169
0.176
0.183
0.19
0.196
0.202
0.207
0.213
0.217
0.221
0.225
0.228
0.232
0.234
0.235
0.234
0.232
0.229
0.225
0.219
0.208
0.189
0.173
0.155
0.136
0.115
0.094
0.079
0.064
0.054
0.047
0.04
0.033
0.025
0.017
0.01
0.003
-0.003
-0.008
-0.01
-0.012
-0.014
-0.015
-0.015
-0.016
-0.016
-0.017
-0.018
-0.018
-0.019
-0.019
-0.02
-0.021
-0.021
-0.021
-0.021
-0.02
-0.02
-0.019
-0.019
-0.018
-0.017
-0.017
-0.016
-0.016
-0.017
-0.017
-0.018
-0.018
-0.018
-0.019
-0.019
-0.019
-0.018
-0.018
-0.018
-0.018
-0.018
-0.018
-0.019
-0.019
-0.021
-0.022
-0.023
-0.023
-0.024
-0.024
-0.025
-0.025
-0.025
-0.025
-0.024
-0.023
-0.023
-0.023
-0.024
-0.024
-0.025
-0.024
-0.024
-0.023
-0.022
-0.021
-0.02
-0.018
-0.016
-0.014
-0.012
-0.011
-0.01
-0.009
-0.007
-0.005
-0.003
0.0
0.006
0.014
0.018
0.016
0.012
0.007
0.001
-0.004
-0.012
-0.024
-0.037
-0.044
-0.049
-0.054
-0.058
-0.061
-0.064
-0.066
-0.068
-0.07
-0.072
-0.074
-0.076
-0.076
-0.076
-0.076
-0.077
-0.077
-0.078
-0.079
-0.081
-0.085
-0.088
-0.082
-0.066
-0.021
0.049
0.133
0.211
0.249
0.247
0.195
0.094
-0.029
-0.147
-0.233
-0.261
-0.259
-0.222
-0.175
-0.132
-0.12
-0.113
-0.108
-0.105
-0.102
-0.1
-0.098
-0.096
-0.095
-0.093
-0.092
-0.09
-0.089
-0.087
-0.085
-0.082
-0.079
-0.076
-0.073
-0.071
-0.069
-0.068
-0.066
-0.064
-0.061
-0.058
-0.055
-0.052
-0.048
-0.045
-0.042
-0.039
-0.035
-0.032
-0.029
-0.026
-0.023
-0.019
-0.015
-0.01
-0.006
-0.002
0.0
0.003
0.006
0.009
0.013
0.018
0.026
0.035
0.047
0.058
0.068
0.08
0.093
0.102
0.109
0.115
0.121
0.125
0.129
0.132
0.135
0.137
0.14
0.143
0.146
0.148
0.148
0.145
0.14
0.133
0.124
0.107
0.078
0.052
0.03
0.011
-0.008
-0.029
-0.05
-0.074
-0.095
-0.11
-0.122
-0.132
-0.142
-0.151
-0.157
-0.159
-0.162
-0.164
-0.165
-0.166
-0.165
-0.163
-0.161
-0.158
-0.155
-0.152
-0.148
-0.143
-0.138
-0.135
-0.133
-0.13
-0.128
-0.126
-0.123
-0.121
-0.118
-0.116
-0.114
-0.113
-0.111
-0.109
-0.107
-0.106
-0.103
-0.101
-0.098
-0.094
-0.091
-0.089
-0.086
-0.085
-0.083
-0.082
-0.08
-0.078
-0.077
-0.076
-0.075
-0.074
-0.073
-0.073
-0.072
-0.071
-0.071
-0.071
-0.071
-0.071
-0.07
-0.07
-0.069
-0.068
-0.067
-0.066
-0.066
-0.065
-0.063
-0.062
-0.06
-0.057
-0.054
-0.05
-0.047
-0.043
-0.039
-0.035
-0.029
-0.023
-0.013
-0.005
0.001
0.009
0.018
0.027
0.04
0.056
0.062
0.064
0.066
0.068
0.07
0.071
0.072
0.073
0.073
0.072
0.072
0.072
0.071
0.071
0.07
0.069
0.068
0.067
0.066
0.066
0.065
0.065
0.064
0.068
0.074
0.079
0.084
0.088
0.092
0.095
0.102
0.124
0.165
0.229
0.309
0.391
0.455
0.463
0.44
0.346
0.222
0.094
0.001
-0.025
-0.034
-0.02
0.002
0.028
0.053
0.075
0.089
0.099
0.103
0.098
0.088
0.083
0.079
0.075
0.071
0.069
0.068
0.067
0.067
0.066
0.065
0.063
0.062
0.061
0.062
0.069
0.077
0.082
0.087
0.092
0.097
0.101
0.103
0.105
0.107
0.11
0.113
0.117
0.125
0.133
0.138
0.141
0.145
0.148
0.151
0.153
0.155
0.157
0.158
0.16
0.162
0.165
0.17
0.18
0.19
0.199
0.207
0.214
0.222
0.23
0.24
0.25
0.256
0.261
0.264
0.267
0.268
0.269
0.268
0.266
0.264
0.26
0.256
0.246
0.228
0.209
0.19
0.171
0.154
0.129
0.105
0.08
0.055
0.029
0.012
-0.007
-0.027
-0.048
-0.066
-0.076
-0.083
-0.09
-0.098
-0.106
-0.114
-0.121
-0.125
-0.129
-0.132
-0.134
-0.137
-0.138
-0.139
-0.14
-0.141
-0.142
-0.143
-0.144
-0.144
-0.144
-0.143
-0.139
-0.135
-0.131
-0.129
-0.126
-0.124
-0.123
-0.121
-0.12
-0.118
-0.116
-0.114
-0.112
-0.111
-0.111
-0.11
-0.109
-0.108
-0.107
-0.106
-0.104
-0.102
-0.098
-0.093
-0.087
-0.081
-0.075
-0.068
-0.06
-0.054
-0.05
-0.047
-0.046
-0.045
-0.045
-0.044
-0.042
-0.041
-0.039
-0.038
-0.037
-0.036
-0.035
-0.034
-0.032
-0.031
-0.03
-0.027
-0.024
-0.023
-0.027
-0.032
-0.038
-0.045
-0.053
-0.062
-0.069
-0.074
-0.078
-0.083
-0.088
-0.092
-0.096
-0.099
-0.101
-0.104
-0.106
-0.108
-0.11
-0.111
-0.113
-0.114
-0.115
-0.117
-0.118
-0.12
-0.122
-0.124
-0.128
-0.135
-0.142
-0.148
-0.153
-0.16
-0.169
-0.176
-0.181
-0.186
-0.191
-0.195
-0.198
-0.201
-0.204
-0.206
-0.21
-0.213
-0.216
-0.216
-0.215
-0.213
-0.21
-0.204
-0.187
-0.151
-0.099
-0.032
0.047
0.124
0.168
0.169
0.127
0.03
-0.09
-0.204
-0.284
-0.318
-0.329
-0.318
-0.282
-0.236
-0.195
-0.163
-0.146
-0.133
-0.123
-0.114
-0.105
-0.096
-0.085
-0.081
-0.078
-0.076
-0.075
-0.073
-0.072
-0.071
-0.071
-0.07
-0.07
-0.07
-0.071
-0.071
-0.072
-0.072
-0.073
-0.073
-0.074
-0.075
-0.076
-0.076
-0.076
-0.077
-0.077
-0.077
-0.075
-0.071
-0.065
-0.06
-0.053
-0.046
-0.038
-0.028
-0.017
-0.005
0.011
0.03
0.042
0.05
0.057
0.063
0.073
0.086
0.097
0.111
0.126
0.14
0.154
0.168
0.181
0.197
0.209
0.217
0.224
0.231
0.237
0.244
0.249
0.253
0.258
0.262
0.25
0.23
0.208
0.187
0.167
0.148
0.128
0.108
0.091
0.081
0.075
0.071
0.066
0.06
0.054
0.047
0.039
0.032
0.031
0.03
0.03
0.031
0.03
0.03
0.029
0.029
0.032
0.036
0.043
0.049
0.056
0.064
0.072
0.079
0.084
0.086
0.087
0.088
0.089
0.091
0.092
0.094
0.096
0.098
0.1
0.103
0.106
0.108
0.111
0.112
0.113
0.115
0.117
0.118
0.121
0.122
0.124
0.126
0.128
0.13
0.132
0.134
0.135
0.136
0.137
0.138
0.138
0.138
0.138
0.138
0.139
0.141
0.143
0.145
0.146
0.145
0.142
0.139
0.136
0.134
0.132
0.129
0.126
0.124
0.123
0.124
0.126
0.13
0.135
0.141
0.148
0.159
0.169
0.176
0.183
0.188
0.192
0.195
0.194
0.19
0.185
0.179
0.173
0.168
0.162
0.157
0.152
0.149
0.145
0.14
0.133
0.126
0.118
0.11
0.103
0.097
0.091
0.086
0.081
0.078
0.075
0.07
0.063
0.055
0.045
0.036
0.029
0.023
0.023
0.026
0.033
0.051
0.084
0.133
0.197
0.269
0.333
0.35
0.339
0.265
0.146
0.019
-0.081
-0.133
-0.15
