0.576
0.694
0.816
0.934
1.028
1.066
1.06
1.026
1.004
0.983
0.961
0.94
0.924
0.904
0.877
0.855
0.842
0.827
0.81
0.799
0.792
0.785
0.78
0.775
0.771
0.767
0.765
0.763
0.759
0.755
0.747
0.735
0.722
0.706
0.683
0.66
0.634
0.611
0.594
0.578
0.567
0.56
0.551
0.541
0.528
0.512
0.491
0.476
0.462
0.447
0.431
0.409
0.382
0.364
0.352
0.34
0.328
0.318
0.309
0.302
0.296
0.292
0.289
0.286
0.284
0.282
0.28
0.278
0.276
0.274
0.272
0.271
0.269
0.266
0.264
0.261
0.257
0.254
0.25
0.245
0.24
0.234
0.229
0.225
0.22
0.214
0.206
0.194
0.183
0.171
0.163
0.158
0.153
0.149
0.144
0.139
0.134
0.129
0.123
0.117
0.109
0.101
0.093
0.088
0.086
0.085
0.084
0.082
0.081
0.08
0.079
0.078
0.078
0.08
0.083
0.087
0.091
0.094
0.096
0.098
0.101
0.103
0.105
0.106
0.108
0.11
0.112
0.115
0.117
0.12
0.122
0.124
0.126
0.129
0.131
0.132
0.134
0.136
0.138
0.14
0.142
0.144
0.146
0.147
0.148
0.148
0.148
0.148
0.147
0.147
0.147
0.147
0.148
0.149
0.15
0.15
0.15
0.15
0.149
0.147
0.145
0.142
0.139
0.136
0.133
0.13
0.126
0.115
0.084
0.066
0.056
0.049
0.043
0.04
0.041
0.045
0.052
0.06
0.069
0.081
0.092
0.101
0.109
0.116
0.122
0.128
0.135
0.141
0.148
0.154
0.161
0.169
0.177
0.185
0.193
0.201
0.209
0.217
0.224
0.227
0.227
0.224
0.219
0.211
0.185
0.12
0.032
-0.062
-0.143
-0.175
-0.185
-0.163
-0.097
0.001
0.124
0.26
0.395
0.516
0.598
0.624
0.614
0.585
0.527
0.47
0.415
0.377
0.359
0.353
0.348
0.344
0.34
0.337
0.335
0.333
0.332
0.331
0.33
0.331
0.332
0.334
0.336
0.337
0.338
0.339
0.34
0.341
0.341
0.342
0.341
0.341
0.34
0.339
0.337
0.335
0.333
0.331
0.327
0.315
0.302
0.29
0.281
0.273
0.267
0.259
0.251
0.242
0.234
0.225
0.217
0.209
0.203
0.197
0.191
0.187
0.183
0.18
0.177
0.174
0.171
0.168
0.165
0.163
0.162
0.162
0.163
0.165
0.167
0.171
0.175
0.18
0.186
0.192
0.198
0.205
0.219
0.233
0.243
0.252
0.259
0.265
0.271
0.276
0.281
0.285
0.287
0.289
0.291
0.293
0.296
0.298
0.301
0.304
0.306
0.306
0.302
0.294
0.282
0.259
0.223
0.206
0.197
0.191
0.186
0.182
0.177
0.173
0.169
0.165
0.16
0.15
0.133
0.118
0.109
0.103
0.097
0.091
0.085
0.08
0.074
0.066
0.056
0.043
0.028
0.02
0.014
0.009
0.004
0.001
-0.002
-0.005
-0.008
-0.011
-0.013
-0.017
-0.02
-0.024
-0.03
-0.036
-0.043
-0.05
-0.057
-0.065
-0.073
-0.082
-0.093
-0.104
-0.111
-0.116
-0.12
-0.124
-0.127
-0.13
-0.134
-0.137
-0.14
-0.143
-0.146
-0.148
-0.152
-0.155
-0.159
-0.163
-0.168
-0.172
-0.176
-0.181
-0.187
-0.193
-0.202
-0.215
-0.229
-0.243
-0.257
-0.271
-0.284
-0.296
-0.302
-0.307
-0.312
-0.316
-0.32
-0.323
-0.325
-0.326
-0.326
-0.325
-0.324
-0.323
-0.32
-0.317
-0.313
-0.309
-0.304
-0.295
-0.276
-0.258
-0.239
-0.22
-0.202
-0.183
-0.165
-0.145
-0.13
-0.119
-0.11
-0.099
-0.09
-0.084
-0.079
-0.074
-0.069
-0.065
-0.062
-0.06
-0.059
-0.059
-0.06
-0.062
-0.065
-0.071
-0.077
-0.085
-0.095
-0.141
-0.22
-0.321
-0.423
-0.501
-0.527
-0.519
-0.498
-0.426
-0.323
-0.197
-0.058
0.081
0.2
0.265
0.287
0.272
0.247
0.216
0.182
0.159
0.152
0.148
0.144
0.142
0.141
0.143
0.148
0.156
0.164
0.171
0.179
0.188
0.195
0.199
0.202
0.204
0.205
0.205
0.206
0.207
0.208
0.208
0.209
0.21
0.21
0.208
0.206
0.201
0.196
0.19
0.183
0.173
0.154
0.135
0.125
0.121
0.117
0.114
0.112
0.11
0.108
0.105
0.102
0.099
0.096
0.093
0.088
0.083
0.073
0.054
0.035
0.02
0.007
-0.003
-0.012
-0.018
-0.023
-0.026
-0.029
-0.03
-0.03
-0.029
-0.027
-0.022
-0.017
-0.012
-0.007
-0.003
0.0
0.004
0.008
0.012
0.015
0.017
0.018
0.019
0.019
0.017
0.014
0.01
0.006
0.001
-0.002
-0.008
-0.015
-0.026
-0.038
-0.047
-0.056
-0.065
-0.077
-0.09
-0.104
-0.118
-0.132
-0.144
-0.154
-0.167
-0.181
-0.198
-0.212
-0.222
-0.231
-0.24
-0.249
-0.258
-0.268
-0.281
-0.297
-0.307
-0.314
-0.32
-0.325
-0.329
-0.333
-0.336
-0.338
-0.339
-0.339
-0.34
-0.341
-0.342
-0.343
-0.344
-0.346
-0.346
-0.345
-0.341
-0.333
-0.325
-0.317
-0.307
-0.297
-0.289
-0.282
-0.275
-0.266
-0.256
-0.246
-0.236
-0.23
-0.226
-0.223
-0.22
-0.217
-0.215
-0.215
-0.216
-0.218
-0.221
-0.225
-0.231
-0.238
-0.248
-0.267
-0.283
-0.299
-0.315
-0.327
-0.335
-0.341
-0.345
-0.347
-0.346
-0.339
-0.329
-0.319
-0.312
-0.305
-0.299
-0.293
-0.289
-0.287
-0.289
-0.293
-0.299
-0.305
-0.311
-0.316
-0.322
-0.328
-0.334
-0.339
-0.342
-0.343
-0.342
-0.34
-0.335
-0.329
-0.32
-0.302
-0.274
-0.253
-0.229
-0.207
-0.191
-0.171
-0.156
-0.147
-0.139
-0.132
-0.124
-0.116
-0.109
-0.104
-0.1
-0.095
-0.09
-0.086
-0.082
-0.08
-0.079
-0.078
-0.078
-0.079
-0.08
-0.082
-0.087
-0.092
-0.098
-0.106
-0.14
-0.206
-0.304
-0.43
-0.575
-0.703
-0.749
-0.734
-0.607
-0.378
-0.104
0.142
0.309
0.347
0.336
0.245
0.138
0.038
-0.047
-0.111
-0.135
-0.142
-0.147
-0.15
-0.153
-0.155
-0.156
-0.156
-0.156
-0.157
-0.158
-0.158
-0.158
-0.158
-0.159
-0.16
-0.161
-0.16
-0.157
-0.152
-0.146
-0.14
-0.133
-0.126
-0.119
-0.112
-0.106
-0.1
-0.095
-0.091
-0.087
-0.084
-0.08
-0.078
-0.076
-0.076
-0.076
-0.078
-0.082
-0.087
-0.094
-0.101
-0.108
-0.12
-0.132
-0.145
-0.157
-0.165
-0.17
-0.176
-0.181
-0.185
-0.188
-0.191
-0.193
-0.194
-0.194
-0.194
-0.194
-0.192
-0.189
-0.186
-0.182
-0.178
-0.172
-0.166
-0.149
-0.118
-0.096
-0.08
-0.064
-0.044
-0.018
0.009
0.038
0.063
0.082
0.099
0.123
0.151
0.179
0.205
0.224
0.239
0.253
0.271
0.296
0.318
0.334
0.35
0.364
0.379
0.397
0.412
0.424
0.431
0.432
0.432
0.433
0.433
0.434
0.435
0.436
0.434
0.431
0.428
0.425
0.422
0.419
0.416
0.413
0.409
0.406
0.403
0.408
0.4
0.389
0.368
0.335
0.308
0.281
0.254
0.226
0.201
0.18
0.161
0.147
0.137
0.127
0.116
0.102
0.084
0.068
0.06
0.055
0.051
0.049
0.047
0.048
0.048
0.048
0.046
0.047
0.048
0.051
0.054
0.056
0.058
0.06
0.061
0.062
0.062
0.061
0.059
0.057
0.055
0.051
0.045
0.039
0.034
0.029
0.025
0.022
0.019
0.016
0.013
0.012
0.012
0.012
0.011
0.013
0.015
0.016
0.015
0.012
0.01
0.007
0.004
0.0
-0.002
-0.005
-0.008
-0.011
-0.018
-0.025
-0.033
-0.039
-0.043
-0.048
-0.054
-0.065
-0.082
-0.1
-0.118
-0.134
-0.144
-0.15
-0.154
-0.157
-0.159
-0.156
-0.148
-0.137
-0.126
-0.109
-0.091
-0.076
-0.065
-0.056
-0.049
-0.045
-0.041
-0.035
-0.028
-0.023
-0.017
-0.013
-0.01
-0.007
-0.004
-0.003
-0.002
-0.004
-0.005
-0.006
-0.007
-0.007
-0.008
-0.011
-0.015
-0.028
-0.055
-0.1
-0.173
-0.277
-0.412
-0.56
-0.685
-0.74
-0.685
-0.514
-0.252
0.037
0.285
0.428
0.453
0.429
0.339
0.25
0.178
0.119
0.089
0.076
0.073
0.071
0.069
0.065
0.061
0.059
0.057
0.056
0.053
0.05
0.047
0.044
0.04
0.035
0.029
0.023
0.017
0.012
0.01
0.008
0.003
-0.004
-0.016
-0.036
-0.053
-0.069
-0.084
-0.101
-0.117
-0.132
-0.149
-0.161
-0.172
-0.179
-0.184
-0.189
-0.193
-0.198
-0.205
-0.214
-0.223
-0.233
-0.246
-0.258
-0.27
-0.28
-0.286
-0.29
-0.294
-0.298
-0.303
-0.305
-0.306
-0.307
-0.305
-0.298
-0.289
-0.28
-0.271
-0.259
-0.248
-0.24
-0.231
-0.22
-0.208
-0.195
-0.179
-0.165
-0.153
-0.143
-0.136
-0.129
-0.125
-0.122
-0.119
-0.115
-0.111
-0.108
-0.106
-0.103
-0.101
-0.099
-0.098
-0.097
-0.098
-0.1
-0.102
-0.105
-0.111
-0.118
-0.125
-0.132
-0.136
-0.141
-0.148
-0.154
-0.16
-0.166
-0.172
-0.178
-0.183
-0.189
-0.194
-0.199
-0.205
-0.211
-0.218
-0.224
-0.229
-0.233
-0.237
-0.242
-0.247
-0.25
-0.254
-0.257
-0.261
-0.266
-0.27
-0.274
-0.278
-0.281
-0.284
-0.287
-0.287
-0.287
-0.285
-0.281
-0.276
-0.27
-0.265
-0.26
-0.254
-0.248
-0.239
-0.221
-0.204
-0.188
-0.173
-0.158
-0.141
-0.122
-0.111
-0.102
-0.095
-0.09
-0.086
-0.083
-0.079
-0.077
-0.075
-0.072
-0.071
-0.069
-0.067
-0.064
-0.06
-0.054
-0.048
-0.041
-0.033
-0.025
-0.018
-0.013
-0.009
-0.004
0.0
0.004
0.009
0.013
0.018
0.023
0.028
0.032
0.035
0.036
0.039
0.041
0.042
0.044
0.045
0.048
0.051
0.053
0.056
0.059
0.063
0.066
0.068
0.07
0.071
0.071
0.07
0.069
0.067
0.065
0.063
0.061
0.058
0.055
0.052
0.051
0.052
0.054
0.059
0.064
0.069
0.075
0.081
0.091
0.113
0.134
0.155
0.168
0.177
0.184
0.188
0.19
0.192
0.194
0.196
0.197
0.199
0.201
0.203
0.204
0.206
0.207
0.212
0.218
0.227
0.236
0.238
0.231
0.216
0.188
0.136
0.047
-0.07
-0.215
-0.369
-0.487
-0.502
-0.455
-0.263
0.012
0.308
0.549
0.672
0.69
0.646
0.539
0.426
0.331
0.256
0.232
0.225
0.221
0.224
0.235
0.239
0.241
0.246
0.251
0.253
0.253
0.253
0.251
0.248
0.244
0.239
0.233
0.229
0.226
0.222
0.216
0.207
0.196
0.185
0.174
0.167
0.164
0.161
0.158
0.156
0.153
0.149
0.144
0.141
0.138
0.134
0.128
0.121
0.11
0.09
0.072
0.057
0.041
0.025
0.006
-0.013
-0.032
-0.049
-0.06
-0.064
-0.068
-0.071
-0.076
-0.081
-0.085
-0.083
-0.075
-0.063
-0.048
-0.033
-0.014
0.002
0.018
0.036
0.059
0.079
0.1
0.122
0.142
0.16
0.178
0.197
0.213
0.227
0.244
0.264
0.278
0.289
0.297
0.304
0.31
0.315
0.32
0.325
0.331
0.335
0.338
0.341
0.342
0.343
0.342
0.34
0.336
0.33
0.322
0.313
0.304
0.288
0.274
0.26
0.244
0.228
0.211
0.194
0.185
0.178
0.173
0.168
0.164
0.16
0.157
0.153
0.152
0.152
0.151
0.149
0.148
0.147
0.146
0.146
0.149
0.151
0.152
0.154
0.156
0.159
0.164
0.17
0.177
0.182
0.186
0.189
0.19
0.19
0.189
0.189
0.19
0.19
0.19
0.188
0.186
0.184
0.182
0.179
0.178
0.176
0.176
0.175
0.174
0.17
0.167
0.164
0.161
0.159
0.157
0.154
0.147
0.137
0.128
0.119
0.11
0.1
0.092
0.085
0.078
0.069
0.06
0.051
0.043
0.035
0.027
0.017
0.007
0.0
-0.005
-0.008
-0.012
-0.014
-0.017
-0.019
-0.022
-0.025
-0.027
-0.029
-0.03
-0.031
-0.031
-0.031
-0.031
-0.032
-0.033
-0.034
-0.036
-0.037
-0.038
-0.041
-0.043
-0.048
-0.059
-0.071
-0.08
-0.088
-0.093
-0.097
-0.101
-0.103
-0.105
-0.102
-0.093
-0.081
-0.065
-0.042
-0.011
0.001
0.007
0.01
0.011
0.011
0.01
0.01
0.008
0.004
0.0
-0.005
-0.01
-0.013
-0.015
-0.016
-0.016
-0.014
-0.009
-0.003
0.004
0.012
0.023
0.024
0.006
-0.045
-0.123
-0.229
-0.36
-0.503
-0.631
-0.685
-0.672
-0.554
-0.328
-0.055
0.197
0.374
0.434
0.437
0.376
0.29
0.202
0.124
0.061
0.02
0.014
0.012
0.01
0.007
0.002
-0.002
-0.006
-0.01
-0.014
-0.021
-0.033
-0.052
-0.062
-0.068
-0.073
-0.076
-0.078
-0.078
-0.078
-0.077
-0.074
-0.071
-0.069
-0.067
-0.064
-0.062
-0.06
-0.057
-0.055
-0.054
-0.054
-0.054
-0.054
-0.055
-0.055
-0.056
-0.057
-0.058
-0.062
-0.066
-0.069
-0.072
-0.075
-0.081
-0.089
-0.104
-0.14
-0.167
-0.184
-0.195
-0.201
-0.204
-0.206
-0.209
-0.213
-0.214
-0.214
-0.212
-0.207
-0.201
-0.194
-0.186
-0.176
-0.157
-0.138
-0.12
-0.107
-0.093
-0.078
-0.067
-0.056
-0.046
-0.038
-0.031
-0.025
-0.017
-0.003
0.017
0.043
0.067
0.088
0.097
0.1
0.1
0.099
0.097
0.097
0.097
0.096
0.095
0.094
0.093
0.093
0.093
0.095
0.097
0.099
0.102
0.106
0.109
0.111
0.112
0.114
0.116
0.118
0.12
0.121
0.122
0.123
0.123
0.123
0.124
0.124
0.121
0.12
0.119
0.116
0.112
0.106
0.099
0.092
0.085
0.077
0.068
0.057
0.048
0.04
0.033
0.027
0.023
0.02
0.019
0.018
0.017
0.016
0.015
0.013
0.01
0.008
0.006
0.004
0.001
0.0
-0.004
-0.009
-0.017
-0.034
-0.053
-0.073
-0.088
-0.102
-0.113
-0.122
-0.128
-0.133
-0.137
-0.139
-0.141
-0.144
-0.146
-0.149
-0.152
-0.156
-0.158
-0.161
-0.162
-0.162
-0.16
-0.157
-0.152
-0.147
-0.141
-0.135
-0.129
-0.124
-0.119
-0.115
-0.11
-0.105
-0.1
-0.095
-0.09
-0.085
-0.081
-0.077
-0.074
-0.072
-0.07
-0.069
-0.068
-0.068
-0.068
-0.068
-0.068
-0.067
-0.066
-0.064
-0.063
-0.061
-0.058
-0.054
-0.049
-0.042
-0.026
-0.011
0.002
0.009
0.014
0.017
0.019
0.021
0.021
0.02
0.02
0.02
0.021
0.021
0.021
0.021
0.022
0.022
0.022
0.023
0.024
0.026
0.029
0.035
0.042
0.05
0.054
0.051
0.04
0.02
-0.032
-0.107
-0.214
-0.352
-0.503
-0.635
-0.678
-0.659
-0.513
-0.26
0.027
0.275
0.418
0.439
0.408
0.31
0.209
0.127
0.066
0.024
-0.004
-0.022
-0.035
-0.042
-0.044
-0.047
-0.049
-0.05
-0.052
-0.052
-0.052
-0.052
-0.051
-0.05
-0.049
-0.047
-0.046
-0.043
-0.041
-0.039
-0.038
-0.036
-0.035
-0.033
-0.03
-0.027
-0.024
-0.021
-0.018
-0.015
-0.013
-0.011
-0.01
-0.007
-0.004
0.0
0.002
0.005
0.006
0.005
0.001
-0.003
-0.01
-0.018
-0.026
-0.034
-0.043
-0.053
-0.061
-0.069
-0.073
-0.076
-0.077
-0.078
-0.079
-0.079
-0.08
-0.081
-0.083
-0.085
-0.086
-0.086
-0.082
-0.075
-0.065
-0.054
-0.038
-0.014
0.005
0.022
0.036
0.049
0.062
0.078
0.097
0.114
0.127
0.138
0.144
0.145
0.144
0.143
0.143
0.143
0.145
0.146
0.148
0.149
0.148
0.147
0.144
0.141
0.137
0.134
0.132
0.131
0.13
0.129
0.129
0.128
0.127
0.125
0.124
0.123
0.122
0.122
0.121
0.12
0.119
0.118
0.116
0.113
0.111
0.109
0.107
0.105
0.103
0.1
0.096
0.092
0.087
0.082
0.077
0.072
0.067
0.063
0.058
0.052
0.043
0.028
0.015
0.001
-0.009
-0.02
-0.028
-0.033
-0.037
-0.039
-0.04
-0.04
-0.041
-0.041
-0.041
-0.041
-0.041
-0.041
-0.041
-0.041
-0.04
-0.04
-0.039
-0.038
-0.038
-0.037
-0.035
-0.034
-0.031
-0.029
-0.028
-0.027
-0.026
-0.025
-0.025
-0.024
-0.024
-0.023
-0.023
-0.022
-0.02
-0.018
-0.016
-0.014
-0.013
-0.013
-0.014
-0.016
-0.019
-0.023
-0.026
-0.03
-0.034
-0.038
-0.042
-0.049
-0.056
-0.063
-0.069
-0.075
-0.082
-0.089
-0.097
-0.105
-0.114
-0.123
-0.133
-0.145
-0.153
-0.158
-0.161
-0.164
-0.168
-0.171
-0.172
-0.169
-0.163
-0.154
-0.143
-0.126
-0.106
-0.089
-0.075
-0.068
-0.065
-0.064
-0.064
-0.064
-0.063
-0.063
-0.062
-0.061
-0.06
-0.059
-0.059
-0.059
-0.06
-0.062
-0.063
-0.064
-0.066
-0.067
-0.069
-0.073
-0.077
-0.095
-0.136
-0.203
-0.295
-0.416
-0.553
-0.681
-0.733
-0.719
-0.597
-0.372
-0.11
0.13
0.299
0.353
0.352
0.293
0.212
0.131
0.056
-0.005
-0.05
-0.076
-0.086
-0.09
-0.092
-0.094
-0.096
-0.097
-0.098
-0.099
-0.099
-0.099
-0.099
-0.099
-0.098
-0.098
-0.097
-0.097
-0.096
-0.095
-0.095
-0.096
-0.097
-0.099
-0.1
-0.102
-0.103
-0.105
-0.107
-0.108
-0.11
-0.113
-0.116
-0.121
-0.126
-0.131
-0.135
-0.14
-0.144
-0.148
-0.151
-0.155
-0.158
-0.162
-0.166
-0.171
-0.175
-0.179
-0.182
-0.184
-0.185
-0.185
-0.184
-0.182
-0.179
-0.176
-0.173
-0.169
-0.162
-0.148
-0.134
-0.121
-0.111
-0.101
-0.091
-0.075
-0.051
-0.03
-0.014
0.001
0.018
0.035
0.05
0.066
0.082
0.096
0.106
0.112
0.117
0.121
0.125
0.129
0.131
0.133
0.135
0.137
0.138
0.14
0.142
0.143
0.144
0.143
0.142
0.139
0.136
0.133
0.129
0.125
0.122
0.119
0.116
0.113
0.111
0.11
0.108
0.107
0.106
0.105
0.104
0.104
0.104
0.105
0.104
0.104
0.103
0.101
0.1
0.099
0.098
0.098
0.098
0.098
0.098
0.097
0.097
0.096
0.095
0.094
0.091
0.084
0.085
0.097
0.114
0.138
0.155
0.166
0.173
0.176
0.177
0.179
0.18
0.18
0.18
0.18
0.18
0.18
0.179
0.179
0.178
0.178
0.177
0.177
0.176
0.176
0.176
0.176
0.177
0.178
0.178
0.178
0.178
0.178
0.178
0.178
0.179
0.18
0.181
0.181
0.182
0.181
0.181
0.18
0.178
0.176
0.173
0.17
0.167
0.163
0.16
0.155
0.149
0.143
0.137
0.133
0.129
0.126
0.121
0.115
0.105
0.098
0.092
0.088
0.085
0.081
0.079
0.078
0.081
0.087
0.095
0.103
0.11
0.118
0.127
0.133
0.137
0.139
0.141
0.142
0.143
0.143
0.144
0.145
0.145
0.145
0.145
0.146
0.146
0.145
0.144
0.143
0.141
0.138
0.134
0.129
0.121
0.106
0.083
0.043
-0.018
-0.107
-0.225
-0.363
-0.499
-0.585
-0.587
-0.512
-0.31
-0.044
0.222
0.428
0.532
0.548
0.523
0.453
0.369
0.285
0.207
0.139
0.095
0.082
0.075
0.07
0.066
0.063
0.06
0.058
0.056
0.054
0.052
0.05
0.047
0.044
0.039
0.033
0.026
0.02
0.011
0.002
-0.005
-0.012
-0.018
-0.023
-0.027
-0.031
-0.035
-0.039
-0.043
-0.046
-0.048
-0.051
-0.053
-0.057
-0.061
-0.066
-0.072
-0.078
-0.084
-0.091
-0.101
-0.115
-0.126
-0.136
-0.144
-0.154
-0.166
-0.173
-0.179
-0.184
-0.189
-0.192
-0.193
-0.192
-0.189
-0.186
-0.182
-0.178
-0.175
-0.171
-0.166
-0.16
-0.153
-0.146
-0.138
-0.125
-0.107
-0.096
-0.081
-0.062
-0.042
-0.022
0.0
0.021
0.041
0.063
0.074
0.079
0.083
0.086
0.088
0.09
0.09
0.091
0.09
0.089
0.087
0.085
0.081
0.078
0.074
0.07
0.065
0.06
0.055
0.05
0.046
0.042
0.038
0.034
0.03
0.026
0.022
0.018
0.015
0.012
0.009
0.005
-0.002
-0.015
-0.027
-0.033
-0.037
-0.04
-0.043
-0.045
-0.048
-0.051
-0.053
-0.055
-0.058
-0.06
-0.063
-0.066
-0.07
-0.073
-0.077
-0.081
-0.085
-0.09
-0.096
-0.101
-0.105
-0.109
-0.111
-0.113
-0.115
-0.116
-0.117
-0.119
-0.12
-0.122
-0.124
-0.126
-0.127
-0.128
-0.129
-0.129
-0.13
-0.13
-0.13
-0.13
-0.129
-0.128
-0.127
-0.127
-0.127
-0.127
-0.127
-0.126
-0.126
-0.126
-0.125
-0.125
-0.125
-0.124
-0.124
-0.123
-0.123
-0.124
-0.125
-0.125
-0.126
-0.127
