0.040000
0.045000
0.049000
0.052000
0.053000
0.054000
0.056000
0.057000
0.059000
0.060000
0.061000
0.062000
0.062000
0.062000
0.062000
0.061000
0.060000
0.059000
0.058000
0.057000
0.055000
0.054000
0.053000
0.051000
0.046000
0.041000
0.037000
0.032000
0.028000
0.024000
0.020000
0.015000
0.011000
0.006000
0.001000
-0.004000
-0.012000
-0.017000
-0.020000
-0.023000
-0.025000
-0.027000
-0.028000
-0.027000
-0.024000
-0.022000
-0.020000
-0.019000
-0.018000
-0.017000
-0.015000
-0.014000
-0.013000
-0.011000
-0.010000
-0.009000
-0.007000
-0.006000
-0.004000
-0.003000
-0.001000
0.000000
0.002000
0.005000
0.007000
0.010000
0.013000
0.014000
0.014000
0.014000
0.014000
0.014000
0.014000
0.014000
0.013000
0.013000
0.013000
0.013000
0.013000
0.013000
0.013000
0.012000
0.010000
0.009000
0.009000
0.009000
0.008000
0.008000
0.007000
0.006000
0.005000
0.004000
0.003000
0.003000
0.002000
0.002000
0.001000
0.000000
0.000000
0.000000
-0.001000
-0.002000
-0.003000
-0.004000
-0.005000
-0.006000
-0.007000
-0.008000
-0.009000
-0.010000
-0.010000
-0.010000
-0.008000
-0.007000
-0.005000
-0.003000
0.000000
0.001000
0.004000
0.009000
0.020000
0.028000
0.033000
0.036000
0.039000
0.041000
0.043000
0.044000
0.043000
0.041000
0.037000
0.033000
0.028000
0.021000
0.009000
0.000000
-0.007000
-0.013000
-0.018000
-0.022000
-0.026000
-0.028000
-0.029000
-0.030000
-0.032000
-0.033000
-0.034000
-0.035000
-0.037000
-0.039000
-0.041000
-0.043000
-0.045000
-0.047000
-0.050000
-0.054000
-0.063000
-0.068000
-0.071000
-0.073000
-0.076000
-0.078000
-0.078000
-0.073000
-0.065000
-0.052000
-0.034000
-0.008000
0.030000
0.090000
0.171000
0.265000
0.361000
0.444000
0.495000
0.501000
0.478000
0.404000
0.302000
0.192000
0.094000
0.022000
-0.017000
-0.032000
-0.041000
-0.046000
-0.049000
-0.052000
-0.055000
-0.059000
-0.063000
-0.067000
-0.070000
-0.073000
-0.076000
-0.078000
-0.081000
-0.083000
-0.085000
-0.086000
-0.086000
-0.085000
-0.085000
-0.084000
-0.083000
-0.081000
-0.078000
-0.075000
-0.072000
-0.069000
-0.066000
-0.063000
-0.060000
-0.057000
-0.054000
-0.051000
-0.049000
-0.048000
-0.046000
-0.045000
-0.043000
-0.042000
-0.040000
-0.039000
-0.038000
-0.037000
-0.036000
-0.034000
-0.032000
-0.029000
-0.023000
-0.010000
-0.002000
0.001000
0.006000
0.013000
0.020000
0.026000
0.031000
0.036000
0.039000
0.041000
0.042000
0.043000
0.044000
0.045000
0.045000
0.046000
0.047000
0.048000
0.048000
0.048000
0.048000
0.048000
0.048000
0.047000
0.046000
0.045000
0.043000
0.041000
0.039000
0.037000
0.034000
0.031000
0.024000
0.018000
0.013000
0.010000
0.004000
-0.002000
-0.011000
-0.020000
-0.028000
-0.033000
-0.037000
-0.040000
-0.044000
-0.046000
-0.046000
-0.042000
-0.036000
-0.032000
-0.029000
-0.025000
-0.022000
-0.019000
-0.016000
-0.013000
-0.010000
-0.007000
-0.002000
0.000000
0.002000
0.003000
0.003000
0.004000
0.004000
0.005000
0.007000
0.008000
0.009000
0.011000
0.013000
0.015000
0.017000
0.019000
0.020000
0.021000
0.021000
0.022000
0.024000
0.026000
0.028000
0.029000
0.031000
0.032000
0.033000
0.034000
0.034000
0.033000
0.032000
0.030000
0.029000
0.027000
0.026000
0.025000
0.024000
0.022000
0.021000
0.019000
0.017000
0.015000
0.015000
0.017000
0.019000
0.022000
0.024000
0.026000
0.028000
0.030000
0.031000
0.032000
0.032000
0.031000
0.029000
0.027000
0.025000
0.023000
0.021000
0.019000
0.017000
0.016000
0.014000
0.014000
0.014000
0.014000
0.015000
0.017000
0.019000
0.022000
0.024000
0.027000
0.032000
0.038000
0.043000
0.049000
0.054000
0.060000
0.065000
0.068000
0.070000
0.072000
0.073000
0.076000
0.077000
0.074000
0.069000
0.064000
0.060000
0.055000
0.050000
0.045000
0.039000
0.030000
0.023000
0.018000
0.013000
0.008000
0.003000
0.000000
0.000000
-0.002000
-0.003000
-0.004000
-0.005000
-0.006000
-0.006000
-0.007000
-0.009000
-0.010000
-0.011000
-0.011000
-0.011000
-0.012000
-0.013000
-0.015000
-0.017000
-0.022000
-0.033000
-0.039000
-0.044000
-0.044000
-0.039000
-0.024000
0.007000
0.060000
0.136000
0.232000
0.339000
0.442000
0.523000
0.556000
0.552000
0.500000
0.405000
0.294000
0.186000
0.100000
0.040000
0.003000
-0.009000
-0.014000
-0.017000
-0.014000
-0.008000
-0.003000
-0.010000
-0.030000
-0.052000
-0.059000
-0.062000
-0.063000
-0.061000
-0.053000
-0.048000
-0.044000
-0.041000
-0.038000
-0.036000
-0.034000
-0.033000
-0.032000
-0.030000
-0.029000
-0.027000
-0.025000
-0.024000
-0.023000
-0.021000
-0.020000
-0.019000
-0.017000
-0.014000
-0.012000
-0.009000
-0.008000
-0.006000
-0.004000
-0.003000
-0.001000
0.000000
0.000000
0.002000
0.004000
0.007000
0.010000
0.012000
0.015000
0.020000
0.028000
0.036000
0.043000
0.049000
0.054000
0.058000
0.057000
0.053000
0.047000
0.038000
0.025000
0.018000
0.014000
0.010000
0.005000
0.000000
-0.001000
-0.003000
-0.005000
-0.006000
-0.007000
-0.008000
-0.009000
-0.010000
-0.011000
-0.012000
-0.013000
-0.014000
-0.014000
-0.014000
-0.014000
-0.015000
-0.016000
-0.018000
-0.020000
-0.023000
-0.031000
-0.038000
-0.043000
-0.047000
-0.050000
-0.052000
-0.053000
-0.054000
-0.054000
-0.055000
-0.055000
-0.055000
-0.056000
-0.057000
-0.057000
-0.057000
-0.056000
-0.054000
-0.053000
-0.051000
-0.049000
-0.047000
-0.044000
-0.042000
-0.038000
-0.035000
-0.031000
-0.029000
-0.026000
-0.023000
-0.021000
-0.020000
-0.019000
-0.019000
-0.018000
-0.018000
-0.017000
-0.016000
-0.015000
-0.014000
-0.013000
-0.012000
-0.011000
-0.010000
-0.010000
-0.010000
-0.009000
-0.009000
-0.008000
-0.008000
-0.008000
-0.007000
-0.007000
-0.006000
-0.004000
-0.004000
-0.004000
-0.005000
-0.006000
-0.008000
-0.009000
-0.011000
-0.012000
-0.014000
-0.016000
-0.017000
-0.017000
-0.017000
-0.016000
-0.015000
-0.014000
-0.013000
-0.012000
-0.012000
-0.010000
-0.009000
-0.008000
-0.008000
-0.007000
-0.007000
-0.006000
-0.005000
-0.004000
-0.004000
-0.003000
-0.002000
-0.001000
0.002000
0.005000
0.003000
0.000000
-0.002000
-0.004000
-0.007000
-0.007000
-0.005000
-0.001000
0.003000
0.006000
0.008000
0.011000
0.014000
0.018000
0.021000
0.024000
0.027000
0.031000
0.036000
0.044000
0.049000
0.051000
0.053000
0.055000
0.056000
0.056000
0.052000
0.047000
0.044000
0.040000
0.037000
0.033000
0.028000
0.024000
0.018000
0.009000
-0.002000
-0.014000
-0.020000
-0.022000
-0.024000
-0.026000
-0.027000
-0.028000
-0.029000
-0.030000
-0.031000
-0.033000
-0.034000
-0.035000
-0.036000
-0.037000
-0.037000
-0.038000
-0.038000
-0.040000
-0.041000
-0.045000
-0.053000
-0.059000
-0.065000
-0.070000
-0.070000
-0.065000
-0.049000
-0.015000
0.037000
0.109000
0.199000
0.299000
0.395000
0.465000
0.488000
0.453000
0.369000
0.260000
0.153000
0.071000
0.027000
0.009000
-0.002000
-0.015000
-0.037000
-0.053000
-0.056000
-0.058000
-0.060000
-0.061000
-0.062000
-0.064000
-0.065000
-0.066000
-0.068000
-0.069000
-0.070000
-0.071000
-0.070000
-0.071000
-0.071000
-0.073000
-0.074000
-0.076000
-0.077000
-0.079000
-0.079000
-0.080000
-0.080000
-0.080000
-0.078000
-0.076000
-0.074000
-0.071000
-0.069000
-0.066000
-0.062000
-0.057000
-0.051000
-0.046000
-0.042000
-0.040000
-0.038000
-0.036000
-0.034000
-0.032000
-0.030000
-0.028000
-0.026000
-0.024000
-0.022000
-0.020000
-0.016000
-0.011000
-0.006000
-0.002000
0.000000
0.003000
0.006000
0.009000
0.013000
0.017000
0.022000
0.024000
0.027000
0.029000
0.031000
0.033000
0.034000
0.034000
0.034000
0.033000
0.032000
0.031000
0.031000
0.030000
0.029000
0.028000
0.026000
0.025000
0.024000
0.024000
0.023000
0.021000
0.019000
0.017000
0.016000
0.014000
0.013000
0.010000
0.008000
0.005000
0.002000
0.000000
-0.002000
-0.003000
-0.005000
-0.007000
-0.010000
-0.011000
-0.011000
-0.009000
-0.005000
-0.001000
0.002000
0.004000
0.005000
0.007000
0.009000
0.011000
0.012000
0.014000
0.015000
0.016000
0.018000
0.020000
0.021000
0.022000
0.022000
0.022000
0.022000
0.023000
0.024000
0.024000
0.025000
0.026000
0.028000
0.031000
0.034000
0.036000
0.037000
0.037000
0.037000
0.038000
0.040000
0.041000
0.041000
0.037000
0.031000
0.028000
0.026000
0.025000
0.023000
0.021000
0.019000
0.017000
0.016000
0.015000
0.015000
0.015000
0.015000
0.015000
0.014000
0.014000
0.014000
0.014000
0.013000
0.012000
0.010000
0.009000
0.008000
0.007000
0.006000
0.006000
0.006000
0.006000
0.006000
0.006000
0.006000
0.005000
0.004000
0.003000
0.002000
0.001000
0.001000
0.000000
0.001000
0.001000
0.001000
0.002000
0.002000
0.004000
0.006000
0.008000
0.009000
0.010000
0.011000
0.012000
0.015000
0.019000
0.024000
0.030000
0.035000
0.038000
0.041000
0.044000
0.047000
0.048000
0.047000
0.045000
0.042000
0.039000
0.036000
0.033000
0.029000
0.025000
0.020000
0.016000
0.012000
0.008000
0.002000
-0.004000
-0.011000
-0.018000
-0.023000
-0.026000
-0.028000
-0.031000
-0.034000
-0.037000
-0.040000
-0.043000
-0.046000
-0.048000
-0.051000
-0.053000
-0.056000
-0.058000
-0.059000
-0.060000
-0.062000
-0.063000
-0.066000
-0.069000
-0.072000
-0.072000
-0.068000
-0.061000
-0.040000
-0.002000
0.050000
0.115000
0.189000
0.262000
0.324000
0.359000
0.362000
0.342000
0.281000
0.199000
0.109000
0.030000
-0.024000
-0.040000
-0.044000
-0.047000
-0.051000
-0.055000
-0.060000
-0.070000
-0.084000
-0.090000
-0.092000
-0.094000
-0.096000
-0.096000
-0.096000
-0.095000
-0.096000
-0.096000
-0.097000
-0.096000
-0.095000
-0.093000
-0.092000
-0.090000
-0.089000
-0.089000
-0.089000
-0.088000
-0.087000
-0.086000
-0.085000
-0.084000
-0.084000
-0.083000
-0.083000
-0.082000
-0.081000
-0.080000
-0.079000
-0.078000
-0.077000
-0.075000
-0.072000
-0.068000
-0.063000
-0.056000
-0.049000
-0.042000
-0.036000
-0.030000
-0.025000
-0.021000
-0.019000
-0.017000
-0.014000
-0.012000
-0.009000
-0.006000
-0.003000
0.000000
0.002000
0.005000
0.007000
0.010000
0.013000
0.015000
0.017000
0.020000
0.023000
0.026000
0.028000
0.031000
0.033000
0.035000
0.037000
0.039000
0.041000
0.042000
0.043000
0.043000
0.043000
0.042000
0.040000
0.038000
0.035000
0.033000
0.030000
0.027000
0.022000
0.018000
0.015000
0.013000
0.012000
0.011000
0.010000
0.010000
0.009000
0.007000
0.006000
0.005000
0.004000
0.004000
0.003000
0.003000
0.003000
0.004000
0.006000
0.007000
0.009000
0.010000
0.012000
0.013000
0.014000
0.015000
0.016000
0.017000
0.018000
0.020000
0.022000
0.024000
0.026000
0.028000
0.030000
0.032000
0.034000
0.036000
0.039000
0.043000
0.047000
0.046000
0.042000
0.036000
0.034000
0.033000
0.032000
0.031000
0.030000
0.029000
0.028000
0.027000
0.026000
0.026000
0.025000
0.024000
0.023000
0.022000
0.022000
0.021000
0.020000
0.020000
0.019000
0.019000
0.018000
0.017000
0.016000
0.015000
0.014000
0.014000
0.012000
0.011000
0.009000
0.008000
0.007000
0.006000
0.006000
0.006000
0.006000
0.006000
0.006000
0.007000
0.009000
0.010000
0.011000
0.011000
0.011000
0.012000
0.013000
0.014000
0.015000
0.016000
0.017000
0.018000
0.020000
0.023000
0.026000
0.029000
0.032000
0.035000
0.038000
0.043000
0.046000
0.049000
0.050000
0.050000
0.051000
0.051000
0.052000
0.053000
0.054000
0.052000
0.047000
0.043000
0.039000
0.035000
0.027000
0.019000
0.012000
0.005000
0.000000
-0.005000
-0.008000
-0.011000
-0.014000
-0.016000
-0.019000
-0.021000
-0.024000
-0.026000
-0.029000
-0.032000
-0.034000
-0.036000
-0.039000
-0.041000
-0.043000
-0.044000
-0.045000
-0.045000
-0.045000
-0.044000
-0.044000
-0.042000
-0.040000
-0.032000
-0.009000
0.028000
0.084000
0.158000
0.244000
0.332000
0.412000
0.471000
0.486000
0.478000
0.423000
0.334000
0.230000
0.130000
0.051000
0.002000
-0.019000
-0.027000
-0.033000
-0.038000
-0.041000
-0.043000
-0.045000
-0.046000
-0.046000
-0.047000
-0.047000
-0.047000
-0.047000
-0.048000
-0.049000
-0.050000
-0.050000
-0.051000
-0.052000
-0.052000
-0.053000
-0.054000
-0.054000
-0.055000
-0.055000
-0.055000
-0.057000
-0.058000
-0.059000
-0.059000
-0.056000
-0.050000
-0.045000
-0.040000
-0.036000
-0.032000
-0.028000
-0.025000
-0.022000
-0.020000
-0.017000
-0.015000
-0.014000
-0.012000
-0.011000
-0.009000
-0.007000
-0.006000
-0.005000
-0.004000
-0.002000
0.000000
0.005000
0.014000
0.023000
0.029000
0.032000
0.035000
0.039000
0.043000
0.047000
0.050000
0.054000
0.057000
0.060000
0.063000
0.064000
0.063000
0.061000
0.057000
0.052000
0.047000
0.037000
0.027000
0.019000
0.014000
