-0.015000
-0.014000
-0.004000
0.002000
0.007000
0.012000
0.016000
0.018000
0.020000
0.020000
0.021000
0.023000
0.025000
0.025000
0.025000
0.023000
0.018000
0.012000
0.007000
0.002000
-0.004000
-0.011000
-0.015000
-0.014000
-0.010000
-0.003000
0.008000
0.026000
0.034000
0.038000
0.041000
0.043000
0.046000
0.046000
0.045000
0.042000
0.037000
0.032000
0.028000
0.023000
0.018000
0.013000
0.006000
0.000000
-0.007000
-0.013000
-0.019000
-0.026000
-0.034000
-0.039000
-0.041000
-0.040000
-0.037000
-0.033000
-0.029000
-0.025000
-0.019000
-0.014000
-0.011000
-0.013000
-0.018000
-0.024000
-0.031000
-0.040000
-0.045000
-0.040000
-0.026000
0.011000
0.075000
0.160000
0.267000
0.388000
0.504000
0.590000
0.624000
0.588000
0.493000
0.364000
0.229000
0.114000
0.038000
-0.011000
-0.026000
-0.034000
-0.040000
-0.043000
-0.047000
-0.054000
-0.077000
-0.102000
-0.118000
-0.124000
-0.120000
-0.111000
-0.100000
-0.086000
-0.076000
-0.068000
-0.060000
-0.061000
-0.076000
-0.092000
-0.107000
-0.109000
-0.109000
-0.110000
-0.111000
-0.111000
-0.112000
-0.113000
-0.113000
-0.113000
-0.112000
-0.111000
-0.109000
-0.107000
-0.103000
-0.099000
-0.095000
-0.085000
-0.062000
-0.047000
-0.040000
-0.035000
-0.031000
-0.029000
-0.029000
-0.029000
-0.031000
-0.033000
-0.036000
-0.039000
-0.045000
-0.052000
-0.040000
-0.019000
0.001000
0.012000
0.018000
0.022000
0.026000
0.030000
0.033000
0.036000
0.039000
0.042000
0.045000
0.047000
0.048000
0.048000
0.047000
0.045000
0.042000
0.039000
0.036000
0.033000
0.029000
0.026000
0.023000
0.020000
0.016000
0.012000
0.008000
0.004000
0.000000
-0.005000
-0.011000
-0.016000
-0.021000
-0.026000
-0.037000
-0.050000
-0.055000
-0.059000
-0.060000
-0.057000
-0.053000
-0.049000
-0.050000
-0.056000
-0.060000
-0.064000
-0.066000
-0.069000
-0.071000
-0.073000
-0.076000
-0.080000
-0.087000
-0.086000
-0.076000
-0.067000
-0.060000
-0.053000
-0.048000
-0.043000
-0.040000
-0.037000
-0.033000
-0.030000
-0.029000
-0.029000
-0.032000
-0.035000
-0.038000
-0.042000
-0.049000
-0.048000
-0.039000
-0.033000
-0.028000
-0.023000
-0.019000
-0.015000
-0.012000
-0.005000
0.001000
-0.008000
-0.024000
-0.037000
-0.045000
-0.042000
-0.032000
-0.028000
-0.024000
-0.020000
-0.017000
-0.015000
-0.013000
-0.010000
-0.005000
-0.004000
-0.009000
-0.013000
-0.015000
-0.018000
-0.021000
-0.025000
-0.028000
-0.033000
-0.039000
-0.043000
-0.039000
-0.030000
-0.019000
-0.006000
0.000000
0.002000
0.006000
0.008000
0.010000
0.009000
0.006000
0.003000
-0.001000
-0.007000
-0.006000
0.006000
0.014000
0.020000
0.025000
0.028000
0.029000
0.027000
0.024000
0.020000
0.014000
0.000000
-0.011000
-0.015000
-0.019000
-0.023000
-0.026000
-0.028000
-0.029000
-0.029000
-0.032000
-0.035000
-0.026000
-0.018000
-0.013000
-0.009000
-0.006000
-0.003000
-0.001000
0.000000
0.002000
0.006000
0.009000
0.007000
0.004000
0.000000
-0.005000
0.001000
0.023000
0.066000
0.140000
0.244000
0.370000
0.492000
0.580000
0.606000
0.563000
0.468000
0.342000
0.197000
0.059000
-0.042000
-0.093000
-0.100000
-0.083000
-0.037000
-0.002000
0.009000
0.000000
-0.027000
-0.064000
-0.081000
-0.087000
-0.086000
-0.077000
-0.062000
-0.046000
-0.037000
-0.033000
-0.030000
-0.028000
-0.029000
-0.031000
-0.036000
-0.040000
-0.043000
-0.048000
-0.052000
-0.055000
-0.055000
-0.053000
-0.047000
-0.040000
-0.026000
-0.004000
0.005000
0.010000
0.014000
0.017000
0.019000
0.022000
0.025000
0.027000
0.029000
0.031000
0.033000
0.036000
0.041000
0.045000
0.045000
0.040000
0.035000
0.030000
0.025000
0.021000
0.022000
0.026000
0.033000
0.043000
0.061000
0.082000
0.101000
0.109000
0.113000
0.117000
0.119000
0.121000
0.122000
0.122000
0.121000
0.118000
0.115000
0.112000
0.110000
0.107000
0.104000
0.100000
0.095000
0.088000
0.080000
0.068000
0.053000
0.048000
0.046000
0.043000
0.042000
0.041000
0.041000
0.040000
0.039000
0.038000
0.037000
0.036000
0.035000
0.033000
0.031000
0.027000
0.025000
0.028000
0.031000
0.034000
0.032000
0.017000
0.008000
0.001000
-0.005000
-0.009000
-0.010000
-0.008000
-0.004000
0.000000
0.003000
0.008000
0.014000
0.020000
0.023000
0.022000
0.017000
0.010000
0.001000
-0.010000
-0.012000
-0.014000
-0.016000
-0.017000
-0.013000
-0.006000
-0.003000
0.000000
0.002000
0.005000
0.006000
0.007000
0.008000
0.008000
0.009000
0.009000
0.008000
0.008000
0.006000
0.004000
0.003000
0.001000
0.000000
-0.002000
-0.004000
-0.006000
-0.006000
-0.004000
0.000000
0.005000
0.012000
0.021000
0.035000
0.043000
0.048000
0.051000
0.053000
0.055000
0.056000
0.057000
0.057000
0.058000
0.058000
0.058000
0.058000
0.057000
0.057000
0.058000
0.059000
0.059000
0.059000
0.059000
0.058000
0.058000
0.058000
0.060000
0.062000
0.064000
0.066000
0.070000
0.072000
0.069000
0.061000
0.052000
0.042000
0.028000
0.013000
0.000000
-0.006000
-0.011000
-0.016000
-0.018000
-0.015000
-0.010000
-0.005000
0.000000
0.003000
0.000000
-0.007000
-0.013000
-0.018000
-0.022000
-0.025000
-0.028000
-0.030000
-0.034000
-0.040000
-0.040000
-0.029000
0.001000
0.048000
0.123000
0.226000
0.343000
0.452000
0.516000
0.522000
0.490000
0.399000
0.282000
0.167000
0.071000
-0.007000
-0.067000
-0.102000
-0.114000
-0.102000
-0.081000
-0.068000
-0.062000
-0.068000
-0.114000
-0.164000
-0.176000
-0.178000
-0.180000
-0.180000
-0.178000
-0.175000
-0.172000
-0.171000
-0.170000
-0.168000
-0.164000
-0.160000
-0.153000
-0.140000
-0.127000
-0.123000
-0.121000
-0.119000
-0.118000
-0.117000
-0.119000
-0.123000
-0.128000
-0.133000
-0.138000
-0.147000
-0.153000
-0.149000
-0.143000
-0.138000
-0.135000
-0.132000
-0.129000
-0.127000
-0.124000
-0.121000
-0.116000
-0.111000
-0.106000
-0.101000
-0.096000
-0.090000
-0.085000
-0.079000
-0.073000
-0.069000
-0.066000
-0.063000
-0.060000
-0.055000
-0.049000
-0.040000
-0.029000
-0.021000
-0.014000
-0.008000
-0.004000
-0.003000
-0.005000
-0.008000
-0.012000
-0.015000
-0.019000
-0.023000
-0.025000
-0.025000
-0.025000
-0.025000
-0.024000
-0.023000
-0.022000
-0.023000
-0.031000
-0.043000
-0.059000
-0.079000
-0.085000
-0.090000
-0.095000
-0.098000
-0.092000
-0.081000
-0.073000
-0.064000
-0.057000
-0.054000
-0.056000
-0.063000
-0.071000
-0.076000
-0.083000
-0.090000
-0.094000
-0.094000
-0.091000
-0.087000
-0.083000
-0.082000
-0.081000
-0.080000
-0.080000
-0.078000
-0.076000
-0.074000
-0.072000
-0.070000
-0.068000
-0.066000
-0.064000
-0.063000
-0.063000
-0.063000
-0.063000
-0.062000
-0.061000
-0.057000
-0.054000
-0.052000
-0.052000
-0.055000
-0.058000
-0.062000
-0.065000
-0.071000
-0.076000
-0.079000
-0.076000
-0.068000
-0.059000
-0.051000
-0.040000
-0.035000
-0.041000
-0.050000
-0.054000
-0.058000
-0.062000
-0.066000
-0.068000
-0.068000
-0.067000
-0.066000
-0.065000
-0.063000
-0.061000
-0.058000
-0.054000
-0.050000
-0.045000
-0.040000
-0.034000
-0.029000
-0.022000
-0.014000
-0.006000
0.001000
0.010000
0.020000
0.033000
0.046000
0.059000
0.079000
0.102000
0.109000
0.112000
0.114000
0.116000
0.117000
0.118000
0.118000
0.117000
0.117000
0.117000
0.118000
0.119000
0.120000
0.121000
0.122000
0.123000
0.125000
0.126000
0.127000
0.127000
0.128000
0.128000
0.129000
0.130000
0.131000
0.133000
0.136000
0.139000
0.142000
0.146000
0.149000
0.152000
0.154000
0.156000
0.158000
0.161000
0.177000
0.224000
0.298000
0.403000
0.527000
0.653000
0.760000
0.822000
0.827000
0.790000
0.683000
0.552000
0.422000
0.302000
0.210000
0.138000
0.110000
0.101000
0.096000
0.093000
0.089000
0.086000
0.082000
0.079000
0.075000
0.070000
0.063000
0.057000
0.055000
0.059000
0.066000
0.074000
0.079000
0.085000
0.090000
0.094000
0.094000
0.091000
0.086000
0.080000
0.070000
0.056000
0.049000
0.045000
0.042000
0.039000
0.036000
0.034000
0.033000
0.033000
0.034000
0.036000
0.040000
0.044000
0.050000
0.056000
0.062000
0.069000
0.079000
0.088000
0.090000
0.090000
0.090000
0.090000
0.089000
0.089000
0.089000
0.089000
0.090000
0.089000
0.086000
0.082000
0.078000
0.074000
0.068000
0.063000
0.062000
0.066000
0.072000
0.076000
0.081000
0.086000
0.090000
0.092000
0.092000
0.091000
0.087000
0.083000
0.078000
0.073000
0.069000
0.064000
0.060000
0.055000
0.049000
0.043000
0.036000
0.030000
0.026000
0.022000
0.018000
0.015000
0.012000
0.009000
0.006000
0.004000
0.002000
0.000000
0.000000
0.000000
0.000000
0.000000
0.001000
0.002000
0.003000
0.004000
0.004000
0.005000
0.005000
0.005000
0.005000
0.005000
0.005000
0.005000
0.006000
0.007000
0.008000
0.008000
0.008000
0.008000
0.008000
0.008000
0.008000
0.008000
0.007000
0.006000
0.005000
0.005000
0.006000
0.008000
0.010000
0.012000
0.014000
0.017000
0.019000
0.022000
0.024000
0.026000
0.026000
0.026000
0.027000
0.027000
0.028000
0.029000
0.030000
0.031000
0.032000
0.033000
0.035000
0.036000
0.036000
0.035000
0.034000
0.033000
0.033000
0.033000
0.033000
0.033000
0.032000
0.032000
0.032000
0.033000
0.035000
0.037000
0.038000
0.038000
0.038000
0.038000
0.038000
0.038000
0.039000
0.039000
0.039000
0.039000
0.039000
0.038000
0.038000
0.038000
0.037000
0.035000
0.034000
0.032000
0.031000
0.030000
0.029000
0.027000
0.025000
0.023000
0.020000
0.018000
0.016000
0.014000
0.011000
0.008000
0.004000
0.000000
-0.002000
-0.005000
-0.007000
-0.010000
-0.013000
-0.017000
-0.020000
-0.022000
-0.024000
-0.026000
-0.030000
-0.036000
-0.043000
-0.048000
-0.050000
-0.049000
-0.045000
-0.041000
-0.034000
-0.010000
0.043000
0.114000
0.211000
0.333000
0.472000
0.603000
0.678000
0.686000
0.650000
0.543000
0.401000
0.252000
0.126000
0.037000
0.001000
-0.007000
-0.014000
-0.018000
-0.022000
-0.027000
-0.031000
-0.035000
-0.038000
-0.042000
-0.045000
-0.049000
-0.051000
-0.054000
-0.057000
-0.060000
-0.063000
-0.064000
-0.063000
-0.060000
-0.056000
-0.051000
-0.048000
-0.045000
-0.043000
-0.041000
-0.038000
-0.036000
-0.034000
-0.033000
-0.032000
-0.032000
-0.032000
-0.032000
-0.032000
-0.032000
-0.033000
-0.033000
-0.033000
-0.032000
-0.032000
-0.031000
-0.030000
-0.028000
-0.027000
-0.025000
-0.023000
-0.021000
-0.019000
-0.018000
-0.017000
-0.015000
-0.012000
-0.008000
-0.004000
0.002000
0.009000
0.015000
0.022000
0.027000
0.031000
0.035000
0.038000
0.041000
0.044000
0.048000
0.051000
0.054000
0.054000
0.049000
0.042000
0.035000
0.027000
0.021000
0.013000
0.005000
-0.003000
-0.010000
-0.016000
-0.021000
-0.025000
-0.027000
-0.030000
-0.032000
-0.035000
-0.037000
-0.038000
-0.040000
-0.042000
-0.044000
-0.047000
-0.050000
-0.052000
-0.053000
-0.054000
-0.055000
-0.057000
-0.059000
-0.062000
-0.065000
-0.067000
-0.068000
-0.066000
-0.063000
-0.059000
-0.055000
-0.051000
-0.045000
-0.040000
-0.035000
-0.033000
-0.032000
-0.033000
-0.034000
-0.035000
-0.037000
-0.041000
-0.044000
-0.040000
-0.031000
-0.026000
-0.023000
-0.020000
-0.018000
-0.016000
-0.014000
-0.011000
-0.008000
-0.006000
-0.005000
-0.004000
-0.004000
-0.002000
0.000000
0.001000
0.005000
0.008000
0.009000
0.007000
0.004000
0.001000
0.000000
-0.002000
-0.005000
-0.008000
-0.012000
-0.017000
-0.022000
-0.025000
-0.029000
-0.032000
-0.035000
-0.037000
-0.038000
-0.038000
-0.037000
-0.037000
-0.036000
-0.033000
-0.029000
-0.025000
-0.020000
-0.017000
-0.014000
-0.011000
-0.008000
-0.004000
0.000000
0.003000
0.006000
0.010000
0.012000
0.014000
0.015000
0.016000
0.016000
0.016000
0.017000
0.016000
0.016000
0.015000
0.015000
0.017000
0.007000
-0.001000
-0.005000
-0.009000
-0.011000
-0.013000
-0.015000
-0.016000
-0.019000
-0.022000
-0.025000
-0.026000
-0.027000
-0.027000
-0.025000
-0.023000
-0.020000
-0.017000
-0.011000
-0.012000
-0.024000
-0.038000
-0.053000
-0.061000
-0.068000
-0.074000
-0.077000
-0.073000
-0.063000
-0.034000
-0.002000
0.047000
0.124000
0.228000
0.352000
0.469000
0.554000
0.583000
0.579000
0.528000
0.439000
0.329000
0.219000
0.112000
0.013000
-0.066000
-0.110000
-0.126000
-0.126000
-0.111000
-0.104000
-0.101000
-0.098000
-0.096000
-0.093000
-0.092000
-0.091000
-0.090000
-0.088000
-0.085000
-0.082000
-0.079000
-0.077000
-0.076000
-0.075000
-0.073000
-0.071000
-0.069000
-0.066000
-0.064000
-0.061000
-0.057000
-0.051000
-0.045000
-0.041000
-0.041000
-0.043000
-0.047000
-0.053000
-0.059000
-0.067000
-0.082000
-0.084000
-0.074000
-0.059000
-0.037000
-0.017000
-0.004000
0.002000
0.006000
0.008000
0.009000
0.011000
0.013000
0.016000
0.019000
0.022000
0.026000
0.029000
0.033000
0.037000
0.040000
0.043000
0.046000
0.049000
0.052000
0.055000
0.058000
0.060000
0.063000
0.065000
0.067000
0.070000
0.072000
0.073000
0.071000
0.068000
0.064000
0.058000
0.047000
0.028000
0.013000
0.003000
-0.004000
-0.010000
-0.014000
-0.016000
-0.018000
-0.020000
-0.021000
-0.023000
-0.024000
-0.026000
-0.027000
-0.027000
-0.028000
-0.029000
-0.030000
-0.031000
-0.032000
-0.033000
-0.035000
-0.037000
-0.039000
-0.042000
-0.045000
-0.048000
-0.051000
-0.054000
-0.057000
-0.061000
-0.064000
-0.066000
-0.066000
-0.064000
-0.061000
-0.057000
-0.052000
-0.045000
-0.033000
-0.022000
-0.015000
-0.009000
-0.004000
-0.002000
-0.003000
-0.006000
-0.010000
-0.014000
-0.020000
-0.025000
-0.029000
-0.034000
-0.038000
-0.039000
-0.034000
-0.029000
-0.024000
-0.032000
-0.040000
-0.048000
-0.049000
-0.045000
-0.041000
-0.036000
-0.036000
-0.043000
-0.050000
-0.055000
-0.060000
-0.065000
-0.069000
-0.074000
-0.081000
-0.080000
-0.067000
-0.060000
-0.054000
-0.050000
-0.046000
-0.043000
-0.040000
-0.039000
-0.038000
-0.036000
-0.034000
-0.032000
-0.029000
-0.026000
-0.025000
-0.027000
-0.031000
-0.036000
-0.039000
-0.043000
-0.047000
-0.049000
-0.047000
-0.044000
-0.040000
-0.035000
-0.030000
-0.025000
-0.022000
-0.020000
-0.016000
-0.012000
-0.012000
-0.019000
-0.023000
-0.027000
-0.030000
-0.033000
-0.035000
-0.035000
-0.034000
-0.032000
-0.029000
-0.026000
-0.022000
-0.014000
-0.014000
-0.019000
-0.025000
-0.030000
-0.030000
-0.021000
-0.012000
-0.002000
0.006000
0.017000
0.031000
0.058000
0.091000
0.137000
0.204000
0.295000
0.405000
0.517000
0.602000
0.637000
0.609000
0.529000
0.417000
0.297000
0.194000
0.121000
0.069000
0.032000
0.004000
-0.011000
-0.021000
-0.028000
-0.031000
-0.026000
-0.016000
-0.010000
-0.006000
-0.002000
0.000000
0.003000
0.004000
0.005000
0.006000
0.007000
0.008000
0.010000
0.012000
0.013000
0.016000
0.017000
0.016000
0.014000
0.013000
0.012000
0.011000
0.009000
0.008000
0.009000
0.013000
0.018000
0.026000
0.040000
0.057000
0.062000
0.065000
0.068000
0.072000
0.079000
0.086000
0.092000
0.097000
0.103000
0.107000
0.109000
0.111000
0.112000
0.113000
0.114000
0.116000
0.118000
0.119000
0.120000
0.121000
0.122000
0.124000
0.126000
0.127000
0.129000
0.131000
0.133000
0.137000
0.146000
0.159000
0.165000
0.169000
0.169000
0.160000
0.154000
0.148000
0.144000
0.142000
0.145000
0.151000
0.157000
0.162000
0.169000
0.173000
0.173000
0.167000
0.158000
0.144000
0.121000
0.100000
0.078000
0.055000
0.039000
0.034000
0.031000
0.029000
0.027000
0.025000
0.023000
0.022000
0.020000
0.017000
0.016000
0.014000
0.012000
0.010000
0.007000
0.004000
0.003000
0.004000
0.007000
0.011000
0.015000
0.021000
0.030000
0.029000
0.018000
0.012000
0.008000
0.005000
0.002000
0.000000
-0.001000
0.000000
0.001000
0.003000
0.006000
0.009000
0.013000
0.021000
0.021000
0.011000
0.003000
-0.001000
-0.007000
-0.012000
-0.016000
-0.019000
-0.024000
-0.031000
-0.030000
-0.022000
-0.016000
-0.012000
-0.009000
-0.006000
-0.004000
-0.003000
-0.003000
-0.003000
-0.002000
0.000000
0.001000
0.001000
0.000000
-0.005000
-0.010000
-0.015000
-0.020000
-0.024000
-0.025000
-0.020000
-0.013000
-0.007000
0.000000
0.005000
0.007000
0.009000
0.012000
0.015000
0.005000
0.000000
-0.001000
-0.003000
-0.004000
-0.006000
-0.008000
-0.010000
-0.012000
-0.014000
-0.016000
-0.017000
-0.018000
-0.020000
-0.022000
-0.029000
-0.043000
-0.051000
-0.057000
-0.056000
-0.044000
-0.036000
-0.031000
-0.027000
-0.024000
-0.024000
-0.026000
-0.029000
-0.034000
-0.041000
-0.051000
-0.064000
-0.068000
-0.070000
-0.072000
-0.073000
-0.073000
-0.068000
-0.057000
-0.025000
0.028000
0.107000
0.210000
0.334000
0.464000
0.569000
0.610000
0.605000
0.539000
0.416000
0.279000
0.161000
0.074000
0.014000
-0.026000
-0.061000
-0.088000
-0.098000
-0.099000
-0.093000
-0.086000
-0.080000
-0.093000
-0.107000
-0.117000
-0.121000
-0.116000
-0.107000
-0.103000
-0.099000
-0.095000
-0.092000
-0.090000
-0.089000
-0.088000
-0.088000
-0.088000
-0.088000
-0.089000
-0.090000
-0.093000
-0.097000
-0.103000
-0.108000
-0.115000
-0.128000
-0.130000
-0.122000
-0.103000
-0.083000
-0.078000
-0.074000
-0.070000
-0.065000
-0.060000
-0.056000
-0.050000
-0.044000
-0.038000
-0.032000
-0.027000
-0.021000
-0.014000
-0.003000
-0.004000
-0.016000
-0.028000
-0.041000
-0.042000
-0.032000
-0.003000
0.029000
0.041000
0.051000
0.061000
0.070000
0.072000
0.074000
0.076000
0.062000
0.036000
0.024000
0.022000
0.021000
0.022000
0.030000
0.036000
0.040000
0.043000
0.046000
0.047000
0.044000
0.039000
0.032000
0.025000
0.020000
0.012000
0.005000
0.000000
-0.005000
-0.009000
-0.012000
-0.014000
-0.016000
-0.019000
-0.021000
-0.022000
-0.023000
-0.022000
-0.021000
-0.021000
-0.020000
-0.021000
-0.021000
-0.020000
-0.019000
-0.018000
-0.018000
-0.018000
-0.018000
-0.017000
-0.016000
-0.014000
-0.012000
-0.011000
-0.010000
-0.009000
-0.008000
-0.007000
-0.007000
-0.006000
-0.004000
0.000000
0.003000
0.003000
-0.002000
-0.008000
-0.012000
-0.014000
-0.017000
-0.019000
-0.021000
-0.022000
-0.024000
-0.025000
-0.026000
-0.025000
-0.023000
-0.021000
-0.019000
-0.016000
-0.012000
-0.009000
-0.005000
0.002000
0.010000
0.016000
0.022000
0.028000
0.031000
0.021000
0.004000
-0.006000
-0.015000
-0.023000
-0.030000
-0.033000
-0.032000
-0.029000
-0.025000
-0.019000
-0.013000
-0.007000
0.001000
0.010000
0.016000
0.017000
0.015000
0.012000
0.008000
0.002000
-0.004000
0.016000
0.034000
0.045000
0.053000
0.059000
0.063000
0.066000
0.072000
0.078000
0.068000
0.039000
-0.008000
-0.019000
-0.020000
-0.021000
-0.022000
-0.022000
-0.022000
-0.022000
-0.022000
-0.021000
-0.020000
-0.017000
-0.016000
-0.012000
-0.009000
-0.010000
-0.017000
-0.025000
-0.029000
-0.033000
-0.036000
-0.039000
-0.041000
-0.043000
-0.043000
-0.043000
-0.041000
-0.039000
-0.036000
-0.031000
-0.013000
0.049000
0.153000
0.288000
0.433000
0.566000
0.663000
0.682000
0.667000
0.570000
0.428000
0.266000
0.122000
0.023000
-0.015000
-0.025000
-0.033000
-0.041000
-0.050000
-0.069000
-0.091000
-0.104000
-0.113000
-0.111000
-0.095000
-0.085000
-0.078000
-0.072000
-0.068000
-0.065000
-0.063000
-0.062000
-0.061000
-0.060000
-0.059000
-0.058000
-0.056000
-0.054000
-0.051000
-0.048000
-0.047000
-0.046000
-0.044000
-0.041000
-0.039000
-0.037000
-0.037000
-0.038000
-0.039000
-0.040000
-0.040000
-0.040000
-0.042000
-0.045000
-0.044000
-0.034000
-0.025000
-0.016000
-0.007000
0.001000
0.016000
0.032000
0.039000
0.044000
0.048000
0.050000
0.048000
0.042000
0.036000
0.029000
0.021000
0.016000
0.017000
0.024000
0.031000
0.037000
0.041000
0.045000
0.049000
0.051000
0.053000
0.055000
0.057000
0.058000
0.060000
0.062000
0.063000
0.064000
0.064000
0.061000
0.057000
0.051000
0.046000
0.041000
0.036000
0.030000
0.023000
0.016000
0.008000
0.001000
-0.004000
-0.012000
-0.019000
-0.024000
-0.025000
-0.024000
-0.021000
-0.019000
-0.017000
-0.017000
-0.017000
-0.016000
-0.016000
-0.015000
-0.014000
-0.013000
-0.012000
-0.012000
-0.013000
-0.013000
-0.014000
-0.014000
-0.014000
-0.015000
-0.016000
-0.018000
-0.020000
-0.021000
-0.023000
-0.026000
-0.026000
-0.019000
-0.014000
-0.009000
-0.005000
-0.001000
0.000000
-0.001000
-0.004000
-0.008000
-0.012000
-0.018000
-0.022000
-0.018000
-0.011000
-0.007000
-0.003000
0.001000
0.004000
0.005000
0.002000
-0.002000
-0.007000
-0.009000
-0.011000
-0.012000
-0.014000
-0.016000
-0.019000
-0.022000
-0.025000
-0.026000
-0.028000
-0.028000
-0.029000
-0.029000
-0.029000
-0.028000
-0.027000
-0.026000
-0.026000
-0.027000
-0.029000
-0.032000
-0.034000
-0.034000
-0.031000
-0.026000
-0.021000
-0.018000
-0.014000
-0.010000
-0.007000
-0.005000
-0.004000
-0.004000
-0.005000
-0.005000
-0.006000
-0.006000
-0.005000
-0.005000
-0.006000
-0.009000
-0.012000
-0.013000
-0.013000
-0.013000
-0.014000
-0.015000
-0.016000
-0.018000
-0.018000
-0.019000
-0.018000
-0.019000
-0.019000
-0.020000
-0.020000
-0.019000
-0.018000
-0.018000
-0.018000
-0.018000
-0.018000
-0.017000
-0.017000
-0.016000
-0.015000
-0.014000
-0.013000
-0.011000
-0.009000
-0.007000
0.008000
0.047000
0.109000
0.195000
0.299000
0.405000
0.494000
0.540000
0.541000
0.507000
0.423000
0.310000
0.193000
0.096000
0.031000
-0.006000
-0.025000
-0.032000
-0.035000
-0.037000
-0.038000
-0.039000
-0.040000
-0.041000
-0.042000
-0.044000
-0.046000
-0.048000
-0.050000
-0.051000
-0.051000
-0.052000
-0.053000
-0.054000
-0.056000
-0.059000
-0.064000
-0.068000
-0.069000
-0.067000
-0.063000
-0.056000
-0.043000
-0.024000
-0.015000
-0.009000
-0.005000
-0.005000
-0.010000
-0.018000
-0.023000
-0.029000
-0.034000
-0.037000
-0.034000
-0.027000
-0.018000
-0.006000
0.010000
0.020000
0.026000
0.030000
0.034000
0.037000
0.041000
0.045000
0.050000
0.056000
0.061000
0.066000
0.070000
0.075000
0.081000
0.086000
0.090000
0.092000
0.092000
0.091000
0.089000
0.086000
0.083000
0.080000
0.073000
0.068000
0.072000
0.079000
0.083000
0.087000
0.091000
0.093000
0.092000
0.088000
0.081000
0.073000
0.062000
0.045000
0.031000
0.025000
0.022000
0.018000
0.014000
0.011000
0.008000
0.006000
0.004000
0.003000
0.003000
0.003000
0.003000
0.004000
0.007000
0.009000
0.011000
0.013000
0.015000
0.017000
0.019000
0.019000
0.020000
0.020000
0.020000
0.022000
0.023000
0.025000
0.026000
0.028000
0.030000
0.032000
0.033000
0.035000
0.036000
0.037000
0.038000
0.038000
0.039000
0.040000
0.041000
0.041000
0.040000
0.040000
0.040000
0.040000
0.039000
0.037000
0.035000
0.034000
0.032000
0.030000
0.028000
0.025000
0.022000
0.019000
0.017000
0.015000
0.013000
0.011000
0.008000
