0.023000
0.024000
0.025000
0.025000
0.026000
0.027000
0.028000
0.029000
0.030000
0.031000
0.033000
0.034000
0.036000
0.037000
0.039000
0.041000
0.043000
0.046000
0.048000
0.051000
0.054000
0.056000
0.058000
0.060000
0.061000
0.062000
0.063000
0.064000
0.066000
0.069000
0.073000
0.079000
0.085000
0.090000
0.094000
0.098000
0.103000
0.108000
0.114000
0.121000
0.128000
0.134000
0.137000
0.139000
0.140000
0.141000
0.143000
0.144000
0.145000
0.145000
0.146000
0.145000
0.143000
0.141000
0.139000
0.136000
0.132000
0.126000
0.119000
0.113000
0.108000
0.103000
0.100000
0.096000
0.093000
0.090000
0.085000
0.080000
0.075000
0.069000
0.062000
0.054000
0.046000
0.038000
0.029000
0.019000
0.011000
0.003000
-0.001000
-0.006000
-0.011000
-0.015000
-0.020000
-0.025000
-0.030000
-0.034000
-0.039000
-0.045000
-0.051000
-0.054000
-0.056000
-0.059000
-0.061000
-0.063000
-0.065000
-0.066000
-0.067000
-0.068000
-0.069000
-0.069000
-0.068000
-0.068000
-0.067000
-0.066000
-0.065000
-0.064000
-0.062000
-0.061000
-0.059000
-0.058000
-0.057000
-0.056000
-0.055000
-0.054000
-0.053000
-0.052000
-0.051000
-0.050000
-0.049000
-0.048000
-0.048000
-0.047000
-0.047000
-0.047000
-0.047000
-0.047000
-0.047000
-0.047000
-0.047000
-0.047000
-0.048000
-0.047000
-0.047000
-0.046000
-0.045000
-0.045000
-0.044000
-0.042000
-0.041000
-0.039000
-0.034000
-0.019000
-0.012000
-0.010000
-0.008000
-0.006000
-0.004000
-0.002000
0.000000
0.000000
0.002000
0.003000
0.004000
0.005000
0.005000
0.005000
0.005000
0.005000
0.004000
0.004000
0.004000
0.004000
0.004000
0.004000
0.004000
0.004000
0.004000
0.004000
0.004000
0.003000
0.002000
0.001000
0.001000
0.000000
0.000000
0.000000
-0.001000
-0.001000
-0.001000
-0.001000
-0.001000
-0.001000
-0.001000
-0.002000
-0.003000
-0.004000
-0.005000
-0.006000
-0.006000
-0.005000
-0.003000
-0.002000
-0.001000
0.000000
0.001000
0.003000
0.004000
0.006000
0.007000
0.008000
0.009000
0.010000
0.010000
0.010000
0.010000
0.010000
0.010000
0.009000
0.009000
0.009000
0.010000
0.010000
0.011000
0.012000
0.014000
0.015000
0.015000
0.016000
0.017000
0.018000
0.020000
0.021000
0.021000
0.022000
0.023000
0.024000
0.025000
0.027000
0.027000
0.028000
0.028000
0.028000
0.027000
0.027000
0.026000
0.024000
0.023000
0.022000
0.021000
0.020000
0.019000
0.017000
0.015000
0.014000
0.014000
0.014000
0.015000
0.015000
0.016000
0.016000
0.015000
0.015000
0.016000
0.017000
0.017000
0.018000
0.018000
0.018000
0.019000
0.019000
0.020000
0.021000
0.022000
0.025000
0.037000
0.071000
0.125000
0.200000
0.297000
0.412000
0.540000
0.667000
0.783000
0.876000
0.923000
0.925000
0.883000
0.784000
0.653000
0.506000
0.371000
0.266000
0.192000
0.139000
0.092000
0.045000
0.000000
-0.035000
-0.060000
-0.071000
-0.077000
-0.080000
-0.083000
-0.083000
-0.081000
-0.078000
-0.076000
-0.075000
-0.074000
-0.073000
-0.072000
-0.071000
-0.069000
-0.068000
-0.067000
-0.066000
-0.065000
-0.064000
-0.063000
-0.062000
-0.061000
-0.060000
-0.059000
-0.057000
-0.056000
-0.054000
-0.052000
-0.051000
-0.049000
-0.047000
-0.045000
-0.043000
-0.041000
-0.038000
-0.034000
-0.030000
-0.026000
-0.022000
-0.018000
-0.014000
-0.008000
-0.002000
0.003000
0.010000
0.018000
0.027000
0.034000
0.039000
0.044000
0.048000
0.052000
0.058000
0.066000
0.077000
0.084000
0.090000
0.095000
0.096000
0.097000
0.098000
0.098000
0.099000
0.099000
0.099000
0.100000
0.099000
0.098000
0.096000
0.093000
0.090000
0.086000
0.082000
0.078000
0.074000
0.069000
0.066000
0.063000
0.060000
0.058000
0.056000
0.054000
0.052000
0.050000
0.048000
0.045000
0.041000
0.033000
0.025000
0.017000
0.009000
0.001000
-0.004000
-0.008000
-0.012000
-0.015000
-0.018000
-0.021000
-0.026000
-0.033000
-0.042000
-0.047000
-0.051000
-0.054000
-0.056000
-0.058000
-0.059000
-0.060000
-0.060000
-0.061000
-0.061000
-0.061000
-0.062000
-0.061000
-0.061000
-0.061000
-0.061000
-0.061000
-0.061000
-0.061000
-0.061000
-0.062000
-0.062000
-0.062000
-0.062000
-0.062000
-0.062000
-0.061000
-0.060000
-0.059000
-0.058000
-0.058000
-0.057000
-0.056000
-0.056000
-0.055000
-0.055000
-0.054000
-0.054000
-0.054000
-0.053000
-0.053000
-0.052000
-0.052000
-0.051000
-0.051000
-0.050000
-0.049000
-0.049000
-0.048000
-0.048000
-0.048000
-0.047000
-0.047000
-0.046000
-0.046000
-0.046000
-0.046000
-0.045000
-0.045000
-0.045000
-0.044000
-0.043000
-0.042000
-0.041000
-0.041000
-0.040000
-0.038000
-0.037000
-0.037000
-0.036000
-0.036000
-0.035000
-0.035000
-0.035000
-0.035000
-0.034000
-0.034000
-0.033000
-0.033000
-0.032000
-0.032000
-0.031000
-0.031000
-0.030000
-0.030000
-0.030000
-0.030000
-0.030000
-0.030000
-0.030000
-0.029000
-0.029000
-0.028000
-0.028000
-0.027000
-0.026000
-0.025000
-0.025000
-0.024000
-0.023000
-0.022000
-0.021000
-0.019000
-0.017000
-0.015000
-0.013000
-0.012000
-0.010000
-0.008000
-0.007000
-0.005000
-0.004000
-0.002000
-0.001000
0.000000
0.000000
0.000000
0.001000
0.001000
0.002000
0.003000
0.003000
0.004000
0.004000
0.005000
0.006000
0.006000
0.007000
0.008000
0.009000
0.010000
0.010000
0.011000
0.012000
0.013000
0.013000
0.014000
0.015000
0.016000
0.017000
0.019000
0.021000
0.022000
0.023000
0.024000
0.024000
0.024000
0.024000
0.023000
0.021000
0.020000
0.018000
0.017000
0.016000
0.014000
0.012000
0.010000
0.009000
0.009000
0.010000
0.013000
0.015000
0.017000
0.019000
0.020000
0.022000
0.023000
0.025000
0.027000
0.028000
0.030000
0.031000
0.032000
0.033000
0.035000
0.037000
0.040000
0.056000
0.086000
0.130000
0.194000
0.283000
0.392000
0.517000
0.649000
0.783000
0.904000
0.995000
1.022000
1.013000
0.939000
0.807000
0.648000
0.494000
0.362000
0.259000
0.176000
0.111000
0.055000
0.006000
-0.032000
-0.048000
-0.052000
-0.054000
-0.057000
-0.058000
-0.059000
-0.060000
-0.061000
-0.061000
-0.061000
-0.061000
-0.061000
-0.060000
-0.060000
-0.059000
-0.059000
-0.059000
-0.058000
-0.058000
-0.058000
-0.058000
-0.059000
-0.058000
-0.057000
-0.055000
-0.051000
-0.046000
-0.042000
-0.039000
-0.035000
-0.032000
-0.029000
-0.027000
-0.024000
-0.022000
-0.019000
-0.015000
-0.011000
-0.006000
-0.002000
0.002000
0.008000
0.013000
0.017000
0.021000
0.025000
0.029000
0.033000
0.038000
0.045000
0.053000
0.064000
0.073000
0.083000
0.092000
0.102000
0.110000
0.115000
0.119000
0.121000
0.123000
0.124000
0.125000
0.127000
0.128000
0.129000
0.127000
0.123000
0.118000
0.111000
0.102000
0.093000
0.085000
0.078000
0.072000
0.068000
0.065000
0.062000
0.061000
0.059000
0.057000
0.055000
0.052000
0.049000
0.045000
0.040000
0.033000
0.027000
0.022000
0.016000
0.009000
0.001000
-0.004000
-0.009000
-0.014000
-0.019000
-0.024000
-0.029000
-0.035000
-0.039000
-0.043000
-0.046000
-0.048000
-0.049000
-0.050000
-0.051000
-0.052000
-0.053000
-0.054000
-0.055000
-0.056000
-0.056000
-0.056000
-0.056000
-0.056000
-0.055000
-0.054000
-0.053000
-0.052000
-0.051000
-0.049000
-0.048000
-0.047000
-0.046000
-0.045000
-0.044000
-0.043000
-0.043000
-0.042000
-0.041000
-0.040000
-0.039000
-0.038000
-0.037000
-0.036000
-0.036000
-0.036000
-0.036000
-0.036000
-0.036000
-0.037000
-0.037000
-0.037000
-0.037000
-0.037000
-0.037000
-0.036000
-0.036000
-0.035000
-0.035000
-0.035000
-0.034000
-0.034000
-0.034000
-0.033000
-0.033000
-0.033000
-0.032000
-0.032000
-0.032000
-0.031000
-0.030000
-0.029000
-0.028000
-0.026000
-0.025000
-0.024000
-0.023000
-0.022000
-0.021000
-0.021000
-0.021000
-0.021000
-0.021000
-0.021000
-0.021000
-0.021000
-0.020000
-0.020000
-0.020000
-0.019000
-0.019000
-0.019000
-0.019000
-0.019000
-0.019000
-0.019000
-0.019000
-0.020000
-0.020000
-0.020000
-0.020000
-0.020000
-0.019000
-0.019000
-0.018000
-0.017000
-0.016000
-0.015000
-0.014000
-0.013000
-0.012000
-0.010000
-0.009000
-0.008000
-0.006000
-0.005000
-0.004000
-0.003000
-0.002000
-0.002000
-0.002000
-0.001000
0.000000
0.000000
0.000000
0.000000
0.001000
0.002000
0.002000
0.003000
0.003000
0.003000
0.003000
0.003000
0.003000
