-0.042000
-0.043000
-0.043000
-0.043000
-0.043000
-0.042000
-0.040000
-0.039000
-0.037000
-0.036000
-0.034000
-0.033000
-0.032000
-0.031000
-0.030000
-0.029000
-0.028000
-0.027000
-0.025000
-0.023000
-0.020000
-0.017000
-0.014000
-0.011000
-0.008000
-0.005000
0.000000
0.007000
0.021000
0.028000
0.032000
0.035000
0.037000
0.039000
0.039000
0.036000
0.031000
0.026000
0.023000
0.019000
0.016000
0.012000
0.008000
0.005000
0.002000
-0.001000
-0.006000
-0.014000
-0.027000
-0.036000
-0.040000
-0.042000
-0.044000
-0.045000
-0.047000
-0.048000
-0.049000
-0.050000
-0.051000
-0.052000
-0.053000
-0.054000
-0.055000
-0.055000
-0.055000
-0.055000
-0.055000
-0.054000
-0.053000
-0.052000
-0.050000
-0.048000
-0.045000
-0.041000
-0.036000
-0.031000
-0.004000
0.041000
0.102000
0.180000
0.277000
0.390000
0.514000
0.639000
0.749000
0.809000
0.807000
0.734000
0.561000
0.329000
0.089000
-0.103000
-0.217000
-0.233000
-0.225000
-0.196000
-0.180000
-0.192000
-0.227000
-0.271000
-0.298000
-0.306000
-0.311000
-0.314000
-0.315000
-0.313000
-0.311000
-0.306000
-0.299000
-0.272000
-0.243000
-0.210000
-0.174000
-0.137000
-0.114000
-0.093000
-0.077000
-0.064000
-0.056000
-0.051000
-0.047000
-0.044000
-0.042000
-0.040000
-0.038000
-0.036000
-0.034000
-0.033000
-0.032000
-0.030000
-0.029000
-0.027000
-0.026000
-0.024000
-0.022000
-0.019000
-0.016000
-0.013000
-0.010000
-0.007000
-0.004000
-0.001000
0.002000
0.005000
0.009000
0.012000
0.016000
0.019000
0.023000
0.027000
0.031000
0.036000
0.041000
0.047000
0.055000
0.065000
0.076000
0.085000
0.097000
0.110000
0.121000
0.129000
0.135000
0.140000
0.145000
0.151000
0.156000
0.160000
0.164000
0.167000
0.171000
0.173000
0.173000
0.172000
0.170000
0.166000
0.161000
0.156000
0.150000
0.141000
0.131000
0.124000
0.117000
0.103000
0.082000
0.064000
0.051000
0.036000
0.027000
0.021000
0.017000
0.013000
0.009000
0.005000
0.000000
-0.002000
-0.005000
-0.006000
-0.006000
-0.007000
-0.008000
-0.009000
-0.009000
-0.010000
-0.010000
-0.010000
-0.011000
-0.012000
-0.013000
-0.014000
-0.014000
-0.015000
-0.015000
-0.015000
-0.016000
-0.016000
-0.016000
-0.016000
-0.016000
-0.017000
-0.017000
-0.017000
-0.017000
-0.017000
-0.018000
-0.018000
-0.018000
-0.018000
-0.018000
-0.018000
-0.019000
-0.019000
-0.018000
-0.018000
-0.018000
-0.018000
-0.018000
-0.018000
-0.018000
-0.017000
-0.017000
-0.017000
-0.017000
-0.018000
-0.018000
-0.019000
-0.019000
-0.019000
-0.019000
-0.020000
-0.021000
-0.022000
-0.023000
-0.024000
-0.025000
-0.025000
-0.026000
-0.027000
-0.028000
-0.029000
-0.029000
-0.030000
-0.031000
-0.033000
-0.035000
-0.036000
-0.037000
-0.038000
-0.039000
-0.040000
-0.041000
-0.042000
-0.042000
-0.043000
-0.043000
-0.044000
-0.046000
-0.048000
-0.049000
-0.050000
-0.050000
-0.050000
-0.051000
-0.051000
-0.051000
-0.051000
-0.050000
-0.049000
-0.048000
-0.048000
-0.048000
-0.048000
-0.048000
-0.046000
-0.045000
-0.044000
-0.043000
-0.043000
-0.043000
-0.043000
-0.042000
-0.043000
-0.043000
-0.044000
-0.046000
-0.047000
-0.046000
-0.042000
-0.036000
-0.029000
-0.023000
-0.016000
-0.009000
-0.003000
0.002000
0.006000
0.009000
0.012000
0.014000
0.016000
0.018000
0.020000
0.020000
0.020000
0.019000
0.017000
0.015000
0.012000
0.009000
0.006000
0.003000
-0.001000
-0.006000
-0.011000
-0.016000
-0.022000
-0.028000
-0.036000
-0.043000
-0.049000
-0.054000
-0.057000
-0.060000
-0.062000
-0.064000
-0.066000
-0.068000
-0.070000
-0.071000
-0.071000
-0.072000
-0.072000
-0.071000
-0.071000
-0.069000
-0.068000
-0.067000
-0.066000
-0.064000
-0.062000
-0.059000
-0.054000
-0.041000
-0.026000
0.011000
0.067000
0.147000
0.246000
0.362000
0.489000
0.619000
0.736000
0.803000
0.803000
0.737000
0.566000
0.330000
0.082000
-0.120000
-0.227000
-0.243000
-0.218000
-0.177000
-0.163000
-0.182000
-0.241000
-0.312000
-0.354000
-0.367000
-0.375000
-0.377000
-0.375000
-0.369000
-0.362000
-0.350000
-0.331000
-0.299000
-0.263000
-0.227000
-0.188000
-0.163000
-0.134000
-0.110000
-0.094000
-0.081000
-0.067000
-0.061000
-0.057000
-0.054000
-0.052000
-0.050000
-0.048000
-0.047000
-0.045000
-0.044000
-0.042000
-0.041000
-0.039000
-0.037000
-0.036000
-0.034000
-0.032000
-0.030000
-0.027000
-0.024000
-0.021000
-0.017000
-0.012000
-0.008000
-0.003000
0.000000
0.003000
0.006000
0.009000
0.012000
0.016000
0.019000
0.021000
0.023000
0.026000
0.031000
0.040000
0.061000
0.078000
0.088000
0.097000
0.105000
0.112000
0.119000
0.125000
0.132000
0.139000
0.145000
0.152000
0.158000
0.165000
0.171000
0.176000
0.181000
0.185000
0.188000
0.188000
0.185000
0.180000
0.173000
0.165000
0.151000
0.140000
0.124000
0.104000
0.087000
0.073000
0.059000
0.046000
0.035000
0.025000
0.016000
0.010000
0.005000
0.001000
-0.002000
-0.006000
-0.011000
-0.015000
-0.019000
-0.021000
-0.024000
-0.026000
-0.029000
-0.031000
-0.033000
-0.035000
-0.037000
-0.038000
-0.038000
-0.038000
-0.038000
-0.037000
-0.035000
-0.033000
-0.031000
-0.028000
-0.026000
-0.024000
-0.021000
-0.019000
