-0.018000
-0.019000
-0.018000
-0.016000
-0.013000
-0.010000
-0.006000
-0.003000
0.001000
0.006000
0.011000
0.016000
0.024000
0.035000
0.045000
0.053000
0.060000
0.068000
0.076000
0.084000
0.093000
0.099000
0.103000
0.106000
0.109000
0.111000
0.112000
0.110000
0.106000
0.100000
0.090000
0.075000
0.051000
0.027000
0.003000
-0.011000
-0.026000
-0.037000
-0.048000
-0.054000
-0.057000
-0.060000
-0.063000
-0.066000
-0.068000
-0.069000
-0.070000
-0.070000
-0.070000
-0.070000
-0.069000
-0.069000
-0.067000
-0.066000
-0.064000
-0.061000
-0.058000
-0.044000
-0.011000
0.047000
0.153000
0.329000
0.594000
0.927000
1.264000
1.507000
1.577000
1.438000
1.126000
0.728000
0.348000
0.067000
-0.083000
-0.112000
-0.121000
-0.127000
-0.134000
-0.140000
-0.144000
-0.148000
-0.151000
-0.153000
-0.155000
-0.156000
-0.156000
-0.154000
-0.152000
-0.149000
-0.147000
-0.143000
-0.139000
-0.132000
-0.126000
-0.120000
-0.116000
-0.112000
-0.109000
-0.107000
-0.104000
-0.100000
-0.095000
-0.090000
-0.086000
-0.083000
-0.079000
-0.076000
-0.073000
-0.070000
-0.068000
-0.065000
-0.063000
-0.060000
-0.055000
-0.047000
-0.031000
-0.019000
-0.010000
0.000000
0.008000
0.017000
0.021000
0.023000
0.025000
0.026000
0.027000
0.027000
0.026000
0.023000
0.021000
0.018000
0.017000
0.016000
0.015000
0.014000
0.013000
0.012000
0.011000
0.011000
0.010000
0.009000
0.008000
0.007000
0.006000
0.005000
0.004000
0.003000
0.002000
0.000000
-0.005000
-0.019000
-0.027000
-0.031000
-0.034000
-0.037000
-0.038000
-0.040000
-0.042000
-0.043000
-0.044000
-0.044000
-0.045000
-0.047000
-0.049000
-0.050000
-0.050000
-0.047000
-0.044000
-0.041000
-0.039000
-0.037000
-0.036000
-0.034000
-0.032000
-0.029000
-0.027000
-0.026000
-0.024000
-0.023000
-0.021000
-0.019000
-0.016000
-0.012000
-0.008000
-0.006000
-0.008000
-0.011000
-0.013000
-0.015000
-0.017000
-0.019000
-0.021000
-0.022000
-0.022000
-0.022000
-0.020000
-0.017000
-0.015000
-0.012000
-0.007000
-0.002000
0.001000
0.005000
0.012000
0.023000
0.037000
0.050000
0.061000
0.070000
0.078000
0.087000
0.094000
0.098000
0.100000
0.102000
0.104000
0.104000
0.103000
0.100000
0.096000
0.091000
0.083000
0.077000
0.068000
0.055000
0.040000
0.027000
0.007000
-0.013000
-0.036000
-0.048000
-0.054000
-0.058000
-0.060000
-0.062000
-0.065000
-0.067000
-0.070000
-0.072000
-0.075000
-0.079000
-0.082000
-0.084000
-0.083000
-0.079000
-0.075000
-0.066000
-0.052000
-0.029000
0.002000
0.051000
0.132000
0.264000
0.459000
0.718000
1.019000
1.308000
1.472000
1.477000
1.337000
1.022000
0.647000
0.298000
0.053000
-0.064000
-0.080000
-0.084000
-0.090000
-0.098000
-0.108000
-0.120000
-0.126000
-0.129000
-0.131000
-0.133000
-0.134000
-0.135000
-0.134000
-0.133000
-0.131000
-0.127000
-0.122000
-0.115000
-0.105000
-0.098000
-0.092000
-0.085000
-0.077000
-0.072000
-0.068000
-0.066000
-0.063000
-0.059000
-0.056000
-0.052000
-0.049000
-0.046000
-0.043000
-0.040000
-0.038000
-0.036000
-0.033000
-0.028000
-0.018000
-0.010000
-0.004000
0.001000
0.007000
0.016000
0.029000
0.038000
0.043000
0.047000
0.048000
0.049000
0.049000
0.050000
0.051000
0.052000
0.053000
0.054000
0.053000
0.052000
0.050000
0.048000
0.045000
0.041000
0.039000
0.040000
0.043000
0.045000
0.047000
0.049000
0.051000
0.050000
0.048000
0.043000
0.036000
0.023000
0.016000
0.012000
0.009000
0.007000
0.004000
0.001000
-0.002000
-0.005000
-0.007000
-0.010000
-0.014000
-0.018000
-0.021000
-0.022000
-0.020000
-0.018000
-0.015000
-0.011000
-0.007000
-0.001000
0.001000
-0.001000
-0.007000
-0.012000
-0.017000
-0.020000
-0.018000
-0.015000
-0.013000
-0.012000
-0.010000
-0.008000
-0.005000
-0.002000
0.000000
0.001000
0.002000
0.004000
0.005000
0.005000
0.004000
0.003000
0.000000
-0.001000
-0.002000
-0.005000
-0.008000
-0.012000
-0.013000
-0.011000
-0.006000
0.001000
0.015000
0.032000
0.042000
0.050000
0.058000
0.070000
0.084000
0.092000
0.095000
0.098000
0.101000
0.104000
0.106000
0.109000
0.112000
0.115000
0.118000
0.119000
0.118000
0.115000
0.110000
0.101000
0.087000
0.064000
0.037000
0.009000
-0.015000
-0.038000
-0.051000
-0.061000
-0.068000
-0.072000
-0.075000
-0.078000
-0.079000
-0.079000
-0.077000
-0.075000
-0.074000
-0.074000
-0.073000
-0.072000
-0.071000
-0.070000
-0.069000
-0.067000
-0.065000
-0.058000
-0.010000
0.073000
0.200000
0.387000
0.648000
0.965000
1.284000
1.527000
1.622000
1.529000
1.271000
0.910000
0.528000
0.212000
0.024000
-0.037000
-0.058000
-0.067000
-0.078000
-0.097000
-0.120000
-0.145000
-0.159000
-0.169000
-0.176000
-0.179000
-0.176000
-0.169000
-0.162000
-0.153000
-0.144000
-0.138000
-0.135000
-0.132000
-0.128000
-0.124000
-0.120000
-0.116000
-0.112000
-0.106000
-0.101000
-0.096000
-0.092000
-0.083000
-0.071000
-0.065000
-0.061000
-0.057000
-0.052000
-0.045000
-0.038000
-0.030000
-0.025000
-0.023000
-0.019000
-0.016000
-0.011000
-0.004000
0.003000
0.010000
0.017000
0.024000
0.032000
0.042000
0.047000
0.051000
0.054000
0.056000
0.054000
0.050000
0.046000
0.043000
0.040000
0.037000
0.035000
0.033000
0.031000
0.029000
0.027000
0.025000
0.022000
0.019000
0.015000
0.010000
0.003000
0.003000
0.012000
0.017000
0.021000
0.024000
0.027000
0.028000
0.028000
0.026000
0.024000
0.021000
0.017000
0.012000
0.006000
-0.004000
-0.011000
-0.015000
-0.018000
-0.021000
-0.023000
-0.024000
-0.024000
-0.021000
-0.016000
-0.011000
-0.007000
-0.004000
-0.001000
0.001000
0.004000
0.006000
0.008000
0.010000
0.011000
0.012000
0.013000
0.014000
0.014000
0.015000
0.015000
0.015000
0.016000
0.017000
0.018000
0.017000
0.016000
0.014000
0.012000
0.009000
0.005000
0.000000
-0.003000
0.000000
0.005000
0.014000
0.027000
0.040000
0.055000
0.072000
0.089000
0.104000
0.118000
0.129000
0.135000
0.141000
0.147000
0.151000
0.154000
0.157000
0.159000
0.160000
0.159000
0.156000
0.152000
0.146000
0.139000
0.127000
0.115000
0.100000
0.079000
0.059000
0.039000
0.021000
0.004000
-0.005000
-0.010000
-0.014000
-0.017000
-0.020000
-0.023000
-0.027000
-0.034000
-0.048000
-0.059000
-0.067000
-0.070000
-0.072000
-0.074000
-0.076000
-0.068000
-0.057000
-0.046000
-0.036000
-0.015000
0.017000
0.075000
0.179000
0.337000
0.560000
0.855000
1.192000
1.499000
1.649000
1.644000
1.466000
1.107000
0.693000
0.325000
0.078000
-0.005000
-0.033000
-0.045000
-0.050000
-0.068000
-0.096000
-0.124000
-0.144000
-0.150000
-0.153000
-0.156000
-0.158000
-0.158000
-0.159000
-0.161000
-0.163000
-0.165000
-0.165000
-0.162000
-0.156000
-0.150000
-0.140000
-0.129000
-0.120000
-0.113000
-0.107000
-0.103000
-0.098000
-0.094000
-0.089000
-0.083000
-0.077000
-0.071000
-0.066000
-0.059000
-0.052000
-0.046000
-0.039000
-0.032000
-0.025000
-0.016000
-0.006000
0.000000
0.006000
0.010000
0.014000
0.018000
0.022000
0.023000
0.025000
0.026000
0.027000
0.028000
0.029000
0.030000
0.030000
0.030000
0.030000
0.030000
0.029000
0.029000
0.028000
0.026000
0.025000
0.025000
0.024000
0.024000
0.024000
0.023000
0.023000
0.022000
0.022000
0.021000
0.020000
0.018000
0.016000
0.014000
0.011000
0.008000
0.005000
0.002000
0.000000
-0.002000
-0.005000
-0.007000
-0.009000
-0.010000
-0.009000
-0.008000
-0.007000
-0.005000
-0.003000
-0.001000
0.001000
0.005000
0.008000
0.011000
0.011000
0.008000
0.003000
-0.002000
-0.009000
-0.022000
-0.035000
-0.043000
-0.048000
-0.052000
-0.055000
-0.058000
-0.060000
-0.061000
-0.062000
-0.063000
-0.063000
-0.064000
-0.063000
-0.064000
-0.065000
-0.066000
-0.067000
-0.067000
-0.068000
-0.069000
-0.070000
-0.071000
-0.072000
-0.072000
-0.072000
-0.071000
-0.070000
-0.068000
-0.067000
-0.065000
-0.063000
-0.060000
-0.058000
-0.055000
-0.052000
-0.046000
-0.034000
-0.025000
-0.018000
-0.010000
0.000000
0.011000
0.023000
0.036000
0.048000
0.059000
0.071000
0.084000
0.091000
0.097000
0.101000
0.104000
0.106000
0.106000
0.105000
0.102000
0.097000
0.091000
0.080000
0.060000
0.042000
0.024000
0.006000
-0.011000
-0.030000
-0.050000
-0.062000
-0.069000
-0.074000
-0.079000
-0.083000
-0.087000
-0.091000
-0.096000
-0.100000
-0.102000
-0.102000
-0.100000
-0.095000
-0.089000
-0.081000
-0.066000
-0.053000
-0.036000
-0.010000
0.041000
0.134000
0.281000
0.498000
0.794000
1.132000
1.435000
1.572000
1.562000
1.373000
1.010000
0.594000
0.229000
-0.005000
-0.075000
-0.098000
-0.095000
-0.090000
-0.087000
-0.102000
-0.125000
-0.147000
-0.156000
-0.160000
-0.164000
-0.166000
-0.167000
-0.167000
-0.168000
-0.169000
-0.167000
-0.165000
-0.162000
-0.159000
-0.155000
-0.150000
-0.146000
-0.142000
-0.136000
-0.131000
-0.126000
-0.123000
-0.120000
-0.117000
-0.113000
-0.107000
-0.099000
-0.090000
-0.081000
-0.075000
-0.070000
-0.065000
-0.060000
-0.055000
-0.050000
-0.044000
-0.038000
-0.032000
-0.026000
-0.019000
-0.013000
-0.007000
-0.002000
0.002000
0.007000
0.010000
0.013000
0.014000
0.016000
0.017000
0.018000
0.019000
0.021000
0.022000
0.023000
0.023000
0.022000
0.020000
0.017000
0.016000
0.015000
0.014000
0.012000
0.011000
0.010000
0.009000
0.009000
0.009000
0.008000
0.007000
0.006000
0.003000
0.001000
0.000000
-0.002000
-0.005000
-0.007000
-0.010000
-0.013000
-0.016000
-0.019000
-0.023000
-0.027000
-0.032000
-0.035000
-0.038000
-0.039000
-0.038000
-0.035000
-0.032000
-0.029000
-0.025000
-0.022000
-0.019000
-0.017000
-0.015000
-0.013000
-0.011000
-0.010000
-0.010000
-0.009000
-0.008000
-0.007000
-0.006000
-0.006000
-0.006000
-0.006000
-0.005000
-0.005000
-0.004000
-0.003000
-0.002000
-0.002000
-0.002000
-0.001000
0.000000
0.002000
0.005000
0.008000
0.011000
0.016000
0.031000
0.041000
0.048000
0.057000
0.068000
0.082000
0.093000
0.101000
0.107000
0.111000
0.114000
0.116000
0.117000
0.119000
0.123000
0.124000
0.121000
0.112000
0.099000
0.081000
0.067000
0.056000
0.044000
0.029000
0.008000
-0.006000
-0.015000
-0.022000
-0.029000
-0.035000
-0.040000
-0.045000
-0.048000
-0.052000
-0.056000
-0.060000
-0.064000
-0.068000
-0.073000
-0.081000
-0.086000
-0.087000
-0.082000
-0.074000
-0.060000
-0.040000
-0.011000
0.026000
0.081000
0.165000
0.293000
0.484000
0.759000
1.093000
1.396000
1.533000
1.525000
1.349000
1.008000
0.606000
0.245000
0.008000
-0.055000
-0.073000
-0.084000
-0.092000
-0.098000
-0.105000
-0.111000
-0.114000
-0.118000
-0.121000
-0.124000
-0.127000
-0.127000
-0.126000
-0.124000
-0.121000
-0.118000
-0.114000
-0.110000
-0.106000
-0.100000
-0.094000
-0.087000
-0.082000
-0.077000
-0.072000
-0.066000
-0.060000
-0.053000
-0.046000
-0.039000
-0.033000
-0.027000
-0.021000
-0.016000
-0.010000
-0.004000
0.001000
0.007000
0.013000
0.022000
0.031000
0.038000
0.044000
0.053000
0.064000
0.076000
0.082000
0.086000
0.088000
0.090000
0.092000
0.093000
0.094000
0.095000
0.095000
0.096000
0.096000
0.096000
0.095000
0.094000
0.093000
0.091000
0.088000
0.084000
0.081000
0.077000
0.074000
0.070000
0.063000
0.055000
0.045000
0.036000
0.030000
0.025000
0.021000
0.017000
0.013000
0.009000
0.006000
0.004000
0.002000
0.001000
0.000000
-0.002000
-0.003000
-0.004000
-0.005000
-0.006000
-0.007000
-0.008000
-0.009000
-0.010000
-0.012000
-0.012000
-0.012000
-0.012000
-0.012000
-0.012000
-0.012000
-0.011000
-0.009000
-0.008000
-0.007000
-0.006000
-0.005000
-0.002000
-0.003000
-0.008000
-0.010000
-0.012000
-0.013000
-0.015000
-0.016000
-0.016000
-0.016000
-0.015000
-0.014000
-0.013000
-0.013000
-0.012000
-0.011000
-0.010000
-0.009000
-0.008000
-0.007000
-0.006000
-0.005000
-0.003000
0.000000
0.001000
0.005000
0.009000
0.019000
0.035000
0.044000
0.052000
0.062000
0.072000
0.082000
0.087000
0.091000
0.094000
0.097000
0.098000
0.098000
0.097000
0.093000
0.088000
0.072000
0.046000
0.018000
0.000000
-0.020000
-0.040000
-0.054000
-0.065000
-0.079000
-0.086000
-0.090000
-0.094000
-0.097000
-0.100000
-0.102000
-0.103000
-0.103000
-0.103000
-0.103000
-0.102000
-0.101000
-0.099000
-0.097000
-0.094000
-0.090000
-0.084000
-0.066000
-0.031000
0.017000
0.097000
0.223000
0.413000
0.685000
1.017000
1.334000
1.544000
1.582000
1.423000
1.098000
0.688000
0.301000
0.030000
-0.086000
-0.105000
-0.095000
-0.089000
-0.096000
-0.116000
-0.144000
-0.173000
-0.183000
-0.188000
-0.191000
-0.193000
-0.188000
-0.178000
-0.173000
-0.169000
-0.166000
-0.163000
-0.160000
-0.158000
-0.155000
-0.153000
-0.151000
-0.147000
-0.142000
-0.133000
-0.123000
-0.112000
-0.102000
-0.094000
-0.088000
-0.083000
-0.076000
-0.070000
-0.065000
-0.061000
-0.057000
-0.053000
-0.049000
-0.044000
-0.034000
-0.020000
-0.010000
-0.004000
0.001000
0.007000
0.024000
0.049000
0.066000
0.078000
0.085000
0.090000
0.093000
0.093000
0.092000
0.089000
0.086000
0.084000
0.080000
0.078000
0.076000
0.077000
0.079000
0.081000
0.083000
0.085000
0.087000
0.088000
0.088000
0.085000
0.080000
0.074000
0.070000
0.065000
0.060000
0.055000
0.052000
0.049000
0.047000
0.045000
0.043000
0.042000
0.041000
0.040000
0.040000
0.039000
0.039000
0.038000
0.038000
0.037000
0.037000
0.036000
0.035000
0.034000
0.033000
0.033000
0.033000
0.032000
0.032000
0.031000
0.030000
0.029000
0.028000
0.028000
0.026000
0.024000
0.021000
0.019000
0.018000
0.020000
0.023000
0.025000
0.027000
0.028000
0.029000
0.031000
0.033000
0.034000
0.035000
0.035000
0.035000
0.034000
0.033000
0.031000
0.030000
0.028000
0.027000
0.028000
0.032000
0.034000
0.036000
0.039000
0.041000
0.045000
0.049000
0.054000
0.062000
0.073000
0.081000
0.091000
0.104000
0.118000
0.132000
0.138000
0.141000
0.144000
0.147000
0.148000
0.148000
0.148000
0.147000
0.146000
0.144000
0.141000
0.138000
0.130000
0.114000
0.095000
0.079000
0.065000
0.053000
0.037000
0.014000
-0.009000
-0.027000
-0.037000
-0.043000
-0.047000
-0.050000
-0.052000
-0.051000
-0.050000
-0.048000
-0.045000
-0.042000
-0.039000
-0.034000
-0.030000
-0.026000
-0.022000
-0.008000
0.017000
0.065000
0.144000
0.267000
0.454000
0.713000
1.027000
1.343000
1.584000
1.670000
1.565000
1.286000
0.909000
0.529000
0.237000
0.068000
0.010000
-0.007000
-0.019000
-0.040000
-0.063000
-0.088000
-0.111000
-0.126000
-0.133000
-0.138000
-0.141000
-0.144000
-0.144000
-0.143000
-0.141000
-0.137000
-0.134000
-0.131000
-0.128000
-0.125000
-0.122000
-0.118000
-0.114000
-0.110000
-0.105000
-0.097000
-0.085000
-0.075000
-0.067000
-0.060000
-0.053000
-0.046000
-0.039000
-0.032000
-0.025000
-0.018000
-0.011000
-0.005000
0.000000
0.004000
0.011000
0.022000
0.030000
0.033000
0.036000
0.039000
0.042000
0.044000
0.048000
0.057000
0.065000
0.066000
0.068000
0.069000
0.069000
0.069000
0.068000
0.067000
0.064000
0.062000
0.059000
0.057000
0.055000
0.051000
0.046000
0.041000
0.031000
0.019000
0.014000
0.012000
0.010000
0.008000
0.008000
0.008000
0.009000
0.011000
0.012000
0.014000
0.017000
0.015000
0.007000
0.003000
0.000000
-0.003000
-0.006000
-0.008000
-0.010000
-0.011000
-0.013000
-0.014000
-0.016000
-0.017000
-0.018000
-0.020000
-0.022000
-0.025000
-0.027000
-0.031000
-0.033000
-0.033000
-0.030000
-0.025000
-0.022000
-0.019000
-0.018000
-0.016000
-0.015000
-0.014000
-0.014000
-0.013000
-0.013000
-0.014000
-0.016000
-0.019000
-0.021000
-0.024000
-0.026000
-0.028000
-0.030000
-0.033000
-0.036000
-0.038000
-0.041000
-0.042000
-0.044000
-0.045000
-0.045000
-0.045000
-0.045000
-0.043000
-0.041000
-0.038000
-0.035000
-0.031000
-0.027000
-0.018000
-0.011000
-0.006000
-0.002000
0.000000
0.003000
0.008000
0.013000
0.020000
0.029000
0.041000
0.049000
0.057000
0.065000
0.073000
0.077000
0.080000
0.083000
0.085000
0.086000
0.086000
0.085000
0.083000
0.080000
0.075000
0.067000
0.051000
0.024000
-0.004000
-0.032000
-0.051000
-0.072000
-0.091000
-0.100000
-0.104000
-0.107000
-0.109000
-0.111000
-0.112000
-0.113000
-0.113000
-0.112000
-0.111000
-0.110000
-0.107000
-0.104000
-0.101000
-0.091000
-0.076000
-0.059000
-0.029000
0.025000
0.120000
0.270000
0.500000
0.811000
1.154000
1.455000
1.602000
1.596000
1.422000
1.066000
0.654000
0.289000
0.050000
-0.042000
-0.072000
-0.085000
-0.101000
-0.131000
-0.162000
-0.182000
-0.191000
-0.196000
-0.199000
-0.202000
-0.204000
-0.204000
-0.203000
-0.200000
-0.196000
-0.191000
-0.187000
-0.182000
-0.178000
-0.173000
-0.168000
-0.164000
-0.161000
-0.160000
-0.158000
-0.156000
-0.150000
-0.138000
-0.123000
-0.109000
-0.100000
-0.096000
-0.094000
-0.091000
-0.088000
-0.086000
-0.085000
-0.083000
-0.080000
-0.074000
-0.065000
-0.053000
-0.037000
-0.023000
-0.013000
-0.005000
0.002000
0.010000
0.019000
0.028000
0.035000
0.037000
0.039000
0.040000
0.041000
0.041000
0.037000
0.031000
0.023000
0.014000
0.010000
0.009000
0.007000
0.006000
0.004000
0.003000
0.003000
0.004000
0.006000
0.007000
0.008000
0.010000
0.011000
0.012000
0.012000
0.011000
0.008000
0.003000
0.000000
-0.003000
-0.005000
-0.007000
-0.010000
-0.013000
-0.015000
-0.017000
-0.018000
-0.019000
-0.019000
-0.019000
-0.019000
-0.018000
-0.017000
-0.017000
-0.016000
-0.014000
-0.013000
-0.012000
-0.012000
-0.011000
-0.009000
-0.005000
-0.001000
0.000000
0.000000
-0.002000
-0.005000
-0.007000
-0.009000
-0.010000
-0.012000
-0.013000
-0.015000
-0.016000
-0.017000
-0.017000
-0.017000
-0.017000
-0.016000
-0.014000
-0.012000
-0.010000
-0.007000
-0.004000
0.001000
0.018000
0.033000
0.042000
0.049000
0.055000
0.060000
0.063000
0.067000
0.072000
0.076000
0.082000
0.089000
0.099000
0.105000
0.108000
0.111000
0.113000
0.113000
0.109000
0.102000
0.091000
0.074000
0.050000
0.023000
0.006000
-0.006000
-0.015000
-0.023000
-0.031000
-0.043000
-0.058000
-0.066000
-0.070000
-0.073000
-0.076000
-0.078000
-0.080000
-0.081000
-0.083000
-0.085000
-0.087000
-0.088000
-0.088000
-0.086000
-0.081000
-0.076000
-0.066000
-0.048000
-0.014000
0.050000
0.159000
0.332000
0.584000
0.897000
1.213000
1.455000
1.551000
1.457000
1.193000
0.832000
0.461000
0.159000
-0.030000
-0.087000
-0.104000
-0.113000
-0.120000
-0.125000
-0.130000
-0.141000
-0.157000
-0.164000
-0.169000
-0.173000
-0.174000
-0.171000
-0.166000
-0.161000
-0.157000
-0.154000
-0.151000
-0.147000
-0.144000
-0.141000
-0.138000
-0.134000
-0.128000
-0.119000
-0.112000
-0.101000
-0.086000
-0.076000
-0.071000
-0.067000
-0.062000
-0.058000
-0.053000
-0.042000
-0.027000
-0.019000
-0.015000
-0.012000
-0.007000
-0.002000
0.003000
0.009000
0.015000
0.021000
0.026000
0.031000
0.039000
0.048000
0.053000
0.057000
0.061000
0.063000
0.060000
0.054000
0.050000
0.047000
0.045000
0.044000
0.042000
0.040000
0.038000
0.036000
0.034000
0.033000
0.031000
0.029000
0.028000
0.026000
0.024000
0.022000
0.020000
0.017000
0.014000
0.011000
0.008000
0.004000
0.001000
-0.001000
-0.004000
-0.007000
-0.011000
-0.015000
-0.018000
-0.019000
-0.019000
-0.017000
-0.015000
-0.013000
-0.010000
-0.008000
-0.006000
-0.004000
-0.001000
0.000000
0.003000
0.005000
0.007000
0.009000
0.010000
0.012000
0.013000
0.014000
0.014000
0.015000
0.016000
0.017000
0.017000
0.018000
0.020000
0.021000
0.021000
0.022000
0.023000
0.024000
0.025000
0.025000
0.026000
0.026000
0.026000
0.027000
0.029000
0.031000
0.032000
0.035000
0.037000
0.041000
0.050000
0.059000
0.069000
0.078000
0.085000
0.092000
0.100000
0.108000
0.115000
0.123000
0.130000
0.135000
0.140000
0.146000
0.153000
0.159000
0.163000
0.167000
0.172000
0.171000
0.163000
0.153000
0.142000
0.131000
0.104000
0.075000
0.055000
0.032000
0.010000
0.000000
-0.005000
-0.008000
-0.011000
-0.013000
-0.015000
-0.018000
-0.020000
-0.023000
-0.024000
-0.027000
-0.029000
-0.032000
-0.036000
-0.040000
-0.042000
-0.040000
-0.034000
-0.025000
0.004000
0.054000
0.123000
0.218000
0.352000
0.549000
0.817000
1.123000
1.390000
1.532000
1.492000
1.267000
0.910000
0.512000
0.179000
-0.008000
-0.039000
-0.040000
-0.025000
-0.027000
-0.056000
-0.087000
-0.107000
-0.117000
-0.122000
-0.126000
-0.129000
-0.131000
-0.130000
-0.129000
-0.128000
-0.125000
-0.122000
-0.120000
-0.116000
-0.112000
-0.107000
-0.103000
-0.101000
-0.099000
-0.098000
-0.096000
-0.094000
-0.092000
-0.089000
-0.086000
-0.082000
-0.078000
-0.073000
-0.067000
-0.061000
-0.055000
-0.050000
-0.046000
-0.043000
-0.039000
-0.035000
-0.030000
-0.025000
-0.019000
-0.014000
-0.007000
0.002000
0.010000
0.014000
0.017000
0.018000
0.020000
0.022000
0.024000
0.025000
0.026000
0.025000
0.023000
0.020000
0.017000
0.013000
0.007000
-0.003000
-0.012000
-0.021000
-0.028000
-0.034000
-0.040000
-0.043000
-0.046000
-0.049000
-0.052000
-0.054000
-0.057000
-0.060000
-0.063000
-0.068000
-0.079000
-0.098000
-0.109000
-0.114000
-0.117000
-0.120000
-0.124000
-0.127000
-0.130000
-0.133000
-0.136000
-0.139000
-0.142000
-0.144000
-0.146000
-0.148000
-0.149000
-0.150000
-0.152000
-0.153000
-0.154000
-0.154000
-0.154000
-0.154000
-0.152000
-0.149000
-0.145000
-0.142000
-0.136000
-0.126000
-0.123000
-0.123000
-0.123000
-0.122000
-0.122000
-0.121000
-0.122000
-0.122000
-0.122000
-0.122000
-0.122000
-0.122000
-0.123000
-0.123000
-0.124000
-0.124000
-0.125000
-0.124000
-0.124000
-0.121000
-0.117000
-0.112000
-0.102000
-0.085000
-0.071000
-0.061000
-0.051000
-0.037000
-0.019000
-0.004000
0.004000
0.010000
0.013000
0.015000
0.017000
0.019000
0.019000
0.015000
0.007000
0.000000
-0.012000
-0.020000
-0.030000
-0.043000
-0.055000
-0.068000
-0.081000
-0.096000
-0.103000
-0.106000
-0.108000
-0.111000
-0.113000
-0.114000
-0.115000
-0.116000
-0.116000
-0.116000
-0.116000
-0.116000
-0.115000
-0.114000
-0.113000
-0.111000
-0.109000
-0.106000
-0.097000
-0.073000
-0.031000
0.044000
0.162000
0.327000
0.550000
0.840000
1.157000
1.428000
1.570000
1.535000
1.326000
0.989000
0.593000
0.244000
0.019000
-0.043000
-0.064000
-0.074000
-0.079000
-0.088000
-0.104000
-0.122000
-0.133000
-0.139000
-0.143000
-0.142000
-0.132000
-0.123000
-0.116000
-0.111000
-0.108000
-0.106000
-0.105000
-0.103000
-0.100000
-0.097000
-0.091000
-0.084000
-0.077000
-0.069000
-0.062000
-0.056000
-0.049000
-0.041000
-0.032000
-0.025000
-0.018000
-0.012000
-0.007000
0.001000
0.016000
0.028000
0.035000
0.041000
0.046000
0.051000
0.058000
0.067000
0.077000
0.087000
0.097000
0.104000
0.113000
0.128000
0.136000
0.139000
0.141000
0.143000
0.145000
0.146000
0.147000
0.148000
0.149000
0.150000
0.151000
0.151000
0.151000
0.149000
0.147000
0.145000
0.143000
0.141000
0.138000
0.136000
0.134000
0.132000
0.131000
0.130000
0.129000
0.128000
0.127000
0.126000
0.124000
0.121000
0.119000
0.117000
0.115000
0.113000
0.111000
0.110000
0.109000
0.108000
0.107000
0.106000
0.104000
0.101000
0.099000
0.098000
0.099000
0.101000
0.103000
0.105000
0.107000
0.109000
0.112000
0.114000
0.115000
0.113000
0.109000
0.106000
0.103000
0.101000
0.099000
0.096000
0.094000
0.092000
0.089000
0.086000
0.084000
0.082000
0.080000
0.077000
0.075000
0.071000
0.067000
0.065000
0.065000
0.067000
0.070000
0.074000
0.079000
0.087000
0.096000
0.103000
0.109000
0.114000
0.120000
0.126000
0.134000
0.145000
0.153000
0.163000
0.177000
0.184000
0.188000
0.191000
0.193000
0.194000
0.193000
0.191000
0.188000
0.184000
0.177000
0.165000
0.148000
0.120000
0.092000
0.062000
0.043000
0.024000
0.005000
-0.010000
-0.021000
-0.031000
-0.035000
-0.038000
-0.041000
-0.043000
-0.045000
-0.046000
-0.047000
-0.047000
-0.047000
-0.047000
-0.046000
-0.045000
-0.043000
-0.041000
-0.038000
-0.026000
0.005000
0.058000
0.138000
0.257000
0.438000
0.701000
1.032000
1.359000
1.592000
1.664000
1.540000
1.243000
0.848000
0.460000
0.167000
0.008000
-0.039000
-0.057000
-0.073000
-0.101000
-0.129000
-0.146000
-0.154000
-0.158000
-0.162000
-0.165000
-0.167000
-0.167000
-0.167000
-0.166000
-0.165000
-0.164000
-0.162000
-0.161000
-0.159000
-0.156000
-0.152000
-0.149000
-0.145000
-0.141000
-0.136000
-0.129000
-0.123000
-0.115000
-0.108000
-0.101000
-0.094000
-0.088000
-0.082000
-0.078000
-0.074000
-0.070000
-0.065000
-0.060000
-0.055000
-0.050000
-0.046000
-0.042000
-0.038000
-0.036000
-0.032000
-0.027000
-0.020000
-0.010000
0.001000
0.016000
0.029000
0.040000
0.045000
0.049000
0.051000
0.050000
0.047000
0.041000
0.035000
0.025000
0.015000
0.011000
0.009000
0.007000
0.006000
0.004000
0.003000
0.002000
0.002000
0.001000
0.001000
0.000000
0.000000
-0.001000
-0.002000
-0.003000
-0.003000
-0.004000
-0.005000
-0.006000
-0.006000
-0.007000
-0.008000
-0.009000
-0.009000
-0.010000
-0.011000
-0.012000
-0.013000
-0.014000
-0.015000
-0.015000
-0.016000
-0.015000
-0.015000
-0.014000
-0.014000
-0.013000
-0.011000
-0.010000
-0.009000
-0.008000
-0.007000
-0.006000
-0.005000
-0.003000
-0.002000
-0.002000
-0.003000
-0.003000
-0.004000
-0.004000
-0.005000
-0.006000
-0.007000
-0.007000
-0.008000
-0.009000
-0.009000
-0.008000
-0.007000
-0.005000
-0.003000
0.000000
0.002000
0.005000
0.009000
0.017000
0.027000
0.038000
0.047000
0.056000
0.064000
0.070000
0.075000
0.081000
0.088000
0.095000
0.101000
0.106000
0.110000
0.113000
0.115000
0.115000
0.112000
0.108000
0.101000
0.089000
0.069000
0.048000
0.029000
0.011000
-0.006000
-0.026000
-0.042000
-0.056000
-0.072000
-0.083000
-0.088000
-0.092000
-0.095000
-0.098000
-0.101000
-0.104000
-0.108000
-0.113000
-0.119000
-0.123000
-0.124000
-0.124000
-0.124000
-0.125000
-0.123000
-0.111000
-0.082000
-0.037000
0.031000
0.130000
0.279000
0.498000
0.790000
1.118000
1.409000
1.559000
1.561000
1.419000
1.100000
0.719000
0.367000
0.109000
-0.032000
-0.086000
-0.109000
-0.123000
-0.133000
-0.142000
-0.153000
-0.167000
-0.183000
-0.198000
-0.207000
-0.213000
-0.216000
-0.218000
-0.215000
-0.208000
-0.202000
-0.197000
-0.193000
-0.188000
-0.185000
-0.182000
-0.179000
-0.177000
-0.176000
-0.174000
-0.172000
-0.168000
-0.162000
-0.154000
-0.145000
-0.137000
-0.128000
-0.119000
-0.111000
-0.099000
-0.091000
-0.086000
-0.082000
-0.078000
-0.074000
-0.072000
-0.068000
-0.061000
-0.046000
-0.032000
-0.023000
-0.014000
-0.010000
-0.007000
-0.005000
-0.003000
-0.002000
-0.001000
-0.001000
-0.001000
-0.001000
-0.001000
-0.002000
-0.003000
-0.004000
-0.005000
-0.006000
-0.008000
-0.010000
-0.013000
-0.017000
-0.019000
-0.017000
-0.014000
-0.011000
-0.008000
-0.005000
-0.002000
-0.001000
-0.003000
-0.009000
-0.014000
-0.017000
-0.021000
-0.024000
-0.026000
-0.028000
-0.029000
-0.030000
-0.030000
-0.029000
-0.026000
-0.023000
-0.020000
-0.017000
-0.014000
-0.012000
-0.009000
-0.006000
-0.004000
-0.002000
0.000000
0.001000
0.003000
0.005000
0.007000
0.008000
0.009000
0.009000
0.008000
0.008000
0.009000
0.009000
0.009000
0.009000
0.009000
0.010000
0.013000
0.011000
0.007000
0.003000
0.007000
0.011000
0.013000
0.015000
0.017000
0.019000
0.019000
0.019000
0.019000
0.019000
0.020000
0.020000
0.020000
0.020000
0.021000
0.021000
0.022000
0.024000
0.026000
0.028000
0.030000
0.032000
0.037000
0.047000
0.058000
0.073000
0.088000
0.100000
0.115000
0.128000
0.138000
0.148000
0.155000
0.160000
0.163000
0.165000
0.167000
0.167000
0.165000
0.162000
0.158000
0.152000
0.142000
0.123000
0.107000
0.089000
0.070000
0.052000
0.033000
0.013000
0.000000
-0.008000
-0.014000
-0.020000
-0.026000
-0.029000
-0.032000
-0.035000
-0.037000
-0.039000
-0.040000
-0.040000
-0.040000
-0.039000
-0.037000
-0.034000
-0.030000
-0.024000
-0.002000
0.050000
0.136000
0.271000
0.468000
0.731000
1.041000
1.336000
1.528000
1.555000
1.400000
1.102000
0.737000
0.386000
0.119000
-0.022000
-0.065000
-0.081000
-0.092000
-0.099000
-0.104000
-0.109000
-0.114000
-0.118000
-0.122000
-0.125000
-0.129000
-0.131000
-0.131000
-0.129000
-0.124000
-0.118000
-0.105000
-0.093000
-0.090000
-0.089000
-0.087000
-0.086000
-0.085000
-0.084000
-0.083000
-0.081000
-0.079000
-0.077000
-0.075000
-0.072000
-0.070000
-0.066000
-0.059000
-0.053000
-0.048000
-0.043000
-0.038000
-0.032000
-0.025000
-0.017000
-0.009000
-0.001000
0.006000
0.014000
0.021000
0.028000
0.033000
0.036000
0.038000
0.039000
0.039000
0.040000
0.040000
0.040000
0.041000
0.042000
0.043000
0.044000
0.045000
0.046000
0.046000
0.046000
0.045000
0.044000
0.043000
0.042000
0.041000
0.040000
0.038000
0.037000
0.035000
0.034000
0.033000
0.031000
0.028000
0.022000
0.015000
0.008000
0.002000
-0.002000
-0.007000
-0.011000
-0.015000
-0.018000
-0.021000
-0.022000
-0.023000
-0.025000
-0.026000
-0.027000
-0.029000
-0.030000
-0.031000
-0.032000
-0.033000
-0.035000
-0.035000
-0.034000
-0.032000
-0.030000
-0.028000
-0.027000
-0.026000
-0.026000
-0.025000
-0.023000
-0.022000
-0.022000
-0.022000
-0.023000
-0.023000
-0.022000
-0.021000
-0.020000
-0.020000
-0.020000
-0.020000
-0.020000
-0.019000
-0.017000
-0.015000
-0.013000
-0.011000
-0.003000
0.011000
0.025000
0.041000
0.055000
0.063000
0.070000
0.077000
0.084000
0.089000
0.094000
0.097000
0.100000
0.102000
0.104000
0.108000
0.110000
0.109000
0.103000
0.093000
0.075000
0.052000
0.034000
0.014000
0.000000
-0.013000
-0.025000
-0.034000
-0.040000
-0.044000
-0.047000
-0.049000
-0.050000
-0.051000
-0.053000
-0.054000
-0.055000
-0.057000
-0.057000
-0.058000
-0.058000
-0.057000
-0.055000
-0.053000
-0.049000
-0.045000
-0.037000
-0.014000
0.036000
0.141000
0.305000
0.536000
0.838000
1.170000
1.443000
1.571000
1.516000
1.287000
0.939000
0.559000
0.240000
0.038000
-0.017000
-0.035000
-0.048000
-0.056000
-0.086000
-0.120000
-0.151000
-0.162000
-0.168000
-0.172000
-0.171000
-0.162000
-0.153000
-0.145000
-0.140000
-0.137000
-0.133000
-0.131000
-0.129000
-0.127000
-0.125000
-0.123000
-0.120000
-0.118000
-0.116000
-0.113000
-0.108000
-0.101000
-0.089000
-0.075000
-0.064000
-0.055000
-0.048000
-0.042000
-0.037000
-0.032000
-0.027000
-0.022000
-0.018000
-0.013000
-0.008000
-0.003000
0.001000
0.007000
0.013000
0.018000
0.023000
0.029000
0.034000
0.040000
0.044000
0.048000
0.051000
0.054000
0.057000
0.059000
0.060000
0.060000
0.058000
0.055000
0.053000
0.050000
0.046000
0.042000
0.037000
0.031000
0.026000
0.021000
0.017000
0.013000
0.009000
0.004000
0.001000
0.000000
-0.001000
0.000000
0.000000
0.000000
0.000000
0.000000
0.000000
0.000000
0.001000
0.002000
0.001000
-0.001000
-0.003000
-0.005000
-0.007000
-0.009000
-0.011000
-0.013000
-0.014000
-0.015000
-0.015000
-0.015000
-0.014000
-0.013000
-0.012000
-0.011000
-0.010000
-0.008000
-0.007000
-0.006000
-0.005000
-0.004000
-0.003000
-0.002000
-0.001000
-0.001000
0.000000
0.000000
-0.001000
-0.002000
-0.005000
-0.007000
-0.010000
-0.013000
-0.016000
-0.020000
-0.027000
-0.033000
-0.034000
-0.031000
-0.025000
-0.017000
-0.003000
0.008000
0.017000
0.026000
0.035000
0.043000
0.050000
0.058000
0.067000
0.077000
0.080000
0.083000
0.085000
0.086000
0.084000
0.079000
0.075000
0.072000
0.068000
0.064000
0.058000
0.048000
0.032000
0.016000
0.001000
-0.011000
-0.025000
-0.052000
-0.077000
-0.098000
-0.103000
-0.107000
-0.110000
-0.113000
-0.115000
-0.117000
-0.120000
-0.123000
-0.127000
-0.131000
-0.134000
-0.136000
-0.139000
-0.142000
-0.142000
-0.135000
-0.118000
-0.093000
-0.056000
0.004000
0.114000
0.294000
0.550000
0.873000
1.203000
1.457000
1.565000
1.500000
1.262000
0.908000
0.537000
0.229000
0.033000
-0.050000
-0.072000
-0.085000
-0.107000
-0.131000
-0.157000
-0.186000
-0.207000
-0.214000
-0.217000
-0.215000
-0.211000
-0.208000
-0.206000
-0.204000
-0.202000
-0.200000
-0.197000
-0.193000
-0.185000
-0.170000
-0.155000
-0.140000
-0.130000
-0.125000
-0.120000
-0.115000
-0.111000
-0.106000
-0.100000
-0.094000
-0.087000
-0.079000
-0.070000
-0.065000
-0.061000
-0.058000
-0.061000
-0.064000
-0.068000
-0.067000
-0.055000
-0.039000
-0.019000
-0.002000
0.014000
0.030000
0.040000
0.046000
0.050000
0.041000
0.029000
0.019000
0.016000
0.012000
0.010000
0.017000
0.025000
0.031000
0.034000
0.035000
0.036000
0.036000
0.037000
0.037000
0.038000
0.038000
0.037000
0.036000
0.035000
0.033000
0.030000
0.028000
0.024000
0.018000
0.014000
0.011000
0.009000
0.008000
0.008000
0.007000
0.007000
0.006000
0.006000
0.006000
0.006000
0.006000
0.007000
0.007000
0.008000
0.009000
0.010000
0.011000
0.012000
0.012000
0.013000
0.013000
0.014000
0.014000
0.016000
0.017000
0.018000
0.018000
0.018000
0.019000
0.019000
0.018000
0.018000
0.018000
0.018000
0.018000
0.018000
0.019000
0.021000
0.022000
0.023000
0.023000
0.022000
0.022000
0.022000
0.022000
0.021000
0.020000
0.020000
0.019000
0.019000
0.020000
0.022000
0.024000
0.026000
0.028000
0.032000
0.036000
0.040000
0.046000
0.055000
0.070000
0.085000
0.097000
0.106000
0.113000
0.121000
0.133000
0.144000
0.150000
0.155000
0.154000
0.146000
0.139000
0.133000
0.128000
0.125000
0.122000
0.110000
0.089000
0.064000
0.040000
0.017000
0.002000
-0.013000
-0.030000
-0.044000
-0.054000
-0.056000
-0.057000
-0.058000
-0.058000
-0.059000
-0.059000
-0.060000
-0.060000
-0.059000
-0.059000
-0.057000
-0.056000
-0.053000
-0.050000
-0.044000
-0.030000
-0.006000
0.034000
0.109000
0.234000
0.437000
0.721000
1.057000
1.382000
1.603000
1.656000
1.515000
1.217000
0.835000
0.464000
0.191000
0.044000
-0.003000
-0.023000
-0.045000
-0.071000
-0.096000
-0.110000
-0.122000
-0.130000
-0.140000
-0.146000
-0.150000
-0.154000
-0.156000
-0.157000
-0.157000
-0.156000
-0.154000
-0.151000
-0.147000
-0.143000
-0.136000
-0.130000
-0.124000
-0.118000
-0.112000
-0.104000
-0.093000
-0.085000
-0.078000
-0.073000
-0.068000
-0.065000
-0.063000
-0.060000
-0.057000
-0.054000
-0.051000
-0.047000
-0.043000
-0.038000
-0.029000
-0.013000
0.000000
0.009000
0.015000
0.018000
0.020000
0.022000
0.024000
0.026000
0.027000
0.029000
0.030000
0.031000
0.033000
0.034000
0.034000
0.032000
0.029000
0.025000
0.022000
0.019000
0.016000
0.013000
0.011000
0.008000
0.007000
0.006000
0.007000
0.008000
0.009000
0.010000
0.012000
0.014000
0.017000
0.020000
0.023000
0.025000
0.023000
0.019000
0.013000
0.007000
0.000000
-0.006000
-0.013000
-0.019000
-0.024000
-0.028000
-0.029000
-0.026000
-0.021000
-0.015000
-0.011000
-0.008000
-0.006000
-0.003000
-0.001000
0.000000
0.002000
0.003000
0.003000
0.003000
0.003000
0.002000
0.001000
0.000000
0.000000
-0.001000
-0.002000
-0.004000
-0.006000
-0.008000
-0.009000
-0.011000
-0.013000
-0.015000
-0.017000
-0.017000
-0.017000
-0.017000
-0.017000
-0.015000
-0.014000
-0.011000
-0.009000
-0.006000
-0.003000
0.000000
0.003000
0.008000
0.018000
0.028000
0.033000
0.039000
0.048000
0.064000
0.084000
0.099000
0.106000
0.112000
0.115000
0.117000
0.119000
0.121000
0.123000
0.124000
0.125000
0.126000
0.125000
0.122000
0.117000
0.112000
0.103000
0.087000
0.058000
0.026000
0.009000
-0.007000
-0.023000
-0.032000
-0.036000
-0.039000
-0.042000
-0.044000
-0.045000
-0.045000
-0.045000
-0.045000
-0.044000
-0.043000
-0.042000
-0.042000
-0.040000
-0.038000
-0.035000
-0.030000
-0.024000
-0.013000
0.020000
0.109000
0.255000
0.468000
0.749000
1.069000
1.366000
1.537000
1.543000
1.402000
1.071000
0.671000
0.305000
0.057000
-0.020000
-0.046000
-0.041000
-0.027000
-0.054000
-0.096000
-0.135000
-0.146000
-0.150000
-0.154000
-0.153000
-0.144000
-0.137000
-0.131000
-0.127000
-0.125000
-0.125000
-0.127000
-0.131000
-0.135000
-0.139000
-0.145000
-0.149000
-0.146000
-0.139000
-0.132000
-0.122000
-0.112000
-0.099000
-0.082000
-0.065000
-0.049000
-0.042000
-0.039000
-0.037000
-0.035000
-0.034000
-0.033000
-0.031000
-0.029000
-0.027000
-0.025000
-0.023000
-0.020000
-0.016000
-0.009000
0.002000
0.013000
0.024000
0.034000
0.043000
0.050000
0.057000
0.059000
0.061000
0.062000
0.063000
0.064000
0.061000
0.054000
0.048000
0.042000
0.036000
0.030000
0.024000
0.019000
0.015000
0.011000
0.008000
0.006000
0.005000
0.005000
0.004000
0.003000
0.002000
0.001000
0.000000
0.000000
0.000000
-0.001000
-0.003000
-0.005000
-0.007000
-0.010000
-0.012000
-0.015000
-0.016000
-0.019000
-0.021000
-0.023000
-0.025000
-0.026000
-0.027000
-0.028000
-0.029000
-0.029000
-0.029000
-0.030000
-0.030000
-0.032000
-0.035000
-0.027000
-0.014000
-0.002000
0.004000
0.008000
0.010000
0.006000
0.000000
-0.003000
-0.006000
-0.008000
-0.010000
-0.012000
-0.013000
-0.012000
-0.011000
-0.008000
-0.005000
-0.002000
0.000000
0.004000
0.007000
0.011000
0.014000
0.018000
0.022000
0.026000
0.032000
0.040000
0.047000
0.052000
0.056000
0.061000
0.067000
0.075000
0.080000
0.084000
0.088000
0.091000
0.093000
0.094000
0.093000
0.092000
0.090000
0.087000
0.082000
0.064000
0.037000
0.008000
-0.007000
-0.022000
-0.039000
-0.054000
-0.065000
-0.076000
-0.082000
-0.086000
-0.089000
-0.092000
-0.094000
-0.095000
-0.097000
-0.098000
-0.099000
-0.100000
-0.100000
-0.102000
-0.103000
-0.105000
-0.108000
-0.099000
-0.078000
-0.039000
0.021000
0.118000
0.267000
0.481000
0.763000
1.070000
1.338000
1.477000
1.472000
1.302000
0.958000
0.565000
0.213000
-0.026000
-0.112000
-0.141000
-0.136000
-0.126000
-0.129000
-0.147000
-0.157000
-0.157000
-0.157000
-0.157000
-0.158000
-0.158000
-0.157000
-0.156000
-0.153000
-0.149000
-0.145000
-0.142000
-0.140000
-0.136000
-0.133000
-0.130000
-0.127000
-0.125000
-0.124000
-0.122000
-0.120000
-0.116000
-0.108000
-0.097000
-0.085000
-0.074000
-0.066000
-0.059000
-0.055000
-0.050000
-0.044000
-0.037000
-0.029000
-0.021000
-0.013000
-0.007000
0.000000
0.007000
0.016000
0.024000
0.030000
0.037000
0.043000
0.047000
0.051000
0.053000
0.056000
0.057000
0.057000
0.055000
0.052000
0.048000
0.045000
0.042000
0.038000
0.034000
0.031000
0.028000
0.026000
0.023000
0.020000
0.018000
0.015000
0.013000
0.013000
0.015000
0.018000
0.022000
0.025000
0.030000
0.034000
0.033000
0.027000
0.019000
0.012000
0.006000
0.000000
-0.003000
-0.006000
-0.008000
-0.010000
-0.012000
-0.014000
-0.016000
-0.018000
-0.019000
-0.018000
-0.015000
-0.010000
-0.006000
-0.002000
0.003000
0.009000
0.011000
0.009000
0.006000
0.001000
-0.001000
-0.005000
-0.008000
-0.011000
-0.010000
-0.008000
-0.005000
-0.002000
-0.001000
0.000000
0.000000
0.001000
0.002000
0.003000
0.005000
0.007000
0.008000
0.010000
0.011000
0.012000
0.013000
0.014000
0.015000
0.017000
0.019000
0.024000
0.033000
0.042000
0.054000
0.069000
0.085000
0.099000
0.105000
0.109000
0.112000
0.114000
0.115000
0.114000
0.113000
0.110000
0.107000
0.103000
0.097000
0.087000
0.078000
0.057000
0.029000
-0.002000
-0.023000
-0.034000
-0.039000
-0.043000
-0.046000
-0.048000
-0.050000
-0.054000
-0.057000
-0.061000
-0.064000
-0.068000
-0.071000
-0.075000
-0.080000
-0.085000
-0.090000
-0.091000
-0.090000
-0.087000
-0.081000
-0.073000
-0.045000
0.009000
0.092000
0.222000
0.422000
0.703000
1.032000
1.330000
1.525000
1.565000
1.432000
1.141000
0.763000
0.392000
0.111000
-0.041000
-0.080000
-0.095000
-0.107000
-0.123000
-0.142000
-0.160000
-0.176000
-0.185000
-0.190000
-0.193000
-0.196000
-0.197000
-0.195000
-0.192000
-0.187000
-0.180000
-0.171000
-0.157000
-0.149000
-0.141000
-0.133000
-0.119000
-0.111000
-0.105000
-0.101000
-0.098000
-0.095000
-0.093000
-0.092000
-0.090000
-0.088000
-0.084000
-0.077000
-0.067000
-0.052000
-0.037000
-0.029000
-0.025000
-0.022000
-0.018000
-0.013000
-0.008000
-0.003000
0.001000
0.007000
0.013000
0.020000
0.032000
0.043000
0.045000
0.046000
0.047000
0.048000
0.048000
0.048000
0.048000
0.049000
0.049000
0.050000
0.050000
0.050000
0.049000
0.048000
0.047000
0.046000
0.044000
0.043000
0.041000
0.039000
0.038000
0.036000
0.035000
0.034000
0.033000
0.032000
0.032000
0.032000
0.031000
0.031000
0.030000
0.030000
0.029000
0.029000
0.028000
0.028000
0.028000
0.027000
0.027000
0.026000
0.026000
0.025000
0.025000
0.024000
0.024000
0.023000
0.023000
0.023000
0.022000
0.021000
0.019000
0.017000
0.016000
0.015000
0.016000
0.019000
0.022000
0.026000
0.036000
0.049000
0.052000
0.055000
0.056000
0.057000
0.058000
0.058000
0.058000
0.058000
0.056000
0.054000
0.052000
0.049000
0.044000
0.035000
0.030000
0.027000
0.023000
0.023000
0.031000
0.042000
0.058000
0.073000
0.090000
0.108000
0.127000
0.139000
0.145000
0.149000
0.152000
0.154000
0.156000
0.157000
0.158000
0.159000
0.162000
0.165000
0.156000
0.142000
0.125000
0.107000
0.090000
0.065000
0.039000
0.023000
0.008000
-0.002000
-0.012000
-0.020000
-0.025000
-0.029000
-0.032000
-0.034000
-0.036000
-0.037000
-0.038000
-0.039000
-0.040000
-0.041000
-0.043000
-0.044000
-0.046000
-0.048000
-0.052000
-0.058000
-0.052000
-0.034000
0.020000
0.118000
0.267000
0.479000
0.764000
1.092000
1.400000
1.605000
1.654000
1.522000
1.235000
0.866000
0.496000
0.209000
0.048000
-0.003000
-0.023000
-0.043000
-0.075000
-0.109000
-0.130000
-0.136000
-0.139000
-0.141000
-0.145000
-0.148000
-0.150000
-0.153000
-0.156000
-0.160000
-0.165000
-0.167000
-0.165000
-0.161000
-0.155000
-0.148000
-0.138000
-0.128000
-0.120000
-0.114000
-0.109000
-0.102000
-0.096000
-0.090000
-0.085000
-0.080000
-0.075000
-0.071000
-0.067000
-0.060000
-0.051000
-0.044000
-0.040000
-0.036000
-0.031000
-0.026000
-0.021000
-0.015000
-0.008000
-0.002000
0.003000
0.010000
0.017000
0.026000
0.030000
0.034000
0.036000
0.038000
0.040000
0.040000
0.038000
0.036000
0.033000
0.030000
0.028000
0.025000
0.022000
0.019000
0.017000
0.015000
0.015000
0.016000
0.017000
0.018000
0.020000
0.022000
0.025000
0.026000
0.021000
0.016000
0.011000
0.010000
0.014000
0.017000
0.021000
0.023000
0.019000
0.011000
0.003000
-0.005000
-0.010000
-0.014000
-0.017000
-0.021000
-0.024000
-0.022000
-0.017000
-0.014000
-0.011000
-0.008000
-0.006000
-0.005000
-0.007000
-0.009000
-0.011000
-0.011000
-0.011000
-0.012000
-0.013000
-0.014000
-0.015000
-0.016000
-0.017000
-0.017000
-0.017000
-0.017000
-0.017000
-0.017000
-0.017000
-0.017000
-0.017000
-0.017000
-0.017000
-0.018000
-0.019000
-0.020000
-0.020000
-0.021000
-0.021000
-0.022000
-0.022000
-0.022000
-0.023000
-0.024000
-0.025000
-0.027000
-0.028000
-0.025000
-0.017000
-0.012000
-0.007000
-0.003000
0.000000
0.004000
0.008000
0.013000
0.019000
0.026000
0.034000
0.042000
0.055000
0.074000
0.094000
0.115000
0.125000
0.131000
0.135000
0.137000
0.139000
0.140000
0.140000
0.140000
0.138000
0.136000
0.132000
0.128000
0.120000
0.106000
0.083000
0.054000
0.024000
0.006000
-0.022000
-0.043000
-0.048000
-0.052000
-0.055000
-0.057000
-0.059000
-0.060000
-0.060000
-0.060000
-0.060000
-0.060000
-0.059000
-0.058000
-0.056000
-0.053000
-0.050000
-0.047000
-0.040000
-0.024000
0.008000
0.063000
0.154000
0.303000
0.535000
0.844000
1.185000
1.476000
1.632000
1.601000
1.385000
1.034000
0.638000
0.297000
0.072000
-0.030000
-0.061000
-0.077000
-0.102000
-0.129000
-0.144000
-0.151000
-0.154000
-0.157000
-0.159000
-0.161000
-0.161000
-0.161000
-0.160000
-0.157000
-0.155000
-0.151000
-0.148000
-0.144000
-0.137000
-0.130000
-0.124000
-0.118000
-0.113000
-0.109000
-0.105000
-0.100000
-0.096000
-0.093000
-0.089000
-0.082000
-0.066000
-0.057000
-0.053000
-0.050000
-0.048000
-0.047000
-0.045000
-0.043000
-0.041000
-0.038000
-0.035000
-0.031000
-0.027000
-0.021000
-0.008000
0.002000
0.009000
0.014000
0.018000
0.021000
0.020000
0.018000
0.015000
0.011000
0.007000
0.003000
-0.001000
-0.006000
-0.012000
-0.017000
-0.023000
-0.028000
-0.033000
-0.038000
-0.041000
-0.044000
-0.046000
-0.048000
-0.050000
-0.052000
-0.055000
-0.058000
-0.060000
-0.063000
-0.067000
-0.072000
-0.081000
-0.088000
-0.096000
-0.103000
-0.109000
-0.112000
-0.115000
-0.117000
-0.118000
-0.118000
-0.116000
-0.112000
-0.107000
-0.100000
-0.090000
-0.082000
-0.078000
-0.075000
-0.073000
-0.071000
-0.070000
-0.069000
-0.069000
-0.069000
-0.069000
-0.070000
-0.071000
-0.071000
-0.073000
-0.074000
-0.076000
-0.077000
-0.080000
-0.083000
-0.085000
-0.083000
-0.080000
-0.077000
-0.075000
-0.074000
-0.073000
-0.071000
-0.071000
-0.070000
-0.069000
-0.068000
-0.066000
-0.065000
-0.064000
-0.062000
-0.062000
-0.061000
-0.060000
-0.058000
-0.056000
-0.053000
-0.051000
-0.047000
-0.037000
-0.031000
-0.028000
-0.023000
-0.017000
-0.009000
-0.002000
0.002000
0.007000
0.012000
0.018000
0.027000
0.044000
0.058000
0.066000
0.071000
0.073000
0.074000
0.076000
0.078000
0.077000
0.068000
0.055000
0.038000
0.020000
0.005000
-0.008000
-0.023000
-0.039000
-0.060000
-0.077000
-0.088000
-0.094000
-0.097000
-0.099000
-0.101000
-0.102000
-0.103000
-0.104000
-0.104000
-0.105000
-0.105000
-0.104000
-0.103000
-0.101000
-0.098000
-0.095000
-0.081000
-0.054000
-0.008000
0.067000
0.185000
0.367000
0.624000
0.933000
1.235000
1.450000
1.514000
1.392000
1.105000
0.732000
0.376000
0.103000
-0.058000
-0.100000
-0.113000
-0.122000
-0.129000
-0.135000
-0.148000
-0.166000
-0.175000
-0.181000
-0.184000
-0.187000
-0.188000
-0.188000
-0.189000
-0.192000
-0.191000
-0.181000
-0.171000
-0.160000
-0.151000
-0.143000
-0.133000
-0.121000
-0.111000
-0.103000
-0.097000
-0.091000
-0.086000
-0.082000
-0.079000
-0.076000
-0.072000
-0.069000
-0.066000
-0.063000
-0.056000
-0.041000
-0.026000
-0.016000
-0.006000
0.002000
0.009000
0.015000
0.019000
0.024000
0.029000
0.034000
0.040000
0.047000
0.056000
0.065000
0.071000
0.076000
0.079000
0.081000
0.079000
0.074000
0.068000
0.059000
0.048000
0.043000
0.041000
0.039000
0.037000
0.035000
0.035000
0.036000
0.038000
0.040000
0.041000
0.042000
0.043000
0.044000
0.045000
0.047000
0.048000
0.048000
0.047000
0.046000
0.045000
0.043000
0.041000
0.038000
0.036000
0.033000
0.031000
0.028000
0.024000
0.021000
0.018000
0.016000
0.017000
0.019000
0.022000
0.025000
0.030000
0.039000
0.051000
0.059000
0.066000
0.072000
0.074000
0.074000
0.074000
0.074000
0.074000
0.073000
0.072000
0.072000
0.075000
0.079000
0.082000
0.085000
0.087000
0.087000
0.084000
0.081000
0.077000
0.071000
0.071000
0.079000
0.091000
0.107000
0.118000
0.125000
0.130000
0.135000
0.139000
0.142000
0.146000
0.149000
0.153000
0.156000
0.160000
0.170000
0.180000
0.182000
0.184000
0.186000
0.186000
0.186000
0.185000
0.184000
0.181000
0.178000
0.171000
0.155000
0.136000
0.116000
0.094000
0.072000
0.049000
0.032000
0.019000
0.002000
-0.007000
-0.011000
-0.014000
-0.018000
-0.020000
-0.021000
-0.022000
-0.023000
-0.023000
-0.022000
-0.021000
-0.020000
-0.018000
-0.015000
-0.010000
-0.004000
0.015000
0.060000
0.129000
0.227000
0.369000
0.574000
0.848000
1.163000
1.455000
1.603000
1.598000
1.423000
1.062000
0.648000
0.282000
0.040000
-0.015000
-0.035000
-0.041000
-0.044000
-0.054000
-0.084000
-0.114000
-0.129000
-0.137000
-0.143000
-0.146000
-0.142000
-0.133000
-0.126000
-0.119000
-0.112000
-0.104000
-0.099000
-0.096000
-0.093000
-0.090000
-0.087000
-0.084000
-0.081000
-0.078000
-0.074000
-0.070000
-0.065000
-0.057000
-0.050000
-0.046000
-0.042000
-0.037000
-0.032000
-0.026000
-0.019000
-0.013000
-0.007000
0.000000
0.011000
0.020000
0.029000
0.036000
0.041000
0.044000
0.047000
0.049000
0.050000
0.052000
0.054000
0.056000
0.058000
0.060000
0.063000
0.068000
0.068000
0.065000
0.064000
0.063000
0.062000
0.062000
0.061000
0.060000
0.058000
0.056000
0.054000
0.051000
0.049000
0.046000
0.043000
0.039000
0.030000
0.024000
0.021000
0.020000
0.019000
0.018000
0.017000
0.016000
0.014000
0.013000
0.012000
0.012000
0.012000
0.012000
0.011000
0.011000
0.010000
0.010000
0.009000
0.009000
0.008000
0.008000
0.007000
0.006000
0.005000
0.005000
0.004000
0.004000
0.003000
0.004000
0.004000
0.005000
0.005000
0.005000
0.006000
0.006000
0.006000
0.007000
0.007000
0.008000
0.008000
0.007000
0.007000
0.006000
0.006000
0.006000
0.006000
0.006000
0.006000
0.005000
0.005000
0.005000
0.004000
0.003000
0.001000
0.000000
0.000000
0.000000
0.001000
0.005000
0.010000
0.018000
0.030000
0.043000
0.055000
0.065000
0.073000
0.080000
0.090000
0.107000
0.118000
0.123000
0.127000
0.130000
0.132000
0.133000
0.132000
0.129000
0.125000
0.120000
0.113000
0.103000
0.086000
0.074000
0.059000
0.041000
0.024000
0.005000
-0.015000
-0.032000
-0.038000
-0.041000
-0.044000
-0.046000
-0.048000
-0.051000
-0.053000
-0.054000
-0.054000
-0.054000
-0.054000
-0.053000
-0.052000
-0.050000
-0.047000
-0.043000
-0.038000
-0.032000
-0.025000
0.007000
0.085000
0.203000
0.375000
0.619000
0.928000
1.257000
1.527000
1.655000
1.594000
1.354000
0.995000
0.609000
0.282000
0.074000
0.003000
-0.022000
-0.031000
-0.053000
-0.092000
-0.132000
-0.148000
-0.153000
-0.156000
-0.158000
-0.160000
-0.160000
-0.160000
-0.159000
-0.157000
-0.154000
-0.150000
-0.146000
-0.141000
-0.132000
-0.125000
-0.121000
-0.118000
-0.116000
-0.114000
-0.113000
-0.112000
-0.109000
-0.106000
-0.102000
-0.096000
-0.090000
-0.080000
-0.064000
-0.051000
-0.041000
-0.033000
-0.027000
-0.022000
-0.018000
-0.013000
-0.008000
-0.002000
0.005000
0.013000
0.019000
0.023000
0.028000
0.032000
0.035000
0.037000
0.038000
0.037000
0.037000
0.037000
0.038000
0.038000
0.038000
0.037000
0.037000
0.037000
0.038000
0.038000
0.037000
0.034000
0.028000
0.022000
0.016000
0.008000
0.002000
-0.002000
-0.007000
-0.011000
-0.013000
-0.015000
-0.017000
-0.019000
-0.022000
-0.025000
-0.029000
-0.032000
-0.034000
-0.038000
-0.041000
-0.044000
-0.046000
-0.046000
-0.045000
-0.044000
-0.042000
-0.041000
-0.040000
-0.040000
-0.039000
-0.038000
-0.037000
-0.037000
-0.036000
-0.035000
-0.035000
-0.034000
-0.033000
-0.033000
-0.032000
-0.032000
-0.032000
-0.033000
-0.033000
-0.033000
-0.033000
-0.033000
-0.033000
-0.034000
-0.034000
-0.035000
-0.034000
-0.035000
-0.035000
-0.035000
-0.036000
-0.036000
-0.037000
-0.037000
-0.038000
-0.039000
-0.040000
-0.041000
-0.042000
-0.043000
-0.043000
-0.043000
-0.044000
-0.045000
-0.046000
-0.047000
-0.048000
-0.046000
-0.043000
-0.039000
-0.035000
-0.030000
-0.025000
-0.019000
-0.014000
-0.010000
-0.005000
0.002000
0.017000
0.033000
0.048000
0.058000
0.066000
0.074000
0.079000
0.082000
0.085000
0.087000
0.088000
0.087000
0.085000
0.081000
0.077000
0.072000
0.063000
0.054000
0.041000
0.028000
0.008000
-0.015000
-0.040000
-0.050000
-0.058000
-0.063000
-0.067000
-0.070000
-0.073000
-0.077000
-0.081000
-0.086000
-0.090000
-0.096000
-0.101000
-0.103000
-0.102000
-0.099000
-0.095000
-0.080000
-0.055000
-0.026000
0.008000
0.056000
0.130000
0.248000
0.430000
0.681000
0.983000
1.293000
1.525000
1.593000
1.460000
1.155000
0.762000
0.381000
0.092000
-0.063000
-0.100000
-0.111000
-0.118000
-0.125000
-0.131000
-0.144000
-0.160000
-0.168000
-0.174000
-0.176000
-0.175000
-0.173000
-0.171000
-0.169000
-0.169000
-0.168000
-0.166000
-0.165000
-0.163000
-0.161000
-0.157000
-0.151000
-0.135000
-0.124000
-0.120000
-0.116000
-0.113000
-0.111000
-0.108000
-0.106000
-0.104000
-0.102000
-0.099000
-0.095000
-0.090000
-0.085000
-0.078000
-0.066000
-0.051000
-0.038000
-0.024000
-0.010000
0.000000
0.008000
0.012000
0.014000
0.016000
0.019000
0.021000
0.022000
0.024000
0.025000
0.027000
0.028000
0.029000
0.030000
0.031000
0.031000
0.032000
0.034000
0.036000
0.037000
0.038000
0.037000
0.035000
0.032000
0.029000
0.026000
0.024000
0.021000
0.017000
0.014000
0.011000
0.008000
0.005000
0.003000
0.000000
-0.001000
-0.002000
-0.003000
-0.004000
-0.004000
-0.005000
-0.007000
-0.009000
-0.010000
-0.011000
-0.012000
-0.012000
-0.012000
-0.012000
-0.012000
-0.012000
-0.011000
-0.010000
-0.009000
-0.008000
-0.007000
-0.006000
-0.004000
-0.003000
-0.002000
0.000000
0.001000
0.005000
0.014000
0.014000
0.015000
0.016000
0.015000
0.013000
0.010000
0.008000
0.009000
0.015000
0.020000
0.023000
0.026000
0.030000
0.034000
0.039000
0.043000
0.047000
0.051000
0.055000
0.059000
0.063000
0.067000
0.072000
0.079000
0.085000
0.090000
0.094000
0.099000
0.104000
0.110000
0.117000
0.125000
0.133000
0.137000
0.139000
0.141000
0.144000
0.143000
0.132000
0.121000
0.109000
0.098000
0.083000
0.067000
0.043000
0.020000
0.005000
-0.010000
-0.023000
-0.029000
-0.032000
-0.033000
-0.035000
-0.036000
-0.038000
-0.039000
-0.041000
-0.043000
-0.044000
-0.046000
-0.048000
-0.051000
-0.056000
-0.059000
-0.057000
-0.052000
-0.037000
-0.001000
0.064000
0.174000
0.338000
0.558000
0.835000
1.138000
1.409000
1.568000
1.546000
1.337000
0.994000
0.607000
0.267000
0.031000
-0.081000
-0.091000
-0.091000
-0.084000
-0.081000
-0.088000
-0.107000
-0.131000
-0.141000
-0.146000
-0.149000
-0.149000
-0.141000
-0.135000
-0.130000
-0.125000
-0.120000
-0.114000
-0.109000
-0.103000
-0.097000
-0.092000
-0.087000
-0.078000
-0.068000
-0.062000
-0.058000
-0.062000
-0.066000
-0.070000
-0.070000
-0.062000
-0.055000
-0.050000
-0.045000
-0.039000
-0.034000
-0.023000
-0.006000
0.005000
0.013000
0.019000
0.024000
0.030000
0.037000
0.046000
0.059000
0.070000
0.074000
0.077000
0.078000
0.079000
0.080000
0.079000
0.077000
0.073000
0.069000
0.064000
0.058000
0.052000
0.046000
0.042000
0.040000
0.038000
0.035000
0.033000
0.030000
0.029000
0.030000
0.034000
0.038000
0.042000
0.046000
0.051000
0.051000
0.049000
0.044000
0.038000
0.030000
0.024000
0.020000
0.017000
0.014000
0.013000
0.013000
0.013000
0.013000
0.014000
0.015000
0.015000
0.013000
0.010000
0.008000
0.006000
0.004000
0.005000
0.007000
0.010000
0.012000
0.016000
0.018000
0.018000
0.017000
0.016000
0.015000
0.015000
0.014000
0.014000
0.014000
0.015000
0.017000
0.018000
0.021000
0.021000
0.013000
0.008000
0.004000
0.000000
-0.001000
0.000000
0.003000
0.007000
0.009000
0.011000
0.013000
0.014000
0.016000
0.018000
0.020000
0.022000
0.024000
0.026000
0.028000
0.031000
0.036000
0.055000
0.078000
0.092000
0.104000
0.113000
0.120000
0.125000
0.128000
0.131000
0.134000
0.135000
0.134000
0.133000
0.130000
0.127000
0.121000
0.109000
0.087000
0.056000
0.027000
0.002000
-0.015000
-0.031000
-0.040000
-0.046000
-0.049000
-0.050000
-0.052000
-0.054000
-0.056000
-0.060000
-0.067000
-0.075000
-0.085000
-0.087000
-0.089000
-0.090000
-0.091000
-0.091000
-0.088000
-0.081000
-0.065000
-0.042000
-0.005000
0.051000
0.138000
0.279000
0.501000
0.806000
1.148000
1.449000
1.583000
1.573000
1.388000
1.036000
0.635000
0.287000
0.058000
-0.047000
-0.074000
-0.089000
-0.114000
-0.147000
-0.165000
-0.171000
-0.174000
-0.175000
-0.177000
-0.178000
-0.179000
-0.181000
-0.183000
-0.187000
-0.191000
-0.191000
-0.182000
-0.169000
-0.157000
-0.152000
-0.150000
-0.149000
-0.147000
-0.145000
-0.142000
-0.140000
-0.136000
-0.129000
-0.117000
-0.107000
-0.100000
-0.093000
-0.085000
-0.073000
-0.064000
-0.060000
-0.056000
-0.052000
-0.049000
-0.045000
-0.037000
-0.024000
-0.015000
-0.011000
-0.008000
-0.004000
-0.001000
0.001000
0.006000
0.014000
0.020000
0.024000
0.026000
0.028000
0.029000
0.030000
0.030000
0.030000
0.028000
0.026000
0.023000
0.021000
0.018000
0.016000
0.013000
0.011000
0.009000
0.007000
0.005000
0.003000
0.002000
0.000000
-0.001000
-0.003000
-0.005000
-0.007000
-0.009000
-0.012000
-0.015000
-0.018000
-0.021000
-0.024000
-0.025000
-0.026000
-0.027000
-0.028000
-0.029000
-0.031000
-0.032000
-0.033000
-0.035000
-0.035000
-0.036000
-0.037000
-0.038000
-0.038000
-0.038000
-0.038000
-0.038000
-0.038000
-0.038000
-0.038000
-0.037000
-0.036000
-0.035000
-0.035000
-0.034000
-0.034000
-0.034000
-0.034000
-0.033000
-0.033000
-0.033000
-0.033000
-0.033000
-0.032000
-0.031000
-0.027000
-0.025000
-0.027000
-0.032000
-0.035000
-0.038000
-0.040000
-0.042000
-0.043000
-0.043000
-0.041000
-0.038000
-0.034000
-0.029000
-0.019000
-0.010000
0.001000
0.018000
0.033000
0.045000
0.058000
0.075000
0.091000
0.096000
0.100000
0.102000
0.104000
0.105000
0.105000
0.105000
0.103000
0.099000
0.094000
0.089000
0.077000
0.056000
0.038000
0.018000
-0.004000
-0.026000
-0.049000
-0.070000
-0.079000
-0.084000
-0.088000
-0.092000
-0.094000
-0.096000
-0.098000
-0.098000
-0.099000
-0.099000
-0.099000
-0.098000
-0.097000
-0.095000
-0.094000
-0.091000
-0.088000
-0.085000
-0.066000
-0.019000
0.060000
0.182000
0.360000
0.607000
0.910000
1.229000
1.491000
1.609000
1.534000
1.282000
0.921000
0.536000
0.220000
0.028000
-0.043000
-0.066000
-0.084000
-0.113000
-0.149000
-0.168000
-0.173000
-0.177000
-0.179000
-0.180000
-0.181000
-0.182000
-0.181000
-0.179000
-0.177000
-0.174000
-0.171000
-0.168000
-0.165000
-0.161000
-0.158000
-0.154000
-0.151000
-0.148000
-0.145000
-0.143000
-0.139000
-0.135000
-0.127000
-0.115000
-0.102000
-0.090000
-0.078000
-0.070000
-0.064000
-0.060000
-0.057000
-0.054000
-0.050000
-0.046000
-0.041000
-0.036000
-0.029000
-0.020000
-0.010000
0.000000
0.009000
0.017000
0.024000
0.029000
0.034000
0.038000
0.041000
0.042000
0.041000
0.039000
0.037000
0.035000
0.032000
0.029000
0.029000
0.030000
0.031000
0.032000
0.034000
0.036000
0.037000
0.038000
0.038000
0.037000
0.036000
0.035000
0.033000
0.030000
0.029000
0.030000
0.030000
0.030000
0.030000
0.030000
0.030000
0.029000
0.028000
0.026000
0.024000
0.021000
0.017000
0.011000
0.006000
0.003000
0.000000
-0.001000
-0.003000
-0.004000
-0.005000
-0.005000
-0.005000
-0.004000
-0.002000
0.000000
0.004000
0.009000
0.018000
0.024000
0.027000
0.031000
0.032000
0.029000
0.023000
0.015000
0.006000
-0.001000
-0.005000
-0.009000
-0.011000
-0.013000
-0.013000
-0.012000
-0.010000
-0.008000
-0.008000
-0.007000
-0.007000
-0.007000
-0.006000
-0.005000
-0.004000
-0.003000
-0.001000
0.000000
0.000000
0.000000
0.000000
0.000000
0.001000
0.002000
0.002000
0.003000
0.004000
0.006000
0.008000
0.010000
0.012000
0.016000
0.019000
0.024000
0.033000
0.048000
0.061000
0.075000
0.085000
0.090000
0.094000
0.098000
0.100000
0.104000
0.110000
0.121000
0.129000
0.135000
0.137000
0.134000
0.127000
0.116000
0.100000
0.070000
0.039000
0.010000
-0.018000
-0.036000
-0.047000
-0.053000
-0.057000
-0.059000
-0.062000
-0.063000
-0.065000
-0.066000
-0.066000
-0.067000
-0.068000
-0.069000
-0.071000
-0.073000
-0.074000
-0.072000
-0.068000
-0.061000
-0.043000
-0.013000
0.041000
0.135000
0.277000
0.488000
0.780000
1.125000
1.438000
1.589000
1.583000
1.401000
1.038000
0.620000
0.250000
0.002000
-0.079000
-0.090000
-0.077000
-0.069000
-0.080000
-0.099000
-0.119000
-0.138000
-0.154000
-0.161000
-0.165000
-0.168000
-0.169000
-0.169000
-0.168000
-0.165000
-0.160000
-0.154000
-0.147000
-0.135000
-0.128000
-0.124000
-0.120000
-0.118000
-0.117000
-0.115000
-0.112000
-0.110000
-0.107000
-0.104000
-0.100000
-0.093000
-0.083000
-0.074000
-0.066000
-0.060000
-0.054000
-0.048000
-0.043000
-0.039000
-0.035000
-0.031000
-0.027000
-0.023000
-0.017000
-0.008000
0.002000
0.010000
0.015000
0.019000
0.023000
0.027000
0.032000
0.038000
0.046000
0.049000
0.050000
0.050000
0.051000
0.052000
0.053000
0.052000
0.049000
0.046000
0.043000
0.040000
0.038000
0.036000
0.034000
0.032000
0.030000
0.028000
0.027000
0.025000
0.023000
0.021000
0.019000
0.017000
0.015000
0.013000
0.010000
0.006000
0.003000
0.000000
-0.001000
-0.002000
-0.004000
-0.006000
-0.009000
-0.011000
-0.013000
-0.014000
-0.014000
-0.013000
-0.011000
-0.010000
-0.007000
-0.005000
-0.004000
-0.004000
-0.006000
-0.007000
-0.007000
-0.008000
-0.009000
-0.010000
-0.011000
-0.012000
-0.014000
-0.015000
-0.016000
-0.016000
-0.016000
-0.016000
-0.015000
-0.013000
-0.012000
-0.011000
-0.011000
-0.009000
-0.008000
-0.007000
-0.006000
-0.005000
-0.003000
0.000000
0.004000
0.010000
0.017000
0.024000
0.032000
0.043000
0.051000
0.059000
0.069000
0.080000
0.086000
0.089000
0.092000
0.094000
0.096000
0.096000
0.096000
0.093000
0.089000
0.084000
0.075000
0.058000
0.041000
0.024000
0.004000
-0.015000
-0.036000
-0.059000
-0.078000
-0.091000
-0.097000
-0.100000
-0.101000
-0.103000
-0.104000
-0.105000
-0.106000
-0.106000
-0.107000
-0.107000
-0.106000
-0.105000
-0.103000
-0.100000
-0.096000
-0.092000
-0.084000
-0.062000
-0.019000
0.060000
0.190000
0.379000
0.644000
0.968000
1.282000
1.489000
1.522000
1.355000
1.030000
0.636000
0.270000
0.005000
-0.098000
-0.132000
-0.131000
-0.128000
-0.135000
-0.155000
-0.168000
-0.175000
-0.180000
-0.185000
-0.187000
-0.183000
-0.175000
-0.170000
-0.167000
-0.165000
-0.162000
-0.160000
-0.156000
-0.154000
-0.150000
-0.146000
-0.141000
-0.130000
-0.110000
-0.100000
-0.095000
-0.092000
-0.089000
-0.087000
-0.085000
-0.083000
-0.081000
-0.080000
-0.077000
-0.074000
-0.067000
-0.053000
-0.038000
-0.023000
-0.012000
-0.006000
0.000000
0.006000
0.011000
0.015000
0.019000
0.023000
0.028000
0.033000
0.037000
0.040000
0.044000
0.046000
0.049000
0.051000
0.051000
0.050000
0.046000
0.042000
0.038000
0.034000
0.031000
0.026000
0.021000
0.016000
0.014000
0.014000
0.015000
0.017000
0.019000
0.021000
0.024000
0.027000
0.031000
0.034000
0.034000
0.030000
0.025000
0.019000
0.016000
0.013000
0.010000
0.007000
0.004000
0.001000
0.000000
0.000000
-0.001000
0.000000
0.000000
0.000000
0.002000
0.003000
0.005000
0.007000
0.008000
0.010000
0.012000
0.015000
0.017000
0.020000
0.022000
0.023000
0.024000
0.024000
0.024000
0.024000
0.023000
0.022000
0.021000
0.020000
0.019000
0.018000
0.017000
0.016000
0.016000
0.015000
0.015000
0.015000
0.014000
0.014000
0.016000
0.019000
0.023000
0.027000
0.033000
0.039000
0.046000
0.053000
0.060000
0.064000
0.067000
0.071000
0.075000
0.079000
0.084000
0.089000
0.096000
0.105000
0.116000
0.119000
0.121000
0.123000
0.124000
0.121000
0.113000
0.105000
0.098000
0.090000
0.082000
0.071000
0.052000
0.033000
0.020000
0.009000
-0.001000
-0.011000
-0.022000
-0.029000
-0.034000
-0.038000
-0.043000
-0.047000
-0.051000
-0.058000
-0.068000
-0.074000
-0.078000
-0.081000
-0.083000
-0.084000
-0.083000
-0.079000
-0.074000
-0.056000
-0.024000
0.029000
0.108000
0.222000
0.394000
0.645000
0.956000
1.262000
1.489000
1.579000
1.488000
1.223000
0.854000
0.478000
0.190000
0.033000
-0.011000
-0.028000
-0.044000
-0.073000
-0.103000
-0.134000
-0.146000
-0.151000
-0.154000
-0.156000
-0.157000
-0.157000
-0.156000
-0.153000
-0.150000
-0.147000
-0.144000
-0.140000
-0.135000
-0.128000
-0.120000
-0.115000
-0.111000
-0.108000
-0.105000
-0.101000
-0.097000
-0.093000
-0.089000
-0.085000
-0.079000
-0.074000
-0.069000
-0.065000
-0.058000
-0.044000
-0.034000
-0.029000
-0.026000
-0.022000
-0.018000
-0.014000
-0.011000
-0.007000
-0.001000
0.006000
0.013000
0.019000
0.026000
0.034000
0.043000
0.049000
0.053000
0.056000
0.059000
0.059000
0.056000
0.051000
0.047000
0.044000
0.041000
0.037000
0.034000
0.032000
0.031000
0.031000
0.032000
0.033000
0.034000
0.035000
0.037000
0.040000
0.041000
0.039000
0.034000
0.029000
0.026000
0.024000
0.022000
0.020000
0.019000
0.017000
0.015000
0.013000
0.012000
0.011000
0.010000
0.009000
0.008000
0.008000
0.008000
0.008000
0.007000
0.007000
0.006000
0.006000
0.005000
0.004000
0.002000
0.001000
0.000000
0.000000
0.000000
0.000000
0.000000
0.000000
0.000000
0.000000
0.001000
0.001000
0.002000
0.002000
0.001000
0.001000
0.001000
0.002000
0.002000
0.003000
0.003000
0.004000
0.005000
0.007000
0.010000
0.013000
0.016000
0.019000
0.022000
0.029000
0.035000
0.040000
0.044000
0.049000
0.056000
0.065000
0.073000
0.079000
0.086000
0.094000
0.103000
0.109000
0.115000
0.120000
0.124000
0.126000
0.125000
0.123000
0.118000
0.113000
0.104000
0.088000
0.065000
0.039000
0.021000
0.000000
-0.017000
-0.030000
-0.040000
-0.046000
-0.051000
-0.055000
-0.061000
-0.069000
-0.074000
-0.078000
-0.081000
-0.083000
-0.085000
-0.087000
-0.087000
-0.087000
-0.086000
-0.085000
-0.083000
-0.080000
-0.076000
-0.061000
-0.004000
0.089000
0.221000
0.415000
0.686000
1.018000
1.337000
1.557000
1.614000
1.483000
1.193000
0.820000
0.459000
0.185000
0.029000
-0.020000
-0.043000
-0.073000
-0.119000
-0.157000
-0.181000
-0.188000
-0.192000
-0.194000
-0.195000
-0.196000
-0.197000
-0.198000
-0.200000
-0.201000
-0.197000
-0.187000
-0.176000
-0.163000
-0.155000
-0.151000
-0.148000
-0.146000
-0.143000
-0.140000
-0.137000
-0.135000
-0.131000
-0.122000
-0.107000
-0.094000
-0.084000
-0.075000
-0.069000
-0.066000
-0.063000
-0.059000
-0.054000
-0.048000
-0.042000
-0.032000
-0.018000
-0.010000
-0.002000
0.005000
0.016000
0.024000
0.029000
0.034000
0.036000
0.038000
0.039000
0.039000
0.040000
0.040000
0.041000
0.042000
0.043000
0.043000
0.043000
0.042000
0.042000
0.041000
0.040000
0.039000
0.037000
0.034000
0.032000
0.028000
0.022000
0.017000
0.015000
0.013000
0.011000
0.010000
0.010000
0.011000
0.012000
0.013000
0.015000
0.019000
0.024000
0.018000
0.014000
0.012000
0.011000
0.010000
0.009000
0.008000
0.008000
0.008000
0.008000
0.008000
0.008000
0.009000
0.009000
0.010000
0.010000
0.011000
0.011000
0.012000
0.012000
0.012000
0.012000
0.013000
0.013000
0.013000
0.013000
0.013000
0.013000
0.014000
0.014000
0.015000
0.015000
0.015000
0.015000
0.016000
0.016000
0.017000
0.017000
0.018000
0.018000
0.018000
0.019000
0.019000
0.018000
0.016000
0.014000
0.012000
0.010000
0.008000
0.005000
0.003000
0.003000
0.004000
0.006000
0.011000
0.019000
0.033000
0.048000
0.059000
0.064000
0.067000
0.069000
0.072000
0.075000
0.079000
0.082000
0.088000
0.096000
0.105000
0.115000
0.131000
0.144000
0.152000
0.156000
0.156000
0.154000
0.150000
0.143000
0.131000
0.120000
0.105000
0.086000
0.067000
0.047000
0.030000
0.006000
-0.016000
-0.038000
-0.051000
-0.062000
-0.069000
-0.076000
-0.080000
-0.083000
-0.086000
-0.087000
-0.085000
-0.082000
-0.078000
-0.075000
-0.072000
-0.068000
-0.065000
-0.062000
-0.057000
-0.041000
0.004000
0.089000
0.230000
0.442000
0.731000
1.064000
1.370000
1.573000
1.612000
1.469000
1.173000
0.797000
0.438000
0.170000
0.019000
-0.044000
-0.075000
-0.105000
-0.138000
-0.164000
-0.177000
-0.184000
-0.188000
-0.190000
-0.191000
-0.190000
-0.187000
-0.184000
-0.180000
-0.175000
-0.171000
-0.170000
-0.169000
-0.167000
-0.165000
-0.164000
-0.165000
-0.166000
-0.168000
-0.159000
-0.146000
-0.131000
-0.120000
-0.111000
-0.105000
-0.102000
-0.100000
-0.098000
-0.096000
-0.094000
-0.092000
-0.090000
-0.087000
-0.083000
-0.075000
-0.060000
-0.047000
-0.031000
-0.016000
-0.005000
0.004000
0.011000
0.016000
0.020000
0.022000
0.024000
0.025000
0.025000
0.026000
0.026000
0.026000
0.027000
0.027000
0.028000
0.028000
0.029000
0.030000
0.031000
0.032000
0.033000
0.034000
0.035000
0.036000
0.037000
0.039000
0.042000
0.046000
0.047000
0.045000
0.041000
0.036000
0.030000
0.021000
0.011000
0.008000
0.006000
0.004000
0.002000
0.000000
0.000000
-0.001000
-0.002000
-0.002000
-0.002000
-0.002000
-0.003000
-0.003000
-0.004000
-0.004000
-0.004000
-0.005000
-0.005000
-0.005000
-0.005000
-0.005000
-0.006000
-0.006000
-0.006000
-0.006000
-0.006000
-0.006000
-0.007000
-0.009000
-0.011000
-0.012000
-0.011000
-0.009000
-0.006000
-0.005000
-0.004000
-0.002000
-0.001000
0.000000
0.000000
0.002000
0.004000
0.005000
0.007000
0.009000
0.012000
0.014000
0.017000
0.022000
0.031000
0.040000
0.046000
0.068000
0.095000
0.108000
0.113000
0.116000
0.118000
0.120000
0.120000
0.119000
0.116000
0.111000
0.105000
0.092000
0.076000
0.065000
0.054000
0.036000
0.012000
-0.011000
-0.036000
-0.062000
-0.078000
-0.085000
-0.089000
-0.091000
-0.094000
-0.095000
-0.097000
-0.097000
-0.098000
-0.098000
-0.097000
-0.097000
-0.095000
-0.094000
-0.092000
-0.089000
-0.085000
-0.078000
-0.062000
-0.036000
0.000000
0.061000
0.170000
0.359000
0.638000
0.970000
1.287000
1.502000
1.548000
1.399000
1.087000
0.702000
0.339000
0.061000
-0.098000
-0.131000
-0.140000
-0.145000
-0.150000
-0.155000
-0.159000
-0.163000
-0.172000
-0.183000
-0.187000
-0.190000
-0.191000
-0.191000
-0.191000
-0.191000
-0.190000
-0.187000
-0.182000
-0.177000
-0.170000
-0.162000
-0.153000
-0.146000
-0.141000
-0.135000
-0.130000
-0.125000
-0.120000
-0.113000
-0.106000
-0.100000
-0.096000
-0.091000
-0.085000
-0.074000
-0.065000
-0.058000
-0.052000
-0.048000
-0.044000
-0.039000
-0.032000
-0.020000
-0.005000
0.006000
0.008000
0.010000
0.011000
0.011000
0.012000
0.012000
0.012000
0.012000
0.011000
0.011000
0.010000
0.009000
0.008000
0.006000
0.004000
0.001000
0.000000
-0.004000
-0.008000
-0.010000
-0.010000
-0.008000
-0.006000
-0.004000
-0.002000
0.000000
0.000000
0.000000
-0.002000
-0.006000
-0.009000
-0.014000
-0.016000
-0.014000
-0.009000
-0.004000
0.000000
0.002000
0.000000
-0.007000
-0.013000
-0.021000
-0.025000
-0.027000
-0.030000
-0.032000
-0.031000
-0.024000
-0.019000
-0.016000
-0.013000
-0.010000
-0.008000
-0.006000
-0.004000
-0.002000
0.000000
0.002000
0.007000
0.012000
0.017000
0.022000
0.028000
0.027000
0.020000
0.011000
0.003000
0.000000
-0.001000
-0.003000
-0.004000
-0.005000
-0.004000
-0.002000
0.001000
0.004000
0.006000
0.007000
0.008000
0.009000
0.010000
0.010000
0.011000
0.012000
0.013000
0.015000
0.016000
0.017000
0.017000
0.017000
0.017000
0.018000
0.020000
0.022000
0.024000
0.032000
0.045000
0.055000
0.068000
0.083000
0.102000
0.114000
0.120000
0.125000
0.128000
0.131000
0.132000
0.133000
0.134000
0.136000
0.138000
0.137000
0.128000
0.115000
0.099000
0.083000
0.066000
0.048000
0.032000
0.005000
-0.020000
-0.039000
-0.044000
-0.048000
-0.050000
-0.052000
-0.054000
-0.055000
-0.056000
-0.058000
-0.059000
-0.060000
-0.061000
-0.061000
-0.060000
-0.058000
-0.056000
-0.053000
-0.040000
-0.012000
0.041000
0.134000
0.282000
0.499000
0.786000
1.100000
1.369000
1.516000
1.487000
1.282000
0.942000
0.555000
0.226000
0.023000
-0.045000
-0.070000
-0.078000
-0.097000
-0.122000
-0.137000
-0.145000
-0.149000
-0.152000
-0.155000
-0.156000
-0.157000
-0.156000
-0.155000
-0.154000
-0.151000
-0.148000
-0.145000
-0.137000
-0.124000
-0.115000
-0.109000
-0.103000
-0.097000
-0.093000
-0.091000
-0.088000
-0.085000
-0.082000
-0.079000
-0.076000
-0.072000
-0.069000
-0.064000
-0.060000
-0.055000
-0.052000
-0.049000
-0.045000
-0.040000
-0.035000
-0.030000
-0.026000
-0.018000
-0.005000
0.007000
0.021000
0.035000
0.048000
0.057000
0.062000
0.064000
0.065000
0.066000
0.068000
0.069000
0.070000
0.068000
0.065000
0.062000
0.061000
0.060000
0.059000
0.059000
0.058000
0.056000
0.055000
0.055000
0.055000
0.055000
0.054000
0.053000
0.052000
0.052000
0.051000
0.050000
0.049000
0.048000
0.046000
0.044000
0.041000
0.039000
0.035000
0.027000
0.022000
0.020000
0.019000
0.018000
0.017000
0.017000
0.016000
0.015000
0.014000
0.014000
0.014000
0.013000
0.013000
0.014000
0.015000
0.017000
0.019000
0.021000
0.023000
0.025000
0.027000
0.029000
0.031000
0.033000
0.037000
0.042000
0.044000
0.042000
0.037000
0.031000
0.027000
0.022000
0.017000
0.014000
0.015000
0.017000
0.022000
0.027000
0.033000
0.042000
0.050000
0.057000
0.065000
0.075000
0.085000
0.095000
0.104000
0.112000
0.121000
0.128000
0.132000
0.134000
0.136000
0.138000
0.139000
0.139000
0.139000
0.138000
0.135000
0.131000
0.124000
0.101000
0.071000
0.047000
0.032000
0.016000
0.000000
-0.015000
-0.026000
-0.036000
-0.044000
-0.050000
-0.055000
-0.060000
-0.066000
-0.075000
-0.084000
-0.085000
-0.086000
-0.086000
-0.086000
-0.084000
-0.078000
-0.071000
-0.063000
-0.054000
-0.041000
-0.024000
0.008000
0.077000
0.195000
0.382000
0.654000
0.983000
1.300000
1.514000
1.567000
1.441000
1.156000
0.776000
0.399000
0.115000
-0.041000
-0.076000
-0.087000
-0.095000
-0.102000
-0.125000
-0.148000
-0.173000
-0.187000
-0.194000
-0.198000
-0.201000
-0.203000
-0.203000
-0.201000
-0.198000
-0.194000
-0.188000
-0.179000
-0.169000
-0.162000
-0.155000
-0.149000
-0.143000
-0.136000
-0.128000
-0.119000
-0.114000
-0.111000
-0.109000
-0.107000
-0.106000
-0.104000
-0.102000
-0.101000
-0.099000
-0.098000
-0.096000
-0.093000
-0.086000
-0.071000
-0.052000
-0.035000
-0.023000
-0.015000
-0.008000
-0.004000
-0.001000
0.000000
0.002000
0.003000
0.005000
0.006000
0.008000
0.009000
0.010000
0.011000
0.014000
0.016000
0.015000
0.011000
0.006000
0.000000
-0.006000
-0.011000
-0.015000
-0.017000
-0.019000
-0.020000
-0.021000
-0.021000
-0.022000
-0.023000
-0.024000
-0.025000
-0.026000
-0.027000
-0.028000
-0.029000
-0.029000
-0.030000
-0.030000
-0.031000
-0.032000
-0.034000
-0.036000
-0.040000
-0.044000
-0.046000
-0.046000
-0.045000
-0.043000
-0.042000
-0.039000
-0.037000
-0.037000
-0.041000
-0.046000
-0.051000
-0.056000
-0.060000
-0.061000
-0.059000
-0.056000
-0.051000
-0.041000
-0.029000
-0.024000
-0.020000
-0.018000
-0.018000
-0.022000
-0.028000
-0.032000
-0.036000
-0.039000
-0.041000
-0.041000
-0.039000
-0.035000
-0.031000
-0.027000
-0.023000
-0.018000
-0.013000
-0.008000
-0.003000
0.001000
0.007000
0.014000
0.020000
0.027000
0.039000
0.056000
0.066000
0.073000
0.080000
0.086000
0.094000
0.103000
0.107000
0.111000
0.113000
0.115000
0.115000
0.111000
0.106000
0.096000
0.083000
0.064000
0.039000
0.013000
-0.003000
-0.017000
-0.027000
-0.036000
-0.044000
-0.052000
-0.060000
-0.063000
-0.066000
-0.068000
-0.071000
-0.072000
-0.073000
-0.074000
-0.074000
-0.074000
-0.074000
-0.073000
-0.072000
-0.069000
-0.065000
-0.061000
-0.055000
-0.031000
0.035000
0.147000
0.320000
0.577000
0.910000
1.253000
1.523000
1.650000
1.598000
1.367000
1.014000
0.631000
0.309000
0.102000
0.007000
-0.024000
-0.052000
-0.085000
-0.115000
-0.132000
-0.148000
-0.160000
-0.166000
-0.170000
-0.172000
-0.170000
-0.164000
-0.158000
-0.151000
-0.146000
-0.142000
-0.140000
-0.138000
-0.136000
-0.135000
-0.132000
-0.130000
-0.128000
-0.125000
-0.122000
-0.116000
-0.107000
-0.100000
-0.091000
-0.077000
-0.064000
-0.056000
-0.049000
-0.043000
-0.036000
-0.030000
-0.023000
-0.016000
-0.010000
-0.005000
-0.001000
0.002000
0.006000
0.010000
0.016000
0.022000
0.029000
0.037000
0.041000
0.043000
0.044000
0.046000
0.047000
0.048000
0.050000
0.050000
0.051000
0.052000
0.053000
0.054000
0.055000
0.055000
0.056000
0.055000
0.054000
0.053000
0.051000
0.048000
0.046000
0.043000
0.041000
0.039000
0.037000
0.035000
0.033000
0.032000
0.031000
0.030000
0.028000
0.026000
0.024000
0.021000
0.018000
0.016000
0.014000
0.012000
0.010000
0.009000
0.008000
0.008000
0.008000
0.008000
0.008000
0.008000
0.008000
0.008000
0.007000
0.007000
0.005000
0.003000
0.001000
0.000000
0.001000
0.003000
0.005000
0.008000
0.010000
0.014000
0.017000
0.017000
0.012000
0.006000
0.001000
-0.002000
-0.007000
-0.010000
-0.011000
-0.010000
-0.009000
-0.007000
-0.005000
-0.004000
-0.004000
-0.003000
-0.002000
-0.001000
0.000000
0.001000
0.003000
0.004000
0.005000
0.006000
0.007000
0.008000
0.009000
0.010000
0.012000
0.017000
0.031000
0.047000
0.062000
0.071000
0.076000
0.079000
0.084000
0.089000
0.095000
0.101000
0.108000
0.117000
0.123000
0.126000
0.128000
0.131000
0.134000
0.133000
0.122000
0.105000
0.084000
0.064000
0.044000
0.025000
0.008000
-0.005000
-0.025000
-0.043000
-0.053000
-0.060000
-0.066000
-0.070000
-0.073000
-0.075000
-0.078000
-0.080000
-0.081000
-0.082000
-0.083000
-0.082000
-0.081000
-0.079000
-0.077000
-0.073000
-0.067000
-0.046000
0.006000
0.098000
0.241000
0.460000
0.757000
1.099000
1.415000
1.618000
1.651000
1.496000
1.188000
0.799000
0.423000
0.144000
0.002000
-0.033000
-0.044000
-0.053000
-0.060000
-0.072000
-0.091000
-0.113000
-0.137000
-0.151000
-0.159000
-0.165000
-0.169000
-0.170000
-0.168000
-0.165000
-0.161000
-0.157000
-0.152000
-0.147000
-0.142000
-0.136000
-0.129000
-0.122000
-0.115000
-0.106000
-0.097000
-0.089000
-0.079000
-0.068000
-0.056000
-0.049000
-0.045000
-0.042000
-0.038000
-0.035000
-0.031000
-0.028000
-0.024000
-0.020000
-0.016000
-0.010000
-0.003000
0.003000
0.010000
0.023000
0.039000
0.045000
0.047000
0.049000
0.050000
0.051000
0.052000
0.053000
0.054000
0.055000
0.055000
0.056000
0.057000
0.057000
0.057000
0.057000
0.058000
0.058000
0.058000
0.058000
0.057000
0.055000
0.054000
0.054000
0.053000
0.052000
0.051000
0.050000
0.048000
0.047000
0.046000
0.045000
0.043000
0.041000
0.037000
0.034000
0.033000
0.032000
0.032000
0.031000
0.031000
0.031000
0.031000
0.031000
0.032000
0.033000
0.033000
0.033000
0.030000
0.026000
0.023000
0.020000
0.016000
0.014000
0.011000
0.009000
0.007000
0.006000
0.006000
0.005000
0.004000
0.002000
0.000000
0.000000
0.000000
0.000000
0.000000
0.002000
0.002000
0.003000
0.004000
0.005000
0.007000
0.009000
0.011000
0.014000
0.018000
0.023000
0.028000
0.038000
0.045000
0.052000
0.057000
0.063000
0.068000
0.074000
0.080000
0.091000
0.108000
0.120000
0.129000
0.135000
0.139000
0.143000
0.145000
0.145000
0.140000
0.133000
0.121000
0.102000
0.083000
0.064000
0.045000
0.025000
0.001000
-0.020000
-0.037000
-0.050000
-0.062000
-0.070000
-0.075000
-0.080000
-0.082000
-0.082000
-0.083000
-0.083000
-0.084000
-0.084000
-0.084000
-0.085000
-0.085000
-0.085000
-0.084000
-0.082000
-0.079000
-0.074000
-0.057000
-0.020000
0.050000
0.174000
0.368000
0.633000
0.944000
1.244000
1.457000
1.525000
1.413000
1.132000
0.754000
0.381000
0.103000
-0.045000
-0.082000
-0.096000
-0.104000
-0.122000
-0.155000
-0.169000
-0.175000
-0.179000
-0.181000
-0.182000
-0.180000
-0.176000
-0.171000
-0.167000
-0.165000
-0.163000
-0.161000
-0.158000
-0.155000
-0.153000
-0.150000
-0.148000
-0.146000
-0.143000
-0.138000
-0.129000
-0.118000
-0.109000
-0.101000
-0.096000
-0.092000
-0.090000
-0.087000
-0.085000
-0.083000
-0.080000
-0.077000
-0.073000
-0.067000
-0.056000
-0.040000
-0.025000
-0.010000
-0.004000
-0.002000
0.000000
0.001000
0.003000
0.004000
0.006000
0.007000
0.008000
0.008000
0.009000
0.009000
0.008000
0.008000
0.008000
0.007000
0.006000
0.005000
0.004000
0.003000
0.002000
0.000000
0.000000
-0.002000
-0.004000
-0.007000
-0.011000
-0.015000
-0.019000
-0.023000
-0.026000
-0.030000
-0.033000
-0.035000
-0.036000
-0.038000
-0.040000
-0.042000
-0.043000
-0.044000
-0.045000
-0.046000
-0.046000
-0.046000
-0.046000
-0.045000
-0.044000
-0.044000
-0.043000
-0.042000
-0.041000
-0.040000
-0.040000
-0.039000
-0.039000
-0.037000
-0.036000
-0.035000
-0.034000
-0.032000
-0.031000
-0.031000
-0.030000
-0.030000
-0.031000
-0.031000
-0.032000
-0.033000
-0.034000
-0.035000
-0.036000
-0.036000
-0.037000
-0.038000
-0.038000
-0.039000
-0.040000
-0.041000
-0.042000
-0.042000
-0.040000
-0.038000
-0.035000
-0.031000
-0.024000
-0.014000
-0.005000
0.001000
0.007000
0.014000
0.021000
0.032000
0.047000
0.054000
0.058000
0.061000
0.063000
0.065000
0.066000
0.067000
0.069000
0.071000
0.072000
0.072000
0.068000
0.062000
0.052000
0.039000
0.021000
-0.003000
-0.018000
-0.034000
-0.049000
-0.063000
-0.075000
-0.081000
-0.084000
-0.086000
-0.089000
-0.090000
-0.091000
-0.092000
-0.092000
-0.092000
-0.091000
-0.091000
-0.090000
-0.089000
-0.087000
-0.085000
-0.083000
-0.071000
-0.028000
0.048000
0.170000
0.357000
0.628000
0.964000
1.291000
1.506000
1.538000
1.379000
1.073000
0.690000
0.320000
0.053000
-0.063000
-0.082000
-0.073000
-0.068000
-0.073000
-0.090000
-0.118000
-0.146000
-0.175000
-0.200000
-0.209000
-0.209000
-0.201000
-0.191000
-0.176000
-0.161000
-0.145000
-0.133000
-0.123000
-0.119000
-0.116000
-0.115000
-0.113000
-0.111000
-0.108000
-0.105000
-0.102000
-0.094000
-0.082000
-0.072000
-0.064000
-0.057000
-0.048000
-0.034000
-0.024000
-0.018000
-0.015000
-0.012000
-0.009000
-0.007000
-0.005000
-0.002000
0.000000
0.004000
0.009000
0.015000
0.027000
0.040000
0.051000
0.063000
0.071000
0.076000
0.078000
0.079000
0.077000
0.073000
0.070000
0.069000
0.067000
0.066000
0.065000
0.064000
0.064000
0.063000
0.062000
0.062000
0.061000
0.060000
0.060000
0.060000
0.061000
0.061000
0.061000
0.062000
0.062000
0.062000
0.061000
0.060000
0.055000
0.051000
0.048000
0.045000
0.043000
0.039000
0.036000
0.033000
0.031000
0.028000
0.025000
0.023000
0.022000
0.022000
0.024000
0.026000
0.028000
0.030000
0.032000
0.035000
0.037000
0.040000
0.041000
0.040000
0.038000
0.035000
0.033000
0.031000
0.029000
0.027000
0.025000
0.024000
0.022000
0.021000
0.020000
0.020000
0.020000
0.020000
0.021000
0.022000
0.023000
0.025000
0.026000
0.029000
0.031000
0.034000
0.040000
0.045000
0.049000
0.053000
0.055000
0.058000
0.061000
0.064000
0.067000
0.072000
0.082000
0.096000
0.106000
0.112000
0.117000
0.122000
0.126000
0.130000
0.134000
0.135000
0.134000
0.131000
0.127000
0.113000
0.088000
0.065000
0.045000
0.023000
-0.002000
-0.027000
-0.044000
-0.057000
-0.063000
-0.068000
-0.072000
-0.077000
-0.080000
-0.083000
-0.086000
-0.088000
-0.090000
-0.092000
-0.093000
-0.093000
-0.093000
-0.092000
-0.090000
-0.087000
-0.083000
-0.078000
-0.061000
-0.006000
0.092000
0.247000
0.471000
0.760000
1.086000
1.384000
1.548000
1.552000
1.406000
1.073000
0.678000
0.315000
0.060000
-0.067000
-0.095000
-0.106000
-0.113000
-0.130000
-0.157000
-0.176000
-0.186000
-0.192000
-0.195000
-0.197000
-0.199000
-0.199000
-0.198000
-0.196000
-0.194000
-0.190000
-0.183000
-0.169000
-0.163000
-0.159000
-0.157000
-0.155000
-0.153000
-0.151000
-0.149000
-0.148000
-0.146000
-0.143000
-0.137000
-0.126000
-0.115000
-0.101000
-0.090000
-0.084000
-0.080000
-0.075000
-0.072000
-0.068000
-0.060000
-0.047000
-0.038000
-0.033000
-0.029000
-0.024000
-0.019000
-0.014000
-0.010000
-0.005000
0.000000
0.004000
0.007000
0.011000
0.017000
0.025000
0.026000
0.027000
0.028000
0.028000
0.029000
0.029000
0.029000
0.029000
0.029000
0.027000
0.025000
0.022000
0.020000
0.017000
0.014000
0.011000
0.008000
0.005000
0.001000
-0.001000
-0.004000
-0.006000
-0.008000
-0.010000
-0.012000
-0.013000
-0.013000
-0.013000
-0.012000
-0.011000
-0.010000
-0.009000
-0.007000
-0.004000
-0.002000
-0.005000
-0.011000
-0.016000
-0.021000
-0.025000
-0.027000
-0.028000
-0.029000
-0.030000
-0.031000
-0.033000
-0.029000
-0.023000
-0.019000
-0.015000
-0.012000
-0.009000
-0.008000
-0.009000
-0.010000
-0.012000
-0.014000
-0.015000
-0.017000
-0.019000
-0.021000
-0.022000
-0.021000
-0.019000
-0.016000
-0.012000
-0.008000
-0.003000
0.001000
0.006000
0.011000
0.017000
0.023000
0.029000
0.035000
0.042000
0.050000
0.060000
0.069000
0.079000
0.086000
0.097000
0.111000
0.119000
0.123000
0.126000
0.128000
0.129000
0.130000
0.129000
0.127000
0.124000
0.120000
0.107000
0.083000
0.058000
0.043000
0.018000
-0.009000
-0.037000
-0.052000
-0.059000
-0.063000
-0.066000
-0.068000
-0.069000
-0.070000
-0.070000
-0.070000
-0.069000
-0.067000
-0.066000
-0.064000
-0.062000
-0.058000
-0.055000
-0.051000
-0.047000
-0.034000
-0.008000
0.038000
0.123000
0.262000
0.476000
0.768000
1.107000
1.431000
1.649000
1.687000
1.525000
1.198000
0.793000
0.415000
0.146000
0.015000
-0.013000
-0.023000
-0.029000
-0.043000
-0.065000
-0.089000
-0.116000
-0.142000
-0.152000
-0.157000
-0.160000
-0.152000
-0.143000
-0.137000
-0.129000
-0.120000
-0.112000
-0.107000
-0.101000
-0.098000
-0.095000
-0.091000
-0.086000
-0.080000
-0.078000
-0.077000
-0.077000
-0.076000
-0.073000
-0.068000
-0.061000
-0.049000
-0.037000
-0.023000
-0.008000
0.004000
0.015000
0.027000
0.035000
0.039000
0.042000
0.045000
0.049000
0.053000
0.056000
0.059000
0.063000
0.066000
0.069000
0.072000
0.075000
0.077000
0.079000
0.081000
0.084000
0.087000
0.088000
0.087000
0.084000
0.080000
0.075000
0.070000
0.063000
0.059000
0.061000
0.065000
0.067000
0.070000
0.073000
0.076000
0.077000
0.076000
0.073000
0.070000
0.067000
0.065000
0.063000
0.060000
0.057000
0.054000
0.051000
0.048000
0.046000
0.044000
0.042000
0.039000
0.037000
0.036000
0.036000
0.036000
0.036000
0.035000
0.035000
0.035000
0.035000
0.035000
0.036000
0.037000
0.037000
0.037000
0.038000
0.038000
0.039000
0.040000
0.040000
0.039000
0.037000
0.034000
0.030000
0.027000
0.023000
0.019000
0.015000
0.012000
0.010000
0.009000
0.009000
0.008000
0.008000
0.007000
0.007000
0.008000
0.015000
0.021000
0.024000
0.028000
0.031000
0.035000
0.038000
0.042000
0.047000
0.052000
0.058000
0.062000
0.067000
0.075000
0.091000
0.107000
0.117000
0.120000
0.122000
0.124000
0.125000
0.122000
0.117000
0.109000
0.097000
0.085000
0.071000
0.055000
0.040000
0.025000
0.007000
-0.012000
-0.030000
-0.048000
-0.066000
-0.074000
-0.077000
-0.080000
-0.083000
-0.085000
-0.087000
-0.088000
-0.088000
-0.088000
-0.088000
-0.088000
-0.087000
-0.086000
-0.084000
-0.082000
-0.079000
-0.076000
-0.062000
-0.025000
0.043000
0.160000
0.352000
0.633000
0.975000
1.303000
1.520000
1.559000
1.406000
1.101000
0.721000
0.357000
0.091000
-0.046000
-0.080000
-0.093000
-0.102000
-0.126000
-0.151000
-0.167000
-0.183000
-0.192000
-0.193000
-0.195000
-0.195000
-0.196000
-0.195000
-0.193000
-0.190000
-0.184000
-0.173000
-0.163000
-0.158000
-0.153000
-0.148000
-0.144000
-0.140000
-0.136000
-0.133000
-0.130000
-0.127000
-0.124000
-0.118000
-0.107000
-0.096000
-0.089000
-0.079000
-0.071000
-0.064000
-0.060000
-0.056000
-0.053000
-0.049000
-0.046000
-0.041000
-0.036000
-0.028000
-0.017000
-0.005000
0.006000
0.010000
0.012000
0.014000
0.016000
0.017000
0.018000
0.019000
0.020000
0.020000
0.021000
0.022000
0.022000
0.023000
0.022000
0.021000
0.020000
0.019000
0.018000
0.017000
0.016000
0.015000
0.013000
0.012000
0.011000
0.009000
0.006000
0.001000
-0.001000
-0.004000
-0.007000
-0.009000
-0.010000
-0.011000
-0.011000
-0.012000
-0.012000
-0.013000
-0.013000
-0.013000
-0.014000
-0.014000
-0.015000
-0.015000
-0.015000
-0.015000
-0.015000
-0.015000
-0.015000
-0.015000
-0.015000
-0.015000
-0.015000
-0.015000
-0.016000
-0.017000
-0.018000
-0.019000
-0.020000
-0.022000
-0.023000
-0.023000
-0.024000
-0.024000
-0.024000
-0.025000
-0.026000
-0.027000
-0.028000
-0.030000
-0.032000
-0.034000
-0.035000
-0.036000
-0.036000
-0.035000
-0.034000
-0.033000
-0.030000
-0.028000
-0.026000
-0.023000
-0.019000
-0.014000
-0.002000
0.010000
0.017000
0.022000
0.026000
0.029000
0.032000
0.035000
0.037000
0.040000
0.043000
0.049000
0.064000
0.075000
0.082000
0.085000
0.085000
0.081000
0.075000
0.066000
0.049000
0.029000
0.010000
-0.006000
-0.023000
-0.040000
-0.059000
-0.073000
-0.082000
-0.090000
-0.097000
-0.103000
-0.108000
-0.112000
-0.116000
-0.119000
-0.121000
-0.123000
-0.125000
-0.127000
-0.128000
-0.128000
-0.127000
-0.125000
-0.121000
-0.115000
-0.100000
-0.071000
-0.017000
0.067000
0.200000
0.399000
0.675000
0.999000
1.303000
1.466000
1.469000
1.319000
0.989000
0.594000
0.226000
-0.026000
-0.110000
-0.137000
-0.135000
-0.130000
-0.134000
-0.164000
-0.191000
-0.206000
-0.216000
-0.223000
-0.226000
-0.223000
-0.216000
-0.210000
-0.204000
-0.198000
-0.191000
-0.186000
-0.182000
-0.178000
-0.174000
-0.171000
-0.167000
-0.164000
-0.158000
-0.149000
-0.141000
-0.134000
-0.129000
-0.123000
-0.116000
-0.111000
-0.105000
-0.100000
-0.094000
-0.089000
-0.082000
-0.072000
-0.061000
-0.050000
-0.040000
-0.028000
-0.021000
-0.016000
-0.013000
-0.009000
-0.006000
-0.002000
0.000000
0.002000
0.004000
0.006000
0.009000
0.011000
0.012000
0.012000
0.010000
0.008000
0.005000
0.002000
0.000000
-0.002000
-0.003000
-0.005000
-0.006000
-0.008000
-0.009000
-0.010000
-0.011000
-0.012000
-0.012000
-0.013000
-0.014000
-0.014000
-0.015000
-0.016000
-0.017000
-0.017000
-0.017000
-0.018000
-0.018000
-0.019000
-0.019000
-0.019000
-0.020000
-0.021000
-0.022000
-0.024000
-0.025000
-0.027000
-0.029000
-0.031000
-0.033000
-0.035000
-0.037000
-0.040000
-0.042000
-0.044000
-0.049000
-0.052000
-0.048000
-0.040000
-0.033000
-0.026000
-0.019000
-0.014000
-0.007000
0.000000
0.000000
0.001000
0.001000
0.001000
0.002000
0.002000
0.002000
0.002000
0.003000
0.003000
0.004000
0.006000
0.007000
0.008000
0.011000
0.013000
0.017000
0.024000
0.031000
0.036000
0.043000
0.050000
0.058000
0.069000
0.083000
0.099000
0.113000
0.123000
0.130000
0.135000
0.138000
0.141000
0.142000
0.140000
0.135000
0.130000
0.125000
0.119000
0.113000
0.103000
0.090000
0.069000
0.043000
0.029000
0.014000
-0.001000
-0.013000
-0.020000
-0.026000
-0.031000
-0.035000
-0.039000
-0.043000
-0.047000
-0.051000
-0.055000
-0.060000
-0.062000
-0.060000
-0.053000
-0.042000
-0.030000
-0.019000
-0.008000
0.010000
0.043000
0.104000
0.199000
0.344000
0.553000
0.833000
1.147000
1.411000
1.543000
1.496000
1.272000
0.928000
0.550000
0.229000
0.023000
-0.039000
-0.060000
-0.072000
-0.079000
-0.104000
-0.126000
-0.133000
-0.137000
-0.138000
-0.137000
-0.133000
-0.128000
-0.124000
-0.121000
-0.118000
-0.116000
-0.113000
-0.111000
-0.109000
-0.106000
-0.103000
-0.098000
-0.091000
-0.082000
-0.074000
-0.069000
-0.064000
-0.061000
-0.059000
-0.056000
-0.055000
-0.053000
-0.051000
-0.048000
-0.045000
-0.041000
-0.034000
-0.020000
-0.004000
0.009000
0.016000
0.019000
0.021000
0.024000
0.027000
0.030000
0.033000
0.037000
0.043000
0.053000
0.062000
0.072000
0.081000
0.084000
0.087000
0.090000
0.089000
0.081000
0.069000
0.055000
0.045000
0.039000
0.035000
0.032000
0.030000
0.029000
0.029000
0.028000
0.028000
0.028000
0.027000
0.027000
