-0.149
-0.113
-0.087
-0.056
-0.025
0.0
0.017
0.034
0.04
0.044
0.047
0.051
0.054
0.056
0.059
0.06
0.062
0.063
0.063
0.065
0.066
0.068
0.069
0.07
0.07
0.069
0.067
0.065
0.063
0.061
0.059
0.057
0.055
0.053
0.051
0.048
0.046
0.043
0.041
0.039
0.038
0.037
0.037
0.035
0.034
0.033
0.033
0.032
0.033
0.035
0.038
0.042
0.046
0.051
0.054
0.056
0.058
0.06
0.062
0.064
0.066
0.068
0.07
0.071
0.071
0.071
0.07
0.068
0.066
0.065
0.065
0.063
0.062
0.061
0.059
0.057
0.054
0.051
0.049
0.045
0.04
0.032
0.022
0.012
0.0
-0.012
-0.026
-0.038
-0.049
-0.054
-0.058
-0.06
-0.061
-0.062
-0.063
-0.063
-0.063
-0.062
-0.062
-0.061
-0.061
-0.061
-0.061
-0.062
-0.063
-0.064
-0.066
-0.069
-0.071
-0.072
-0.074
-0.077
-0.079
-0.082
-0.084
-0.086
-0.087
-0.083
-0.077
-0.069
-0.06
-0.05
-0.038
-0.028
-0.019
-0.01
-0.006
-0.002
0.0
0.002
0.004
0.006
0.008
0.01
0.012
0.013
0.015
0.016
0.016
0.016
0.016
0.015
0.013
0.012
0.01
0.006
-0.016
-0.065
-0.137
-0.237
-0.365
-0.52
-0.694
-0.868
-1.006
-1.06
-0.986
-0.767
-0.435
-0.065
0.251
0.443
0.488
0.411
0.279
0.148
0.054
0.011
0.002
-0.004
-0.008
-0.009
-0.009
-0.009
-0.009
-0.01
-0.012
-0.013
-0.013
-0.014
-0.015
-0.015
-0.017
-0.019
-0.022
-0.026
-0.032
-0.038
-0.045
-0.05
-0.053
-0.056
-0.058
-0.06
-0.062
-0.064
-0.067
-0.069
-0.072
-0.075
-0.079
-0.082
-0.086
-0.091
-0.097
-0.105
-0.119
-0.133
-0.148
-0.162
-0.176
-0.19
-0.203
-0.211
-0.217
-0.221
-0.225
-0.227
-0.229
-0.23
-0.229
-0.226
-0.222
-0.216
-0.208
-0.198
-0.18
-0.168
-0.153
-0.132
-0.109
-0.082
-0.052
-0.023
0.005
0.034
0.061
0.089
0.118
0.146
0.173
0.202
0.225
0.239
0.249
0.258
0.263
0.266
0.268
0.27
0.271
0.272
0.272
0.272
0.273
0.275
0.277
0.281
0.285
0.289
0.295
0.3
0.305
0.31
0.317
0.325
0.333
0.341
0.346
0.348
0.347
0.342
0.335
0.328
0.319
0.311
0.301
0.291
0.282
0.275
0.268
0.261
0.251
0.237
0.222
0.212
0.205
0.199
0.191
0.183
0.173
0.164
0.154
0.145
0.138
0.133
0.13
0.127
0.125
0.124
0.122
