-0.019
-0.02
-0.022
-0.023
-0.024
-0.025
-0.026
-0.026
-0.026
-0.026
-0.025
-0.025
-0.025
-0.025
-0.026
-0.026
-0.026
-0.026
-0.026
-0.026
-0.026
-0.026
-0.026
-0.026
-0.026
-0.026
-0.026
-0.025
-0.025
-0.025
-0.025
-0.025
-0.024
-0.024
-0.023
-0.023
-0.022
-0.022
-0.022
-0.021
-0.021
-0.02
-0.019
-0.018
-0.017
-0.015
-0.013
-0.011
-0.009
-0.006
-0.004
-0.002
0.0
0.003
0.005
0.008
0.01
0.012
0.015
0.017
0.02
0.021
0.021
0.02
0.018
0.016
0.014
0.012
0.01
0.008
0.006
0.003
0.0
-0.001
-0.004
-0.006
-0.009
-0.013
-0.016
-0.019
-0.021
-0.024
-0.027
-0.03
-0.033
-0.037
-0.041
-0.044
-0.048
-0.051
-0.054
-0.056
-0.059
-0.061
-0.064
-0.069
-0.075
-0.078
-0.079
-0.076
-0.069
-0.059
-0.026
0.031
0.11
0.211
0.335
0.474
0.616
0.743
0.837
0.869
0.863
0.799
0.688
0.554
0.417
0.295
0.194
0.115
0.051
0.003
-0.03
-0.041
-0.051
-0.058
-0.067
-0.075
-0.083
-0.089
-0.093
-0.096
-0.099
-0.102
-0.104
-0.106
-0.108
-0.11
-0.112
-0.113
-0.115
-0.116
-0.117
-0.119
-0.121
-0.122
-0.123
-0.124
-0.124
-0.124
-0.123
-0.121
-0.118
-0.116
-0.112
-0.109
-0.106
-0.103
-0.101
-0.097
-0.094
-0.091
-0.087
-0.084
-0.081
-0.077
-0.071
-0.064
-0.053
-0.044
-0.035
-0.028
-0.022
-0.017
-0.011
-0.007
-0.001
0.006
0.017
0.03
0.048
0.071
0.09
0.105
0.119
0.133
0.147
0.16
0.171
0.181
0.188
0.194
0.199
0.203
0.207
0.208
0.207
0.202
0.196
0.188
0.176
0.164
0.148
0.129
0.111
0.094
0.067
0.037
0.005
-0.025
-0.056
-0.074
-0.092
-0.111
-0.12
-0.125
-0.128
-0.131
-0.134
-0.135
-0.136
-0.136
-0.137
-0.136
-0.136
-0.134
-0.133
-0.13
-0.128
-0.126
-0.123
-0.12
-0.115
-0.11
-0.104
-0.1
-0.094
-0.088
-0.08
-0.071
-0.061
-0.055
-0.051
-0.047
-0.043
-0.04
-0.036
-0.032
-0.028
-0.025
-0.022
-0.019
-0.016
-0.014
-0.012
-0.009
-0.008
-0.007
-0.005
-0.004
-0.003
-0.003
-0.002
-0.001
-0.001
0.0
0.0
0.001
0.002
0.003
0.004
0.005
0.006
0.007
0.008
0.008
0.007
0.007
0.006
0.005
0.005
0.004
0.004
0.003
0.002
0.001
0.001
0.001
0.0
0.0
0.0
-0.001
-0.002
-0.002
-0.002
-0.003
-0.004
-0.004
-0.005
-0.005
-0.004
-0.004
-0.004
-0.004
-0.004
-0.003
-0.003
-0.003
-0.003
-0.003
-0.004
-0.004
-0.005
-0.006
-0.006
-0.007
-0.007
-0.007
-0.007
-0.007
-0.006
-0.006
-0.005
-0.005
-0.004
-0.003
-0.002
-0.001
0.0
0.0
0.002
0.004
0.005
0.007
0.009
0.012
0.015
0.018
0.021
0.024
0.026
0.028
0.029
0.03
0.031
0.031
0.032
0.032
0.032
0.032
0.033
0.033
0.034
0.035
0.035
0.035
0.033
0.03
0.026
0.022
0.018
0.014
0.01
0.006
0.002
0.0
-0.004
-0.007
-0.009
-0.011
-0.012
-0.013
-0.014
-0.016
-0.018
-0.02
-0.022
-0.024
-0.025
-0.026
-0.026
-0.027
-0.028
-0.029
-0.03
-0.032
-0.037
-0.04
-0.036
-0.025
0.003
0.055
0.129
0.224
0.341
0.473
0.612
0.745
0.853
0.911
0.917
0.886
0.801
0.686
0.559
0.438
0.332
0.246
0.173
0.113
0.068
0.031
0.008
-0.009
-0.022
-0.036
-0.048
-0.059
-0.063
-0.064
-0.065
-0.065
-0.065
-0.066
-0.066
-0.066
-0.065
-0.065
-0.065
-0.065
-0.064
-0.062
-0.061
-0.059
-0.057
-0.056
-0.054
-0.053
-0.051
-0.05
-0.048
-0.046
-0.044
-0.041
-0.038
-0.035
-0.032
-0.028
-0.023
-0.015
-0.006
0.0
0.005
0.011
0.016
0.022
0.027
0.033
0.039
0.045
0.052
0.058
0.064
0.07
0.079
0.09
0.099
0.109
0.119
0.131
0.147
0.168
0.185
0.198
0.21
0.219
0.227
0.235
0.242
0.247
0.251
0.255
0.257
0.258
0.257
0.254
0.249
0.241
0.228
0.205
0.185
0.163
0.141
0.121
0.106
0.095
0.083
0.072
0.06
0.047
0.036
0.026
0.016
0.005
-0.004
-0.012
-0.019
-0.023
-0.027
-0.03
-0.031
-0.032
-0.032
-0.033
-0.033
-0.034
-0.035
-0.036
-0.036
-0.036
-0.037
-0.037
-0.037
-0.038
-0.038
-0.037
-0.037
-0.036
-0.036
-0.036
-0.035
-0.035
-0.034
-0.034
-0.033
-0.033
-0.033
-0.032
-0.032
-0.031
-0.031
-0.03
-0.03
-0.03
-0.03
-0.03
-0.029
-0.029
-0.029
-0.029
-0.029
-0.028
-0.028
-0.028
-0.028
-0.028
-0.028
-0.028
-0.027
-0.027
-0.028
-0.028
-0.028
-0.028
-0.028
-0.028
-0.029
-0.029
-0.03
-0.031
-0.031
-0.031
-0.032
-0.032
-0.033
-0.034
-0.035
-0.036
-0.037
-0.039
-0.04
-0.041
-0.042
-0.043
-0.046
-0.05
-0.05
-0.05
-0.05
-0.05
-0.05
-0.051
-0.051
-0.052
-0.052
-0.052
-0.053
-0.053
-0.053
-0.054
-0.054
-0.054
-0.054
-0.055
-0.056
-0.057
-0.057
-0.056
-0.053
-0.05
-0.047
-0.046
-0.045
-0.043
-0.042
-0.041
-0.041
-0.041
-0.04
-0.04
-0.039
-0.037
-0.036
-0.034
-0.033
-0.031
-0.029
-0.027
-0.026
-0.024
-0.023
-0.021
-0.02
-0.018
-0.015
-0.013
-0.01
-0.008
-0.006
-0.004
-0.002
0.0
0.0
0.001
0.001
0.0
0.0
-0.001
-0.002
-0.004
-0.007
-0.009
-0.012
-0.015
-0.018
-0.02
-0.022
-0.024
-0.026
-0.028
-0.029
-0.029
-0.03
-0.031
-0.032
-0.033
-0.034
-0.035
-0.036
-0.037
-0.039
-0.039
-0.04
-0.04
-0.04
-0.039
-0.039
-0.039
-0.04
-0.041
-0.043
-0.047
-0.054
-0.045
-0.019
0.032
0.107
0.209
0.339
0.488
0.64
0.779
0.887
0.938
0.941
0.901
0.812
0.7
0.581
0.468
0.372
0.287
0.207
0.136
0.073
0.016
-0.03
-0.055
-0.064
-0.068
-0.072
-0.075
-0.078
-0.08
-0.082
-0.083
-0.084
-0.085
-0.085
-0.085
-0.085
-0.083
-0.082
-0.08
-0.078
-0.077
-0.075
-0.073
-0.071
-0.069
-0.067
-0.065
-0.061
-0.056
-0.051
-0.046
-0.041
-0.036
-0.032
-0.029
-0.027
-0.024
-0.022
-0.02
-0.017
-0.015
-0.013
-0.011
-0.007
-0.004
0.0
0.008
0.017
0.025
0.035
0.047
0.06
0.072
0.084
0.094
0.106
0.126
0.146
0.16
0.172
0.18
0.185
0.19
0.196
0.202
0.208
0.216
0.226
0.234
0.241
0.247
0.253
0.258
0.257
0.252
0.244
0.234
0.22
0.209
0.196
0.179
0.163
0.146
0.126
0.107
0.087
0.067
0.048
0.027
0.014
0.008
0.003
0.0
-0.004
-0.009
-0.014
-0.019
-0.022
-0.024
-0.026
-0.027
-0.029
-0.03
-0.031
-0.032
-0.033
-0.034
-0.035
-0.035
-0.035
-0.035
-0.035
-0.035
-0.035
-0.034
-0.034
-0.034
-0.034
-0.035
-0.035
-0.035
-0.035
-0.034
-0.034
-0.033
-0.033
-0.033
-0.032
-0.032
-0.032
-0.032
-0.032
-0.032
-0.032
-0.032
-0.032
-0.032
-0.031
-0.031
-0.03
-0.03
-0.03
-0.03
-0.03
-0.029
-0.029
-0.029
-0.029
-0.029
-0.029
-0.029
-0.03
-0.03
-0.03
-0.031
-0.032
-0.032
-0.033
-0.034
-0.034
-0.035
-0.036
-0.037
-0.038
-0.039
-0.04
-0.041
-0.043
-0.045
-0.048
-0.052
-0.055
-0.056
-0.057
-0.058
-0.059
-0.059
-0.06
-0.06
-0.061
-0.061
-0.061
-0.061
-0.062
-0.061
-0.061
-0.061
-0.061
-0.06
-0.06
-0.059
-0.059
-0.058
-0.057
-0.056
-0.056
