-0.134
-0.118
-0.102
-0.092
-0.083
-0.071
-0.06
-0.055
-0.051
-0.047
-0.045
-0.041
-0.039
-0.036
-0.035
-0.033
-0.031
-0.029
-0.027
-0.025
-0.024
-0.023
-0.022
-0.02
-0.019
-0.017
-0.016
-0.013
-0.011
-0.007
-0.002
0.008
0.02
0.035
0.043
0.049
0.053
0.056
0.059
0.063
0.067
0.071
0.074
0.078
0.082
0.087
0.093
0.103
0.114
0.124
0.135
0.149
0.168
0.187
0.202
0.213
0.223
0.232
0.24
0.245
0.251
0.255
0.259
0.262
0.263
0.262
0.259
0.254
0.247
0.238
0.22
0.188
0.163
0.144
0.123
0.102
0.081
0.061
0.035
0.004
-0.016
-0.029
-0.042
-0.056
-0.061
-0.063
-0.065
-0.067
-0.068
-0.069
-0.07
-0.071
-0.072
-0.073
-0.074
-0.075
-0.076
-0.077
-0.078
-0.077
-0.077
-0.076
-0.076
-0.075
-0.074
-0.073
-0.072
-0.071
-0.07
-0.071
-0.071
-0.072
-0.072
-0.072
-0.073
-0.073
-0.074
-0.074
-0.074
-0.073
-0.072
-0.071
-0.07
-0.069
-0.068
-0.067
-0.066
-0.065
-0.065
-0.064
-0.064
-0.064
-0.063
-0.063
-0.062
-0.062
-0.061
-0.059
-0.057
-0.054
-0.052
-0.05
-0.048
-0.047
-0.046
-0.046
-0.047
-0.05
-0.053
-0.057
-0.061
-0.065
-0.068
-0.071
-0.073
-0.075
-0.077
-0.078
-0.08
-0.082
-0.084
-0.087
-0.09
-0.093
-0.095
-0.097
-0.099
-0.101
-0.102
-0.102
-0.102
-0.102
-0.101
-0.101
-0.101
-0.102
-0.102
-0.103
-0.103
-0.104
-0.105
-0.105
-0.106
-0.105
-0.104
-0.102
-0.101
-0.099
-0.098
-0.096
-0.094
-0.093
-0.092
-0.092
-0.091
-0.092
-0.092
-0.092
-0.091
-0.09
-0.089
-0.088
-0.086
-0.083
-0.081
-0.078
-0.075
-0.073
-0.071
-0.069
-0.066
-0.064
-0.062
-0.06
-0.058
-0.056
-0.054
-0.052
-0.05
-0.048
-0.047
-0.046
-0.045
-0.044
-0.043
-0.041
-0.04
-0.039
-0.038
-0.036
-0.035
-0.034
-0.033
-0.033
-0.032
-0.031
-0.029
-0.026
-0.024
-0.02
-0.014
-0.007
0.0
0.005
0.011
0.016
0.02
0.023
0.026
0.028
0.031
0.033
0.036
0.038
0.04
0.042
0.044
0.045
0.046
0.045
0.043
0.04
0.037
0.033
0.029
0.025
0.021
0.017
0.013
0.009
0.004
-0.003
-0.01
-0.016
-0.021
-0.024
-0.027
-0.031
-0.037
-0.045
-0.056
-0.071
-0.087
-0.102
-0.103
-0.09
-0.053
0.039
0.173
0.351
0.553
0.753
0.935
1.036
1.046
1.0
0.836
0.615
0.357
0.143
-0.039
