-0.177
-0.169
-0.164
-0.158
-0.154
-0.15
-0.145
-0.138
-0.131
-0.128
-0.126
-0.124
-0.122
-0.12
-0.119
-0.118
-0.117
-0.115
-0.114
-0.113
-0.112
-0.112
-0.113
-0.113
-0.114
-0.115
-0.117
-0.119
-0.121
-0.123
-0.125
-0.126
-0.127
-0.129
-0.13
-0.132
-0.134
-0.136
-0.138
-0.141
-0.144
-0.146
-0.149
-0.15
-0.15
-0.149
-0.147
-0.144
-0.14
-0.135
-0.129
-0.12
-0.102
-0.089
-0.072
-0.049
-0.024
0.0
0.026
0.046
0.058
0.065
0.075
0.087
0.093
0.097
0.101
0.103
0.106
0.107
0.107
0.107
0.107
0.107
0.107
0.107
0.107
0.107
0.107
0.106
0.106
0.105
0.104
0.103
0.102
0.101
0.099
0.097
0.094
0.091
0.087
0.083
0.078
0.07
0.061
0.055
0.049
0.046
0.044
0.043
0.041
0.039
0.037
0.036
0.036
0.036
0.036
0.036
0.036
0.036
0.036
0.036
0.037
0.037
0.037
0.038
0.038
0.039
0.039
0.039
0.039
0.038
0.036
0.035
0.034
0.033
0.031
0.029
0.027
0.025
0.024
0.022
0.019
0.014
0.009
0.005
0.004
0.005
0.008
0.01
0.012
0.014
0.016
0.018
0.021
0.024
0.026
0.026
0.026
0.025
0.025
0.025
0.023
0.021
0.019
0.017
0.016
0.017
0.019
0.02
0.022
0.024
0.025
0.025
0.019
0.01
0.0
-0.011
-0.02
-0.027
-0.036
-0.047
-0.059
-0.088
-0.132
-0.198
-0.285
-0.38
-0.461
-0.496
-0.456
-0.336
-0.157
0.033
0.185
0.244
0.245
0.19
0.113
0.05
0.028
0.02
0.03
0.036
0.039
0.041
0.043
0.044
0.045
0.046
0.046
0.045
0.045
0.045
0.043
0.041
0.038
0.036
0.034
0.032
0.031
0.031
0.03
0.029
0.028
0.028
0.027
0.026
0.025
0.023
0.022
0.02
0.02
0.019
0.018
0.017
0.015
0.013
0.01
0.004
-0.009
-0.016
-0.022
-0.03
-0.042
-0.057
-0.082
-0.104
-0.12
-0.126
-0.128
-0.131
-0.133
-0.134
-0.129
-0.118
-0.102
-0.078
-0.054
-0.033
-0.017
-0.005
0.009
0.028
0.052
0.071
0.086
0.097
0.108
0.119
0.131
0.14
0.148
0.154
0.158
0.162
0.163
0.165
0.166
0.167
0.168
0.169
0.17
0.17
0.171
0.172
0.172
0.172
0.172
0.172
0.171
0.17
0.169
0.168
0.167
0.166
0.164
0.163
0.162
0.16
0.158
0.157
0.155
0.154
0.152
0.15
0.148
0.146
0.144
0.142
0.14
