0.017
0.018
0.021
0.023
0.026
0.027
0.029
0.03
0.031
0.032
0.034
0.035
0.035
0.036
0.037
0.039
0.041
0.043
0.045
0.046
0.047
0.048
0.051
0.054
0.056
0.059
0.063
0.067
0.073
0.079
0.085
0.089
0.094
0.099
0.106
0.115
0.123
0.129
0.134
0.139
0.145
0.151
0.157
0.164
0.172
0.18
0.19
0.199
0.216
0.234
0.241
0.245
0.248
0.25
0.251
0.252
0.251
0.249
0.245
0.241
0.236
0.23
0.221
0.21
0.197
0.176
0.151
0.133
0.119
0.107
0.094
0.073
0.049
0.026
0.007
-0.006
-0.022
-0.027
-0.03
-0.032
-0.034
-0.036
-0.038
-0.04
-0.041
-0.043
-0.045
-0.046
-0.047
-0.048
-0.048
-0.048
-0.047
-0.047
-0.047
-0.048
-0.048
-0.048
-0.049
-0.048
-0.048
-0.048
-0.047
-0.046
-0.045
-0.045
-0.044
-0.044
-0.043
-0.043
-0.043
-0.043
-0.044
-0.043
-0.043
-0.042
-0.04
-0.04
-0.039
-0.037
-0.036
-0.036
-0.036
-0.036
-0.036
-0.036
-0.035
-0.032
-0.03
-0.029
-0.029
-0.029
-0.031
-0.032
-0.033
-0.036
-0.04
-0.045
-0.048
-0.047
-0.043
-0.039
-0.038
-0.037
-0.035
-0.033
-0.03
-0.027
-0.025
-0.023
-0.023
-0.023
-0.023
-0.023
-0.025
-0.027
-0.028
-0.03
-0.032
-0.033
-0.034
-0.034
-0.034
-0.035
-0.038
-0.041
-0.044
-0.044
-0.042
-0.039
-0.036
-0.035
-0.034
-0.033
-0.031
-0.028
-0.026
-0.024
-0.022
-0.02
-0.019
-0.017
-0.015
-0.013
-0.012
-0.011
-0.01
-0.007
-0.004
-0.001
0.0
0.002
0.003
0.004
0.004
0.004
0.003
0.0
-0.002
-0.006
-0.009
-0.012
-0.014
-0.015
-0.017
-0.02
-0.022
-0.024
-0.025
-0.027
-0.028
-0.03
-0.032
-0.034
-0.036
-0.037
-0.037
-0.036
-0.036
-0.035
-0.034
-0.032
-0.03
-0.028
-0.025
-0.023
-0.02
-0.015
-0.01
0.014
0.061
0.128
0.217
0.324
0.448
0.584
0.716
0.81
0.822
0.789
0.659
0.482
0.298
0.153
0.062
0.027
0.017
0.006
-0.004
-0.024
-0.046
-0.053
-0.057
-0.059
-0.061
-0.062
-0.062
-0.061
-0.06
-0.058
-0.055
-0.052
-0.05
-0.048
-0.046
-0.043
-0.041
-0.039
-0.037
-0.034
-0.032
-0.029
-0.026
-0.024
-0.021
-0.019
-0.017
-0.015
-0.014
-0.013
-0.012
-0.01
-0.007
-0.004
-0.001
0.001
0.004
0.007
0.009
0.012
0.014
0.017
0.021
0.03
0.046
0.057
0.065
0.07
0.075
0.08
0.086
