0.064
0.073
0.081
0.088
0.095
0.103
0.113
0.124
0.132
0.138
0.144
0.15
0.156
0.161
0.165
0.168
0.17
0.171
0.168
0.165
0.16
0.153
0.143
0.132
0.121
0.11
0.101
0.089
0.073
0.058
0.042
0.024
0.007
-0.01
-0.026
-0.039
-0.048
-0.059
-0.067
-0.074
-0.078
-0.078
-0.078
-0.078
-0.078
-0.078
-0.078
-0.079
-0.079
-0.079
-0.08
-0.08
-0.08
-0.079
-0.079
-0.077
-0.076
-0.073
-0.071
-0.069
-0.066
-0.064
-0.061
-0.053
-0.044
-0.039
-0.035
-0.033
-0.03
-0.029
-0.029
-0.03
-0.032
-0.035
-0.037
-0.04
-0.043
-0.047
-0.05
-0.051
-0.05
-0.047
-0.044
-0.041
-0.038
-0.035
-0.033
-0.033
-0.034
-0.034
-0.034
-0.034
-0.035
-0.035
-0.035
-0.035
-0.036
-0.036
-0.037
-0.037
-0.037
-0.036
-0.035
-0.034
-0.033
-0.032
-0.03
-0.029
-0.028
-0.027
-0.026
-0.026
-0.026
-0.026
-0.026
-0.026
-0.026
-0.026
-0.026
-0.026
-0.026
-0.026
-0.026
-0.026
-0.026
-0.026
-0.026
-0.027
-0.027
-0.027
-0.027
-0.027
-0.026
-0.025
-0.024
-0.023
-0.021
-0.019
-0.017
-0.016
-0.014
-0.012
-0.009
-0.003
0.002
0.006
0.01
0.013
0.015
0.017
0.019
0.021
0.022
0.022
0.02
0.018
0.015
0.011
0.007
0.001
-0.009
-0.019
-0.029
-0.038
-0.044
-0.047
-0.05
-0.052
-0.053
-0.053
-0.052
-0.049
-0.047
-0.045
-0.043
-0.042
-0.04
-0.038
-0.037
-0.036
-0.036
-0.037
-0.038
-0.04
-0.042
-0.045
-0.049
-0.057
-0.073
-0.087
-0.095
-0.096
-0.091
-0.078
-0.029
0.054
0.174
0.328
0.503
0.68
0.829
0.909
0.911
0.844
0.68
0.47
0.252
0.06
-0.081
-0.17
-0.205
-0.218
-0.218
-0.206
-0.187
-0.166
-0.151
-0.14
-0.13
-0.126
-0.123
-0.121
-0.119
-0.117
-0.115
-0.113
-0.111
-0.11
-0.108
-0.107
-0.105
-0.102
-0.099
-0.092
-0.085
-0.078
-0.074
-0.072
-0.07
-0.069
-0.067
-0.066
-0.065
-0.063
-0.061
-0.06
-0.058
-0.057
-0.055
-0.053
-0.051
-0.048
-0.042
-0.036
-0.031
-0.025
-0.019
-0.011
-0.004
0.002
0.008
0.013
0.019
0.024
0.031
0.039
0.05
0.062
0.074
0.087
0.097
0.108
0.119
0.13
0.141
0.152
0.164
0.171
0.175
0.179
0.182
0.184
0.184
0.182
0.179
0.175
0.169
0.162
0.149
0.136
0.123
0.11
0.094
0.078
0.062
0.047
0.036
0.027
0.019
0.012
0.006
0.0
-0.005
-0.011
-0.018
-0.025
-0.029
-0.031
-0.034
-0.036
-0.039
-0.041
-0.043
-0.045
-0.046
-0.047
-0.047
-0.047
-0.046
-0.045
-0.043
-0.042
-0.04
-0.039
-0.037
-0.036
-0.036
-0.035
-0.035
-0.034
-0.033
-0.032
-0.031
-0.03
-0.028
-0.027
-0.026
-0.025
-0.024
-0.024
-0.025
-0.026
-0.027
-0.029
-0.031
-0.033
-0.035
-0.037
-0.038
-0.04
-0.04
-0.041
-0.041
-0.041
-0.041
-0.042
-0.042
-0.042
-0.042
-0.042
-0.043
-0.044
-0.045
-0.045
-0.045
-0.046
-0.046
-0.046
-0.046
-0.046
-0.046
-0.045
-0.045
-0.046
-0.046
-0.047
-0.047
-0.047
-0.047
-0.048
-0.048
-0.048
-0.047
-0.047
-0.046
-0.045
-0.043
-0.042
-0.041
-0.04
-0.039
-0.038
-0.037
-0.035
-0.034
-0.033
-0.031
-0.029
-0.027
-0.02
-0.012
-0.002
0.007
0.014
0.019
0.025
0.029
0.032
0.033
0.032
0.029
0.026
0.023
0.019
0.016
0.011
0.006
0.001
-0.004
-0.009
-0.015
-0.021
-0.027
-0.033
-0.037
-0.04
-0.042
-0.044
-0.045
-0.046
-0.046
-0.047
-0.047
-0.048
-0.048
-0.048
-0.049
-0.05
-0.051
-0.052
-0.052
-0.053
-0.053
-0.054
-0.054
-0.056
-0.058
-0.06
-0.062
-0.068
-0.078
-0.071
-0.051
0.001
0.085
0.202
0.351
0.523
0.698
0.851
0.945
0.954
0.905
0.756
0.55
0.325
0.114
-0.05
-0.156
-0.195
-0.208
-0.199
-0.183
-0.162
-0.142
-0.127
-0.12
-0.115
-0.112
-0.11
-0.106
-0.101
-0.094
-0.087
-0.084
-0.081
-0.078
-0.075
-0.074
-0.072
-0.071
-0.069
-0.067
-0.064
-0.062
-0.061
-0.059
-0.059
-0.057
-0.056
-0.055
-0.053
-0.051
-0.048
-0.044
-0.039
-0.034
-0.029
-0.024
-0.02
-0.016
-0.012
-0.008
-0.004
0.0
0.003
0.008
0.012
0.018
0.026
0.034
0.04
0.046
0.055
0.067
0.078
0.088
0.097
0.106
0.115
0.124
0.133
0.142
0.152
0.161
0.171
0.177
0.182
0.185
0.187
0.19
0.191
0.192
0.191
0.187
0.182
0.175
0.166
0.151
0.138
0.126
0.113
0.098
0.083
0.069
0.057
0.047
0.038
0.029
0.018
0.01
0.002
-0.003
-0.008
-0.012
-0.015
-0.016
-0.017
-0.018
-0.018
-0.019
-0.02
-0.02
-0.021
-0.021
-0.021
-0.021
-0.021
-0.021
-0.02
-0.02
-0.019
-0.018
-0.017
-0.017
-0.016
-0.016
-0.015
-0.015
-0.015
-0.015
-0.014
-0.014
-0.014
-0.014
-0.015
-0.015
-0.015
-0.015
-0.015
-0.015
