0.104
0.105
0.107
0.109
0.112
0.114
0.116
0.118
0.12
0.121
0.123
0.125
0.126
0.127
0.128
0.129
0.132
0.134
0.137
0.138
0.136
0.133
0.129
0.125
0.123
0.12
0.117
0.114
0.111
0.107
0.103
0.1
0.096
0.093
0.089
0.086
0.082
0.077
0.071
0.067
0.067
0.07
0.074
0.078
0.08
0.082
0.084
0.086
0.088
0.09
0.092
0.095
0.098
0.1
0.103
0.105
0.108
0.111
0.115
0.122
0.128
0.133
0.138
0.141
0.143
0.145
0.148
0.149
0.151
0.151
0.152
0.153
0.153
0.153
0.153
0.152
0.151
0.149
0.148
0.146
0.143
0.139
0.135
0.126
0.105
0.07
0.025
-0.032
-0.101
-0.177
-0.253
-0.321
-0.367
-0.373
-0.354
-0.271
-0.137
0.03
0.202
0.344
0.432
0.459
0.46
0.435
0.392
0.341
0.287
0.227
0.173
0.143
0.135
0.13
0.127
0.122
0.118
0.114
0.11
0.106
0.099
0.089
0.079
0.069
0.066
0.064
0.062
0.06
0.058
0.056
0.055
0.055
0.054
0.053
0.053
0.052
0.051
0.051
0.05
0.049
0.048
0.048
0.047
0.047
0.047
0.046
0.046
0.045
0.044
0.043
0.041
0.039
0.037
0.034
0.032
0.029
0.026
0.023
0.021
0.018
0.014
0.011
0.007
0.002
-0.004
-0.009
-0.014
-0.019
-0.023
-0.027
-0.03
-0.035
-0.039
-0.044
-0.05
-0.057
-0.064
-0.072
-0.08
-0.088
-0.093
-0.098
-0.102
-0.106
-0.11
-0.114
-0.117
-0.121
-0.125
-0.129
-0.133
-0.138
-0.142
-0.146
-0.15
-0.153
-0.156
-0.159
-0.161
-0.163
-0.164
-0.166
-0.167
-0.169
-0.17
-0.171
-0.173
-0.174
-0.174
-0.175
-0.175
-0.173
-0.172
-0.169
-0.167
-0.164
-0.161
-0.158
-0.154
-0.151
-0.147
-0.141
-0.134
-0.128
-0.122
-0.116
-0.111
-0.106
-0.102
-0.097
-0.093
-0.088
-0.083
-0.077
-0.072
-0.066
-0.061
-0.055
-0.049
-0.043
-0.039
-0.035
-0.032
-0.028
-0.025
-0.022
-0.019
-0.016
-0.013
-0.01
-0.006
-0.002
0.0
0.002
0.003
0.005
0.006
0.008
0.011
0.012
0.014
0.016
0.018
0.02
0.022
0.024
0.025
0.026
0.027
0.028
0.03
0.032
0.033
0.034
0.036
0.037
0.039
0.041
0.043
0.046
0.048
0.051
0.053
0.056
0.058
0.061
0.063
0.064
0.065
0.066
0.065
0.065
0.064
0.062
0.061
0.059
0.057
0.056
0.054
0.053
0.051
0.049
0.047
0.044
0.042
0.039
0.037
0.034
0.031
0.029
0.026
0.024
0.023
0.021
0.02
0.018
0.016
0.014
0.011
0.009
0.005
0.001
-0.001
-0.005
-0.009
-0.013
-0.017
-0.021
-0.024
-0.027
-0.029
-0.03
-0.032
-0.033
-0.034
-0.036
-0.037
-0.038
-0.04
-0.042
-0.044
-0.046
-0.047
-0.049
-0.05
-0.051
-0.052
-0.053
-0.054
-0.056
-0.058
-0.06
-0.063
-0.066
-0.07
-0.073
-0.075
-0.077
-0.078
-0.078
-0.077
-0.075
-0.072
-0.068
-0.064
-0.059
-0.053
-0.044
-0.034
-0.027
-0.02
-0.013
-0.007
-0.001
0.006
0.015
0.025
0.035
0.046
0.055
0.058
0.06
0.061
0.062
0.062
0.063
0.063
0.064
0.064
0.064
0.064
0.065
0.065
0.065
0.065
0.064
0.063
0.061
0.059
0.057
0.054
0.051
0.047
0.042
0.037
0.024
-0.006
-0.061
-0.13
-0.212
-0.301
-0.386
-0.453
-0.481
-0.475
-0.42
-0.303
-0.151
0.012
0.164
0.288
0.372
0.394
0.401
0.387
0.346
0.302
0.255
0.203
0.155
0.12
0.1
0.091
0.084
0.078
0.074
0.071
0.068
0.064
0.061
0.058
0.056
0.054
0.053
0.052
0.051
0.051
0.05
0.05
0.05
0.049
0.049
0.048
0.048
0.047
0.047
0.046
0.046
0.045
0.044
0.043
0.043
0.043
0.042
0.042
0.041
0.04
0.039
0.039
0.038
0.037
0.036
0.034
0.033
0.032
0.031
0.029
0.027
0.025
0.022
0.02
0.018
0.016
0.014
0.011
0.007
0.004
0.001
-0.001
-0.005
-0.009
-0.014
-0.019
-0.023
-0.027
-0.03
-0.033
-0.037
-0.041
-0.047
-0.056
-0.065
-0.077
-0.084
-0.09
-0.095
-0.1
-0.104
-0.107
-0.11
-0.113
-0.117
-0.122
-0.13
-0.136
-0.141
-0.145
-0.148
-0.151
-0.153
-0.152
-0.147
-0.14
-0.132
-0.123
-0.113
-0.103
-0.095
-0.087
-0.081
-0.076
-0.072
-0.068
-0.064
-0.06
-0.056
-0.053
-0.05
-0.047
-0.045
-0.042
-0.04
-0.037
-0.035
-0.034
-0.032
-0.03
-0.028
-0.025
-0.022
-0.019
-0.016
-0.013
-0.009
-0.004
0.0
0.005
0.01
0.015
0.019
0.022
0.025
0.029
0.032
0.035
0.038
0.04
0.043
0.045
0.048
0.05
0.051
0.052
0.053
0.054
0.054
0.055
0.055
0.056
0.057
0.058
0.059
0.059
0.06
0.06
0.061
0.06
0.06
0.059
0.058
0.056
0.055
0.054
0.053
0.052
0.051
0.051
0.05
0.05
0.05
0.05
0.05
0.049
0.048
0.048
0.05
0.054
0.058
0.062
0.064
0.066
0.067
0.069
0.07
0.072
0.072
0.072
0.072
0.072
0.072
0.072
0.072
0.072
0.072
0.072
0.073
0.074
0.075
0.076
0.076
0.077
0.078
0.078
0.079
0.08
0.08
0.081
0.082
0.083
0.085
0.087
0.089
0.091
0.092
0.094
0.095
0.096
0.097
0.098
0.098
0.097
0.097
0.096
0.096
0.095
0.094
0.093
0.091
0.09
0.089
0.087
0.085
0.082
0.08
0.077
0.073
0.066
0.057
0.049
0.04
0.033
0.025
0.018
0.011
0.005
0.0
-0.003
-0.007
-0.01
-0.014
-0.018
-0.02
-0.019
-0.016
-0.012
-0.008
-0.005
-0.003
0.0
0.002
0.005
0.009
0.012
0.015
0.017
0.02
0.023
0.025
0.027
0.028
0.029
0.03
0.032
0.035
0.037
0.04
0.042
0.044
0.046
0.047
0.048
0.048
0.047
0.046
0.044
0.043
0.042
0.04
0.037
0.035
0.031
0.027
0.023
-0.003
-0.042
-0.096
-0.165
-0.249
-0.342
-0.432
-0.505
-0.533
-0.527
-0.471
-0.357
-0.207
-0.037
0.126
0.263
0.355
0.383
0.38
0.339
0.282
0.221
0.166
0.117
0.071
0.029
-0.007
-0.024
-0.031
-0.034
-0.037
-0.038
-0.041
-0.044
-0.047
-0.051
-0.054
-0.057
-0.059
-0.061
-0.063
-0.065
-0.067
-0.069
-0.072
-0.074
-0.076
-0.078
-0.079
-0.08
-0.081
-0.081
-0.082
-0.083
-0.085
-0.086
-0.087
-0.088
-0.089
-0.089
-0.09
-0.09
-0.09
-0.09
-0.09
-0.09
-0.091
-0.091
-0.092
-0.092
-0.093
-0.092
-0.092
-0.092
-0.092
-0.092
-0.092
-0.092
-0.093
-0.094
-0.096
-0.099
-0.102
-0.105
-0.108
-0.112
-0.116
-0.12
-0.124
-0.127
-0.13
-0.134
-0.137
-0.14
-0.144
-0.147
-0.15
-0.153
-0.156
-0.159
-0.162
-0.165
-0.17
-0.175
-0.178
-0.179
-0.181
-0.182
-0.184
-0.186
-0.185
-0.181
-0.176
-0.171
-0.165
-0.158
-0.152
-0.144
-0.132
-0.112
-0.098
-0.09
-0.084
-0.077
-0.072
-0.067
-0.064
-0.061
-0.058
-0.055
-0.052
-0.049
-0.047
-0.045
-0.043
-0.041
-0.04
-0.039
-0.037
-0.036
-0.034
-0.032
-0.03
-0.027
-0.025
-0.023
-0.021
-0.019
-0.017
-0.014
-0.012
-0.009
-0.006
-0.003
0.0
0.002
0.005
0.008
0.011
0.013
0.016
0.018
0.02
0.021
0.023
0.025
0.027
0.029
0.031
0.033
0.036
0.038
0.04
0.042
0.044
0.045
0.046
0.047
0.048
0.049
0.05
0.051
0.052
0.054
0.055
0.057
0.059
0.061
0.063
0.065
0.066
0.067
0.069
0.07
0.071
0.073
0.075
0.077
0.079
0.082
0.084
0.086
0.087
0.089
0.09
0.092
0.093
0.094
0.096
0.098
0.099
0.099
0.097
0.093
0.089
0.083
0.075
0.07
0.066
0.063
0.059
0.057
0.058
0.061
0.062
0.064
0.065
0.067
0.068
0.069
0.068
0.067
0.066
0.064
0.062
0.06
0.058
0.059
0.061
0.064
0.066
0.068
0.071
0.076
0.081
0.086
0.092
0.097
0.101
0.104
0.107
0.111
0.113
0.109
0.1
0.09
0.077
0.066
0.059
0.055
0.052
0.049
0.047
0.044
0.041
0.039
0.038
0.036
0.035
0.033
0.031
0.028
0.027
0.027
0.029
0.032
0.035
0.038
0.041
0.043
0.045
0.048
0.052
0.055
0.058
0.061
0.064
0.067
0.071
0.078
0.09
0.095
0.098
0.099
0.101
0.102
0.103
0.104
0.105
0.105
0.105
0.105
0.105
0.105
0.105
0.104
0.103
0.101
0.1
0.099
0.098
0.096
0.095
0.092
0.088
0.079
0.067
0.036
-0.011
-0.076
-0.155
-0.241
-0.327
-0.4
-0.439
-0.439
-0.4
-0.298
-0.153
0.016
0.184
0.325
0.426
0.473
0.479
0.46
0.413
0.359
0.302
0.244
0.195
0.155
0.125
0.107
0.095
0.089
0.084
0.079
0.074
0.069
0.063
0.055
0.047
0.039
0.036
0.034
0.033
0.032
0.03
0.029
0.028
0.028
0.027
0.026
0.025
0.023
0.021
0.02
0.019
0.018
0.017
0.016
0.014
0.012
0.01
0.007
0.003
0.0
-0.003
-0.006
-0.008
-0.01
-0.013
-0.015
-0.017
-0.02
-0.023
-0.027
-0.031
-0.035
-0.038
-0.041
-0.044
-0.047
-0.049
-0.051
-0.053
-0.055
-0.056
-0.057
-0.058
-0.059
-0.062
-0.067
-0.08
-0.089
-0.094
-0.097
-0.101
-0.104
-0.107
-0.11
-0.113
-0.115
-0.118
-0.121
-0.126
-0.132
-0.136
-0.139
-0.142
-0.146
-0.149
-0.151
-0.153
-0.154
-0.154
-0.154
-0.153
-0.152
-0.149
-0.146
-0.142
-0.138
-0.133
-0.126
-0.118
-0.111
-0.103
-0.095
-0.086
-0.076
-0.064
-0.059
-0.056
-0.054
-0.051
-0.05
-0.048
-0.047
-0.046
-0.045
-0.044
-0.043
-0.042
-0.041
-0.041
-0.04
-0.038
-0.037
-0.036
-0.036
-0.035
-0.035
-0.034
-0.032
-0.031
-0.029
-0.028
-0.027
-0.025
-0.024
-0.021
-0.019
-0.017
-0.015
-0.013
-0.011
-0.009
-0.007
