-0.01
-0.009
-0.008
-0.007
-0.006
-0.005
-0.004
-0.003
-0.002
-0.001
-0.001
-0.001
-0.001
-0.001
0.0
0.0
0.001
0.002
0.002
0.003
0.004
0.004
0.005
0.007
0.008
0.009
0.01
0.013
0.015
0.019
0.023
0.027
0.033
0.039
0.05
0.074
0.083
0.087
0.09
0.092
0.094
0.096
0.097
0.098
0.098
0.097
0.094
0.091
0.087
0.082
0.077
0.07
0.062
0.048
0.039
0.033
0.03
0.029
0.028
0.028
0.027
0.026
0.026
0.024
0.023
0.021
0.019
0.016
0.014
0.013
0.012
0.01
0.008
0.005
0.001
-0.006
-0.014
-0.018
-0.016
-0.01
0.0
0.032
0.097
0.199
0.338
0.511
0.704
0.898
1.066
1.157
1.158
1.071
0.875
0.628
0.387
0.199
0.07
-0.008
-0.029
-0.035
-0.039
-0.038
-0.026
-0.015
-0.004
0.001
-0.003
-0.013
-0.019
-0.025
-0.03
-0.034
-0.036
-0.035
-0.032
-0.028
-0.024
-0.019
-0.013
-0.008
-0.006
-0.009
-0.012
-0.016
-0.021
-0.024
-0.018
-0.006
0.008
0.024
0.036
0.042
0.046
0.049
0.051
0.055
0.058
0.061
0.065
0.068
0.071
0.076
0.08
0.086
0.095
0.104
0.113
0.12
0.125
0.129
0.133
0.137
0.14
0.143
0.145
0.148
0.15
0.151
0.153
0.154
0.155
0.155
0.155
0.154
0.153
0.152
0.15
0.148
0.146
0.143
0.139
0.135
0.129
0.123
0.108
0.076
0.047
0.018
-0.008
-0.037
-0.053
-0.061
-0.068
-0.073
-0.075
-0.076
-0.075
-0.074
-0.073
-0.071
-0.069
-0.065
-0.062
-0.06
-0.061
-0.065
-0.07
-0.072
-0.076
-0.079
-0.083
-0.086
-0.088
-0.087
-0.084
-0.079
-0.074
-0.069
-0.066
-0.062
-0.059
-0.056
-0.054
-0.052
-0.051
-0.05
-0.05
-0.049
-0.049
-0.048
-0.047
-0.045
-0.044
-0.042
-0.04
-0.039
-0.038
-0.037
-0.037
-0.038
-0.039
-0.039
-0.039
-0.038
-0.038
-0.037
-0.035
-0.033
-0.031
-0.029
-0.029
-0.029
-0.03
-0.031
-0.032
-0.033
-0.034
-0.036
-0.037
-0.038
-0.039
-0.039
-0.039
-0.041
-0.042
-0.043
-0.042
-0.037
-0.03
-0.024
-0.02
-0.015
-0.01
-0.006
-0.003
-0.002
-0.003
-0.006
-0.012
-0.018
-0.026
-0.034
-0.047
-0.056
-0.059
-0.061
-0.063
-0.066
-0.068
-0.059
-0.043
-0.035
-0.028
-0.022
-0.018
-0.014
-0.012
-0.011
-0.013
-0.016
-0.022
-0.028
-0.034
-0.038
-0.042
-0.047
-0.053
-0.057
-0.059
-0.059
-0.056
