0.16
0.063
-0.038
-0.126
-0.154
-0.149
-0.099
-0.048
-0.03
-0.024
-0.019
-0.019
-0.022
-0.024
-0.024
-0.025
-0.025
-0.025
-0.025
-0.025
-0.025
-0.026
-0.026
-0.025
-0.024
-0.023
-0.022
-0.021
-0.02
-0.02
-0.019
-0.018
-0.018
-0.017
-0.017
-0.018
-0.019
-0.02
-0.021
-0.023
-0.024
-0.026
-0.026
-0.027
-0.027
-0.028
-0.029
-0.03
-0.03
-0.031
-0.031
-0.031
-0.032
-0.032
-0.033
-0.033
-0.034
-0.034
-0.034
-0.035
-0.035
-0.036
-0.036
-0.036
-0.037
-0.038
-0.039
-0.04
-0.041
-0.041
-0.04
-0.037
-0.034
-0.031
-0.03
-0.029
-0.027
-0.026
-0.025
-0.024
-0.023
-0.022
-0.021
-0.02
-0.019
-0.017
-0.016
-0.015
-0.013
-0.012
-0.009
-0.008
-0.006
-0.004
-0.002
0.0
0.003
0.007
0.01
0.012
0.012
0.011
0.009
0.007
0.003
0.0
-0.004
-0.01
-0.021
-0.025
-0.027
-0.027
-0.028
-0.028
-0.028
-0.029
-0.03
-0.03
-0.031
-0.031
-0.031
-0.032
-0.032
-0.032
-0.032
-0.031
-0.031
-0.03
-0.029
-0.028
-0.027
-0.026
-0.024
-0.022
-0.02
-0.018
-0.016
-0.012
-0.004
0.001
0.004
0.006
0.008
0.009
0.01
0.012
0.013
0.014
0.015
0.016
0.017
0.018
0.018
0.019
0.019
0.019
0.02
0.02
0.02
0.02
0.021
0.022
0.022
0.023
0.024
0.025
0.025
0.025
0.025
0.024
0.022
0.02
0.019
0.017
0.016
0.014
0.013
0.012
0.012
0.012
0.012
0.012
0.013
0.014
0.015
0.017
0.018
0.019
0.021
0.021
0.023
0.026
0.027
0.029
0.028
0.026
0.023
0.02
0.019
0.018
0.017
0.015
0.014
0.013
0.011
0.01
0.01
0.01
0.011
0.011
0.012
0.012
0.013
0.013
0.014
0.014
0.015
0.015
0.015
0.016
0.017
0.018
0.019
0.02
0.02
0.019
0.019
0.018
0.017
0.016
0.015
0.014
0.014
0.015
0.016
0.017
0.016
0.008
0.005
0.003
0.001
0.0
-0.001
-0.003
-0.005
-0.006
-0.007
-0.007
-0.008
-0.008
-0.008
-0.007
-0.007
-0.006
-0.005
-0.004
-0.002
-0.001
0.0
0.002
0.004
0.006
0.01
0.015
0.02
0.025
0.03
0.035
0.041
0.045
0.045
0.042
0.037
0.034
0.03
0.027
0.023
0.02
0.017
0.014
0.011
0.009
0.006
0.004
0.003
0.002
0.002
0.002
0.002
0.002
0.002
0.003
0.004
0.005
0.006
0.007
0.007
0.007
0.007
0.006
0.006
