-0.017
-0.017
-0.016
-0.015
-0.014
-0.014
-0.013
-0.013
-0.012
-0.012
-0.012
-0.012
-0.012
-0.012
-0.012
-0.013
-0.013
-0.013
-0.013
-0.013
-0.013
-0.012
-0.012
-0.012
-0.011
-0.011
-0.011
-0.011
-0.011
-0.011
-0.011
-0.012
-0.012
-0.013
-0.013
-0.014
-0.013
-0.013
-0.012
-0.012
-0.011
-0.011
-0.01
-0.009
-0.009
-0.008
-0.007
-0.007
-0.006
-0.006
-0.005
-0.002
0.0
0.003
0.006
0.009
0.012
0.016
0.021
0.029
0.041
0.048
0.054
0.058
0.06
0.06
0.058
0.055
0.051
0.044
0.03
0.016
0.001
-0.007
-0.01
-0.014
-0.016
-0.018
-0.02
-0.022
-0.023
-0.023
-0.024
-0.025
-0.025
-0.026
-0.026
-0.027
-0.029
-0.03
-0.031
-0.029
-0.025
-0.022
-0.018
-0.015
-0.011
-0.007
-0.004
0.0
0.019
0.054
0.112
0.192
0.292
0.398
0.494
0.535
0.527
0.442
0.275
0.079
-0.098
-0.223
-0.258
-0.255
-0.204
-0.148
-0.111
-0.096
-0.087
-0.08
-0.072
-0.065
-0.057
-0.047
-0.042
-0.039
-0.037
-0.036
-0.034
-0.034
-0.033
-0.033
-0.032
-0.032
-0.031
-0.03
-0.029
-0.028
-0.028
-0.027
-0.026
-0.025
-0.024
-0.024
-0.023
-0.022
-0.02
-0.017
-0.014
-0.011
-0.009
-0.007
-0.006
-0.005
-0.003
-0.002
-0.001
0.0
0.001
0.002
0.004
0.007
0.01
0.014
0.021
0.029
0.037
0.043
0.048
0.051
0.054
0.055
0.057
0.058
0.058
0.059
0.058
0.057
0.055
0.052
0.05
0.046
0.042
0.037
0.033
0.029
0.024
0.018
0.013
0.007
0.002
0.0
-0.003
-0.006
-0.01
-0.014
-0.017
-0.019
-0.02
-0.021
-0.022
-0.023
-0.024
-0.025
-0.026
-0.027
-0.028
-0.03
-0.031
-0.032
-0.032
-0.032
-0.032
-0.032
-0.032
-0.033
-0.033
-0.033
-0.034
-0.035
-0.036
-0.036
-0.037
-0.036
-0.036
-0.035
-0.033
-0.031
-0.029
-0.027
-0.025
-0.023
-0.021
-0.019
-0.017
-0.017
-0.017
-0.018
-0.019
-0.021
-0.023
-0.024
-0.024
-0.025
-0.026
-0.027
-0.028
-0.028
-0.028
-0.028
-0.028
-0.029
-0.029
-0.029
-0.03
-0.03
-0.03
-0.03
-0.03
-0.03
-0.03
-0.03
-0.029
-0.029
-0.028
-0.028
-0.027
-0.027
-0.028
-0.028
-0.028
-0.028
-0.028
-0.027
-0.027
-0.026
-0.025
-0.024
-0.023
-0.021
-0.02
-0.019
-0.017
-0.016
-0.014
-0.005
0.002
0.011
0.019
0.025
0.029
0.032
0.035
0.037
0.037
0.036
0.034
0.03
0.026
