-0.409
-0.422
-0.432
-0.441
-0.45
-0.458
-0.463
-0.465
-0.463
-0.457
-0.448
-0.435
-0.42
-0.397
-0.357
-0.317
-0.286
-0.262
-0.24
-0.222
-0.205
-0.182
-0.153
-0.129
-0.098
-0.063
-0.032
0.004
0.04
0.065
0.078
0.083
0.086
0.09
0.093
0.095
0.098
0.1
0.101
0.103
0.106
0.107
0.108
0.108
0.108
0.108
0.108
0.108
0.108
0.107
0.106
0.105
0.104
0.103
0.102
0.101
0.098
0.095
0.093
0.091
0.09
0.088
0.083
0.076
0.071
0.071
0.076
0.085
0.093
0.097
0.099
0.101
0.103
0.106
0.11
0.113
0.116
0.117
0.118
0.12
0.122
0.125
0.127
0.129
0.13
0.131
0.131
0.131
0.132
0.133
0.133
0.134
0.134
0.136
0.138
0.142
0.145
0.149
0.151
0.153
0.154
0.156
0.157
0.158
0.157
0.156
0.155
0.154
0.155
0.156
0.158
0.16
0.161
0.163
0.165
0.167
0.168
0.168
0.168
0.167
0.166
0.165
0.166
0.167
0.168
0.169
0.171
0.173
0.174
0.176
0.177
0.178
0.178
0.178
0.178
0.178
0.179
0.18
0.181
0.183
0.186
0.188
0.191
0.193
0.196
0.198
0.199
0.201
0.202
0.204
0.206
0.208
0.21
0.212
0.213
0.214
0.215
0.216
0.216
0.217
0.216
0.216
0.215
0.215
0.216
0.217
0.217
0.218
0.218
0.217
0.216
0.215
0.214
0.213
0.212
0.212
0.212
0.214
0.217
0.219
0.221
0.221
0.217
0.211
0.207
0.203
0.199
0.194
0.189
0.184
0.18
0.176
0.173
0.17
0.167
0.165
0.163
0.162
0.162
0.161
0.16
0.159
0.158
0.156
0.154
0.152
0.151
0.149
0.148
0.148
0.148
0.149
0.151
0.152
0.155
0.158
0.162
0.165
0.168
0.171
0.173
0.174
0.175
0.177
0.179
0.181
0.183
0.185
0.186
0.187
0.187
0.187
0.186
0.185
0.182
0.179
0.175
0.172
0.169
0.167
0.165
0.164
0.163
0.162
0.162
0.162
0.161
0.16
0.158
0.155
0.152
0.148
0.145
0.142
0.139
0.135
0.13
0.123
0.114
0.092
0.052
-0.006
-0.07
-0.142
-0.216
-0.286
-0.324
-0.352
-0.371
-0.373
-0.358
-0.317
-0.25
-0.172
-0.089
-0.013
0.025
0.04
0.047
0.053
0.058
0.062
0.065
0.066
0.067
0.067
0.068
0.067
0.065
0.062
0.057
0.053
0.048
0.042
0.036
0.028
0.014
0.0
-0.014
-0.029
-0.045
