0.023
0.034
0.041
0.047
0.053
0.058
0.062
0.065
0.067
0.067
0.067
0.064
0.061
0.058
0.053
0.049
0.044
0.037
0.023
0.009
-0.005
-0.012
-0.017
-0.023
-0.029
-0.034
-0.038
-0.041
-0.043
-0.043
-0.044
-0.044
-0.044
-0.043
-0.041
-0.039
-0.037
-0.035
-0.034
-0.031
-0.029
-0.025
-0.016
-0.007
0.003
0.037
0.094
0.179
0.295
0.433
0.582
0.719
0.803
0.804
0.731
0.529
0.261
-0.012
-0.231
-0.366
-0.388
-0.379
-0.311
-0.24
-0.183
-0.152
-0.122
-0.092
-0.067
-0.049
-0.032
-0.026
-0.022
-0.019
-0.016
-0.015
-0.013
-0.012
-0.01
-0.009
-0.008
-0.008
-0.007
-0.006
-0.006
-0.005
-0.003
-0.002
-0.001
0.0
0.001
0.003
0.004
0.006
0.007
0.007
0.008
0.009
0.011
0.013
0.015
0.017
0.022
0.028
0.035
0.042
0.049
0.057
0.065
0.073
0.082
0.09
0.097
0.105
0.115
0.127
0.14
0.154
0.167
0.178
0.188
0.199
0.21
0.221
0.231
0.241
0.249
0.257
0.263
0.27
0.275
0.279
0.279
0.276
0.27
0.262
0.247
0.223
0.2
0.175
0.151
0.124
0.095
0.066
0.037
0.009
-0.016
-0.042
-0.064
-0.08
-0.097
-0.109
-0.118
-0.124
-0.129
-0.132
-0.135
-0.137
-0.139
-0.141
-0.143
-0.145
-0.146
-0.147
-0.148
-0.148
-0.148
-0.147
-0.144
-0.141
-0.137
-0.134
-0.13
-0.127
-0.123
-0.12
-0.116
-0.112
-0.109
-0.106
-0.103
-0.099
-0.095
-0.092
-0.09
-0.089
-0.088
-0.086
-0.084
-0.082
-0.08
-0.079
-0.077
-0.075
-0.074
-0.072
-0.071
-0.07
-0.07
-0.07
-0.07
-0.07
-0.07
-0.07
-0.07
-0.069
-0.068
-0.067
-0.066
-0.066
-0.065
-0.065
-0.065
-0.066
-0.066
-0.067
-0.068
-0.069
-0.069
-0.07
-0.069
-0.069
-0.068
-0.068
-0.068
-0.067
-0.067
-0.067
-0.066
-0.067
-0.067
-0.068
-0.068
-0.069
-0.069
-0.069
-0.068
-0.068
-0.067
-0.065
-0.064
-0.063
-0.062
-0.062
-0.062
-0.062
-0.062
-0.062
-0.061
-0.061
-0.059
-0.058
-0.056
-0.055
-0.053
-0.051
-0.05
-0.048
-0.047
-0.046
-0.045
-0.044
-0.044
-0.043
-0.042
-0.041
-0.041
-0.04
-0.04
-0.039
-0.038
-0.037
-0.036
-0.035
-0.033
-0.032
-0.031
-0.03
-0.028
-0.027
-0.025
-0.024
-0.021
-0.019
-0.016
-0.012
-0.008
-0.002
0.01
0.02
0.028
0.033
0.037
0.041
0.043
0.045
0.045
0.044
0.042
0.039
0.035
