-0.021
-0.022
-0.025
-0.028
-0.031
-0.034
-0.036
-0.039
-0.041
-0.042
-0.041
-0.039
-0.036
-0.034
-0.031
-0.028
-0.026
-0.023
-0.021
-0.02
-0.018
-0.017
-0.016
-0.015
-0.015
-0.015
-0.014
-0.012
-0.01
-0.007
-0.004
-0.001
0.001
0.004
0.009
0.013
0.019
0.026
0.038
0.047
0.05
0.051
0.053
0.057
0.06
0.06
0.049
0.037
0.03
0.024
0.02
0.015
0.012
0.008
0.004
0.0
-0.002
-0.005
-0.008
-0.009
-0.011
-0.013
-0.015
-0.017
-0.022
-0.032
-0.037
-0.033
-0.024
0.001
0.058
0.131
0.209
0.292
0.364
0.401
0.415
0.414
0.392
0.332
0.241
0.142
0.049
-0.025
-0.079
-0.098
-0.105
-0.101
-0.09
-0.071
-0.051
-0.045
-0.043
-0.041
-0.039
-0.036
-0.033
-0.029
-0.025
-0.02
-0.015
-0.011
-0.009
-0.007
-0.005
-0.003
-0.002
-0.001
0.0
0.002
0.005
0.008
0.012
0.016
0.018
0.02
0.021
0.022
0.021
0.021
0.02
0.019
0.019
0.021
0.023
0.025
0.028
0.031
0.035
0.038
0.042
0.045
0.048
0.052
0.057
0.066
0.085
0.105
0.119
0.131
0.14
0.143
0.145
0.147
0.148
0.149
0.149
0.15
0.15
0.146
0.138
0.126
0.107
0.074
0.053
0.041
0.03
0.018
0.006
-0.002
-0.009
-0.015
-0.021
-0.027
-0.032
-0.037
-0.041
-0.044
-0.047
-0.051
-0.055
-0.058
-0.061
-0.064
-0.067
-0.069
-0.07
-0.071
-0.07
-0.068
-0.066
-0.064
-0.062
-0.059
-0.057
-0.056
-0.054
-0.052
-0.049
-0.043
-0.036
-0.03
-0.029
-0.029
-0.029
-0.03
-0.03
-0.03
-0.031
-0.032
-0.034
-0.036
-0.037
-0.037
-0.036
-0.035
-0.035
-0.034
-0.033
-0.032
-0.032
-0.031
-0.032
-0.032
-0.032
-0.033
-0.033
-0.032
-0.031
-0.03
-0.028
-0.027
-0.027
-0.027
-0.028
-0.029
-0.031
-0.031
-0.032
-0.032
-0.032
-0.031
-0.031
-0.03
-0.029
-0.027
-0.026
-0.025
-0.025
-0.025
-0.025
-0.025
-0.025
-0.024
-0.024
-0.023
-0.022
-0.02
-0.019
-0.016
-0.014
-0.012
-0.009
-0.007
-0.006
-0.005
-0.004
-0.003
-0.002
-0.001
0.0
0.001
0.003
0.004
0.006
0.008
0.01
0.012
0.013
0.014
0.015
0.017
0.019
0.023
0.027
0.031
0.035
0.038
0.041
0.042
0.043
0.044
0.045
0.045
0.047
0.048
0.05
0.052
0.053
0.054
0.053
0.051
0.047
0.042
0.037
0.032
0.027
0.022
0.017
0.012
0.008
