0.045
0.02
0.001
-0.01
-0.02
-0.029
-0.04
-0.053
-0.068
-0.08
-0.089
-0.096
-0.103
-0.108
-0.11
-0.111
-0.112
-0.112
-0.113
-0.114
-0.114
-0.115
-0.115
-0.115
-0.116
-0.116
-0.116
-0.116
-0.116
-0.117
-0.117
-0.117
-0.118
-0.118
-0.118
-0.118
-0.118
-0.118
-0.118
-0.117
-0.117
-0.117
-0.116
-0.116
-0.115
-0.115
-0.114
-0.113
-0.112
-0.112
-0.111
-0.11
-0.109
-0.108
-0.107
-0.106
-0.104
-0.103
-0.101
-0.099
-0.098
-0.097
-0.097
-0.096
-0.096
-0.095
-0.094
-0.093
-0.093
-0.092
-0.091
-0.088
-0.085
-0.082
-0.079
-0.075
-0.071
-0.062
-0.053
-0.044
-0.036
-0.033
-0.03
-0.027
-0.025
-0.022
-0.02
-0.018
-0.017
-0.016
-0.015
-0.015
-0.015
-0.016
-0.017
-0.019
-0.021
-0.023
-0.025
-0.026
-0.028
-0.029
-0.03
-0.032
-0.033
-0.034
-0.035
-0.036
-0.037
-0.039
-0.041
-0.043
-0.045
-0.046
-0.047
-0.047
-0.047
-0.047
-0.047
-0.046
-0.046
-0.045
-0.045
-0.046
-0.048
-0.05
-0.052
-0.052
-0.051
-0.049
-0.047
-0.045
-0.04
-0.036
-0.036
-0.039
-0.044
-0.046
-0.049
-0.051
-0.053
-0.055
-0.056
-0.057
-0.055
-0.051
-0.047
-0.043
-0.039
-0.037
-0.035
-0.033
-0.031
-0.03
-0.028
-0.027
-0.026
-0.024
-0.021
-0.018
-0.014
-0.011
-0.009
-0.005
-0.002
0.001
0.005
0.009
0.013
0.017
0.023
0.028
0.034
0.037
0.038
0.037
0.034
0.03
0.026
0.022
0.018
0.015
0.013
0.011
0.008
0.006
0.004
0.002
0.0
-0.002
-0.004
-0.007
-0.009
-0.01
-0.011
-0.012
-0.013
-0.013
-0.014
-0.014
-0.015
-0.017
-0.019
-0.024
-0.034
-0.039
-0.036
-0.026
0.002
0.055
0.134
0.242
0.375
0.519
0.659
0.774
0.831
0.833
0.785
0.666
0.513
0.357
0.226
0.129
0.067
0.039
0.026
0.019
0.013
0.005
-0.002
-0.007
-0.011
-0.015
-0.018
-0.021
-0.026
-0.029
-0.033
-0.037
-0.041
-0.046
-0.054
-0.067
-0.074
-0.077
-0.079
-0.082
-0.084
-0.085
-0.083
-0.076
-0.068
-0.061
-0.054
-0.048
-0.041
-0.034
-0.028
-0.02
-0.008
0.008
0.024
0.04
0.056
0.074
0.085
0.092
0.097
0.101
0.105
0.109
0.113
0.117
0.121
0.124
0.128
0.132
0.135
0.139
0.142
0.144
0.147
0.15
0.153
0.159
0.168
0.178
0.189
0.202
0.217
0.232
0.246
0.261
0.278
0.294
0.31
0.324
0.336
0.346
0.354
