-0.077
-0.071
-0.07
-0.074
-0.079
-0.082
-0.085
-0.087
-0.089
-0.091
-0.093
-0.094
-0.095
-0.096
-0.097
-0.097
-0.096
-0.094
-0.093
-0.091
-0.09
-0.089
-0.09
-0.09
-0.091
-0.093
-0.094
-0.095
-0.097
-0.097
-0.097
-0.095
-0.093
-0.091
-0.088
-0.086
-0.083
-0.08
-0.078
-0.077
-0.076
-0.075
-0.074
-0.072
-0.07
-0.067
-0.064
-0.06
-0.057
-0.055
-0.052
-0.05
-0.048
-0.047
-0.045
-0.045
-0.044
-0.043
-0.04
-0.037
-0.034
-0.032
-0.034
-0.037
-0.042
-0.047
-0.053
-0.061
-0.066
-0.061
-0.05
-0.043
-0.036
-0.03
-0.025
-0.022
-0.02
-0.018
-0.016
-0.014
-0.012
-0.009
-0.008
-0.006
-0.005
-0.004
-0.002
-0.001
0.0
0.001
0.002
0.003
0.007
0.011
0.012
0.008
0.002
-0.001
-0.006
-0.01
-0.012
-0.012
-0.008
-0.001
0.005
0.009
0.013
0.017
0.021
0.024
0.028
0.031
0.034
0.035
0.036
0.036
0.037
0.037
0.038
0.038
0.04
0.044
0.047
0.045
0.041
0.038
0.035
0.033
0.031
0.03
0.029
0.029
0.03
0.03
0.032
0.034
0.034
0.024
0.017
0.011
0.006
0.004
0.007
0.012
0.018
0.022
0.027
0.031
0.034
0.034
0.031
0.025
0.019
0.013
0.005
-0.001
-0.005
-0.003
0.0
0.005
0.01
0.016
0.02
0.02
0.015
0.01
0.006
0.001
-0.003
-0.008
-0.012
-0.019
-0.026
-0.025
-0.013
-0.007
-0.004
-0.001
0.002
0.005
0.007
0.009
0.01
0.011
0.011
0.011
0.011
0.011
0.009
0.008
0.007
0.006
0.006
0.006
0.006
0.003
0.001
0.005
0.015
0.03
0.054
0.067
0.074
0.079
0.082
0.084
0.085
0.084
0.081
0.076
0.072
0.067
0.062
0.057
0.051
0.046
0.039
0.025
0.005
-0.002
-0.006
-0.009
-0.011
-0.012
-0.014
-0.016
-0.018
-0.02
-0.021
-0.023
-0.026
-0.029
-0.037
-0.052
-0.06
-0.065
-0.068
-0.072
-0.076
-0.08
-0.086
-0.093
-0.077
-0.027
0.068
0.218
0.42
0.659
0.897
1.066
1.108
1.002
0.776
0.495
0.219
0.0
-0.133
-0.172
-0.17
-0.142
-0.12
-0.107
-0.098
-0.093
-0.092
-0.097
-0.103
-0.11
-0.119
-0.119
-0.109
-0.093
-0.078
-0.071
-0.067
-0.065
-0.068
-0.074
-0.08
-0.085
-0.089
-0.089
-0.083
-0.075
-0.061
-0.044
-0.036
-0.031
-0.029
-0.032
-0.038
-0.042
-0.046
-0.05
-0.053
-0.055
-0.053
-0.05
-0.045
-0.041
-0.037
