-0.016
-0.016
-0.016
-0.016
-0.016
-0.017
-0.017
-0.017
-0.017
-0.017
-0.017
-0.016
-0.016
-0.016
-0.016
-0.016
-0.015
-0.015
-0.015
-0.015
-0.015
-0.015
-0.014
-0.014
-0.014
-0.014
-0.014
-0.013
-0.013
-0.013
-0.013
-0.012
-0.012
-0.012
-0.012
-0.012
-0.011
-0.011
-0.011
-0.01
-0.01
-0.009
-0.008
-0.007
-0.006
-0.005
-0.005
-0.004
-0.004
-0.004
-0.004
-0.004
-0.004
-0.004
-0.003
-0.003
-0.003
-0.003
-0.003
-0.003
-0.004
-0.004
-0.005
-0.005
-0.005
-0.006
-0.006
-0.006
-0.006
-0.005
-0.003
-0.002
-0.001
0.0
0.001
0.003
0.005
0.006
0.008
0.01
0.012
0.016
0.019
0.022
0.023
0.023
0.021
0.018
0.016
0.013
0.011
0.009
0.006
0.004
0.002
0.0
-0.001
-0.003
-0.004
-0.004
-0.005
-0.006
-0.006
-0.007
-0.007
-0.008
-0.008
-0.009
-0.01
-0.011
-0.011
-0.01
-0.009
-0.007
-0.003
0.002
0.023
0.057
0.1
0.144
0.178
0.189
0.172
0.121
-0.001
-0.178
-0.391
-0.598
-0.745
-0.789
-0.719
-0.563
-0.366
-0.181
-0.046
0.025
0.019
0.021
0.023
0.023
0.023
0.023
0.023
0.023
0.023
0.023
0.023
0.023
0.022
0.02
0.057
0.056
0.054
0.053
0.051
0.049
0.047
0.045
0.043
0.041
0.039
0.038
0.037
0.037
0.037
0.037
0.037
0.037
0.037
0.037
0.037
0.037
0.037
0.038
0.038
0.039
0.039
0.039
0.04
0.04
0.041
0.041
0.041
0.042
0.043
0.043
0.044
0.044
0.045
0.045
0.046
0.046
0.046
0.046
0.046
0.046
0.046
0.045
0.045
0.044
0.043
0.043
0.042
0.042
0.041
0.04
0.04
0.039
0.038
0.038
0.037
0.036
0.036
0.035
0.034
0.033
0.033
0.032
0.031
0.03
0.029
0.029
0.028
0.026
0.023
0.018
0.013
0.009
0.006
0.004
0.003
0.001
0.0
-0.001
-0.002
-0.003
-0.003
-0.004
-0.004
-0.005
-0.006
-0.006
-0.006
-0.006
-0.006
-0.006
-0.006
-0.005
-0.005
-0.005
-0.004
-0.003
-0.002
-0.002
-0.001
0.0
0.0
0.0
0.001
0.002
0.003
0.005
0.006
0.007
0.009
0.011
0.015
0.02
0.023
0.025
0.028
0.032
0.034
0.035
0.034
0.03
0.025
0.022
0.019
0.016
0.013
0.01
0.008
0.007
0.004
-0.007
-0.032
-0.072
-0.128
-0.192
-0.254
-0.305
-0.329
-0.337
-0.331
-0.312
-0.286
-0.254
-0.221
-0.184
-0.142
