-0.047
-0.04
-0.033
-0.025
-0.018
-0.011
-0.005
0.0
0.007
0.014
0.022
0.033
0.045
0.053
0.059
0.065
0.07
0.074
0.077
0.079
0.08
0.082
0.083
0.085
0.087
0.088
0.089
0.09
0.091
0.092
0.092
0.092
0.09
0.087
0.084
0.081
0.079
0.077
0.075
0.073
0.071
0.07
0.068
0.067
0.064
0.061
0.058
0.054
0.052
0.049
0.047
0.044
0.042
0.04
0.039
0.038
0.037
0.035
0.032
0.029
0.026
0.025
0.023
0.022
0.021
0.02
0.02
0.021
0.022
0.022
0.023
0.022
0.022
0.021
0.021
0.019
0.017
0.015
0.013
0.012
0.011
0.011
0.01
0.008
0.006
0.005
0.002
0.0
-0.005
-0.011
-0.018
-0.024
-0.029
-0.033
-0.036
-0.039
-0.044
-0.05
-0.063
-0.086
-0.101
-0.111
-0.11
-0.091
-0.04
0.045
0.174
0.344
0.538
0.721
0.854
0.91
0.87
0.742
0.548
0.328
0.121
-0.032
-0.095
-0.116
-0.098
-0.084
-0.076
-0.069
-0.064
-0.059
-0.054
-0.05
-0.046
-0.042
-0.039
-0.035
-0.032
-0.029
-0.028
-0.027
-0.027
-0.027
-0.027
-0.028
-0.029
-0.031
-0.032
-0.034
-0.035
-0.036
-0.037
-0.038
-0.039
-0.04
-0.04
-0.04
-0.039
-0.038
-0.037
-0.036
-0.035
-0.033
-0.031
-0.029
-0.027
-0.025
-0.024
-0.021
-0.018
-0.015
-0.013
-0.011
-0.009
-0.006
-0.004
-0.001
0.001
0.003
0.005
0.007
0.009
0.012
0.016
0.019
0.022
0.025
0.028
0.031
0.034
0.038
0.041
0.045
0.049
0.055
0.062
0.069
0.077
0.085
0.092
0.098
0.104
0.11
0.116
0.122
0.127
0.133
0.139
0.144
0.147
0.151
0.155
0.159
0.162
0.165
0.168
0.169
0.169
0.168
0.167
0.165
0.162
0.158
0.153
0.148
0.143
0.135
0.119
0.107
0.096
0.089
0.084
0.081
0.078
0.075
0.07
0.065
0.059
0.054
0.049
0.042
0.035
0.025
0.014
0.007
0.002
0.0
-0.002
-0.003
-0.005
-0.008
-0.009
-0.011
-0.012
-0.013
-0.014
-0.016
-0.017
-0.018
-0.018
-0.018
-0.019
-0.02
-0.021
-0.022
-0.022
-0.022
-0.021
-0.02
-0.019
-0.018
-0.017
-0.016
-0.015
-0.014
-0.014
-0.014
-0.013
-0.013
-0.012
-0.01
-0.009
-0.008
-0.007
-0.002
-0.003
-0.015
-0.019
-0.021
-0.023
-0.025
-0.027
-0.028
-0.03
-0.031
-0.033
-0.034
-0.036
-0.037
-0.038
-0.039
-0.039
-0.039
-0.038
-0.039
-0.039
