-0.15
-0.148
-0.146
-0.144
-0.141
-0.139
-0.137
-0.134
-0.13
-0.119
-0.107
-0.101
-0.097
-0.094
-0.092
-0.088
-0.085
-0.082
-0.08
-0.078
-0.075
-0.071
-0.063
-0.06
-0.058
-0.057
-0.055
-0.057
-0.067
-0.073
-0.078
-0.082
-0.084
-0.084
-0.081
-0.076
-0.07
-0.064
-0.055
-0.05
-0.047
-0.045
-0.043
-0.042
-0.041
-0.04
-0.041
-0.044
-0.047
-0.05
-0.052
-0.053
-0.054
-0.055
-0.057
-0.059
-0.06
-0.061
-0.062
-0.062
-0.063
-0.064
-0.065
-0.065
-0.065
-0.064
-0.064
-0.064
-0.064
-0.065
-0.065
-0.065
-0.066
-0.067
-0.069
-0.071
-0.071
-0.067
-0.062
-0.057
-0.053
-0.047
-0.042
-0.038
-0.034
-0.031
-0.028
-0.026
-0.024
-0.021
-0.018
-0.013
-0.009
-0.006
-0.003
0.0
0.003
0.006
0.009
0.011
0.012
0.012
0.013
0.013
0.014
0.013
0.013
0.013
0.014
0.015
0.015
0.015
0.012
0.008
0.004
0.0
-0.003
-0.008
-0.012
-0.013
-0.014
-0.014
-0.014
-0.014
-0.014
-0.015
-0.014
-0.014
-0.012
-0.009
-0.006
-0.002
0.002
0.011
0.022
0.029
0.034
0.037
0.041
0.044
0.048
0.051
0.053
0.054
0.055
0.056
0.057
0.059
0.06
0.061
0.061
0.062
0.063
0.063
0.064
0.065
0.065
0.065
0.065
0.066
0.066
0.067
0.069
0.071
0.079
0.085
0.101
0.129
0.176
0.249
0.352
0.483
0.638
0.802
0.941
0.994
0.984
0.879
0.687
0.456
0.233
0.063
-0.023
-0.037
-0.021
0.028
0.073
0.092
0.098
0.086
0.065
0.051
0.045
0.04
0.05
0.064
0.073
0.074
0.075
0.076
0.075
0.067
0.062
0.058
0.055
0.053
0.053
0.056
0.06
0.063
0.065
0.066
0.068
0.07
0.072
0.074
0.076
0.078
0.081
0.083
0.086
0.088
0.091
0.094
0.101
0.106
0.111
0.115
0.117
0.119
0.121
0.123
0.126
0.128
0.131
0.133
0.135
0.138
0.142
0.149
0.157
0.166
0.173
0.179
0.185
0.191
0.197
0.202
0.205
0.209
0.212
0.215
0.217
0.218
0.217
0.215
0.212
0.208
0.203
0.192
0.17
0.148
0.125
0.1
0.078
0.057
0.035
0.01
-0.014
-0.032
-0.044
-0.053
-0.059
-0.063
-0.066
-0.067
-0.069
-0.072
-0.074
-0.075
-0.076
-0.077
-0.077
-0.078
-0.078
-0.079
-0.08
-0.08
-0.08
-0.081
-0.083
-0.085
-0.087
-0.087
-0.087
-0.086
-0.084
-0.082
-0.081
-0.079
-0.076
