0.162
0.161
0.16
0.159
0.157
0.156
0.154
0.152
0.15
0.147
0.144
0.141
0.139
0.136
0.134
0.132
0.13
0.128
0.125
0.123
0.121
0.119
0.116
0.114
0.111
0.108
0.106
0.103
0.102
0.101
0.101
0.1
0.098
0.097
0.096
0.094
0.091
0.089
0.087
0.086
0.086
0.089
0.094
0.101
0.107
0.113
0.119
0.126
0.132
0.135
0.138
0.139
0.141
0.142
0.144
0.146
0.147
0.147
0.143
0.137
0.13
0.12
0.106
0.09
0.078
0.068
0.059
0.049
0.04
0.028
0.012
-0.001
-0.008
-0.012
-0.015
-0.018
-0.02
-0.022
-0.025
-0.027
-0.029
-0.031
-0.033
-0.036
-0.04
-0.046
-0.058
-0.07
-0.082
-0.095
-0.114
-0.142
-0.173
-0.191
-0.201
-0.209
-0.215
-0.22
-0.224
-0.227
-0.229
-0.231
-0.233
-0.235
-0.237
-0.237
-0.237
-0.237
-0.236
-0.235
-0.234
-0.231
-0.227
-0.223
-0.214
-0.199
-0.175
-0.134
-0.071
0.016
0.128
0.262
0.404
0.531
0.614
0.625
0.595
0.48
0.314
0.128
-0.047
-0.197
-0.322
-0.432
-0.515
-0.572
-0.617
-0.642
-0.66
-0.674
-0.691
-0.702
-0.71
-0.716
-0.72
-0.72
-0.718
-0.713
-0.706
-0.695
-0.674
-0.637
-0.598
-0.555
-0.51
-0.467
-0.426
-0.386
-0.344
-0.304
-0.267
-0.246
-0.225
-0.205
-0.185
-0.162
-0.15
-0.145
-0.141
-0.138
-0.135
-0.133
-0.131
-0.129
-0.127
-0.126
-0.125
-0.125
-0.124
-0.124
-0.123
-0.122
-0.121
-0.12
-0.119
-0.118
-0.117
-0.117
-0.116
-0.115
-0.115
-0.114
-0.114
-0.113
-0.112
-0.111
-0.111
-0.111
-0.111
-0.111
-0.112
-0.114
-0.116
-0.118
-0.121
-0.123
-0.125
-0.127
-0.129
-0.13
-0.132
-0.134
-0.136
-0.139
-0.142
-0.145
-0.147
-0.15
-0.151
-0.151
-0.149
-0.146
-0.143
-0.138
-0.132
-0.126
-0.119
-0.108
-0.095
-0.083
-0.072
-0.061
-0.049
-0.038
-0.029
-0.021
-0.012
-0.002
0.008
0.02
0.024
0.027
0.03
0.033
0.035
0.038
0.04
0.042
0.044
0.045
0.047
0.048
0.048
0.047
0.046
0.045
0.042
0.039
0.036
0.033
0.03
0.027
0.025
0.023
0.021
0.019
0.017
0.014
0.012
0.009
0.007
0.005
0.002
0.001
0.0
-0.001
-0.002
-0.003
-0.004
-0.004
-0.004
-0.004
-0.004
-0.004
-0.004
-0.004
-0.004
-0.004
-0.003
-0.003
-0.002
-0.001
-0.001
0.0
0.0
0.0
0.0
0.0
0.0
0.0
0.0
-0.001
-0.001
-0.001
-0.001
-0.001
-0.001
-0.001
-0.002
-0.002
-0.002
-0.001
0.0
0.0
0.0
0.0
0.001
0.002
0.003
0.004
0.006
0.008
0.011
0.014
0.017
0.021
0.025
0.029
0.034
0.039
0.046
0.054
0.062
0.07
0.079
0.087
0.095
0.103
0.109
0.115
0.12
0.125
0.13
0.134
0.137
0.139
0.137
0.134
0.129
0.122
0.113
0.097
0.077
0.06
0.045
0.032
0.021
0.009
-0.002
-0.009
-0.014
-0.015
-0.015
-0.015
-0.015
-0.016
-0.016
-0.017
-0.018
-0.02
-0.022
-0.025
-0.027
-0.029
-0.032
-0.035
-0.038
-0.044
-0.054
-0.064
-0.075
-0.079
-0.083
-0.086
-0.091
-0.095
-0.098
-0.101
-0.103
-0.105
-0.106
-0.107
-0.107
-0.106
-0.104
-0.102
-0.1
-0.098
-0.095
-0.092
-0.089
-0.085
-0.08
-0.068
-0.04
0.007
0.072
0.162
0.279
0.421
0.573
0.716
0.825
0.85
0.836
0.733
0.576
0.397
0.214
0.044
-0.108
-0.245
-0.356
-0.446
-0.516
-0.566
-0.582
-0.589
-0.594
-0.596
-0.599
-0.602
-0.604
-0.605
-0.602
-0.595
-0.584
-0.565
-0.535
-0.505
-0.477
-0.432
-0.39
-0.345
-0.295
-0.245
-0.194
-0.162
-0.135
-0.114
-0.093
-0.078
-0.066
-0.056
-0.047
-0.038
-0.028
-0.017
-0.004
0.008
0.015
0.019
0.023
0.027
0.029
0.032
0.034
0.036
0.038
0.04
0.042
0.044
0.046
0.048
0.05
0.052
0.055
0.057
0.06
0.063
0.065
0.067
0.068
0.068
0.069
0.069
0.067
0.064
0.061
0.057
0.052
0.048
0.044
0.039
0.033
0.026
0.02
0.014
0.01
0.007
0.004
0.001
0.0
-0.002
-0.004
-0.006
-0.008
-0.01
-0.012
-0.013
-0.013
-0.013
-0.012
-0.01
-0.007
-0.003
0.0
0.004
0.01
0.016
0.025
0.035
0.043
0.051
0.06
0.07
0.08
0.09
0.1
0.109
0.12
0.133
0.14
0.145
0.15
0.154
0.157
0.16
0.163
0.166
0.168
0.17
0.172
0.175
0.177
0.18
0.182
0.183
0.185
0.186
0.188
0.189
0.19
0.19
0.189
0.188
0.187
0.187
0.186
0.185
0.184
0.183
0.183
0.182
0.181
0.181
0.179
0.178
0.177
0.176
0.175
0.173
0.172
0.172
0.171
0.171
0.171
0.171
0.171
0.17
0.169
0.169
0.169
0.169
0.169
0.169
0.17
0.171
0.173
0.175
0.177
0.178
0.18
0.181
0.183
0.184
0.185
0.185
0.185
0.186
0.187
