-0.056
-0.057
-0.059
-0.061
-0.063
-0.064
-0.065
-0.066
-0.068
-0.069
-0.07
-0.07
-0.071
-0.071
-0.071
-0.072
-0.072
-0.073
-0.074
-0.074
-0.075
-0.075
-0.075
-0.075
-0.075
-0.074
-0.074
-0.074
-0.073
-0.073
-0.073
-0.073
-0.073
-0.073
-0.073
-0.072
-0.071
-0.07
-0.068
-0.066
-0.063
-0.06
-0.056
-0.049
-0.042
-0.038
-0.036
-0.034
-0.033
-0.032
-0.033
-0.035
-0.039
-0.043
-0.048
-0.053
-0.061
-0.067
-0.07
-0.071
-0.073
-0.074
-0.075
-0.077
-0.078
-0.078
-0.078
-0.078
-0.078
-0.078
-0.077
-0.076
-0.074
-0.072
-0.069
-0.067
-0.064
-0.061
-0.057
-0.054
-0.051
-0.048
-0.043
-0.027
-0.002
0.035
0.089
0.156
0.232
0.303
0.348
0.35
0.315
0.215
0.082
-0.049
-0.147
-0.178
-0.177
-0.142
-0.101
-0.073
-0.063
-0.057
-0.05
-0.037
-0.028
-0.024
-0.021
-0.018
-0.015
-0.013
-0.01
-0.007
-0.005
-0.003
0.0
0.002
0.004
0.006
0.008
0.01
0.012
0.014
0.017
0.021
0.029
0.036
0.041
0.044
0.047
0.05
0.055
0.059
0.063
0.067
0.071
0.076
0.08
0.085
0.091
0.099
0.105
0.109
0.114
0.119
0.125
0.135
0.143
0.151
0.158
0.164
0.169
0.174
0.179
0.184
0.188
0.191
0.195
0.199
0.205
0.207
0.208
0.209
0.21
0.211
0.21
0.206
0.2
0.19
0.173
0.157
0.139
0.118
0.097
0.075
0.055
0.036
0.019
0.005
-0.008
-0.02
-0.029
-0.04
-0.046
-0.05
-0.053
-0.055
-0.057
-0.059
-0.06
-0.061
-0.062
-0.063
-0.063
-0.063
-0.064
-0.064
-0.064
-0.065
-0.065
-0.064
-0.063
-0.062
-0.061
-0.059
-0.058
-0.057
-0.057
-0.056
-0.055
-0.055
-0.054
-0.053
-0.053
-0.052
-0.052
-0.052
-0.052
-0.052
-0.052
-0.053
-0.054
-0.055
-0.056
-0.057
-0.058
-0.059
-0.06
-0.06
-0.061
-0.061
-0.062
-0.063
-0.064
-0.065
-0.066
-0.067
-0.068
-0.068
-0.067
-0.066
-0.064
-0.062
-0.06
-0.057
-0.056
-0.054
-0.053
-0.052
-0.05
-0.048
-0.046
-0.044
-0.043
-0.042
-0.041
-0.041
-0.04
-0.04
-0.039
-0.038
-0.038
-0.037
-0.035
-0.034
-0.032
-0.031
-0.029
-0.028
-0.027
-0.027
-0.026
-0.026
-0.025
-0.025
-0.024
-0.023
-0.022
-0.022
-0.021
-0.021
-0.02
-0.019
-0.018
-0.017
-0.017
-0.016
-0.015
-0.014
-0.012
-0.011
-0.009
-0.008
-0.006
-0.004
-0.001
0.001
0.004
0.007
0.01
