-0.031
-0.03
-0.029
-0.028
-0.028
-0.027
-0.027
-0.027
-0.027
-0.027
-0.025
-0.021
-0.018
-0.017
-0.018
-0.021
-0.024
-0.026
-0.028
-0.032
-0.035
-0.037
-0.038
-0.038
-0.037
-0.035
-0.032
-0.027
-0.021
-0.014
-0.007
-0.002
0.003
0.008
0.014
0.018
0.022
0.022
0.021
0.018
0.014
0.009
0.004
-0.001
-0.008
-0.016
-0.025
-0.033
-0.04
-0.047
-0.053
-0.06
-0.067
-0.073
-0.077
-0.075
-0.069
-0.061
-0.052
-0.042
-0.028
-0.018
-0.014
-0.011
-0.009
-0.007
-0.004
-0.002
-0.001
-0.002
-0.007
-0.014
-0.019
-0.023
-0.026
-0.031
-0.035
-0.039
-0.042
-0.041
-0.038
-0.032
-0.027
-0.022
-0.017
-0.013
-0.008
-0.003
0.001
0.006
0.011
0.016
0.021
0.028
0.038
0.059
0.103
0.149
0.192
0.234
0.273
0.31
0.348
0.379
0.402
0.421
0.438
0.453
0.453
0.433
0.405
0.367
0.328
0.295
0.268
0.24
0.212
0.185
0.158
0.126
0.089
0.048
0.017
0.0
-0.012
-0.02
-0.027
-0.04
-0.063
-0.075
-0.082
-0.087
-0.09
-0.091
-0.09
-0.086
-0.082
-0.079
-0.076
-0.073
-0.071
-0.067
-0.064
-0.062
-0.06
-0.058
-0.058
-0.058
-0.058
-0.059
-0.062
-0.065
-0.069
-0.071
-0.074
-0.082
-0.086
-0.079
-0.065
-0.059
-0.054
-0.049
-0.045
-0.041
-0.039
-0.037
-0.036
-0.035
-0.035
-0.036
-0.036
-0.037
-0.038
-0.04
-0.042
-0.044
-0.047
-0.053
-0.056
-0.046
-0.028
-0.015
-0.004
0.005
0.012
0.017
0.02
0.023
0.026
0.029
0.032
0.035
0.039
0.046
0.057
0.068
0.077
0.085
0.093
0.099
0.105
0.11
0.115
0.12
0.125
0.13
0.134
0.136
0.138
0.14
0.143
0.146
0.149
0.151
0.153
0.154
0.154
0.153
0.152
0.15
0.148
0.146
0.144
0.143
0.141
0.139
0.138
0.136
0.136
0.134
0.133
0.131
0.128
0.127
0.127
0.127
0.128
0.129
0.13
0.131
0.133
0.134
0.136
0.137
0.138
0.137
0.136
0.133
0.13
0.126
0.123
0.12
0.117
0.115
0.113
0.11
0.108
0.106
0.103
0.101
0.098
0.095
0.091
0.088
0.085
0.083
0.081
0.079
0.076
0.073
0.071
0.069
0.068
0.068
0.068
0.067
0.066
0.066
0.066
0.066
0.067
0.068
0.067
0.066
0.065
0.064
0.064
0.064
0.064
0.063
0.061
0.059
0.058
0.057
0.054
0.049
0.042
0.034
0.028
0.023
0.02
0.018
0.015
0.011
0.007
0.004
0.004
0.005
0.008
0.01
0.011
0.013
0.015
0.018
0.022
0.025
0.025
0.021
0.013
0.005
-0.001
-0.007
-0.013
-0.019
-0.025
-0.029
-0.032
-0.034
-0.035
-0.036
-0.036
-0.035
-0.033
-0.031
-0.029
-0.028
-0.028
-0.027
-0.025
-0.023
-0.02
-0.018
-0.016
-0.015
-0.015
-0.014
-0.013
-0.014
-0.016
-0.02
-0.024
-0.029
-0.034
-0.037
-0.04
-0.044
-0.048
-0.053
-0.058
-0.063
-0.069
-0.074
-0.081
-0.088
-0.095
-0.102
-0.108
-0.112
-0.116
-0.119
-0.122
-0.126
-0.129
-0.131
-0.132
-0.134
-0.135
-0.137
-0.139
-0.14
-0.141
-0.141
-0.141
-0.141
-0.141
-0.141
-0.141
-0.139
-0.138
-0.136
-0.135
-0.134
-0.133
-0.132
-0.131
-0.129
-0.128
-0.127
-0.125
-0.124
-0.123
-0.121
-0.119
-0.116
-0.112
-0.108
-0.103
-0.093
-0.066
-0.039
-0.004
0.036
0.076
0.119
0.167
0.208
0.27
0.33
0.364
0.387
0.404
0.403
0.379
0.344
0.299
0.256
0.217
0.189
0.168
0.143
0.11
0.069
0.028
-0.016
-0.046
-0.061
-0.072
-0.081
-0.09
-0.096
-0.103
-0.112
-0.123
-0.133
-0.141
-0.148
-0.153
-0.156
-0.158
-0.16
-0.161
-0.162
-0.161
-0.158
-0.152
-0.146
-0.139
-0.132
-0.125
-0.115
-0.104
-0.096
-0.092
-0.094
-0.098
-0.101
-0.104
-0.106
-0.108
-0.112
-0.116
-0.119
-0.122
-0.124
-0.125
-0.127
-0.127
-0.126
-0.123
-0.118
-0.113
-0.107
-0.101
-0.095
-0.089
-0.08
-0.062
-0.05
-0.042
-0.038
-0.036
-0.034
-0.032
-0.03
-0.027
-0.025
-0.022
-0.02
-0.017
-0.014
-0.01
-0.006
-0.003
0.0
0.002
0.006
0.011
0.017
0.024
0.031
0.037
0.042
0.046
0.051
0.057
0.063
0.069
0.073
0.079
0.085
0.092
0.098
0.102
0.104
0.105
0.105
0.106
0.108
0.111
0.113
0.114
0.114
0.111
0.108
0.104
0.101
0.097
0.093
0.088
0.083
0.079
0.076
0.075
0.076
0.078
0.081
0.085
0.09
0.098
0.103
0.103
0.1
0.098
0.096
0.093
0.091
0.089
0.089
0.09
0.092
0.094
0.096
0.099
0.103
0.108
0.111
0.112
0.112
0.112
0.112
0.112
0.11
0.105
0.099
0.092
0.087
0.083
0.08
0.077
0.074
0.07
0.068
0.066
0.066
0.064
0.062
0.059
0.055
0.052
0.05
0.048
0.046
0.043
0.039
0.037
0.035
0.035
0.034
0.033
0.032
0.03
