-0.046
-0.034
-0.022
-0.012
-0.001
0.009
0.018
0.028
0.038
0.047
0.052
0.055
0.057
0.059
0.06
0.06
0.06
0.059
0.057
0.055
0.052
0.049
0.045
0.042
0.039
0.035
0.031
0.028
0.024
0.02
0.017
0.014
0.012
0.01
0.008
0.007
0.007
0.006
0.006
0.006
0.006
0.007
0.007
0.008
0.01
0.011
0.012
0.014
0.015
0.015
0.016
0.018
0.019
0.02
0.022
0.023
0.025
0.027
0.028
0.029
0.029
0.029
0.029
0.028
0.027
0.025
0.024
0.022
0.02
0.018
0.016
0.014
0.013
0.011
0.011
0.011
0.012
0.013
0.013
0.014
0.015
0.016
0.017
0.018
0.019
0.021
0.022
0.022
0.023
0.023
0.023
0.024
0.025
0.025
0.026
0.028
0.029
0.03
0.031
0.033
0.034
0.036
0.036
0.036
0.035
0.033
0.031
0.028
0.025
0.023
0.02
0.018
0.015
0.012
0.009
0.009
0.012
0.017
0.022
0.029
0.037
0.045
0.054
0.062
0.07
0.077
0.084
0.088
0.093
0.096
0.099
0.1
0.1
0.098
0.093
0.086
0.073
0.052
0.021
-0.014
-0.054
-0.093
-0.123
-0.124
-0.109
-0.043
0.061
0.189
0.312
0.4
0.435
0.412
0.35
0.278
0.225
0.195
0.185
0.178
0.173
0.169
0.165
0.162
0.157
0.152
0.147
0.139
0.126
0.114
0.1
0.085
0.071
0.058
0.042
0.03
0.023
0.019
0.016
0.014
0.012
0.011
0.01
0.01
0.009
0.009
0.009
0.009
0.009
0.009
0.009
0.008
0.008
0.009
0.009
0.009
0.009
0.008
0.008
0.006
0.005
0.002
0.0
-0.006
-0.02
-0.033
-0.047
-0.061
-0.076
-0.085
-0.09
-0.094
-0.096
-0.096
-0.095
-0.092
-0.087
-0.079
-0.066
-0.053
-0.04
-0.026
-0.012
0.002
0.017
0.031
0.046
0.058
0.067
0.077
0.085
0.091
0.096
0.102
0.107
0.109
0.11
0.111
0.112
0.113
0.113
0.114
0.114
0.114
0.114
0.114
0.114
0.114
0.114
0.115
0.115
0.116
0.117
0.118
0.119
0.12
0.121
0.122
0.122
0.123
0.123
0.123
0.124
0.124
0.125
0.125
0.127
0.128
0.132
0.136
0.139
0.143
0.146
0.15
0.154
0.157
0.159
0.159
0.157
0.153
0.147
0.137
0.122
0.1
0.079
0.056
0.039
0.02
0.007
0.002
-0.001
-0.003
-0.003
0.0
0.007
0.013
0.019
0.025
0.03
0.035
0.038
0.04
0.041
