0.139
0.14
0.142
0.143
0.145
0.146
0.148
0.151
0.153
0.156
0.159
0.162
0.165
0.169
0.173
0.178
0.184
0.19
0.196
0.202
0.208
0.212
0.216
0.218
0.219
0.221
0.224
0.226
0.226
0.225
0.221
0.215
0.207
0.196
0.187
0.174
0.158
0.143
0.126
0.109
0.092
0.074
0.058
0.044
0.03
0.015
0.0
-0.012
-0.019
-0.026
-0.033
-0.038
-0.043
-0.047
-0.051
-0.055
-0.059
-0.063
-0.068
-0.072
-0.073
-0.073
-0.074
-0.074
-0.074
-0.075
-0.075
-0.075
-0.075
-0.076
-0.076
-0.075
-0.074
-0.073
-0.071
-0.069
-0.067
-0.065
-0.062
-0.061
-0.06
-0.059
-0.058
-0.057
-0.057
-0.056
-0.055
-0.054
-0.053
-0.052
-0.051
-0.05
-0.05
-0.049
-0.049
-0.049
-0.049
-0.048
-0.048
-0.048
-0.049
-0.049
-0.049
-0.05
-0.05
-0.05
-0.05
-0.051
-0.052
-0.052
-0.053
-0.053
-0.053
-0.054
-0.055
-0.056
-0.056
-0.057
-0.058
-0.059
-0.06
-0.06
-0.06
-0.06
-0.06
-0.06
-0.059
-0.059
-0.059
-0.059
-0.06
-0.06
-0.06
-0.061
-0.061
-0.062
-0.062
-0.061
-0.061
-0.061
-0.061
-0.06
-0.06
-0.06
-0.06
-0.06
-0.061
-0.061
-0.062
-0.062
-0.062
-0.061
-0.061
-0.06
-0.059
-0.057
-0.056
-0.055
-0.053
-0.053
-0.052
-0.051
-0.051
-0.05
-0.05
-0.049
-0.049
-0.048
-0.048
-0.047
-0.047
-0.047
-0.047
-0.047
-0.047
-0.047
-0.046
-0.046
-0.046
-0.046
-0.045
-0.045
-0.044
-0.043
-0.042
-0.041
-0.04
-0.039
-0.038
-0.037
-0.036
-0.036
-0.036
-0.035
-0.035
-0.034
-0.034
-0.033
-0.032
-0.031
-0.03
-0.029
-0.028
-0.027
-0.026
-0.026
-0.026
-0.026
-0.026
-0.026
-0.025
-0.025
-0.024
-0.024
-0.023
-0.022
-0.021
-0.019
-0.018
-0.017
-0.017
-0.016
-0.016
-0.015
-0.014
-0.013
-0.012
-0.011
-0.01
-0.008
-0.006
-0.005
-0.004
-0.003
-0.002
-0.002
-0.001
0.0
0.001
0.002
0.003
0.004
0.005
0.007
0.008
0.008
0.008
0.008
0.008
0.009
0.009
0.009
0.009
0.01
0.01
0.011
0.011
0.012
0.012
0.012
0.012
0.011
0.011
0.01
0.01
0.009
0.008
0.008
0.007
0.007
0.007
0.007
0.007
0.007
0.006
0.006
0.006
0.005
0.005
0.004
0.004
0.004
0.005
0.005
0.005
0.005
0.005
0.004
0.004
0.004
0.004
0.004
0.004
0.004
0.004
0.004
0.004
0.005
0.005
0.005
0.004
0.004
0.003
0.002
0.0
0.0
-0.001
-0.002
-0.003
-0.004
-0.004
-0.004
-0.004
-0.004
-0.005
-0.005
-0.006
-0.006
-0.007
-0.007
-0.008
-0.008
-0.009
-0.009
-0.009
-0.008
-0.008
-0.008
-0.008
-0.008
-0.008
-0.008
-0.008
-0.008
-0.008
-0.008
-0.008
-0.008
-0.008
-0.008
-0.008
-0.008
-0.008
-0.008
-0.008
-0.008
-0.009
-0.009
-0.008
-0.008
-0.008
-0.008
-0.008
-0.007
-0.007
-0.007
-0.006
-0.005
-0.004
-0.003
-0.002
0.0
0.001
0.002
0.004
0.005
0.007
0.009
0.017
0.023
0.027
0.029
0.031
0.033
0.035
0.035
0.035
0.033
0.03
0.025
0.021
0.017
0.011
0.005
0.001
-0.002
-0.005
-0.007
-0.008
-0.01
-0.011
-0.012
-0.013
-0.014
-0.014
-0.015
-0.015
-0.015
-0.015
-0.015
-0.014
-0.014
-0.013
-0.012
-0.011
-0.01
-0.009
-0.007
-0.004
-0.002
0.004
0.017
0.038
0.063
0.092
0.12
0.149
0.161
0.171
0.169
0.146
0.098
0.033
-0.036
-0.098
-0.134
-0.145
-0.138
-0.118
-0.088
-0.059
-0.042
-0.027
-0.016
-0.002
0.002
0.005
0.008
0.01
0.012
0.013
0.014
0.015
0.015
0.016
0.017
0.017
0.018
0.018
0.018
0.019
0.02
0.02
0.021
0.022
0.023
0.023
0.024
0.024
0.025
0.025
0.026
0.026
0.027
0.027
0.028
0.028
0.028
0.028
0.029
0.029
0.03
0.03
0.03
0.031
0.031
0.032
0.033
0.033
0.033
0.034
0.035
0.035
0.036
0.037
0.038
0.039
0.041
0.043
0.045
0.047
0.05
0.053
0.056
0.059
0.061
0.063
0.065
0.067
0.069
0.072
0.076
0.08
0.084
0.089
0.094
0.098
0.101
0.105
0.108
0.111
0.114
0.117
0.12
0.123
0.127
0.131
0.135
0.138
0.142
0.144
0.147
0.15
0.153
0.153
0.153
0.151
0.147
0.143
0.135
0.12
0.104
0.089
0.076
0.066
0.055
0.042
0.026
0.015
0.006
-0.001
-0.01
-0.018
-0.031
-0.038
-0.043
-0.047
-0.05
-0.053
-0.055
-0.057
-0.058
-0.059
-0.06
-0.062
-0.063
-0.064
-0.065
-0.066
-0.067
-0.068
-0.069
-0.068
-0.066
-0.064
-0.061
-0.058
-0.056
-0.054
-0.052
-0.05
-0.048
-0.047
-0.046
-0.045
-0.044
-0.043
-0.042
-0.041
-0.04
-0.039
-0.038
-0.036
-0.035
-0.035
-0.034
-0.034
-0.034
-0.034
-0.034
-0.033
-0.033
-0.032
-0.031
-0.03
-0.029
-0.028
-0.027
-0.027
-0.027
-0.028
-0.029
-0.03
-0.032
-0.034
-0.036
-0.037
-0.039
-0.04
-0.04
-0.04
-0.041
-0.042
-0.042
-0.043
-0.044
-0.045
-0.046
-0.046
-0.047
-0.048
-0.048
-0.048
-0.048
-0.048
-0.048
-0.049
-0.049
-0.049
-0.049
-0.049
-0.049
-0.049
-0.048
-0.048
-0.048
-0.047
-0.047
-0.047
-0.046
-0.046
-0.045
-0.044
-0.044
-0.044
-0.043
-0.043
-0.043
-0.043
-0.043
-0.043
-0.043
-0.043
-0.042
-0.041
-0.04
-0.04
-0.039
-0.038
-0.037
-0.036
-0.035
-0.035
-0.035
-0.035
-0.035
-0.035
-0.034
-0.034
-0.033
-0.032
-0.031
-0.03
-0.029
-0.028
-0.027
-0.027
-0.026
-0.027
-0.027
-0.027
-0.027
-0.027
-0.027
-0.027
-0.026
-0.026
-0.025
-0.025
-0.024
-0.024
-0.024
-0.024
-0.023
-0.023
-0.022
-0.021
-0.02
-0.019
-0.018
-0.018
-0.017
-0.016
-0.015
-0.015
-0.014
-0.014
-0.013
-0.013
-0.012
-0.011
-0.01
-0.009
-0.007
-0.006
-0.005
-0.004
-0.004
-0.003
-0.003
-0.002
-0.002
-0.002
-0.002
-0.001
-0.001
0.0
0.0
0.001
0.002
0.003
0.004
0.005
0.006
0.007
0.008
0.008
0.009
0.009
0.01
0.01
0.01
0.01
0.01
0.01
0.01
0.01
0.01
0.011
0.011
0.011
0.011
0.011
0.012
0.012
0.012
0.012
0.011
0.011
0.01
0.01
0.01
0.011
0.011
0.011
0.012
0.012
0.013
0.013
0.013
0.013
0.013
0.012
0.012
0.011
0.011
0.011
0.01
0.01
0.01
0.011
0.011
0.011
0.012
0.011
0.011
0.01
0.009
0.008
0.008
0.007
0.007
0.006
0.006
0.006
0.006
0.006
0.005
0.005
0.004
0.003
0.002
0.001
0.001
0.0
0.0
0.0
0.0
0.0
0.0
0.001
0.001
0.001
0.0
0.0
0.0
0.0
-0.001
-0.002
-0.003
-0.003
-0.003
-0.003
-0.002
-0.001
-0.001
0.0
0.0
0.0
0.0
0.0
0.0
-0.001
-0.001
-0.001
-0.001
0.0
0.0
0.0
0.001
0.002
0.003
0.004
0.006
0.007
0.008
0.009
0.01
0.013
0.015
0.018
0.021
0.023
0.026
0.028
0.031
0.034
0.038
0.041
0.043
0.044
0.043
0.04
0.037
0.032
0.027
0.02
0.013
0.006
0.003
0.001
0.0
-0.002
-0.004
-0.006
-0.007
-0.008
-0.009
-0.01
-0.011
-0.012
-0.012
-0.012
-0.012
-0.011
-0.011
-0.011
-0.01
-0.009
-0.008
-0.007
-0.006
-0.004
-0.002
0.0
0.005
0.02
0.036
0.052
0.08
0.109
0.138
0.165
0.175
0.175
0.166
0.142
0.089
0.023
-0.042
-0.096
-0.12
-0.128
-0.122
-0.1
-0.075
-0.05
-0.035
-0.021
-0.011
0.0
0.004
0.006
0.009
0.011
0.012
0.013
0.014
0.015
0.016
0.017
0.017
0.018
0.019
0.021
0.022
0.023
0.025
0.026
0.027
0.028
0.028
0.029
0.029
0.029
0.029
0.03
0.03
0.03
0.031
0.031
0.032
0.033
0.033
0.034
0.035
0.036
0.037
0.037
0.038
0.039
0.04
0.04
0.041
0.042
0.043
0.045
0.046
0.047
0.048
0.05
0.051
0.053
0.054
0.056
0.057
0.059
0.06
0.061
0.063
0.064
0.065
0.066
0.068
0.07
0.074
0.079
0.085
0.09
0.095
0.1
0.105
0.11
0.115
0.121
0.126
0.132
0.137
0.143
0.149
0.153
0.156
0.158
0.161
0.162
0.164
0.165
0.165
0.165
0.164
0.163
0.162
0.159
0.156
0.153
0.145
0.13
0.118
0.105
0.091
0.075
0.059
0.041
0.025
0.013
0.002
-0.007
-0.018
-0.03
-0.038
-0.042
-0.046
-0.049
-0.052
-0.053
-0.055
-0.056
-0.057
-0.058
-0.058
-0.059
-0.06
-0.06
-0.061
-0.061
-0.062
-0.062
-0.062
-0.062
-0.063
-0.062
-0.062
-0.061
-0.06
-0.059
-0.058
-0.056
-0.054
-0.052
-0.05
-0.049
-0.047
-0.046
-0.045
-0.044
-0.043
-0.041
-0.04
-0.04
-0.039
-0.039
-0.038
-0.037
-0.036
-0.036
-0.035
-0.035
-0.034
-0.034
-0.034
-0.033
-0.033
-0.033
-0.034
-0.034
-0.035
-0.035
-0.036
-0.036
-0.037
-0.038
-0.038
-0.039
-0.039
-0.04
-0.04
-0.041
-0.042
-0.043
-0.044
-0.044
-0.045
-0.046
-0.046
-0.047
-0.047
-0.048
-0.048
-0.048
-0.048
-0.048
-0.048
-0.048
-0.048
-0.048
-0.048
-0.048
-0.048
-0.049
-0.048
-0.048
-0.048
-0.048
-0.048
-0.048
-0.048
-0.048
-0.048
-0.048
-0.047
-0.047
-0.047
-0.047
-0.047
-0.046
-0.046
-0.046
-0.046
-0.046
-0.045
-0.045
-0.044
-0.044
-0.043
-0.043
-0.043
-0.042
-0.041
-0.04
-0.04
-0.039
-0.039
-0.038
-0.037
-0.036
-0.035
-0.034
-0.034
-0.033
-0.032
-0.031
-0.03
-0.029
-0.029
-0.029
-0.028
-0.028
-0.027
-0.027
-0.027
-0.027
-0.027
-0.027
-0.026
-0.026
-0.026
-0.027
-0.027
-0.027
-0.026
-0.026
-0.025
-0.025
-0.024
-0.023
-0.022
-0.021
-0.02
-0.019
-0.018
-0.017
-0.016
-0.016
-0.015
-0.014
-0.014
-0.013
-0.013
-0.012
-0.011
-0.011
