-0.028
-0.021
-0.014
-0.002
0.007
0.015
0.022
0.029
0.036
0.046
0.058
0.068
0.076
0.081
0.087
0.094
0.101
0.11
0.123
0.133
0.146
0.164
0.185
0.203
0.216
0.227
0.237
0.246
0.254
0.26
0.266
0.272
0.278
0.283
0.287
0.291
0.295
0.294
0.284
0.274
0.262
0.252
0.243
0.233
0.22
0.208
0.197
0.189
0.182
0.172
0.155
0.138
0.126
0.113
0.1
0.087
0.074
0.068
0.064
0.061
0.059
0.057
0.054
0.052
0.049
0.046
0.042
0.039
0.035
0.031
0.027
0.022
0.016
0.01
0.008
0.006
0.005
0.004
0.003
0.0
-0.001
0.002
0.011
0.017
0.022
0.026
0.029
0.03
0.03
0.029
0.027
0.025
0.023
0.02
0.015
0.011
0.01
0.013
0.021
0.028
0.032
0.036
0.039
0.043
0.046
0.048
0.047
0.045
0.042
0.04
0.038
0.037
0.036
0.034
0.032
0.03
0.028
0.026
0.024
0.022
0.02
0.018
0.017
0.015
0.014
0.014
0.013
0.011
0.009
0.005
0.0
-0.002
-0.004
-0.003
-0.002
-0.001
-0.001
0.0
0.0
0.002
0.003
0.004
0.002
-0.002
-0.008
-0.013
-0.017
-0.021
-0.026
-0.032
-0.036
-0.037
-0.035
-0.033
-0.029
-0.026
-0.023
-0.021
-0.017
-0.014
-0.01
-0.008
-0.008
-0.009
-0.011
-0.014
-0.018
-0.023
-0.03
-0.042
-0.05
-0.056
-0.06
-0.066
-0.069
-0.068
-0.065
-0.063
-0.061
-0.059
-0.058
-0.059
-0.063
-0.068
-0.073
-0.076
-0.08
-0.084
-0.088
-0.091
-0.091
-0.09
-0.087
-0.083
-0.078
-0.068
-0.05
-0.018
0.016
0.053
0.094
0.114
0.127
0.137
0.138
0.127
0.094
0.036
-0.031
-0.088
-0.114
-0.123
-0.112
-0.079
-0.034
-0.02
-0.014
-0.011
-0.024
-0.034
-0.04
-0.044
-0.047
-0.048
-0.048
-0.047
-0.045
-0.042
-0.039
-0.035
-0.028
-0.016
-0.005
0.001
0.006
0.01
0.012
0.011
0.008
0.003
-0.001
-0.005
-0.011
-0.015
-0.018
-0.017
-0.013
-0.008
-0.001
0.006
0.017
0.026
0.035
0.041
0.045
0.048
0.051
0.053
0.057
0.06
0.063
0.066
0.07
0.075
0.084
0.098
0.111
0.122
0.132
0.139
0.145
0.15
0.154
0.158
0.161
0.163
0.163
0.161
0.156
0.15
0.143
0.128
0.103
0.078
0.054
0.035
0.02
0.007
0.0
-0.003
-0.007
-0.01
-0.013
-0.016
-0.019
-0.022
-0.025
-0.027
-0.03
-0.032
-0.035
