-0.036
-0.034
-0.032
-0.029
-0.029
-0.03
-0.033
-0.038
-0.047
-0.06
-0.065
-0.068
-0.07
-0.071
-0.071
-0.068
-0.063
-0.057
-0.049
-0.036
-0.024
-0.017
-0.011
-0.006
-0.004
-0.005
-0.007
-0.009
-0.011
-0.012
-0.014
-0.016
-0.017
-0.018
-0.02
-0.023
-0.026
-0.03
-0.034
-0.037
-0.04
-0.044
-0.048
-0.049
-0.05
-0.05
-0.05
-0.05
-0.051
-0.052
-0.053
-0.053
-0.053
-0.053
-0.052
-0.052
-0.052
-0.05
-0.046
-0.041
-0.035
-0.013
0.039
0.119
0.231
0.369
0.523
0.681
0.814
0.888
0.888
0.815
0.622
0.359
0.078
-0.161
-0.307
-0.338
-0.276
-0.172
-0.077
-0.029
-0.011
-0.009
-0.011
-0.014
-0.015
-0.007
0.006
0.023
0.034
0.039
0.043
0.046
0.048
0.05
0.052
0.053
0.055
0.056
0.057
0.058
0.057
0.055
0.052
0.048
0.039
0.025
0.018
0.013
0.01
0.007
0.006
0.006
0.006
0.007
0.007
0.007
0.008
0.008
0.009
0.01
0.012
0.015
0.018
0.021
0.025
0.028
0.033
0.038
0.042
0.044
0.046
0.048
0.049
0.051
0.053
0.054
0.056
0.057
0.058
0.059
0.061
0.062
0.064
0.067
0.07
0.076
0.088
0.097
0.102
0.105
0.108
0.11
0.111
0.113
0.114
0.115
0.115
0.116
0.116
0.116
0.118
0.12
0.112
0.099
0.086
0.078
0.073
0.066
0.056
0.048
0.042
0.036
0.031
0.028
0.024
0.018
0.011
0.01
0.009
0.008
0.008
0.007
0.007
0.007
0.007
0.007
0.007
0.007
0.008
0.009
0.011
0.013
0.014
0.016
0.017
0.018
0.02
0.022
0.025
0.027
0.029
0.031
0.032
0.033
0.034
0.035
0.035
0.036
0.036
0.036
0.037
0.038
0.038
0.039
0.04
0.041
0.043
0.044
0.046
0.048
0.05
0.053
0.061
0.071
0.075
0.079
0.078
0.073
0.067
0.063
0.057
0.052
0.042
0.031
0.025
0.02
0.018
0.019
0.02
0.022
0.023
0.024
0.024
0.023
0.02
0.017
0.014
0.01
0.005
0.001
0.0
-0.002
-0.003
-0.003
-0.004
-0.005
-0.006
-0.007
-0.007
-0.008
-0.008
-0.008
-0.008
-0.007
-0.007
-0.006
-0.004
-0.003
-0.001
0.0
0.003
0.015
0.048
0.105
0.19
0.306
0.45
0.612
0.774
0.915
1.01
1.035
0.966
0.792
0.539
0.261
0.009
-0.167
-0.222
-0.218
-0.143
-0.048
0.026
0.061
0.073
0.067
0.05
0.028
0.005
