0.037
0.031
0.025
0.021
0.019
0.017
0.015
0.014
0.013
0.011
0.01
0.009
0.01
0.01
0.012
0.013
0.014
0.017
0.019
0.023
0.028
0.037
0.039
0.039
0.039
0.04
0.041
0.041
0.042
0.042
0.042
0.042
0.042
0.043
0.042
0.042
0.041
0.041
0.041
0.042
0.044
0.046
0.049
0.052
0.054
0.056
0.058
0.06
0.061
0.063
0.065
0.066
0.068
0.069
0.069
0.069
0.069
0.068
0.068
0.067
0.066
0.064
0.062
0.059
0.056
0.041
0.006
-0.045
-0.114
-0.2
-0.304
-0.421
-0.544
-0.662
-0.754
-0.798
-0.766
-0.646
-0.453
-0.226
-0.017
0.128
0.177
0.192
0.201
0.206
0.206
0.203
0.199
0.192
0.179
0.158
0.14
0.128
0.119
0.113
0.108
0.104
0.098
0.091
0.082
0.071
0.06
0.053
0.048
0.044
0.042
0.041
0.041
0.043
0.045
0.047
0.049
0.052
0.054
0.055
0.053
0.047
0.039
0.024
0.003
-0.01
-0.021
-0.034
-0.04
-0.043
-0.046
-0.048
-0.049
-0.05
-0.051
-0.052
-0.053
-0.053
-0.054
-0.055
-0.056
-0.057
-0.059
-0.06
-0.061
-0.062
-0.062
-0.064
-0.065
-0.067
-0.068
-0.07
-0.072
-0.075
-0.078
-0.081
-0.084
-0.086
-0.089
-0.091
-0.094
-0.097
-0.101
-0.105
-0.108
-0.111
-0.115
-0.118
-0.123
-0.128
-0.133
-0.14
-0.148
-0.159
-0.173
-0.184
-0.195
-0.205
-0.216
-0.227
-0.238
-0.248
-0.259
-0.269
-0.275
-0.279
-0.283
-0.285
-0.285
-0.281
-0.274
-0.266
-0.255
-0.243
-0.232
-0.223
-0.215
-0.207
-0.201
-0.196
-0.191
-0.186
-0.181
-0.176
-0.17
-0.162
-0.154
-0.146
-0.138
-0.129
-0.121
-0.114
-0.109
-0.105
-0.101
-0.098
-0.094
-0.089
-0.085
-0.081
-0.077
-0.074
-0.071
-0.068
-0.066
-0.063
-0.06
-0.058
-0.055
-0.053
-0.05
-0.047
-0.044
-0.039
-0.035
-0.033
-0.031
-0.03
-0.029
-0.029
-0.028
-0.027
-0.026
-0.025
-0.025
-0.026
-0.028
-0.029
-0.03
-0.032
-0.034
-0.036
-0.036
-0.033
-0.027
-0.022
-0.016
-0.011
-0.009
-0.008
-0.006
-0.005
-0.004
-0.003
-0.003
-0.003
-0.003
-0.004
-0.004
-0.004
-0.004
-0.005
-0.006
-0.007
-0.007
-0.008
-0.008
-0.007
-0.007
-0.008
-0.009
-0.01
-0.011
-0.009
-0.004
0.0
0.002
0.005
0.007
0.01
0.013
0.015
0.017
0.019
0.02
0.02
0.021
0.022
0.023
0.024
0.026
0.028
0.03
0.03
0.028
0.025
0.022
0.02
0.019
0.017
0.015
0.014
0.013
0.012
0.012
0.012
0.012
0.014
0.016
0.018
0.02
0.022
0.023
0.024
0.025
0.026
0.027
0.028
0.028
0.029
0.029
0.029
0.03
0.031
0.032
0.033
0.034
0.035
0.037
0.039
0.041
0.043
0.045
0.047
0.049
0.052
0.057
0.063
0.067
0.069
0.068
0.064
0.059
0.056
0.054
0.05
0.047
0.043
0.039
0.038
0.039
0.04
0.041
0.042
0.042
0.042
0.043
0.045
0.046
0.047
0.048
0.048
0.049
0.05
0.051
0.052
0.052
0.052
0.051
0.049
0.048
0.047
0.046
0.044
0.042
0.04
0.039
0.037
0.036
0.035
0.032
0.028
0.024
0.022
0.022
0.022
0.023
0.025
0.026
0.027
0.029
0.031
0.033
0.034
0.033
0.031
0.028
0.027
0.026
0.024
0.023
0.021
0.02
0.02
0.02
0.021
0.022
0.024
0.025
0.026
0.027
0.028
0.029
0.03
0.031
0.032
0.032
0.032
0.03
0.028
0.025
0.022
0.019
0.016
0.012
0.007
0.001
-0.003
-0.008
-0.012
-0.016
-0.019
-0.021
-0.022
-0.022
-0.02
-0.017
-0.015
-0.014
-0.013
-0.013
-0.012
-0.01
-0.008
-0.007
-0.005
-0.004
-0.002
-0.001
0.0
0.002
0.003
0.004
0.005
0.008
0.014
0.019
0.023
0.026
0.029
0.031
0.033
0.036
0.037
0.037
0.036
0.034
0.032
0.031
0.03
0.028
0.027
0.026
0.025
0.026
0.028
0.032
0.036
0.039
0.043
0.049
0.055
0.058
0.058
0.055
0.049
0.031
0.0
-0.044
-0.108
-0.188
-0.285
-0.401
-0.531
-0.667
-0.793
-0.879
-0.887
-0.843
-0.694
-0.489
-0.269
-0.068
0.078
0.166
0.191
0.199
0.184
0.16
0.137
0.123
0.115
0.106
0.096
0.091
0.088
0.085
0.082
0.08
0.079
0.078
0.077
0.077
0.078
0.078
0.077
0.078
0.078
0.079
0.08
0.081
0.082
0.083
0.082
0.079
0.076
0.074
0.072
0.07
0.069
0.066
0.064
0.062
0.061
0.059
0.059
0.058
0.057
0.057
0.057
0.057
0.056
0.056
0.055
0.054
0.052
0.051
0.049
0.047
0.045
0.043
0.04
0.037
0.034
0.032
0.03
0.028
0.025
0.023
0.02
0.017
0.014
0.012
0.009
0.007
0.004
0.001
-0.001
-0.007
-0.018
-0.03
-0.038
-0.045
-0.05
-0.054
-0.057
-0.059
-0.061
-0.062
-0.064
-0.065
-0.067
-0.069
-0.071
-0.073
