-0.061
-0.073
-0.078
-0.081
-0.085
-0.088
-0.091
-0.093
-0.094
-0.095
-0.096
-0.098
-0.099
-0.1
-0.1
-0.1
-0.1
-0.1
-0.1
-0.101
-0.102
-0.103
-0.103
-0.104
-0.105
-0.105
-0.106
-0.106
-0.106
-0.105
-0.104
-0.103
-0.101
-0.099
-0.097
-0.094
-0.092
-0.089
-0.086
-0.083
-0.078
-0.067
-0.054
-0.042
-0.029
-0.018
-0.008
0.0
0.01
0.02
0.029
0.037
0.045
0.053
0.061
0.069
0.077
0.084
0.089
0.094
0.098
0.101
0.104
0.108
0.111
0.113
0.116
0.118
0.12
0.123
0.126
0.13
0.144
0.146
0.11
0.032
-0.1
-0.294
-0.527
-0.732
-0.868
-0.933
-0.939
-0.909
-0.821
-0.655
-0.447
-0.241
-0.024
0.16
0.24
0.269
0.279
0.277
0.272
0.266
0.26
0.261
0.277
0.316
0.361
0.42
0.498
0.589
0.676
0.753
0.811
0.831
0.82
0.786
0.71
0.618
0.517
0.412
0.314
0.234
0.176
0.142
0.122
0.113
0.107
0.102
0.095
0.088
0.083
0.075
0.063
0.017
-0.026
-0.055
-0.075
-0.086
-0.093
-0.098
-0.097
-0.087
-0.073
-0.06
-0.051
-0.043
-0.037
-0.029
-0.022
-0.016
-0.011
-0.008
-0.006
-0.006
-0.007
-0.01
-0.016
-0.021
-0.026
-0.029
-0.032
-0.034
-0.036
-0.037
-0.039
-0.04
-0.042
-0.042
-0.043
-0.045
-0.046
-0.048
-0.05
-0.052
-0.053
-0.055
-0.056
-0.057
-0.059
-0.062
-0.066
-0.07
-0.073
-0.078
-0.084
-0.097
-0.108
-0.114
-0.119
-0.121
-0.123
-0.124
-0.126
-0.127
-0.128
-0.129
-0.13
-0.13
-0.13
-0.129
-0.127
-0.124
-0.122
-0.12
-0.117
-0.114
-0.111
-0.108
-0.107
-0.105
-0.104
-0.103
-0.101
-0.1
-0.098
-0.096
-0.094
-0.091
-0.088
-0.086
-0.083
-0.081
-0.079
-0.076
-0.074
-0.072
-0.07
-0.068
-0.066
-0.064
-0.062
-0.059
-0.057
-0.054
-0.051
-0.048
-0.045
-0.043
-0.041
-0.039
-0.037
-0.034
-0.031
-0.028
-0.025
-0.022
-0.017
-0.013
-0.008
-0.002
0.002
0.006
0.01
0.013
0.016
0.019
0.022
0.025
0.029
0.034
0.039
0.044
0.049
0.054
0.059
0.063
0.067
0.07
0.071
0.073
0.074
0.075
0.076
0.076
0.077
0.078
0.078
0.078
0.078
0.078
0.077
0.077
0.076
0.075
0.074
0.073
0.073
0.073
0.074
0.075
0.076
0.077
0.078
0.08
0.082
0.085
0.087
0.088
0.089
0.091
0.092
0.092
0.093
0.094
0.095
0.096
0.097
0.1
0.102
0.104
0.106
0.107
0.109
0.111
0.114
0.119
0.127
0.163
0.221
0.291
0.376
0.473
0.569
0.656
0.72
0.742
0.733
0.705
0.632
0.538
0.431
0.322
0.223
0.141
0.076
0.046
0.034
0.027
0.022
0.018
0.015
0.013
0.011
0.01
0.008
0.007
0.006
0.005
0.003
0.001
-0.001
-0.002
-0.001
0.001
0.004
0.007
0.01
0.013
0.016
0.018
0.02
0.021
0.02
0.018
0.016
0.012
0.009
0.005
0.001
0.0
-0.002
-0.003
-0.004
-0.004
-0.005
-0.005
-0.005
-0.006
-0.006
-0.007
-0.008
-0.01
-0.012
-0.014
-0.015
-0.017
-0.019
-0.02
-0.021
-0.022
-0.023
-0.025
-0.027
-0.029
-0.031
-0.034
-0.037
-0.039
-0.041
-0.043
-0.045
-0.046
-0.046
-0.045
-0.045
-0.045
-0.045
-0.046
-0.046
-0.047
-0.047
-0.048
-0.048
-0.049
-0.05
-0.05
-0.05
-0.049
-0.048
-0.046
-0.044
-0.042
-0.04
-0.038
-0.037
-0.035
-0.032
-0.03
-0.027
-0.025
-0.023
-0.02
-0.017
-0.014
-0.01
-0.006
-0.001
0.002
0.005
0.008
0.009
0.011
0.011
0.011
0.009
0.007
0.004
0.001
-0.002
-0.005
-0.008
-0.011
-0.014
-0.017
-0.019
-0.022
-0.024
-0.027
-0.031
-0.034
-0.037
-0.041
-0.043
-0.046
-0.048
-0.049
-0.05
-0.05
-0.051
-0.052
-0.053
-0.055
-0.057
-0.059
-0.061
-0.063
-0.065
-0.066
-0.065
-0.063
-0.06
-0.055
-0.05
-0.044
-0.038
-0.03
-0.018
-0.007
0.0
0.006
0.009
0.013
0.015
0.017
0.019
0.019
0.019
0.018
0.017
0.015
0.013
0.01
0.008
0.005
0.004
0.003
0.001
0.0
-0.002
-0.004
-0.005
-0.005
-0.004
-0.004
-0.004
-0.004
-0.004
-0.003
-0.003
-0.004
-0.004
-0.005
-0.006
-0.007
-0.007
-0.008
-0.008
-0.007
-0.007
-0.006
-0.005
-0.004
-0.003
-0.002
0.0
0.001
0.003
0.005
0.008
0.01
0.013
0.016
0.019
0.022
0.025
0.028
0.03
0.032
0.034
0.036
0.038
0.04
0.042
0.043
0.044
0.044
0.045
0.044
0.044
0.044
0.045
0.045
0.044
0.044
0.044
0.045
0.045
0.045
0.046
0.046
0.047
0.048
0.049
0.05
0.051
0.053
0.055
0.058
0.062
0.072
0.095
0.133
0.188
0.264
0.363
0.483
0.612
0.73
0.812
0.823
0.799
0.682
0.513
0.325
0.155
0.032
-0.019
-0.035
-0.021
-0.004
0.008
0.008
-0.007
-0.019
-0.031
-0.039
-0.041
