-0.062
-0.063
-0.063
-0.062
-0.061
-0.06
-0.059
-0.058
-0.058
-0.059
-0.061
-0.064
-0.065
-0.06
-0.054
-0.05
-0.047
-0.043
-0.04
-0.037
-0.034
-0.032
-0.031
-0.032
-0.035
-0.039
-0.043
-0.048
-0.051
-0.055
-0.06
-0.066
-0.072
-0.078
-0.084
-0.091
-0.098
-0.107
-0.12
-0.132
-0.144
-0.154
-0.162
-0.168
-0.174
-0.18
-0.185
-0.19
-0.195
-0.2
-0.205
-0.21
-0.215
-0.219
-0.222
-0.226
-0.229
-0.233
-0.237
-0.242
-0.247
-0.251
-0.255
-0.259
-0.264
-0.269
-0.275
-0.284
-0.302
-0.317
-0.331
-0.34
-0.347
-0.354
-0.358
-0.361
-0.362
-0.36
-0.355
-0.349
-0.341
-0.332
-0.318
-0.295
-0.284
-0.28
-0.277
-0.274
-0.272
-0.27
-0.268
-0.264
-0.261
-0.257
-0.253
-0.248
-0.243
-0.238
-0.232
-0.225
-0.211
-0.2
-0.197
-0.194
-0.192
-0.189
-0.186
-0.183
-0.182
-0.185
-0.192
-0.201
-0.209
-0.216
-0.223
-0.229
-0.235
-0.241
-0.245
-0.247
-0.246
-0.242
-0.238
-0.231
-0.225
-0.218
-0.21
-0.199
-0.187
-0.177
-0.169
-0.161
-0.154
-0.147
-0.141
-0.135
-0.127
-0.119
-0.109
-0.1
-0.092
-0.083
-0.075
-0.067
-0.059
-0.053
-0.047
-0.04
-0.032
-0.02
0.001
0.029
0.054
0.077
0.087
0.092
0.096
0.1
0.103
0.104
0.104
0.101
0.098
0.095
0.089
0.091
0.104
0.111
0.115
0.118
0.121
0.123
0.126
0.128
0.131
0.132
0.133
0.132
0.13
0.129
0.127
0.125
0.122
0.12
0.117
0.115
0.112
0.109
0.101
0.093
0.093
0.102
0.115
0.132
0.154
0.169
0.183
0.196
0.195
0.172
0.139
0.086
0.056
0.043
0.032
0.024
0.018
0.012
0.006
0.001
-0.002
-0.005
-0.009
-0.013
-0.02
-0.031
-0.036
-0.027
-0.008
0.012
0.037
0.056
0.07
0.079
0.088
0.098
0.11
0.126
0.148
0.171
0.188
0.201
0.212
0.223
0.233
0.245
0.259
0.275
0.294
0.304
0.312
0.319
0.325
0.329
0.332
0.334
0.335
0.334
0.332
0.328
0.324
0.318
0.312
0.306
0.298
0.284
0.27
0.257
0.245
0.235
0.227
0.22
0.212
0.203
0.195
0.186
0.176
0.164
0.15
0.134
0.119
0.103
0.091
0.079
0.068
0.059
0.053
0.048
0.044
0.04
0.036
0.032
0.027
0.022
0.016
0.009
0.0
-0.011
-0.021
-0.029
-0.034
-0.038
-0.042
-0.045
-0.049
-0.052
-0.056
-0.06
-0.063
-0.066
-0.069
