-0.129
-0.132
-0.136
-0.144
-0.149
-0.144
-0.134
-0.124
-0.113
-0.103
-0.095
-0.089
-0.084
-0.081
-0.077
-0.073
-0.069
-0.065
-0.062
-0.059
-0.057
-0.055
-0.053
-0.051
-0.049
-0.048
-0.046
-0.044
-0.042
-0.04
-0.037
-0.036
-0.035
-0.036
-0.037
-0.038
-0.04
-0.042
-0.045
-0.048
-0.05
-0.053
-0.056
-0.058
-0.06
-0.062
-0.066
-0.07
-0.074
-0.078
-0.082
-0.085
-0.086
-0.087
-0.088
-0.087
-0.086
-0.084
-0.082
-0.08
-0.078
-0.077
-0.076
-0.075
-0.075
-0.074
-0.073
-0.073
-0.072
-0.071
-0.07
-0.069
-0.068
-0.067
-0.066
-0.065
-0.063
-0.062
-0.061
-0.06
-0.058
-0.056
-0.054
-0.048
-0.036
-0.034
-0.034
-0.033
-0.032
-0.031
-0.03
-0.031
-0.033
-0.035
-0.036
-0.037
-0.037
-0.038
-0.04
-0.04
-0.041
-0.04
-0.039
-0.039
-0.04
-0.041
-0.042
-0.042
-0.043
-0.044
-0.045
-0.048
-0.049
-0.051
-0.052
-0.054
-0.055
-0.057
-0.061
-0.064
-0.068
-0.07
-0.071
-0.07
-0.069
-0.066
-0.063
-0.06
-0.058
-0.055
-0.051
-0.048
-0.045
-0.041
-0.038
-0.034
-0.03
-0.025
-0.022
-0.018
-0.015
-0.012
-0.006
0.0
0.004
0.005
0.003
0.0
-0.004
-0.008
-0.01
-0.013
-0.017
-0.02
-0.022
-0.022
-0.019
-0.016
-0.012
-0.01
-0.008
-0.006
-0.003
0.0
0.002
0.003
0.004
0.004
0.004
0.003
0.001
0.0
-0.003
-0.007
-0.01
-0.013
-0.015
-0.018
-0.02
-0.022
-0.024
-0.025
-0.024
-0.021
-0.018
-0.015
-0.012
-0.009
-0.006
-0.002
0.002
0.006
0.009
0.01
0.009
0.007
0.005
0.002
0.0
-0.006
-0.01
-0.006
0.001
0.005
0.008
0.01
0.012
0.014
0.016
0.018
0.02
0.022
0.022
0.022
0.022
0.021
0.02
0.018
0.015
0.012
0.009
0.006
0.003
0.0
-0.003
-0.011
-0.019
-0.023
-0.025
-0.027
-0.029
-0.033
-0.02
0.019
0.081
0.171
0.288
0.429
0.592
0.748
0.857
0.869
0.822
0.651
0.415
0.168
-0.037
-0.17
-0.195
-0.187
-0.123
-0.053
-0.003
0.012
0.003
-0.005
-0.013
-0.017
-0.012
0.002
0.02
0.039
0.042
0.045
0.047
0.038
0.032
0.03
0.028
0.027
0.026
0.025
0.024
0.023
0.023
0.023
0.024
0.026
0.029
0.032
0.036
0.04
0.046
0.052
0.061
0.07
0.078
0.086
0.092
0.098
0.104
0.111
0.118
0.126
0.134
0.141
0.149
0.159
0.172
0.186
0.195
