0.054
0.051
0.047
0.044
0.04
0.037
0.032
0.023
0.015
0.013
0.012
0.012
0.012
0.011
0.01
0.01
0.009
0.01
0.01
0.01
0.011
0.012
0.013
0.015
0.017
0.02
0.023
0.025
0.027
0.029
0.03
0.032
0.034
0.035
0.036
0.037
0.037
0.037
0.037
0.037
0.036
0.036
0.035
0.033
0.032
0.03
0.028
0.023
0.02
0.021
0.023
0.024
0.025
0.027
0.028
0.028
0.026
0.024
0.022
0.019
0.017
0.014
0.013
0.014
0.017
0.02
0.021
0.023
0.024
0.025
0.026
0.027
0.028
0.029
0.03
0.031
0.032
0.032
0.033
0.034
0.035
0.036
0.036
0.035
0.034
0.033
0.033
0.032
0.031
0.029
0.028
0.027
0.026
0.025
0.025
0.024
0.022
0.02
0.019
0.018
0.016
0.014
0.012
0.011
0.009
0.008
0.007
0.006
0.005
0.004
0.003
0.002
0.002
0.002
0.002
0.001
0.0
0.0
0.0
-0.001
-0.001
-0.002
-0.002
-0.003
-0.002
-0.001
0.001
0.004
0.007
0.009
0.011
0.012
0.014
0.016
0.017
0.019
0.021
0.022
0.023
0.025
0.026
0.027
0.028
0.028
0.028
0.028
0.028
0.027
0.027
0.026
0.025
0.025
0.024
0.024
0.023
0.023
0.022
0.021
0.021
0.02
0.019
0.017
0.014
0.011
0.01
0.011
0.012
0.013
0.013
0.014
0.016
0.018
0.02
0.021
0.02
0.019
0.017
0.015
0.014
0.013
0.012
0.011
0.01
0.009
0.008
0.007
0.007
0.006
0.005
0.004
0.003
0.002
0.001
0.0
0.0
-0.001
-0.002
-0.003
-0.004
-0.005
-0.006
-0.007
-0.008
-0.009
-0.01
-0.011
-0.011
-0.012
-0.012
-0.012
-0.012
-0.012
-0.011
-0.01
-0.009
-0.008
-0.007
-0.006
-0.005
-0.005
-0.004
-0.005
-0.005
-0.005
-0.005
-0.004
-0.004
-0.003
-0.002
-0.002
-0.002
-0.002
-0.002
-0.003
-0.004
-0.005
-0.007
-0.008
-0.01
-0.011
-0.013
-0.015
-0.016
-0.018
-0.022
-0.026
-0.028
-0.026
-0.021
-0.015
-0.008
0.0
0.005
0.007
0.008
0.01
0.011
0.012
0.013
0.014
0.014
0.014
0.014
0.014
0.012
0.01
0.007
0.004
0.001
-0.001
-0.005
-0.014
-0.023
-0.031
-0.036
-0.041
-0.045
-0.048
-0.049
-0.049
-0.046
-0.043
-0.038
-0.034
-0.026
-0.02
-0.015
-0.007
0.005
0.029
0.063
0.106
0.158
0.21
0.246
0.249
0.232
0.17
0.083
-0.012
-0.097
