0.068
0.066
0.063
0.061
0.06
0.058
0.057
0.056
0.055
0.055
0.055
0.055
0.055
0.054
0.054
0.054
0.053
0.052
0.052
0.051
0.05
0.05
0.049
0.049
0.048
0.048
0.047
0.047
0.046
0.045
0.043
0.041
0.039
0.037
0.035
0.032
0.03
0.028
0.027
0.027
0.028
0.03
0.033
0.036
0.039
0.042
0.045
0.048
0.051
0.053
0.056
0.057
0.058
0.057
0.055
0.054
0.052
0.05
0.049
0.048
0.048
0.047
0.047
0.047
0.047
0.047
0.047
0.047
0.046
0.046
0.045
0.045
0.045
0.044
0.043
0.042
0.041
0.039
0.037
0.034
0.029
0.019
0.008
-0.003
-0.008
-0.012
-0.016
-0.019
-0.022
-0.024
-0.026
-0.028
-0.029
-0.03
-0.03
-0.031
-0.031
-0.031
-0.03
-0.029
-0.028
-0.027
-0.024
-0.022
-0.02
-0.017
-0.015
-0.012
-0.009
-0.007
-0.003
0.0
0.004
0.007
0.011
0.014
0.017
0.02
0.023
0.026
0.029
0.032
0.036
0.039
0.041
0.041
0.038
0.034
0.029
0.023
0.017
0.009
0.0
-0.005
-0.01
-0.015
-0.02
-0.025
-0.029
-0.034
-0.04
-0.046
-0.05
-0.054
-0.058
-0.062
-0.064
-0.064
-0.063
-0.061
-0.057
-0.052
-0.047
-0.042
-0.036
-0.03
-0.025
-0.021
-0.016
-0.013
-0.011
-0.009
-0.008
-0.006
-0.005
-0.004
-0.002
-0.001
0.0
0.001
0.001
0.002
0.002
0.001
0.001
0.0
0.0
-0.001
-0.002
-0.003
-0.005
-0.006
-0.008
-0.009
-0.011
-0.012
-0.014
-0.016
-0.017
-0.019
-0.021
-0.023
-0.026
-0.028
-0.03
-0.032
-0.033
-0.033
-0.033
-0.032
-0.031
-0.029
-0.026
-0.024
-0.021
-0.018
-0.016
-0.014
-0.011
-0.008
-0.004
-0.001
0.001
0.0
-0.001
-0.005
-0.009
-0.012
-0.014
-0.015
-0.016
-0.017
-0.019
-0.02
-0.021
-0.022
-0.024
-0.025
-0.026
-0.028
-0.029
-0.029
-0.03
-0.031
-0.032
-0.032
-0.032
-0.033
-0.033
-0.033
-0.034
-0.035
-0.036
-0.036
-0.036
-0.036
-0.036
-0.036
-0.035
-0.034
-0.033
-0.031
-0.029
-0.026
-0.024
-0.021
-0.018
-0.013
-0.004
0.004
0.012
0.021
0.031
0.035
0.037
0.039
0.04
0.042
0.043
0.042
0.038
0.03
0.024
0.019
0.015
0.011
0.007
0.003
0.0
-0.003
-0.005
-0.006
-0.007
-0.009
-0.01
-0.011
-0.012
-0.014
-0.017
-0.02
-0.021
-0.02
-0.016
-0.01
-0.003
0.012
0.025
0.029
0.033
0.017
-0.031
