-0.037
-0.037
-0.037
-0.037
-0.035
-0.033
-0.031
-0.029
-0.027
-0.024
-0.022
-0.021
-0.019
-0.018
-0.017
-0.016
-0.015
-0.014
-0.012
-0.011
-0.01
-0.009
-0.008
-0.008
-0.007
-0.007
-0.008
-0.008
-0.008
-0.009
-0.01
-0.01
-0.011
-0.011
-0.012
-0.013
-0.013
-0.014
-0.015
-0.016
-0.016
-0.017
-0.017
-0.018
-0.019
-0.019
-0.02
-0.021
-0.023
-0.024
-0.021
-0.013
0.01
0.043
0.088
0.142
0.203
0.263
0.319
0.358
0.371
0.364
0.342
0.285
0.208
0.131
0.062
0.011
-0.014
-0.02
-0.025
-0.028
-0.031
-0.034
-0.035
-0.036
-0.036
-0.037
-0.037
-0.037
-0.037
-0.037
-0.036
-0.037
-0.037
-0.038
-0.038
-0.038
-0.036
-0.031
-0.025
-0.02
-0.015
-0.01
-0.007
-0.003
0.0
0.002
0.004
0.006
0.007
0.008
0.009
0.01
0.012
0.013
0.015
0.016
0.017
0.019
0.021
0.022
0.024
0.027
0.029
0.033
0.038
0.043
0.047
0.05
0.054
0.058
0.063
0.069
0.075
0.081
0.088
0.096
0.102
0.108
0.113
0.119
0.123
0.126
0.128
0.13
0.132
0.134
0.135
0.134
0.13
0.125
0.115
0.101
0.086
0.071
0.055
0.04
0.029
0.022
0.016
0.008
0.003
0.0
-0.003
-0.007
-0.01
-0.014
-0.018
-0.025
-0.034
-0.042
-0.048
-0.051
-0.054
-0.057
-0.06
-0.063
-0.065
-0.068
-0.07
-0.071
-0.072
-0.073
-0.071
-0.069
-0.066
-0.062
-0.057
-0.05
-0.044
-0.039
-0.035
-0.032
-0.028
-0.024
-0.02
-0.017
-0.015
-0.012
-0.01
-0.009
-0.01
-0.011
-0.012
-0.014
-0.015
-0.016
-0.016
-0.018
-0.019
-0.019
-0.019
-0.019
-0.018
-0.018
-0.016
-0.016
-0.015
-0.014
-0.012
-0.011
-0.01
-0.01
-0.011
-0.013
-0.014
-0.015
-0.016
-0.017
-0.018
-0.019
-0.021
-0.022
-0.023
-0.025
-0.026
-0.027
-0.028
-0.028
-0.029
-0.03
-0.031
-0.033
-0.038
-0.04
-0.038
-0.031
-0.01
0.026
0.08
0.145
0.215
0.281
0.334
0.358
0.358
0.334
0.284
0.219
0.148
0.082
0.024
-0.025
-0.05
-0.059
-0.062
-0.062
-0.06
-0.057
-0.055
-0.061
-0.065
-0.067
-0.069
-0.07
-0.071
-0.072
-0.072
-0.072
-0.073
-0.073
-0.073
-0.072
-0.07
-0.068
-0.066
-0.063
-0.061
-0.057
-0.051
-0.046
-0.041
-0.037
-0.034
-0.031
-0.028
-0.025
-0.022
-0.019
-0.014
-0.007
0.0
0.007
0.013
0.019
0.026
0.031
0.035
0.038
0.042
0.045
0.048
0.051
0.054
0.057
0.059
0.061
0.063
0.064
0.065
0.065
0.066
0.066
0.067
0.068
0.07
0.07
0.071
0.07
0.068
0.064
0.061
0.057
0.052
0.047
0.041
0.035
0.029
0.024
0.018
0.012
0.006
-0.001
-0.012
-0.021
-0.024
-0.026
-0.027
-0.029
-0.03
-0.031
-0.031
-0.032
-0.033
-0.033
-0.033
-0.033
-0.033
-0.032
-0.031
-0.03
-0.029
-0.028
-0.028
-0.027
-0.026
-0.026
-0.026
-0.027
-0.027
-0.026
-0.026
-0.025
-0.025
-0.026
-0.026
-0.026
-0.027
-0.027
-0.027
-0.028
-0.029
-0.03
-0.03
-0.031
-0.031
-0.031
-0.031
-0.03
-0.029
-0.027
-0.025
-0.023
-0.021
-0.02
-0.018
-0.016
-0.012
-0.009
-0.009
-0.01
-0.01
-0.011
-0.011
-0.01
-0.01
-0.009
-0.01
-0.01
-0.01
-0.01
-0.011
-0.011
-0.012
-0.013
-0.014
-0.014
-0.014
-0.014
-0.014
-0.014
-0.014
-0.014
-0.014
-0.014
-0.014
-0.015
-0.015
-0.015
-0.015
-0.014
-0.013
-0.012
-0.011
-0.01
-0.009
-0.008
-0.007
-0.006
-0.005
-0.005
-0.004
-0.003
-0.001
0.0
0.0
0.002
0.003
0.004
0.005
0.005
0.005
0.005
0.005
0.004
0.003
0.002
0.0
0.0
-0.001
-0.003
-0.004
-0.005
-0.006
-0.008
-0.009
-0.011
-0.013
-0.015
-0.017
-0.02
-0.021
-0.023
-0.023
-0.023
-0.023
-0.023
-0.022
-0.021
-0.021
-0.02
-0.019
-0.018
-0.018
-0.018
-0.017
-0.016
-0.015
-0.014
-0.013
-0.011
-0.01
-0.008
-0.006
-0.003
0.0
0.004
0.012
0.014
0.015
0.016
0.016
0.017
0.018
0.019
0.019
0.02
0.02
0.019
0.018
0.016
0.014
0.011
0.008
0.005
0.001
-0.006
-0.013
-0.018
-0.021
-0.024
-0.026
-0.028
-0.029
-0.028
-0.025
-0.021
-0.018
-0.016
-0.014
-0.012
-0.01
-0.009
-0.007
-0.005
-0.003
-0.001
0.0
0.001
0.002
0.004
0.005
0.007
0.01
0.016
0.022
0.029
0.034
0.038
0.041
0.043
0.045
0.047
0.048
0.048
0.049
0.049
0.049
0.049
0.05
0.051
0.051
0.049
0.043
0.037
0.033
0.028
0.023
0.019
0.017
0.015
0.014
0.012
0.01
0.007
0.004
0.0
-0.001
-0.002
-0.003
-0.004
-0.006
-0.007
-0.007
-0.008
-0.008
-0.008
-0.008
-0.007
-0.006
-0.005
-0.003
-0.001
0.001
0.004
0.018
0.042
0.079
0.13
0.193
0.267
0.346
0.418
0.474
0.499
0.498
0.466
0.403
0.328
0.252
