-0.043
-0.04
-0.037
-0.035
-0.034
-0.033
-0.032
-0.031
-0.03
-0.029
-0.028
-0.026
-0.025
-0.023
-0.022
-0.022
-0.023
-0.024
-0.026
-0.028
-0.031
-0.033
-0.036
-0.039
-0.046
-0.059
-0.065
-0.069
-0.073
-0.074
-0.072
-0.068
-0.063
-0.058
-0.051
-0.047
-0.051
-0.059
-0.065
-0.07
-0.075
-0.078
-0.075
-0.067
-0.057
-0.048
-0.037
-0.029
-0.028
-0.033
-0.039
-0.042
-0.046
-0.049
-0.051
-0.052
-0.049
-0.045
-0.039
-0.032
-0.026
-0.018
-0.01
-0.005
-0.002
0.0
0.003
0.008
0.01
0.007
-0.001
-0.011
-0.024
-0.038
-0.052
-0.064
-0.067
-0.07
-0.074
-0.073
-0.063
-0.053
-0.044
-0.038
-0.033
-0.029
-0.025
-0.022
-0.02
-0.022
-0.025
-0.03
-0.033
-0.036
-0.039
-0.041
-0.042
-0.041
-0.037
-0.031
-0.026
-0.019
-0.01
-0.003
0.0
0.001
0.003
0.003
0.004
0.005
0.006
0.007
0.008
0.01
0.012
0.014
0.017
0.02
0.024
0.027
0.03
0.035
0.041
0.044
0.046
0.047
0.048
0.05
0.053
0.055
0.056
0.054
0.048
0.044
0.042
0.04
0.039
0.036
0.034
0.032
0.03
0.028
0.028
0.027
0.027
0.027
0.027
0.028
0.028
0.029
0.028
0.028
0.028
0.029
0.029
0.03
0.03
0.031
0.032
0.033
0.035
0.038
0.041
0.043
0.06
0.1
0.148
0.195
0.213
0.224
0.222
0.197
0.161
0.125
0.106
0.088
0.068
0.049
0.035
0.024
0.029
0.055
0.067
0.072
0.075
0.065
0.057
0.052
0.048
0.045
0.044
0.043
0.043
0.043
0.043
0.043
0.042
0.042
0.043
0.043
0.044
0.044
0.043
0.043
0.042
0.042
0.041
0.041
0.042
0.042
0.044
0.045
0.046
0.046
0.045
0.045
0.044
0.044
0.043
0.042
0.041
0.041
0.041
0.041
0.042
0.042
0.041
0.04
0.038
0.036
0.034
0.032
0.03
0.028
0.029
0.033
0.04
0.05
0.069
0.088
0.107
0.122
0.132
0.142
0.151
0.155
0.159
0.162
0.165
0.167
0.168
0.169
0.17
0.169
0.168
0.167
0.164
0.16
0.156
0.151
0.146
0.138
0.124
0.11
0.098
0.085
0.072
0.058
0.044
0.029
0.015
0.002
-0.008
-0.019
-0.03
-0.04
-0.049
-0.054
-0.058
-0.062
-0.066
-0.07
-0.073
-0.078
-0.083
-0.088
-0.092
-0.096
-0.1
-0.103
-0.107
-0.111
-0.116
-0.12
-0.123
-0.126
-0.127
-0.128
-0.128
-0.126
-0.123
