0.02
0.02
0.021
0.022
0.023
0.025
0.026
0.028
0.03
0.033
0.036
0.039
0.042
0.045
0.048
0.052
0.057
0.064
0.07
0.074
0.078
0.081
0.085
0.088
0.092
0.096
0.099
0.102
0.104
0.105
0.107
0.108
0.109
0.11
0.111
0.112
0.114
0.117
0.12
0.121
0.121
0.119
0.116
0.113
0.111
0.108
0.105
0.101
0.099
0.097
0.096
0.095
0.094
0.093
0.091
0.088
0.086
0.085
0.085
0.087
0.089
0.09
0.092
0.095
0.098
0.101
0.102
0.097
0.09
0.082
0.076
0.07
0.064
0.057
0.052
0.047
0.044
0.042
0.041
0.042
0.044
0.046
0.05
0.054
0.057
0.061
0.065
0.069
0.073
0.079
0.084
0.089
0.094
0.098
0.105
0.119
0.146
0.197
0.281
0.397
0.54
0.706
0.889
1.076
1.249
1.381
1.421
1.405
1.284
1.063
0.8
0.542
0.321
0.155
0.047
-0.003
-0.019
-0.029
-0.035
-0.036
-0.034
-0.03
-0.026
-0.022
-0.016
-0.012
-0.009
-0.012
-0.019
-0.026
-0.031
-0.037
-0.042
-0.047
-0.049
-0.048
-0.044
-0.039
-0.034
-0.032
-0.029
-0.027
-0.024
-0.021
-0.019
-0.016
-0.015
-0.013
-0.013
-0.013
-0.013
-0.012
-0.011
-0.01
-0.009
-0.008
-0.008
-0.006
-0.004
-0.002
0.0
0.001
0.002
0.002
0.003
0.005
0.006
0.008
0.009
0.01
0.011
0.014
0.017
0.019
0.021
0.022
0.023
0.024
0.026
0.027
0.028
0.026
0.023
0.021
0.019
0.017
0.015
0.012
0.009
0.005
0.003
0.001
0.0
-0.005
-0.012
-0.018
-0.021
-0.02
-0.019
-0.017
-0.016
-0.016
-0.015
-0.014
-0.012
-0.011
-0.01
-0.009
-0.009
-0.009
-0.009
-0.009
-0.009
-0.01
-0.012
-0.013
-0.013
-0.014
-0.016
-0.017
-0.017
-0.014
-0.01
-0.006
-0.003
-0.001
0.001
0.004
0.007
0.011
0.016
0.021
0.025
0.029
0.033
0.038
0.043
0.047
0.048
0.045
0.039
0.033
0.027
0.025
0.022
0.02
0.017
0.015
0.013
0.01
0.008
0.007
0.005
0.003
0.002
0.001
0.001
0.001
0.001
0.001
0.001
0.001
0.0
0.0
-0.001
-0.002
-0.003
-0.003
-0.003
-0.003
-0.002
-0.002
-0.003
-0.003
-0.004
-0.006
-0.007
-0.008
-0.009
-0.01
-0.01
-0.011
-0.011
-0.012
-0.012
-0.013
-0.014
-0.015
-0.015
-0.015
-0.016
-0.018
-0.019
-0.021
-0.023
-0.024
-0.025
-0.027
-0.03
-0.032
-0.032
