0.009
0.011
0.013
0.011
0.007
0.002
-0.003
-0.01
-0.026
-0.049
-0.039
-0.028
-0.022
-0.018
-0.012
-0.004
0.004
0.01
0.016
0.022
0.027
0.03
0.03
0.03
0.031
0.032
0.033
0.035
0.037
0.038
0.039
0.037
0.033
0.029
0.026
0.023
0.021
0.018
0.015
0.012
0.009
0.006
0.001
-0.003
-0.008
-0.013
-0.02
-0.03
-0.04
-0.047
-0.053
-0.057
-0.061
-0.064
-0.067
-0.07
-0.071
-0.072
-0.071
-0.067
-0.061
-0.055
-0.048
-0.04
-0.031
-0.021
-0.012
-0.003
0.004
0.01
0.015
0.021
0.025
0.029
0.032
0.033
0.034
0.035
0.035
0.036
0.037
0.038
0.04
0.041
0.043
0.046
0.05
0.055
0.062
0.072
0.111
0.188
0.293
0.413
0.527
0.613
0.651
0.663
0.646
0.595
0.514
0.416
0.307
0.2
0.108
0.057
0.039
0.032
0.034
0.039
0.042
0.043
0.044
0.044
0.045
0.046
0.048
0.051
0.054
0.057
0.06
0.063
0.067
0.072
0.077
0.081
0.086
0.09
0.094
0.098
0.102
0.105
0.108
0.111
0.114
0.117
0.12
0.122
0.125
0.127
0.129
0.131
0.133
0.133
0.134
0.134
0.134
0.134
0.135
0.136
0.137
0.138
0.14
0.141
0.142
0.142
0.141
0.14
0.14
0.139
0.138
0.137
0.137
0.136
0.136
0.135
0.135
0.134
0.133
0.132
0.13
0.127
0.125
0.122
0.12
0.117
0.114
0.105
0.096
0.089
0.084
0.081
0.079
0.077
0.075
0.073
0.072
0.07
0.069
0.067
0.064
0.062
0.059
0.057
0.054
0.051
0.048
0.044
0.041
0.037
0.032
0.027
0.021
0.016
0.011
0.007
0.004
0.002
0.001
0.0
0.0
0.0
-0.001
-0.001
-0.002
-0.003
-0.004
-0.005
-0.006
-0.006
-0.006
-0.005
-0.004
-0.003
-0.001
0.0
0.0
0.002
0.002
0.002
0.002
0.001
0.001
0.001
0.001
0.0
0.0
0.0
0.0
0.0
-0.001
-0.003
-0.005
-0.007
-0.009
-0.012
-0.014
-0.016
-0.018
-0.02
-0.021
-0.022
-0.024
-0.026
-0.028
-0.03
-0.033
-0.035
-0.037
-0.04
-0.042
-0.044
-0.045
-0.047
-0.048
-0.049
-0.05
-0.051
-0.052
-0.053
-0.054
-0.054
-0.055
-0.055
-0.054
-0.053
-0.051
-0.049
-0.047
-0.045
-0.042
-0.04
-0.038
-0.035
-0.033
-0.031
-0.029
-0.027
-0.025
-0.021
-0.016
-0.011
-0.008
-0.006
-0.006
-0.007
-0.011
-0.017
-0.024
-0.031
-0.041
