0.138
0.115
0.093
0.072
0.052
0.035
0.021
0.005
-0.006
-0.014
-0.021
-0.028
-0.033
-0.036
-0.039
-0.042
-0.046
-0.05
-0.054
-0.058
-0.061
-0.066
-0.07
-0.073
-0.074
-0.074
-0.075
-0.075
-0.076
-0.077
-0.078
-0.075
-0.069
-0.065
-0.061
-0.058
-0.055
-0.051
-0.047
-0.044
-0.041
-0.039
-0.037
-0.035
-0.033
-0.032
-0.032
-0.032
-0.032
-0.033
-0.034
-0.036
-0.038
-0.041
-0.044
-0.048
-0.055
-0.059
-0.057
-0.05
-0.031
0.013
0.082
0.177
0.295
0.418
0.514
0.554
0.515
0.391
0.2
-0.015
-0.209
-0.342
-0.381
-0.378
-0.327
-0.274
-0.234
-0.218
-0.207
-0.194
-0.171
-0.139
-0.106
-0.081
-0.069
-0.063
-0.06
-0.057
-0.056
-0.058
-0.063
-0.068
-0.073
-0.079
-0.084
-0.084
-0.08
-0.075
-0.066
-0.05
-0.03
-0.014
0.0
0.012
0.034
0.058
0.072
0.085
0.099
0.114
0.131
0.149
0.165
0.181
0.195
0.202
0.206
0.209
0.21
0.208
0.204
0.198
0.192
0.184
0.177
0.171
0.164
0.155
0.147
0.136
0.122
0.107
0.092
0.078
0.061
0.042
0.023
0.006
-0.009
-0.021
-0.03
-0.038
-0.047
-0.062
-0.07
-0.073
-0.076
-0.078
-0.079
-0.08
-0.081
-0.082
-0.084
-0.085
-0.086
-0.087
-0.088
-0.089
-0.09
-0.091
-0.092
-0.093
-0.094
-0.095
-0.096
-0.096
-0.097
-0.097
-0.097
-0.096
-0.095
-0.095
-0.094
-0.093
-0.093
-0.092
-0.091
-0.089
-0.088
-0.087
-0.087
-0.088
-0.089
-0.09
-0.092
-0.094
-0.096
-0.097
-0.098
-0.097
-0.094
-0.092
-0.091
-0.089
-0.088
-0.086
-0.085
-0.084
-0.083
-0.083
-0.084
-0.085
-0.087
-0.09
-0.093
-0.097
-0.106
-0.123
-0.137
-0.147
-0.147
-0.132
-0.092
-0.008
0.114
0.267
0.419
0.534
0.564
0.485
0.307
0.073
-0.155
-0.323
-0.388
-0.39
-0.338
-0.266
-0.211
-0.185
-0.177
-0.171
-0.167
-0.16
-0.148
-0.14
-0.136
-0.134
-0.132
-0.131
-0.13
-0.128
-0.126
-0.125
-0.124
-0.122
-0.12
-0.118
-0.113
-0.105
-0.096
-0.083
-0.07
-0.057
-0.043
-0.03
-0.013
0.006
0.024
0.04
0.055
0.071
0.088
0.105
0.123
0.143
0.16
0.175
0.19
0.201
0.209
0.214
0.217
0.221
0.222
0.218
0.208
0.193
0.174
0.158
0.144
0.125
0.102
0.077
0.052
0.036
0.019
0.002
-0.012
-0.03
-0.05
-0.067
-0.075
-0.079
-0.082
-0.084
-0.085
-0.084
-0.081
