-0.073
-0.072
-0.071
-0.07
-0.068
-0.067
-0.065
-0.063
-0.062
-0.06
-0.058
-0.055
-0.052
-0.048
-0.045
-0.042
-0.039
-0.035
-0.029
-0.024
-0.02
-0.017
-0.014
-0.012
-0.009
-0.005
0.0
0.005
0.014
0.026
0.033
0.04
0.047
0.053
0.056
0.058
0.059
0.06
0.061
0.062
0.063
0.064
0.065
0.065
0.065
0.064
0.063
0.061
0.059
0.058
0.056
0.055
0.053
0.05
0.045
0.038
0.031
0.019
0.002
-0.012
-0.023
-0.032
-0.037
-0.039
-0.042
-0.044
-0.045
-0.046
-0.046
-0.046
-0.045
-0.044
-0.043
-0.04
-0.038
-0.035
-0.033
-0.03
-0.027
-0.024
-0.022
-0.02
-0.019
-0.018
-0.018
-0.017
-0.016
-0.015
-0.014
-0.012
-0.011
-0.008
-0.006
-0.004
-0.001
0.0
0.002
0.005
0.007
0.009
0.01
0.01
0.009
0.007
0.006
0.005
0.003
0.002
0.0
-0.001
-0.003
-0.004
-0.005
-0.006
-0.005
-0.004
-0.003
-0.001
0.001
0.004
0.007
0.011
0.021
0.033
0.037
0.039
0.027
-0.012
-0.071
-0.15
-0.244
-0.346
-0.437
-0.494
-0.502
-0.486
-0.425
-0.344
-0.256
-0.177
-0.116
-0.074
-0.044
-0.026
-0.007
0.01
0.03
0.046
0.055
0.06
0.066
0.072
0.083
0.096
0.101
0.103
0.105
0.106
0.108
0.11
0.112
0.114
0.116
0.118
0.119
0.12
0.121
0.122
0.124
0.125
0.127
0.129
0.132
0.134
0.136
0.137
0.138
0.139
0.14
0.142
0.145
0.153
0.166
0.171
0.174
0.177
0.178
0.18
0.181
0.183
0.185
0.186
0.187
0.187
0.185
0.182
0.177
0.16
0.135
0.105
0.076
0.052
0.03
0.007
-0.017
-0.033
-0.045
-0.053
-0.06
-0.067
-0.074
-0.081
-0.085
-0.088
-0.09
-0.091
-0.093
-0.094
-0.096
-0.098
-0.1
-0.101
-0.102
-0.104
-0.105
-0.107
-0.108
-0.108
-0.106
-0.102
-0.098
-0.093
-0.085
-0.078
-0.071
-0.067
-0.064
-0.062
-0.06
-0.058
-0.056
-0.055
-0.053
-0.052
-0.051
-0.05
-0.049
-0.048
-0.048
-0.048
-0.048
-0.048
-0.048
-0.048
-0.047
-0.047
-0.047
-0.046
-0.046
-0.045
-0.044
-0.043
-0.043
-0.042
-0.042
-0.042
-0.041
-0.04
-0.039
-0.038
-0.036
-0.034
-0.032
-0.031
-0.029
-0.028
-0.025
-0.022
-0.019
-0.014
-0.004
0.005
0.018
0.035
0.054
0.073
0.093
0.108
0.117
0.123
0.115
0.09
0.04
-0.029
-0.114
-0.205
-0.293
-0.364
-0.396
-0.396
-0.362
