0.009
0.011
0.012
0.015
0.02
0.029
0.034
0.038
0.028
0.017
0.01
0.005
0.001
-0.003
-0.013
-0.03
-0.039
-0.044
-0.048
-0.037
-0.026
-0.019
-0.013
-0.008
-0.004
-0.001
0.0
0.001
0.003
0.004
0.005
0.006
0.006
0.008
0.009
0.01
0.012
0.012
0.013
0.014
0.015
0.016
0.018
0.02
0.026
0.029
0.027
0.022
0.018
0.014
0.011
0.008
0.007
0.007
0.006
0.004
0.001
0.009
0.018
0.024
0.028
0.03
0.031
0.032
0.035
0.037
0.038
0.038
0.036
0.033
0.032
0.031
0.03
0.029
0.028
0.026
0.025
0.023
0.022
0.021
0.019
0.017
0.015
0.013
0.01
0.005
0.001
-0.001
-0.003
-0.007
-0.012
-0.018
-0.022
-0.025
-0.028
-0.029
-0.029
-0.027
-0.023
-0.018
-0.011
0.0
0.006
0.01
0.013
0.015
0.017
0.018
0.018
0.019
0.02
0.02
0.02
0.02
0.02
0.02
0.021
0.022
0.022
0.021
0.02
0.019
0.018
0.017
0.016
0.015
0.013
0.012
0.011
0.012
0.015
0.018
0.02
0.022
0.024
0.026
0.028
0.03
0.031
0.033
0.033
0.034
0.036
0.038
0.041
0.041
0.04
0.036
0.032
0.026
0.019
0.016
0.012
0.009
0.012
0.017
0.021
0.021
0.014
0.008
0.002
-0.003
-0.009
-0.012
-0.015
-0.017
-0.02
-0.021
-0.022
-0.019
-0.016
-0.011
-0.006
-0.001
0.005
0.012
0.018
0.022
0.029
0.038
0.04
0.044
0.047
0.038
0.028
0.022
0.016
0.013
0.01
0.007
0.003
0.004
0.011
0.032
0.061
0.094
0.134
0.187
0.26
0.348
0.435
0.477
0.471
0.393
0.232
0.036
-0.146
-0.27
-0.298
-0.243
-0.144
-0.039
0.041
0.064
0.064
0.04
0.023
0.02
0.017
0.016
0.014
0.012
0.01
0.008
0.006
0.004
0.002
0.0
-0.004
-0.007
-0.009
-0.011
-0.013
-0.015
-0.018
-0.02
-0.022
-0.021
-0.02
-0.017
-0.014
-0.01
-0.004
-0.014
-0.021
-0.026
-0.029
-0.032
-0.032
-0.031
-0.029
-0.026
-0.022
-0.016
-0.008
-0.001
0.004
0.004
-0.004
-0.008
-0.011
-0.013
-0.016
-0.018
-0.02
-0.022
-0.024
-0.026
-0.028
-0.03
-0.032
-0.036
-0.044
-0.057
-0.063
-0.068
-0.071
-0.072
-0.071
-0.068
-0.062
-0.054
-0.038
-0.026
-0.02
-0.016
-0.011
-0.006
-0.002
0.001
0.004
0.008
0.012
0.014
0.016
0.016
0.014
0.013
0.011
0.01
0.009
