-0.018
-0.037
-0.039
-0.041
-0.042
-0.044
-0.044
-0.043
-0.04
-0.035
-0.03
-0.024
-0.018
-0.011
-0.004
0.002
0.007
0.01
0.014
0.017
0.02
0.022
0.025
0.028
0.031
0.035
0.04
0.046
0.052
0.057
0.061
0.064
0.068
0.071
0.075
0.079
0.082
0.085
0.088
0.09
0.092
0.093
0.095
0.097
0.099
0.103
0.109
0.124
0.142
0.166
0.198
0.219
0.231
0.239
0.243
0.246
0.247
0.249
0.251
0.254
0.256
0.257
0.254
0.246
0.234
0.214
0.184
0.158
0.128
0.097
0.068
0.05
0.038
0.027
0.016
-0.001
-0.027
-0.044
-0.052
-0.058
-0.066
-0.076
-0.084
-0.09
-0.094
-0.097
-0.1
-0.104
-0.107
-0.11
-0.114
-0.117
-0.12
-0.123
-0.125
-0.127
-0.131
-0.135
-0.142
-0.149
-0.152
-0.149
-0.142
-0.133
-0.123
-0.108
-0.085
-0.072
-0.064
-0.056
-0.05
-0.045
-0.04
-0.037
-0.034
-0.032
-0.03
-0.028
-0.026
-0.023
-0.02
-0.018
-0.019
-0.025
-0.035
-0.043
-0.048
-0.052
-0.057
-0.061
-0.065
-0.07
-0.074
-0.078
-0.08
-0.081
-0.083
-0.084
-0.084
-0.085
-0.085
-0.085
-0.086
-0.087
-0.088
-0.09
-0.091
-0.091
-0.09
-0.086
-0.08
-0.073
-0.066
-0.057
-0.046
-0.035
-0.027
-0.02
-0.014
-0.01
-0.006
-0.002
0.001
0.003
0.004
0.005
0.005
0.005
0.004
0.001
-0.001
-0.005
-0.01
-0.016
-0.022
-0.031
-0.051
-0.054
-0.045
-0.021
0.037
0.124
0.233
0.354
0.461
0.511
0.528
0.502
0.422
0.31
0.2
0.099
0.008
-0.065
-0.126
-0.151
-0.169
-0.166
-0.134
-0.1
-0.058
-0.028
-0.016
-0.008
-0.002
0.0
-0.001
-0.002
-0.003
-0.004
-0.005
-0.006
-0.006
-0.007
-0.008
-0.01
-0.011
-0.011
-0.01
-0.009
-0.008
-0.006
-0.003
0.0
0.004
0.009
0.015
0.028
0.04
0.049
0.054
0.059
0.064
0.071
0.079
0.088
0.101
0.118
0.13
0.138
0.143
0.146
0.15
0.155
0.161
0.166
0.173
0.181
0.193
0.212
0.228
0.244
0.259
0.265
0.27
0.275
0.273
0.255
0.235
0.212
0.193
0.168
0.139
0.112
0.084
0.057
0.032
0.01
-0.011
-0.021
-0.027
-0.032
-0.035
-0.037
-0.036
-0.034
-0.031
-0.028
-0.026
-0.023
-0.021
-0.021
-0.025
-0.032
-0.037
-0.043
-0.048
-0.052
-0.056
-0.059
-0.062
-0.065
-0.068
-0.07
-0.071
-0.069
-0.065
-0.061
-0.056
-0.051
-0.045
