0.151
0.059
0.009
-0.011
-0.02
-0.032
-0.036
-0.038
-0.042
-0.045
-0.045
-0.045
-0.042
-0.041
-0.039
-0.039
-0.039
-0.04
-0.04
-0.04
-0.04
-0.04
-0.039
-0.039
-0.039
-0.039
-0.038
-0.038
-0.039
-0.039
-0.038
-0.038
-0.037
-0.037
-0.036
-0.035
-0.034
-0.033
-0.033
-0.032
-0.032
-0.032
-0.032
-0.031
-0.031
-0.031
-0.029
-0.028
-0.026
-0.024
-0.021
-0.018
-0.013
-0.004
0.002
0.009
0.016
0.023
0.03
0.036
0.042
0.046
0.051
0.055
0.059
0.064
0.071
0.077
0.083
0.087
0.09
0.093
0.096
0.098
0.098
0.097
0.094
0.091
0.087
0.083
0.077
0.067
0.059
0.051
0.045
0.037
0.029
0.02
0.01
0.002
-0.002
-0.005
-0.008
-0.012
-0.015
-0.017
-0.019
-0.02
-0.022
-0.023
-0.026
-0.029
-0.031
-0.032
-0.033
-0.034
-0.035
-0.036
-0.037
-0.037
-0.037
-0.037
-0.037
-0.037
-0.037
-0.037
-0.035
-0.033
-0.016
0.012
0.056
0.117
0.197
0.293
0.402
0.511
0.607
0.666
0.67
0.637
0.539
0.405
0.26
0.13
0.03
-0.032
-0.065
-0.082
-0.097
-0.107
-0.112
-0.116
-0.119
-0.12
-0.118
-0.116
-0.114
-0.114
-0.113
-0.112
-0.112
-0.111
-0.11
-0.108
-0.107
-0.106
-0.106
-0.105
-0.105
-0.104
-0.104
-0.103
-0.102
-0.1
-0.097
-0.093
-0.091
-0.088
-0.084
-0.08
-0.077
-0.074
-0.072
-0.071
-0.069
-0.067
-0.064
-0.062
-0.059
-0.057
-0.055
-0.052
-0.049
-0.047
-0.043
-0.04
-0.037
-0.034
-0.03
-0.026
-0.022
-0.016
-0.01
-0.005
0.0
0.006
0.011
0.017
0.02
0.023
0.026
0.027
0.028
0.029
0.028
0.025
0.021
0.017
0.012
0.007
0.0
-0.006
-0.012
-0.017
-0.021
-0.027
-0.033
-0.039
-0.044
-0.049
-0.052
-0.055
-0.057
-0.06
-0.061
-0.062
-0.063
-0.063
-0.064
-0.064
-0.064
-0.064
-0.064
-0.064
-0.063
-0.063
-0.062
-0.06
-0.058
-0.056
-0.054
-0.053
-0.051
-0.05
-0.049
-0.048
-0.048
-0.048
-0.048
-0.047
-0.047
-0.047
-0.048
-0.048
-0.048
-0.047
-0.047
-0.046
-0.046
-0.047
-0.046
-0.046
-0.044
-0.042
-0.039
-0.036
-0.032
-0.028
-0.023
-0.02
-0.018
-0.016
-0.014
-0.013
-0.01
-0.008
-0.007
-0.005
-0.005
-0.004
-0.004
-0.003
-0.003
-0.003
-0.004
-0.004
-0.004
-0.004
-0.003
-0.004
-0.004
-0.005
-0.006
-0.008
-0.008
-0.01
-0.01
-0.011
-0.012
-0.012
-0.012
-0.011
-0.011
-0.01
-0.01
-0.012
-0.014
-0.008
0.013
0.052
0.112
0.196
0.305
0.436
0.578
0.715
0.826
0.871
0.862
0.78
0.628
0.443
0.26
0.112
0.013
-0.04
-0.063
-0.076
-0.09
-0.103
-0.111
-0.117
-0.122
-0.121
-0.116
-0.109
-0.102
-0.097
-0.091
-0.085
-0.079
-0.072
-0.066
-0.059
-0.053
-0.048
-0.043
-0.038
-0.032
-0.029
-0.026
-0.024
-0.022
-0.02
-0.018
-0.015
-0.013
-0.012
-0.011
-0.01
-0.009
-0.008
-0.008
-0.008
-0.008
-0.008
-0.008
-0.008
-0.006
-0.005
-0.004
-0.002
0.0
0.001
0.004
0.006
0.009
0.013
0.017
0.021
0.025
0.028
0.033
0.037
0.042
0.047
0.052
0.056
0.062
0.067
0.071
0.076
0.079
0.082
0.084
0.085
0.087
0.087
0.087
0.086
0.084
0.082
0.079
0.076
0.074
0.072
0.07
0.068
0.067
0.067
0.066
0.066
0.066
0.065
0.063
0.062
0.06
0.058
0.056
0.054
0.052
0.051
0.05
0.049
0.047
0.045
0.042
0.039
0.037
0.036
0.034
0.031
0.025
0.018
0.02
0.032
0.061
0.105
0.165
0.239
0.324
0.415
0.501
0.57
0.6
0.595
0.547
0.457
0.348
0.234
0.133
0.058
0.008
-0.018
-0.031
-0.041
-0.051
-0.057
-0.061
-0.064
-0.066
-0.066
-0.065
-0.064
-0.063
-0.061
-0.059
-0.057
-0.055
-0.054
-0.051
-0.049
-0.046
-0.042
-0.039
-0.036
-0.033
-0.029
-0.025
-0.02
-0.016
-0.01
-0.004
0.001
0.006
0.012
0.017
0.022
0.026
0.029
0.032
0.034
0.037
0.04
0.043
0.046
0.049
0.051
0.052
0.054
0.056
0.058
0.059
0.06
0.061
0.061
0.063
0.066
0.069
0.072
0.075
0.077
0.079
0.081
0.084
0.086
0.088
0.089
0.09
0.092
0.091
0.089
0.086
0.083
0.078
0.072
0.063
0.053
0.045
0.038
0.034
0.032
0.03
0.029
0.028
0.027
0.027
0.028
0.029
0.03
0.031
0.032
0.034
0.036
0.038
0.04
0.042
0.043
0.044
0.045
0.046
0.047
0.049
0.051
0.054
0.058
0.063
0.067
0.07
0.074
0.076
0.078
0.08
0.081
0.081
0.081
0.08
0.079
0.078
0.077
0.077
0.091
0.124
0.171
0.237
0.321
0.421
0.531
0.638
0.731
0.782
0.782
0.738
0.628
0.479
0.321
0.182
0.083
0.025
0.002
-0.01
-0.02
-0.034
-0.045
-0.053
-0.058
-0.062
-0.063
-0.062
-0.058
-0.054
-0.05
-0.046
-0.042
-0.037
-0.034
-0.031
-0.028
-0.025
-0.022
-0.019
-0.017
-0.014
-0.012
-0.009
-0.004
0.001
0.007
0.013
0.018
0.022
0.026
0.031
0.036
0.04
0.044
0.047
0.052
0.057
0.062
0.066
0.07
0.073
0.076
0.079
0.08
0.082
0.083
0.084
0.084
0.085
0.085
0.086
0.086
0.087
0.088
0.09
0.093
0.097
0.101
0.105
0.108
0.112
0.116
0.12
0.123
0.125
0.126
0.125
0.123
0.12
0.117
0.113
0.108
0.105
0.101
0.096
0.093
0.09
0.087
0.085
0.082
0.08
0.079
0.078
0.077
0.076
0.075
0.073
0.071
0.07
0.069
0.068
0.065
0.062
0.056
0.05
0.044
0.038
0.033
0.027
0.022
0.015
0.006
0.0
-0.007
-0.014
-0.021
-0.027
-0.034
-0.042
-0.048
-0.053
-0.058
-0.064
-0.071
-0.079
-0.087
-0.094
-0.102
-0.109
-0.116
-0.124
-0.132
-0.14
-0.146
-0.152
-0.158
-0.164
-0.168
-0.173
-0.177
-0.182
-0.186
-0.19
-0.193
-0.198
-0.203
-0.208
-0.21
-0.213
-0.215
-0.216
-0.218
-0.219
-0.22
-0.22
-0.22
-0.219
-0.219
-0.22
-0.22
-0.22
-0.221
-0.222
-0.222
-0.223
-0.224
-0.225
-0.225
-0.225
-0.226
-0.226
-0.227
-0.227
-0.227
-0.227
-0.227
-0.226
-0.226
-0.226
-0.226
-0.224
-0.223
-0.221
-0.219
-0.217
-0.215
-0.214
-0.213
-0.212
-0.207
-0.203
-0.199
-0.18
-0.15
-0.106
-0.045
0.033
0.13
0.238
0.351
0.453
0.523
0.548
0.513
0.421
0.284
0.131
-0.015
-0.127
-0.201
-0.24
-0.258
-0.271
-0.283
-0.291
-0.299
-0.299
-0.293
-0.285
-0.277
-0.268
-0.261
-0.256
-0.251
-0.247
-0.243
-0.238
-0.234
-0.23
-0.227
-0.223
-0.219
-0.215
-0.211
-0.207
-0.202
-0.196
-0.19
-0.183
-0.177
-0.171
-0.163
-0.155
-0.147
-0.14
-0.135
-0.129
-0.123
-0.118
-0.112
-0.106
-0.1
-0.092
-0.083
-0.075
-0.067
-0.06
-0.053
-0.046
-0.039
-0.032
-0.025
-0.02
-0.015
-0.01
-0.003
0.005
0.013
0.02
0.026
0.031
0.037
0.044
0.053
0.062
0.068
0.073
0.078
0.082
0.086
0.088
0.09
0.092
0.093
0.095
0.095
0.096
0.096
0.096
0.096
0.095
0.094
0.092
0.09
0.087
0.085
0.083
0.081
0.08
0.078
0.077
0.076
0.075
0.074
0.075
0.076
0.077
0.077
0.077
0.077
0.078
0.089
0.11
0.145
0.194
0.255
0.328
0.407
0.489
