0.015
0.017
0.019
0.021
0.023
0.026
0.029
0.031
0.034
0.037
0.04
0.042
0.044
0.048
0.054
0.06
0.061
0.061
0.062
0.062
0.062
0.063
0.064
0.063
0.059
0.055
0.052
0.049
0.047
0.044
0.042
0.041
0.041
0.041
0.043
0.046
0.048
0.05
0.052
0.055
0.058
0.059
0.059
0.058
0.054
0.05
0.046
0.042
0.038
0.032
0.028
0.023
0.02
0.017
0.015
0.012
0.01
0.009
0.01
0.012
0.015
0.018
0.02
0.023
0.025
0.028
0.028
0.025
0.021
0.016
0.011
0.004
0.0
-0.003
-0.002
0.002
0.01
0.037
0.083
0.149
0.239
0.359
0.505
0.67
0.84
0.997
1.114
1.167
1.127
0.978
0.734
0.439
0.151
-0.076
-0.22
-0.28
-0.286
-0.258
-0.206
-0.156
-0.115
-0.071
-0.044
-0.037
-0.033
-0.03
-0.027
-0.025
-0.023
-0.021
-0.02
-0.019
-0.018
-0.018
-0.018
-0.019
-0.018
-0.017
-0.014
-0.011
-0.011
-0.014
-0.018
-0.02
-0.021
-0.023
-0.025
-0.027
-0.028
-0.029
-0.03
-0.031
-0.031
-0.03
-0.029
-0.028
-0.026
-0.025
-0.024
-0.023
-0.022
-0.021
-0.019
-0.018
-0.018
-0.017
-0.015
-0.014
-0.013
-0.012
-0.013
-0.014
-0.015
-0.016
-0.017
-0.019
-0.02
-0.022
-0.023
-0.024
-0.023
-0.019
-0.015
-0.011
-0.007
-0.002
0.002
0.002
-0.002
-0.01
-0.016
-0.024
-0.032
-0.038
-0.044
-0.05
-0.057
-0.061
-0.055
-0.044
-0.036
-0.029
-0.022
-0.017
-0.014
-0.012
-0.009
-0.006
-0.001
0.001
-0.003
-0.012
-0.019
-0.024
-0.029
-0.032
-0.037
-0.041
-0.046
-0.051
-0.055
-0.058
-0.062
-0.066
-0.07
-0.073
-0.074
-0.074
-0.073
-0.072
-0.07
-0.068
-0.066
-0.063
-0.061
-0.058
-0.056
-0.054
-0.052
-0.051
-0.049
-0.048
-0.047
-0.047
-0.047
-0.047
-0.046
-0.045
-0.044
-0.044
-0.046
-0.05
-0.053
-0.056
-0.058
-0.06
-0.061
-0.063
-0.064
-0.065
-0.065
-0.065
-0.066
-0.066
-0.066
-0.066
-0.066
-0.066
-0.066
-0.066
-0.067
-0.068
-0.068
-0.069
-0.069
-0.07
-0.07
-0.071
-0.072
-0.074
-0.075
-0.077
-0.079
-0.081
-0.088
-0.094
-0.094
-0.089
-0.081
-0.071
-0.058
-0.043
-0.032
-0.024
-0.016
-0.01
-0.005
-0.001
0.001
0.004
0.006
0.007
0.008
0.007
0.005
0.001
-0.002
-0.007
-0.013
-0.026
-0.026
-0.013
-0.002
0.007
0.014
0.018
0.02
0.021
0.022
0.022
0.023
