-0.039
-0.042
-0.044
-0.047
-0.048
-0.049
-0.048
-0.047
-0.046
-0.045
-0.043
-0.041
-0.04
-0.041
-0.041
-0.042
-0.043
-0.044
-0.045
-0.045
-0.041
-0.036
-0.031
-0.024
-0.019
-0.015
-0.012
-0.01
-0.008
-0.006
-0.005
-0.004
-0.002
-0.001
0.0
0.001
0.003
0.014
0.036
0.072
0.119
0.17
0.218
0.245
0.254
0.24
0.197
0.116
0.004
-0.124
-0.247
-0.34
-0.384
-0.399
-0.394
-0.381
-0.345
-0.295
-0.227
-0.142
-0.062
-0.001
0.042
0.069
0.081
0.087
0.091
0.091
0.086
0.08
0.075
0.076
0.083
0.09
0.097
0.1
0.097
0.092
0.087
0.082
0.078
0.077
0.079
0.083
0.09
0.101
0.115
0.121
0.123
0.125
0.127
0.13
0.132
0.136
0.139
0.145
0.154
0.162
0.18
0.204
0.216
0.224
0.229
0.235
0.242
0.253
0.266
0.273
0.277
0.28
0.283
0.285
0.287
0.29
0.292
0.289
0.284
0.275
0.262
0.248
0.235
0.216
0.193
0.18
0.167
0.155
0.134
0.111
0.098
0.087
0.078
0.068
0.064
0.061
0.059
0.057
0.056
0.055
0.054
0.054
0.054
0.054
0.055
0.055
0.055
0.055
0.055
0.056
0.056
0.057
0.057
0.057
0.058
0.059
0.06
0.061
0.06
0.059
0.058
0.056
0.055
0.054
0.053
0.051
0.048
0.044
0.04
0.037
0.035
0.033
0.032
0.03
0.029
0.028
0.027
0.026
0.025
0.024
0.022
0.021
0.02
0.019
0.018
0.017
0.017
0.016
0.016
0.015
0.015
0.014
0.014
0.013
0.012
0.012
0.011
0.011
0.01
0.01
0.009
0.007
0.006
0.005
0.005
0.005
0.004
0.004
0.003
0.002
0.001
0.0
0.0
-0.003
-0.007
-0.016
-0.026
-0.032
-0.036
-0.039
-0.041
-0.043
-0.045
-0.046
-0.046
-0.047
-0.047
-0.048
-0.049
-0.05
-0.05
-0.048
-0.045
-0.041
-0.038
-0.035
-0.033
-0.03
-0.027
-0.024
-0.023
-0.023
-0.024
-0.025
-0.027
-0.029
-0.032
-0.035
-0.039
-0.048
-0.056
-0.06
-0.063
-0.065
-0.066
-0.068
-0.069
-0.07
-0.071
-0.071
-0.07
-0.069
-0.069
-0.068
-0.067
-0.067
-0.066
-0.066
-0.065
-0.064
-0.063
-0.062
-0.061
-0.059
-0.058
-0.056
-0.054
-0.051
-0.049
-0.048
-0.046
-0.044
-0.041
-0.039
-0.039
-0.039
-0.041
-0.044
-0.047
-0.05
-0.054
-0.059
-0.065
-0.07
-0.074
-0.076
-0.079
-0.081
-0.083
-0.085
-0.086
-0.086
-0.085
