0.132
0.13
0.127
0.122
0.116
0.105
0.084
0.068
0.056
0.048
0.038
0.023
0.013
0.008
0.003
0.0
0.0
0.0
0.003
0.007
0.012
0.019
0.031
0.039
0.046
0.052
0.06
0.07
0.096
0.148
0.239
0.381
0.576
0.82
1.097
1.37
1.592
1.687
1.683
1.562
1.323
1.031
0.737
0.481
0.288
0.161
0.087
0.045
0.016
-0.012
-0.031
-0.044
-0.051
-0.056
-0.061
-0.064
-0.068
-0.073
-0.082
-0.091
-0.098
-0.104
-0.107
-0.104
-0.098
-0.089
-0.078
-0.072
-0.069
-0.066
-0.066
-0.069
-0.074
-0.082
-0.094
-0.101
-0.106
-0.109
-0.109
-0.106
-0.102
-0.1
-0.098
-0.096
-0.095
-0.093
-0.091
-0.089
-0.087
-0.085
-0.084
-0.083
-0.081
-0.079
-0.074
-0.066
-0.056
-0.052
-0.049
-0.047
-0.045
-0.043
-0.041
-0.039
-0.037
-0.036
-0.035
-0.033
-0.032
-0.029
-0.023
-0.01
0.003
0.016
0.03
0.046
0.063
0.079
0.09
0.099
0.114
0.123
0.129
0.134
0.138
0.141
0.144
0.146
0.148
0.151
0.155
0.159
0.163
0.17
0.178
0.194
0.218
0.235
0.246
0.25
0.251
0.252
0.253
0.251
0.239
0.22
0.199
0.187
0.181
0.174
0.167
0.159
0.15
0.141
0.133
0.126
0.117
0.107
0.098
0.094
0.092
0.09
0.089
0.087
0.086
0.084
0.081
0.079
0.077
0.074
0.071
0.068
0.064
0.057
0.051
0.047
0.044
0.042
0.04
0.038
0.036
0.034
0.033
0.031
0.031
0.031
0.03
0.031
0.031
0.033
0.035
0.037
0.039
0.042
0.046
0.049
0.053
0.059
0.066
0.073
0.079
0.082
0.085
0.088
0.091
0.094
0.096
0.097
0.097
0.097
0.097
0.096
0.094
0.092
0.088
0.084
0.079
0.067
0.047
0.03
0.012
-0.006
-0.027
-0.046
-0.061
-0.074
-0.084
-0.091
-0.097
-0.102
-0.106
-0.11
-0.112
-0.115
-0.117
-0.119
-0.121
-0.122
-0.122
-0.121
-0.12
-0.118
-0.114
-0.109
-0.09
-0.051
0.013
0.11
0.245
0.422
0.638
0.885
1.141
1.37
1.504
1.51
1.408
1.153
0.84
0.528
0.26
0.064
-0.057
-0.124
-0.166
-0.204
-0.241
-0.276
-0.298
-0.311
-0.318
-0.324
-0.327
-0.329
-0.33
-0.329
-0.327
-0.324
-0.322
-0.319
-0.317
-0.315
-0.313
-0.309
-0.305
-0.3
-0.294
-0.289
-0.283
-0.278
-0.272
-0.267
-0.263
-0.259
-0.257
-0.254
-0.251
-0.247
-0.244
-0.24
-0.237
