0.041
0.041
0.041
0.041
0.042
0.043
0.044
0.046
0.047
0.048
0.051
0.054
0.057
0.082
0.157
0.27
0.41
0.561
0.693
0.774
0.799
0.767
0.703
0.628
0.556
0.483
0.411
0.326
0.235
0.155
0.086
0.029
-0.008
-0.033
-0.048
-0.059
-0.067
-0.075
-0.079
-0.082
-0.085
-0.087
-0.088
-0.088
-0.086
-0.083
-0.081
-0.078
-0.077
-0.075
-0.074
-0.072
-0.071
-0.069
-0.068
-0.067
-0.065
-0.064
-0.063
-0.063
-0.063
-0.063
-0.063
-0.063
-0.062
-0.061
-0.06
-0.06
-0.058
-0.056
-0.054
-0.052
-0.049
-0.038
-0.007
0.033
0.088
0.15
0.201
0.229
0.239
0.239
0.229
0.203
0.147
0.085
0.033
-0.011
-0.05
-0.065
-0.07
-0.063
-0.052
-0.04
-0.03
-0.023
-0.015
-0.01
-0.006
-0.003
-0.001
-0.001
-0.002
-0.005
-0.008
-0.012
-0.004
0.019
0.067
0.141
0.239
0.339
0.395
0.396
0.35
0.246
0.134
0.03
-0.046
-0.078
-0.088
-0.094
-0.097
-0.1
-0.106
-0.105
-0.095
-0.09
-0.088
-0.086
-0.084
-0.083
-0.081
-0.08
-0.079
-0.077
-0.075
-0.074
-0.074
-0.073
-0.072
-0.071
-0.071
-0.07
-0.069
-0.068
-0.066
-0.063
-0.061
-0.058
-0.056
-0.054
-0.052
-0.05
-0.047
-0.046
-0.044
-0.043
-0.042
-0.042
-0.041
-0.041
-0.04
-0.04
-0.04
-0.04
-0.039
-0.038
-0.038
-0.037
-0.036
-0.036
-0.035
-0.034
-0.033
-0.032
-0.031
-0.029
-0.027
-0.024
-0.016
-0.013
-0.012
-0.011
-0.01
-0.009
-0.008
-0.008
-0.007
-0.006
-0.005
-0.003
-0.001
0.0
0.002
0.005
0.008
0.013
0.019
0.024
0.027
0.029
0.03
0.031
0.032
0.033
0.033
0.034
0.034
0.034
0.034
0.035
0.036
0.037
0.038
0.039
0.04
0.041
0.042
0.042
0.043
0.044
0.044
0.045
0.046
0.046
0.047
0.048
0.049
0.05
0.05
0.05
0.051
0.052
0.053
0.054
0.054
0.054
0.055
0.055
0.056
0.058
0.061
0.064
0.08
0.127
0.199
0.3
0.424
0.551
0.663
0.738
0.761
0.757
0.715
0.643
0.568
0.505
0.453
0.397
0.33
0.255
0.184
0.121
0.07
0.03
0.003
-0.006
-0.011
-0.013
-0.015
-0.017
-0.018
-0.019
-0.018
-0.016
-0.013
-0.01
-0.008
-0.006
-0.004
-0.003
-0.001
0.0
0.002
0.004
0.006
0.008
0.009
0.011
0.012
0.014
0.015
0.017
0.019
0.021
0.023
0.024
0.026
0.026
0.026
0.026
0.025
0.024
0.023
0.022
0.02
0.019
0.017
0.016
0.013
0.01
0.008
0.01
0.014
0.018
0.023
0.029
0.034
0.036
0.038
0.04
0.042
0.043
0.045
0.048
0.05
0.054
0.058
0.067
0.081
0.091
0.099
0.105
0.11
0.115
0.117
0.114
0.108
0.101
0.094
0.087
0.08
0.075
0.071
0.067
0.064
0.061
0.058
0.055
0.052
0.049
0.047
0.045
0.042
0.04
0.038
0.036
0.034
0.032
0.03
0.028
0.026
0.024
0.023
0.022
0.021
0.022
0.022
0.023
0.025
0.027
0.028
0.03
0.031
0.033
0.035
0.037
0.039
0.041
0.042
0.043
0.045
0.047
0.049
0.052
0.057
0.066
0.069
0.071
0.073
0.074
0.075
0.075
0.075
0.073
0.07
0.066
0.062
0.059
0.056
0.053
0.049
0.046
0.043
0.041
0.039
0.037
0.035
0.032
0.029
0.023
0.019
0.016
0.014
0.013
0.012
0.01
0.009
0.008
0.006
0.005
0.004
0.002
0.001
0.001
0.0
0.0
0.0
0.0
0.0
-0.001
-0.002
-0.004
-0.006
-0.008
-0.011
-0.013
-0.014
-0.016
-0.017
-0.019
-0.02
-0.021
-0.023
-0.025
-0.028
-0.03
-0.033
-0.035
-0.037
-0.039
-0.04
-0.041
-0.042
-0.043
-0.043
-0.043
-0.043
-0.043
-0.044
-0.045
-0.046
-0.047
-0.048
-0.049
-0.05
-0.051
-0.051
-0.051
-0.051
-0.051
-0.05
-0.05
-0.05
-0.05
-0.051
-0.051
-0.052
-0.056
-0.055
-0.049
-0.047
-0.046
-0.045
-0.044
-0.043
-0.042
-0.042
-0.041
-0.041
-0.041
-0.041
-0.041
-0.041
-0.042
-0.042
-0.042
-0.042
-0.042
-0.042
-0.043
-0.043
-0.044
-0.043
-0.043
-0.042
-0.042
-0.042
-0.041
-0.041
-0.039
-0.038
-0.036
-0.034
-0.021
0.024
0.102
0.214
0.348
0.487
0.595
0.646
0.651
0.623
0.555
0.484
0.425
0.377
0.32
0.249
0.167
0.091
0.026
-0.021
-0.053
-0.067
-0.073
-0.078
-0.081
-0.083
-0.085
-0.086
-0.087
-0.088
-0.089
-0.089
-0.09
-0.09
-0.091
-0.091
-0.092
-0.092
-0.091
-0.091
-0.09
-0.09
-0.09
-0.09
-0.091
-0.091
-0.092
-0.093
-0.091
-0.086
-0.082
-0.079
-0.075
-0.072
-0.07
-0.068
-0.066
-0.063
-0.061
-0.059
-0.058
-0.055
-0.053
-0.051
-0.049
-0.047
-0.045
-0.044
-0.043
-0.042
-0.04
-0.038
-0.037
-0.035
-0.034
-0.033
-0.031
-0.028
-0.024
-0.015
-0.006
0.0
0.006
0.013
0.02
0.028
