0.002
0.002
0.003
0.004
0.005
0.006
0.008
0.011
0.027
0.055
0.102
0.175
0.279
0.417
0.587
0.789
1.004
1.214
1.391
1.509
1.536
1.441
1.233
0.95
0.648
0.368
0.141
-0.013
-0.076
-0.097
-0.089
-0.083
-0.08
-0.077
-0.075
-0.075
-0.076
-0.078
-0.081
-0.085
-0.092
-0.106
-0.115
-0.12
-0.123
-0.125
-0.123
-0.119
-0.116
-0.113
-0.11
-0.107
-0.104
-0.102
-0.1
-0.098
-0.095
-0.092
-0.088
-0.083
-0.079
-0.075
-0.07
-0.065
-0.059
-0.052
-0.046
-0.04
-0.034
-0.027
-0.015
0.0
0.011
0.02
0.029
0.034
0.037
0.039
0.042
0.045
0.047
0.049
0.051
0.054
0.062
0.075
0.086
0.094
0.099
0.102
0.104
0.106
0.108
0.109
0.11
0.11
0.11
0.11
0.11
0.109
0.107
0.105
0.102
0.098
0.095
0.087
0.067
0.045
0.026
0.01
-0.006
-0.015
-0.019
-0.023
-0.027
-0.03
-0.032
-0.034
-0.035
-0.035
-0.035
-0.035
-0.034
-0.032
-0.03
-0.028
-0.025
-0.022
-0.019
-0.016
-0.01
0.003
0.01
0.014
0.018
0.021
0.022
0.021
0.019
0.015
0.012
0.006
0.003
0.007
0.015
0.02
0.026
0.031
0.033
0.034
0.035
0.036
0.038
0.04
0.041
0.041
0.038
0.034
0.03
0.025
0.018
0.014
0.016
0.025
0.05
0.098
0.173
0.276
0.412
0.578
0.765
0.961
1.147
1.308
1.398
1.401
1.329
1.143
0.891
0.598
0.311
0.086
-0.06
-0.135
-0.168
-0.179
-0.175
-0.161
-0.129
-0.117
-0.114
-0.113
-0.112
-0.111
-0.11
-0.108
-0.107
-0.105
-0.102
-0.099
-0.096
-0.092
-0.086
-0.081
-0.076
-0.073
-0.07
-0.068
-0.065
-0.063
-0.062
-0.062
-0.063
-0.064
-0.065
-0.066
-0.067
-0.069
-0.07
-0.071
-0.07
-0.066
-0.06
-0.05
-0.033
-0.025
-0.021
-0.018
-0.015
-0.013
-0.011
-0.01
-0.008
-0.007
-0.005
-0.003
-0.001
0.0
0.001
0.003
0.004
0.006
0.008
0.01
0.011
0.012
0.013
0.013
0.013
0.013
0.013
0.012
0.012
0.011
0.01
0.009
0.008
0.007
0.006
0.004
0.0
-0.004
-0.01
-0.017
-0.023
-0.028
-0.033
-0.038
-0.042
-0.046
-0.05
-0.054
-0.057
-0.056
-0.053
-0.048
-0.044
-0.039
-0.036
-0.034
-0.033
-0.033
-0.033
-0.033
-0.032
-0.032
-0.031
-0.031
-0.031
-0.031
-0.031
-0.03
-0.03
-0.029
-0.028
-0.027
-0.026
-0.023
-0.021
-0.021
-0.024
