0.016
0.016
0.017
0.017
0.018
0.019
0.02
0.02
0.02
0.019
0.018
0.017
0.015
0.013
0.011
0.009
0.007
0.005
0.003
0.003
0.003
0.003
0.003
0.003
0.003
0.002
0.002
0.002
0.001
0.001
0.001
0.0
0.001
0.001
0.002
0.003
0.005
0.006
0.008
0.009
0.009
0.009
0.008
0.008
0.008
0.008
0.009
0.008
0.008
0.007
0.007
0.007
0.007
0.007
0.007
0.008
0.009
0.009
0.01
0.011
0.013
0.015
0.017
0.02
0.03
0.06
0.121
0.204
0.311
0.432
0.556
0.669
0.761
0.811
0.828
0.814
0.77
0.688
0.578
0.452
0.322
0.203
0.102
0.029
-0.018
-0.051
-0.065
-0.069
-0.073
-0.077
-0.08
-0.083
-0.085
-0.087
-0.089
-0.091
-0.092
-0.093
-0.094
-0.093
-0.093
-0.092
-0.091
-0.091
-0.09
-0.088
-0.087
-0.086
-0.085
-0.084
-0.083
-0.083
-0.082
-0.081
-0.08
-0.079
-0.077
-0.076
-0.074
-0.073
-0.07
-0.068
-0.066
-0.064
-0.062
-0.058
-0.046
-0.033
-0.019
-0.009
-0.002
0.003
0.008
0.011
0.014
0.015
0.017
0.019
0.021
0.024
0.026
0.028
0.031
0.033
0.037
0.041
0.045
0.048
0.051
0.053
0.056
0.06
0.063
0.066
0.066
0.065
0.062
0.058
0.054
0.048
0.041
0.029
0.016
0.001
-0.015
-0.035
-0.052
-0.066
-0.078
-0.091
-0.105
-0.112
-0.118
-0.123
-0.128
-0.131
-0.133
-0.135
-0.135
-0.134
-0.132
-0.129
-0.125
-0.119
-0.113
-0.107
-0.101
-0.091
-0.08
-0.072
-0.066
-0.061
-0.057
-0.055
-0.052
-0.05
-0.048
-0.047
-0.045
-0.044
-0.042
-0.04
-0.039
-0.037
-0.036
-0.034
-0.032
-0.03
-0.03
-0.03
-0.031
-0.033
-0.035
-0.038
-0.041
-0.044
-0.047
-0.05
-0.052
-0.054
-0.056
-0.059
-0.062
-0.066
-0.069
-0.073
-0.078
-0.082
-0.086
-0.089
-0.091
-0.093
-0.095
-0.096
-0.096
-0.096
-0.095
-0.094
-0.093
-0.092
-0.091
-0.089
-0.086
-0.082
-0.078
-0.074
-0.069
-0.064
-0.058
-0.05
-0.032
-0.024
-0.02
-0.019
-0.017
-0.016
-0.015
-0.014
-0.013
-0.013
-0.013
-0.012
-0.013
-0.013
-0.014
-0.015
-0.016
-0.018
-0.021
-0.024
-0.027
-0.029
-0.032
-0.034
-0.036
-0.039
-0.041
-0.043
-0.046
-0.049
-0.053
-0.056
-0.058
-0.06
-0.06
-0.059
-0.057
-0.055
-0.051
-0.046
-0.039
-0.025
0.002
0.049
0.118
0.21
0.324
0.45
0.582
0.707
0.813
